140 140 0 0 14 14 16.0 16.0 0.1491429386864988 
138 139 0 0 17 17 16.0 14.142135623730951 0.21499915808319997 
134 138 0 0 16 19 12.0 16.0 0.1937772343391737 
133 137 0 0 15 15 12.0 16.0 0.193888916412169 
131 135 0 0 16 17 13.038404810405298 16.0 0.20503151320311222 
129 133 0 0 16 19 13.038404810405298 16.0 0.19715136939100575 
127 132 0 0 16 17 13.038404810405298 16.0 0.20176192562972162 
125 130 0 0 14 17 14.142135623730951 16.0 0.22067500395711304 
123 129 0 0 15 20 14.142135623730951 16.0 0.2318176007480563 
121 127 0 0 15 22 14.142135623730951 16.0 0.24991719676449708 
120 126 0 0 14 24 14.142135623730951 16.0 0.24120202456692286 
119 125 0 0 14 22 13.038404810405298 16.0 0.22824058000080774 
117 123 0 0 15 22 13.038404810405298 15.033296378372908 0.22135919476521135 
116 121 0 0 14 22 14.0 15.033296378372908 0.2187401286802447 
114 120 0 0 15 21 13.038404810405298 15.033296378372908 0.22373255144319645 
113 119 0 0 14 21 13.038404810405298 15.033296378372908 0.21045657226938505 
111 118 0 0 16 20 13.038404810405298 15.033296378372908 0.2214237060265616 
110 117 0 0 14 20 13.038404810405298 15.033296378372908 0.23354859104877776 
109 116 0 0 14 22 13.038404810405298 15.033296378372908 0.21250213033851825 
107 114 0 0 15 20 13.038404810405298 15.033296378372908 0.2177291597799008 
105 113 0 0 15 20 13.038404810405298 15.033296378372908 0.23582875579634163 
104 112 0 0 14 22 13.038404810405298 15.033296378372908 0.25463217184807474 
100 111 0 0 16 24 13.038404810405298 15.033296378372908 0.23874693982108916 
99 109 0 0 14 21 13.038404810405298 15.033296378372908 0.2557545853305988 
95 107 0 0 14 22 13.038404810405298 15.033296378372908 0.36709783933258666 
94 106 1 0 15 21 13.038404810405298 15.033296378372908 0.5037322952549435 
92 105 2 0 15 22 13.038404810405298 15.033296378372908 0.5029846137021015 
90 104 2 0 16 22 13.038404810405298 15.033296378372908 0.5468446249957727 
86 103 2 0 16 26 13.038404810405298 15.033296378372908 0.6494437342437089 
82 102 3 0 15 19 13.038404810405298 15.033296378372908 0.6481171770583469 
80 101 3 0 15 18 13.038404810405298 15.033296378372908 0.6749981631242225 
78 100 3 0 13 18 11.045361017187261 15.033296378372908 0.6799905858871743 
77 99 3 0 12 18 11.045361017187261 15.033296378372908 0.7382251839750327 
75 98 3 0 13 27 11.045361017187261 15.033296378372908 0.7423329706497829 
74 97 3 0 13 27 10.0 15.033296378372908 0.7532409607622953 
73 95 3 0 12 29 10.0 15.033296378372908 0.7445034731216884 
67 93 3 0 14 26 10.0 15.033296378372908 0.7076967247872156 
61 89 3 0 15 20 10.0 15.033296378372908 0.7783747530946707 
60 88 4 0 25 21 10.0 15.033296378372908 0.8732170551803892 
52 87 4 0 16 20 8.94427190999916 15.033296378372908 1.0015612975784423 
50 86 5 0 13 17 8.94427190999916 15.033296378372908 1.1188792625746546 
49 85 6 0 13 16 8.94427190999916 15.033296378372908 1.1543899166993583 
45 83 6 0 11 18 8.94427190999916 15.033296378372908 1.218619900177589 
44 82 6 0 8 26 10.0 15.033296378372908 1.211336000568619 
43 81 6 0 8 24 8.602325267042627 15.033296378372908 1.1949177994778535 
42 80 6 0 7 20 7.615773105863909 15.033296378372908 1.2261245687477835 
41 79 6 0 6 24 7.615773105863909 15.033296378372908 1.3303353604905068 
40 78 7 0 6 21 7.615773105863909 15.033296378372908 1.1895418469747223 
39 76 7 1 5 18 6.324555320336759 15.033296378372908 1.1885595587434494 
38 75 7 1 5 18 6.324555320336759 15.033296378372908 1.2001055681331456 
37 74 7 1 4 19 6.324555320336759 15.033296378372908 1.1925696932751284 
36 73 7 1 4 18 6.324555320336759 15.033296378372908 1.0682591724699604 
34 72 7 2 4 18 7.211102550927978 15.033296378372908 1.074206815312429 
33 70 7 2 4 19 5.656854249492381 15.033296378372908 1.054783989782785 
33 68 7 2 4 17 4.0 15.033296378372908 1.0538017015515124 
32 67 7 2 4 17 4.0 15.033296378372908 1.059372999946984 
31 66 7 2 4 18 4.0 15.033296378372908 1.0624697517698973 
30 65 7 2 4 18 3.1622776601683795 15.033296378372908 1.0477422710079516 
29 63 7 2 4 17 3.1622776601683795 15.033296378372908 1.046759982776679 
28 62 7 2 4 17 3.1622776601683795 15.033296378372908 1.1671799656164301 
27 60 8 2 3 18 3.1622776601683795 13.341664064126334 1.1605929016372776 
25 59 8 2 3 17 4.242640687119285 13.341664064126334 1.159943119571357 
24 58 8 2 3 16 2.8284271247461903 13.341664064126334 1.1642975230571253 
23 56 8 2 2 17 2.8284271247461903 13.341664064126334 1.162445740134947 
22 54 8 2 1 17 1.4142135623730951 12.083045973594572 1.2928708783846485 
21 53 9 2 1 18 1.4142135623730951 12.083045973594572 1 
