140 140 0 0 14 14 16.0 16.0 0.23822747215874276 
138 138 0 0 17 17 16.0 14.142135623730951 0.29081287992502214 
134 136 0 0 16 19 13.038404810405298 16.0 0.32170770783333846 
133 135 0 0 15 23 13.038404810405298 16.0 0.3271637336108794 
131 134 0 0 16 24 13.038404810405298 16.0 0.34167071185567577 
129 130 0 0 16 29 13.038404810405298 16.0 0.33956778361063167 
127 129 0 0 16 28 13.038404810405298 16.0 0.36910303789056653 
125 128 0 0 14 30 13.038404810405298 16.0 0.3487266487562881 
123 126 0 0 15 29 14.0 16.0 0.30654707145111704 
121 125 0 0 15 22 14.0 16.0 0.30404469180932747 
120 124 0 0 14 21 14.0 16.0 0.2952173232747752 
119 123 0 0 14 20 13.038404810405298 15.033296378372908 0.2815203756505179 
117 121 0 0 15 20 14.0 15.033296378372908 0.27233855449870725 
116 120 0 0 14 18 14.0 15.033296378372908 0.3024841891746597 
114 119 0 0 15 22 13.038404810405298 15.033296378372908 0.2933023680228491 
113 118 0 0 14 20 13.038404810405298 15.033296378372908 0.3041338098588584 
107 116 0 0 17 21 13.038404810405298 15.033296378372908 0.342026920954869 
103 115 0 0 18 25 13.038404810405298 15.033296378372908 0.3383817352996717 
102 113 0 0 17 25 13.038404810405298 15.033296378372908 0.3692765632079882 
101 112 0 0 16 29 13.038404810405298 15.033296378372908 0.497439626350116 
91 111 1 0 19 24 13.038404810405298 15.033296378372908 0.5105780086755719 
90 110 1 0 13 21 13.038404810405298 15.033296378372908 0.5141677027707201 
89 109 1 0 13 22 13.341664064126334 15.033296378372908 0.5526214847016213 
88 108 1 0 13 28 13.341664064126334 15.033296378372908 0.5113214199090139 
86 107 1 0 14 22 13.341664064126334 15.033296378372908 0.5076762342538166 
85 105 1 0 13 22 13.341664064126334 15.033296378372908 0.4983835277076355 
84 104 1 0 13 20 12.165525060596439 15.033296378372908 0.5568756341686003 
83 103 1 0 13 29 12.165525060596439 15.033296378372908 0.5664709859383138 
82 102 1 0 12 29 11.045361017187261 15.033296378372908 0.5777269407133122 
80 101 1 0 12 30 11.045361017187261 15.033296378372908 0.694612584736815 
78 100 2 0 13 29 11.045361017187261 15.033296378372908 0.7121485296250891 
77 99 2 0 12 31 11.045361017187261 15.033296378372908 0.689795360189284 
76 97 2 0 11 28 10.770329614269007 15.033296378372908 0.6959984519643908 
75 96 2 0 11 30 10.770329614269007 14.0 0.6786134075605796 
74 95 2 0 10 28 11.40175425099138 13.038404810405298 0.7879400975614976 
72 94 3 0 10 25 11.40175425099138 13.038404810405298 0.723300425803546 
71 92 3 0 8 15 11.40175425099138 13.038404810405298 0.7207980461617565 
70 91 3 0 7 14 11.40175425099138 13.038404810405298 0.7338130259618822 
68 90 3 0 9 17 11.40175425099138 13.038404810405298 0.7709072342644018 
66 89 3 0 8 21 11.40175425099138 13.038404810405298 0.6318488321308801 
64 88 3 1 10 20 11.40175425099138 13.038404810405298 0.6685660912087932 
63 87 3 1 9 24 10.198039027185569 13.038404810405298 0.6512245515338483 
62 86 3 1 10 22 9.486832980505138 13.038404810405298 0.663438450480197 
56 85 3 1 12 22 9.486832980505138 12.0 0.7529435835660253 
55 83 4 1 13 19 9.486832980505138 12.0 0.7786168845757887 
51 81 4 1 9 18 9.486832980505138 12.0 0.9084619602225885 
50 80 5 1 9 19 9.486832980505138 12.0 0.9195194843989184 
49 79 5 1 9 20 8.246211251235321 12.0 0.8949663293096648 
48 78 5 1 8 16 8.0 11.40175425099138 0.9155698834649628 
44 76 5 1 8 18 8.0 11.045361017187261 1.072132725151847 
43 75 6 1 8 23 8.0 11.045361017187261 1.063087061895938 
41 73 6 1 9 23 8.0 11.045361017187261 1.0534251796283094 
39 72 6 1 8 20 8.0 11.045361017187261 1.0504427388707016 
37 71 6 1 7 18 8.0 11.045361017187261 1.0546198007389334 
36 70 6 1 6 18 8.0 11.045361017187261 1.0606210828028388 
34 69 6 1 6 17 6.324555320336759 11.045361017187261 1.0649261941020007 
33 68 6 1 6 17 5.0990195135927845 11.045361017187261 1.0646209333987153 
31 66 6 1 5 18 7.0710678118654755 11.045361017187261 1.1707700977306834 
30 65 7 1 6 17 7.0710678118654755 10.198039027185569 1.1790522595816946 
29 64 7 1 6 17 5.656854249492381 10.770329614269007 1.1832293214499263 
28 63 7 1 5 17 5.656854249492381 10.770329614269007 1.199566873436005 
26 62 7 1 3 16 4.242640687119285 10.770329614269007 1.1979440063067792 
25 61 7 1 3 16 4.242640687119285 10.770329614269007 1.3335890109510364 
24 60 8 1 2 17 4.242640687119285 10.770329614269007 1.3366559926486803 
23 59 8 1 1 17 4.47213595499958 10.770329614269007 1.3386802996799607 
22 58 8 1 1 18 5.0990195135927845 10.770329614269007 1.342290246920634 
21 57 9 2 0 18 5.0990195135927845 10.770329614269007 1.2211360464987022 
21 56 9 3 1 18 1.4142135623730951 10.770329614269007 1 
