140 140 0 0 14 14 16.0 16.0 0.06681598878303349 
138 138 0 0 17 17 16.0 14.142135623730951 0.13345837282491435 
134 137 0 0 16 20 13.341664064126334 16.0 0.13407284403465297 
133 136 0 0 15 19 13.038404810405298 16.0 0.15979366706696196 
131 135 0 0 16 23 13.038404810405298 16.0 0.16561715691364043 
129 134 0 0 16 23 13.038404810405298 16.0 0.1779367365674176 
127 133 0 0 16 24 13.038404810405298 16.0 0.19593427849962353 
125 132 0 0 14 24 13.038404810405298 16.0 0.21515901172483393 
123 131 0 0 15 27 13.038404810405298 16.0 0.20324294364165907 
121 130 0 0 15 25 14.0 16.0 0.19558943835800377 
120 128 0 0 14 24 14.0 16.0 0.23234361515160534 
119 127 0 0 14 29 13.038404810405298 16.0 0.19959962992002728 
117 126 0 0 15 24 13.038404810405298 16.0 0.185724735983948 
116 125 0 0 14 21 13.038404810405298 16.0 0.2027627711723791 
114 124 0 0 15 23 12.165525060596439 16.0 0.19455986357937477 
113 120 0 0 14 24 12.165525060596439 16.0 0.14923276249793438 
111 119 0 0 16 18 12.165525060596439 16.0 0.22021516656435322 
110 118 0 0 14 27 12.0 16.0 0.17399418620244142 
109 116 0 0 14 21 12.0 16.0 0.15424238058506043 
107 115 0 0 15 18 12.0 16.0 0.15329507946996576 
105 113 0 0 15 18 12.0 16.0 0.15890845495518208 
104 112 0 0 14 18 12.0 16.0 0.16314784004436617 
103 111 0 0 14 18 11.045361017187261 16.0 0.18969795556393418 
99 110 0 0 18 23 11.045361017187261 16.0 0.3286393607365775 
91 108 1 0 26 27 11.045361017187261 16.0 0.49664317726178564 
85 107 2 0 24 27 11.045361017187261 16.0 0.6170927441515582 
77 106 3 0 30 26 11.045361017187261 15.033296378372908 0.7212899312959786 
71 102 3 0 16 28 12.0 15.033296378372908 0.7071403362052248 
70 100 3 0 15 26 12.0 15.033296378372908 0.6806823264192832 
69 99 3 0 15 22 12.0 15.033296378372908 0.6927272049183857 
67 97 3 0 15 24 12.0 15.033296378372908 0.6857574645537398 
66 96 3 0 15 23 12.0 15.033296378372908 0.68426673706465 
64 95 3 0 13 20 12.0 15.033296378372908 0.6898801125498664 
63 94 3 0 12 20 12.0 15.033296378372908 0.8337124443897138 
62 93 4 0 12 23 12.0 15.033296378372908 0.8520432983344528 
61 91 4 0 11 26 12.0 15.033296378372908 0.8313976134366005 
60 89 4 0 10 23 12.0 15.033296378372908 0.8681174475612773 
59 88 4 0 10 28 11.045361017187261 15.033296378372908 0.8783231003764125 
58 87 4 0 10 29 10.198039027185569 15.033296378372908 0.8520863699105221 
54 86 4 0 12 24 10.198039027185569 15.033296378372908 0.8580909466928821 
50 85 4 0 11 22 11.313708498984761 15.033296378372908 0.8532019299376064 
49 83 4 0 10 23 11.313708498984761 13.038404810405298 0.73377044805966 
47 82 4 1 10 22 10.0 13.038404810405298 0.7328877337377777 
46 81 4 1 9 21 10.0 13.038404810405298 0.7441637893146034 
45 80 4 1 7 22 11.40175425099138 13.038404810405298 0.736317647826629 
45 79 4 1 7 21 9.899494936611665 12.649110640673518 0.7224427538905497 
44 78 4 1 6 18 9.899494936611665 12.649110640673518 0.7479534625613966 
43 77 4 1 6 22 9.899494936611665 12.649110640673518 0.751821239963099 
41 76 4 1 6 22 10.295630140987 12.649110640673518 0.7641341239488246 
37 75 5 2 8 23 10.295630140987 12.649110640673518 0.7716112256153592 
36 74 5 2 7 22 8.602325267042627 12.649110640673518 0.9184127459948155 
34 73 6 2 7 25 8.602325267042627 12.0 0.9116164081784345 
32 72 6 2 7 22 7.211102550927978 12.0 0.9179699476873512 
30 71 6 2 7 20 4.47213595499958 12.0 1.0558908249906442 
28 70 7 2 5 20 4.47213595499958 11.045361017187261 1.0548091612658894 
26 69 7 2 4 18 4.47213595499958 11.045361017187261 1.1982324293414017 
25 68 8 2 3 20 4.47213595499958 11.045361017187261 1.2298008213081657 
24 67 8 2 2 23 3.1622776601683795 11.045361017187261 1.2179832052806723 
23 66 8 2 2 21 2.8284271247461903 11.045361017187261 1.3461580664305295 
21 65 9 2 0 19 3.1622776601683795 11.045361017187261 1.3286635299578948 
21 63 9 2 1 18 1.4142135623730951 11.045361017187261 1 
