140 140 0 0 14 14 16.0 16.0 0.051224820066675225 
138 138 0 0 17 17 16.0 14.142135623730951 0.1061124318217721 
134 136 0 0 16 19 13.038404810405298 16.0 0.1440009425609623 
133 135 0 0 15 24 13.038404810405298 16.0 0.14378277181227012 
131 134 0 0 16 24 13.038404810405298 16.0 0.17707572625060392 
129 133 0 0 16 29 14.0 16.0 0.20869664411376238 
127 132 0 0 16 33 14.0 16.0 0.20756639330531013 
125 131 0 0 14 30 14.0 16.0 0.19449097643724295 
123 130 0 0 15 28 14.0 16.0 0.18754015594227652 
121 129 0 0 15 26 14.0 16.0 0.18042830526365433 
120 128 0 0 14 24 14.0 16.0 0.17194844469644344 
119 127 0 0 14 22 13.038404810405298 16.0 0.16530165088806376 
117 126 0 0 15 21 13.038404810405298 16.0 0.1710470463288165 
116 125 0 0 14 21 13.038404810405298 16.0 0.16871800292671257 
114 124 0 0 15 20 12.165525060596439 16.0 0.16803477530777772 
113 123 0 0 14 19 12.165525060596439 16.0 0.16290301099750992 
111 122 0 0 15 19 12.165525060596439 15.033296378372908 0.1833124985244628 
110 121 0 0 13 21 13.038404810405298 15.033296378372908 0.18339835446235733 
108 120 0 0 15 22 13.038404810405298 15.033296378372908 0.16359316729216888 
107 116 0 0 13 21 13.038404810405298 14.0 0.1598677544045805 
106 115 0 0 13 21 13.038404810405298 13.341664064126334 0.17869924840553364 
104 113 0 0 14 25 13.038404810405298 13.341664064126334 0.17059933109114012 
103 112 0 0 14 23 12.0 13.341664064126334 0.19609565258119788 
101 111 0 0 15 27 12.0 13.341664064126334 0.1830202357131307 
99 110 0 0 16 25 12.0 13.341664064126334 0.14979665818268556 
99 108 0 0 14 20 12.0 13.341664064126334 0.19427482216521902 
97 107 0 0 14 26 12.0 13.341664064126334 0.26884781182561446 
89 105 1 0 23 21 12.0 13.341664064126334 0.43648782014814336 
83 103 2 0 20 21 12.0 13.341664064126334 0.4987497535575307 
79 102 2 0 16 24 12.0 13.341664064126334 0.647644123817001 
73 101 3 0 14 21 12.0 13.341664064126334 0.4563285110221528 
72 95 3 1 13 15 12.0 13.341664064126334 0.45855377271519376 
71 94 3 1 12 15 12.0 12.649110640673518 0.49001366039469635 
70 93 3 1 11 19 12.0 12.649110640673518 0.4835098630892476 
69 92 3 1 12 19 12.0 12.649110640673518 0.492634048268835 
67 91 3 1 12 20 12.649110640673518 12.649110640673518 0.5014835421664197 
66 90 3 1 12 21 12.083045973594572 12.649110640673518 0.49817944488777155 
65 89 3 1 14 21 10.198039027185569 12.649110640673518 0.5619434780493676 
63 88 3 1 14 30 10.198039027185569 12.649110640673518 0.5739925337276018 
59 87 3 1 14 29 10.198039027185569 12.649110640673518 0.6801216585168478 
58 86 4 1 17 29 10.198039027185569 12.649110640673518 0.6978907239665181 
54 82 4 1 17 32 10.198039027185569 12.649110640673518 0.6663796929407922 
52 76 4 1 13 28 10.198039027185569 12.083045973594572 0.6787147416248883 
50 75 4 1 13 29 10.198039027185569 12.083045973594572 0.7713785669215856 
49 74 5 1 14 25 10.198039027185569 12.083045973594572 0.7240669488968151 
47 70 5 1 13 18 9.055385138137417 12.083045973594572 0.7427721953073032 
45 69 5 1 11 18 8.94427190999916 12.083045973594572 0.7450017341858874 
44 67 5 1 9 17 8.246211251235321 12.083045973594572 0.7446225332535394 
43 66 5 1 9 17 8.246211251235321 12.083045973594572 0.8752500435351883 
42 65 6 1 8 17 8.246211251235321 12.083045973594572 0.7430408826817828 
41 63 6 2 8 17 8.246211251235321 12.083045973594572 0.7428227119330907 
39 62 6 2 9 17 8.246211251235321 12.083045973594572 0.7735495834172141 
35 61 6 2 7 17 8.246211251235321 12.083045973594572 0.7539733446585033 
34 59 7 3 9 17 8.246211251235321 12.083045973594572 0.8214581736869528 
28 58 7 3 4 17 7.0710678118654755 12.083045973594572 0.8277704356355489 
27 57 7 3 3 16 5.656854249492381 12.083045973594572 0.8397308027644349 
26 56 7 3 3 16 3.1622776601683795 12.083045973594572 0.8390475751455002 
25 55 7 3 2 15 3.1622776601683795 12.083045973594572 0.9507535739815508 
24 54 8 3 3 15 3.1622776601683795 10.770329614269007 0.968676866469039 
23 53 8 3 2 16 2.0 10.770329614269007 1.0807150117886672 
22 51 9 3 2 17 4.47213595499958 10.770329614269007 1.092635670715288 
21 50 9 3 0 16 3.1622776601683795 10.770329614269007 1.088493147494441 
21 49 9 3 1 16 1.4142135623730951 10.770329614269007 1 
