140 140 0 0 14 14 16.0 16.0 0.1438033251863253 
138 139 0 0 17 18 16.0 14.142135623730951 0.20840728628804184 
134 137 0 0 16 21 12.165525060596439 16.0 0.17593927664146847 
133 135 0 0 15 17 13.038404810405298 16.0 0.20797952894672306 
131 134 0 0 16 22 13.038404810405298 16.0 0.21984105799650622 
129 133 0 0 16 23 13.038404810405298 16.0 0.193711633016509 
127 131 0 0 16 20 14.0 16.0 0.23064501377520602 
125 130 0 0 14 23 14.0 16.0 0.2430564766145037 
123 129 0 0 15 25 14.0 16.0 0.24183214602031572 
121 128 0 0 15 24 14.0 16.0 0.2534649264849027 
120 127 0 0 14 25 14.0 16.0 0.24512267928177944 
119 125 0 0 14 25 13.038404810405298 15.033296378372908 0.1987504782542365 
117 121 0 0 15 22 14.0 15.033296378372908 0.20384032889683787 
116 120 0 0 14 22 14.0 15.033296378372908 0.17877875661076442 
114 114 0 0 15 23 13.038404810405298 15.033296378372908 0.16423981778740898 
113 113 0 0 14 20 13.038404810405298 15.033296378372908 0.20337293370416343 
111 112 0 0 16 27 13.038404810405298 15.033296378372908 0.18174113126930802 
110 111 0 0 14 22 13.038404810405298 15.033296378372908 0.16117717001744408 
109 109 0 0 15 21 13.038404810405298 15.033296378372908 0.16492287234903216 
105 108 0 0 16 20 13.341664064126334 15.033296378372908 0.2784865698454585 
97 107 1 0 25 20 13.341664064126334 15.033296378372908 0.3887083945049879 
89 106 1 0 17 23 13.341664064126334 15.033296378372908 0.5061139141479982 
88 105 2 0 17 22 13.341664064126334 15.033296378372908 0.5089494670600125 
86 103 2 0 15 20 12.165525060596439 15.033296378372908 0.5134893839130996 
85 102 2 0 13 19 12.165525060596439 15.033296378372908 0.513454405045302 
83 101 2 0 13 19 12.165525060596439 14.0 0.5143408486528452 
81 100 2 0 14 20 12.165525060596439 13.038404810405298 0.5589170268125568 
79 99 2 0 14 26 12.165525060596439 13.038404810405298 0.6944378465190552 
75 98 3 0 13 24 12.165525060596439 13.038404810405298 0.692984767339671 
74 97 3 0 12 23 12.165525060596439 13.038404810405298 0.6709357005123855 
72 93 3 0 13 23 12.165525060596439 13.038404810405298 0.5311727150051663 
71 92 3 1 12 20 12.165525060596439 13.038404810405298 0.5362625656477678 
70 91 3 1 11 20 12.165525060596439 13.038404810405298 0.5288164904359122 
69 90 3 1 11 19 12.165525060596439 13.038404810405298 0.5279133450460424 
68 89 3 1 11 19 12.165525060596439 13.038404810405298 0.5337818780633544 
66 88 3 1 12 20 12.165525060596439 13.038404810405298 0.5443401797086561 
65 87 3 1 11 20 11.045361017187261 13.038404810405298 0.5561092721393173 
61 86 3 1 12 20 11.045361017187261 13.038404810405298 0.5548849415451292 
59 85 3 1 12 19 11.045361017187261 13.038404810405298 0.5659357618241647 
58 83 3 1 11 21 11.045361017187261 13.038404810405298 0.5527254391650341 
56 82 3 1 13 20 11.045361017187261 13.038404810405298 0.695981492891669 
54 81 4 1 13 22 11.045361017187261 13.038404810405298 0.8079439502917223 
53 80 5 1 15 22 11.045361017187261 13.038404810405298 0.8415061963658568 
51 79 5 1 13 23 9.055385138137417 13.038404810405298 0.8787607623288721 
50 78 5 1 11 27 9.055385138137417 13.038404810405298 0.8507827522611898 
48 76 5 1 11 23 9.055385138137417 13.038404810405298 0.8430154918450162 
46 75 5 1 11 21 9.055385138137417 13.038404810405298 0.7558246934988782 
44 74 5 2 11 26 9.055385138137417 13.038404810405298 0.7478286844975084 
43 73 5 2 10 24 9.055385138137417 13.038404810405298 0.7196539522406673 
42 72 5 2 8 18 9.055385138137417 13.038404810405298 0.7239030182173735 
41 71 5 2 8 18 8.0 13.038404810405298 0.7272135771204277 
39 70 5 2 8 17 7.0710678118654755 13.038404810405298 0.9260932895613502 
33 69 6 2 6 22 6.324555320336759 12.165525060596439 1.0593264009180798 
29 68 7 2 4 17 4.0 12.165525060596439 1.2118305907086133 
25 67 8 2 1 17 5.656854249492381 12.165525060596439 1.2178313962344098 
24 66 8 2 1 17 4.242640687119285 12.165525060596439 1.2198750537802674 
23 65 8 2 1 17 2.8284271247461903 11.40175425099138 1.2173421066609784 
22 64 8 2 1 17 3.1622776601683795 11.40175425099138 1.3472835521584459 
21 63 9 2 0 17 3.1622776601683795 11.40175425099138 1.3492423485855085 
21 62 9 2 1 18 1.4142135623730951 11.40175425099138 1 
