140 140 0 0 14 14 16.0 16.0 0.12531958303597499 
138 139 0 0 17 19 16.0 14.142135623730951 0.1589405435493727 
134 138 0 0 16 16 12.0 16.0 0.18363567396419306 
132 136 0 0 16 20 12.0 16.0 0.22837336350465096 
130 135 0 0 16 27 13.341664064126334 16.0 0.17524465314653015 
128 131 0 0 16 22 13.341664064126334 15.033296378372908 0.191090539177307 
126 130 0 0 14 23 15.033296378372908 15.033296378372908 0.19689879767862883 
125 129 0 0 14 24 15.033296378372908 15.033296378372908 0.2225559343945 
123 128 0 0 15 28 15.033296378372908 15.033296378372908 0.221544876361993 
121 127 0 0 15 27 15.033296378372908 15.033296378372908 0.17317459815950648 
120 123 0 0 14 22 15.033296378372908 15.033296378372908 0.17704915764204956 
119 121 0 0 14 23 14.0 15.033296378372908 0.18308837423965577 
117 120 0 0 15 24 14.0 15.033296378372908 0.17530705140477607 
116 119 0 0 14 22 14.0 15.033296378372908 0.18605202971094886 
114 118 0 0 15 23 13.038404810405298 15.033296378372908 0.17827070687606916 
113 117 0 0 14 21 13.038404810405298 15.033296378372908 0.18482089139770047 
111 116 0 0 16 23 13.038404810405298 15.033296378372908 0.19081342924663544 
110 115 0 0 14 23 13.038404810405298 14.0 0.17655272925266677 
109 113 0 0 14 22 13.038404810405298 14.0 0.16951333243809644 
107 112 0 0 15 21 13.038404810405298 14.0 0.15497262261638714 
105 110 0 0 15 19 13.038404810405298 14.0 0.18610895627438298 
99 108 0 0 17 22 13.038404810405298 14.0 0.3157890856261011 
98 106 1 0 16 23 13.038404810405298 14.0 0.35948218695670553 
94 105 1 0 15 26 13.038404810405298 14.0 0.36941864499290505 
86 103 1 0 15 22 13.038404810405298 14.0 0.5463468955123169 
85 102 2 0 16 31 13.038404810405298 14.0 0.5774723513547697 
81 101 2 0 16 33 13.038404810405298 14.0 0.5890289388104141 
79 100 2 0 15 33 13.038404810405298 14.0 0.5928685678974813 
78 99 2 0 14 32 12.0 14.0 0.5983477648396062 
74 98 2 0 15 31 12.0 14.0 0.5761858829167591 
72 97 2 0 12 24 12.0 14.0 0.6948312705524008 
71 95 3 0 15 27 12.0 14.0 0.7189555034961967 
69 94 3 0 13 28 12.0 14.0 0.6828693573984886 
67 93 3 0 12 20 11.045361017187261 14.0 0.6811763028926715 
66 91 3 0 11 20 11.045361017187261 14.0 0.6864735934699683 
65 90 3 0 10 20 11.045361017187261 14.0 0.6651626188458863 
64 88 3 0 9 17 11.045361017187261 14.0 0.6706908675194676 
62 87 3 0 9 17 11.045361017187261 14.0 0.6821257807738859 
61 86 3 0 10 19 10.0 14.0 0.6826040741133239 
59 85 3 0 8 16 9.486832980505138 14.0 0.6753337192024693 
58 84 3 0 8 15 9.486832980505138 14.0 0.8050138485541873 
57 82 4 0 7 16 9.486832980505138 14.0 0.7972754217890683 
56 81 4 0 7 14 8.246211251235321 14.0 0.7960933352072762 
55 79 4 0 7 15 8.246211251235321 14.0 0.8083452715152917 
51 78 4 0 10 16 7.0710678118654755 14.0 0.8324204527276313 
47 77 4 0 9 16 7.0710678118654755 14.0 0.862961707784385 
46 76 5 1 7 19 7.0710678118654755 14.0 0.8622306595796185 
45 75 5 1 7 19 7.0710678118654755 14.0 0.9896962011252366 
44 74 6 1 6 19 7.615773105863909 14.0 0.9885141145434443 
43 72 6 1 6 20 7.615773105863909 14.0 0.9869920885869122 
41 71 6 1 5 18 7.615773105863909 14.0 0.991436046366312 
40 69 7 2 4 19 7.615773105863909 14.0 0.9740327140541472 
40 68 7 2 4 17 7.0710678118654755 14.0 0.954194713655141 
39 67 7 2 5 15 7.0710678118654755 14.0 0.9602256004243088 
38 66 7 2 4 15 7.0710678118654755 14.142135623730951 0.9594945522195424 
37 65 7 2 4 15 7.0710678118654755 14.142135623730951 0.8513364661897996 
36 64 7 3 3 16 6.0 14.142135623730951 0.8258018451952482 
35 63 7 3 4 14 6.0 13.038404810405298 0.8376384424786333 
34 62 7 3 3 15 6.0 13.038404810405298 0.6790346187181066 
33 60 7 4 4 12 6.0 13.038404810405298 0.5848019261704126 
32 58 7 5 3 17 6.0 13.038404810405298 0.5464002317870151 
31 57 7 5 3 11 6.0 13.341664064126334 0.5573405164358953 
30 56 7 5 1 12 6.0 12.0 0.6667221546499642 
28 55 8 5 2 12 9.055385138137417 12.0 0.6869715940561572 
27 54 8 5 1 12 6.0 12.0 0.6685149641130965 
26 52 8 5 3 12 5.0990195135927845 11.40175425099138 0.6833367276598604 
24 51 8 5 2 12 3.1622776601683795 10.198039027185569 0.6595977040037456 
23 47 8 5 2 12 2.8284271247461903 9.486832980505138 0.6384779690921721 
22 46 8 5 1 10 5.0990195135927845 9.055385138137417 0.6302943518364208 
21 45 9 6 0 8 5.0990195135927845 9.055385138137417 0.6348569772352833 
21 43 9 6 1 9 1.4142135623730951 9.055385138137417 1 
