140 140 0 0 14 14 16.0 16.0 0.2711607513665863 
138 139 0 0 17 19 16.0 14.142135623730951 0.3352108908179974 
134 137 0 0 16 22 12.0 16.0 0.3543388448252335 
133 136 0 0 15 25 13.038404810405298 16.0 0.319911004775519 
131 134 0 0 16 22 13.038404810405298 15.033296378372908 0.3281325557827137 
129 133 0 0 16 24 15.033296378372908 15.033296378372908 0.32472748833993315 
127 131 0 0 16 24 15.033296378372908 15.033296378372908 0.35413920707703866 
125 130 0 0 14 26 15.033296378372908 15.033296378372908 0.3449519707849297 
123 128 0 0 15 26 15.033296378372908 15.033296378372908 0.3293679001298544 
121 127 0 0 15 23 15.033296378372908 15.033296378372908 0.31338866424167855 
120 126 0 0 14 20 15.033296378372908 15.033296378372908 0.3032994525705448 
119 125 0 0 14 18 14.0 15.033296378372908 0.30199208408225514 
117 124 0 0 15 18 14.0 15.033296378372908 0.3060717192101935 
116 123 0 0 14 18 14.0 15.033296378372908 0.32946314904160584 
114 122 0 0 15 21 13.038404810405298 15.033296378372908 0.3469153648469537 
113 121 0 0 14 23 13.038404810405298 15.033296378372908 0.3327443719375302 
112 120 0 0 15 22 13.038404810405298 15.033296378372908 0.3398177457435226 
108 119 0 0 19 24 13.038404810405298 15.033296378372908 0.37001979494682896 
104 118 0 0 19 26 13.038404810405298 15.033296378372908 0.41999934095632446 
103 117 0 0 17 32 13.038404810405298 15.033296378372908 0.35040790956952256 
97 115 0 0 20 21 13.038404810405298 15.033296378372908 0.2484504429355996 
91 114 0 1 21 21 13.038404810405298 15.033296378372908 0.3133455052348774 
87 113 0 1 15 23 13.038404810405298 15.033296378372908 0.33852636868616365 
85 112 1 1 33 23 13.038404810405298 15.033296378372908 0.5658555598175986 
79 111 2 1 18 21 13.038404810405298 15.033296378372908 0.5666000831979576 
75 110 2 1 15 16 13.038404810405298 15.033296378372908 0.7036698980457758 
74 108 3 1 17 21 13.038404810405298 15.033296378372908 0.7992088931157137 
72 106 4 1 18 18 13.038404810405298 15.033296378372908 0.8868751908992343 
68 105 4 1 15 26 13.038404810405298 15.033296378372908 0.9823084767118101 
67 104 5 1 14 21 13.038404810405298 15.033296378372908 0.9925654459221774 
65 103 5 1 13 21 13.038404810405298 15.033296378372908 1.0240922270973294 
63 102 5 1 12 23 11.40175425099138 15.033296378372908 1.0232052546743258 
62 101 5 1 11 22 11.045361017187261 15.033296378372908 1.0085531112358141 
61 100 5 1 10 19 10.770329614269007 15.033296378372908 1.0172538929055475 
60 99 5 1 10 20 10.0 15.033296378372908 0.9943938534167116 
59 97 5 1 10 19 9.486832980505138 13.341664064126334 1.0169603271645762 
58 96 5 1 10 23 10.0 13.341664064126334 1.0286303741205953 
57 95 5 1 10 25 10.0 13.341664064126334 1.0126511382324193 
56 94 5 1 9 22 10.0 13.341664064126334 1.0130137483079389 
55 93 5 1 8 22 10.770329614269007 13.341664064126334 1.1563227711675743 
49 92 6 1 11 23 10.770329614269007 13.341664064126334 1.1876725907501533 
43 91 6 1 6 19 10.770329614269007 13.341664064126334 1.2122221069828603 
42 90 6 1 6 22 9.486832980505138 13.341664064126334 1.2425379472093419 
40 89 6 1 5 25 9.486832980505138 13.341664064126334 1.3148726424298391 
39 88 6 1 5 35 8.0 13.341664064126334 1.3323248582351874 
38 87 6 1 4 37 8.0 13.341664064126334 1.2338286926096875 
36 83 6 1 5 26 8.0 13.341664064126334 1.2557632289065965 
35 82 6 1 4 28 7.0710678118654755 13.341664064126334 1.2473744048465016 
34 81 6 1 4 27 7.0710678118654755 13.341664064126334 1.3588648751157952 
33 79 7 1 4 27 7.0710678118654755 12.649110640673518 1.3614263788538719 
32 78 7 1 3 26 6.0 12.649110640673518 1.3329786837776625 
31 77 7 1 3 22 6.0 12.649110640673518 1.3439216729263301 
29 76 7 1 2 21 4.47213595499958 12.649110640673518 1.322698479611553 
28 75 7 1 3 18 3.1622776601683795 12.649110640673518 1.3200918244007867 
27 74 7 1 2 17 3.1622776601683795 12.649110640673518 1.3249016805005207 
26 73 7 1 3 18 2.0 12.649110640673518 1.3222950252897543 
25 72 7 1 2 17 2.0 12.649110640673518 1.4346939441402025 
24 71 8 1 2 16 2.8284271247461903 12.649110640673518 1.4308114358040014 
24 70 8 1 2 16 2.0 12.649110640673518 1.4043682507006081 
24 68 8 1 2 16 2.8284271247461903 11.40175425099138 1.4026657169792178 
23 67 8 1 2 16 2.8284271247461903 11.40175425099138 1.4135692715611676 
22 66 8 1 1 16 1.4142135623730951 11.40175425099138 1.516532786958435 
21 65 9 1 0 16 7.0710678118654755 11.661903789690601 1.5275137686525195 
21 64 9 1 0 16 3.1622776601683795 11.661903789690601 1.522286560317513 
21 63 9 1 1 16 1.4142135623730951 11.661903789690601 1 
