140 140 0 0 14 14 16.0 16.0 0.20397326898268472 
138 138 0 0 17 17 16.0 14.142135623730951 0.28287482731073543 
134 137 0 0 16 22 13.341664064126334 16.0 0.3152953749518614 
133 136 0 0 15 26 13.038404810405298 16.0 0.2446459062776675 
131 130 0 0 16 22 13.038404810405298 15.033296378372908 0.2463935690182911 
129 129 0 0 16 23 15.033296378372908 15.033296378372908 0.2644344374134886 
127 128 0 0 16 25 15.033296378372908 15.033296378372908 0.2809718667330324 
125 127 0 0 14 25 15.033296378372908 15.033296378372908 0.2732851097494464 
123 126 0 0 15 24 15.033296378372908 15.033296378372908 0.2714664694571862 
121 125 0 0 15 23 15.033296378372908 15.033296378372908 0.27593714674562053 
120 124 0 0 14 23 15.033296378372908 15.033296378372908 0.2729303978782638 
119 123 0 0 14 22 14.0 15.033296378372908 0.27117425149425756 
117 122 0 0 15 22 14.142135623730951 15.033296378372908 0.2878566697096986 
113 121 0 0 16 22 13.038404810405298 15.033296378372908 0.28669906671435474 
109 120 0 0 18 21 13.038404810405298 15.033296378372908 0.29661665980474605 
107 119 0 0 16 20 13.038404810405298 15.033296378372908 0.29404629997465903 
105 118 0 0 15 18 13.038404810405298 15.033296378372908 0.30471561260287716 
103 117 0 0 14 18 13.038404810405298 15.033296378372908 0.35422020071029714 
101 116 0 0 15 25 12.165525060596439 15.033296378372908 0.35240156041803705 
99 115 0 0 15 24 12.165525060596439 15.033296378372908 0.31530674297727224 
97 111 0 0 16 22 12.165525060596439 15.033296378372908 0.3171916810229514 
95 110 0 0 16 21 11.40175425099138 15.033296378372908 0.32101663844632083 
93 108 0 0 16 22 11.40175425099138 15.033296378372908 0.3514547775210862 
89 107 0 0 16 24 11.40175425099138 15.033296378372908 0.3422645814618466 
87 106 0 0 15 21 11.40175425099138 15.033296378372908 0.5184162828382112 
86 104 1 0 16 31 11.40175425099138 15.033296378372908 0.3375886461376276 
84 103 1 1 15 21 11.40175425099138 15.033296378372908 0.3157130854124711 
83 99 1 1 14 20 10.770329614269007 15.033296378372908 0.32051428134936355 
81 98 1 1 14 20 10.770329614269007 15.033296378372908 0.3382246310961028 
80 97 1 1 13 22 10.770329614269007 15.033296378372908 0.3426953083845371 
79 96 1 1 12 22 10.770329614269007 15.033296378372908 0.5063734044496726 
73 95 2 1 14 26 10.770329614269007 14.0 0.49470353080125656 
71 93 2 1 11 22 10.770329614269007 14.0 0.5615278114326747 
70 92 2 1 10 31 10.198039027185569 14.0 0.49947772700588566 
68 88 2 1 11 26 10.198039027185569 13.038404810405298 0.54474965985552 
66 87 2 1 12 33 10.198039027185569 13.038404810405298 0.6168842990237912 
62 83 3 1 11 25 10.198039027185569 13.038404810405298 0.7182931619144556 
60 81 4 1 10 21 10.198039027185569 13.038404810405298 0.7348265690704326 
59 80 4 1 9 23 9.486832980505138 12.165525060596439 0.7260575739005618 
58 79 4 1 8 21 9.486832980505138 12.165525060596439 0.7272325384150115 
57 78 4 1 8 22 9.486832980505138 11.40175425099138 0.7427030469801218 
53 76 4 1 7 22 9.486832980505138 11.40175425099138 0.8668722970367889 
52 75 5 1 8 23 9.486832980505138 11.40175425099138 0.9940519398001119 
46 74 6 1 7 18 9.486832980505138 11.40175425099138 1.017356950620676 
44 73 6 1 6 19 8.246211251235321 11.40175425099138 1.0218276279091103 
43 72 6 1 5 19 8.246211251235321 11.40175425099138 1.011912630667672 
42 70 6 1 5 18 7.0710678118654755 11.40175425099138 0.9976060374549335 
40 69 6 1 6 16 7.0710678118654755 11.40175425099138 1.0020767147433678 
39 68 6 1 5 16 7.0710678118654755 11.40175425099138 1.0058729584409605 
38 67 6 1 5 16 6.0 11.40175425099138 1.0011294256223422 
37 66 6 1 5 16 6.0 10.770329614269007 0.9997319862194506 
36 65 6 1 5 16 6.0 10.770329614269007 0.9975828272787325 
35 64 6 1 4 15 6.0 10.770329614269007 0.8708868008385647 
34 63 6 2 4 15 6.0 10.770329614269007 0.8804781153694567 
33 62 6 2 4 16 5.0990195135927845 10.770329614269007 0.8790806759665653 
32 61 6 2 4 16 5.0990195135927845 10.770329614269007 0.8776832365636735 
31 60 6 2 4 16 5.0990195135927845 10.770329614269007 0.8755340776229552 
30 59 6 2 3 15 5.0990195135927845 10.770329614269007 0.8784896225733058 
29 57 6 2 3 16 4.0 10.770329614269007 0.8770921831704143 
28 56 6 2 3 16 4.0 10.770329614269007 0.9938898774601023 
27 55 7 2 3 15 4.0 10.770329614269007 0.8642893112225735 
26 53 7 3 2 15 4.242640687119285 10.770329614269007 0.8697494927826165 
25 52 7 3 2 15 2.8284271247461903 10.770329614269007 0.8593689165022017 
25 51 7 3 2 15 2.0 9.486832980505138 0.8536238570963791 
25 50 7 3 1 15 2.8284271247461903 9.486832980505138 0.8442559580463664 
24 49 7 3 1 15 4.47213595499958 9.486832980505138 0.839260506518148 
23 48 8 4 0 15 6.324555320336759 9.486832980505138 0.8406469434765808 
23 47 8 4 0 15 4.47213595499958 9.486832980505138 0.8285333754605481 
23 46 8 4 1 14 2.8284271247461903 9.486832980505138 0.7153148062124673 
22 45 8 5 1 15 1.4142135623730951 9.486832980505138 0.810595572630564 
21 44 9 5 0 15 7.0710678118654755 8.246211251235321 0.8153336598363594 
21 43 9 5 0 14 3.1622776601683795 8.246211251235321 0.8122331005294943 
21 42 9 5 1 14 1.4142135623730951 8.602325267042627 1 
