140 140 0 0 14 14 16.0 16.0 -0.008289321881345249 
138 138 0 0 17 17 16.0 14.142135623730951 0.05330797594797357 
134 136 0 0 16 20 13.038404810405298 16.0 0.03455797594797347 
133 135 0 0 15 16 13.038404810405298 16.0 0.02420580377320973 
131 134 0 0 16 16 14.142135623730951 15.033296378372908 0.03225000000000003 
129 133 0 0 16 17 15.033296378372908 15.033296378372908 0.051000000000000004 
127 132 0 0 16 19 15.033296378372908 15.033296378372908 0.0527941962267902 
125 130 0 0 14 18 15.033296378372908 14.142135623730951 0.040294196226790216 
123 128 0 0 15 17 15.033296378372908 14.142135623730951 0.04583351810813546 
121 126 0 0 15 18 15.033296378372908 14.0 0.07083351810813546 
120 125 0 0 14 21 15.033296378372908 14.0 0.06974999999999999 
119 124 0 0 14 20 14.0 14.0 0.06349999999999995 
117 120 0 0 15 22 14.0 14.0 0.08224999999999995 
116 118 0 0 14 25 14.0 14.0 0.08705797594797356 
114 117 0 0 15 25 13.038404810405298 14.0 0.09955797594797355 
113 116 0 0 14 26 13.038404810405298 14.0 0.07455797594797349 
112 114 0 0 15 24 13.038404810405298 14.0 0.06830797594797347 
111 113 0 0 14 22 13.038404810405298 14.0 0.09330797594797355 
107 111 0 0 18 28 13.038404810405298 14.0 0.05580797594797347 
103 110 0 0 18 19 13.038404810405298 14.0 0.08080797594797344 
101 109 0 0 16 20 13.038404810405298 14.0 0.10580797594797356 
100 108 0 0 14 22 13.038404810405298 14.0 0.28705797594797355 
94 107 1 0 15 27 13.038404810405298 14.0 0.25725 
92 106 1 0 14 21 13.038404810405298 13.038404810405298 0.38225 
90 105 2 0 15 21 13.038404810405298 13.038404810405298 0.42600000000000005 
84 104 2 0 21 29 13.038404810405298 13.038404810405298 0.45725000000000005 
76 102 2 0 15 22 13.038404810405298 13.038404810405298 0.5385 
74 100 2 0 14 34 13.038404810405298 13.038404810405298 0.526 
72 99 2 0 15 32 13.038404810405298 13.038404810405298 0.64475 
68 98 3 0 15 28 13.038404810405298 13.038404810405298 0.7885000000000001 
62 97 4 0 14 25 13.038404810405298 13.038404810405298 0.90725 
60 96 5 0 12 21 13.038404810405298 13.038404810405298 0.9116143987490443 
58 94 5 0 12 21 12.165525060596439 13.038404810405298 0.9366143987490443 
56 92 5 0 10 23 12.165525060596439 13.038404810405298 0.9279332527970697 
55 88 5 0 10 24 11.40175425099138 13.038404810405298 0.9234652189660901 
54 87 5 0 9 22 11.045361017187261 13.038404810405298 0.9215187481174312 
53 86 5 0 8 21 11.045361017187261 12.649110640673518 0.9142455532033674 
52 85 5 0 8 19 10.0 12.649110640673518 0.9382741936533717 
48 84 5 0 9 20 8.94427190999916 12.649110640673518 0.9574166876740481 
46 83 5 0 8 20 7.615773105863909 12.649110640673518 0.8386666876740481 
45 82 5 1 8 21 7.615773105863909 12.649110640673518 0.907416687674048 
44 81 5 1 8 32 7.615773105863909 12.649110640673518 0.8699166876740481 
43 79 5 1 6 25 7.615773105863909 12.649110640673518 0.9038902141440402 
43 78 5 1 5 30 7.0710678118654755 12.649110640673518 0.9163902141440402 
43 76 5 1 5 34 7.0710678118654755 12.649110640673518 0.8288902141440402 
41 75 5 1 6 20 7.0710678118654755 12.649110640673518 0.8288902141440402 
39 73 5 1 6 20 7.0710678118654755 12.649110640673518 0.8226402141440402 
37 72 5 1 6 18 7.0710678118654755 12.649110640673518 0.8575004556354036 
35 71 5 1 5 20 5.0990195135927845 12.649110640673518 0.8700004556354035 
33 70 5 1 5 21 5.0990195135927845 12.649110640673518 1.0137504556354036 
31 69 6 1 3 21 5.0990195135927845 12.649110640673518 1.0067455532033676 
30 68 6 1 4 20 4.0 12.649110640673518 1.0043848734283698 
28 67 6 1 4 19 4.47213595499958 12.649110640673518 1.1356348734283694 
27 65 7 1 2 19 4.47213595499958 12.649110640673518 1.136782349767771 
25 64 7 1 4 20 4.242640687119285 12.649110640673518 1.286782349767771 
24 63 8 1 2 22 4.242640687119285 12.649110640673518 1.2938534175796363 
23 61 8 1 1 22 2.8284271247461903 12.649110640673518 1.1604955532033676 
23 60 8 2 1 21 2.0 12.649110640673518 1.1285000000000003 
23 58 8 2 1 20 2.0 10.0 1.093107864376269 
23 56 8 2 1 17 2.8284271247461903 10.0 1.0868578643762692 
23 55 8 2 1 17 2.8284271247461903 10.0 1.0758847900669561 
23 54 8 2 1 17 2.8284271247461903 9.055385138137417 1.0655889206324458 
23 53 8 2 1 17 2.8284271247461903 8.246211251235321 1.0593389206324457 
23 52 8 2 1 17 2.8284271247461903 8.246211251235321 1.0530889206324456 
23 51 8 2 1 17 2.8284271247461903 8.246211251235321 1.0530889206324456 
23 50 8 2 1 18 2.8284271247461903 8.246211251235321 1.0468389206324455 
23 49 8 2 1 18 2.8284271247461903 8.246211251235321 1.0405889206324457 
23 48 8 2 1 18 2.8284271247461903 8.246211251235321 1.0280889206324457 
23 47 8 2 1 17 2.8284271247461903 8.246211251235321 1.001857864376269 
23 46 8 2 1 14 2.8284271247461903 8.0 0.9936867299055887 
23 45 8 2 1 14 2.8284271247461903 7.615773105863909 0.8686867299055886 
23 44 8 3 1 15 2.8284271247461903 7.615773105863909 0.7311867299055885 
23 43 8 4 1 14 2.8284271247461903 7.615773105863909 0.7249367299055887 
23 42 8 4 1 14 2.8284271247461903 7.615773105863909 0.7159632034355965 
23 41 8 4 1 14 2.8284271247461903 7.0710678118654755 0.7034632034355967 
23 40 8 4 1 13 2.8284271247461903 7.0710678118654755 0.6909632034355966 
23 39 8 4 1 12 2.8284271247461903 7.0710678118654755 0.674730640977953 
23 37 8 4 1 12 2.8284271247461903 6.324555320336759 0.537230640977953 
23 35 8 5 1 12 2.8284271247461903 6.324555320336759 0.5184806409779529 
23 34 8 5 1 10 2.8284271247461903 6.324555320336759 0.4910126238504956 
23 32 8 5 1 8 2.8284271247461903 5.830951894845301 0.465142135623731 
23 30 8 5 1 6 2.8284271247461903 5.656854249492381 0.46514213562373097 
23 29 8 5 1 7 2.8284271247461903 5.656854249492381 0.3151421356237309 
23 28 8 6 1 4 2.8284271247461903 5.656854249492381 0.3222626238504956 
23 27 8 6 1 6 2.8284271247461903 5.830951894845301 0.16432106781186553 
23 25 8 7 1 4 2.8284271247461903 4.242640687119285 0.03307106781186545 
23 24 8 8 1 4 2.8284271247461903 4.242640687119285 0.00724999999999989 
23 23 8 8 1 2 2.8284271247461903 2.8284271247461903 -0.00358074732288903 
23 22 8 8 1 1 2.8284271247461903 3.1622776601683795 -0.1313970380557671 
23 21 8 9 1 0 2.8284271247461903 5.0990195135927845 0.013499999999999892 
23 23 8 8 1 3 2.8284271247461903 2.8284271247461903 -0.11276935902204713 
23 22 8 9 1 1 2.8284271247461903 6.324555320336759 -0.1313970380557671 
23 21 8 9 1 0 2.8284271247461903 5.0990195135927845 -0.12153679656440365 
23 21 8 9 1 0 2.8284271247461903 7.0710678118654755 0.040468544151267015 
23 25 8 8 1 4 2.8284271247461903 4.47213595499958 0.00935786437626894 
23 23 8 8 1 3 2.8284271247461903 2.0 -0.1313970380557671 
23 21 8 9 1 0 2.8284271247461903 5.0990195135927845 0.00935786437626894 
23 23 8 8 1 3 2.8284271247461903 2.0 -0.012321067811865453 
23 22 8 8 1 1 2.8284271247461903 1.4142135623730951 -0.12153679656440365 
23 21 8 9 1 0 2.8284271247461903 7.0710678118654755 -0.14108074732288914 
23 21 8 9 1 0 2.8284271247461903 3.1622776601683795 -0.08485786437626908 
23 24 8 9 1 4 2.8284271247461903 5.656854249492381 -0.09817893218813466 
23 23 8 9 1 4 2.8284271247461903 4.242640687119285 -0.1313970380557671 
23 21 8 9 1 0 2.8284271247461903 5.0990195135927845 -0.09817893218813466 
23 23 8 9 1 4 2.8284271247461903 4.242640687119285 -0.14357106781186554 
23 21 8 9 1 1 2.8284271247461903 1.4142135623730951 -1 
