140 140 0 0 14 14 16.0 16.0 0.2361891124930885 
138 139 0 0 17 17 16.0 14.142135623730951 0.26832684561462306 
134 138 0 0 16 14 12.0 16.0 0.27355314964644534 
132 136 0 0 16 16 13.038404810405298 16.0 0.2704455582795651 
130 134 0 0 16 16 13.038404810405298 16.0 0.2806940236111092 
128 132 0 0 16 18 13.038404810405298 16.0 0.3036436773187309 
126 131 0 0 14 19 13.038404810405298 16.0 0.30876790998450304 
125 130 0 0 14 20 13.038404810405298 16.0 0.32098461162063463 
123 129 0 0 15 22 13.038404810405298 16.0 0.3403448964904879 
121 128 0 0 15 25 14.142135623730951 16.0 0.3445947609472818 
120 127 0 0 14 25 14.142135623730951 16.0 0.36173512721799095 
119 126 0 0 14 27 13.038404810405298 16.0 0.3573141678688697 
117 122 0 0 15 30 13.038404810405298 16.0 0.38827614572251246 
116 121 0 0 14 34 13.038404810405298 16.0 0.37880289526151717 
114 120 0 0 15 32 12.0 16.0 0.3363065612738254 
113 119 0 0 14 25 12.0 16.0 0.28601377168919656 
111 115 0 0 16 22 12.0 16.0 0.2885887193020951 
110 114 0 0 14 21 12.165525060596439 16.0 0.30786955730120896 
109 113 0 0 14 24 12.0 16.0 0.30005217388970395 
107 112 0 0 15 23 12.0 16.0 0.29694458252282363 
105 110 0 0 15 23 12.0 16.0 0.2945164186304054 
104 109 0 0 14 22 12.0 16.0 0.44856351346516615 
96 107 1 0 16 23 12.0 16.0 0.48532915145904304 
95 106 1 0 14 27 12.0 16.0 0.53673965498147 
93 105 1 0 14 34 12.0 16.0 0.4739897360595103 
92 103 1 0 14 26 12.0 16.0 0.46544565471124155 
91 102 1 0 16 26 11.045361017187261 16.0 0.48710649958873775 
90 101 1 0 12 26 11.045361017187261 16.0 0.5210605357237792 
86 100 1 0 16 32 11.045361017187261 16.0 0.49551525456895934 
84 99 1 0 12 24 11.045361017187261 16.0 0.48940112060872737 
80 98 1 0 16 24 11.045361017187261 16.0 0.5906928911222565 
76 97 1 0 13 34 11.045361017187261 16.0 0.6019897375827269 
72 96 1 0 14 34 11.045361017187261 16.0 0.5423958150219517 
70 92 1 0 13 27 11.045361017187261 16.0 0.5670487181808466 
66 91 1 0 14 29 11.045361017187261 16.0 0.5783910516080002 
64 90 1 0 14 30 11.045361017187261 16.0 0.5483764061097549 
63 89 1 0 12 24 11.045361017187261 16.0 0.5323523770598652 
62 87 1 0 11 23 10.198039027185569 14.142135623730951 0.5174425246780007 
61 86 1 0 11 21 10.198039027185569 14.142135623730951 0.538126059113011 
59 85 1 0 12 24 8.94427190999916 13.341664064126334 0.5682136687576759 
58 84 1 0 10 27 8.94427190999916 13.341664064126334 0.6851716589107786 
56 83 2 0 11 26 8.94427190999916 13.341664064126334 0.6614726449327581 
55 82 2 0 11 22 8.0 13.341664064126334 0.6646286412939426 
54 80 2 0 10 23 8.0 13.341664064126334 0.7501856538201396 
53 78 3 0 14 22 8.0 13.341664064126334 0.6382028636499315 
49 76 3 1 11 20 8.0 13.341664064126334 0.7398365608000221 
47 74 4 1 11 17 8.0 13.341664064126334 0.8710249758605276 
45 73 5 1 13 19 8.0 13.341664064126334 0.8980295532904274 
43 72 5 1 8 18 8.0 13.341664064126334 0.9134501518683705 
42 71 5 1 7 19 7.0710678118654755 13.341664064126334 0.7979178525303985 
41 69 5 2 6 21 7.0710678118654755 13.341664064126334 0.7821336319395557 
40 68 5 2 5 18 7.0710678118654755 13.341664064126334 0.7872578646053278 
39 67 5 2 5 19 7.0710678118654755 13.341664064126334 0.8023341907859215 
37 66 5 2 6 20 5.0990195135927845 13.341664064126334 0.7936424391654384 
35 65 5 2 6 18 5.0990195135927845 13.341664064126334 0.784536246923808 
34 64 5 2 5 16 5.0990195135927845 13.341664064126334 0.7963385079387922 
33 63 5 2 5 18 5.0990195135927845 13.341664064126334 0.7923281352442398 
32 61 5 2 5 18 4.0 13.341664064126334 0.7963584998144023 
31 59 5 2 5 20 4.0 13.341664064126334 0.9063608451480589 
30 57 6 2 3 18 4.0 12.649110640673518 0.7294129226849356 
29 53 6 3 3 14 4.0 12.649110640673518 0.7203067304433052 
28 52 6 3 2 12 4.0 12.649110640673518 0.710267875349356 
28 51 6 3 2 13 4.47213595499958 11.40175425099138 0.7076632015943239 
26 50 7 4 2 12 4.47213595499958 11.40175425099138 0.7182480902830006 
25 49 7 4 1 12 3.1622776601683795 11.40175425099138 0.6985730766515165 
25 48 7 4 1 11 4.242640687119285 11.40175425099138 0.8269028198996332 
23 47 8 4 1 11 4.47213595499958 11.40175425099138 0.824748672674628 
22 46 8 4 0 11 5.0990195135927845 10.770329614269007 0.695173688155661 
22 45 8 5 1 11 3.1622776601683795 10.770329614269007 0.8241989261770626 
21 44 9 5 0 11 3.1622776601683795 10.770329614269007 0.8190777409252386 
21 43 9 5 1 11 1.4142135623730951 10.770329614269007 1 
