140 140 0 0 14 14 16.0 16.0 0.18059545568602609 
138 139 0 0 17 17 16.0 14.142135623730951 0.22586804059365706 
134 138 0 0 16 16 12.165525060596439 16.0 0.24218219847157751 
133 134 0 0 15 21 12.0 16.0 0.24053449269796623 
131 130 0 0 16 26 13.341664064126334 15.033296378372908 0.23738637307148994 
129 129 0 0 16 26 15.033296378372908 15.033296378372908 0.235837138827769 
127 128 0 0 16 25 15.033296378372908 15.033296378372908 0.26594487490572516 
125 127 0 0 14 27 15.033296378372908 15.033296378372908 0.2229531974753177 
123 123 0 0 15 24 15.033296378372908 15.033296378372908 0.2147845267835828 
121 122 0 0 15 22 15.033296378372908 15.033296378372908 0.2724570766583515 
120 121 0 0 14 30 15.033296378372908 15.033296378372908 0.23657816683567542 
119 120 0 0 14 24 14.0 15.033296378372908 0.24155316484656478 
117 118 0 0 15 26 14.0 15.033296378372908 0.2528896595852361 
116 117 0 0 14 27 14.0 15.033296378372908 0.25011273577162185 
114 116 0 0 15 26 13.038404810405298 15.033296378372908 0.2142978652215959 
113 114 0 0 14 21 13.038404810405298 15.033296378372908 0.20721626253461792 
112 113 0 0 15 21 13.038404810405298 15.033296378372908 0.20449857422466147 
111 111 0 0 14 21 13.038404810405298 15.033296378372908 0.1907975350896695 
110 110 0 0 15 20 13.038404810405298 15.033296378372908 0.20381836333504078 
106 108 0 0 19 24 13.038404810405298 15.033296378372908 0.16762271260752926 
102 106 0 0 19 17 13.038404810405298 15.033296378372908 0.19665719881265342 
101 105 0 0 15 18 13.038404810405298 15.033296378372908 0.3407217482933139 
97 104 0 0 16 38 13.038404810405298 15.033296378372908 0.43783037013655357 
96 103 1 0 16 34 13.038404810405298 15.033296378372908 0.47756865067197474 
95 102 1 0 15 40 13.038404810405298 14.142135623730951 0.37392879533660994 
94 98 1 0 14 27 13.038404810405298 14.142135623730951 0.36540698073123945 
93 97 1 0 13 25 13.038404810405298 14.142135623730951 0.3318476322522057 
92 96 1 0 14 21 13.038404810405298 14.142135623730951 0.3317386099268772 
90 95 1 0 16 22 13.038404810405298 14.142135623730951 0.3309094816423527 
88 94 1 0 17 22 13.038404810405298 14.142135623730951 0.3418790143354633 
86 93 1 0 16 22 13.038404810405298 14.142135623730951 0.3524954031149382 
85 92 1 0 14 22 13.038404810405298 14.142135623730951 0.3504978207641781 
84 90 1 0 14 23 13.038404810405298 14.142135623730951 0.329457239221976 
83 89 1 0 14 20 13.038404810405298 14.142135623730951 0.3333197659737168 
82 88 1 0 14 20 12.0 14.142135623730951 0.3453763666715842 
81 87 1 0 14 22 12.0 14.142135623730951 0.36725003803554135 
80 86 1 0 12 23 11.045361017187261 14.142135623730951 0.20698129027580917 
78 82 1 1 15 23 11.045361017187261 14.142135623730951 0.2051628454319829 
77 81 1 1 13 22 11.045361017187261 13.038404810405298 0.0786438545380913 
76 80 1 2 13 22 11.045361017187261 13.038404810405298 0.07709462029437045 
74 79 1 2 13 21 11.045361017187261 13.038404810405298 0.07663245405540633 
73 78 1 2 14 22 11.045361017187261 13.038404810405298 0.0743631138524892 
71 77 1 2 13 20 11.045361017187261 13.038404810405298 0.10116254270991759 
63 75 1 2 13 19 11.40175425099138 13.038404810405298 0.2264023082607926 
61 74 2 2 13 19 11.40175425099138 12.165525060596439 0.35624115029854125 
59 73 3 2 13 19 11.40175425099138 12.165525060596439 0.3698001484525683 
57 72 3 2 11 19 12.083045973594572 12.165525060596439 0.37499534103951315 
56 71 3 2 11 19 10.770329614269007 12.165525060596439 0.3800485777732559 
55 70 3 2 11 19 9.486832980505138 12.165525060596439 0.3781461996158993 
54 69 3 2 10 18 9.486832980505138 12.165525060596439 0.3841872890427714 
53 68 3 2 10 18 8.0 12.165525060596439 0.544935359179151 
47 67 4 2 9 18 8.0 12.165525060596439 0.5157467325350419 
46 61 4 2 9 19 8.0 12.649110640673518 0.5031922461972831 
45 60 4 2 9 17 7.615773105863909 12.649110640673518 0.5148818848495901 
43 59 4 2 9 18 7.615773105863909 12.649110640673518 0.5063600702442195 
42 58 4 2 8 16 7.615773105863909 12.649110640673518 0.5041045481732271 
42 57 4 2 6 15 7.615773105863909 12.649110640673518 0.496302839527053 
41 56 4 2 6 14 7.615773105863909 12.649110640673518 0.6183537910505521 
40 54 5 2 5 14 7.615773105863909 12.649110640673518 0.6230708493412096 
39 53 5 2 4 14 7.615773105863909 12.649110640673518 0.7466572169765049 
38 52 6 2 4 14 7.615773105863909 12.649110640673518 0.6135187896345993 
37 51 6 3 4 13 7.615773105863909 12.649110640673518 0.6334406993781441 
36 50 6 3 3 15 7.211102550927978 12.649110640673518 0.6322584271799837 
35 49 6 3 3 15 7.211102550927978 12.649110640673518 0.6491841132654291 
33 47 7 4 3 18 7.211102550927978 12.649110640673518 0.6421025105784512 
32 46 7 4 4 18 7.211102550927978 12.649110640673518 0.49968237627360634 
30 44 7 5 1 13 7.0710678118654755 12.649110640673518 0.4912003480666082 
29 43 7 5 1 12 7.211102550927978 12.649110640673518 0.4702070635181654 
28 42 7 5 1 10 7.211102550927978 11.40175425099138 0.46930202727143366 
27 41 7 5 1 11 7.211102550927978 10.198039027185569 0.5744702974810797 
26 40 8 5 3 10 7.211102550927978 10.198039027185569 0.47270751739715045 
24 39 8 6 1 10 5.830951894845301 10.198039027185569 0.45060568093764497 
23 37 8 6 0 8 6.324555320336759 9.486832980505138 0.44173779660446244 
23 36 8 6 2 7 2.8284271247461903 9.486832980505138 0.43832773117549884 
23 35 8 6 2 7 2.0 9.486832980505138 0.4214524155803383 
22 34 8 6 1 7 5.0990195135927845 8.246211251235321 0.5541555716658998 
21 33 9 6 0 7 3.1622776601683795 7.0710678118654755 0.545380708646481 
21 32 9 6 1 7 1.4142135623730951 6.324555320336759 1 
