140 140 0 0 14 14 16.0 16.0 0.09996401148978207 
138 139 0 0 17 17 16.0 14.142135623730951 0.17631394578964038 
134 138 0 0 16 21 12.649110640673518 16.0 0.17103759434120785 
133 137 0 0 15 19 12.165525060596439 16.0 0.1636927261356836 
131 135 0 0 16 19 12.165525060596439 16.0 0.15963834927817472 
129 133 0 0 16 20 13.038404810405298 15.033296378372908 0.14237741669985965 
127 132 0 0 16 18 15.033296378372908 15.033296378372908 0.18617592869708205 
125 131 0 0 14 22 15.033296378372908 15.033296378372908 0.19226921664809044 
123 130 0 0 15 23 15.033296378372908 15.033296378372908 0.20440587860024417 
121 129 0 0 15 24 15.033296378372908 15.033296378372908 0.21632353951345923 
120 128 0 0 14 25 15.033296378372908 15.033296378372908 0.266435798727213 
119 127 0 0 14 32 14.0 15.033296378372908 0.2594790186497026 
117 126 0 0 15 31 14.0 15.033296378372908 0.1992332172780496 
116 124 0 0 14 22 14.0 15.033296378372908 0.20353619548636162 
114 123 0 0 15 22 13.038404810405298 15.033296378372908 0.215065768271563 
113 121 0 0 14 24 13.038404810405298 15.033296378372908 0.19747476472866735 
111 120 0 0 16 23 13.038404810405298 14.142135623730951 0.2150477115150139 
110 118 0 0 14 25 13.038404810405298 14.142135623730951 0.18060752995748583 
109 114 0 0 14 23 13.038404810405298 14.142135623730951 0.16712571586571587 
107 113 0 0 15 21 13.038404810405298 14.142135623730951 0.17273734380360992 
105 112 0 0 15 21 13.038404810405298 14.142135623730951 0.16469181454603285 
104 110 0 0 14 20 13.038404810405298 14.142135623730951 0.15865469655951353 
100 109 0 0 18 20 13.038404810405298 14.142135623730951 0.1637846644842935 
98 108 0 0 17 19 13.038404810405298 14.142135623730951 0.17505157829531906 
96 106 0 0 16 20 13.038404810405298 14.142135623730951 0.17440083119312946 
95 105 0 0 16 20 13.038404810405298 14.142135623730951 0.30904710684116354 
87 104 1 0 23 22 13.038404810405298 13.341664064126334 0.3689617849188894 
81 103 1 0 16 20 13.038404810405298 13.341664064126334 0.5343201401559243 
75 102 2 0 14 19 12.165525060596439 13.341664064126334 0.5576301440340028 
71 100 2 0 12 19 12.165525060596439 13.341664064126334 0.5748967739109362 
67 98 2 0 11 19 12.165525060596439 13.341664064126334 0.7489636340704523 
59 97 3 0 10 19 12.165525060596439 13.341664064126334 0.7861934541181778 
55 96 3 0 9 21 12.165525060596439 13.341664064126334 0.7918050820560719 
53 95 3 0 9 21 12.165525060596439 13.341664064126334 0.8037227429692869 
52 94 3 0 8 22 12.165525060596439 13.341664064126334 0.9027727878162629 
51 93 4 0 10 20 12.165525060596439 13.341664064126334 0.9144277897553023 
49 92 4 0 9 20 12.165525060596439 13.341664064126334 0.9390074305690226 
48 90 4 0 8 24 12.165525060596439 13.341664064126334 1.0498815644441128 
46 89 5 0 8 21 12.165525060596439 13.341664064126334 1.0482212725292033 
45 88 5 0 8 20 11.045361017187261 13.341664064126334 1.0549817822575756 
43 87 5 0 8 19 9.486832980505138 13.341664064126334 1.1065809827115691 
42 86 5 0 8 27 8.246211251235321 12.165525060596439 1.0884959792235094 
41 85 5 0 6 22 7.615773105863909 12.165525060596439 1.1008953001498387 
40 84 5 0 6 24 7.615773105863909 12.165525060596439 1.0545693149478326 
39 83 5 0 6 17 7.615773105863909 12.165525060596439 1.0855066832701383 
38 81 5 0 5 21 6.324555320336759 12.165525060596439 1.0870157687585857 
37 80 5 0 5 22 7.211102550927978 12.165525060596439 1.0667899196136177 
36 79 5 0 5 19 7.211102550927978 12.165525060596439 1.1784083724759982 
35 78 6 0 6 18 7.211102550927978 12.165525060596439 1.205868069561025 
31 77 6 0 5 19 7.0710678118654755 11.40175425099138 1.3240115564376653 
30 76 7 0 6 19 7.0710678118654755 11.40175425099138 1.3701440529417837 
29 75 7 0 4 22 4.0 11.40175425099138 1.3540430001125119 
28 74 7 0 4 19 3.1622776601683795 11.40175425099138 1.3722230360658108 
26 73 7 0 3 20 3.1622776601683795 11.40175425099138 1.4968710959193674 
24 72 8 0 2 19 4.242640687119285 11.40175425099138 1.5159277376698845 
22 71 8 0 1 18 1.4142135623730951 11.40175425099138 1.4930728398098896 
21 70 9 1 0 18 7.0710678118654755 11.40175425099138 1.5184559755730707 
21 69 9 1 0 20 3.1622776601683795 11.40175425099138 1.5010565691756728 
21 68 9 1 1 18 1.4142135623730951 11.40175425099138 1 
