140 140 0 0 14 14 16.0 16.0 0.11775107049015321 
138 138 0 0 17 17 16.0 14.142135623730951 0.17180741828007848 
134 136 0 0 16 19 13.038404810405298 16.0 0.20340844810188566 
132 135 0 0 16 23 13.038404810405298 16.0 0.21486212646416203 
130 133 0 0 16 25 13.038404810405298 16.0 0.22027873918312824 
128 132 0 0 16 25 13.038404810405298 16.0 0.2835638362957318 
126 131 0 0 14 32 13.038404810405298 16.0 0.24295890691449862 
125 129 0 0 14 27 13.038404810405298 16.0 0.22926043385021144 
123 128 0 0 15 25 13.038404810405298 16.0 0.23467704656917765 
121 127 0 0 15 25 13.038404810405298 16.0 0.22678845015501814 
120 126 0 0 14 23 13.038404810405298 16.0 0.2310530249100592 
119 125 0 0 14 23 12.0 16.0 0.2369928646729027 
117 124 0 0 15 24 12.0 16.0 0.254478304967794 
116 123 0 0 14 26 12.165525060596439 16.0 0.25468242084871734 
114 122 0 0 15 26 12.0 16.0 0.25386315575414536 
113 121 0 0 15 26 12.0 16.0 0.24618755992169128 
111 120 0 0 15 24 12.0 16.0 0.2448450677832419 
110 119 0 0 14 23 12.0 16.0 0.2500628683319801 
109 117 0 0 14 25 12.0 16.0 0.2557897075131183 
108 116 0 0 14 26 12.0 16.0 0.24916056576841877 
106 115 0 0 16 26 12.0 16.0 0.2595766747437225 
105 114 0 0 14 26 12.165525060596439 16.0 0.2603038611239266 
104 113 0 0 14 27 12.165525060596439 15.033296378372908 0.26146120279854723 
102 111 0 0 15 29 13.038404810405298 15.033296378372908 0.22760118986325212 
100 110 0 0 15 23 13.038404810405298 15.033296378372908 0.21971259344909266 
99 109 0 0 14 21 13.038404810405298 15.033296378372908 0.25670768958268464 
98 108 0 0 14 26 12.0 15.033296378372908 0.25149246916715046 
96 107 0 0 15 26 12.0 14.142135623730951 0.22448878696973773 
95 106 0 0 15 22 12.0 14.142135623730951 0.24290038235965772 
91 105 0 0 16 23 12.0 14.142135623730951 0.242294117846791 
89 104 0 0 17 23 12.0 14.142135623730951 0.35396739572096547 
87 103 1 0 19 22 12.0 14.142135623730951 0.4779966545209777 
86 102 2 0 19 22 12.0 14.142135623730951 0.48798977905231716 
82 101 2 0 20 21 11.045361017187261 14.142135623730951 0.5581497557235751 
76 100 2 0 21 28 11.045361017187261 14.142135623730951 0.7067150734351015 
68 99 3 0 22 26 11.045361017187261 14.142135623730951 0.8067794809587742 
62 98 3 0 13 29 11.045361017187261 13.341664064126334 0.9056707767437004 
61 97 4 0 15 27 11.045361017187261 13.341664064126334 0.9314517527637812 
57 96 4 0 15 28 10.770329614269007 13.341664064126334 0.974589498416854 
55 94 4 0 13 33 10.770329614269007 13.341664064126334 0.9685508519249887 
54 93 4 0 12 30 9.055385138137417 13.341664064126334 0.9346908389896939 
52 92 4 0 12 24 9.055385138137417 13.341664064126334 0.9452744241342387 
50 91 4 0 12 24 8.0 13.341664064126334 0.9761392263304632 
49 90 4 0 10 27 8.0 13.341664064126334 1.0256905730981345 
48 89 4 0 10 34 7.0710678118654755 13.341664064126334 1.0172787496400977 
47 88 4 0 8 31 7.0710678118654755 13.341664064126334 0.9263903321038433 
43 87 4 1 7 33 7.615773105863909 13.341664064126334 0.8659340893137739 
43 85 4 1 6 25 7.615773105863909 13.341664064126334 0.8263614256088179 
42 84 4 1 7 20 7.615773105863909 13.341664064126334 0.8441482076650992 
41 82 4 1 6 23 7.615773105863909 13.341664064126334 0.8322179269725035 
40 81 4 1 6 21 7.211102550927978 13.341664064126334 0.7902846938642981 
38 77 4 1 6 17 7.211102550927978 13.341664064126334 0.9341652660731463 
36 76 5 1 7 20 7.211102550927978 13.341664064126334 0.9572739401161482 
34 75 6 2 4 20 7.211102550927978 13.341664064126334 0.9571887627359323 
33 74 6 2 5 20 5.830951894845301 13.341664064126334 0.9497776363819089 
32 72 6 2 5 21 5.830951894845301 12.165525060596439 1.0604044601683287 
30 71 7 2 5 18 5.830951894845301 12.165525060596439 1.1970215971691982 
28 70 8 2 3 17 5.656854249492381 12.165525060596439 1.1915320050684106 
28 69 8 2 3 16 4.0 12.165525060596439 1.1846898627420057 
27 68 8 2 4 16 4.0 12.165525060596439 1.2021522299246379 
25 67 8 2 2 16 4.0 12.165525060596439 1.2054343000429533 
24 66 8 2 2 16 3.1622776601683795 12.165525060596439 1.235966523651833 
23 65 8 2 1 19 2.0 12.165525060596439 1.2254461802076473 
22 64 8 2 2 18 1.4142135623730951 12.165525060596439 1.3726013044960383 
21 63 9 2 0 21 3.1622776601683795 12.165525060596439 1.3615353818828027 
21 62 9 2 1 20 1.4142135623730951 12.165525060596439 1 
