140 140 0 0 14 14 16.0 16.0 0.011923740184346457 
138 138 0 0 17 17 16.0 14.142135623730951 0.060956189916358636 
134 137 0 0 16 17 13.038404810405298 16.0 0.06868374300139411 
132 136 0 0 16 18 14.0 16.0 0.0747694315836765 
130 134 0 0 16 19 14.0 16.0 0.09350322816384199 
128 132 0 0 16 22 14.0 16.0 0.09938668341757877 
126 131 0 0 14 20 14.0 16.0 0.09856186966819815 
125 130 0 0 14 20 14.142135623730951 16.0 0.11121019083099162 
123 129 0 0 15 22 14.142135623730951 16.0 0.13635968268829646 
121 128 0 0 15 25 14.142135623730951 16.0 0.1487416706744782 
120 127 0 0 14 26 14.142135623730951 16.0 0.12383226526874941 
119 125 0 0 14 23 13.038404810405298 15.033296378372908 0.11905864765927351 
117 124 0 0 15 23 14.0 15.033296378372908 0.11879252764757235 
116 123 0 0 14 22 14.0 15.033296378372908 0.15518684158157656 
114 122 0 0 15 27 13.038404810405298 15.033296378372908 0.1549207215698753 
113 121 0 0 14 26 13.038404810405298 15.033296378372908 0.14232812276207676 
111 119 0 0 16 26 13.038404810405298 15.033296378372908 0.16721128144276962 
110 118 0 0 14 28 13.038404810405298 15.033296378372908 0.25505460907475375 
102 117 1 0 22 23 13.038404810405298 15.033296378372908 0.32853800725885796 
94 116 1 0 18 24 13.341664064126334 15.033296378372908 0.35966259564809755 
90 115 1 0 16 24 13.341664064126334 15.033296378372908 0.35516247101671133 
88 114 1 0 17 24 13.341664064126334 14.142135623730951 0.36788108432880745 
87 113 1 0 16 24 12.0 14.142135623730951 0.3612909103181647 
86 112 1 0 15 22 12.0 14.142135623730951 0.4607079962537815 
85 110 2 0 15 19 12.0 14.142135623730951 0.46673838881089014 
83 109 2 0 14 18 12.0 14.142135623730951 0.4538794568264796 
82 107 2 0 14 17 12.0 14.142135623730951 0.5725350379355327 
80 105 3 0 16 18 12.0 14.142135623730951 0.6035679850465743 
76 103 3 0 14 19 12.0 14.142135623730951 0.5904151784554205 
75 101 3 0 12 16 12.0 14.142135623730951 0.5964731124426605 
74 100 3 0 11 16 12.0 14.142135623730951 0.5967674133792251 
70 98 3 0 15 18 12.0 14.142135623730951 0.6655424511553701 
66 97 3 0 11 22 12.0 14.142135623730951 0.6590075731699011 
65 95 3 0 11 22 12.0 14.142135623730951 0.6276813909468477 
63 94 3 0 14 19 12.0 14.142135623730951 0.6385980175549555 
61 93 3 0 14 19 11.045361017187261 14.142135623730951 0.6402560436119923 
57 89 3 0 13 19 11.045361017187261 13.341664064126334 0.7651803826948131 
55 88 4 0 14 19 11.045361017187261 13.341664064126334 0.7764280021632126 
54 87 4 0 13 19 10.0 13.341664064126334 0.8646986381366922 
53 86 4 0 12 32 10.0 13.341664064126334 0.8519038060003481 
51 85 4 0 12 29 10.0 13.341664064126334 0.8752718386435803 
49 84 4 0 11 30 9.055385138137417 13.341664064126334 0.8778323965050375 
48 83 4 0 10 30 9.055385138137417 12.649110640673518 0.8511854566391748 
47 82 4 0 9 24 8.0 12.649110640673518 0.8365588502245168 
46 81 4 0 8 20 7.0710678118654755 12.649110640673518 0.8742370542064646 
45 80 4 0 7 25 7.0710678118654755 12.649110640673518 0.880267446763573 
43 79 4 0 6 24 7.0710678118654755 12.649110640673518 0.979895569850628 
41 78 5 0 7 20 7.0710678118654755 12.649110640673518 1.123351259020158 
39 77 6 0 5 20 7.0710678118654755 12.649110640673518 1.1169080223128869 
38 76 6 0 5 19 7.0710678118654755 12.649110640673518 1.1457084859409061 
34 75 6 0 5 20 6.324555320336759 12.649110640673518 1.154216909748033 
33 74 6 0 4 20 5.830951894845301 12.649110640673518 1.1574715284457835 
32 72 6 0 4 22 5.830951894845301 12.083045973594572 1.1257873717679203 
31 70 6 0 5 19 5.830951894845301 12.083045973594572 1.1316796670150238 
30 69 7 1 4 19 5.830951894845301 12.083045973594572 1.1513694110867785 
28 68 7 1 4 21 5.656854249492381 12.083045973594572 1.157280407770647 
27 67 7 1 2 20 5.656854249492381 12.083045973594572 1.125449313789412 
26 65 7 1 2 16 5.656854249492381 12.083045973594572 1.1385280984409079 
25 64 7 1 1 16 4.242640687119285 12.083045973594572 1.1562417505112157 
24 63 7 1 1 19 4.47213595499958 12.083045973594572 1.1433088210648668 
23 62 8 2 1 17 4.47213595499958 12.083045973594572 1.1462545971957119 
22 61 8 2 0 17 5.0990195135927845 12.083045973594572 1.1432767229452019 
22 60 8 2 1 17 3.1622776601683795 12.083045973594572 1.1365209101944225 
21 59 9 3 0 15 3.1622776601683795 12.083045973594572 1.132606346902608 
21 58 9 3 1 15 1.4142135623730951 12.083045973594572 1 
