140 140 0 0 14 14 16.0 16.0 0.27509997394513575 
138 138 0 0 17 17 16.0 14.142135623730951 0.32023791785386135 
134 136 0 0 16 18 13.038404810405298 16.0 0.3308074940056112 
133 135 0 0 15 19 13.038404810405298 16.0 0.3227092820440277 
131 133 0 0 16 20 14.142135623730951 16.0 0.3457474349968655 
129 131 0 0 16 24 14.142135623730951 16.0 0.36208829519834335 
127 129 0 0 16 27 14.142135623730951 16.0 0.37113924641135965 
125 128 0 0 14 26 14.142135623730951 16.0 0.34223065237854744 
123 126 0 0 15 23 14.0 16.0 0.31838775607186776 
121 124 0 0 15 20 14.0 16.0 0.3356546249749772 
120 123 0 0 14 22 14.0 16.0 0.3332033451452642 
119 122 0 0 14 22 13.038404810405298 15.033296378372908 0.325787227884239 
117 120 0 0 15 23 14.0 15.033296378372908 0.31495854136967383 
116 118 0 0 14 22 14.0 15.033296378372908 0.31807800758707144 
114 117 0 0 15 22 13.038404810405298 15.033296378372908 0.32864758373882125 
113 116 0 0 14 23 13.038404810405298 15.033296378372908 0.31470736524507503 
111 115 0 0 16 22 13.038404810405298 15.033296378372908 0.32432744107215583 
110 114 0 0 14 22 13.038404810405298 15.033296378372908 0.3169040156512744 
109 113 0 0 14 22 13.038404810405298 14.0 0.3154088823355785 
107 112 0 0 15 22 13.038404810405298 14.0 0.3330561269492925 
105 111 0 0 15 24 13.038404810405298 14.0 0.3436257031010422 
104 110 0 0 14 25 13.038404810405298 14.0 0.34826774564612517 
103 109 0 0 14 26 12.0 13.038404810405298 0.31137767157067947 
101 105 0 0 15 25 12.0 12.165525060596439 0.3343444203254877 
95 104 0 0 23 31 12.0 12.165525060596439 0.3908816312919108 
94 102 1 0 25 24 12.0 12.165525060596439 0.4759583121819364 
88 101 1 0 16 24 11.045361017187261 12.165525060596439 0.4904609442778127 
86 99 1 0 15 26 11.045361017187261 12.0 0.5672455744256344 
82 98 1 0 15 35 11.045361017187261 12.0 0.6294973698426078 
76 97 1 0 15 40 11.045361017187261 12.0 0.6369581396166615 
72 91 2 0 14 25 11.045361017187261 12.165525060596439 0.6348838539591335 
70 90 2 0 13 23 10.770329614269007 12.165525060596439 0.6493257135112734 
68 88 2 0 11 24 10.770329614269007 12.165525060596439 0.6621746660229659 
66 87 2 0 13 27 10.770329614269007 12.165525060596439 0.6486134823686929 
64 86 2 0 13 24 10.295630140987 12.165525060596439 0.6870355766458546 
62 85 2 0 13 30 10.295630140987 11.045361017187261 0.6721458578274394 
60 84 2 0 14 28 10.295630140987 11.045361017187261 0.7401786536472437 
59 82 3 0 14 21 10.295630140987 11.045361017187261 0.7416716353486739 
58 81 3 0 9 17 10.0 11.045361017187261 0.7606574690158184 
57 80 3 0 8 18 8.246211251235321 11.045361017187261 0.7453873744867988 
56 79 3 0 8 16 8.246211251235321 11.045361017187261 0.7680451517290318 
55 77 3 0 7 20 8.246211251235321 11.045361017187261 0.7472188915804662 
51 76 3 0 10 17 8.246211251235321 11.045361017187261 0.8959760845041528 
50 75 4 0 9 20 8.246211251235321 11.045361017187261 0.9259435731539545 
48 73 4 0 8 24 8.0 11.045361017187261 0.9342865818667165 
44 72 4 0 9 25 9.899494936611665 11.045361017187261 0.945895035611799 
43 71 4 0 9 26 8.48528137423857 11.045361017187261 0.962222384931708 
42 69 4 0 9 29 7.211102550927978 11.045361017187261 0.9119472017071568 
40 68 4 0 8 20 7.211102550927978 11.045361017187261 0.9229133539995337 
39 67 5 1 8 22 7.211102550927978 11.045361017187261 0.9248866367505858 
38 66 5 1 5 20 7.211102550927978 11.045361017187261 0.9153643346482567 
37 65 5 1 4 18 7.211102550927978 11.045361017187261 0.9134888256219562 
36 64 5 1 4 18 7.211102550927978 11.045361017187261 0.9239843145479917 
35 63 5 1 3 18 5.830951894845301 11.045361017187261 0.9221088055216913 
34 62 5 1 3 18 5.830951894845301 11.045361017187261 0.9604170530035485 
33 61 5 1 3 24 5.830951894845301 11.045361017187261 0.9378967415391274 
32 60 6 2 3 21 5.830951894845301 11.045361017187261 0.9216771466854387 
31 59 6 2 2 18 5.830951894845301 11.045361017187261 0.9282214606559912 
30 58 6 2 4 20 4.47213595499958 11.045361017187261 0.9311442437317123 
29 57 6 2 2 19 4.47213595499958 11.045361017187261 0.7897598963961289 
28 55 6 3 3 18 3.1622776601683795 11.045361017187261 0.6107887290956744 
27 51 6 4 2 13 3.1622776601683795 11.045361017187261 0.7346557516632607 
26 50 7 4 3 14 3.1622776601683795 11.045361017187261 0.7294047198686601 
25 48 7 4 2 13 2.0 11.045361017187261 0.7298705886287358 
25 47 7 4 1 14 2.8284271247461903 11.045361017187261 0.7201070846512274 
24 46 7 4 1 14 4.47213595499958 11.045361017187261 0.8342701301307964 
23 45 8 4 0 14 6.324555320336759 10.0 0.8351560289872109 
23 44 8 4 0 14 4.47213595499958 10.0 0.8242207817295694 
23 43 8 4 1 14 2.8284271247461903 9.055385138137417 0.8211282655596968 
22 41 8 4 1 14 1.4142135623730951 9.055385138137417 0.9169803860366866 
21 40 9 4 0 14 7.0710678118654755 8.0 0.9227470333726139 
21 39 9 4 0 14 3.1622776601683795 7.0710678118654755 0.7853411010633176 
21 38 9 5 1 13 1.4142135623730951 7.0710678118654755 1 
