140 140 0 0 14 14 16.0 16.0 0.039559686589365275 
138 139 0 0 17 17 16.0 14.142135623730951 0.0928664343154112 
134 138 0 0 16 17 12.165525060596439 16.0 0.13155110557380373 
133 137 0 0 15 22 12.0 16.0 0.1391202708064437 
131 136 0 0 16 24 13.038404810405298 16.0 0.11265438113566373 
129 132 0 0 16 22 13.038404810405298 16.0 0.12034940364020481 
127 131 0 0 16 23 14.0 16.0 0.13230450446070338 
125 130 0 0 14 22 14.0 16.0 0.1448395680864416 
123 128 0 0 15 25 14.0 16.0 0.1507236843594434 
121 126 0 0 15 26 14.0 16.0 0.14381691886212994 
120 125 0 0 14 24 14.0 16.0 0.13535444192385687 
119 123 0 0 14 23 13.038404810405298 16.0 0.1480751271160943 
117 122 0 0 15 25 13.038404810405298 16.0 0.14098274005228145 
116 120 0 0 14 24 13.038404810405298 16.0 0.1388465186970369 
114 119 0 0 15 23 12.165525060596439 16.0 0.13833550576187986 
113 118 0 0 14 22 12.165525060596439 16.0 0.13212412805822732 
111 117 0 0 16 22 12.165525060596439 16.0 0.1261081046056039 
110 115 0 0 16 22 12.0 16.0 0.1517350965565784 
106 114 0 0 18 25 12.0 16.0 0.1967789494628701 
98 113 0 0 22 29 12.0 16.0 0.3800802811761157 
88 112 1 0 23 31 12.0 15.033296378372908 0.47371376873811616 
87 111 2 0 22 26 13.038404810405298 15.033296378372908 0.5231374074036597 
83 110 2 0 17 26 13.038404810405298 15.033296378372908 0.5452351811718426 
81 109 2 0 16 26 11.045361017187261 15.033296378372908 0.6814185299604074 
77 108 3 0 12 21 11.045361017187261 15.033296378372908 0.7450500408593184 
75 107 3 0 12 30 11.045361017187261 15.033296378372908 0.7191410158880364 
73 106 3 0 12 25 11.045361017187261 15.033296378372908 0.7247705607244564 
72 105 3 0 10 24 11.045361017187261 15.033296378372908 0.743631803688271 
70 104 3 0 10 26 11.045361017187261 15.033296378372908 0.7499567363183519 
68 103 3 0 11 27 11.045361017187261 15.033296378372908 0.8698050528915877 
67 102 4 0 10 26 11.045361017187261 14.142135623730951 0.8263685645984856 
65 101 4 0 10 19 12.0 14.142135623730951 0.8388340550001436 
63 100 4 0 10 20 12.0 14.142135623730951 0.8449739894177227 
62 99 4 0 10 21 12.0 14.142135623730951 0.8766969340839285 
61 98 4 0 10 26 12.0 14.142135623730951 0.8756500499273745 
59 97 4 0 10 25 12.0 14.0 0.8812795947637944 
58 96 4 0 8 24 12.0 14.0 0.900140837727609 
56 95 4 0 8 26 12.0 14.0 0.9107615355521157 
55 94 4 0 7 26 11.045361017187261 14.0 0.8723863968251784 
54 93 4 0 8 21 11.045361017187261 14.0 0.745753957458426 
53 92 4 1 8 20 10.0 14.0 0.7805337714360506 
52 91 4 1 8 26 10.0 13.341664064126334 0.9117377347715131 
50 90 5 1 9 27 10.0 13.341664064126334 0.922308702992849 
49 89 5 1 8 27 9.055385138137417 13.341664064126334 0.9027954305837238 
47 88 5 1 8 23 9.055385138137417 13.341664064126334 0.8940954299311696 
46 87 5 1 6 20 9.055385138137417 13.038404810405298 0.8874438592244359 
45 86 5 1 6 19 9.055385138137417 13.038404810405298 0.8930734040608557 
44 85 5 1 4 18 9.055385138137417 13.038404810405298 0.7612549350348957 
43 84 5 2 4 17 9.055385138137417 13.038404810405298 0.75983912359054 
42 83 5 2 4 16 8.0 13.038404810405298 0.7487605674835981 
41 82 5 2 4 15 8.0 12.165525060596439 0.748086440042626 
40 81 5 2 4 15 8.0 12.083045973594572 0.7603669322317823 
39 80 5 2 3 16 8.0 12.083045973594572 0.7711152935945527 
38 79 5 2 3 17 7.0710678118654755 12.083045973594572 0.7706042806593955 
37 78 5 2 2 16 7.0710678118654755 12.083045973594572 0.7739210277993214 
35 77 5 2 3 15 5.0990195135927845 12.083045973594572 0.7736652096547441 
34 76 5 2 3 15 5.0990195135927845 12.083045973594572 0.8982182256374703 
32 75 6 2 3 14 5.0990195135927845 12.083045973594572 0.9232902229509399 
31 74 6 2 2 17 5.0990195135927845 12.083045973594572 0.9167088488222839 
31 73 6 2 2 17 5.0990195135927845 12.083045973594572 0.9101274746936279 
31 72 6 2 2 17 5.0990195135927845 12.083045973594572 0.9035461005649719 
31 71 6 2 2 17 5.0990195135927845 12.083045973594572 0.8841732213120026 
31 70 6 2 2 15 5.0990195135927845 12.083045973594572 0.8710104730546906 
31 68 6 2 2 15 5.0990195135927845 12.083045973594572 0.8900121091746613 
31 67 6 2 2 19 5.0990195135927845 12.083045973594572 0.8607881692143903 
31 66 6 2 2 16 5.0990195135927845 11.40175425099138 0.8481019109674314 
31 65 6 2 2 16 5.0990195135927845 10.198039027185569 0.8415205368387754 
31 64 6 2 2 16 5.0990195135927845 10.198039027185569 0.841334915272276 
31 63 6 2 2 17 5.0990195135927845 10.198039027185569 0.8283577885814634 
31 62 6 2 2 16 5.0990195135927845 10.198039027185569 0.8095854626259013 
31 61 6 2 2 15 5.0990195135927845 9.055385138137417 0.8179686744653096 
29 60 6 2 2 17 7.211102550927978 9.055385138137417 0.8172720399636533 
28 58 6 2 1 17 7.211102550927978 9.055385138137417 0.9222671784809086 
27 56 7 2 0 14 7.211102550927978 9.055385138137417 0.9236516155294139 
27 55 7 2 1 15 5.656854249492381 9.055385138137417 0.9184282117336128 
26 54 7 2 1 15 5.830951894845301 8.246211251235321 0.9309638987133485 
25 53 7 2 1 17 5.830951894845301 8.246211251235321 1.0523897172849985 
24 52 8 2 1 17 5.830951894845301 7.615773105863909 1.0366384356286487 
23 51 8 2 0 14 6.324555320336759 7.615773105863909 1.026524970823969 
23 49 8 2 1 14 4.47213595499958 7.615773105863909 1.0231591871514236 
22 48 8 2 1 14 5.0990195135927845 7.615773105863909 1.1603187100459615 
21 47 9 2 0 15 5.0990195135927845 7.615773105863909 1.1401084462817783 
21 45 9 2 1 12 1.4142135623730951 7.615773105863909 1 
