-0.006298242565860681 
-0.0063416489363695185 
-0.006371108342142272 
-0.0063865712927530325 
-0.0064231860126944505 
-0.006429411219144189 
-0.006435983821999039 
-0.006475797548037101 
-0.006460735236169304 
-0.006445445059737627 
-0.006479790737321417 
-0.0065310564443544165 
-0.006564011553256989 
-0.006540798253047631 
-0.006583314672618324 
-0.006575546256254401 
-0.006558304164869733 
-0.006603484033490011 
-0.006596091361096261 
-0.006601799487597846 
-0.006579349375986071 
-0.006622063971880305 
-0.006615654936736344 
-0.006606631829522529 
-0.006625051793268905 
-0.006624948271192013 
-0.0066185940409908715 
-0.00668791296047476 
-0.00668849442819 
-0.006679853325375138 
-0.00998717417300748 
-0.009971590680040405 
-0.009992636923458975 
-0.009958149214200285 
-0.009939958427277486 
-0.00997221023493704 
-0.009946333253924564 
-0.009936879124456293 
-0.009899880551649202 
-0.009878159605425653 
-0.009883647245261253 
-0.009880022652368224 
-0.00990938578120915 
-0.009878355527144222 
-0.009818456546062502 
-0.009799290784728564 
-0.009788846997161779 
-0.009755490205379311 
-0.00974151496717284 
-0.00971497106533444 
-0.009711921567289287 
-0.0096793697147081 
-0.009654363263992216 
-0.009643976841120946 
-0.00962001057184274 
-0.009600055119380202 
-0.009570688026242048 
-0.009535298871253558 
-0.009523084464941125 
-0.00948686425806485 
-0.006221266762577844 
-0.006183516645151438 
-0.006173771567634755 
-0.006151529343861705 
-0.006201532321873659 
-0.006181100377687802 
-0.006141365825586827 
-0.006195357869791484 
-0.006184445857460886 
-0.006145298112314323 
-0.006126519160448289 
-0.00616571944407978 
-0.006176085994098704 
-0.006171421784977875 
-0.006204035986856104 
-0.006196626039215817 
-0.006172480410347774 
-0.0061759206793800744 
-0.006173406285423718 
-0.006227181410560696 
-0.006273985370209359 
-0.006292361699554329 
-0.006329652326991627 
-0.006333556528731481 
-0.006324664251011534 
-0.006356443562940824 
-0.006401694315008616 
-0.006379966222427238 
-0.006438717774285418 
-0.006398889543653426 
-0.006235641062479778 
-0.006208854321527918 
-0.006197334471995408 
-0.006188637792250262 
-0.006232167806733111 
-0.006216048100958972 
-0.006209969402125249 
-0.006257697167426217 
-0.006291111047261309 
-0.006265696870577271 
-0.006272343051015029 
-0.006301805325698273 
-0.006286385074265816 
-0.0062586736557194 
-0.006229725323680192 
-0.0062348366134994445 
-0.0062254414560874854 
-0.0062046243932160575 
-0.006198048228823747 
-0.00618985101423222 
-0.006289835367566036 
-0.006269761665638066 
-0.006245803779945473 
-0.006301274522341606 
-0.006283981074868911 
-0.00627265054594158 
-0.006253007068801792 
-0.006299651529655634 
-0.0063112696213413946 
-0.006304570287006548 
-0.006304192620408842 
-0.006278428425276373 
-0.006268020065914201 
-0.006252886795825009 
-0.00624593253676429 
-0.006232447887630884 
-0.00629888203688609 
-0.006283885930657268 
-0.006265515870439131 
-0.006321348909451262 
-0.006330295972927871 
-0.006320753017696766 
-0.006377139794554237 
-0.006453223583883316 
-0.0064285822782755644 
-0.006478162302138588 
-0.0065415702696076505 
-0.006612826474895735 
-0.006614767751164344 
-0.006645992778310803 
-0.006622576690013989 
-0.006591120813310445 
-0.0065719778469929295 
-0.006543100938930161 
-0.006508718414691832 
-0.006494558341326619 
-0.006469584977596092 
-0.0065143492722186565 
-0.006505369674381294 
-0.0064716018745465415 
-0.006236313474188821 
-0.006200006250463217 
-0.006186259751055277 
-0.006166152300656033 
-0.0062185922542578225 
-0.0062112221583962 
-0.006199600985372797 
-0.0061874281132639755 
-0.006177878073749755 
-0.006156532920752441 
-0.006202491491274779 
-0.006179327610588596 
-0.00616969826955744 
-0.006168159282396457 
-0.0061419098830016745 
-0.006203516293875179 
-0.0062032605793416965 
-0.006248426513819556 
-0.00624699569133318 
-0.00625413579931744 
-0.006316092123178024 
-0.0063137986872898386 
-0.006299455468557365 
-0.006281851080314729 
-0.006286594855539107 
-0.006285521491580954 
-0.006268721258891189 
-0.006238580213707274 
-0.006234655748781114 
-0.00622050905181663 
-0.006266329659428439 
-0.00623486396202843 
-0.006207231653273516 
-0.0062604997495499465 
-0.006231754401634126 
-0.006221963843992409 
-0.006280199869994049 
-0.006246575629696853 
-0.006211351870998206 
-0.0062523316238476245 
-0.006229470952025139 
-0.0062183452589256874 
-0.00619096683217086 
-0.0061821558348807955 
-0.0061633679348731055 
-0.006261364985165752 
-0.006251379867754215 
-0.00623271655191303 
-0.00619970054422699 
-0.006257677647689849 
-0.0062964810281799614 
-0.006296512568809852 
-0.006267779798693511 
-0.006325555984078635 
-0.0062856265567566285 
-0.006268067569704204 
-0.006297140404225791 
-0.006281965045503167 
-0.006262375040083655 
-0.00625929687834758 
-0.006235877813538245 
-0.006221744617667423 
-0.006209317672655387 
-0.006197708793641002 
-0.006179651846432243 
-0.006204250067062765 
-0.00626259668803886 
-0.00625247440245334 
-0.006248883944672677 
-0.006226447170558708 
-0.006198635339783888 
-0.006177529749930737 
-0.006242003765875063 
-0.006218100761381585 
-0.00619938039420311 
-0.006177334082429091 
-0.006167545521021156 
-0.006128168137295158 
-0.0061119043220202495 
-0.0061393345849593585 
