0.006291773448575312 
0.006283104092701605 
0.0062936882782905984 
0.006316206704235093 
0.006373402726853693 
0.006394556057524598 
0.006406433183497629 
0.006460391086893125 
0.006486777439041249 
0.0065166599417476 
0.006552326565627158 
0.006589061749841134 
0.006617438666109676 
0.006589336375905007 
0.006633391159356427 
0.006639267537750304 
0.006657474625752954 
0.006669628807483839 
0.006676738616924128 
0.006687555789909342 
0.006693575419515135 
0.006716277868229522 
0.0067216004294852 
0.006738161687247623 
0.006782665808662125 
0.0067850823152357225 
0.006771107388523391 
0.006818302632532857 
0.0068316999063252025 
0.006839263773603966 
0.006268583358626641 
0.006262280748129428 
0.006299497253230287 
0.006308453386970473 
0.006332942899303834 
0.006345771640551255 
0.006363235769724705 
0.006368311669441298 
0.006386039188994671 
0.00640254562035181 
0.006421821502549151 
0.006436036885629665 
0.006471329180636074 
0.006476918459284237 
0.006499843193898471 
0.006497970688245334 
0.0065122150973115885 
0.006522864123232433 
0.0065248119041938545 
0.006517565093188934 
0.0065324776007554064 
0.006544441422091486 
0.006567472432554073 
0.0065452372670962745 
0.006538249522971827 
0.006554403394633251 
0.0065646814851872464 
0.00656463730510997 
0.006578253627240918 
0.006592337895199881 
0.006229597343486995 
0.0062356336485177395 
0.006246900991612028 
0.006260130832772926 
0.006289894133668494 
0.00631121165592064 
0.006276059739526148 
0.006320523014574895 
0.006329716854191745 
0.006344531236814302 
0.006332278740007953 
0.006379026037619326 
0.00639846868298011 
0.006416422887372324 
0.006412141135089374 
0.006421399733526368 
0.006428745748861619 
0.006454766280695284 
0.006468370497264242 
0.006436298378707078 
0.006490479829721191 
0.006493724624114975 
0.00650794636141724 
0.006517716576134209 
0.006555785365419175 
0.006607201157334765 
0.0066556141598439564 
0.006649752969987651 
0.006656090204940745 
0.0066641015145176286 
