-0.0049988585106727785 
-0.004999468261502675 
-0.004999448020555033 
-0.004976803046888265 
-0.004968961399242448 
-0.004936919739318498 
-0.004917148408491941 
-0.004912027533108782 
-0.004910573395282612 
-0.0048936262711787954 
-0.004897250659337806 
-0.0048940377498367426 
-0.004891966305709972 
-0.004902447066820732 
-0.004897266631807173 
-0.004905945454303313 
-0.0049024407613174 
-0.00490103447169156 
-0.004881337464620491 
-0.004872597868583036 
-0.004860220962150766 
-0.004857341485094916 
-0.0048519931307743555 
-0.004847652244679605 
-0.00484194040865925 
-0.00484362905503109 
-0.004829926762179505 
-0.00482330365708954 
-0.004806644275003319 
-0.004786499146943306 
-0.004991262472717443 
-0.004965487248131515 
-0.004959348857726427 
-0.004933577382101518 
-0.004921374895437568 
-0.004918329664512472 
-0.004904006235514007 
-0.004884152944874545 
-0.004867306065609808 
-0.004872838976596951 
-0.004864458590444486 
-0.004854175924016946 
-0.0048601482880215536 
-0.004861577510274208 
-0.004852368161366556 
-0.004815580340803937 
-0.004803582228268266 
-0.004780952493398336 
-0.004768649391446396 
-0.00476836898374886 
-0.0047607317808098515 
-0.00474925315900619 
-0.004739991291920479 
-0.004748607498925904 
-0.004715750411375235 
-0.004709919379619842 
-0.004714084971676452 
-0.004713071378649974 
-0.004706103207332288 
-0.00469590356883578 
-0.00500233463493264 
-0.0049913810510995495 
-0.004980737186871822 
-0.0049794345501708755 
-0.004993180270486679 
-0.0049925864753240816 
-0.005009041953203305 
-0.005007585127980262 
-0.005010198961215361 
-0.00500572041373169 
-0.00499792388008023 
-0.00499311018254414 
-0.004981483361939516 
-0.004973419794513141 
-0.00497423574830398 
-0.004952381584630281 
-0.004957715480382081 
-0.00494434782605851 
-0.00494048544488335 
-0.0049395277077489965 
-0.004941085289558101 
-0.004936183729294402 
-0.004931413578052237 
-0.004921410963453382 
-0.004916129972052788 
-0.004913295145910943 
-0.004920761997485999 
-0.004928256821408673 
-0.004935928607959831 
-0.004946131791304737 
