0.01000001539930667 -0.01236706081452877 0.012743688804470427 0.09998549241090561 -0.10003981093123053 0.012464426754875408 -0.012419113546741441 0.012473773789196334 -0.012121697113014156 
0.010000407601241965 -0.012062485864557795 0.013117029079550698 0.09996457684176631 -0.10007700754115385 0.012523145022878032 -0.012321315604793888 0.01247145394863 -0.011897375926530857 
0.01000080320772741 -0.011932306021269786 0.013446695958062594 0.09996035969612875 -0.10011682166017365 0.01249423793512814 -0.01201253697149825 0.01241568389226442 -0.011392353887841399 
0.010001750926646921 -0.01182780739885062 0.013622786023193794 0.09996213881218192 -0.1001251530166978 0.01248816042934546 -0.011871473510872834 0.012302019225477254 -0.011181703990766387 
0.010002083616220602 -0.011716811993485576 0.013815599411014387 0.09995765977589416 -0.10014897333523468 0.012459889827586864 -0.01160067337249506 0.012304435208055638 -0.01076039332104774 
0.010002763882407072 -0.011391812901992931 0.014164385253741984 0.0999392588337412 -0.10017683222013024 0.012496882533218946 -0.011384341204743846 0.012171446599745837 -0.010453034232518081 
0.01000249765104251 -0.01124912995714027 0.014473651236680636 0.09992650946976055 -0.10020836148872025 0.01250436512598959 -0.011203920003126543 0.01217613344725487 -0.010105595216131394 
0.010002370682718243 -0.011105295537572401 0.014783688439562641 0.0999100155296027 -0.10025393832966861 0.012533600809636522 -0.010958986865834994 0.012139003298320437 -0.009627228121552027 
0.010002810740833229 -0.010931849314012481 0.015011946480816857 0.09989779274735247 -0.10027536728695267 0.012566337322850629 -0.010801090533308633 0.012148683927813876 -0.009307267238611217 
0.010004614548998971 -0.010608764130380925 0.015363622116671829 0.09989802399508625 -0.10027807248371952 0.012602104464153692 -0.010570902394261169 0.01220602060706287 -0.009036492557475325 
---
0.001010606924169108 -0.010930445004889315 0.014025669189266987 0.15 -0.15008439471818516 0.12466807037155446 -0.1237110971195852 0.009113755831107448 -0.008786814370511967 
0.00101631941647765 -0.010141624887356478 0.014852209351694677 0.15 -0.15014017188008405 0.12419513977381663 -0.12263501836133613 0.008496501785933754 -0.007215111518053723 
0.0010232862594338954 -0.00941909582672478 0.016250754276694656 0.15 -0.15022911825798305 0.12335525034583854 -0.12090969254226652 0.007895473405310362 -0.003962060355910488 
0.0010300376532969824 -0.00846926289836329 0.017208086228128232 0.15 -0.1502794425494592 0.12247610502932685 -0.119443752087897 0.006885017820812649 -0.0011105790651492527 
0.0010376002344680976 -0.007430413073028677 0.019196376512343863 0.15 -0.15051042678401547 0.12089042525664592 -0.11774052512783614 0.004935270608299436 0.0024602596098085893 
---
0.009958198099371351 -0.013049154675971451 0.017032522405114978 0.2495037379921932 -0.2508974491642711 0.012677983034202912 -0.010157348743596058 0.001968482974528265 0.0009098360414116309 
0.009997253485343291 -0.01259032885259396 0.012718313298147172 0.2499731566708034 -0.2500523526300408 0.012558982861051317 -0.012296981189880834 0.0013160781989401639 -0.0010265988610637887 
0.009994777747594373 -0.012591110015942486 0.012942169850433288 0.24994123857367045 -0.2500958313001269 0.012553446964202204 -0.012076434318120026 0.001401051414827979 -0.0007890282556591383 
0.009990938299696965 -0.012611349358689778 0.013269283002584833 0.2498938316196685 -0.2501664336839391 0.01256320665740373 -0.011826410314644542 0.0014239625162881582 -0.0005482362059272929 
0.009990631553914097 -0.012653404494366737 0.013594316771487742 0.2498905812051886 -0.25017816647547597 0.012587304183479326 -0.01170253307740624 0.0014883445932297712 -0.0005690786275906895 
0.009987451756638658 -0.012740817113506386 0.013964143060985932 0.24986428265715374 -0.25025192033217375 0.012600141004359524 -0.011495931876356062 0.001480583098349804 -0.00031983986496602983 
0.009985043936765215 -0.012803409113026465 0.014327015541444067 0.24983361485129593 -0.2503164845506351 0.012561291916711055 -0.011392757087948235 0.001448133317143789 -0.00020764422867325475 
0.009988088346506675 -0.012774374482677032 0.014617660976495191 0.24986654090264368 -0.25031710132725576 0.012548687250366473 -0.011252837168182258 0.0014913730163753842 9.699087802556705e-06 
0.009986954357430215 -0.01279757816993767 0.014949454553990492 0.24985154764857323 -0.25035101404989013 0.01255003403055943 -0.011099245991114158 0.0015779231184091657 3.3141843514165614e-05 
0.009982360568201794 -0.012827752287166021 0.015306406514454666 0.24979862884422227 -0.2504419076142802 0.012613653852316954 -0.010897983954858154 0.001609680958426617 0.0003262434106573672 
0.009977413840857355 -0.012881396863439597 0.015633083374233404 0.249740877098996 -0.25052818025766455 0.012674649170206661 -0.010728682017790026 0.0017697745590844632 0.0005103090510721238 