-0.12507114149969153 
-0.12512827845939975 
-0.1251983105965346 
-0.1251983105965346 
-0.12529053946973107 
-0.12529053946973107 
-0.12529613109875162 
-0.12539143465324548 
-0.1253833895592198 
-0.1253823542806223 
-0.12544483377931945 
-0.12553135754832007 
-0.12560938402769276 
-0.12556684914867625 
-0.1256494586916805 
-0.1256211943918408 
-0.12560947903154632 
-0.12567840021470814 
-0.12567832007635427 
-0.1256721283978353 
-0.12566901102914893 
-0.12574341629268684 
-0.12574279470300098 
-0.12573922351802733 
-0.1258165897872731 
-0.1258007502838002 
-0.12580062499321928 
-0.125894800542572 
-0.12589624077290681 
-0.12589921145813285 
-0.12499384058140314 
-0.12499282718599403 
-0.12508158612739748 
-0.125082163218327 
-0.12508376363753015 
-0.12515453933622103 
-0.1251567189335057 
-0.12515262003823138 
-0.12515249996740294 
-0.12513721772036734 
-0.1251262401990708 
-0.12512731563702148 
-0.12520919454705018 
-0.12520132621022748 
-0.12518742553108508 
-0.12519093983429416 
-0.1251882520603491 
-0.12519052013951398 
-0.12519088144812537 
-0.12518085497860323 
-0.1251787904058648 
-0.1251763694394159 
-0.12518215694451207 
-0.12516464472617245 
-0.12517157563304943 
-0.12517412520926158 
-0.12516939961741355 
-0.12516621823649648 
-0.12516356918738109 
-0.12516760215367004 
-0.12497063184088815 
-0.12496418487984991 
-0.12496285284707467 
-0.12494870544330001 
-0.12500197346929967 
-0.12499176077220586 
-0.12494167557634832 
-0.12503276215416076 
-0.12502424145677132 
-0.12502242220841195 
-0.12501601526536218 
-0.1251013517530091 
-0.12510115037359895 
-0.12509852109199152 
-0.12516015975193404 
-0.12516552727094693 
-0.12515214440751818 
-0.12515167337542987 
-0.12514869962065886 
-0.12518625235816977 
-0.12527077607288672 
-0.12526633370892512 
-0.12532987938999432 
-0.12532345003945686 
-0.12532034555696878 
-0.12540634827884128 
-0.12548409820911222 
-0.12545642031504217 
-0.1255143354759873 
-0.12549536398233588 
-0.1249951557198084 
-0.12499296499748098 
-0.12496744086705434 
-0.12488672185224314 
-0.12492943071505001 
-0.12492931358426648 
-0.1248981464290211 
-0.12497829437909812 
-0.12497829437909812 
-0.12496364258421472 
-0.12507836429502206 
-0.12516387910551705 
-0.12516215002149605 
-0.12513940515368147 
-0.1251310646984539 
-0.12512620122710943 
-0.12512012721506677 
-0.1251173717469339 
-0.12511207939168756 
-0.12511089427054126 
-0.12506902829038857 
-0.12503948054130062 
-0.1250180386648388 
-0.12507337474163685 
-0.12506631261023368 
-0.12506747108741553 
-0.12506130541081564 
-0.12512225049008494 
-0.1251220853450664 
-0.12512353530461742 
-0.1251191247417415 
-0.12511516649575405 
-0.12511527866210748 
-0.1251137662851756 
-0.12511094082683302 
-0.12510806567139754 
-0.12519074925252938 
-0.1251860578755251 
-0.12518799295836083 
-0.12526611210670946 
-0.12526155797721883 
-0.1252569923520869 
-0.12535539974875798 
-0.12543405809014108 
-0.1254346816716833 
-0.12551842379596945 
-0.12558513684040226 
-0.12566481910470464 
-0.1256625914944335 
-0.12574360288683456 
-0.12574158444171532 
-0.12574354876665342 
-0.12574361516787794 
-0.12574152576091252 
-0.12573974074709007 
-0.1257146121518695 
-0.1257109506040259 
-0.12579436005619946 
-0.12579513999658562 
-0.12579702810309823 
-0.12499395605090631 
-0.12495160427597247 
-0.12494690454906433 
-0.12492681421658046 
-0.12500339504934294 
-0.1250088984994205 
-0.125010785241743 
-0.1250103126354139 
-0.125004744836757 
-0.12499554708084273 
-0.12506888316494505 
-0.1250736413558217 
-0.12507573242342634 
-0.12506601231277456 
-0.12506438606142506 
-0.12517223274160957 
-0.1251679687387106 
-0.12524615028925806 
-0.12531629704898054 
-0.1252968940523898 
-0.1253393155973931 
-0.12533867790568712 
-0.12533232028779007 
-0.1253301472791881 
-0.12533724586969508 
-0.1253333419844648 
-0.12532908759355732 
-0.12532593166263048 
-0.12531007667655913 
-0.12531384725535047 
-0.12538268607382794 
-0.1253823284001186 
-0.12537628885824156 
-0.12547090318650286 
-0.12547038350031184 
-0.12546884916639428 
-0.12552784615748186 
-0.1255272342676231 
-0.1254826236479866 
-0.12557449780119148 
-0.12558408552332795 
-0.12558601859736965 
-0.12558501741199418 
-0.12558043728665028 
-0.12558103092781825 
-0.12562748726910303 
-0.12563449949950756 
-0.12563597180381555 
-0.12563789937544398 
-0.12570723949301987 
-0.12508822328688882 
-0.12508976465804678 
-0.12509312204572468 
-0.12516689831922587 
-0.1251651324319526 
-0.1251593731917874 
-0.1252446373670748 
-0.12524135711319323 
-0.12523178508745061 
-0.1252361715723183 
-0.1252250942660473 
-0.1252240466838638 
-0.12522077189223754 
-0.12522229752426176 
-0.12517096377069611 
-0.12526288227073365 
-0.12534281449043302 
-0.12533671869573124 
-0.12531405156839398 
-0.12531521554984723 
-0.1252985870372762 
-0.12529070055843114 
-0.12535890116198908 
-0.12536632404836867 
-0.12535561589356267 
-0.12535943447534972 
-0.1253572344544432 
-0.12534595545325958 
-0.1253381992492216 
-0.1254196037519704 
