140 140 0 0 14 14 16.0 16.0 1.0181606672645596 
138 138 0 0 17 17 16.0 14.142135623730951 1.0188494782725162 
134 134 0 0 16 16 13.038404810405298 15.033296378372908 1.0181519667615464 
132 132 0 0 16 16 15.033296378372908 15.033296378372908 1.0181519667615464 
130 130 0 0 16 16 15.033296378372908 15.033296378372908 1.0181519667615464 
128 128 0 0 16 16 15.033296378372908 15.033296378372908 1.0199321706231343 
126 126 0 0 18 18 15.033296378372908 15.033296378372908 1.0196360705101046 
124 124 0 0 19 18 15.033296378372908 15.033296378372908 1.0196360705101046 
122 122 0 0 19 18 15.033296378372908 15.033296378372908 1.0196360705101046 
120 120 0 0 19 18 15.033296378372908 15.033296378372908 1.0172636664224575 
118 118 0 0 19 16 15.033296378372908 15.033296378372908 1.0196360705101046 
116 116 0 0 19 18 15.033296378372908 15.033296378372908 1.0196360705101046 
114 114 0 0 19 18 15.033296378372908 15.033296378372908 1.0231946766415754 
112 112 0 0 19 21 15.033296378372908 15.033296378372908 -2.9794738275591017 
108 104 0 0 20 19 15.033296378372908 15.033296378372908 -1.9797699276721308 
106 103 0 0 21 19 15.033296378372908 15.033296378372908 -1.979771729263836 
102 99 0 0 17 18 15.033296378372908 15.033296378372908 -3.983330335395307 
101 97 1 0 17 15 15.033296378372908 15.033296378372908 -2.981848033238454 
99 96 1 0 16 16 15.033296378372908 15.033296378372908 -1.9830342352822774 
97 95 1 0 16 15 15.033296378372908 15.033296378372908 -0.9800678293768658 
95 94 1 0 18 18 15.033296378372908 15.033296378372908 2.016669664604693 
87 90 2 0 17 15 15.033296378372908 15.033296378372908 3.016669664604693 
85 89 2 0 17 15 15.033296378372908 15.033296378372908 1.0160774643786339 
87 89 2 0 19 15 15.033296378372908 15.033296378372908 2.015781364265604 
87 90 2 0 20 15 15.033296378372908 15.033296378372908 3.0023127857534337 
85 89 2 1 18 14 13.341664064126334 15.033296378372908 4.003498987797258 
83 88 2 1 18 15 13.341664064126334 15.033296378372908 7.002312785753435 
79 87 2 1 18 14 13.341664064126334 15.033296378372908 10.004091188023317 
75 86 2 1 16 15 13.341664064126334 15.033296378372908 7.002608885866464 
74 82 2 1 17 14 13.341664064126334 15.033296378372908 6.002608885866464 
73 80 2 1 17 14 13.341664064126334 15.033296378372908 7.003795087910288 
73 81 2 1 17 15 13.341664064126334 15.033296378372908 6.0073536940417585 
72 79 2 1 17 18 13.341664064126334 15.033296378372908 4.004981289954111 
72 77 2 1 17 16 13.341664064126334 15.033296378372908 3.0029049859794927 
71 75 2 1 16 14 13.341664064126334 15.033296378372908 3.0029049859794927 
69 73 2 1 16 14 13.341664064126334 15.033296378372908 2.0032010860925227 
68 71 2 1 15 14 13.341664064126334 15.033296378372908 1.0032010860925231 
67 69 2 1 15 14 13.341664064126334 15.033296378372908 -2.0101589336238432 
66 65 2 2 15 14 13.038404810405298 15.033296378372908 -4.0263222536090035 
64 61 2 3 15 12 12.165525060596439 14.0 -6.02839855758362 
64 59 2 3 14 10 12.165525060596439 14.0 -7.027510257244532 
64 58 2 3 11 10 12.165525060596439 14.0 -7.042754713475285 
62 56 2 4 13 9 12.165525060596439 14.0 -7.040086209274608 
62 56 2 4 12 11 12.165525060596439 14.0 -7.041282174520612 
61 55 2 4 12 10 11.045361017187261 13.341664064126334 -6.041204947510118 
59 54 2 4 12 10 10.295630140987 13.038404810405298 -4.039439850369049 
55 53 3 4 11 11 9.486832980505138 13.038404810405298 -5.0404751971777975 
54 51 3 4 11 10 9.055385138137417 13.038404810405298 -5.041007444776546 
53 50 3 4 11 10 9.055385138137417 12.165525060596439 -4.041233848183546 
54 52 3 4 13 11 11.40175425099138 12.165525060596439 -2.0410577372664487 
50 51 4 4 11 10 9.055385138137417 12.083045973594572 -3.0413943764584905 
49 49 4 4 10 10 9.055385138137417 11.045361017187261 -3.0420317963222745 
48 48 4 4 10 10 9.055385138137417 10.0 -3.042344705304231 
47 47 4 4 10 10 9.055385138137417 9.486832980505138 -4.043497887090108 
46 45 4 4 9 9 9.055385138137417 9.055385138137417 -4.0433261750734495 
45 44 4 4 8 9 8.0 8.246211251235321 -4.043717931076203 
44 43 4 4 8 9 7.0710678118654755 7.0710678118654755 -4.044274091639086 
43 42 4 4 11 9 7.0710678118654755 7.615773105863909 -1.044963226154202 
39 41 4 4 10 9 7.0710678118654755 6.0 -1.043402526498678 
38 40 4 4 10 10 6.0 6.0 -1.0454538708875003 
37 39 4 4 10 10 10.295630140987 5.0990195135927845 -1.0478262749751475 
36 38 4 4 10 8 10.295630140987 5.0990195135927845 -1.04574997100053 
35 37 4 4 11 10 10.295630140987 5.0990195135927845 -1.046031597579007 
33 36 5 4 8 8 10.295630140987 7.0710678118654755 -2.057719387421041 
32 34 5 5 8 9 8.602325267042627 7.0710678118654755 -2.0600917915086883 
30 33 6 5 8 7 8.602325267042627 7.0710678118654755 -2.0577779868548385 
29 32 6 5 6 8 7.0710678118654755 7.0710678118654755 -4.073616444903357 
29 30 6 6 6 6 7.0710678118654755 7.0710678118654755 -4.07480264694718 
29 30 6 6 6 5 7.0710678118654755 7.0710678118654755 -4.073616444903357 
29 30 6 6 6 6 7.0710678118654755 7.0710678118654755 -5.088268700908051 
29 29 6 7 6 5 7.0710678118654755 7.0710678118654755 -6.089454902951875 
29 28 6 7 6 4 7.0710678118654755 7.0710678118654755 -6.089454902951875 
29 28 6 7 6 4 7.0710678118654755 7.0710678118654755 -5.073616444903357 
29 29 6 6 6 6 7.0710678118654755 7.0710678118654755 -5.073616444903357 
29 29 6 6 6 6 7.0710678118654755 7.0710678118654755 -5.073616444903357 
29 29 6 6 6 6 7.0710678118654755 7.0710678118654755 -5.073616444903357 
29 29 6 6 6 6 7.0710678118654755 7.0710678118654755 -5.073616444903357 
29 29 6 6 6 6 7.0710678118654755 7.0710678118654755 -5.073616444903357 
29 29 6 6 6 6 7.0710678118654755 7.0710678118654755 -5.073616444903357 
29 29 6 6 6 6 7.0710678118654755 7.0710678118654755 -5.073616444903357 
29 29 6 6 6 6 7.0710678118654755 7.0710678118654755 -5.073616444903357 
29 29 6 6 6 6 7.0710678118654755 7.0710678118654755 -5.073616444903357 
29 29 6 6 6 6 7.0710678118654755 7.0710678118654755 -5.073616444903357 
29 29 6 6 6 6 7.0710678118654755 7.0710678118654755 -5.073616444903357 
29 29 6 6 6 6 7.0710678118654755 7.0710678118654755 -5.073616444903357 
29 29 6 6 6 6 7.0710678118654755 7.0710678118654755 -5.073616444903357 
29 29 6 6 6 6 7.0710678118654755 7.0710678118654755 -5.073616444903357 
29 29 6 6 6 6 7.0710678118654755 7.0710678118654755 -5.073616444903357 
29 29 6 6 6 6 7.0710678118654755 7.0710678118654755 -5.073616444903357 
29 29 6 6 6 6 7.0710678118654755 7.0710678118654755 -5.073616444903357 
29 29 6 6 6 6 7.0710678118654755 7.0710678118654755 -5.073616444903357 
29 29 6 6 6 6 7.0710678118654755 7.0710678118654755 -5.073616444903357 
29 29 6 6 6 6 7.0710678118654755 7.0710678118654755 -5.073616444903357 
29 29 6 6 6 6 7.0710678118654755 7.0710678118654755 -5.073616444903357 
29 29 6 6 6 6 7.0710678118654755 7.0710678118654755 -5.073616444903357 
29 29 6 6 6 6 7.0710678118654755 7.0710678118654755 -5.073616444903357 
29 29 6 6 6 6 7.0710678118654755 7.0710678118654755 -5.073616444903357 
29 29 6 6 6 6 7.0710678118654755 7.0710678118654755 -5.073616444903357 
29 29 6 6 6 6 7.0710678118654755 7.0710678118654755 -5.073616444903357 
29 29 6 6 6 6 7.0710678118654755 7.0710678118654755 -5.073616444903357 
29 29 6 6 6 6 7.0710678118654755 7.0710678118654755 -5.073616444903357 
29 29 6 6 6 6 7.0710678118654755 7.0710678118654755 -5.073616444903357 
29 29 6 6 6 6 7.0710678118654755 7.0710678118654755 -5.073616444903357 
29 29 6 6 6 6 7.0710678118654755 7.0710678118654755 -5.073616444903357 
29 29 6 6 6 6 7.0710678118654755 7.0710678118654755 -5.073616444903357 
29 29 6 6 6 6 7.0710678118654755 7.0710678118654755 -5.073616444903357 
29 29 6 6 6 6 7.0710678118654755 7.0710678118654755 -5.073616444903357 
29 29 6 6 6 6 7.0710678118654755 7.0710678118654755 -5.073616444903357 
29 29 6 6 6 6 7.0710678118654755 7.0710678118654755 -5.073616444903357 
29 29 6 6 6 6 7.0710678118654755 7.0710678118654755 -5.073616444903357 
29 29 6 6 6 6 7.0710678118654755 7.0710678118654755 -5.073616444903357 
29 29 6 6 6 6 7.0710678118654755 7.0710678118654755 -5.073616444903357 
29 29 6 6 6 6 7.0710678118654755 7.0710678118654755 -5.073616444903357 
29 29 6 6 6 6 7.0710678118654755 7.0710678118654755 -5.073616444903357 
29 29 6 6 6 6 7.0710678118654755 7.0710678118654755 -5.073616444903357 
29 29 6 6 6 6 7.0710678118654755 7.0710678118654755 -5.073616444903357 
