140 140 0 0 14 14 16.0 16.0 1.106549424000185 
138 139 0 0 17 18 16.0 14.142135623730951 1.108809644328633 
134 137 0 0 16 18 12.165525060596439 16.0 1.110314603776281 
132 135 0 0 16 20 13.038404810405298 16.0 1.1132605123879775 
130 134 0 0 16 22 13.341664064126334 16.0 1.1109362697779517 
128 132 0 0 16 21 13.341664064126334 16.0 1.113913917395416 
126 131 0 0 14 23 13.341664064126334 16.0 1.1129945677332878 
124 130 0 0 16 22 13.341664064126334 16.0 1.1133965702882114 
122 129 0 0 15 22 13.341664064126334 16.0 1.111607678819252 
120 127 0 0 16 22 13.341664064126334 15.033296378372908 1.115798789257538 
118 126 0 0 17 25 15.033296378372908 15.033296378372908 1.1163281604003321 
116 122 0 0 18 29 15.033296378372908 14.142135623730951 1.1077489349221452 
114 121 0 0 18 22 15.033296378372908 14.142135623730951 1.1068564090086426 
112 120 0 0 18 21 15.033296378372908 14.142135623730951 1.1076335903698649 
108 118 0 0 18 21 15.033296378372908 14.142135623730951 1.1225527558119295 
102 117 1 0 17 21 15.033296378372908 14.142135623730951 1.1173650798088575 
100 113 1 0 17 20 15.033296378372908 14.142135623730951 1.1177536704894686 
98 112 1 0 17 20 15.033296378372908 14.142135623730951 1.1168745564502784 
96 111 1 0 16 19 15.033296378372908 14.142135623730951 1.1172765590052023 
94 110 1 0 15 19 15.033296378372908 14.142135623730951 1.1163437974687611 
92 109 1 0 18 18 15.033296378372908 14.142135623730951 1.1204132385265788 
86 108 1 0 15 18 15.033296378372908 14.142135623730951 1.1295005189316945 
85 107 2 0 14 17 15.033296378372908 14.142135623730951 1.1375758091769894 
83 106 2 0 14 23 15.033296378372908 14.142135623730951 1.1422222840679803 
82 105 2 0 12 27 14.0 14.142135623730951 1.1429952495284508 
81 104 2 0 11 28 14.0 14.142135623730951 1.1450359197087228 
80 103 2 0 11 30 14.0 14.142135623730951 1.149283445805307 
78 102 2 0 11 33 13.038404810405298 14.142135623730951 1.152248417398814 
76 101 2 0 11 35 12.165525060596439 14.142135623730951 1.1600453852362542 
72 99 3 0 12 32 12.165525060596439 14.142135623730951 1.1598399353983453 
70 98 3 0 12 32 11.40175425099138 13.341664064126334 1.1575259269837062 
68 96 3 0 12 31 10.770329614269007 13.341664064126334 1.1475149848089965 
66 94 3 0 12 24 10.770329614269007 13.341664064126334 1.1451773303246577 
64 92 3 0 13 23 10.770329614269007 13.341664064126334 1.1519715039758387 
62 91 3 0 13 28 10.770329614269007 13.341664064126334 1.1612404241327403 
58 90 4 0 11 25 10.770329614269007 13.341664064126334 1.1620277737151676 
57 89 4 0 11 26 9.055385138137417 13.341664064126334 1.1504479266158385 
55 85 4 0 10 20 9.055385138137417 13.341664064126334 1.1508499291707623 
53 84 4 0 9 20 9.055385138137417 13.341664064126334 1.1550684577594024 
51 83 4 0 10 23 9.055385138137417 13.341664064126334 1.1681603228733757 
47 82 5 0 9 23 9.486832980505138 13.341664064126334 1.163799625983829 
43 80 5 0 10 19 9.486832980505138 13.341664064126334 1.176716844296974 
42 79 6 0 10 21 9.486832980505138 13.341664064126334 1.1749544003178423 
41 78 6 0 7 20 9.486832980505138 13.341664064126334 1.1719041241204253 
40 77 6 0 6 18 8.246211251235321 13.341664064126334 1.1713825611124693 
39 76 6 0 6 18 8.246211251235321 13.341664064126334 1.1720151446767648 
38 74 6 0 5 20 7.615773105863909 13.341664064126334 1.1676636437607795 
37 73 6 0 4 17 7.615773105863909 13.341664064126334 1.1684231973469377 
36 72 6 0 4 18 7.615773105863909 13.341664064126334 1.1700676727015107 
34 71 6 0 3 19 10.0 13.341664064126334 1.169568763349229 
33 70 6 0 3 19 8.602325267042627 13.341664064126334 1.1703531357135482 
32 69 6 0 3 20 7.0710678118654755 13.341664064126334 1.1505114659406 
31 68 6 1 3 16 7.0710678118654755 13.341664064126334 1.1276803167233835 
30 64 6 2 1 13 7.211102550927978 13.341664064126334 1.1284398703095417 
29 63 6 2 1 14 7.211102550927978 13.341664064126334 1.1124549621932482 
28 62 6 3 0 13 7.211102550927978 13.341664064126334 1.09796990114174 
28 60 6 4 1 15 5.656854249492381 13.341664064126334 1.109068206185979 
26 58 7 4 2 16 5.830951894845301 13.341664064126334 1.1082245278494645 
24 57 7 4 0 15 4.47213595499958 13.341664064126334 1.1080871572743445 
24 56 7 4 1 16 2.8284271247461903 13.341664064126334 1.1049665590834326 
23 55 7 4 1 14 5.0990195135927845 13.341664064126334 1.1135605670313418 
22 54 8 4 0 13 3.1622776601683795 12.649110640673518 1.1108626546688918 
22 53 8 4 1 12 1.4142135623730951 12.649110640673518 1.1211622865119588 
21 52 9 4 0 12 5.656854249492381 12.649110640673518 1.1197497718512757 
21 51 9 4 0 12 4.47213595499958 12.649110640673518 1.1183257075828203 
21 50 9 4 0 12 4.0 12.649110640673518 1.1026906980696936 
21 49 9 5 0 12 4.47213595499958 12.649110640673518 1.101266633801238 
21 48 9 5 0 12 4.0 12.649110640673518 1.0948883447974693 
21 46 9 5 0 10 4.47213595499958 11.40175425099138 1.093464280529014 
21 45 9 5 0 10 4.0 11.40175425099138 1.0907437948103094 
21 44 9 5 0 9 4.47213595499958 11.40175425099138 1.089319730541854 
21 43 9 5 0 9 4.0 11.40175425099138 1.0878803614172634 
21 42 9 5 0 9 4.47213595499958 11.40175425099138 1.0855443887497804 
21 41 9 5 0 9 4.0 10.198039027185569 1.0828600542770856 
21 40 9 5 1 8 1.4142135623730951 10.198039027185569 1 
