140 140 0 0 14 14 16.0 16.0 1.1246193227850825 
138 139 0 0 17 17 16.0 14.142135623730951 1.134128328347989 
134 138 0 0 16 19 12.0 16.0 1.1346032539304882 
132 136 0 0 21 18 12.0 16.0 1.145433147764611 
128 135 0 0 22 21 14.142135623730951 16.0 1.155614029651589 
124 134 0 0 22 24 14.142135623730951 16.0 1.1517002138692496 
120 132 0 0 22 21 14.142135623730951 16.0 1.161881095756228 
116 131 0 0 22 24 14.142135623730951 16.0 1.1620069318959765 
112 129 0 0 22 23 14.142135623730951 16.0 1.1659380590259572 
106 128 1 0 16 19 14.142135623730951 16.0 1.1767797019154995 
102 127 1 0 14 23 14.142135623730951 16.0 1.192343976448275 
101 125 2 0 14 28 14.142135623730951 15.033296378372908 1.1940836429758577 
99 124 2 0 15 28 15.033296378372908 15.033296378372908 1.1809153263153676 
98 122 2 0 20 21 15.033296378372908 15.033296378372908 1.1992610605751792 
92 121 3 0 16 24 14.142135623730951 14.0 1.197017856240718 
90 119 3 0 17 23 14.142135623730951 14.0 1.2001545973101497 
88 117 3 0 17 25 14.142135623730951 14.0 1.1958915670146446 
86 115 3 0 18 23 14.142135623730951 14.0 1.203023875948173 
84 114 3 0 18 26 14.142135623730951 14.0 1.2021144239908772 
82 113 3 0 24 23 14.142135623730951 14.0 1.222553373322376 
74 112 4 0 17 26 14.142135623730951 14.0 1.223670288430763 
72 110 4 0 17 27 14.142135623730951 14.0 1.2260854380704396 
70 109 4 0 16 28 14.0 14.0 1.2017817129197823 
68 103 4 0 14 21 14.0 14.0 1.2103661324820283 
67 101 5 0 14 23 14.0 12.165525060596439 1.2072969456267584 
66 99 5 0 19 21 14.0 12.165525060596439 1.2049721142809553 
64 98 5 0 14 21 14.0 12.165525060596439 1.2058797238131067 
63 97 5 0 16 21 14.0 12.165525060596439 1.2195701460161594 
59 96 6 0 11 23 13.341664064126334 12.165525060596439 1.223367648088155 
57 94 6 0 9 26 13.341664064126334 12.165525060596439 1.220933909654134 
56 93 6 0 15 23 13.341664064126334 12.165525060596439 1.2170891125822083 
55 92 6 0 10 23 13.038404810405298 12.165525060596439 1.222214032094249 
53 91 6 0 10 25 12.165525060596439 12.165525060596439 1.211178789365147 
51 90 6 0 10 19 11.40175425099138 12.165525060596439 1.2142804427331566 
49 89 6 0 10 20 10.770329614269007 12.165525060596439 1.2173798631261261 
47 88 6 0 10 21 10.295630140987 12.165525060596439 1.212397428346589 
45 87 6 0 10 18 10.0 12.165525060596439 1.2114518654031705 
43 86 6 0 10 17 9.899494936611665 12.165525060596439 1.23004093713317 
41 85 6 0 12 25 10.0 12.165525060596439 1.2383483180302577 
40 84 6 0 13 29 10.0 12.165525060596439 1.2264539652364947 
36 83 7 0 6 19 8.48528137423857 12.165525060596439 1.2239826838491223 
35 82 7 0 6 18 8.48528137423857 12.165525060596439 1.2215554865197409 
34 80 7 0 6 18 8.48528137423857 12.165525060596439 1.2231238570544565 
33 79 7 0 6 19 8.48528137423857 12.165525060596439 1.224692227589172 
32 78 7 0 6 20 8.48528137423857 12.165525060596439 1.2202011202407559 
31 77 7 0 6 18 8.48528137423857 12.165525060596439 1.2185745928508682 
29 76 7 0 5 17 8.48528137423857 12.165525060596439 1.225020960355797 
28 75 8 0 5 16 8.48528137423857 12.165525060596439 1.2239101217582096 
27 74 8 0 4 16 7.0710678118654755 12.165525060596439 1.2301956815195778 
26 73 8 0 5 19 7.211102550927978 12.165525060596439 1.227064531642457 
25 72 8 0 4 18 5.830951894845301 12.165525060596439 1.2266130762161287 
24 71 8 0 4 18 5.830951894845301 12.165525060596439 1.2384393891249494 
23 70 9 0 3 20 5.830951894845301 12.165525060596439 1.2312682833548416 
22 69 9 0 2 17 4.47213595499958 12.165525060596439 1.2299954930215629 
22 68 9 0 3 17 2.8284271247461903 12.165525060596439 1 
