140 140 0 0 14 14 16.0 16.0 1.1613737058110307 
139 139 0 0 19 17 16.0 13.038404810405298 1.1715249513749448 
135 138 0 0 22 18 13.038404810405298 15.033296378372908 1.1837438797314035 
131 137 0 0 25 21 13.038404810405298 15.033296378372908 1.1884058997984495 
127 136 0 0 25 21 12.165525060596439 16.0 1.1922091049738963 
123 135 0 0 28 20 12.165525060596439 16.0 1.1935124917628472 
123 134 0 0 38 18 13.038404810405298 16.0 1.1999614690021463 
117 132 0 0 38 19 12.165525060596439 16.0 1.208344204141725 
113 130 0 0 36 23 13.038404810405298 16.0 1.2196221876725541 
107 129 0 0 34 26 13.038404810405298 16.0 1.246746151595307 
105 128 0 0 41 36 13.038404810405298 16.0 1.247464091144163 
101 126 0 0 40 36 13.038404810405298 16.0 1.2386260641810085 
101 125 0 0 45 31 13.038404810405298 16.0 1.2376240695166456 
95 124 1 0 32 28 13.038404810405298 16.0 1.2329644206274302 
91 123 2 0 29 21 13.038404810405298 16.0 1.240277131784344 
90 122 2 0 34 23 12.0 16.0 1.2573729060417267 
84 118 2 0 37 30 11.40175425099138 16.0 1.2701296369095816 
74 116 3 0 18 34 11.045361017187261 16.0 1.2591537041834502 
73 112 3 1 26 37 11.045361017187261 16.0 1.235926672958309 
67 110 4 1 17 23 11.045361017187261 16.0 1.2482215999381954 
66 109 4 1 23 27 10.770329614269007 16.0 1.2479856398391176 
66 108 4 1 31 25 10.770329614269007 16.0 1.2586394113432557 
60 107 5 1 25 25 10.770329614269007 16.0 1.2685680652213964 
56 106 5 1 25 28 10.770329614269007 16.0 1.272584487857296 
50 105 5 1 19 29 10.770329614269007 16.0 1.2608731663060437 
51 101 5 1 25 26 10.770329614269007 16.0 1.259705487791641 
51 100 5 1 18 29 10.770329614269007 16.0 1.2661513977052732 
45 99 6 1 12 27 10.770329614269007 16.0 1.2730794148178215 
46 98 6 1 23 28 10.770329614269007 16.0 1.2660702149670937 
45 97 6 1 23 25 10.770329614269007 16.0 1.2533443539674933 
44 96 6 1 10 24 10.770329614269007 16.0 1.2555143021238828 
43 95 6 1 11 25 10.770329614269007 16.0 1.253387628690005 
41 94 6 1 10 24 10.770329614269007 16.0 1.2610743780838807 
40 92 6 1 10 29 10.770329614269007 16.0 1.2507095014685141 
40 91 6 1 13 24 10.770329614269007 16.0 1.2542792320772456 
36 90 7 1 7 22 10.770329614269007 16.0 1.2514710974269583 
35 89 7 1 7 21 10.295630140987 16.0 1.248665526556703 
34 88 7 1 7 20 10.0 16.0 1.2452541018753593 
33 86 7 1 9 19 9.899494936611665 16.0 1.2474038023855092 
32 85 7 1 10 20 8.48528137423857 16.0 1.2543572244266938 
26 83 8 1 2 20 5.830951894845301 16.0 1.2607262104900474 
27 82 8 1 4 24 5.830951894845301 16.0 1.2543828517821216 
27 81 8 1 4 22 5.830951894845301 16.0 1.252247354664702 
27 80 8 1 4 22 5.830951894845301 16.0 1.2416961343662705 
27 79 8 1 4 18 5.830951894845301 16.0 1.2416645680441034 
27 78 8 1 4 19 5.830951894845301 16.0 1.2395290709266837 
27 77 8 1 4 19 5.830951894845301 16.0 1.2373620074870972 
27 75 8 1 4 20 5.830951894845301 16.0 1.2183003650411535 
27 71 8 1 4 15 5.830951894845301 16.0 1.2161648679237336 
27 70 8 1 4 15 5.830951894845301 16.0 1.1977381459028045 
27 69 8 2 4 15 5.830951894845301 16.0 1.192441062179651 
27 68 8 2 4 14 5.830951894845301 15.033296378372908 1.171878843041302 
27 66 8 3 4 14 5.830951894845301 15.033296378372908 1.155524485493459 
27 64 8 4 4 16 5.830951894845301 15.033296378372908 1.1512850575807863 
27 63 8 4 4 15 5.830951894845301 15.033296378372908 1.1491495604633666 
27 62 8 4 4 15 5.830951894845301 15.033296378372908 1.1428062017554408 
27 61 8 4 4 13 5.830951894845301 15.033296378372908 1.1385667738427683 
27 60 8 4 4 12 5.830951894845301 15.033296378372908 1.1364312767253486 
27 59 8 4 4 12 5.830951894845301 15.033296378372908 1.1370814422721622 
26 58 8 4 3 13 6.324555320336759 15.033296378372908 1.1328285968011695 
25 56 9 4 2 9 5.830951894845301 14.142135623730951 1.1122874647275953 
25 55 9 5 2 8 5.0990195135927845 14.142135623730951 1.1101624468675675 
25 54 9 5 2 8 5.830951894845301 14.142135623730951 1.1080164704927558 
25 53 9 5 2 8 5.0990195135927845 14.142135623730951 1.105891452632728 
25 52 9 5 2 8 5.830951894845301 14.142135623730951 1.1037454762579164 
25 51 9 5 2 8 5.0990195135927845 14.142135623730951 1.1016204583978886 
25 50 9 5 2 8 5.830951894845301 14.142135623730951 1.097370551227824 
25 49 9 5 2 7 5.0990195135927845 14.142135623730951 1.0952455333677962 
25 48 9 5 2 7 5.830951894845301 14.142135623730951 1.0930995569929844 
25 47 9 5 2 7 5.0990195135927845 14.142135623730951 1.0888706083377035 
25 46 9 5 2 6 5.830951894845301 14.142135623730951 1.0683294762641298 
25 45 9 6 2 5 5.0990195135927845 14.142135623730951 1.0662044584041017 
25 44 9 6 2 5 5.830951894845301 14.142135623730951 1.0477672571257808 
25 43 9 7 2 5 5.0990195135927845 14.142135623730951 1.0423307332821958 
25 42 9 7 2 4 5.830951894845301 13.038404810405298 1.040184756907384 
25 41 9 7 2 4 5.0990195135927845 13.038404810405298 1.0359558082521034 
25 40 9 7 2 3 5.830951894845301 13.038404810405298 1.033809831877292 
25 39 9 7 2 3 5.0990195135927845 13.038404810405298 1.0132896583185014 
25 38 9 8 2 2 5.830951894845301 13.038404810405298 1.009039751148437 
25 37 9 8 2 1 5.0990195135927845 13.038404810405298 1.006914733288409 
25 36 9 8 2 1 5.830951894845301 13.038404810405298 1.0047687569135975 
25 35 9 8 2 1 5.0990195135927845 13.038404810405298 1.0026437390535694 
25 34 9 8 2 1 5.830951894845301 13.038404810405298 0.9821026069799956 
25 33 9 9 2 0 5.0990195135927845 13.038404810405298 0.9458731998016257 
25 21 9 9 2 1 5.830951894845301 1.4142135623730951 -1 
