140 140 0 0 14 14 16.0 16.0 1.1453620049332096 
139 138 0 0 19 17 16.0 13.038404810405298 1.1565449644909394 
135 136 0 0 22 20 14.142135623730951 15.033296378372908 1.154269955445534 
131 135 0 0 25 16 14.142135623730951 15.033296378372908 1.1661949086647558 
127 133 0 0 25 21 14.142135623730951 16.0 1.1715275459503511 
123 132 0 0 28 21 14.142135623730951 16.0 1.192748412251382 
122 131 0 0 38 29 14.142135623730951 16.0 1.2155916254943773 
108 130 1 0 28 31 12.165525060596439 16.0 1.2097720560056542 
98 129 2 0 20 20 12.165525060596439 16.0 1.2104643749328805 
97 128 2 0 22 20 12.165525060596439 16.0 1.2264596189514647 
95 127 2 0 25 27 12.165525060596439 16.0 1.2291356288811583 
91 126 2 0 24 27 12.165525060596439 16.0 1.2520685093821287 
87 125 2 0 22 38 12.165525060596439 16.0 1.2334303038040566 
81 124 3 0 17 22 12.165525060596439 16.0 1.2438750714666904 
77 123 3 0 22 24 11.045361017187261 16.0 1.2338020178062195 
75 122 3 0 23 18 10.198039027185569 16.0 1.2530157810662261 
69 121 3 0 20 26 10.198039027185569 16.0 1.2571479921210629 
65 120 4 0 16 23 12.0 16.0 1.263729382108645 
63 119 5 0 14 22 12.0 16.0 1.262584518733747 
59 118 5 0 13 20 11.045361017187261 16.0 1.261436239985421 
55 117 5 0 12 18 9.899494936611665 16.0 1.2729810561525192 
51 113 6 0 8 22 10.770329614269007 16.0 1.2750471661794391 
50 112 6 0 15 21 8.246211251235321 16.0 1.2730828577507642 
49 111 6 0 13 21 8.246211251235321 16.0 1.2744585648890243 
47 110 6 0 14 21 9.486832980505138 16.0 1.264824213283424 
45 108 6 0 10 18 9.486832980505138 16.0 1.2673889620047727 
43 107 6 0 10 19 8.0 16.0 1.2984923487431685 
41 106 6 0 10 35 7.0710678118654755 16.0 1.2954739045015893 
40 105 6 0 15 32 7.211102550927978 16.0 1.288096751217062 
36 104 7 0 8 24 8.602325267042627 16.0 1.284312310625354 
32 103 7 0 3 22 8.602325267042627 16.0 1.2897119973529485 
30 101 8 0 5 20 10.0 16.0 1.2865172531483053 
26 100 8 0 1 18 5.830951894845301 16.0 1.285222954568245 
27 99 8 0 4 18 5.830951894845301 16.0 1.2927682040533213 
26 98 8 0 2 23 5.830951894845301 16.0 1.2813001907205346 
27 97 8 0 4 18 5.830951894845301 16.0 1.2887859698645057 
26 95 8 0 2 24 5.830951894845301 16.0 1.2838993465193014 
25 93 9 0 2 18 5.830951894845301 16.0 1.2838338402371163 
24 92 9 0 0 19 5.656854249492381 16.0 1.2818784942543413 
25 91 9 0 2 19 5.830951894845301 16.0 1.279911076389406 
24 90 9 0 0 19 5.656854249492381 16.0 1.279857641989381 
25 89 9 0 2 20 5.830951894845301 16.0 1.2778902241244456 
24 88 9 0 0 20 5.656854249492381 16.0 1.2720715846350654 
25 86 9 0 2 19 5.830951894845301 16.0 1.2624370500980242 
24 84 9 0 0 16 5.656854249492381 16.0 1.2604817041152492 
25 83 9 0 2 16 5.830951894845301 16.0 1.2546509927437084 
24 81 9 0 0 15 5.656854249492381 16.0 1.2367984922979134 
25 80 9 1 2 15 5.830951894845301 16.0 1.2366735156746231 
24 78 9 1 0 17 5.656854249492381 16.0 1.234718169691848 
25 77 9 1 2 17 5.830951894845301 16.0 1.2327507518269127 
24 76 9 1 0 17 5.656854249492381 16.0 1.2326973174268878 
25 75 9 1 2 18 5.830951894845301 16.0 1.2268666060553473 
24 73 9 1 0 17 5.656854249492381 16.0 1.2211074369070718 
25 72 9 1 2 15 5.830951894845301 16.0 1.2209824602837815 
24 70 9 1 0 17 5.656854249492381 16.0 1.2012280482552367 
25 69 9 2 2 16 5.830951894845301 16.0 1.1992606303903013 
24 68 9 2 0 16 5.656854249492381 16.0 1.1973052844075263 
25 67 9 2 2 16 5.830951894845301 16.0 1.1934359549598406 
24 66 9 2 0 15 5.656854249492381 16.0 1.1914806089770655 
25 65 9 2 2 15 5.830951894845301 16.0 1.18761127952938 
24 64 9 2 0 14 5.656854249492381 16.0 1.185655933546605 
25 63 9 2 2 14 5.830951894845301 16.0 1.185530956923315 
24 61 9 2 0 16 5.656854249492381 16.0 1.1560885759577035 
25 57 9 3 2 13 5.830951894845301 16.0 1.1363220920469985 
24 56 9 4 0 12 5.656854249492381 16.0 1.1352320471863164 
25 55 9 4 2 13 5.830951894845301 15.033296378372908 1.1351665409041312 
24 54 9 4 0 14 5.656854249492381 15.033296378372908 1.1313092833386058 
25 53 9 4 2 13 5.830951894845301 15.033296378372908 1.1331456886391709 
24 52 9 4 0 15 5.656854249492381 15.033296378372908 1.1095874534451253 
25 51 9 5 2 12 5.830951894845301 15.033296378372908 1.099952918908084 
24 49 9 5 0 9 5.656854249492381 15.033296378372908 1.097997572925309 
25 48 9 5 2 9 5.830951894845301 15.033296378372908 1.0960301550603737 
24 47 9 5 0 9 5.656854249492381 15.033296378372908 1.0910648786452057 
25 46 9 5 2 8 5.830951894845301 14.0 1.0890974607802704 
24 45 9 5 0 8 5.656854249492381 14.0 1.085240203214745 
25 44 9 5 2 7 5.830951894845301 14.0 1.0853271110449056 
24 43 9 5 0 8 5.656854249492381 14.142135623730951 1.0636707874336102 
25 42 9 6 2 6 5.830951894845301 14.142135623730951 1.0589431006015297 
24 41 9 6 0 5 5.656854249492381 13.341664064126334 1.0550858430360044 
25 40 9 6 2 4 5.830951894845301 13.341664064126334 1.051216513588319 
24 39 9 6 0 3 5.656854249492381 13.341664064126334 1.0530649907710443 
25 38 9 6 2 5 5.830951894845301 13.341664064126334 1.051097572906109 
24 37 9 6 0 5 5.656854249492381 13.341664064126334 1.0275393377120636 
25 36 9 7 2 2 5.830951894845301 13.341664064126334 1.0255719198471283 
24 35 9 7 0 2 5.656854249492381 13.341664064126334 1.0039155962358328 
25 34 9 8 2 0 5.830951894845301 13.341664064126334 1.034097393903629 
24 36 9 7 0 5 5.656854249492381 14.142135623730951 1.005817507818583 
25 34 9 8 2 1 5.830951894845301 13.341664064126334 0.9860510239078776 
24 33 9 9 0 0 5.656854249492381 13.341664064126334 1.0124410702923337 
25 35 9 8 2 3 5.830951894845301 14.142135623730951 1.0039095602947528 
24 34 9 8 0 0 5.656854249492381 13.341664064126334 1.017259968536236 
25 36 9 8 2 4 5.830951894845301 15.033296378372908 1.0084787970734073 
24 35 9 8 0 1 5.656854249492381 14.0 1.0035904068937578 
25 34 9 8 2 0 5.830951894845301 13.038404810405298 1.017253932595156 
24 36 9 8 0 4 5.656854249492381 15.033296378372908 1.0086372471268332 
25 35 9 8 2 1 5.830951894845301 14.142135623730951 1.0039095602947528 
24 34 9 8 0 0 5.656854249492381 13.341664064126334 1.0255779557882085 
25 35 9 7 2 2 5.830951894845301 13.341664064126334 1.0039095602947528 
24 34 9 8 0 0 5.656854249492381 13.341664064126334 1.0294412492948137 
25 36 9 7 2 3 5.830951894845301 13.341664064126334 1.0039095602947528 
24 34 9 8 0 0 5.656854249492381 13.341664064126334 1.0400184088903741 
25 38 9 7 2 5 5.830951894845301 16.0 1.035112468982031 
24 37 9 7 0 4 5.656854249492381 15.033296378372908 1.0341034298447092 
25 36 9 7 2 5 5.830951894845301 14.142135623730951 1.0255719198471283 
24 35 9 7 0 2 5.656854249492381 13.341664064126334 1.0039155962358328 
25 34 9 8 2 0 5.830951894845301 13.341664064126334 1.017253932595156 
24 36 9 8 0 4 5.656854249492381 15.033296378372908 1.0039155962358328 
25 34 9 8 2 0 5.830951894845301 13.341664064126334 1.017253932595156 
24 36 9 8 0 4 5.656854249492381 15.033296378372908 1.0035904068937578 
25 34 9 8 2 0 5.830951894845301 13.038404810405298 1.017253932595156 
24 36 9 8 0 4 5.656854249492381 15.033296378372908 1.0035904068937578 
25 34 9 8 2 0 5.830951894845301 13.038404810405298 1.040012372949294 
24 38 9 7 0 5 5.656854249492381 16.0 1.0351185049231113 
25 37 9 7 2 4 5.830951894845301 15.033296378372908 1.0153520210124058 
24 36 9 8 0 3 5.656854249492381 15.033296378372908 1.0105391587095833 
25 35 9 8 2 2 5.830951894845301 14.142135623730951 1.0039095602947528 
24 34 9 8 0 0 5.656854249492381 13.341664064126334 1.017259968536236 
25 36 9 8 2 4 5.830951894845301 15.033296378372908 1.0124350343512534 
24 35 9 8 0 3 5.656854249492381 14.142135623730951 1.005817507818583 
25 34 9 8 2 1 5.830951894845301 13.341664064126334 0.9860510239078776 
24 33 9 9 0 0 5.656854249492381 13.341664064126334 0.9926806223227082 
25 34 9 9 2 2 5.830951894845301 14.142135623730951 0.9857258345658026 
24 33 9 9 0 0 5.656854249492381 13.038404810405298 1.0105391587095833 
25 35 9 8 2 2 5.830951894845301 14.142135623730951 1.0058114718775029 
24 34 9 8 0 1 5.656854249492381 13.341664064126334 0.9857318705068829 
25 33 9 9 2 0 5.830951894845301 13.038404810405298 1.0124350343512534 
24 35 9 8 0 3 5.656854249492381 14.142135623730951 1.0035904068937578 
25 34 9 8 2 0 5.830951894845301 13.038404810405298 1.017253932595156 
24 36 9 8 0 4 5.656854249492381 15.033296378372908 1.0035904068937578 
25 34 9 8 2 0 5.830951894845301 13.038404810405298 1.017253932595156 
24 36 9 8 0 4 5.656854249492381 15.033296378372908 1.0084848330144875 
25 35 9 8 2 1 5.830951894845301 14.0 1.0035843709526777 
24 34 9 8 0 0 5.656854249492381 13.038404810405298 1.005492318476508 
25 34 9 8 2 1 5.830951894845301 13.038404810405298 0.9857258345658026 
24 33 9 9 0 0 5.656854249492381 13.038404810405298 -1 
