140 140 0 0 14 14 16.0 16.0 1.0358278003881471 
138 139 0 0 17 18 16.0 14.142135623730951 1.0484164511226812 
134 137 0 0 16 23 12.649110640673518 16.0 1.0495541707438156 
132 136 0 0 16 23 13.038404810405298 16.0 1.0520767881098578 
130 134 0 0 16 25 13.038404810405298 16.0 1.047059752741215 
128 132 0 0 16 22 13.038404810405298 15.033296378372908 1.0483195617270273 
126 131 0 0 14 22 15.033296378372908 15.033296378372908 1.0445272411549094 
124 127 0 0 16 22 15.033296378372908 15.033296378372908 1.0528838309094268 
122 126 0 0 15 27 15.033296378372908 15.033296378372908 1.0443251867924448 
120 124 0 0 16 21 15.033296378372908 15.033296378372908 1.0464725563530433 
118 122 0 0 17 23 15.033296378372908 15.033296378372908 1.046049140238488 
116 121 0 0 18 22 15.033296378372908 15.033296378372908 1.0512482610239253 
114 119 0 0 18 26 15.033296378372908 15.033296378372908 1.045741368131782 
112 117 0 0 18 22 15.033296378372908 15.033296378372908 1.047031451532368 
110 116 0 0 18 22 15.033296378372908 15.033296378372908 1.0496597866426514 
108 115 0 0 18 23 15.033296378372908 15.033296378372908 1.0501993744323501 
106 114 0 0 20 23 15.033296378372908 15.033296378372908 1.047368984959602 
104 112 0 0 20 21 15.033296378372908 15.033296378372908 1.0654983420855988 
98 111 1 0 17 20 15.033296378372908 15.033296378372908 1.0698114019934588 
97 110 1 0 16 23 15.033296378372908 15.033296378372908 1.073085042637682 
93 109 1 0 18 23 15.033296378372908 15.033296378372908 1.0840537886032127 
92 108 2 0 23 24 15.033296378372908 15.033296378372908 1.0889336105461584 
90 107 2 0 17 25 15.033296378372908 15.033296378372908 1.0852459349133978 
88 106 2 0 16 21 15.033296378372908 15.033296378372908 1.0923218223933473 
84 105 2 0 15 23 15.033296378372908 15.033296378372908 1.0884996542987806 
83 103 2 0 14 21 15.033296378372908 15.033296378372908 1.0932742861647786 
79 102 2 0 12 21 15.033296378372908 15.033296378372908 1.10478101944783 
78 101 3 0 12 21 15.033296378372908 15.033296378372908 1.1056958550429723 
76 100 3 0 13 21 15.033296378372908 15.033296378372908 1.1255138510300013 
68 98 4 0 17 22 14.142135623730951 15.033296378372908 1.1433731504275024 
64 97 5 0 11 22 14.142135623730951 15.033296378372908 1.1440467030117134 
63 96 5 0 9 22 14.142135623730951 15.033296378372908 1.1425257905310982 
62 94 5 0 9 22 14.142135623730951 15.033296378372908 1.1431935545015723 
61 93 5 0 9 23 13.341664064126334 14.0 1.1452341335130458 
59 92 5 0 7 23 13.341664064126334 14.0 1.1424936603529179 
58 90 5 0 7 22 13.038404810405298 14.0 1.1401106203980877 
56 89 5 0 7 19 12.165525060596439 14.0 1.1416996320031887 
54 88 5 0 7 19 11.40175425099138 14.0 1.1295516545162327 
52 87 5 1 7 19 10.770329614269007 14.0 1.1350135084363842 
51 86 5 1 7 23 10.295630140987 14.0 1.13926787136787 
50 85 5 1 7 26 9.486832980505138 14.0 1.1311614180830083 
49 84 5 1 7 20 9.486832980505138 14.0 1.137603662605548 
47 83 5 1 7 24 10.0 14.0 1.1405784708037103 
46 82 5 1 6 26 10.0 14.0 1.132847265324292 
45 81 5 1 5 20 10.0 14.0 1.1333173507951237 
44 80 5 1 5 20 8.602325267042627 14.0 1.1372551628975403 
43 79 5 1 5 23 8.602325267042627 14.0 1.1337079680186422 
42 78 5 1 5 20 7.211102550927978 14.0 1.1354720584203855 
40 77 5 1 5 20 6.0 14.0 1.1326251966386855 
39 76 5 1 3 18 6.0 13.038404810405298 1.1342617531271506 
38 75 5 1 2 19 6.0 13.038404810405298 1.130564380308771 
36 74 5 1 2 16 8.48528137423857 13.038404810405298 1.131040938824291 
35 73 5 1 2 16 7.0710678118654755 13.038404810405298 1.1199553083913134 
34 72 5 2 2 18 7.0710678118654755 13.038404810405298 1.1158636102355444 
33 71 5 2 2 15 7.0710678118654755 13.038404810405298 1.129083843033737 
32 70 6 2 1 16 7.0710678118654755 13.038404810405298 1.12827375659453 
31 69 6 2 1 16 8.94427190999916 13.038404810405298 1.126858561858156 
30 68 6 2 1 15 8.94427190999916 13.038404810405298 1.1254433671217818 
29 67 6 2 1 14 8.94427190999916 13.038404810405298 1.1369501004048332 
28 66 7 2 1 14 8.94427190999916 13.038404810405298 1.137036055085107 
27 65 7 2 0 14 9.486832980505138 13.038404810405298 1.135949142022 
27 64 7 2 1 14 7.615773105863909 13.038404810405298 1.134859402262854 
26 63 7 2 1 14 8.246211251235321 12.165525060596439 1.1338689878882708 
25 62 7 2 2 13 5.830951894845301 12.0 1.1478861993753182 
23 61 8 2 0 14 8.246211251235321 12.0 1.1492575969355905 
23 60 8 2 0 15 4.47213595499958 12.0 1.147243896082697 
23 59 8 2 1 15 2.8284271247461903 11.045361017187261 1.1449400262392784 
22 58 8 2 1 14 5.0990195135927845 11.045361017187261 1.1572428338932828 
21 57 9 2 0 15 5.0990195135927845 10.0 1.1555275415734436 
21 56 9 2 1 14 1.4142135623730951 10.0 1 
