140 140 0 0 14 14 16.0 16.0 1.138068762100417 
138 139 0 0 17 17 16.0 14.142135623730951 1.1367411739766573 
134 137 0 0 16 15 12.0 16.0 1.1406712624865296 
132 135 0 0 21 17 13.038404810405298 16.0 1.1467277209757056 
128 134 0 0 22 19 13.038404810405298 16.0 1.1492050115154842 
124 133 0 0 22 19 13.038404810405298 16.0 1.1547601107994971 
120 131 0 0 22 22 13.038404810405298 16.0 1.156293454335379 
116 129 0 0 22 23 13.341664064126334 15.033296378372908 1.1632271416448365 
112 128 0 0 25 25 15.033296378372908 15.033296378372908 1.1715392956851327 
106 127 1 0 21 22 15.033296378372908 15.033296378372908 1.1680501820137217 
104 123 1 0 20 23 15.033296378372908 15.033296378372908 1.1695316443441166 
102 121 1 0 19 25 15.033296378372908 15.033296378372908 1.1703252651903833 
100 120 1 0 20 25 15.033296378372908 15.033296378372908 1.1723080867259417 
98 119 1 0 20 26 15.033296378372908 15.033296378372908 1.1699227951464155 
96 118 1 0 21 24 15.033296378372908 15.033296378372908 1.1818679152924432 
88 117 2 0 17 22 14.142135623730951 15.033296378372908 1.182935132422596 
86 116 2 0 17 23 14.142135623730951 14.0 1.1817390415323614 
84 115 2 0 17 22 14.142135623730951 14.0 1.1785532389056261 
82 114 2 0 16 20 14.142135623730951 14.0 1.1801358049175799 
80 113 2 0 15 21 14.142135623730951 14.0 1.1970950915495637 
76 112 3 0 14 24 14.0 14.0 1.2133249036553657 
75 111 4 0 15 28 14.0 14.0 1.2050281771470337 
74 109 4 0 16 24 14.0 14.0 1.2009557116941407 
72 105 4 0 15 25 14.0 13.341664064126334 1.1914544162673382 
71 101 4 0 19 22 14.0 12.649110640673518 1.1825986302731462 
69 99 4 0 16 18 14.0 12.649110640673518 1.2091011002218954 
65 98 5 0 15 27 14.0 12.649110640673518 1.2145403838793882 
61 97 6 0 13 23 14.0 12.649110640673518 1.209263765834593 
59 95 6 0 11 21 14.0 12.649110640673518 1.21061644616672 
58 94 6 0 16 21 14.0 12.649110640673518 1.2197175453727032 
52 93 7 0 10 19 14.0 12.649110640673518 1.219266790028665 
50 92 7 0 8 19 13.038404810405298 12.649110640673518 1.218776996705024 
50 91 7 0 11 19 13.038404810405298 12.649110640673518 1.2181283994191274 
49 90 7 0 11 19 13.038404810405298 12.649110640673518 1.2167558619238223 
47 88 7 0 12 19 12.0 12.165525060596439 1.2224629842237387 
41 87 7 0 11 20 11.045361017187261 12.165525060596439 1.2221672339503775 
40 86 7 0 12 20 10.0 12.165525060596439 1.2248594640016597 
38 85 7 0 10 22 8.246211251235321 12.165525060596439 1.2217791710208266 
37 84 7 0 12 20 7.0710678118654755 12.165525060596439 1.2210436938014528 
33 83 7 0 12 18 6.324555320336759 12.165525060596439 1.2215197067232082 
29 82 7 0 7 18 6.324555320336759 12.165525060596439 1.2139659767506992 
28 80 8 1 6 18 6.324555320336759 12.165525060596439 1.2134614644120543 
28 79 8 1 9 18 6.0 12.165525060596439 1.216987695281094 
24 78 8 1 4 20 3.1622776601683795 12.165525060596439 1.214809045596341 
23 77 8 1 4 19 4.47213595499958 12.165525060596439 1.221257548756901 
21 76 9 1 0 18 7.0710678118654755 11.045361017187261 1.2242459224906068 
21 75 9 1 0 21 5.0990195135927845 11.045361017187261 1.202984388668668 
21 73 9 2 1 19 1.4142135623730951 11.045361017187261 1 
