140 140 0 0 14 14 16.0 16.0 1.0569082674179147 
138 138 0 0 17 17 16.0 14.142135623730951 1.0626171722839204 
134 137 0 0 16 17 13.038404810405298 16.0 1.064850245491255 
132 136 0 0 16 18 14.142135623730951 16.0 1.0658896265362239 
130 135 0 0 16 18 14.142135623730951 16.0 1.0655384348900847 
128 134 0 0 16 17 14.142135623730951 16.0 1.0807844047068966 
126 133 0 0 14 27 14.142135623730951 16.0 1.075960633126673 
124 132 0 0 16 23 14.142135623730951 16.0 1.0757158698045497 
122 130 0 0 15 23 14.142135623730951 16.0 1.07238909923945 
120 128 0 0 16 21 14.142135623730951 16.0 1.0746686220451478 
118 127 0 0 17 22 14.142135623730951 16.0 1.079729290233062 
116 126 0 0 18 25 14.142135623730951 16.0 1.0793340959805588 
114 124 0 0 18 25 14.142135623730951 16.0 1.082365356295318 
112 123 0 0 18 27 14.142135623730951 15.033296378372908 1.083245774485893 
110 122 0 0 18 27 15.033296378372908 15.033296378372908 1.0787228647664289 
108 121 0 0 18 23 15.033296378372908 15.033296378372908 1.0755465251317091 
106 119 0 0 18 21 15.033296378372908 15.033296378372908 1.0793230489525312 
104 117 0 0 18 24 15.033296378372908 15.033296378372908 1.072275853105246 
102 115 0 0 16 19 15.033296378372908 15.033296378372908 1.071924661459107 
100 114 0 0 16 18 15.033296378372908 15.033296378372908 1.0949597943134564 
92 113 1 0 16 21 14.0 14.0 1.0987549669710315 
90 112 1 0 16 23 14.142135623730951 14.0 1.115803744619073 
84 111 2 0 16 23 14.142135623730951 14.0 1.1172944184551816 
82 110 2 0 13 23 14.142135623730951 14.0 1.1201788285719063 
81 109 2 0 11 25 14.142135623730951 14.0 1.1238489240687122 
79 108 2 0 12 27 14.142135623730951 14.0 1.1180890361780276 
78 107 2 0 12 23 14.142135623730951 14.0 1.115411155530319 
77 106 2 0 10 21 14.142135623730951 14.0 1.111672671463338 
76 105 2 0 10 19 14.0 13.038404810405298 1.111493006576331 
74 104 2 0 10 18 13.038404810405298 13.038404810405298 1.1140786622504137 
72 103 2 0 10 19 12.165525060596439 13.038404810405298 1.1166448553657111 
70 102 2 0 10 20 11.40175425099138 13.038404810405298 1.119143438320901 
68 100 2 0 10 22 10.770329614269007 13.038404810405298 1.1386724994903996 
62 99 3 0 12 24 10.770329614269007 13.038404810405298 1.1410366979091773 
60 98 3 0 13 25 10.295630140987 13.038404810405298 1.1610233790488307 
56 97 4 0 14 29 10.295630140987 13.038404810405298 1.1679195855399769 
52 96 4 0 10 31 10.295630140987 13.038404810405298 1.159634446066712 
50 95 4 0 10 24 8.0 13.038404810405298 1.1597529802917743 
49 94 4 0 9 24 7.0710678118654755 13.038404810405298 1.1738979019087312 
43 93 5 0 8 22 8.602325267042627 13.038404810405298 1.1835847445506176 
42 92 5 0 7 29 8.602325267042627 13.038404810405298 1.1827722155327753 
41 91 5 0 8 29 7.211102550927978 12.165525060596439 1.1770123276420907 
40 90 5 0 8 25 7.211102550927978 12.165525060596439 1.186482478153413 
38 89 6 0 7 23 7.211102550927978 12.165525060596439 1.1996667267679049 
34 88 7 0 7 22 7.211102550927978 12.165525060596439 1.2004788232273413 
32 87 7 0 7 22 8.48528137423857 12.165525060596439 1.199191515270741 
31 86 7 0 5 21 8.48528137423857 12.165525060596439 1.1980060399887575 
30 85 7 0 4 20 7.0710678118654755 12.165525060596439 1.1980607064675026 
29 84 7 0 4 20 5.656854249492381 12.165525060596439 1.1967248002551392 
28 83 7 0 4 19 4.242640687119285 12.165525060596439 1.1966776340592673 
27 82 7 0 3 19 4.242640687119285 12.165525060596439 1.1915527296199906 
26 78 7 0 3 19 4.242640687119285 11.40175425099138 1.1902168234076276 
25 77 7 0 3 18 2.8284271247461903 11.40175425099138 1.190019226281376 
24 76 7 0 3 18 2.8284271247461903 11.40175425099138 1.2011839749340743 
23 75 8 0 1 18 2.8284271247461903 11.40175425099138 1.1987950116953607 
22 73 8 0 1 18 7.0710678118654755 11.40175425099138 1.2091159961825324 
21 72 9 0 0 17 3.1622776601683795 11.40175425099138 1.2092333776098132 
21 71 9 0 1 18 1.4142135623730951 11.40175425099138 1 
