140 140 0 0 14 14 16.0 16.0 1.1323850860801798 
138 139 0 0 17 18 16.0 14.142135623730951 1.1437399400364998 
134 137 0 0 16 22 12.165525060596439 16.0 1.1562480032722513 
132 136 0 0 21 26 13.038404810405298 16.0 1.158939863427925 
128 134 0 0 22 26 13.038404810405298 16.0 1.1609109280580066 
124 133 0 0 22 25 13.038404810405298 16.0 1.1648982128934242 
120 132 0 0 22 25 13.038404810405298 16.0 1.1621983439740098 
116 131 0 0 24 21 13.038404810405298 16.0 1.1702684396145346 
112 130 0 0 27 22 13.038404810405298 16.0 1.1763592594551617 
108 128 1 0 20 22 13.038404810405298 16.0 1.1984392545179778 
104 127 1 0 17 32 14.0 16.0 1.1887211586636812 
102 126 1 0 19 26 14.0 16.0 1.20629123126314 
98 125 2 0 17 29 13.341664064126334 16.0 1.1972116285476662 
96 124 2 0 17 24 13.341664064126334 16.0 1.1964693292441806 
95 122 2 0 21 24 13.341664064126334 15.033296378372908 1.1898192308947744 
91 120 3 0 16 17 15.033296378372908 15.033296378372908 1.1988856100273284 
89 119 3 0 16 21 15.033296378372908 15.033296378372908 1.2079519891598827 
87 118 3 0 16 25 15.033296378372908 15.033296378372908 1.214750110935865 
83 117 4 0 13 23 15.033296378372908 15.033296378372908 1.21776782945241 
81 116 4 0 13 24 15.033296378372908 15.033296378372908 1.2207855479689549 
79 115 4 0 13 25 15.033296378372908 15.033296378372908 1.219770826074827 
77 114 4 0 13 24 15.033296378372908 15.033296378372908 1.2179551920075058 
76 113 4 0 14 23 14.0 15.033296378372908 1.2220699348049484 
76 112 4 0 17 25 14.0 15.033296378372908 1.230319992442221 
70 111 4 0 13 27 14.0 15.033296378372908 1.2247207199819845 
69 107 5 0 13 23 14.0 15.033296378372908 1.2217217098748558 
67 105 5 0 13 22 14.0 15.033296378372908 1.2316317760321351 
67 104 5 0 17 27 14.0 14.142135623730951 1.2409784291133066 
63 103 5 0 16 30 14.142135623730951 14.142135623730951 1.2386179121450007 
61 101 5 0 14 30 14.142135623730951 14.142135623730951 1.2538439199147144 
55 99 6 0 13 31 14.142135623730951 14.142135623730951 1.251368665587816 
54 97 6 0 13 31 14.0 14.142135623730951 1.2564055055358931 
52 96 6 0 13 33 13.038404810405298 14.142135623730951 1.2453442481705053 
50 94 6 0 13 28 12.165525060596439 14.142135623730951 1.2483642710578544 
48 93 6 0 13 29 11.40175425099138 14.142135623730951 1.259549516254144 
46 92 6 0 19 32 10.770329614269007 14.142135623730951 1.268797289597918 
42 91 6 0 12 37 10.295630140987 14.142135623730951 1.2502597859551943 
41 87 6 0 12 31 8.94427190999916 14.142135623730951 1.2443437981203884 
41 86 6 0 18 27 8.94427190999916 14.142135623730951 1.2351674628261264 
39 85 6 0 12 24 7.615773105863909 14.142135623730951 1.2474622526405057 
38 84 6 0 13 30 7.615773105863909 14.142135623730951 1.238267483729441 
37 83 6 0 15 25 7.615773105863909 14.142135623730951 1.2490476755216622 
33 82 7 0 9 26 7.615773105863909 14.142135623730951 1.2408889121594682 
29 81 7 0 6 21 7.0710678118654755 14.142135623730951 1.238494819769986 
27 80 7 0 4 20 7.615773105863909 14.142135623730951 1.2469506097415886 
26 78 8 0 4 21 5.830951894845301 14.142135623730951 1.238398433649173 
25 77 8 0 4 17 4.47213595499958 14.142135623730951 1.247299276191702 
24 76 8 0 3 22 4.47213595499958 14.142135623730951 1.2469599051573848 
23 75 9 0 2 18 5.830951894845301 14.142135623730951 1.2450948828198012 
22 74 9 0 0 18 4.47213595499958 14.142135623730951 1.2410957988815523 
22 73 9 0 0 17 4.0 14.142135623730951 1.2411263063937994 
22 72 9 0 0 18 4.47213595499958 14.142135623730951 1.2169620893888415 
22 71 9 1 0 15 4.0 14.142135623730951 1.2190088171064253 
22 70 9 1 0 17 4.47213595499958 14.142135623730951 1.21299351296284 
22 69 9 1 0 15 4.0 14.142135623730951 1.2150402406804235 
22 68 9 1 0 17 4.47213595499958 14.142135623730951 1.2090249365368382 
22 67 9 1 0 15 4.0 14.142135623730951 1.2130878844597583 
22 66 9 1 0 18 4.47213595499958 14.142135623730951 1.2055259763256938 
22 64 9 1 0 17 4.0 12.649110640673518 1 
