140 140 0 0 14 14 16.0 16.0 0.9723747592852386 
138 138 0 0 17 17 16.0 14.142135623730951 0.9807774298427627 
134 136 0 0 16 19 13.038404810405298 16.0 0.9861191373061706 
132 135 0 0 16 23 13.341664064126334 16.0 0.9868250929436831 
130 131 0 0 16 25 13.341664064126334 16.0 0.9862462535376731 
128 130 0 0 16 23 13.341664064126334 16.0 0.9888476991359888 
126 129 0 0 14 23 13.341664064126334 16.0 0.988260351875249 
125 128 0 0 14 22 13.038404810405298 16.0 0.9844920526232879 
123 126 0 0 15 19 13.038404810405298 15.033296378372908 0.9858766616495034 
121 125 0 0 15 20 15.033296378372908 15.033296378372908 0.9847217710171612 
119 124 0 0 16 18 15.033296378372908 15.033296378372908 0.9845809716606493 
117 123 0 0 17 17 15.033296378372908 15.033296378372908 0.9838735179560733 
116 122 0 0 16 15 14.142135623730951 15.033296378372908 0.9888031749787138 
114 121 0 0 17 19 14.142135623730951 15.033296378372908 0.9902525181243648 
112 120 0 0 17 19 14.142135623730951 15.033296378372908 0.9917018612700158 
110 119 0 0 17 19 14.142135623730951 15.033296378372908 0.9921371131398363 
108 118 0 0 17 18 14.142135623730951 15.033296378372908 0.9979349219373973 
106 117 0 0 17 23 14.142135623730951 14.0 0.9993842650830483 
104 116 0 0 17 23 14.142135623730951 14.0 1.0146604840479418 
96 114 1 0 16 18 14.142135623730951 14.0 1.014447901584831 
94 112 1 0 12 15 14.142135623730951 14.0 1.015719586259163 
93 111 1 0 11 15 13.341664064126334 14.0 1.0186210607301427 
91 110 1 0 12 17 13.341664064126334 14.0 1.0225366264769524 
89 109 1 0 13 20 13.341664064126334 14.0 1.021285895806462 
87 108 1 0 13 18 13.341664064126334 13.038404810405298 1.0278056953312653 
85 107 1 0 13 23 13.341664064126334 13.038404810405298 1.0294832842429813 
83 105 1 0 11 23 13.341664064126334 13.038404810405298 1.033398849989791 
81 104 1 0 12 26 13.341664064126334 13.038404810405298 1.0464534171967894 
80 102 2 0 11 27 13.341664064126334 13.038404810405298 1.042914030697789 
79 100 2 0 11 24 13.038404810405298 13.038404810405298 1.0433010166005032 
78 98 2 0 10 24 12.165525060596439 13.038404810405298 1.0395969096867137 
77 97 2 0 10 20 12.0 13.038404810405298 1.0465202517975547 
76 96 2 0 9 26 12.0 13.038404810405298 1.0508710694141852 
72 94 2 0 10 28 12.0 13.038404810405298 1.055855364416167 
71 90 3 0 11 24 12.0 13.038404810405298 1.0567286563354858 
69 89 3 0 12 24 12.0 13.038404810405298 1.0635922102562945 
68 88 3 0 12 30 11.045361017187261 13.038404810405298 1.0643131801360597 
67 87 3 0 12 30 10.198039027185569 13.038404810405298 1.0626379754031547 
66 85 3 0 12 29 10.198039027185569 13.038404810405298 1.0660816488193934 
64 84 3 0 11 31 10.198039027185569 12.165525060596439 1.0758656964328353 
63 83 4 0 12 29 10.198039027185569 12.165525060596439 1.076300948302656 
61 82 4 0 12 28 10.198039027185569 12.165525060596439 1.070659044197643 
60 81 4 0 11 21 9.055385138137417 12.165525060596439 1.072511929929331 
59 80 4 0 10 22 9.055385138137417 12.165525060596439 1.0672661767302063 
58 79 4 0 9 16 9.055385138137417 12.165525060596439 1.067528919959732 
57 78 4 0 9 16 9.055385138137417 12.165525060596439 1.068134390010117 
56 77 4 0 8 16 9.486832980505138 12.165525060596439 1.0583256161337309 
52 76 4 1 9 16 9.486832980505138 12.165525060596439 1.0644628861007404 
51 75 4 1 9 21 8.0 12.165525060596439 1.0653016805565985 
50 74 4 1 8 21 8.0 12.165525060596439 1.0661404750124561 
49 73 4 1 7 21 8.0 12.165525060596439 1.0785287564038917 
48 72 5 1 7 21 8.0 12.165525060596439 1.0762515867618447 
47 71 5 1 7 18 7.0710678118654755 12.165525060596439 1.0770903812177028 
46 70 5 1 6 18 7.0710678118654755 12.165525060596439 1.0773531244472285 
45 69 5 1 6 18 7.0710678118654755 12.165525060596439 1.079644050228415 
44 68 5 1 6 20 7.0710678118654755 12.165525060596439 1.0668515278299853 
43 67 5 2 6 20 7.0710678118654755 12.165525060596439 1.0672045056487414 
42 65 5 2 6 21 7.0710678118654755 12.165525060596439 1.078530919176743 
41 63 6 2 8 22 7.0710678118654755 12.165525060596439 1.0825844961003872 
39 62 6 2 7 24 7.0710678118654755 12.165525060596439 1.0807705326599144 
33 58 7 3 6 20 8.602325267042627 12.165525060596439 1.0813476007407292 
32 57 7 3 5 19 7.211102550927978 12.165525060596439 1.081342629891553 
31 56 7 3 5 18 5.830951894845301 12.165525060596439 1.0803120300799633 
30 55 7 3 5 16 4.47213595499958 12.165525060596439 1.0981205771821934 
26 54 8 3 3 16 3.1622776601683795 12.165525060596439 1.097945280362221 
25 53 8 3 2 15 3.1622776601683795 12.165525060596439 1.0976844739267493 
24 52 8 3 4 15 2.0 12.165525060596439 1.1129875089133068 
22 51 9 3 1 15 2.0 12.165525060596439 1.1005117763069947 
21 50 9 4 1 15 1.4142135623730951 12.165525060596439 1 
