140 140 0 0 14 14 16.0 16.0 1.1026821267613727 
138 139 0 0 17 19 16.0 14.142135623730951 1.1108067923055862 
134 137 0 0 16 23 12.0 16.0 1.116986019357484 
132 136 0 0 21 27 13.341664064126334 16.0 1.1086049352002747 
128 135 0 0 22 19 13.341664064126334 16.0 1.1151745302504092 
124 133 0 0 22 23 13.341664064126334 16.0 1.1136123749199418 
120 132 0 0 22 20 13.341664064126334 16.0 1.1153749300686375 
116 131 0 0 22 20 14.142135623730951 15.033296378372908 1.1234042311092616 
112 129 0 0 25 25 15.033296378372908 15.033296378372908 1.142522151444025 
106 127 1 0 20 29 15.033296378372908 15.033296378372908 1.150203398618457 
102 126 2 0 17 25 15.033296378372908 15.033296378372908 1.1480793115173697 
100 125 2 0 19 23 15.033296378372908 15.033296378372908 1.1485238953866004 
98 123 2 0 19 24 15.033296378372908 15.033296378372908 1.1518086929116678 
96 122 2 0 19 26 15.033296378372908 15.033296378372908 1.1496075084185156 
94 121 2 0 19 24 15.033296378372908 15.033296378372908 1.141628673966963 
92 117 2 0 19 21 15.033296378372908 15.033296378372908 1.1602544322968433 
84 116 3 0 17 22 14.142135623730951 15.033296378372908 1.1734015362348325 
80 114 4 0 16 23 14.142135623730951 15.033296378372908 1.1640512062787254 
78 110 4 0 16 19 14.142135623730951 15.033296378372908 1.1631444198980632 
76 109 4 0 14 18 14.142135623730951 15.033296378372908 1.1621404108706739 
74 107 4 0 12 18 14.142135623730951 15.033296378372908 1.1583795057494524 
72 105 4 0 9 16 13.341664064126334 15.033296378372908 1.1537043407713987 
71 103 4 0 9 14 13.341664064126334 15.033296378372908 1.1546217167090118 
70 102 4 0 9 15 13.038404810405298 15.033296378372908 1.157971935726548 
68 101 4 0 10 17 12.165525060596439 15.033296378372908 1.1557942649619426 
66 100 4 0 10 15 11.40175425099138 15.033296378372908 1.160450557991565 
64 99 4 0 10 18 11.40175425099138 15.033296378372908 1.1610118037782025 
62 98 4 0 10 18 10.770329614269007 15.033296378372908 1.1615921589901923 
60 97 4 0 11 18 10.770329614269007 15.033296378372908 1.1634429778909 
58 96 4 0 9 19 10.295630140987 15.033296378372908 1.1666305527692402 
56 94 4 0 9 22 10.295630140987 15.033296378372908 1.1615891546202513 
54 92 4 0 9 19 10.295630140987 15.033296378372908 1.1641385306839263 
53 91 4 0 16 21 10.295630140987 15.033296378372908 1.172022649101213 
49 90 4 0 12 25 10.295630140987 15.033296378372908 1.1670784735989508 
47 89 4 0 12 21 10.295630140987 15.033296378372908 1.1652851256873553 
46 88 4 0 12 20 8.94427190999916 15.033296378372908 1.1662340650261616 
45 87 4 0 12 21 7.615773105863909 15.033296378372908 1.167308757833455 
44 86 4 0 16 22 7.211102550927978 15.033296378372908 1.1682154706426064 
40 85 4 0 10 21 8.602325267042627 15.033296378372908 1.1738275191991046 
38 83 5 0 8 18 8.602325267042627 15.033296378372908 1.176292005839706 
37 82 5 0 10 20 5.0990195135927845 15.033296378372908 1.1866551617882128 
33 81 6 0 6 18 5.830951894845301 15.033296378372908 1.1876435831775218 
32 80 6 0 7 19 4.47213595499958 15.033296378372908 1.1988002877029338 
30 79 7 0 4 19 4.47213595499958 15.033296378372908 1.2048171181263996 
29 77 8 0 3 17 4.47213595499958 15.033296378372908 1.2030224925825332 
28 76 8 0 3 16 3.1622776601683795 15.033296378372908 1.202559036764871 
27 75 8 0 3 16 3.1622776601683795 15.033296378372908 1.2035028587585153 
26 74 8 0 3 17 2.0 15.033296378372908 1.198789145084429 
25 72 8 0 2 15 2.0 15.033296378372908 1.2144242742910523 
24 71 9 0 2 19 5.830951894845301 15.033296378372908 1.2098110675740446 
23 70 9 0 0 16 4.47213595499958 15.033296378372908 1.1939983629626736 
23 69 9 1 0 16 4.0 15.033296378372908 1.1911436139559919 
23 68 9 1 0 15 4.47213595499958 15.033296378372908 1.1910609266601098 
23 67 9 1 0 16 4.0 15.033296378372908 1.1895776731579828 
23 66 9 1 0 16 4.47213595499958 15.033296378372908 1.1881234903575462 
23 65 9 1 0 16 4.0 15.033296378372908 1.1866402368554192 
23 64 9 1 0 16 4.47213595499958 15.033296378372908 1.180974344894591 
23 62 9 1 0 14 4.0 15.033296378372908 1.1752793822320726 
23 60 9 1 0 12 4.47213595499958 15.033296378372908 1.1793111814498554 
23 59 9 1 0 16 4.0 15.033296378372908 1.1764564324431737 
23 58 9 1 0 15 4.47213595499958 15.033296378372908 1.1620152233363574 
23 57 9 2 0 16 4.0 15.033296378372908 1.1420589615096317 
23 56 9 3 0 13 4.47213595499958 15.033296378372908 1.1276177524028155 
23 55 9 4 0 14 4.0 15.033296378372908 1.1247630033961338 
23 54 9 4 0 13 4.47213595499958 15.033296378372908 1.1233088205956971 
23 53 9 4 0 13 4.0 15.033296378372908 1.1218255670935702 
23 52 9 4 0 13 4.47213595499958 15.033296378372908 1.1203713842931335 
23 51 9 4 0 13 4.0 15.033296378372908 1.1188881307910066 
23 50 9 4 0 13 4.47213595499958 15.033296378372908 1.1173367253438429 
23 48 9 4 0 14 4.0 15.033296378372908 1.1150356321810668 
23 47 9 4 0 14 4.47213595499958 14.0 1.1122099538760755 
23 46 9 4 0 13 4.0 14.0 1.1120981958785032 
23 45 9 4 0 14 4.47213595499958 14.0 1.10527052942209 
23 44 9 4 0 10 4.0 14.142135623730951 1.0880572586044737 
23 43 9 5 0 9 4.47213595499958 14.142135623730951 1.0666613493281565 
23 41 9 6 0 6 4.0 14.142135623730951 1.0638066003214748 
23 40 9 6 0 5 4.47213595499958 14.142135623730951 1.0614788299882536 
23 39 9 6 0 5 4.0 13.038404810405298 1.0613670719906816 
23 38 9 6 0 6 4.47213595499958 13.038404810405298 1.05854139368569 
23 37 9 6 0 5 4.0 13.038404810405298 1.0364255415694335 
23 35 9 7 0 2 4.47213595499958 12.165525060596439 1.0204818261830124 
23 34 9 8 0 2 4.0 12.0 1.0162555816717758 
23 33 9 8 0 0 4.47213595499958 12.0 1.0385024445630822 
23 35 9 7 0 3 4.0 13.038404810405298 1.0162555816717758 
23 33 9 8 0 0 4.47213595499958 12.0 1.0364400769202786 
23 35 9 7 0 2 4.0 12.165525060596439 1.0190957953276125 
23 34 9 8 0 1 4.47213595499958 12.0 1.016270117022621 
23 33 9 8 0 0 4.0 12.0 1.0177580879513808 
23 33 9 8 0 1 4.47213595499958 12.165525060596439 1.0009566390721598 
23 32 9 9 0 0 4.0 12.649110640673518 1.0177580879513808 
23 33 9 8 0 1 4.47213595499958 12.165525060596439 1.0009566390721598 
23 32 9 9 0 0 4.0 12.649110640673518 1.010547230476426 
23 34 9 9 0 4 4.47213595499958 14.142135623730951 1.005476469134095 
23 33 9 9 0 2 4.0 13.038404810405298 1.00055935248461 
23 32 9 9 0 0 4.47213595499958 12.165525060596439 0.9772920435219619 
23 21 9 9 0 0 4.0 3.1622776601683795 1.0045264743948559 
21 24 9 8 1 4 1.4142135623730951 4.242640687119285 1 
