140 140 0 0 14 14 16.0 16.0 0.996059796936369 
138 138 0 0 17 17 16.0 14.142135623730951 1.004045600926532 
134 137 0 0 16 17 13.038404810405298 16.0 1.0095006012898697 
132 136 0 0 16 20 13.038404810405298 16.0 1.0098296095346238 
130 135 0 0 16 19 13.038404810405298 16.0 1.0139889088847047 
128 133 0 0 16 22 13.038404810405298 16.0 1.011724634105564 
126 131 0 0 14 20 13.341664064126334 15.033296378372908 1.0128520686136893 
124 130 0 0 16 21 15.033296378372908 15.033296378372908 1.0136379198536938 
122 128 0 0 15 21 15.033296378372908 15.033296378372908 1.0160588781788786 
120 127 0 0 16 22 15.033296378372908 15.033296378372908 1.0159026374611608 
118 125 0 0 17 22 15.033296378372908 15.033296378372908 1.0157605997270533 
116 124 0 0 18 21 15.033296378372908 15.033296378372908 1.016075404988197 
114 122 0 0 18 21 15.033296378372908 15.033296378372908 1.0176859112625967 
112 121 0 0 18 21 15.033296378372908 15.033296378372908 1.0180007165237404 
110 119 0 0 18 21 15.033296378372908 15.033296378372908 1.0170340237552375 
108 117 0 0 18 20 15.033296378372908 15.033296378372908 1.0212075260889297 
106 116 0 0 18 22 15.033296378372908 15.033296378372908 1.0279440244819131 
104 115 0 0 18 26 15.033296378372908 15.033296378372908 1.0266521286250978 
102 114 0 0 16 23 15.033296378372908 15.033296378372908 1.0295441329291435 
100 113 0 0 16 24 15.033296378372908 15.033296378372908 1.0500267522447875 
94 112 1 0 16 25 15.033296378372908 15.033296378372908 1.055481752608125 
92 111 1 0 16 28 15.033296378372908 15.033296378372908 1.0580343508402474 
90 110 1 0 14 28 15.033296378372908 15.033296378372908 1.082454121250134 
84 108 2 0 13 33 14.0 14.0 1.085748064671253 
82 107 2 0 12 34 14.142135623730951 14.0 1.076978751957988 
78 106 2 0 13 24 14.142135623730951 14.0 1.1009046802869102 
77 104 3 0 12 34 14.142135623730951 14.0 1.101062082917482 
76 103 3 0 12 34 14.142135623730951 14.0 1.10010959313259 
74 102 3 0 12 32 14.142135623730951 14.0 1.0986358947605794 
73 100 3 0 11 32 14.142135623730951 13.038404810405298 1.092842650238172 
72 98 3 0 10 28 14.142135623730951 13.038404810405298 1.090480827673137 
68 97 3 0 11 23 14.142135623730951 13.038404810405298 1.1067319708077936 
67 96 4 0 10 26 14.142135623730951 13.038404810405298 1.1068751704547553 
66 94 4 0 10 27 14.142135623730951 13.038404810405298 1.09723743184341 
65 92 4 0 9 20 14.142135623730951 13.038404810405298 1.102991872571427 
64 91 4 0 8 24 14.142135623730951 13.038404810405298 1.1032183820637869 
63 90 4 0 8 24 14.0 13.038404810405298 1.1040149214180486 
61 89 4 0 8 23 13.038404810405298 13.038404810405298 1.102580535731963 
59 85 4 0 11 25 12.165525060596439 12.165525060596439 1.1202911880734514 
51 84 4 0 7 29 11.40175425099138 12.165525060596439 1.1233536543691292 
50 83 4 0 7 32 11.40175425099138 11.045361017187261 1.121119666554591 
48 82 4 0 7 29 11.40175425099138 11.045361017187261 1.1235474929437574 
47 81 5 0 9 23 11.40175425099138 10.0 1.129699661662175 
46 79 5 0 6 27 10.198039027185569 10.198039027185569 1.1182322148432882 
44 73 5 0 6 21 8.94427190999916 10.770329614269007 1.1020045827986966 
42 71 5 1 7 19 8.94427190999916 10.770329614269007 1.1072879775478521 
41 70 5 1 7 23 8.94427190999916 10.770329614269007 1.101037890030194 
40 69 5 1 7 18 8.94427190999916 10.770329614269007 1.1043597666609581 
36 68 5 1 7 18 11.40175425099138 10.770329614269007 1.104532027327012 
34 67 5 1 7 18 11.40175425099138 9.055385138137417 1.1040587297145814 
32 65 6 2 5 18 11.40175425099138 9.055385138137417 1.1116645897300297 
31 63 7 2 6 16 11.40175425099138 9.055385138137417 1.113266047267489 
29 61 7 2 3 16 11.661903789690601 9.055385138137417 1.1166507332185436 
28 60 7 2 3 18 10.295630140987 9.055385138137417 1.1174651711794843 
27 59 7 2 3 18 8.94427190999916 9.055385138137417 1.114880843709525 
26 57 7 2 2 16 7.615773105863909 9.055385138137417 1.1152027709794472 
25 56 7 2 1 16 8.246211251235321 9.055385138137417 1.115360173610019 
24 55 7 2 1 16 8.246211251235321 9.055385138137417 1.1287011388203645 
23 54 8 2 0 16 6.324555320336759 9.055385138137417 1.1181711437420077 
23 53 8 3 1 19 4.47213595499958 9.055385138137417 1.1167422552565571 
22 52 8 3 1 18 5.0990195135927845 9.055385138137417 1.1091904099356327 
21 48 9 4 0 16 5.0990195135927845 9.055385138137417 1.106652233058157 
21 47 9 4 1 14 1.4142135623730951 9.055385138137417 1 
