140 140 0 0 14 14 16.0 16.0 1.039853848514032 
138 139 0 0 17 17 16.0 14.142135623730951 1.0501804131680437 
134 138 0 0 16 19 12.0 16.0 1.0529006588936904 
132 137 0 0 16 20 12.165525060596439 16.0 1.0597979788137832 
130 135 0 0 16 25 12.165525060596439 16.0 1.0508192228934121 
128 133 0 0 16 19 13.341664064126334 16.0 1.0496072634440476 
126 129 0 0 14 20 13.341664064126334 16.0 1.0586649312000858 
124 128 0 0 16 26 14.0 16.0 1.0573811291935487 
122 126 0 0 15 25 14.0 16.0 1.0498899790226024 
120 124 0 0 16 20 14.0 16.0 1.0508624258582824 
118 122 0 0 17 21 14.0 16.0 1.0533507884564781 
116 121 0 0 18 22 14.0 16.0 1.0547110266335653 
114 120 0 0 18 22 14.0 16.0 1.0560712648106527 
112 119 0 0 18 22 14.0 16.0 1.0588421024888441 
110 118 0 0 18 23 14.0 16.0 1.0602023406659316 
108 117 0 0 18 23 14.0 16.0 1.05874137984081 
106 116 0 0 18 21 14.0 16.0 1.0825709890461523 
98 115 1 0 19 23 14.0 16.0 1.0909184234656333 
92 113 1 0 16 25 14.0 15.033296378372908 1.1004163483040745 
91 112 2 0 16 24 15.033296378372908 15.033296378372908 1.1074739394229738 
87 111 2 0 16 26 15.033296378372908 15.033296378372908 1.1074235780989565 
85 110 2 0 16 25 15.033296378372908 15.033296378372908 1.1088387712134384 
81 109 2 0 16 23 15.033296378372908 15.033296378372908 1.1069913470453636 
79 107 2 0 14 22 15.033296378372908 14.142135623730951 1.1075586646083495 
78 106 2 0 13 23 15.033296378372908 13.038404810405298 1.1199386129926732 
76 105 3 0 14 23 15.033296378372908 13.038404810405298 1.1357596654765918 
72 104 4 0 13 23 15.033296378372908 13.038404810405298 1.1280930057566738 
70 100 4 0 10 19 14.0 13.038404810405298 1.128498859311639 
69 99 4 0 9 19 13.341664064126334 13.038404810405298 1.1287961853566997 
68 98 4 0 8 19 13.038404810405298 13.038404810405298 1.1287183465639854 
67 97 4 0 8 19 13.038404810405298 13.038404810405298 1.1318065677652593 
65 96 4 0 8 20 12.0 13.038404810405298 1.1320479873349754 
63 95 4 0 8 19 11.045361017187261 13.038404810405298 1.141063082196335 
59 94 4 0 8 22 10.198039027185569 13.341664064126334 1.1457168937541313 
58 93 4 0 7 25 9.486832980505138 13.341664064126334 1.142632095967928 
57 92 4 0 9 23 8.246211251235321 13.341664064126334 1.141426132754105 
56 91 4 0 8 22 8.246211251235321 13.341664064126334 1.1469128531730937 
54 89 4 0 8 26 8.246211251235321 13.341664064126334 1.130069645072104 
52 88 4 1 8 23 8.246211251235321 13.341664064126334 1.1352738904110968 
50 86 4 1 9 27 8.246211251235321 13.341664064126334 1.1265620330500468 
48 84 4 1 7 21 8.246211251235321 12.649110640673518 1.1372489068532705 
46 83 5 1 9 20 8.246211251235321 12.649110640673518 1.1450862945971618 
44 81 6 1 6 17 8.0 12.649110640673518 1.1455748546178661 
43 80 6 1 5 17 7.0710678118654755 12.649110640673518 1.145347243212996 
42 79 6 1 4 17 8.48528137423857 12.649110640673518 1.1456588511562047 
41 78 6 1 4 17 7.211102550927978 12.649110640673518 1.1455810123634904 
40 77 6 1 4 17 7.211102550927978 12.649110640673518 1.1425699215903353 
39 76 6 1 4 16 7.211102550927978 11.045361017187261 1.142492082797621 
38 75 6 1 4 16 7.211102550927978 11.045361017187261 1.1424142440049068 
37 74 6 1 4 16 7.211102550927978 11.045361017187261 1.1423364052121925 
36 73 6 1 4 16 7.211102550927978 11.045361017187261 1.1435638496591707 
35 71 6 1 4 18 7.211102550927978 11.045361017187261 1.1600411474221832 
34 70 7 1 4 22 8.48528137423857 11.045361017187261 1.1588351842083604 
33 69 7 1 3 21 8.48528137423857 11.045361017187261 1.1419644986386737 
32 68 7 2 3 19 8.48528137423857 11.045361017187261 1.1526668449322723 
31 67 8 2 2 19 8.48528137423857 10.198039027185569 1.149496957672003 
30 66 8 2 1 17 10.295630140987 10.198039027185569 1.1494191188792888 
29 65 8 2 1 17 10.295630140987 10.198039027185569 1.1592154765943048 
28 64 8 2 1 24 10.295630140987 10.198039027185569 1.1611123253299078 
26 63 8 2 2 24 7.615773105863909 10.198039027185569 1.1587588097035542 
25 62 8 2 2 22 5.830951894845301 10.198039027185569 1.1504998489842095 
24 61 8 2 1 16 5.830951894845301 10.198039027185569 1.1480161268599063 
23 60 8 2 1 14 4.47213595499958 10.198039027185569 1.1550821566555065 
22 59 8 2 0 19 5.0990195135927845 10.198039027185569 1.1370828750310071 
22 58 8 3 1 17 3.1622776601683795 10.198039027185569 1.1485896966055211 
21 57 9 3 0 17 3.1622776601683795 10.198039027185569 1.1452397514514243 
21 56 9 3 1 16 1.4142135623730951 9.486832980505138 1 
