140 140 0 0 14 14 16.0 16.0 1.0481393793603766 
138 139 0 0 17 19 16.0 14.142135623730951 1.0512402055117065 
134 138 0 0 16 16 12.0 16.0 1.0511268984021873 
132 137 0 0 16 15 12.0 16.0 1.0538283200515532 
130 136 0 0 16 16 12.0 16.0 1.0589223726195671 
128 134 0 0 16 20 13.038404810405298 16.0 1.0635795654309712 
126 133 0 0 14 22 13.038404810405298 16.0 1.0611868004629064 
124 132 0 0 16 20 14.142135623730951 16.0 1.0585329679858 
122 131 0 0 15 17 14.142135623730951 16.0 1.0637749150027531 
120 130 0 0 16 20 14.142135623730951 16.0 1.0703066573612783 
118 128 0 0 17 25 14.142135623730951 16.0 1.0726163065814758 
116 126 0 0 18 27 14.142135623730951 16.0 1.0700609293034486 
114 124 0 0 18 26 14.142135623730951 15.033296378372908 1.0753157325813631 
112 123 0 0 18 29 15.033296378372908 15.033296378372908 1.0737950610924012 
110 122 0 0 18 27 15.033296378372908 15.033296378372908 1.073020040090767 
106 120 0 0 20 25 15.033296378372908 15.033296378372908 1.0734594016921948 
102 119 0 0 18 22 15.033296378372908 15.033296378372908 1.071938730203233 
100 118 0 0 18 20 15.033296378372908 15.033296378372908 1.0794106517735222 
98 117 0 0 16 24 15.033296378372908 15.033296378372908 1.0755039583062251 
97 115 0 0 14 22 15.033296378372908 15.033296378372908 1.0841069099004836 
96 114 0 0 13 28 15.033296378372908 15.033296378372908 1.0811788740320791 
94 113 0 0 13 25 15.033296378372908 15.033296378372908 1.0934869613619336 
93 112 1 0 14 26 15.033296378372908 15.033296378372908 1.090833128884827 
91 111 1 0 13 23 15.033296378372908 15.033296378372908 1.0915787793721545 
89 110 1 0 15 23 15.033296378372908 15.033296378372908 1.1055705654369248 
87 109 2 0 15 24 15.033296378372908 15.033296378372908 1.0989688432127886 
85 108 2 0 13 18 15.033296378372908 15.033296378372908 1.1011058003583163 
84 106 2 0 12 21 14.142135623730951 14.0 1.1055304733211362 
82 105 2 0 11 23 14.0 14.0 1.108231894970502 
80 104 2 0 11 24 14.0 14.0 1.1038943637584795 
79 103 2 0 11 21 14.0 14.0 1.1023029883097002 
77 99 2 0 11 22 13.038404810405298 14.0 1.1133036304838202 
75 97 3 0 10 23 13.038404810405298 12.165525060596439 1.1202089278137901 
73 96 3 0 11 27 12.165525060596439 12.165525060596439 1.1222921592797488 
71 94 3 0 11 29 11.40175425099138 11.40175425099138 1.12948987745874 
69 93 3 0 10 33 11.40175425099138 11.40175425099138 1.118260674377992 
67 89 3 0 14 28 10.770329614269007 11.40175425099138 1.122879388802268 
66 88 3 0 7 30 10.770329614269007 11.40175425099138 1.1210845139220083 
64 87 3 0 8 28 10.770329614269007 11.40175425099138 1.1199967974365814 
58 83 3 0 7 25 9.055385138137417 11.40175425099138 1.1189855015461212 
57 82 3 0 6 24 8.246211251235321 11.40175425099138 1.1141016945156785 
55 81 3 0 8 20 8.246211251235321 11.40175425099138 1.1054773699333855 
53 75 3 0 7 18 8.246211251235321 11.661903789690601 1.1051029575287346 
51 74 3 0 10 18 8.246211251235321 10.770329614269007 1.1125791410273753 
47 73 3 0 8 20 8.246211251235321 10.770329614269007 1.1279782914715883 
45 72 4 0 8 22 8.246211251235321 10.770329614269007 1.1380943931727368 
43 71 5 0 7 20 8.0 10.770329614269007 1.132780335325997 
42 69 5 0 5 17 8.0 10.770329614269007 1.1301225927001408 
41 68 5 0 5 15 7.0710678118654755 10.770329614269007 1.1302036933380122 
40 66 5 0 5 16 6.0 10.770329614269007 1.1269993231141344 
39 65 5 0 6 14 6.0 10.770329614269007 1.1299350437966593 
37 64 5 0 4 15 7.0710678118654755 10.770329614269007 1.1220214536708557 
35 63 5 1 2 18 7.0710678118654755 10.770329614269007 1.121631812205863 
34 62 5 1 3 18 7.0710678118654755 10.770329614269007 1.1193905894881646 
33 61 5 1 2 16 5.656854249492381 10.770329614269007 1.1175935836437292 
32 60 5 1 3 15 5.656854249492381 10.770329614269007 1.1176050914276738 
31 59 6 2 3 17 5.656854249492381 10.770329614269007 1.1177638567452768 
30 58 6 2 2 17 5.656854249492381 10.770329614269007 1.1176564918112943 
29 57 6 2 1 18 7.211102550927978 9.486832980505138 1.1161336893581568 
28 56 6 2 1 17 7.211102550927978 9.486832980505138 1.1260578856738512 
27 54 7 2 0 17 7.211102550927978 9.486832980505138 1.1093290453174471 
27 53 7 3 1 16 5.656854249492381 9.486832980505138 1.112443076726221 
26 52 7 3 1 18 4.242640687119285 9.486832980505138 1.1099397349002182 
25 51 7 3 1 17 5.830951894845301 8.94427190999916 1.1197072968624855 
24 50 8 3 1 16 5.830951894845301 8.94427190999916 1.1174498279068332 
23 49 8 3 0 14 4.47213595499958 8.94427190999916 1.1161327349760057 
23 48 8 3 1 14 2.8284271247461903 8.94427190999916 1.1129550406491266 
22 47 8 3 1 12 1.4142135623730951 8.246211251235321 1.1213180647925092 
21 46 9 3 0 11 5.0990195135927845 7.615773105863909 1.1205995562052184 
21 45 9 3 1 11 1.4142135623730951 7.615773105863909 1 
