140 140 0 0 14 14 16.0 16.0 1.018053764451843 
138 139 0 0 17 19 16.0 14.142135623730951 1.0260227953880563 
134 138 0 0 16 19 12.0 16.0 1.0285853026206004 
132 136 0 0 16 21 12.165525060596439 16.0 1.0281770974889635 
130 135 0 0 16 20 13.341664064126334 16.0 1.0360107163578176 
128 134 0 0 16 25 13.341664064126334 16.0 1.0320699115971341 
126 128 0 0 14 26 13.341664064126334 15.033296378372908 1.0305462833794397 
124 127 0 0 16 25 15.033296378372908 15.033296378372908 1.0298274171325736 
122 126 0 0 15 23 15.033296378372908 15.033296378372908 1.0385049465943716 
120 125 0 0 16 29 15.033296378372908 15.033296378372908 1.0356196142720049 
118 124 0 0 17 26 15.033296378372908 15.033296378372908 1.035303806790564 
116 123 0 0 18 25 15.033296378372908 15.033296378372908 1.0328593262957164 
114 122 0 0 18 22 15.033296378372908 15.033296378372908 1.0342121184889719 
112 120 0 0 18 23 15.033296378372908 15.033296378372908 1.0330524004145871 
110 119 0 0 18 21 15.033296378372908 15.033296378372908 1.0357469696015904 
108 118 0 0 18 22 15.033296378372908 15.033296378372908 1.0377796871150127 
104 117 0 0 17 20 15.033296378372908 15.033296378372908 1.040417241728731 
102 115 0 0 17 22 15.033296378372908 15.033296378372908 1.03964136090858 
100 113 0 0 16 21 15.033296378372908 15.033296378372908 1.0608307893471987 
94 112 1 0 19 24 15.033296378372908 15.033296378372908 1.054505243728377 
90 108 1 0 22 20 15.033296378372908 15.033296378372908 1.0786250624305158 
82 107 2 0 14 19 14.0 15.033296378372908 1.0972827590903027 
76 106 3 0 14 19 14.0 15.033296378372908 1.0974078034363806 
74 105 3 0 14 18 14.0 15.033296378372908 1.1053780893828906 
72 104 3 0 12 23 14.0 14.142135623730951 1.0976235154863379 
70 100 3 0 12 19 14.0 14.142135623730951 1.1098552932327974 
68 99 4 0 12 19 14.0 13.038404810405298 1.1112118636017505 
67 98 4 0 9 19 14.0 13.038404810405298 1.1337238475229257 
61 97 5 0 9 22 14.0 13.038404810405298 1.1307233898938467 
60 95 5 0 8 20 13.038404810405298 13.038404810405298 1.132483019028225 
59 94 5 0 7 21 13.038404810405298 13.038404810405298 1.1363713211760096 
58 93 5 0 7 24 13.038404810405298 13.038404810405298 1.134340628301447 
56 91 5 0 7 22 12.0 13.038404810405298 1.1361262441128832 
54 89 5 0 7 23 11.045361017187261 13.038404810405298 1.137863203489838 
52 87 5 0 7 24 10.198039027185569 13.038404810405298 1.1442366471350032 
50 85 5 0 8 29 9.486832980505138 13.038404810405298 1.1418171584724641 
46 84 5 0 6 23 8.94427190999916 13.038404810405298 1.1373144515407434 
45 83 5 0 6 19 7.615773105863909 13.038404810405298 1.136504555834196 
44 82 5 0 5 18 7.615773105863909 13.038404810405298 1.135367965772914 
43 81 5 0 6 18 7.615773105863909 12.165525060596439 1.1325739702540156 
42 80 5 0 5 15 6.324555320336759 12.165525060596439 1.1195281455613932 
41 79 5 1 4 15 6.324555320336759 12.165525060596439 1.1191213086202707 
40 78 5 1 5 15 6.324555320336759 12.165525060596439 1.1234504625955744 
39 77 5 1 4 18 6.324555320336759 12.165525060596439 1.1252943729442688 
35 76 5 1 4 17 8.602325267042627 12.165525060596439 1.1370731102033358 
34 75 6 1 4 17 8.602325267042627 12.165525060596439 1.1382422334938713 
33 74 6 1 3 17 7.0710678118654755 12.165525060596439 1.1247555569737298 
32 73 6 2 3 17 7.0710678118654755 12.165525060596439 1.1256712755151639 
31 72 6 2 1 17 7.0710678118654755 12.165525060596439 1.110199249645294 
30 70 6 3 1 16 5.656854249492381 12.165525060596439 1.0969318927253808 
30 69 6 4 2 17 4.0 12.165525060596439 1.0966608165057614 
30 68 6 4 2 18 4.47213595499958 12.165525060596439 1.096817863578811 
30 67 6 4 2 19 4.0 12.165525060596439 1.09242186357528 
28 66 6 4 1 16 7.211102550927978 11.045361017187261 1.1042006008343466 
27 65 7 4 1 16 7.211102550927978 11.045361017187261 1.1053012138370213 
26 64 7 4 0 16 5.830951894845301 11.045361017187261 1.1029539467638014 
26 63 7 4 1 15 4.242640687119285 11.045361017187261 1.1031882998871605 
25 62 7 4 2 15 2.8284271247461903 11.045361017187261 1.1164792917935407 
23 61 8 4 0 15 4.47213595499958 11.045361017187261 1.11415714143968 
23 60 8 4 1 14 2.8284271247461903 11.045361017187261 1.1148323463905578 
22 59 8 4 1 14 1.4142135623730951 11.045361017187261 1.125381281886819 
21 58 9 4 0 14 5.0990195135927845 11.045361017187261 1.125269306655877 
21 57 9 4 1 14 1.4142135623730951 11.045361017187261 1 
