140 140 0 0 14 14 16.0 16.0 1.150218518570827 
138 138 0 0 17 17 16.0 14.142135623730951 1.1567645228171264 
136 137 0 0 20 20 14.142135623730951 14.142135623730951 1.1583729415436725 
134 136 0 0 26 19 14.142135623730951 14.142135623730951 1.1649076413617745 
128 134 0 0 24 21 13.038404810405298 16.0 1.1687142735541503 
124 133 0 0 27 21 13.038404810405298 16.0 1.1719774320783438 
123 131 0 0 32 23 13.038404810405298 16.0 1.1711831618721387 
117 130 0 0 28 21 14.142135623730951 16.0 1.1734058397002969 
113 128 0 0 28 22 14.142135623730951 16.0 1.1818823973179315 
111 127 0 0 28 27 14.142135623730951 16.0 1.1764622112666905 
107 125 1 0 24 19 14.142135623730951 15.033296378372908 1.18702352317836 
105 123 1 0 25 26 15.033296378372908 15.033296378372908 1.2086013650544307 
97 122 2 0 19 31 15.033296378372908 15.033296378372908 1.211811762675385 
96 121 2 0 27 31 15.033296378372908 15.033296378372908 1.2132211372300066 
92 119 2 0 32 30 15.033296378372908 15.033296378372908 1.2313548009401496 
84 118 3 0 19 35 15.033296378372908 15.033296378372908 1.2528113615954772 
76 117 4 0 13 40 13.341664064126334 15.033296378372908 1.2393835160481557 
75 115 4 0 19 32 13.341664064126334 14.142135623730951 1.2380778315925614 
69 113 5 0 14 25 14.0 14.142135623730951 1.238506905793955 
68 112 5 0 13 26 14.142135623730951 14.142135623730951 1.245176450232538 
64 111 5 0 12 29 13.038404810405298 14.142135623730951 1.2363299375216281 
63 109 5 0 19 23 13.038404810405298 14.142135623730951 1.2320340508208696 
61 108 5 0 13 22 13.038404810405298 14.142135623730951 1.2305824388263724 
59 106 5 0 13 22 13.038404810405298 14.142135623730951 1.2292387048392661 
57 105 5 0 13 21 13.038404810405298 14.142135623730951 1.2313290402977042 
55 104 5 0 10 23 13.038404810405298 14.142135623730951 1.2369894564596522 
54 103 5 0 13 26 13.038404810405298 14.142135623730951 1.2382664886445538 
52 102 5 0 15 26 13.038404810405298 14.142135623730951 1.2398940541879337 
48 101 6 0 10 21 13.038404810405298 14.142135623730951 1.2421204009043372 
47 100 6 0 16 21 13.038404810405298 14.142135623730951 1.238717398943596 
43 99 6 0 11 19 13.038404810405298 14.142135623730951 1.2495558913239744 
39 98 7 0 5 20 11.40175425099138 14.142135623730951 1.2563045675096192 
35 97 7 0 4 23 11.40175425099138 14.142135623730951 1.2699375951689573 
34 96 8 0 3 26 11.40175425099138 14.142135623730951 1.2724852197066223 
33 95 8 0 3 28 11.40175425099138 14.142135623730951 1.2682468448454467 
32 91 9 0 2 24 14.0 12.649110640673518 1.264937500531376 
31 89 9 0 4 23 11.40175425099138 12.649110640673518 1.2673988249608314 
30 88 9 0 4 25 10.198039027185569 12.649110640673518 1.2649853139291327 
29 87 9 0 4 24 9.486832980505138 12.649110640673518 1.2706068312899617 
28 86 9 0 7 27 8.94427190999916 12.649110640673518 1.2679521895203687 
24 85 9 0 4 25 5.656854249492381 12.649110640673518 1.263965434882043 
23 84 9 0 4 23 5.830951894845301 12.649110640673518 1.2606542515059085 
22 83 9 0 2 22 6.324555320336759 12.649110640673518 1.2606346309266498 
21 82 9 0 0 23 7.0710678118654755 12.649110640673518 1.257165064956212 
22 81 9 0 2 22 6.324555320336759 12.649110640673518 1.252280534420292 
22 79 9 0 3 21 2.8284271247461903 12.649110640673518 1 
