140 140 0 0 14 14 16.0 16.0 1.150355282597329 
138 138 0 0 17 17 16.0 14.142135623730951 1.1504355310748615 
134 137 0 0 16 15 13.038404810405298 16.0 1.1546994350132427 
132 135 0 0 21 17 13.038404810405298 16.0 1.1624455018593136 
128 134 0 0 22 20 13.038404810405298 16.0 1.1697031783423402 
124 133 0 0 22 23 13.038404810405298 16.0 1.173535080807074 
120 132 0 0 25 23 13.341664064126334 16.0 1.1849985915528753 
114 131 1 0 19 23 14.142135623730951 16.0 1.1913509953316206 
108 127 1 0 17 28 14.142135623730951 16.0 1.1980684312118453 
104 125 2 0 16 26 13.341664064126334 16.0 1.204696479223349 
103 124 2 0 21 29 13.341664064126334 16.0 1.2040982852541984 
95 123 2 0 20 25 13.341664064126334 16.0 1.2092335316399807 
89 121 3 0 15 22 12.0 16.0 1.2100936222910736 
87 120 3 0 16 22 13.038404810405298 16.0 1.2184658146836382 
85 118 3 0 16 28 13.038404810405298 16.0 1.205991037194188 
84 116 3 0 19 21 13.038404810405298 16.0 1.1994935796515747 
80 112 3 0 15 20 13.038404810405298 16.0 1.2083541624071834 
78 110 3 0 16 26 13.038404810405298 16.0 1.2046684596515354 
77 109 3 0 20 23 13.038404810405298 16.0 1.1989980445739707 
73 108 3 0 17 19 13.038404810405298 16.0 1.1918954367150032 
71 107 3 1 16 24 13.038404810405298 16.0 1.19295002518319 
70 106 3 1 23 23 13.038404810405298 16.0 1.215252464671384 
62 105 4 1 15 29 13.038404810405298 16.0 1.2210692162473253 
60 104 5 1 16 26 13.038404810405298 16.0 1.2268617216412196 
56 103 5 1 13 29 13.038404810405298 16.0 1.219672151417337 
52 102 6 1 10 18 13.038404810405298 16.0 1.2181890226793723 
50 101 6 1 10 17 11.045361017187261 16.0 1.221761418903885 
48 100 6 1 10 19 11.045361017187261 16.0 1.230808490139297 
42 99 7 1 6 17 10.198039027185569 16.0 1.2337983372617793 
42 98 7 1 9 19 10.198039027185569 16.0 1.2320478931604266 
42 97 7 1 9 19 10.198039027185569 16.0 1.227526647787169 
38 96 7 1 5 16 10.198039027185569 16.0 1.2364590124789032 
37 95 8 1 4 16 13.038404810405298 16.0 1.2366389871035615 
35 94 8 1 4 16 11.40175425099138 16.0 1.2341167037435095 
34 92 8 1 4 16 10.770329614269007 16.0 1.231718537170347 
33 91 8 1 4 15 10.295630140987 16.0 1.2326083249284852 
32 90 8 1 4 16 10.0 16.0 1.2162868532722815 
31 89 8 2 3 16 9.899494936611665 16.0 1.2146025112444088 
29 88 8 2 3 15 5.0990195135927845 16.0 1.213387536875593 
28 87 8 2 2 15 5.0990195135927845 16.0 1.209161692836692 
28 86 8 2 2 14 5.830951894845301 15.033296378372908 1.2074458502372984 
27 85 8 2 0 14 5.656854249492381 15.033296378372908 1.2056954061359457 
27 84 8 2 0 14 5.656854249492381 15.033296378372908 1.2023074019672417 
27 83 8 2 0 13 5.656854249492381 15.033296378372908 1.200556957865889 
27 82 8 2 0 13 5.656854249492381 15.033296378372908 1.198806513764536 
27 81 8 2 0 13 5.656854249492381 15.033296378372908 1.195418509595832 
27 80 8 2 0 12 5.656854249492381 15.033296378372908 1.1936680654944791 
27 79 8 2 0 12 5.656854249492381 15.033296378372908 1.1902800613257751 
27 78 8 2 0 11 5.656854249492381 15.033296378372908 1.1734303233019328 
27 77 8 3 0 11 5.656854249492381 15.033296378372908 1.17167987920058 
27 76 8 3 0 11 5.656854249492381 15.033296378372908 1.1699294350992273 
27 75 8 3 0 11 5.656854249492381 15.033296378372908 1.163153426761819 
27 73 8 3 0 9 5.656854249492381 15.033296378372908 1.1463036887379767 
27 72 8 4 0 9 5.656854249492381 15.033296378372908 1.144553244636624 
27 71 8 4 0 9 5.656854249492381 15.033296378372908 1.142802800535271 
27 70 8 4 0 9 5.656854249492381 15.033296378372908 1.1410523564339183 
27 69 8 4 0 9 5.656854249492381 15.033296378372908 1.1393019123325656 
27 68 8 4 0 9 5.656854249492381 15.033296378372908 1.1375514682312127 
27 67 8 4 0 9 5.656854249492381 15.033296378372908 1.13580102412986 
27 66 8 4 0 9 5.656854249492381 15.033296378372908 1.134050580028507 
27 65 8 4 0 9 5.656854249492381 15.033296378372908 1.1155632819373134 
27 64 8 5 0 8 5.656854249492381 15.033296378372908 1.1078356454262597 
27 62 8 5 0 6 5.656854249492381 14.0 1.1060852013249067 
27 61 8 5 0 6 5.656854249492381 14.0 1.104334757223554 
27 60 8 5 0 6 5.656854249492381 14.0 1.102584313122201 
27 59 8 5 0 6 5.656854249492381 14.0 1.1008338690208483 
27 58 8 5 0 6 5.656854249492381 14.0 1.0990834249194956 
27 57 8 5 0 6 5.656854249492381 14.0 1.0956954207507914 
27 56 8 5 0 5 5.656854249492381 14.0 1.0939449766494387 
27 55 8 5 0 5 5.656854249492381 14.0 1.0921945325480857 
27 54 8 5 0 5 5.656854249492381 14.0 1.090444088446733 
27 53 8 5 0 5 5.656854249492381 14.0 1.0719567903555396 
27 52 8 6 0 4 5.656854249492381 14.0 1.0685687861868356 
27 51 8 6 0 3 5.656854249492381 14.0 1.0668183420854827 
27 50 8 6 0 3 5.656854249492381 14.0 1.06506789798413 
27 49 8 6 0 3 5.656854249492381 14.0 1.063317453882777 
27 48 8 6 0 3 5.656854249492381 14.0 1.0448301557915836 
27 47 8 7 0 2 5.656854249492381 14.0 1.02634285770039 
27 46 8 8 0 1 5.656854249492381 14.0 1.0220692595305714 
27 45 8 8 0 0 5.656854249492381 13.038404810405298 1.0421941176891165 
27 46 8 7 0 2 5.656854249492381 13.038404810405298 1.0220692595305714 
27 45 8 8 0 0 5.656854249492381 13.038404810405298 1.0424734083706673 
27 46 8 7 0 2 5.656854249492381 13.341664064126334 1.0220692595305714 
27 45 8 8 0 0 5.656854249492381 13.038404810405298 1.033957610177442 
27 47 8 8 0 4 5.656854249492381 15.033296378372908 1.0223485502121221 
27 45 8 8 0 0 5.656854249492381 13.341664064126334 1.0047312251645923 
27 34 8 8 0 1 5.656854249492381 13.341664064126334 1.0171988546743138 
25 36 8 8 1 4 5.0990195135927845 15.033296378372908 1.0235093400432145 
24 35 9 8 0 3 5.656854249492381 14.142135623730951 1.0177119692745182 
25 34 9 8 2 1 5.830951894845301 13.341664064126334 0.9992592726852839 
24 33 9 9 0 0 5.656854249492381 13.341664064126334 1.0108337311486444 
25 35 9 9 2 4 5.830951894845301 15.033296378372908 1.004891140240903 
24 34 9 9 0 2 5.656854249492381 14.0 0.998945380501774 
25 33 9 9 2 0 5.830951894845301 13.038404810405298 1.017467280094927 
24 34 9 8 0 1 5.656854249492381 13.038404810405298 0.998945380501774 
25 33 9 9 2 0 5.830951894845301 13.038404810405298 1.005022041952021 
24 34 9 9 0 2 5.656854249492381 14.142135623730951 0.998945380501774 
25 33 9 9 2 0 5.830951894845301 13.038404810405298 1.019384130843829 
24 34 9 8 0 2 5.656854249492381 13.341664064126334 0.998945380501774 
25 33 9 9 2 0 5.830951894845301 13.038404810405298 0.9992592726852839 
24 33 9 9 0 0 5.656854249492381 13.341664064126334 1.0049874404500618 
25 34 9 9 2 2 5.830951894845301 14.142135623730951 0.9992592726852839 
24 33 9 9 0 0 5.656854249492381 13.341664064126334 1.0276834691724868 
25 36 9 8 2 4 5.830951894845301 15.033296378372908 1.0218717799758632 
24 35 9 8 0 2 5.656854249492381 14.142135623730951 1.0177119692745182 
25 34 9 8 2 1 5.830951894845301 13.341664064126334 0.9992592726852839 
24 33 9 9 0 0 5.656854249492381 13.341664064126334 1.0276834691724868 
25 36 9 8 2 4 5.830951894845301 15.033296378372908 1.0177465707764777 
24 34 9 8 0 1 5.656854249492381 13.341664064126334 0.9992246711833246 
25 33 9 9 2 0 5.830951894845301 13.341664064126334 1.0218717799758632 
24 35 9 8 0 2 5.656854249492381 14.142135623730951 1.0177119692745182 
25 34 9 8 2 1 5.830951894845301 13.341664064126334 0.9992592726852839 
24 33 9 9 0 0 5.656854249492381 13.341664064126334 0.9688444993806072 
25 21 9 9 2 0 5.830951894845301 3.1622776601683795 0.9967119585592787 
23 23 9 8 4 4 5.830951894845301 2.8284271247461903 0.9755513098182577 
22 21 9 9 2 0 6.324555320336759 7.0710678118654755 0.984560920045869 
21 23 9 9 0 4 7.0710678118654755 5.830951894845301 0.9755513098182577 
22 21 9 9 2 0 6.324555320336759 7.0710678118654755 0.9959139850226882 
22 22 9 8 3 2 2.8284271247461903 7.0710678118654755 1 
