140 140 0 0 14 14 16.0 16.0 1.10565356763952 
138 139 0 0 17 18 16.0 14.142135623730951 1.1066814449081093 
134 137 0 0 16 17 12.649110640673518 16.0 1.1043262762879023 
132 135 0 0 16 16 14.142135623730951 16.0 1.100714045046407 
130 133 0 0 16 14 14.142135623730951 16.0 1.1048499763699262 
128 131 0 0 16 18 14.142135623730951 16.0 1.104557326989867 
126 130 0 0 14 18 14.142135623730951 15.033296378372908 1.1100752475958202 
124 129 0 0 16 22 15.033296378372908 15.033296378372908 1.1026060522435663 
122 127 0 0 15 17 15.033296378372908 15.033296378372908 1.1028507851128297 
120 125 0 0 16 18 15.033296378372908 15.033296378372908 1.1045322133745488 
118 124 0 0 17 19 15.033296378372908 15.033296378372908 1.1100877229187749 
116 123 0 0 18 23 15.033296378372908 15.033296378372908 1.1098182028536883 
114 122 0 0 18 23 15.033296378372908 14.142135623730951 1.1089340274321509 
112 121 0 0 18 22 15.033296378372908 14.142135623730951 1.1050311262607495 
110 117 0 0 18 22 15.033296378372908 14.142135623730951 1.1054383112667145 
108 116 0 0 18 22 15.033296378372908 14.142135623730951 1.114919253608693 
106 115 0 0 16 29 15.033296378372908 14.142135623730951 1.1150986873833033 
104 114 0 0 23 29 15.033296378372908 14.0 1.1180392101325944 
98 113 0 0 15 28 15.033296378372908 14.0 1.1232429150285712 
97 112 1 0 15 24 15.033296378372908 14.0 1.1249414604620385 
95 111 1 0 15 25 15.033296378372908 14.0 1.1213292292205435 
93 109 1 0 15 23 15.033296378372908 14.0 1.1191879277150005 
91 108 1 0 13 21 15.033296378372908 14.0 1.1234691940034727 
89 107 1 0 13 24 15.033296378372908 14.0 1.1229920277485002 
88 106 1 0 12 24 14.142135623730951 14.0 1.1250632585532643 
87 105 1 0 12 26 14.0 14.0 1.137097660023079 
85 104 1 0 13 35 13.038404810405298 14.0 1.1341006325018013 
81 103 1 0 19 31 12.165525060596439 14.0 1.1214592442623215 
75 102 1 0 16 18 12.165525060596439 14.0 1.1212389426694562 
73 101 1 0 10 18 12.165525060596439 13.038404810405298 1.1206045849469002 
72 99 1 0 10 19 11.045361017187261 13.038404810405298 1.1234320386711685 
70 97 1 0 11 22 11.045361017187261 13.038404810405298 1.125524018391633 
69 96 1 0 11 24 10.0 13.038404810405298 1.1289004616526437 
68 95 1 0 10 27 10.0 13.038404810405298 1.1353955269761227 
67 94 2 0 10 24 10.0 13.038404810405298 1.1348853543267041 
66 93 2 0 11 24 9.055385138137417 13.038404810405298 1.132951020912752 
65 91 2 0 10 24 9.055385138137417 13.038404810405298 1.1337276261470093 
64 90 2 0 10 25 9.055385138137417 13.038404810405298 1.145035830123954 
62 89 3 0 9 25 9.055385138137417 13.038404810405298 1.1458124353582113 
61 88 3 0 9 26 9.055385138137417 13.038404810405298 1.1349839139166953 
60 87 3 0 8 18 9.055385138137417 13.038404810405298 1.1394892654685067 
59 85 3 0 8 23 9.055385138137417 13.038404810405298 1.157016599582052 
53 84 4 0 10 25 9.055385138137417 13.038404810405298 1.1513706370222938 
52 83 4 0 8 21 9.055385138137417 13.038404810405298 1.1326615365196735 
51 81 4 1 8 19 8.246211251235321 13.038404810405298 1.134729502181433 
50 80 4 1 8 21 8.246211251235321 13.038404810405298 1.1342588595835994 
49 79 4 1 7 21 7.0710678118654755 13.038404810405298 1.145362684163133 
43 78 5 1 5 18 8.602325267042627 13.038404810405298 1.144862771000202 
42 77 5 1 6 18 7.211102550927978 13.038404810405298 1.1323385285426377 
40 76 5 2 6 19 8.48528137423857 13.038404810405298 1.1326943620333576 
38 75 5 2 9 19 8.48528137423857 13.038404810405298 1.1484805187789726 
34 74 6 2 5 21 8.48528137423857 13.038404810405298 1.1473200574115903 
33 73 6 2 4 21 8.48528137423857 12.165525060596439 1.1366028795610852 
32 69 7 3 4 19 8.48528137423857 12.165525060596439 1.1374290893154329 
31 68 7 3 3 20 7.0710678118654755 12.165525060596439 1.1395295423255343 
30 67 7 3 3 22 5.656854249492381 12.165525060596439 1.139268773758302 
28 66 7 3 3 22 9.486832980505138 11.40175425099138 1.1409673191917695 
26 65 7 3 3 23 9.486832980505138 11.40175425099138 1.1484615410908916 
24 64 8 3 1 20 7.615773105863909 11.40175425099138 1.1505591686390166 
23 63 8 3 1 22 6.324555320336759 11.40175425099138 1.1530497208763975 
22 62 8 3 0 25 5.0990195135927845 10.198039027185569 1.1516403991931428 
22 61 8 3 1 25 3.1622776601683795 10.198039027185569 1.1684834651083895 
21 60 9 3 0 30 3.1622776601683795 10.198039027185569 1.156593590730173 
21 58 9 3 1 23 1.4142135623730951 10.198039027185569 1 
