140 140 0 0 14 14 16.0 16.0 1.1088223108798203 
138 139 0 0 17 17 16.0 14.142135623730951 1.1097553126752988 
134 138 0 0 16 15 12.649110640673518 16.0 1.117777102689232 
132 137 0 0 21 21 12.649110640673518 16.0 1.1084679593409592 
128 133 0 0 22 16 13.341664064126334 15.033296378372908 1.1104145494830766 
124 131 0 0 22 17 15.033296378372908 15.033296378372908 1.1125088198004731 
120 130 0 0 22 17 15.033296378372908 15.033296378372908 1.1144592245374185 
116 128 0 0 22 18 15.033296378372908 15.033296378372908 1.1242378944977192 
112 127 0 0 22 24 15.033296378372908 15.033296378372908 1.1453494131608921 
106 126 1 0 19 29 15.033296378372908 15.033296378372908 1.1448817060027607 
102 125 1 0 18 27 15.033296378372908 15.033296378372908 1.1573524442547853 
100 124 2 0 17 28 15.033296378372908 15.033296378372908 1.1562637029878668 
98 122 2 0 19 28 15.033296378372908 15.033296378372908 1.1469140779004543 
96 116 2 0 19 26 15.033296378372908 15.033296378372908 1.1419821149562974 
94 114 2 0 19 23 15.033296378372908 15.033296378372908 1.162295416252496 
86 113 3 0 16 26 13.341664064126334 15.033296378372908 1.1575073188887903 
84 112 3 0 16 22 13.341664064126334 15.033296378372908 1.1742979364184958 
80 111 4 0 13 25 13.341664064126334 15.033296378372908 1.1626745759443502 
78 107 4 0 13 19 13.341664064126334 15.033296378372908 1.1623411588748733 
76 106 4 0 13 19 13.341664064126334 14.142135623730951 1.1638123996220802 
74 104 4 0 15 21 14.0 14.142135623730951 1.16158572055584 
72 103 4 0 12 19 13.341664064126334 14.142135623730951 1.1632002677054354 
70 102 4 0 10 20 13.341664064126334 14.142135623730951 1.160828749453128 
68 100 4 0 8 19 13.341664064126334 14.142135623730951 1.1602859116033475 
67 99 4 0 12 19 13.341664064126334 14.142135623730951 1.16830412512203 
65 98 4 0 10 25 13.341664064126334 14.142135623730951 1.174163931785551 
64 97 4 0 12 30 13.341664064126334 14.142135623730951 1.17022497095431 
62 93 4 0 12 30 13.341664064126334 14.142135623730951 1.1615941628412592 
60 92 4 0 11 23 13.341664064126334 14.142135623730951 1.173042851003595 
59 90 5 0 13 25 13.341664064126334 14.142135623730951 1.1795892326553703 
55 89 6 0 8 20 12.165525060596439 14.142135623730951 1.1646971751539315 
54 87 6 1 10 21 12.165525060596439 14.142135623730951 1.1789261884635942 
50 86 7 1 6 22 12.0 14.142135623730951 1.1822235067236946 
49 85 7 1 6 25 12.0 14.142135623730951 1.1785744297439227 
47 83 7 1 6 23 11.045361017187261 14.142135623730951 1.188330411960461 
45 82 7 1 8 31 10.198039027185569 13.038404810405298 1.1864043269463425 
39 81 7 1 6 27 10.770329614269007 12.165525060596439 1.176898228581618 
38 80 7 1 8 20 9.486832980505138 12.165525060596439 1.174234414460897 
37 79 7 1 6 19 8.246211251235321 11.045361017187261 1.1694183862601584 
36 75 7 1 6 19 7.0710678118654755 11.045361017187261 1.1727164106006915 
35 74 7 1 8 22 7.211102550927978 11.045361017187261 1.1722471706588813 
31 73 7 1 4 20 7.211102550927978 11.045361017187261 1.1596573855930552 
29 72 7 2 2 21 7.211102550927978 11.045361017187261 1.159115616242028 
28 71 7 2 2 21 5.830951894845301 11.045361017187261 1.1466156025759606 
27 67 7 2 2 15 4.47213595499958 11.045361017187261 1.147851258644068 
26 66 7 2 2 17 3.1622776601683795 10.0 1.1433102691434658 
25 64 7 2 2 15 7.615773105863909 10.0 1.1523398235549387 
24 63 8 2 1 14 7.615773105863909 10.0 1.1507382929993377 
23 62 8 2 0 13 6.324555320336759 10.295630140987 1.1504594673888169 
23 60 8 2 2 15 2.8284271247461903 10.295630140987 1.161639394374772 
21 59 9 2 0 15 7.0710678118654755 10.295630140987 1.1447385442697786 
21 58 9 3 0 14 3.1622776601683795 10.295630140987 1.1497220645597876 
21 57 9 3 1 19 1.4142135623730951 10.295630140987 1 
