140 140 0 0 14 14 16.0 16.0 1.1102199826662975 
138 138 0 0 17 17 16.0 14.142135623730951 1.1073328597713168 
134 134 0 0 16 16 13.341664064126334 15.033296378372908 1.1087932908780318 
132 132 0 0 21 18 15.033296378372908 15.033296378372908 1.1146371374775288 
128 131 0 0 22 21 15.033296378372908 15.033296378372908 1.1166564191993447 
124 130 0 0 22 21 15.033296378372908 15.033296378372908 1.1159770317248414 
120 128 0 0 22 20 15.033296378372908 15.033296378372908 1.1235221422349309 
114 127 0 0 20 23 15.033296378372908 15.033296378372908 1.125126946810594 
112 126 0 0 25 24 15.033296378372908 15.033296378372908 1.1345573423249395 
104 122 1 0 18 22 13.341664064126334 15.033296378372908 1.1448588521772514 
100 121 2 0 15 20 13.341664064126334 15.033296378372908 1.1439008843854168 
98 120 2 0 17 19 14.0 15.033296378372908 1.1478610987418605 
96 118 2 0 17 23 14.0 15.033296378372908 1.1545271413777507 
94 117 2 0 18 28 14.0 15.033296378372908 1.1548236819395914 
92 116 2 0 18 28 14.0 15.033296378372908 1.1525752853050628 
90 115 2 0 18 26 14.0 15.033296378372908 1.1477819514741658 
88 114 2 0 18 22 14.0 15.033296378372908 1.1627445404068075 
86 113 3 0 18 25 14.0 15.033296378372908 1.1592236751740947 
84 112 3 0 18 22 14.0 15.033296378372908 1.163169571364283 
82 110 3 0 16 26 14.0 15.033296378372908 1.165996730956237 
80 109 3 0 14 28 14.0 15.033296378372908 1.159752077199568 
78 107 3 0 11 24 13.341664064126334 15.033296378372908 1.1591944062645485 
77 106 3 0 12 24 13.341664064126334 15.033296378372908 1.1624933156676764 
73 105 3 0 13 25 13.341664064126334 15.033296378372908 1.1719048342077294 
71 101 4 0 13 27 13.341664064126334 15.033296378372908 1.168662812242646 
70 99 4 0 16 26 13.341664064126334 15.033296378372908 1.1715042900008552 
68 98 4 0 16 28 13.341664064126334 15.033296378372908 1.1950301146125086 
64 97 5 0 13 37 13.341664064126334 14.0 1.1813151824280648 
62 96 5 0 11 26 13.341664064126334 14.0 1.1777728399459695 
60 95 5 0 8 23 13.341664064126334 14.0 1.1797672652904463 
59 94 5 0 10 25 13.341664064126334 14.0 1.1876914583582656 
57 93 5 0 9 31 13.341664064126334 14.0 1.1871409465063738 
56 92 5 0 11 31 13.341664064126334 14.0 1.186568957405099 
55 91 5 0 10 31 13.341664064126334 14.0 1.184314054076867 
53 90 5 0 10 29 12.165525060596439 14.0 1.180633259817912 
51 88 5 0 10 27 11.045361017187261 14.0 1.179651548584235 
49 87 5 0 10 26 10.0 14.0 1.186290888126216 
47 86 5 0 8 31 9.055385138137417 14.0 1.172905188477604 
46 82 5 0 13 26 8.0 11.045361017187261 1.173624727370648 
42 81 5 0 9 25 8.246211251235321 11.045361017187261 1.1550500023919263 
41 80 5 1 12 22 7.0710678118654755 11.045361017187261 1.1596177422252403 
37 79 5 1 10 24 10.295630140987 11.045361017187261 1.1526977282992985 
36 78 5 1 11 19 10.295630140987 11.045361017187261 1.165101061869316 
34 77 6 1 9 20 10.295630140987 11.045361017187261 1.1736726714785255 
32 76 7 1 5 18 10.295630140987 11.045361017187261 1.1756527786567472 
31 75 7 1 5 20 10.295630140987 11.045361017187261 1.173188579322952 
30 74 7 1 7 19 8.94427190999916 10.198039027185569 1.1726094311385493 
29 73 7 1 5 19 8.94427190999916 10.198039027185569 1.1733170697185866 
28 72 7 1 5 20 8.94427190999916 10.198039027185569 1.171479771102255 
27 71 7 1 5 19 8.94427190999916 10.198039027185569 1.1804911150621715 
26 70 8 1 5 18 8.94427190999916 10.198039027185569 1.1786466573627123 
25 69 8 1 4 17 8.94427190999916 10.198039027185569 1.1978305910249767 
24 68 9 1 3 24 8.94427190999916 10.198039027185569 1.1951313105552268 
23 67 9 1 3 23 7.615773105863909 9.055385138137417 1.1932831815133738 
22 66 9 1 1 22 8.246211251235321 9.055385138137417 1.1876148168333662 
21 65 9 1 0 18 7.0710678118654755 9.055385138137417 1.1861777063732108 
21 64 9 1 0 18 5.0990195135927845 9.055385138137417 1.1834899470389122 
21 63 9 1 0 17 7.0710678118654755 9.055385138137417 1.179507899382388 
21 62 9 1 0 15 5.0990195135927845 9.055385138137417 1.1780926086462735 
21 61 9 1 0 15 7.0710678118654755 9.055385138137417 1.1792004353824872 
21 60 9 1 0 17 5.0990195135927845 9.055385138137417 1.1784524027601815 
21 59 9 1 0 18 7.0710678118654755 8.246211251235321 1.1808326980945796 
21 58 9 1 0 21 5.0990195135927845 8.246211251235321 1.1743275329657274 
21 57 9 1 0 17 7.0710678118654755 8.246211251235321 1.1690730167110188 
21 56 9 1 0 14 5.0990195135927845 8.246211251235321 1.1714751317694578 
21 55 9 1 0 17 7.0710678118654755 8.246211251235321 1.1571030246780778 
21 54 9 2 0 18 5.0990195135927845 8.246211251235321 1.1597449439548706 
21 52 9 2 0 23 7.0710678118654755 7.0710678118654755 1.1583078334947152 
21 51 9 2 0 23 5.0990195135927845 7.0710678118654755 1.1487965351696428 
21 47 9 2 0 20 7.0710678118654755 7.0710678118654755 1.1473594247094876 
21 46 9 2 0 20 5.0990195135927845 7.0710678118654755 1.1446716653751887 
21 45 9 2 0 19 7.0710678118654755 7.0710678118654755 1.122511014694752 
21 43 9 3 0 15 5.0990195135927845 7.0710678118654755 1.1080069953274623 
21 41 9 4 0 17 7.0710678118654755 7.0710678118654755 1.1025987470728034 
21 39 9 4 0 15 5.0990195135927845 7.0710678118654755 1.0895209283036487 
21 38 9 5 0 17 7.0710678118654755 7.0710678118654755 1.086811349245309 
21 37 9 5 0 16 5.0990195135927845 7.0710678118654755 1.0790337155182725 
21 36 9 5 0 11 7.0710678118654755 7.0710678118654755 1.0750516678617483 
21 35 9 5 0 9 5.0990195135927845 7.0710678118654755 1.073636377125634 
21 34 9 5 0 9 7.0710678118654755 7.0710678118654755 1.0567193328378852 
21 33 9 6 0 8 5.0990195135927845 7.0710678118654755 1.0565765106999552 
21 32 9 6 0 9 7.0710678118654755 7.0710678118654755 1.0520361192882706 
21 31 9 6 0 7 5.0990195135927845 6.324555320336759 1.0502516446560037 
21 30 9 6 0 7 7.0710678118654755 5.830951894845301 1.0488145341958488 
21 29 9 6 0 7 5.0990195135927845 5.830951894845301 1.0319193096321406 
21 28 9 7 0 6 7.0710678118654755 5.830951894845301 1.0294658914704604 
21 27 9 7 0 6 5.0990195135927845 4.47213595499958 1.026606484305598 
21 26 9 7 0 5 7.0710678118654755 4.242640687119285 1.0238969052472582 
21 25 9 7 0 4 5.0990195135927845 4.242640687119285 1.0226532623417075 
21 24 9 7 0 4 7.0710678118654755 4.47213595499958 1.0037089156122925 
21 22 9 8 0 1 5.0990195135927845 7.0710678118654755 0.9868136910485845 
21 21 9 9 0 0 7.0710678118654755 7.0710678118654755 0.9938175291242591 
21 23 9 9 0 4 5.0990195135927845 5.830951894845301 0.9868136910485845 
21 21 9 9 0 0 7.0710678118654755 7.0710678118654755 0.9938175291242591 
21 23 9 9 0 4 5.0990195135927845 5.830951894845301 0.9868136910485845 
21 21 9 9 0 0 7.0710678118654755 7.0710678118654755 0.9838792553297323 
21 21 9 9 0 0 5.0990195135927845 3.1622776601683795 0.9888840726661708 
21 22 9 9 0 3 7.0710678118654755 2.8284271247461903 0.9838442834179458 
21 21 9 9 0 1 5.0990195135927845 1.4142135623730951 -1 
