140 140 0 0 14 14 16.0 16.0 1.020045500573575 
138 138 0 0 17 17 16.0 14.142135623730951 1.0284795128126631 
134 136 0 0 16 19 13.341664064126334 16.0 1.0336839674509375 
132 135 0 0 16 22 13.341664064126334 16.0 1.0275696585890393 
130 131 0 0 16 20 13.341664064126334 15.033296378372908 1.0268005735894834 
128 129 0 0 16 20 15.033296378372908 15.033296378372908 1.0354397120109218 
126 128 0 0 14 25 15.033296378372908 15.033296378372908 1.0281343171345532 
124 126 0 0 16 20 15.033296378372908 15.033296378372908 1.0336945215122029 
122 124 0 0 15 24 15.033296378372908 15.033296378372908 1.0346104430658045 
120 123 0 0 16 24 15.033296378372908 15.033296378372908 1.0355263646194062 
118 122 0 0 17 24 15.033296378372908 15.033296378372908 1.0312239072311649 
116 120 0 0 18 21 15.033296378372908 15.033296378372908 1.0312859794832576 
114 119 0 0 18 20 15.033296378372908 15.033296378372908 1.0326336473318958 
112 118 0 0 18 20 15.033296378372908 15.033296378372908 1.0370950783310477 
110 117 0 0 18 23 15.033296378372908 14.142135623730951 1.0330723741265209 
108 113 0 0 18 22 15.033296378372908 14.142135623730951 1.0331344463786136 
106 112 0 0 18 21 15.033296378372908 14.142135623730951 1.035767709823797 
104 111 0 0 18 22 15.033296378372908 14.142135623730951 1.0392644658590535 
102 110 0 0 16 23 15.033296378372908 14.142135623730951 1.0437434967150088 
98 109 0 0 18 24 15.033296378372908 14.142135623730951 1.0428757231099313 
96 107 0 0 17 23 15.033296378372908 14.142135623730951 1.0443046940514193 
92 106 0 0 15 21 15.033296378372908 13.038404810405298 1.045939077235556 
91 104 0 0 14 23 15.033296378372908 13.038404810405298 1.043360923890681 
90 103 0 0 14 21 15.033296378372908 13.038404810405298 1.045169865034752 
88 102 0 0 14 21 14.0 13.038404810405298 1.0490102464310629 
86 100 0 0 15 24 13.038404810405298 13.038404810405298 1.0568795777532796 
82 99 0 0 14 27 12.165525060596439 12.0 1.077674638450606 
80 98 1 0 14 33 12.165525060596439 12.0 1.0752275917617005 
76 96 1 0 14 29 12.165525060596439 12.0 1.0731494902611396 
75 95 1 0 14 27 11.045361017187261 12.0 1.080037165156614 
74 94 1 0 14 32 10.0 12.0 1.0677213434639945 
73 90 1 0 12 25 10.198039027185569 12.0 1.0741423592949375 
72 89 1 0 12 30 10.198039027185569 12.0 1.071995952245099 
71 88 1 0 11 28 10.198039027185569 12.0 1.0698495451952603 
70 87 1 0 10 26 10.198039027185569 12.0 1.0814138314815782 
64 85 2 0 11 22 10.198039027185569 12.0 1.0892079052539123 
63 83 3 0 11 20 10.198039027185569 12.0 1.0904865386986735 
62 82 3 0 11 21 10.198039027185569 12.0 1.0899352645120812 
60 80 3 0 11 21 11.40175425099138 12.0 1.089143487462665 
58 79 3 0 10 19 11.40175425099138 12.0 1.089136525310881 
57 78 3 0 10 19 11.40175425099138 12.0 1.0866274063698826 
55 77 3 0 10 16 11.40175425099138 12.0 1.0917628266042803 
54 76 3 0 10 20 11.40175425099138 12.0 1.0947221098430315 
53 74 3 0 9 23 11.313708498984761 12.0 1.0939191977715919 
52 73 3 0 9 23 11.313708498984761 11.045361017187261 1.0947757282098807 
51 72 3 0 7 23 11.313708498984761 11.045361017187261 1.093483170461551 
50 71 3 0 7 22 11.313708498984761 11.045361017187261 1.0891121125680998 
49 70 4 1 7 20 11.313708498984761 11.045361017187261 1.0896192056550746 
48 69 4 1 7 20 11.313708498984761 11.661903789690601 1.0899286887845963 
47 67 4 1 6 21 11.40175425099138 11.661903789690601 1.0881283881855692 
46 65 4 1 7 21 11.40175425099138 11.661903789690601 1.0866077375172247 
45 64 4 1 6 19 10.0 11.661903789690601 1.0851625946573393 
44 62 4 1 7 18 6.324555320336759 11.661903789690601 1.070336350939234 
42 60 4 2 7 17 6.324555320336759 11.661903789690601 1.0695349306012538 
40 59 4 2 9 16 6.324555320336759 11.661903789690601 1.0804769728212529 
38 58 5 2 8 14 6.324555320336759 11.661903789690601 1.0948536988244162 
36 57 6 2 5 14 6.324555320336759 11.661903789690601 1.0987035234622684 
35 56 6 2 5 17 6.324555320336759 11.661903789690601 1.1147189136645725 
34 55 7 2 4 20 6.324555320336759 11.661903789690601 1.1121407603196973 
33 54 7 2 4 18 6.324555320336759 11.661903789690601 1.0975348658484096 
31 52 7 3 4 17 5.830951894845301 11.661903789690601 1.0814299886855432 
30 51 7 4 4 15 5.830951894845301 11.661903789690601 1.083140368425341 
29 50 7 4 3 16 5.830951894845301 11.661903789690601 1.0700384287506017 
28 49 7 5 2 16 5.830951894845301 11.661903789690601 1.0679624619386943 
27 47 7 5 1 16 5.830951894845301 10.295630140987 1.0655591506112727 
26 46 7 5 2 14 4.47213595499958 10.295630140987 1.0635657304222015 
25 45 7 5 2 12 3.1622776601683795 10.295630140987 1.0612932482537971 
24 44 7 5 1 11 6.324555320336759 10.295630140987 1.0718933826052877 
23 43 8 5 1 11 6.324555320336759 8.94427190999916 1.071699811439484 
22 42 8 5 0 11 7.0710678118654755 8.602325267042627 1.0706892262838892 
22 41 8 5 1 11 5.0990195135927845 8.48528137423857 1.0802766385034661 
21 40 9 5 0 9 5.0990195135927845 8.48528137423857 1.0801282323522465 
21 39 9 5 1 9 1.4142135623730951 8.48528137423857 1 
