140 140 0 0 14 14 16.0 16.0 1.018186245122167 
138 139 0 0 17 17 16.0 14.142135623730951 1.0304332603935886 
134 138 0 0 16 20 12.649110640673518 16.0 1.0348989425742205 
132 137 0 0 16 22 12.649110640673518 16.0 1.0348482530639467 
130 136 0 0 16 21 13.341664064126334 16.0 1.0392638124877982 
128 134 0 0 16 24 13.341664064126334 16.0 1.0427139109161212 
126 133 0 0 14 25 14.0 16.0 1.0479642114038947 
124 132 0 0 16 28 14.0 16.0 1.0513253508227445 
122 131 0 0 15 29 14.0 16.0 1.0482986497098394 
120 129 0 0 16 27 14.0 16.0 1.0466966728164702 
118 128 0 0 17 25 14.142135623730951 16.0 1.0522668977588845 
116 127 0 0 18 28 14.142135623730951 16.0 1.0481857766409777 
114 126 0 0 18 24 14.142135623730951 16.0 1.0483780571723404 
112 125 0 0 18 23 14.142135623730951 16.0 1.0504982850527584 
110 124 0 0 18 24 14.142135623730951 15.033296378372908 1.0546513193446823 
108 123 0 0 18 26 15.033296378372908 15.033296378372908 1.0576925343088912 
106 122 0 0 18 27 15.033296378372908 15.033296378372908 1.0780073869497548 
96 121 1 0 17 23 14.0 15.033296378372908 1.087628722977081 
92 120 1 0 15 26 14.0 15.033296378372908 1.0940310773601394 
88 118 1 0 14 28 14.0 15.033296378372908 1.0948632068007835 
86 117 1 0 12 27 14.0 15.033296378372908 1.0898440700361038 
84 111 2 0 14 20 14.0 15.033296378372908 1.0943097522167358 
82 110 2 0 14 22 14.0 15.033296378372908 1.098310740544867 
80 109 2 0 11 23 14.0 15.033296378372908 1.1003571765483895 
79 108 2 0 10 24 13.341664064126334 15.033296378372908 1.0991101813306166 
78 107 2 0 10 23 13.038404810405298 15.033296378372908 1.1049365178398025 
76 105 2 0 11 27 12.165525060596439 15.033296378372908 1.102522267226462 
72 104 2 0 11 22 12.165525060596439 15.033296378372908 1.1015079131785683 
70 102 2 0 11 21 11.40175425099138 15.033296378372908 1.1016017933501532 
68 101 2 0 12 20 10.770329614269007 15.033296378372908 1.103385080958811 
66 100 2 0 12 20 10.295630140987 15.033296378372908 1.0993575536570728 
64 98 2 0 12 17 10.0 15.033296378372908 1.1090293241747133 
62 97 2 0 12 23 11.40175425099138 15.033296378372908 1.1127103880482037 
60 96 2 0 10 24 11.40175425099138 15.033296378372908 1.113194826744583 
58 94 2 0 12 24 8.602325267042627 15.033296378372908 1.109383507324537 
56 92 2 0 11 21 8.602325267042627 15.033296378372908 1.1124247222887458 
54 91 2 0 11 22 8.602325267042627 15.033296378372908 1.110087992841903 
52 90 2 0 10 19 8.602325267042627 15.033296378372908 1.1096404244639841 
50 89 2 0 12 18 8.602325267042627 15.033296378372908 1.1286231503098987 
48 88 3 0 11 22 8.602325267042627 15.033296378372908 1.1305803274206923 
44 87 4 1 7 21 8.602325267042627 15.033296378372908 1.1463941943791198 
42 86 5 1 7 23 8.602325267042627 15.033296378372908 1.146236932607428 
38 84 6 2 5 22 8.602325267042627 15.033296378372908 1.1472033864389968 
37 83 6 2 4 23 8.602325267042627 14.142135623730951 1.1464592854810634 
35 82 6 2 4 21 7.211102550927978 14.142135623730951 1.1409967723399608 
34 81 6 2 5 17 5.830951894845301 14.142135623730951 1.1413877756818929 
33 80 6 2 4 17 5.830951894845301 14.142135623730951 1.1444645809338811 
32 79 6 2 5 19 4.47213595499958 14.142135623730951 1.1491289859250824 
31 78 6 2 4 22 4.47213595499958 14.142135623730951 1.1491499420555933 
30 76 6 2 4 23 4.47213595499958 14.142135623730951 1.160446438300774 
29 75 7 2 2 23 4.47213595499958 13.341664064126334 1.1542536427255914 
28 71 7 2 2 22 5.656854249492381 13.341664064126334 1.153841147047433 
27 70 7 2 3 22 4.242640687119285 12.649110640673518 1.1531867093112176 
26 69 7 2 2 21 3.1622776601683795 12.649110640673518 1.139732891147826 
24 65 8 3 2 16 4.242640687119285 12.083045973594572 1.13919557892965 
23 64 8 3 1 15 2.8284271247461903 12.083045973594572 1.13841993813554 
22 62 8 3 1 16 5.0990195135927845 12.083045973594572 1.1508385976618487 
21 61 9 3 0 16 3.1622776601683795 12.083045973594572 1.1492561345278125 
21 60 9 3 1 16 1.4142135623730951 11.661903789690601 1 
