140 140 0 0 14 14 16.0 16.0 1.1332448969980886 
139 139 0 0 19 18 16.0 13.038404810405298 1.1390918061814064 
135 137 0 0 22 18 13.341664064126334 15.033296378372908 1.1429857022786767 
131 135 0 0 25 18 14.142135623730951 15.033296378372908 1.1535291662533504 
127 133 0 0 25 22 13.038404810405298 16.0 1.1633026987952242 
123 131 0 0 28 25 13.038404810405298 16.0 1.1606897837129617 
123 130 0 0 38 21 13.038404810405298 16.0 1.1710954246282321 
117 128 0 0 38 24 12.165525060596439 16.0 1.1695718397029753 
113 124 0 0 36 25 13.038404810405298 16.0 1.1805166627846173 
107 122 0 0 34 29 13.038404810405298 16.0 1.1862454364991013 
106 121 0 0 40 30 13.038404810405298 16.0 1.1852884669614854 
98 120 0 0 34 27 13.038404810405298 16.0 1.198471191928435 
96 119 0 0 43 30 13.038404810405298 16.0 1.1909979413142004 
95 118 0 0 47 25 12.165525060596439 16.0 1.1999180621554586 
89 117 0 0 45 27 11.045361017187261 16.0 1.1995463220901224 
87 116 0 0 46 26 11.40175425099138 16.0 1.2273446051421792 
77 115 1 0 39 32 11.40175425099138 16.0 1.2512690731288298 
73 114 2 0 41 37 11.40175425099138 16.0 1.2423556779484666 
67 112 3 0 26 31 11.40175425099138 16.0 1.2363739786455783 
63 110 4 0 19 25 11.40175425099138 16.0 1.2565089349211493 
61 109 4 0 24 33 11.40175425099138 16.0 1.2693925643523567 
53 108 5 0 11 35 10.295630140987 16.0 1.2683975716833737 
52 106 5 0 13 35 10.0 16.0 1.2730097368341033 
50 105 5 0 21 34 8.246211251235321 16.0 1.27986443349468 
46 104 5 0 20 36 7.0710678118654755 16.0 1.2680462900246507 
40 103 6 0 12 25 7.211102550927978 16.0 1.2670612749774335 
36 102 6 0 11 23 7.0710678118654755 16.0 1.2639280666265718 
32 101 6 0 7 21 5.830951894845301 16.0 1.2704492701275285 
30 100 7 0 5 20 5.830951894845301 16.0 1.2653186445474598 
30 99 7 0 6 18 3.1622776601683795 16.0 1.2679634317544968 
29 95 8 0 3 19 6.324555320336759 16.0 1.2833538904611974 
29 94 8 0 8 26 5.656854249492381 16.0 1.2812399103536962 
25 93 9 0 1 21 5.830951894845301 16.0 1.2721633002484283 
24 92 9 0 0 17 5.656854249492381 16.0 1.2820271950699773 
24 91 9 0 0 23 5.656854249492381 16.0 1.2761990311147513 
24 90 9 0 0 21 5.656854249492381 16.0 1.2587708973351384 
24 86 9 0 0 16 5.656854249492381 16.0 1.256858517266583 
24 85 9 0 0 16 4.47213595499958 16.0 1.2472057180485263 
25 83 9 0 2 13 5.0990195135927845 16.0 1.247262076134591 
25 82 9 0 2 14 5.0990195135927845 16.0 1.2274561084164073 
25 80 9 1 2 14 5.0990195135927845 16.0 1.225550959155375 
25 79 9 1 2 14 5.0990195135927845 16.0 1.2236458098943428 
25 78 9 1 2 14 5.0990195135927845 16.0 1.2217406606333108 
25 77 9 1 2 14 5.0990195135927845 16.0 1.2178740040251816 
25 76 9 1 2 13 5.0990195135927845 16.0 1.1980680363069982 
25 74 9 2 2 13 5.0990195135927845 16.0 1.1981807524791275 
25 72 9 2 2 15 5.0990195135927845 16.0 1.1724902627196534 
25 70 9 3 2 12 5.0990195135927845 16.0 1.1705851134586214 
25 69 9 3 2 12 5.0990195135927845 16.0 1.1686844314723779 
25 68 9 3 2 12 5.830951894845301 16.0 1.1507791457404377 
25 67 9 4 2 12 5.0990195135927845 16.0 1.1488784637541942 
25 66 9 4 2 12 5.830951894845301 16.0 1.1441070582928154 
25 64 9 4 2 12 5.0990195135927845 15.033296378372908 1.142206376306572 
25 63 9 4 2 12 5.830951894845301 15.033296378372908 1.140296759770751 
25 62 9 4 2 12 5.0990195135927845 15.033296378372908 1.1383960777845075 
25 61 9 4 2 12 5.830951894845301 15.033296378372908 1.1364864612486865 
25 60 9 4 2 12 5.0990195135927845 15.033296378372908 1.1345857792624432 
25 59 9 4 2 12 5.830951894845301 15.033296378372908 1.1326761627266222 
25 58 9 4 2 12 5.0990195135927845 15.033296378372908 1.1229294513519914 
25 57 9 4 2 8 5.830951894845301 15.033296378372908 1.1210198348161704 
25 56 9 4 2 8 5.0990195135927845 15.033296378372908 1.1172140035688947 
25 54 9 4 2 8 5.830951894845301 15.033296378372908 1.1153043870330737 
25 53 9 4 2 8 5.0990195135927845 15.033296378372908 1.0954465285036143 
25 52 9 5 2 7 5.830951894845301 15.033296378372908 1.0935369119677936 
25 51 9 5 2 7 5.0990195135927845 15.033296378372908 1.09163622998155 
25 50 9 5 2 7 5.830951894845301 15.033296378372908 1.089726613445729 
25 49 9 5 2 7 5.0990195135927845 15.033296378372908 1.0878259314594856 
25 48 9 5 2 7 5.830951894845301 15.033296378372908 1.0679591383804485 
25 47 9 6 2 6 5.0990195135927845 15.033296378372908 1.066058456394205 
25 46 9 6 2 6 5.830951894845301 15.033296378372908 1.064148839858384 
25 45 9 6 2 6 5.0990195135927845 15.033296378372908 1.060286650525044 
25 44 9 6 2 5 5.830951894845301 15.033296378372908 1.0535721360515131 
25 43 9 6 2 3 5.0990195135927845 14.142135623730951 1.0516714540652696 
25 42 9 6 2 3 5.830951894845301 14.142135623730951 1.0318046609862328 
25 41 9 7 2 2 5.0990195135927845 14.142135623730951 1.0299039789999893 
25 40 9 7 2 2 5.830951894845301 14.142135623730951 1.0279943624641683 
25 39 9 7 2 2 5.0990195135927845 14.142135623730951 1.0260936804779248 
25 38 9 7 2 2 5.830951894845301 14.142135623730951 1.0222225565950072 
25 37 9 7 2 1 5.0990195135927845 14.142135623730951 1.0183603672616668 
25 36 9 7 2 0 5.830951894845301 14.142135623730951 0.9891745987304379 
25 25 9 7 2 0 5.0990195135927845 5.830951894845301 0.9957667742720379 
24 25 9 7 6 2 4.47213595499958 4.242640687119285 0.9959290964876801 
24 24 9 7 6 2 5.656854249492381 6.324555320336759 0.9760595398759089 
24 23 9 8 6 1 4.47213595499958 6.324555320336759 0.9729388549297731 
24 22 9 8 6 0 5.656854249492381 7.0710678118654755 0.9833607464566698 
24 24 9 8 6 4 4.47213595499958 5.830951894845301 0.9729488441690629 
24 22 9 8 6 1 5.656854249492381 5.0990195135927845 0.9530792875572917 
24 21 9 9 6 0 4.47213595499958 5.0990195135927845 0.9550380364726216 
24 21 9 9 6 0 5.656854249492381 7.0710678118654755 0.9530792875572917 
24 21 9 9 6 0 4.47213595499958 5.0990195135927845 0.9729488441690629 
24 22 9 8 6 1 5.656854249492381 5.0990195135927845 0.9530792875572917 
24 21 9 9 6 0 4.47213595499958 5.0990195135927845 0.9511699391408597 
24 21 9 9 6 0 5.656854249492381 3.1622776601683795 0.9749031207086367 
24 22 9 8 6 2 4.47213595499958 5.0990195135927845 0.9511699391408597 
24 21 9 9 6 0 5.656854249492381 3.1622776601683795 0.966020407399215 
24 24 9 9 6 4 4.47213595499958 4.47213595499958 0.9558479254345623 
24 22 9 9 6 2 5.656854249492381 2.0 0.9513943499649523 
24 21 9 9 6 1 4.47213595499958 1.4142135623730951 -1 
