140 140 0 0 14 14 16.0 16.0 1.1188035688472642 
138 139 0 0 17 18 16.0 14.142135623730951 1.115291483561594 
134 137 0 0 16 14 12.649110640673518 16.0 1.1187005135422423 
132 135 0 0 21 17 13.341664064126334 16.0 1.125013372727529 
128 134 0 0 22 20 13.341664064126334 16.0 1.1257589321473493 
124 133 0 0 22 19 13.341664064126334 16.0 1.1298677363363885 
120 132 0 0 22 21 14.142135623730951 15.033296378372908 1.1320773101509012 
116 131 0 0 23 21 15.033296378372908 15.033296378372908 1.137114821392582 
112 130 0 0 25 23 15.033296378372908 15.033296378372908 1.155783772495519 
104 129 1 0 20 25 15.033296378372908 15.033296378372908 1.1667330224052659 
100 127 2 0 16 25 15.033296378372908 15.033296378372908 1.1643865994810847 
98 125 2 0 18 24 15.033296378372908 15.033296378372908 1.167440269358997 
96 124 2 0 18 26 15.033296378372908 15.033296378372908 1.166388350611466 
94 123 2 0 18 25 15.033296378372908 15.033296378372908 1.1612308432384915 
92 122 2 0 18 21 15.033296378372908 15.033296378372908 1.1642845131164044 
90 121 2 0 18 23 15.033296378372908 15.033296378372908 1.164601123910688 
88 120 2 0 18 23 15.033296378372908 15.033296378372908 1.163549205163157 
86 119 2 0 18 22 15.033296378372908 15.033296378372908 1.1650288260697939 
84 117 2 0 17 24 15.033296378372908 15.033296378372908 1.169568152728949 
83 116 3 0 16 20 15.033296378372908 15.033296378372908 1.170902819360332 
79 115 3 0 15 20 15.033296378372908 14.142135623730951 1.1712194301546155 
77 114 3 0 15 20 15.033296378372908 14.142135623730951 1.169775628781206 
75 112 3 0 12 20 15.033296378372908 14.142135623730951 1.1720237411736518 
74 111 3 0 13 22 15.033296378372908 14.142135623730951 1.1709691518140046 
72 110 3 0 13 21 14.0 14.142135623730951 1.1740203363955224 
70 109 3 0 13 23 13.038404810405298 14.142135623730951 1.1701716338588362 
68 105 3 0 16 23 12.165525060596439 14.142135623730951 1.1707096998409423 
64 103 3 0 15 23 11.40175425099138 14.142135623730951 1.170839947438809 
62 102 3 0 13 23 11.40175425099138 14.142135623730951 1.1754293538219087 
60 100 3 0 16 27 11.40175425099138 14.142135623730951 1.180370824625931 
56 99 3 0 17 29 10.295630140987 14.142135623730951 1.190399649852444 
50 98 4 0 12 26 10.295630140987 14.142135623730951 1.197113063538881 
48 97 5 0 10 23 10.295630140987 14.142135623730951 1.1993640347707766 
47 96 5 0 11 25 11.40175425099138 14.142135623730951 1.2026040678451062 
45 95 5 0 13 27 11.40175425099138 14.142135623730951 1.2013657859011582 
43 94 5 0 11 26 11.40175425099138 14.142135623730951 1.2074360596573255 
41 93 5 0 14 30 11.40175425099138 14.142135623730951 1.2157082485490904 
40 92 6 0 9 29 11.40175425099138 14.142135623730951 1.2071753315703926 
39 90 6 0 13 24 11.40175425099138 14.142135623730951 1.2158308492302075 
33 86 7 0 6 24 11.40175425099138 13.038404810405298 1.2140593193150866 
32 85 7 0 8 23 8.602325267042627 13.038404810405298 1.2092582260878506 
31 84 7 0 14 20 8.48528137423857 12.165525060596439 1.227123254879805 
25 83 8 0 5 23 7.615773105863909 12.165525060596439 1.2279096561322276 
24 82 8 0 5 24 7.615773105863909 12.165525060596439 1.2385341703421564 
22 81 9 0 1 24 4.47213595499958 12.165525060596439 1.2323813568854847 
21 80 9 0 0 20 3.1622776601683795 12.165525060596439 1.233726212225106 
21 79 9 0 1 22 1.4142135623730951 12.165525060596439 1 
