140 140 0 0 14 14 16.0 16.0 1.04167886571871 
138 139 0 0 17 17 16.0 14.142135623730951 1.046191088423104 
134 138 0 0 16 15 12.0 16.0 1.050849309026727 
132 137 0 0 16 18 12.649110640673518 16.0 1.0595796498260814 
130 136 0 0 16 24 12.649110640673518 16.0 1.0591383485757087 
128 134 0 0 16 24 13.038404810405298 16.0 1.063008731813199 
126 132 0 0 14 27 14.142135623730951 16.0 1.0633296810633046 
124 131 0 0 16 27 14.142135623730951 16.0 1.0699015896869104 
122 130 0 0 15 31 14.142135623730951 16.0 1.0693367323513419 
120 129 0 0 16 30 14.142135623730951 16.0 1.0700445006058477 
118 128 0 0 17 30 14.142135623730951 16.0 1.0604604798228743 
116 126 0 0 18 23 14.142135623730951 16.0 1.062716908354974 
114 124 0 0 18 25 14.142135623730951 16.0 1.0612662444337309 
112 123 0 0 18 23 14.142135623730951 16.0 1.0610882061025628 
110 122 0 0 18 22 14.142135623730951 16.0 1.0634554189515437 
108 121 0 0 18 23 14.142135623730951 16.0 1.0653236442192513 
106 120 0 0 16 23 14.142135623730951 16.0 1.0803498589546927 
102 119 0 0 16 32 14.142135623730951 16.0 1.0831375178152176 
101 118 0 0 15 34 14.142135623730951 16.0 1.0931668685739568 
93 117 1 0 15 26 14.142135623730951 16.0 1.0925347572241015 
89 116 1 0 16 23 14.142135623730951 16.0 1.0870228609809391 
87 112 1 0 17 22 14.142135623730951 15.033296378372908 1.083451534360053 
85 111 1 0 15 18 15.033296378372908 15.033296378372908 1.0862391932205777 
84 110 1 0 14 20 15.033296378372908 15.033296378372908 1.085098190993997 
83 108 1 0 13 20 15.033296378372908 15.033296378372908 1.0862264052600465 
82 107 1 0 13 21 15.033296378372908 15.033296378372908 1.0889983392680123 
80 106 1 0 13 22 14.0 15.033296378372908 1.085268277112533 
78 104 1 0 13 19 13.038404810405298 15.033296378372908 1.0904118460555878 
76 102 1 0 13 23 12.165525060596439 15.033296378372908 1.1045146967617623 
70 100 2 0 13 21 11.40175425099138 15.033296378372908 1.1033113490182727 
68 99 2 0 13 19 10.770329614269007 15.033296378372908 1.1172930845758091 
64 98 3 0 13 18 10.770329614269007 15.033296378372908 1.1050272255377824 
62 97 3 1 13 18 10.295630140987 15.033296378372908 1.1104254682897299 
60 96 3 1 13 21 9.055385138137417 15.033296378372908 1.121542387677003 
58 95 4 1 14 20 9.055385138137417 15.033296378372908 1.1263426831292602 
56 94 4 1 11 22 9.055385138137417 15.033296378372908 1.124282247309862 
54 92 4 1 9 20 9.055385138137417 15.033296378372908 1.1246453538045045 
52 90 4 1 7 21 9.055385138137417 13.341664064126334 1.1137323891683304 
50 84 4 1 7 17 9.055385138137417 13.341664064126334 1.1232377522364774 
48 82 4 1 8 25 9.055385138137417 13.341664064126334 1.1247640730623711 
44 81 4 1 10 24 9.055385138137417 13.341664064126334 1.11993681742906 
42 77 4 1 8 22 9.055385138137417 13.341664064126334 1.1209206203710849 
40 75 4 1 8 23 9.055385138137417 13.341664064126334 1.1377488114084715 
36 74 5 1 5 23 8.0 13.341664064126334 1.1400454447261206 
35 70 6 1 5 19 8.0 13.341664064126334 1.1381294202307473 
34 69 6 1 3 17 8.0 13.341664064126334 1.1370992023210482 
33 68 6 1 2 16 8.0 13.341664064126334 1.1388944488995187 
32 67 6 1 2 18 7.0710678118654755 12.165525060596439 1.1430200155010999 
30 66 6 1 2 20 5.830951894845301 12.165525060596439 1.1418125042927436 
30 64 6 1 2 21 5.0990195135927845 12.165525060596439 1.1351941807014636 
29 62 6 1 2 17 5.0990195135927845 12.165525060596439 1.1418433609010885 
28 61 6 1 2 22 4.0 12.165525060596439 1.1391991714522 
28 59 6 1 2 23 4.0 10.770329614269007 1.147804466666467 
27 58 7 1 3 21 4.0 10.770329614269007 1.1480468743468424 
26 57 7 1 2 21 4.0 10.770329614269007 1.14186745386138 
25 56 7 1 2 16 3.1622776601683795 10.770329614269007 1.1398133347012391 
24 55 7 1 1 16 6.324555320336759 9.486832980505138 1.1509034920461434 
23 54 8 1 1 16 6.324555320336759 8.94427190999916 1.1373071295603567 
22 53 8 2 0 16 7.0710678118654755 8.94427190999916 1.136309311827007 
22 52 8 2 1 16 5.0990195135927845 8.94427190999916 1.1345763354950837 
21 50 9 3 0 17 5.0990195135927845 8.94427190999916 1.1245208704237133 
21 49 9 4 1 20 1.4142135623730951 8.94427190999916 1 
