140 140 0 0 14 14 16.0 16.0 1.1485161726037387 
139 139 0 0 19 18 16.0 13.038404810405298 1.1500781887870022 
135 138 0 0 22 15 13.341664064126334 15.033296378372908 1.16435059201719 
131 136 0 0 25 21 13.341664064126334 15.033296378372908 1.1647713568477933 
127 135 0 0 25 19 12.649110640673518 16.0 1.1698670918362981 
123 134 0 0 28 19 13.038404810405298 16.0 1.1764006014716228 
123 133 0 0 38 20 14.0 16.0 1.176318759095735 
117 129 0 0 38 20 13.038404810405298 16.0 1.1789584448029606 
113 128 0 0 36 21 13.038404810405298 15.033296378372908 1.1906884851414123 
107 127 0 0 34 25 14.0 15.033296378372908 1.1931289789584092 
105 123 0 0 37 28 14.0 15.033296378372908 1.2179195494606017 
99 122 1 0 31 36 14.0 14.142135623730951 1.1927536835989951 
95 120 1 0 33 21 14.0 14.142135623730951 1.2272759051415822 
94 118 1 0 36 40 14.0 14.142135623730951 1.2138382211199428 
94 116 1 0 41 33 14.0 14.142135623730951 1.231635722529629 
93 115 1 0 44 42 14.0 14.0 1.2300541310210513 
87 114 1 0 33 42 14.0 14.0 1.2430661863923647 
81 113 1 0 33 46 14.0 14.0 1.2261479434843547 
77 111 2 0 25 34 14.0 14.0 1.2430002781376395 
75 109 2 0 34 41 14.0 13.341664064126334 1.2359790844938445 
67 107 3 0 25 32 14.0 13.341664064126334 1.2630202536399064 
59 106 4 0 20 39 14.0 13.341664064126334 1.261700130893164 
53 105 5 0 15 32 14.0 13.341664064126334 1.2530331309009775 
51 103 5 0 15 28 14.0 13.341664064126334 1.2526967543803251 
49 102 6 0 14 23 14.0 13.038404810405298 1.2564668860738135 
47 101 6 0 16 24 14.0 13.038404810405298 1.26556861493967 
43 100 7 0 11 24 14.0 13.038404810405298 1.2574954998602828 
42 98 7 0 11 21 14.0 13.038404810405298 1.2568556325789897 
41 97 7 0 11 21 14.0 13.038404810405298 1.267894469300309 
39 96 7 0 10 27 14.0 13.038404810405298 1.2672263658790976 
38 95 7 0 10 27 13.038404810405298 13.038404810405298 1.2573267856980297 
37 94 7 0 10 22 12.165525060596439 13.038404810405298 1.2597827452733263 
37 93 7 0 11 24 12.165525060596439 13.038404810405298 1.253580001665954 
36 92 7 0 11 21 11.40175425099138 13.038404810405298 1.2547684096817655 
35 91 7 0 11 22 10.770329614269007 13.038404810405298 1.2591184872824384 
34 90 7 0 13 24 10.295630140987 13.038404810405298 1.2581611562682364 
33 89 7 0 17 23 10.295630140987 12.0 1.2652108557052024 
27 88 8 0 8 22 7.211102550927978 12.0 1.2688255342816253 
26 87 9 0 6 20 7.211102550927978 12.0 1.2676449898562012 
25 86 9 0 8 19 7.0710678118654755 12.0 1.2637605459168935 
24 84 9 0 6 19 5.656854249492381 12.0 1.2618329592969986 
24 83 9 0 6 19 4.47213595499958 12.0 1.2599749484651057 
24 82 9 0 6 19 5.656854249492381 12.0 1.2580473618452108 
24 81 9 0 6 19 4.47213595499958 12.0 1.2524497359300237 
24 79 9 0 6 18 5.656854249492381 12.0 1.2329226444623056 
24 78 9 1 6 17 4.47213595499958 12.0 1.2310646336304127 
24 77 9 1 6 17 5.656854249492381 12.0 1.2291370470105178 
24 76 9 1 6 17 4.47213595499958 12.0 1.227279036178625 
24 75 9 1 6 17 5.656854249492381 12.0 1.2308918986309303 
24 74 9 1 6 20 4.47213595499958 12.0 1.2290338877990374 
24 73 9 1 6 20 5.656854249492381 12.0 1.2261031721013689 
24 72 9 1 6 20 4.47213595499958 11.045361017187261 1.2223983449120759 
24 71 9 1 6 19 5.656854249492381 11.045361017187261 1.2167771255773807 
24 70 9 1 6 17 4.47213595499958 11.045361017187261 1.218612747460288 
24 69 9 1 6 19 5.656854249492381 11.045361017187261 1.2129915281255927 
24 68 9 1 6 17 4.47213595499958 11.045361017187261 1.2083963399289341 
24 67 9 1 6 16 5.656854249492381 10.198039027185569 1.203421242906485 
24 66 9 1 6 15 4.47213595499958 9.055385138137417 1.1764385146916871 
24 62 9 2 6 13 5.656854249492381 9.055385138137417 1.1763577444291922 
24 61 9 2 6 14 4.47213595499958 9.055385138137417 1.1707601185140053 
24 59 9 2 6 13 5.656854249492381 9.055385138137417 1.172526164608911 
24 58 9 2 6 15 4.47213595499958 9.055385138137417 1.1706681537770178 
24 57 9 2 6 15 5.656854249492381 9.055385138137417 1.1724341998719232 
24 56 9 2 6 17 4.47213595499958 9.055385138137417 1.1678331151111117 
24 54 9 2 6 17 5.656854249492381 8.246211251235321 1.165905528491217 
24 53 9 2 6 17 4.47213595499958 8.246211251235321 1.1609658674266994 
24 52 9 2 6 16 5.656854249492381 7.0710678118654755 1.1608850971642046 
24 51 9 2 6 17 4.47213595499958 7.0710678118654755 1.1283619198772061 
24 47 9 3 6 12 5.656854249492381 7.0710678118654755 1.1125284611242885 
24 46 9 4 6 13 4.47213595499958 7.0710678118654755 1.106976817577595 
24 45 9 4 6 11 5.656854249492381 7.0710678118654755 1.0976159831596055 
24 43 9 4 6 8 4.47213595499958 7.0710678118654755 1.0976047886851128 
24 42 9 4 6 9 5.656854249492381 7.0710678118654755 1.0962495752126218 
24 41 9 4 6 9 4.47213595499958 7.615773105863909 1.0943915643807287 
24 40 9 4 6 9 5.656854249492381 7.615773105863909 1.0929539899967595 
24 39 9 4 6 10 4.47213595499958 6.324555320336759 1.0874023464500662 
24 38 9 4 6 8 5.656854249492381 6.324555320336759 1.0697220713397482 
24 37 9 5 6 8 4.47213595499958 6.324555320336759 1.0660172441504552 
24 36 9 5 6 7 5.656854249492381 6.324555320336759 1.0640896575305603 
24 35 9 5 6 7 4.47213595499958 6.324555320336759 1.0622316466986672 
24 34 9 5 6 7 5.656854249492381 6.324555320336759 1.0603040600787723 
24 33 9 5 6 7 4.47213595499958 6.324555320336759 1.0426933607564566 
24 32 9 6 6 7 5.656854249492381 6.324555320336759 1.0394779882554788 
24 31 9 6 6 7 4.47213595499958 5.0990195135927845 1.021867288933163 
24 30 9 7 6 7 5.656854249492381 5.0990195135927845 1.0199397023132681 
24 29 9 7 6 7 4.47213595499958 5.0990195135927845 1.018081691481375 
24 28 9 7 6 7 5.656854249492381 5.0990195135927845 1.0149992615636743 
24 27 9 7 6 7 4.47213595499958 4.0 1.00856734426605 
24 26 9 7 6 5 5.656854249492381 3.1622776601683795 1.0044421330924194 
24 25 9 7 6 4 4.47213595499958 2.8284271247461903 1.0017136158674178 
24 24 9 7 6 4 5.656854249492381 2.0 0.9812102144354082 
24 23 9 8 6 2 4.47213595499958 2.8284271247461903 0.9798913124911873 
24 22 9 8 6 1 5.656854249492381 5.0990195135927845 0.9583291039747324 
24 21 9 9 6 0 4.47213595499958 3.1622776601683795 0.9798913124911873 
24 22 9 8 6 1 5.656854249492381 5.0990195135927845 0.9583291039747324 
24 21 9 9 6 0 4.47213595499958 3.1622776601683795 0.9817381288485875 
24 22 9 8 6 2 5.656854249492381 5.0990195135927845 0.9603642210234693 
24 21 9 9 6 0 4.47213595499958 5.0990195135927845 0.9706719939205283 
24 23 9 9 6 4 5.656854249492381 4.242640687119285 0.9652919268754072 
24 22 9 9 6 2 4.47213595499958 4.47213595499958 0.9603990089174701 
24 21 9 9 6 0 5.656854249492381 5.0990195135927845 0.9867307419189638 
24 23 9 8 6 3 4.47213595499958 6.324555320336759 0.9603990089174701 
24 21 9 9 6 0 5.656854249492381 5.0990195135927845 0.9652919268754072 
24 22 9 9 6 2 4.47213595499958 4.47213595499958 0.9603990089174701 
24 21 9 9 6 0 5.656854249492381 5.0990195135927845 0.9798565245971865 
24 22 9 8 6 1 4.47213595499958 5.0990195135927845 0.9603990089174701 
24 21 9 9 6 0 5.656854249492381 5.0990195135927845 0.9583291039747324 
24 21 9 9 6 0 4.47213595499958 3.1622776601683795 0.9583738526630557 
24 21 9 9 6 1 5.656854249492381 1.4142135623730951 -1 
