140 140 0 0 14 14 16.0 16.0 1.026592548173508 
138 138 0 0 17 17 16.0 14.142135623730951 1.0322394583266654 
134 136 0 0 16 17 13.341664064126334 16.0 1.0399343737070628 
132 135 0 0 16 22 13.341664064126334 16.0 1.0385465829505263 
130 133 0 0 16 21 13.341664064126334 16.0 1.0372471663295642 
128 132 0 0 16 19 13.341664064126334 16.0 1.0406419905490516 
126 131 0 0 14 20 13.341664064126334 16.0 1.0436426650889998 
124 130 0 0 16 22 13.341664064126334 16.0 1.046352603338973 
122 126 0 0 15 26 13.341664064126334 16.0 1.0446334231552203 
120 125 0 0 16 24 13.341664064126334 16.0 1.0441991475430905 
118 124 0 0 17 23 13.341664064126334 16.0 1.0434817646301546 
116 123 0 0 18 22 14.0 16.0 1.046037061724061 
114 122 0 0 18 23 14.0 16.0 1.0460225496747217 
112 121 0 0 18 22 14.0 16.0 1.0472929421970052 
110 120 0 0 18 22 14.0 16.0 1.049787116039711 
108 119 0 0 18 23 14.142135623730951 16.0 1.0531819402591984 
106 118 0 0 16 24 14.142135623730951 16.0 1.0531916204179421 
105 117 0 0 16 24 14.0 16.0 1.060960397884575 
101 116 0 0 16 27 14.0 16.0 1.0600745005685148 
99 115 0 0 16 25 13.038404810405298 16.0 1.0630491910710438 
98 114 0 0 13 27 13.038404810405298 15.033296378372908 1.065573801379721 
97 113 0 0 12 29 14.0 15.033296378372908 1.0604452849271417 
95 112 0 0 15 25 14.0 15.033296378372908 1.0584056497103453 
93 111 0 0 15 23 14.0 14.142135623730951 1.0587677259227906 
92 110 0 0 15 23 13.038404810405298 14.142135623730951 1.0565218422739004 
91 109 0 0 15 21 12.165525060596439 14.142135623730951 1.0603251128963118 
90 108 0 0 15 24 12.165525060596439 14.142135623730951 1.0573210281409366 
88 107 0 0 16 21 12.165525060596439 14.142135623730951 1.0576893486112702 
87 106 0 0 15 21 12.165525060596439 14.142135623730951 1.0692639925160026 
86 105 0 0 16 30 11.045361017187261 14.142135623730951 1.0612749306302027 
84 101 0 0 16 26 11.045361017187261 14.142135623730951 1.059794907968457 
83 100 0 0 13 24 11.045361017187261 14.0 1.0601632284387905 
82 99 0 0 12 24 11.045361017187261 14.0 1.0610138573982837 
80 98 0 0 13 24 11.045361017187261 14.0 1.059626066641747 
78 96 0 0 13 23 11.045361017187261 14.0 1.0445832030926998 
77 90 0 0 12 16 10.0 14.0 1.0458166645718658 
76 89 0 0 12 17 10.0 14.0 1.0465789193957842 
74 87 0 0 13 18 10.0 14.0 1.0482690754808583 
72 86 0 0 12 18 10.0 14.0 1.0568934838084025 
70 84 1 0 13 16 10.0 14.0 1.069501784056343 
68 83 2 0 12 16 10.0 13.038404810405298 1.0694503409638862 
67 82 2 0 12 16 10.0 13.038404810405298 1.069001553302417 
63 80 2 0 13 14 10.0 13.038404810405298 1.0811123548744959 
62 79 3 0 15 15 10.0 13.038404810405298 1.0835840885231005 
58 78 3 0 17 15 11.40175425099138 13.038404810405298 1.0946883401723244 
56 77 3 0 15 22 11.40175425099138 13.038404810405298 1.0916586415336982 
54 76 3 0 13 18 11.40175425099138 13.038404810405298 1.0981756004427552 
53 75 3 0 12 22 9.055385138137417 13.038404810405298 1.0859109441353172 
51 74 3 1 12 22 9.055385138137417 13.038404810405298 1.098861272832977 
50 73 4 1 12 23 9.055385138137417 13.038404810405298 1.0975703310038472 
48 72 4 1 10 20 8.0 13.038404810405298 1.10270913111034 
46 71 4 1 9 23 8.94427190999916 13.038404810405298 1.1032289886108912 
45 70 4 1 9 23 7.615773105863909 13.038404810405298 1.0916785542503418 
44 68 4 2 7 25 7.615773105863909 13.038404810405298 1.085202588299771 
43 67 4 2 7 20 7.615773105863909 13.038404810405298 1.0807631544528409 
42 66 5 3 7 18 7.615773105863909 13.038404810405298 1.0785616657799288 
41 65 5 3 6 16 7.615773105863909 13.038404810405298 1.0784218485518973 
40 63 5 3 6 17 7.615773105863909 13.038404810405298 1.0802517140946577 
39 62 5 3 6 19 7.211102550927978 12.0 1.0736873740085122 
38 60 5 3 6 15 7.211102550927978 12.0 1.0775337726306564 
37 59 5 3 5 17 5.0990195135927845 12.0 1.0600925669936092 
36 58 5 4 5 14 5.0990195135927845 12.0 1.070929781153932 
34 57 6 4 4 12 5.0990195135927845 12.0 1.070085392991009 
33 56 6 4 4 12 5.0990195135927845 11.045361017187261 1.0713557855132927 
31 55 6 4 4 12 5.0990195135927845 11.045361017187261 1.083503518128489 
29 54 7 4 6 12 5.0990195135927845 11.045361017187261 1.095611176999409 
27 53 8 4 4 11 4.47213595499958 10.198039027185569 1.0978197875773856 
25 52 8 4 2 11 4.242640687119285 10.198039027185569 1.0977683444849289 
24 51 8 4 2 11 4.242640687119285 10.198039027185569 1.0987448258691517 
23 50 8 4 1 11 2.8284271247461903 10.198039027185569 1.0870513994324849 
22 49 8 5 1 12 1.4142135623730951 10.198039027185569 1.097551992676441 
21 48 9 5 0 12 5.0990195135927845 10.198039027185569 1.096058640279702 
21 47 9 5 1 11 1.4142135623730951 10.198039027185569 1 
