140 140 0 0 14 14 16.0 16.0 1.158649536993406 
139 139 0 0 19 19 16.0 13.038404810405298 1.1670925562536791 
135 137 0 0 22 22 13.038404810405298 15.033296378372908 1.175817554659793 
131 136 0 0 25 25 14.142135623730951 15.033296378372908 1.1726992916589547 
127 132 0 0 25 25 13.038404810405298 15.033296378372908 1.1798662015881942 
123 131 0 0 28 27 15.033296378372908 15.033296378372908 1.1814725055405106 
123 130 0 0 38 26 15.033296378372908 15.033296378372908 1.18559342213776 
117 129 0 0 38 26 14.0 15.033296378372908 1.1884553476306015 
113 128 0 0 36 27 14.0 15.033296378372908 1.190414358830286 
107 124 0 0 42 27 14.0 15.033296378372908 1.1824955848105216 
107 123 0 0 46 22 14.142135623730951 15.033296378372908 1.1936941824130178 
107 122 0 0 49 29 14.142135623730951 15.033296378372908 1.2083290153931372 
99 121 1 0 46 29 14.142135623730951 15.033296378372908 1.2179793880481007 
89 117 1 0 35 37 13.341664064126334 14.142135623730951 1.2342004499696386 
88 116 2 0 36 41 13.341664064126334 14.142135623730951 1.222337556993653 
82 114 2 0 37 32 12.165525060596439 14.142135623730951 1.2468174653083401 
72 113 3 0 17 42 12.0 14.142135623730951 1.2303073417233048 
71 107 3 0 26 35 11.40175425099138 14.142135623730951 1.2216206599210877 
70 105 3 0 30 30 11.40175425099138 14.142135623730951 1.2218633083771888 
69 104 3 0 32 30 11.40175425099138 14.142135623730951 1.2251339327001778 
63 100 4 0 24 29 11.40175425099138 14.142135623730951 1.227160551588254 
64 99 4 0 27 31 11.40175425099138 14.142135623730951 1.2137841441812554 
58 95 4 0 22 25 11.045361017187261 14.142135623730951 1.2219795983442903 
50 94 5 0 13 23 9.055385138137417 14.142135623730951 1.2214010960083082 
49 92 5 0 17 23 8.246211251235321 14.142135623730951 1.2162325709325232 
47 91 5 0 16 20 8.246211251235321 14.142135623730951 1.2332242539639677 
39 90 6 0 8 23 7.615773105863909 14.142135623730951 1.2305207757225414 
38 89 6 0 14 20 7.211102550927978 14.142135623730951 1.2286237243136235 
36 88 6 0 13 19 7.211102550927978 14.142135623730951 1.2161543923408886 
34 87 7 1 11 15 7.211102550927978 14.142135623730951 1.219077550715986 
30 86 7 1 6 17 6.324555320336759 14.142135623730951 1.2282565794441764 
29 85 8 1 6 17 6.324555320336759 14.142135623730951 1.227957133532288 
28 84 8 1 7 17 5.830951894845301 14.142135623730951 1.235375417264359 
26 83 8 1 5 22 5.830951894845301 14.142135623730951 1.2195044845661935 
25 79 8 1 4 18 5.830951894845301 11.045361017187261 1.2293332364984186 
23 78 9 1 3 18 7.615773105863909 11.045361017187261 1.227966121367665 
22 77 9 1 2 18 6.324555320336759 11.045361017187261 1.2264117658040523 
22 76 9 1 3 18 2.8284271247461903 11.045361017187261 1 
