140 140 0 0 14 14 16.0 16.0 1.135495641860894 
138 139 0 0 17 17 16.0 14.142135623730951 1.1443609507109642 
134 138 0 0 16 19 12.165525060596439 16.0 1.1502522226122085 
132 136 0 0 21 21 12.165525060596439 16.0 1.156417774907335 
128 135 0 0 22 22 13.038404810405298 16.0 1.1638445046813983 
124 133 0 0 22 25 13.038404810405298 16.0 1.1598161919395251 
120 132 0 0 22 21 14.142135623730951 16.0 1.1691799030184 
116 131 0 0 22 24 14.142135623730951 16.0 1.1707328343213406 
110 130 1 0 18 18 14.142135623730951 16.0 1.1864646683965354 
106 129 1 0 19 24 14.142135623730951 16.0 1.1943617864143423 
100 127 2 0 16 22 14.0 16.0 1.2071670788309294 
99 126 2 0 22 27 14.0 16.0 1.1980004218155467 
95 122 2 0 17 25 14.0 16.0 1.1926989460087876 
91 121 2 0 18 20 14.0 16.0 1.2048545433013949 
87 120 3 0 14 21 14.0 16.0 1.1976295032024808 
85 116 3 0 15 21 14.0 13.341664064126334 1.1989721715367676 
84 115 3 0 18 21 15.033296378372908 13.341664064126334 1.221695853952252 
80 113 3 0 18 32 15.033296378372908 13.341664064126334 1.2275372858817057 
76 112 3 0 19 33 15.033296378372908 13.038404810405298 1.2260936918609349 
72 111 3 0 14 32 15.033296378372908 13.038404810405298 1.2243759365379725 
70 109 3 0 13 32 14.142135623730951 13.038404810405298 1.2246929843396874 
69 108 4 0 12 28 14.142135623730951 13.038404810405298 1.2094650781222138 
68 107 4 0 16 19 14.142135623730951 13.038404810405298 1.2311812708157093 
64 106 5 0 12 25 14.142135623730951 13.038404810405298 1.230642563556191 
63 105 5 0 12 25 13.038404810405298 13.038404810405298 1.2301023524163481 
62 104 5 0 12 25 12.165525060596439 13.038404810405298 1.225715394924153 
61 103 5 0 15 22 12.165525060596439 13.038404810405298 1.2255353324149565 
57 102 5 0 12 21 12.165525060596439 13.038404810405298 1.2313575578922533 
56 101 5 0 13 24 12.165525060596439 13.038404810405298 1.2192696138443657 
50 99 5 0 11 16 12.165525060596439 13.038404810405298 1.2220269191913085 
48 98 5 0 11 17 12.165525060596439 13.038404810405298 1.231800935103175 
46 97 5 0 10 22 12.165525060596439 13.038404810405298 1.2325185690957259 
45 96 5 0 12 22 12.165525060596439 13.038404810405298 1.2390376907573708 
41 95 5 0 9 25 12.165525060596439 12.165525060596439 1.2452018262610165 
39 94 6 0 9 23 12.165525060596439 12.165525060596439 1.247516861379673 
37 92 7 0 9 20 12.165525060596439 12.165525060596439 1.2571384627926911 
36 90 7 0 10 26 12.165525060596439 12.165525060596439 1.260126947704585 
34 89 8 0 8 23 12.165525060596439 12.165525060596439 1.2595883474994205 
33 88 8 0 8 23 11.045361017187261 12.165525060596439 1.2596561635207473 
32 86 8 0 9 24 10.0 12.165525060596439 1.2597313636425953 
31 85 8 0 13 23 9.055385138137417 12.165525060596439 1.2700317001684418 
25 84 8 0 7 27 4.0 12.165525060596439 1.2684366288899793 
24 83 9 0 6 22 4.0 12.165525060596439 1.2686496412060722 
22 81 9 0 2 24 2.8284271247461903 12.165525060596439 1.267481190832076 
21 80 9 0 1 24 1.4142135623730951 12.165525060596439 1 
