140 140 0 0 14 14 16.0 16.0 1.0699374972126787 
138 139 0 0 17 17 16.0 14.142135623730951 1.0762765365340419 
134 138 0 0 16 17 12.165525060596439 16.0 1.0703928299023902 
132 136 0 0 16 14 13.341664064126334 15.033296378372908 1.0722063847804868 
130 134 0 0 16 16 15.033296378372908 15.033296378372908 1.078719567763695 
128 133 0 0 16 20 15.033296378372908 15.033296378372908 1.0801415950730098 
126 132 0 0 14 20 15.033296378372908 15.033296378372908 1.0763698546626579 
124 130 0 0 16 18 15.033296378372908 15.033296378372908 1.0817199789904914 
122 129 0 0 15 21 15.033296378372908 15.033296378372908 1.0756173067378565 
120 125 0 0 16 20 15.033296378372908 14.142135623730951 1.0775951035799893 
118 123 0 0 17 22 15.033296378372908 14.142135623730951 1.0825063068554284 
116 122 0 0 18 25 15.033296378372908 14.142135623730951 1.0804234445325311 
114 120 0 0 18 24 15.033296378372908 14.0 1.0729430676298577 
112 118 0 0 18 19 15.033296378372908 14.0 1.0711611355236346 
110 117 0 0 18 17 15.033296378372908 14.0 1.0790568376884149 
108 116 0 0 18 22 15.033296378372908 14.0 1.0823428925995036 
102 115 0 0 18 20 15.033296378372908 14.0 1.1045612678484125 
101 114 1 0 17 28 15.033296378372908 14.0 1.1029987962683863 
99 113 1 0 16 26 15.033296378372908 14.0 1.1161249837654466 
93 112 2 0 16 23 15.033296378372908 14.0 1.1171080900223676 
91 111 2 0 16 23 15.033296378372908 14.0 1.119305347390697 
89 109 2 0 16 25 15.033296378372908 14.0 1.1274205100816743 
87 108 2 0 15 30 15.033296378372908 14.0 1.1219299414831299 
85 107 2 0 13 25 15.033296378372908 14.0 1.1244110893488664 
84 106 2 0 13 27 15.033296378372908 14.0 1.1226951653960788 
82 104 2 0 13 26 14.0 14.0 1.130579283232568 
78 103 2 0 12 29 14.0 14.0 1.1386726701094798 
74 102 3 0 13 25 14.0 13.038404810405298 1.1400933495792234 
72 101 3 0 12 25 13.038404810405298 13.038404810405298 1.1509520800195265 
70 100 3 0 12 32 12.165525060596439 13.038404810405298 1.140543170020008 
68 96 3 0 12 27 11.40175425099138 13.038404810405298 1.133540998213947 
67 94 3 0 11 23 10.770329614269007 13.038404810405298 1.1346907193541456 
66 92 3 0 10 25 10.770329614269007 13.038404810405298 1.13014748392997 
65 91 3 0 11 22 10.295630140987 13.038404810405298 1.1299199411322052 
61 90 3 0 10 19 9.486832980505138 13.038404810405298 1.1379311657242295 
60 89 3 0 10 25 9.486832980505138 13.038404810405298 1.1373122922733814 
58 88 3 0 11 24 9.486832980505138 13.038404810405298 1.1457054757065712 
57 87 4 0 10 22 9.486832980505138 13.038404810405298 1.149003114945951 
53 86 4 0 11 22 9.486832980505138 13.038404810405298 1.147679231563492 
52 85 4 0 10 21 8.94427190999916 13.038404810405298 1.1538428752317902 
48 84 4 0 8 23 11.40175425099138 13.038404810405298 1.1494625196457016 
47 82 4 0 7 21 11.40175425099138 13.038404810405298 1.1464135907851507 
46 81 4 0 7 19 11.40175425099138 13.038404810405298 1.1473966970420715 
44 80 4 0 7 19 11.40175425099138 13.038404810405298 1.1534709589728855 
42 79 4 0 9 23 11.40175425099138 13.038404810405298 1.1589835816156875 
40 78 5 0 8 18 11.40175425099138 13.038404810405298 1.169108255535705 
39 77 6 0 8 18 11.40175425099138 12.165525060596439 1.1693845737489843 
38 76 6 0 7 18 9.899494936611665 12.165525060596439 1.1679376245962023 
37 75 6 0 6 17 9.899494936611665 12.165525060596439 1.1734032713512799 
36 74 6 0 5 21 9.899494936611665 12.165525060596439 1.1841736645512535 
35 72 7 0 5 22 9.899494936611665 12.165525060596439 1.1835319941587894 
33 71 7 0 6 21 10.0 12.165525060596439 1.1718919902036815 
31 70 7 1 6 22 10.0 12.165525060596439 1.1681153713262362 
30 69 7 1 6 20 8.602325267042627 11.045361017187261 1.1681470432688146 
29 68 7 1 6 20 7.211102550927978 11.045361017187261 1.167107662073697 
28 67 7 1 5 20 7.211102550927978 10.0 1.1796484030516026 
27 66 8 1 4 21 7.211102550927978 10.0 1.1653588831605948 
26 65 8 2 4 21 7.211102550927978 10.0 1.1626230053331648 
25 64 8 2 4 19 5.830951894845301 10.0 1.1470020587166192 
24 62 8 3 3 19 5.830951894845301 10.0 1.146455614204391 
23 61 8 3 1 18 2.8284271247461903 10.0 1.1312037623792497 
22 60 8 4 1 18 7.0710678118654755 10.0 1.14186607167702 
21 59 9 4 0 17 3.1622776601683795 10.0 1.139109707280019 
21 58 9 4 1 16 1.4142135623730951 10.0 1 
