140 140 0 0 14 14 16.0 16.0 1.1439781767903976 
138 139 0 0 17 18 16.0 14.142135623730951 1.1587841220679458 
134 137 0 0 16 22 12.165525060596439 16.0 1.1625259222659878 
132 136 0 0 21 21 13.038404810405298 16.0 1.1638698028022751 
128 134 0 0 22 20 14.142135623730951 16.0 1.1667542543758471 
124 133 0 0 22 19 14.142135623730951 16.0 1.1696387059494195 
120 132 0 0 22 18 14.142135623730951 16.0 1.176961634291471 
116 131 0 0 24 18 14.142135623730951 16.0 1.1838886686013708 
112 130 0 0 23 19 14.142135623730951 16.0 1.2065483822020604 
106 128 1 0 18 24 13.038404810405298 16.0 1.2105433335413274 
104 127 1 0 18 25 13.038404810405298 16.0 1.2070240995359127 
102 126 1 0 18 23 13.038404810405298 16.0 1.203573738079447 
100 124 1 0 18 22 13.341664064126334 16.0 1.2060151048854852 
99 123 1 0 21 22 13.341664064126334 16.0 1.2030054743152994 
95 122 2 0 17 17 13.341664064126334 16.0 1.2120098825510202 
93 121 2 0 17 20 13.341664064126334 16.0 1.2160048338902871 
91 120 2 0 17 21 13.341664064126334 16.0 1.2128547704809771 
89 118 2 0 16 21 13.341664064126334 15.033296378372908 1.2263088790761798 
88 116 3 0 17 24 15.033296378372908 15.033296378372908 1.232904553072181 
86 114 3 0 17 27 15.033296378372908 15.033296378372908 1.2244718563788197 
84 112 3 0 17 24 15.033296378372908 15.033296378372908 1.2119569570686541 
83 110 3 0 16 21 15.033296378372908 14.142135623730951 1.2134471799596938 
81 109 3 0 16 21 15.033296378372908 14.142135623730951 1.214921672605606 
80 108 3 0 18 21 15.033296378372908 14.142135623730951 1.2184259077802784 
79 106 3 0 22 22 15.033296378372908 14.142135623730951 1.2090263369267906 
77 104 3 0 21 19 15.033296378372908 14.142135623730951 1.2156397261173615 
73 103 4 0 14 19 15.033296378372908 14.142135623730951 1.230620465409663 
71 102 4 0 15 24 15.033296378372908 14.142135623730951 1.2261983269860621 
70 101 4 0 16 22 14.142135623730951 14.142135623730951 1.2504534581352367 
62 100 5 0 14 24 14.142135623730951 14.142135623730951 1.2439387795170005 
61 98 5 0 18 21 14.142135623730951 14.142135623730951 1.2535802458867118 
55 96 6 0 10 22 14.142135623730951 14.142135623730951 1.2433905768761906 
53 94 6 0 8 19 12.165525060596439 14.142135623730951 1.2389847326740304 
52 92 6 0 9 18 12.165525060596439 14.142135623730951 1.2375734063922565 
51 91 6 0 8 18 12.0 14.142135623730951 1.2511016684894087 
49 90 6 0 10 22 11.045361017187261 14.142135623730951 1.2560271081886034 
43 89 6 0 8 21 10.198039027185569 14.142135623730951 1.2591030610572667 
42 88 6 0 9 22 9.486832980505138 14.142135623730951 1.2640794626578469 
41 87 6 0 11 24 10.198039027185569 13.038404810405298 1.2593007749086425 
35 86 6 0 9 19 5.830951894845301 13.038404810405298 1.2629972078881904 
33 85 6 0 14 18 7.211102550927978 13.038404810405298 1.2707164737352143 
29 84 7 0 8 18 5.656854249492381 13.038404810405298 1.2851009398062907 
25 83 8 0 4 20 7.211102550927978 13.038404810405298 1.2975896570596444 
24 82 8 0 3 26 4.47213595499958 12.0 1.2857653125807929 
22 81 9 1 1 25 2.0 12.0 1.2653206184897732 
21 80 9 1 1 17 1.4142135623730951 12.0 1 
