140 140 0 0 14 14 16.0 16.0 1.1427810604457402 
139 139 0 0 19 17 16.0 13.038404810405298 1.149539171543356 
135 138 0 0 22 17 13.341664064126334 15.033296378372908 1.152646244765199 
131 136 0 0 25 17 14.142135623730951 15.033296378372908 1.1583730933541452 
127 135 0 0 25 18 13.341664064126334 16.0 1.1722633400166438 
123 134 0 0 28 23 13.341664064126334 16.0 1.1676399586651756 
123 130 0 0 38 21 13.341664064126334 16.0 1.175703278860479 
117 129 0 0 38 23 13.038404810405298 15.033296378372908 1.1756987722945975 
113 128 0 0 36 22 14.0 15.033296378372908 1.1811370574629823 
107 127 0 0 36 22 14.0 15.033296378372908 1.2022733050567276 
105 125 0 0 43 32 14.0 15.033296378372908 1.2171581447267645 
97 124 1 0 28 36 12.165525060596439 15.033296378372908 1.2305164786890057 
93 123 1 0 33 40 12.165525060596439 15.033296378372908 1.240116221255975 
83 121 2 0 20 40 11.40175425099138 15.033296378372908 1.2145924933328431 
82 117 2 0 29 26 13.038404810405298 15.033296378372908 1.2128513291091623 
78 115 2 0 26 26 13.038404810405298 14.0 1.2199884620188408 
74 114 2 0 24 29 13.038404810405298 14.0 1.247443794646055 
70 113 3 0 22 38 13.038404810405298 14.142135623730951 1.2355739696292005 
66 112 4 0 12 28 13.038404810405298 14.142135623730951 1.2429173218199234 
66 111 4 0 18 31 13.038404810405298 14.142135623730951 1.2460303744778047 
62 110 4 0 21 30 13.038404810405298 14.142135623730951 1.248423582833862 
61 108 4 0 23 32 13.038404810405298 14.142135623730951 1.2430933115691996 
61 107 4 0 26 29 13.038404810405298 14.142135623730951 1.233584805301699 
57 105 5 0 13 23 13.038404810405298 13.038404810405298 1.2342820451069856 
56 103 5 0 18 23 13.038404810405298 13.038404810405298 1.2377039450685885 
54 99 5 0 17 28 13.038404810405298 13.038404810405298 1.232954262133921 
53 98 5 0 19 25 13.038404810405298 13.038404810405298 1.2480114438374559 
51 97 5 0 22 32 13.038404810405298 13.038404810405298 1.2576931276393122 
45 96 6 0 11 33 13.038404810405298 13.038404810405298 1.2445526881387 
44 94 6 0 14 26 13.038404810405298 13.038404810405298 1.2441910110435002 
43 93 6 0 13 27 12.165525060596439 12.165525060596439 1.2535441222356205 
39 92 7 0 11 26 12.165525060596439 12.165525060596439 1.2409355954352654 
38 90 7 0 12 20 12.165525060596439 12.165525060596439 1.2519846751781567 
34 89 8 0 7 21 12.165525060596439 12.165525060596439 1.2368584715171467 
32 88 8 1 7 21 10.0 12.165525060596439 1.2361907048362568 
31 87 8 1 7 21 9.055385138137417 12.165525060596439 1.2336909130522729 
30 85 8 1 7 21 8.246211251235321 12.165525060596439 1.2173545216652817 
29 83 8 2 7 22 7.0710678118654755 12.165525060596439 1.2209056209099838 
28 82 8 2 8 24 6.0 12.165525060596439 1.2136074702505406 
26 81 8 2 7 20 4.47213595499958 12.165525060596439 1.207530406774862 
25 79 8 2 7 18 4.0 12.165525060596439 1.216035093907284 
21 78 9 2 1 18 1.4142135623730951 12.165525060596439 1 
