140 140 0 0 14 14 16.0 16.0 1.15452704880284 
139 139 0 0 19 17 16.0 13.038404810405298 1.1601336796506863 
135 135 0 0 22 19 13.038404810405298 15.033296378372908 1.167920469930344 
131 134 0 0 25 20 15.033296378372908 15.033296378372908 1.1763422511489328 
127 133 0 0 25 22 14.142135623730951 16.0 1.1850305461443564 
123 132 0 0 28 24 14.142135623730951 15.033296378372908 1.1966171231623426 
123 131 0 0 38 27 15.033296378372908 15.033296378372908 1.1967024357091582 
117 130 0 0 38 24 14.0 15.033296378372908 1.2168877920756844 
116 129 0 0 47 31 14.0 15.033296378372908 1.2277989980917705 
106 127 1 0 37 31 14.0 15.033296378372908 1.2316870809664635 
100 126 1 0 34 31 14.0 15.033296378372908 1.2428120617659548 
92 124 2 0 28 31 12.165525060596439 15.033296378372908 1.2321922247546606 
84 123 3 0 17 21 12.165525060596439 15.033296378372908 1.235565921623118 
78 121 3 0 16 21 12.165525060596439 15.033296378372908 1.2429181233404334 
77 120 3 0 24 22 11.40175425099138 15.033296378372908 1.2413395075918081 
75 118 3 0 29 20 11.045361017187261 15.033296378372908 1.2656696381941184 
75 117 3 0 32 32 11.045361017187261 15.033296378372908 1.2593419669186565 
69 115 4 0 25 25 11.045361017187261 15.033296378372908 1.281774982772145 
68 114 4 0 29 35 11.045361017187261 15.033296378372908 1.2861370094736866 
58 112 5 0 13 34 10.770329614269007 15.033296378372908 1.2912073492911889 
57 108 5 0 18 38 10.770329614269007 15.033296378372908 1.2805086162260466 
56 107 5 0 18 33 10.770329614269007 15.033296378372908 1.289796579176111 
52 106 6 0 14 33 10.770329614269007 15.033296378372908 1.270643681993616 
51 105 6 0 20 22 10.770329614269007 14.142135623730951 1.291656517150254 
43 103 7 0 11 28 11.40175425099138 14.142135623730951 1.2912524805623342 
42 102 7 0 14 27 11.40175425099138 14.142135623730951 1.274828407884138 
38 100 7 0 9 20 11.40175425099138 14.142135623730951 1.2741143203942908 
37 99 7 0 9 20 10.198039027185569 14.142135623730951 1.2726811465170698 
36 97 7 0 8 21 10.198039027185569 14.142135623730951 1.2767584864451076 
35 96 7 0 9 23 9.486832980505138 14.142135623730951 1.277378062557688 
33 95 7 0 9 23 7.615773105863909 14.142135623730951 1.2851073798266133 
32 93 7 0 9 29 6.324555320336759 12.649110640673518 1.2851840991551726 
31 91 7 0 10 30 6.324555320336759 12.649110640673518 1.2879887754473673 
29 90 8 0 9 27 6.324555320336759 12.649110640673518 1.273230878552789 
28 89 8 1 9 28 7.0710678118654755 12.649110640673518 1.2643383152562075 
26 88 8 1 7 24 5.830951894845301 12.649110640673518 1.2737931661895123 
25 86 9 1 6 26 5.830951894845301 12.649110640673518 1.2738790819513202 
24 85 9 1 7 26 5.656854249492381 12.649110640673518 1 
