140 140 0 0 14 14 16.0 16.0 1.1148275756429422 
138 139 0 0 17 18 16.0 14.142135623730951 1.124939761932922 
134 137 0 0 16 23 12.165525060596439 16.0 1.1294692792855168 
132 136 0 0 21 25 13.341664064126334 16.0 1.129539854953836 
128 135 0 0 22 23 13.341664064126334 16.0 1.13676419555423 
124 134 0 0 22 26 14.142135623730951 16.0 1.1372219158583554 
120 133 0 0 22 25 14.142135623730951 15.033296378372908 1.1325117754067195 
116 131 0 0 22 21 15.033296378372908 15.033296378372908 1.138875392109579 
112 130 0 0 25 23 15.033296378372908 15.033296378372908 1.1505795935686314 
106 129 1 0 21 21 15.033296378372908 15.033296378372908 1.1663532704070878 
100 127 2 0 16 23 15.033296378372908 15.033296378372908 1.1670016597773194 
98 125 2 0 17 24 15.033296378372908 15.033296378372908 1.1764367806559148 
96 124 2 0 17 30 15.033296378372908 15.033296378372908 1.1741391318842527 
94 122 2 0 18 29 15.033296378372908 15.033296378372908 1.180427732245578 
92 121 2 0 17 33 15.033296378372908 15.033296378372908 1.1776080933625352 
90 120 2 0 22 30 15.033296378372908 15.033296378372908 1.1774031703139443 
88 119 2 0 18 30 15.033296378372908 15.033296378372908 1.1809462149087526 
86 118 2 0 18 32 15.033296378372908 15.033296378372908 1.1790481035690623 
82 117 3 0 16 22 15.033296378372908 15.033296378372908 1.1796451100219771 
80 116 3 0 16 22 15.033296378372908 15.033296378372908 1.180242116474892 
78 115 3 0 16 22 15.033296378372908 15.033296378372908 1.1826572831589754 
74 114 3 0 14 22 15.033296378372908 15.033296378372908 1.1968315975614041 
73 112 4 0 14 26 15.033296378372908 15.033296378372908 1.195554620192619 
71 111 4 0 12 25 15.033296378372908 15.033296378372908 1.189550952621539 
70 110 4 0 14 21 15.033296378372908 15.033296378372908 1.1962153510300464 
64 106 5 0 9 19 13.038404810405298 15.033296378372908 1.1975726690228106 
63 105 5 0 11 20 13.341664064126334 15.033296378372908 1.2016796525729814 
62 104 5 0 12 23 13.341664064126334 15.033296378372908 1.1991301385086262 
60 103 5 0 11 21 13.341664064126334 15.033296378372908 1.1925805165196233 
59 101 5 0 11 18 13.038404810405298 15.033296378372908 1.1949182224228776 
57 100 5 0 9 20 12.165525060596439 14.142135623730951 1.1856221304402021 
55 96 5 0 11 17 12.0 13.038404810405298 1.184008475228377 
53 95 5 0 12 16 11.045361017187261 12.0 1.1891806806466119 
49 94 5 0 9 18 10.198039027185569 12.0 1.1862802621871325 
47 92 5 0 7 17 10.295630140987 12.0 1.2004407018430117 
45 91 6 0 8 19 10.295630140987 12.0 1.2023102449914966 
43 90 6 0 7 20 10.295630140987 12.0 1.2035086985705412 
41 89 6 0 10 20 10.295630140987 12.0 1.2024835864944494 
39 87 6 0 10 20 10.295630140987 12.0 1.193086582407296 
38 83 6 0 12 17 10.295630140987 12.0 1.2064450925616692 
36 82 7 0 9 19 10.295630140987 12.0 1.2061330188989996 
35 81 7 0 10 19 10.295630140987 12.0 1.206128578225785 
33 80 7 0 7 19 10.295630140987 12.0 1.2162334172488098 
32 79 8 0 8 19 10.295630140987 12.0 1.2157391749132433 
31 78 8 0 8 19 8.94427190999916 12.0 1.215244622785105 
30 77 8 0 8 19 7.615773105863909 12.0 1.218821774602888 
28 76 8 0 8 21 5.0990195135927845 12.0 1.2159795215393834 
27 75 8 0 11 19 4.0 12.0 1.2254731806296457 
23 74 9 0 4 18 3.1622776601683795 11.045361017187261 1.2247646665823302 
22 73 9 0 3 18 2.8284271247461903 11.045361017187261 1 
