140 140 0 0 14 14 16.0 16.0 1.0198262064830472 
138 139 0 0 17 18 16.0 14.142135623730951 1.0324812846782532 
134 137 0 0 16 23 12.649110640673518 16.0 1.03618519826386 
132 135 0 0 16 26 13.038404810405298 16.0 1.032358842534282 
130 133 0 0 16 23 13.038404810405298 16.0 1.033733209189627 
128 132 0 0 16 23 13.038404810405298 16.0 1.0345616233875607 
126 131 0 0 14 22 13.341664064126334 16.0 1.0376304002585284 
124 130 0 0 16 24 13.341664064126334 16.0 1.038157561806062 
122 129 0 0 15 23 13.341664064126334 16.0 1.0364624673744838 
120 127 0 0 16 22 13.341664064126334 16.0 1.0399680953278283 
118 126 0 0 17 24 13.341664064126334 16.0 1.03833749852042 
116 125 0 0 18 22 13.341664064126334 16.0 1.0397118651757644 
114 124 0 0 18 22 13.341664064126334 16.0 1.0410862318311094 
112 123 0 0 18 22 13.341664064126334 16.0 1.0355524583097189 
110 119 0 0 18 20 14.0 16.0 1.0409338016249543 
106 118 0 0 18 21 14.0 16.0 1.0435286703745468 
104 117 0 0 18 22 14.142135623730951 16.0 1.0486014736397897 
98 116 0 0 22 22 14.142135623730951 16.0 1.0637693743799 
97 115 1 0 23 25 14.142135623730951 16.0 1.0906782492327942 
89 114 2 0 16 27 14.142135623730951 16.0 1.0826538685313865 
87 113 2 0 14 19 14.142135623730951 16.0 1.0849019373514845 
85 112 2 0 12 19 14.142135623730951 16.0 1.0849922478166412 
83 111 2 0 12 18 14.142135623730951 16.0 1.082977668218633 
82 110 2 0 12 17 14.0 15.033296378372908 1.085636091064166 
80 109 2 0 12 18 14.0 15.033296378372908 1.0900085348851487 
78 108 2 0 12 20 13.038404810405298 15.033296378372908 1.0898192322367084 
76 107 2 0 12 19 12.0 14.142135623730951 1.0956856187284154 
74 105 2 0 11 23 11.40175425099138 14.142135623730951 1.0895990064524992 
72 101 2 0 10 20 11.40175425099138 14.142135623730951 1.0946710239118336 
70 100 2 0 11 23 10.770329614269007 14.142135623730951 1.0923409800693342 
68 98 2 0 11 21 10.295630140987 14.142135623730951 1.078452856686736 
66 97 2 1 11 20 11.313708498984761 14.142135623730951 1.080700925506834 
64 96 2 1 9 20 11.313708498984761 14.142135623730951 1.0923212446267432 
62 95 2 1 12 29 11.313708498984761 14.142135623730951 1.1068741523930308 
58 94 3 1 12 28 11.313708498984761 14.142135623730951 1.1036101836300751 
56 93 3 1 14 24 8.246211251235321 14.142135623730951 1.1128701925728173 
52 92 3 1 11 27 8.246211251235321 14.142135623730951 1.1229283656091162 
51 91 4 1 9 25 8.246211251235321 14.142135623730951 1.1248026046204165 
49 90 4 1 9 26 10.0 14.142135623730951 1.118767583548176 
48 88 4 1 8 22 10.0 14.142135623730951 1.1154425765251443 
46 87 4 1 7 18 10.0 14.142135623730951 1.1177368446767018 
45 85 4 1 6 20 8.602325267042627 14.142135623730951 1.1138330849024611 
44 83 4 1 6 18 8.602325267042627 14.142135623730951 1.1181350109758965 
43 82 4 1 5 21 8.602325267042627 14.142135623730951 1.1170490772710586 
42 81 4 1 6 20 7.211102550927978 14.142135623730951 1.1195746187064628 
40 80 4 1 5 21 8.48528137423857 14.142135623730951 1.1170968167912427 
38 79 4 1 5 18 8.48528137423857 14.142135623730951 1.116458014226733 
37 78 4 1 5 17 7.0710678118654755 14.142135623730951 1.117632999232725 
36 77 4 1 5 17 4.47213595499958 14.142135623730951 1.1232963855410112 
34 76 4 1 4 20 4.47213595499958 14.142135623730951 1.1411098027061612 
32 75 5 1 5 24 4.47213595499958 14.142135623730951 1.1489947411342445 
30 74 6 1 4 20 5.656854249492381 14.142135623730951 1.1468759448030994 
28 73 6 1 3 17 5.830951894845301 14.142135623730951 1.1629949517526263 
26 72 7 1 2 19 5.830951894845301 14.142135623730951 1.1736736080880341 
24 70 8 1 0 17 4.47213595499958 14.142135623730951 1.1726231662213562 
24 69 8 1 1 17 2.8284271247461903 14.142135623730951 1.172486795716044 
23 68 8 1 1 17 3.1622776601683795 14.142135623730951 1.1822767563755907 
22 67 9 1 0 16 5.656854249492381 14.142135623730951 1.1805365625893238 
22 66 9 1 0 16 4.47213595499958 13.038404810405298 1.1645918486896008 
22 65 9 2 0 15 4.0 13.038404810405298 1.166884353992784 
22 64 9 2 0 18 4.47213595499958 13.038404810405298 1.1593266286805088 
22 63 9 2 0 13 4.0 13.038404810405298 1.1616191339836923 
22 62 9 2 0 16 4.47213595499958 13.038404810405298 1.1579135772419817 
22 61 9 2 0 14 4.0 13.038404810405298 1.1576379701647885 
22 60 9 2 0 15 4.47213595499958 13.038404810405298 1.1539324134230782 
22 59 9 2 0 13 4.0 13.038404810405298 1.1562249187262617 
22 58 9 2 0 16 4.47213595499958 13.038404810405298 1.152519361984551 
22 57 9 2 0 14 4.0 13.038404810405298 1.1509596987171695 
22 56 9 2 0 14 4.47213595499958 13.038404810405298 1.1472541419754592 
22 55 9 2 0 12 4.0 13.038404810405298 1.1308227115455194 
22 53 9 3 0 12 4.47213595499958 13.038404810405298 1.127117154803809 
22 52 9 3 0 10 4.0 13.038404810405298 1.128125603916804 
22 51 9 3 0 12 4.47213595499958 13.038404810405298 1.113464946207269 
22 50 9 4 0 12 4.0 13.038404810405298 1.1144733953202641 
22 49 9 4 0 14 4.47213595499958 13.038404810405298 1.1093370993664555 
22 47 9 4 0 13 4.0 11.40175425099138 1 
