140 140 0 0 14 14 16.0 16.0 1.10709421568043 
138 138 0 0 17 17 16.0 14.142135623730951 1.1113310456224674 
134 137 0 0 16 17 13.038404810405298 16.0 1.1182643348175272 
132 136 0 0 21 19 13.038404810405298 16.0 1.1271583907370608 
128 135 0 0 22 22 14.0 16.0 1.1270204130704515 
124 134 0 0 22 20 14.0 16.0 1.1319475165668749 
120 133 0 0 22 21 14.0 16.0 1.1453164220016858 
116 132 0 0 22 27 14.0 16.0 1.1536489075606353 
112 130 0 0 25 30 14.0 16.0 1.1591496732153177 
104 129 1 0 18 25 13.341664064126334 16.0 1.1555464476875374 
102 127 1 0 19 23 14.142135623730951 16.0 1.154667703974213 
100 126 1 0 19 22 14.142135623730951 16.0 1.157234531663881 
98 124 1 0 19 24 14.142135623730951 16.0 1.1526899031514137 
94 122 1 0 17 21 14.142135623730951 16.0 1.1631431918429556 
93 121 2 0 16 22 14.142135623730951 16.0 1.1823052513491197 
89 120 3 0 15 26 14.142135623730951 16.0 1.1848032284111503 
87 119 3 0 15 27 14.142135623730951 16.0 1.1788594035347928 
85 118 3 0 15 23 14.142135623730951 16.0 1.176176516914735 
84 117 3 0 17 21 14.142135623730951 16.0 1.1750167028148961 
82 116 3 0 15 21 14.142135623730951 15.033296378372908 1.1674223673268904 
80 115 3 0 15 16 15.033296378372908 15.033296378372908 1.167522924509644 
79 114 3 0 16 16 14.0 15.033296378372908 1.1761091702542583 
78 113 3 0 17 21 14.0 15.033296378372908 1.1829155449013287 
74 112 4 0 12 19 13.341664064126334 15.033296378372908 1.1826263808775408 
72 111 4 0 10 19 13.341664064126334 15.033296378372908 1.1895242662344778 
71 110 4 0 11 23 13.341664064126334 15.033296378372908 1.1993652645367552 
69 109 4 0 9 29 13.341664064126334 15.033296378372908 1.2008150409240355 
68 105 4 0 12 32 13.341664064126334 15.033296378372908 1.2057421444204588 
64 104 4 0 12 33 13.341664064126334 15.033296378372908 1.187213181071977 
62 100 5 0 11 19 13.038404810405298 15.033296378372908 1.1874734073972597 
60 99 5 0 10 19 13.038404810405298 15.033296378372908 1.1921464221793863 
59 98 5 0 10 22 13.341664064126334 15.033296378372908 1.1929060853547429 
57 97 5 0 10 22 12.165525060596439 15.033296378372908 1.2004904181018556 
55 95 5 0 10 27 11.045361017187261 15.033296378372908 1.2046323565133834 
53 94 5 0 10 29 10.0 15.033296378372908 1.1975094414957679 
51 93 5 0 11 24 9.055385138137417 15.033296378372908 1.1950598812392788 
47 91 5 0 10 23 8.246211251235321 13.038404810405298 1.195800569884936 
46 90 5 0 15 22 10.295630140987 13.038404810405298 1.193393193491136 
40 84 6 0 8 19 10.295630140987 12.165525060596439 1.1957351986936442 
39 83 6 0 13 19 10.295630140987 12.165525060596439 1.205022025421689 
33 82 7 0 5 18 9.899494936611665 12.165525060596439 1.2067626623819931 
33 81 7 0 11 18 11.40175425099138 12.165525060596439 1.2209258943963754 
27 80 7 0 5 25 10.770329614269007 12.165525060596439 1.2196764428932303 
25 79 8 0 2 19 10.770329614269007 12.165525060596439 1.2267530108094173 
24 78 9 0 1 18 10.770329614269007 12.165525060596439 1.2262935510265454 
23 77 9 0 1 18 9.486832980505138 12.165525060596439 1.225835912245691 
22 76 9 0 1 18 8.246211251235321 12.165525060596439 1.2248316641388248 
21 75 9 0 0 18 7.0710678118654755 12.165525060596439 1.2236140559981523 
22 74 9 0 3 18 6.324555320336759 12.165525060596439 1 
