140 140 0 0 14 14 16.0 16.0 1.1397054078797633 
138 138 0 0 17 17 16.0 14.142135623730951 1.137710273806247 
134 136 0 0 16 15 13.038404810405298 15.033296378372908 1.1474598171099797 
132 135 0 0 21 18 15.033296378372908 15.033296378372908 1.1534390980701295 
128 133 0 0 22 20 15.033296378372908 15.033296378372908 1.1473700265447317 
124 131 0 0 22 16 15.033296378372908 15.033296378372908 1.156495754728299 
120 129 0 0 22 20 15.033296378372908 15.033296378372908 1.1688652805733617 
116 128 0 0 24 24 15.033296378372908 15.033296378372908 1.1812718438736711 
110 127 0 0 19 29 15.033296378372908 15.033296378372908 1.1936750945913424 
109 126 1 0 22 30 15.033296378372908 15.033296378372908 1.1973501353317924 
103 122 2 0 16 29 15.033296378372908 15.033296378372908 1.2101728373281833 
102 121 2 0 22 34 15.033296378372908 15.033296378372908 1.1924564712572097 
94 120 2 0 22 20 15.033296378372908 15.033296378372908 1.202601641463029 
88 119 3 0 17 19 15.033296378372908 15.033296378372908 1.2203979097384847 
86 117 3 0 17 29 13.341664064126334 15.033296378372908 1.2147605860490263 
85 116 3 0 18 26 13.038404810405298 15.033296378372908 1.2183226522350563 
79 115 3 0 14 26 13.038404810405298 15.033296378372908 1.2253898961927356 
78 114 3 0 17 29 13.038404810405298 15.033296378372908 1.227995074691922 
72 113 4 0 15 23 13.038404810405298 15.033296378372908 1.2392354884065915 
68 112 5 0 10 24 13.038404810405298 15.033296378372908 1.2411595847391543 
67 110 5 0 11 26 13.038404810405298 15.033296378372908 1.2317747463817705 
65 109 5 0 10 21 13.038404810405298 15.033296378372908 1.2422212389879708 
64 108 6 0 10 22 13.038404810405298 15.033296378372908 1.2472917825439518 
63 106 6 0 10 26 13.038404810405298 15.033296378372908 1.253753996599356 
61 105 6 0 10 29 13.038404810405298 15.033296378372908 1.2570123552834926 
59 104 6 0 8 31 13.038404810405298 15.033296378372908 1.2503883814923493 
55 103 6 0 10 25 13.038404810405298 15.033296378372908 1.2466144279340503 
54 101 6 0 11 24 13.038404810405298 15.033296378372908 1.2479734366545665 
52 100 6 0 9 25 13.038404810405298 15.033296378372908 1.2474432807577633 
51 99 6 0 12 24 13.038404810405298 15.033296378372908 1.2392183745684 
50 97 6 0 12 21 13.038404810405298 15.033296378372908 1.2430345403532632 
50 96 6 0 15 23 13.038404810405298 15.033296378372908 1.2323451965882322 
48 95 6 0 12 18 13.038404810405298 15.033296378372908 1.2367089841275207 
49 94 6 0 15 21 13.038404810405298 15.033296378372908 1.2396187976097275 
43 93 6 0 10 21 13.038404810405298 15.033296378372908 1.2390312335650744 
42 92 6 0 10 21 13.038404810405298 15.033296378372908 1.2387122884919917 
40 91 7 0 6 17 12.165525060596439 15.033296378372908 1.2438227743382004 
39 90 7 0 6 20 12.165525060596439 15.033296378372908 1.2273374934738288 
38 89 7 1 6 20 11.40175425099138 15.033296378372908 1.2267416790842134 
37 88 7 1 6 20 10.770329614269007 15.033296378372908 1.2280472624665986 
36 87 7 1 6 21 10.295630140987 15.033296378372908 1.2426506353569506 
35 86 7 1 6 29 10.0 15.033296378372908 1.2190698470745722 
34 80 7 1 6 22 9.899494936611665 15.033296378372908 1.2222822961802993 
33 79 7 1 6 24 10.0 15.033296378372908 1.2160005450187443 
32 78 7 1 6 21 10.295630140987 15.033296378372908 1.1957088866696843 
31 77 7 2 6 19 8.94427190999916 15.033296378372908 1.1822610556500144 
30 71 7 2 7 17 7.615773105863909 15.033296378372908 1.1810058285466607 
30 70 7 2 11 16 5.656854249492381 15.033296378372908 1.181368087841673 
26 68 8 2 4 13 2.8284271247461903 15.033296378372908 1.1839269710204379 
25 67 8 2 3 15 2.8284271247461903 15.033296378372908 1.1899521790974934 
24 66 9 2 2 14 5.0990195135927845 15.033296378372908 1.189951268598662 
23 65 9 2 0 15 4.47213595499958 15.033296378372908 1.1880274561567248 
23 64 9 2 0 15 5.656854249492381 15.033296378372908 1.181153695074272 
23 63 9 2 0 13 4.47213595499958 14.0 1.1652414953878718 
23 62 9 3 0 14 5.656854249492381 14.0 1.1651860732857324 
23 61 9 3 0 15 4.47213595499958 14.0 1.1632622608437955 
23 60 9 3 0 15 5.656854249492381 14.0 1.163206838741656 
23 59 9 3 0 16 4.47213595499958 14.0 1.1650817262269604 
23 58 9 3 0 18 5.656854249492381 14.0 1.1593282542339594 
23 57 9 3 0 16 4.47213595499958 14.0 1.1396173546203179 
23 56 9 4 0 15 5.656854249492381 14.0 1.128165832736455 
23 55 9 4 0 10 4.47213595499958 14.0 1.1262420202945178 
23 54 9 4 0 10 5.656854249492381 14.0 1.1223878982651374 
23 53 9 4 0 9 4.47213595499958 14.0 1.1204640858232005 
23 52 9 4 0 9 5.656854249492381 14.0 1.1185093137574404 
23 51 9 4 0 9 4.47213595499958 14.0 1.1184848512791241 
23 50 9 4 0 10 5.656854249492381 14.0 1.1146307292497435 
23 49 9 4 0 9 4.47213595499958 14.0 1.0949198296361022 
23 48 9 5 0 8 5.656854249492381 14.0 1.094864407533963 
23 47 9 5 0 9 4.47213595499958 14.0 1.092940595092026 
23 46 9 5 0 9 5.656854249492381 14.0 1.0909858230262661 
23 45 9 5 0 9 4.47213595499958 14.0 1.089062010584329 
23 44 9 5 0 9 5.656854249492381 14.0 1.0693201513468649 
23 43 9 6 0 8 4.47213595499958 14.0 1.0663537874918778 
23 42 9 6 0 8 5.656854249492381 13.038404810405298 1.0606003154988768 
23 41 9 6 0 6 4.47213595499958 13.038404810405298 1.0567771530933192 
23 40 9 6 0 5 5.656854249492381 13.038404810405298 1.0548223810275592 
23 39 9 6 0 5 4.47213595499958 13.038404810405298 1.049099868658381 
23 38 9 6 0 3 5.656854249492381 13.038404810405298 1.0452457466290004 
23 37 9 6 0 2 4.47213595499958 13.038404810405298 1.0255348470153591 
23 36 9 7 0 1 5.656854249492381 13.038404810405298 1.0235800749495994 
23 35 9 7 0 1 4.47213595499958 13.038404810405298 1.0057685252995785 
23 34 9 8 0 1 5.656854249492381 13.038404810405298 1.0007885756723476 
23 33 9 8 0 0 4.47213595499958 12.0 1.0076678752631991 
23 34 9 8 0 2 5.656854249492381 13.038404810405298 1.0009680362059352 
23 33 9 8 0 0 4.47213595499958 12.165525060596439 1.02260924540702 
23 34 9 7 0 2 5.656854249492381 12.165525060596439 1.0009680362059352 
23 33 9 8 0 0 4.47213595499958 12.165525060596439 1.02260924540702 
23 34 9 7 0 2 5.656854249492381 12.165525060596439 1.0009680362059352 
23 33 9 8 0 0 4.47213595499958 12.165525060596439 0.9563009146785423 
23 21 9 9 0 0 5.656854249492381 7.0710678118654755 0.9639514807208595 
21 22 9 9 0 2 7.0710678118654755 6.324555320336759 0.9568590082259452 
21 21 9 9 0 0 5.0990195135927845 5.0990195135927845 0.979088843765183 
21 22 9 8 1 2 1.4142135623730951 5.0990195135927845 1 
