140 140 0 0 14 14 16.0 16.0 1.162715681485604 
139 138 0 0 19 17 16.0 13.038404810405298 1.1745468826111354 
135 136 0 0 22 19 14.142135623730951 15.033296378372908 1.1792130704045938 
131 135 0 0 25 18 14.142135623730951 15.033296378372908 1.1824379598142978 
127 134 0 0 25 17 14.142135623730951 16.0 1.187081398418357 
123 132 0 0 28 17 14.142135623730951 16.0 1.1982344448032032 
123 131 0 0 38 19 14.142135623730951 16.0 1.203575515382098 
117 129 0 0 38 19 13.038404810405298 16.0 1.2037413958237804 
113 125 0 0 36 21 13.038404810405298 16.0 1.2108249490345688 
107 123 0 0 38 21 13.038404810405298 16.0 1.212027835144584 
107 122 0 0 42 21 13.341664064126334 16.0 1.2342420550191453 
101 121 1 0 36 26 13.341664064126334 16.0 1.2459907475523602 
95 120 1 0 38 27 12.649110640673518 16.0 1.2488841114323874 
91 119 1 0 39 26 12.649110640673518 16.0 1.2598596821017425 
83 118 2 0 27 27 12.649110640673518 16.0 1.2663368729330864 
79 117 3 0 20 27 11.40175425099138 16.0 1.284601864652762 
73 116 4 0 20 28 12.165525060596439 16.0 1.2855122344208267 
72 115 4 0 27 26 12.165525060596439 16.0 1.2992367980061101 
66 114 4 0 26 29 11.045361017187261 16.0 1.318092772672344 
60 113 4 0 23 35 11.045361017187261 16.0 1.321702482752117 
61 111 4 0 29 37 11.045361017187261 16.0 1.3072662890613949 
59 110 4 0 22 33 10.198039027185569 16.0 1.2795821826924794 
58 102 4 0 23 28 10.198039027185569 16.0 1.2820462735011544 
52 100 5 0 13 27 10.198039027185569 16.0 1.3037216412820576 
46 99 6 0 9 31 10.198039027185569 16.0 1.2829656796979265 
44 97 7 0 9 19 10.295630140987 16.0 1.304996993138566 
38 95 7 0 7 27 10.295630140987 16.0 1.3010918512219347 
36 94 7 0 4 26 7.615773105863909 16.0 1.3016430362289813 
35 92 7 0 8 26 7.211102550927978 16.0 1.2932120381977632 
31 91 7 0 4 22 5.656854249492381 16.0 1.2888428125994948 
30 90 7 0 5 20 4.242640687119285 16.0 1.2707069848830408 
30 89 7 1 6 20 3.1622776601683795 16.0 1.272777207811906 
29 88 8 1 5 18 6.0 16.0 1.271244401666638 
28 87 8 1 4 18 5.0990195135927845 16.0 1.2781566804985065 
28 86 8 1 4 22 5.0990195135927845 16.0 1.287380635337464 
28 85 8 1 4 27 5.0990195135927845 16.0 1.280422858126797 
28 84 8 1 4 25 5.0990195135927845 16.0 1.285023460951576 
28 83 8 1 4 28 5.0990195135927845 16.0 1.2427865147323294 
28 79 8 2 4 21 5.0990195135927845 16.0 1.2358287375216626 
28 78 8 2 4 19 5.0990195135927845 16.0 1.2167767989415057 
28 77 8 3 4 19 5.0990195135927845 16.0 1.2144423737450172 
28 76 8 3 4 19 5.0990195135927845 16.0 1.2074845965343506 
28 75 8 3 4 17 5.0990195135927845 16.0 1.207439098155552 
28 73 8 3 4 19 5.0990195135927845 16.0 1.2027929969519744 
28 72 8 3 4 18 5.0990195135927845 16.0 1.1981468957483967 
28 71 8 3 4 17 5.0990195135927845 16.0 1.1911663693483305 
28 69 8 3 4 16 5.0990195135927845 16.0 1.188831944151842 
28 68 8 3 4 16 5.0990195135927845 16.0 1.1864747697659546 
28 66 8 3 4 17 5.0990195135927845 16.0 1.178953771094329 
27 65 8 3 4 14 2.0 16.0 1.1855306024122936 
25 64 9 3 1 14 5.0990195135927845 16.0 1.1909747473679275 
25 62 9 3 2 18 5.830951894845301 16.0 1.1931914670612052 
24 61 9 3 0 20 4.47213595499958 16.0 1.1649650315771038 
25 60 9 4 2 16 5.830951894845301 16.0 1.1556233712349357 
24 59 9 4 0 13 4.47213595499958 16.0 1.1510494771557704 
25 58 9 4 2 12 5.830951894845301 16.0 1.1474249073484775 
24 57 9 4 0 12 4.47213595499958 15.033296378372908 1.1474743652834904 
25 56 9 4 2 13 5.830951894845301 15.033296378372908 1.1450677329625898 
24 55 9 4 0 13 4.47213595499958 15.033296378372908 1.1428055148905136 
25 54 9 4 2 13 5.830951894845301 15.033296378372908 1.1300989951149496 
25 52 9 4 2 10 5.0990195135927845 14.142135623730951 1.1277645699184613 
25 51 9 4 2 10 5.0990195135927845 14.142135623730951 1.1254301447219728 
25 50 9 4 2 10 5.0990195135927845 14.142135623730951 1.1230957195254843 
25 49 9 4 2 10 5.0990195135927845 14.142135623730951 1.1184496183219068 
25 48 9 4 2 9 5.0990195135927845 14.142135623730951 1.0970860037346608 
25 47 9 5 2 8 5.0990195135927845 14.142135623730951 1.0947515785381723 
25 46 9 5 2 8 5.0990195135927845 14.142135623730951 1.0901054773345946 
25 45 9 5 2 7 5.0990195135927845 14.142135623730951 1.0710535387544375 
25 44 9 6 2 7 5.0990195135927845 14.142135623730951 1.0520016001742807 
25 43 9 7 2 7 5.0990195135927845 14.142135623730951 1.0473554989707032 
25 42 9 7 2 6 5.0990195135927845 14.142135623730951 1.039389217915195 
25 41 9 7 2 4 5.0990195135927845 13.341664064126334 1.0370547927187064 
25 40 9 7 2 4 5.0990195135927845 13.341664064126334 1.0347203675222179 
25 39 9 7 2 4 5.0990195135927845 13.341664064126334 1.0300742663186404 
25 38 9 7 2 3 5.0990195135927845 13.341664064126334 1.0277398411221519 
25 37 9 7 2 3 5.0990195135927845 13.341664064126334 1.0063762265349059 
25 36 9 8 2 2 5.0990195135927845 13.341664064126334 1.0040418013384176 
25 35 9 8 2 2 5.0990195135927845 13.341664064126334 0.9993957001348398 
25 34 9 8 2 1 5.0990195135927845 13.341664064126334 0.9780320855475937 
25 33 9 9 2 0 5.0990195135927845 13.341664064126334 1.001707376141929 
25 34 9 8 2 2 5.0990195135927845 13.341664064126334 0.9780320855475937 
25 33 9 9 2 0 5.0990195135927845 13.341664064126334 1.005050305183259 
25 35 9 8 2 2 5.0990195135927845 14.142135623730951 0.9780320855475937 
25 33 9 9 2 0 5.0990195135927845 13.341664064126334 0.9993957001348398 
25 34 9 8 2 1 5.0990195135927845 13.341664064126334 0.9780320855475937 
25 33 9 9 2 0 5.0990195135927845 13.341664064126334 1.0131308443917066 
25 36 9 8 2 4 5.0990195135927845 15.033296378372908 1.0048712303350629 
25 35 9 8 2 2 5.0990195135927845 14.0 0.9993957001348398 
25 34 9 8 2 1 5.0990195135927845 13.341664064126334 0.9780320855475937 
25 33 9 9 2 0 5.0990195135927845 13.341664064126334 1.0154425203987958 
25 36 9 8 2 5 5.0990195135927845 15.033296378372908 1.0073619811903483 
25 35 9 8 2 3 5.0990195135927845 14.142135623730951 0.9993957001348398 
25 34 9 8 2 1 5.0990195135927845 13.341664064126334 0.9780320855475937 
25 33 9 9 2 0 5.0990195135927845 13.341664064126334 0.9776500131058038 
25 33 9 9 2 0 5.0990195135927845 13.038404810405298 0.9858192917549059 
25 34 9 9 2 2 5.0990195135927845 14.0 0.9776500131058038 
25 33 9 9 2 0 5.0990195135927845 13.038404810405298 0.9776500131058038 
25 33 9 9 2 0 5.0990195135927845 13.038404810405298 1.0013253037001393 
25 34 9 8 2 2 5.0990195135927845 13.038404810405298 0.9776500131058038 
25 33 9 9 2 0 5.0990195135927845 13.038404810405298 0.9990136276930499 
25 34 9 8 2 1 5.0990195135927845 13.038404810405298 0.9776500131058038 
25 33 9 9 2 0 5.0990195135927845 13.038404810405298 1.0096736571974376 
25 35 9 8 2 4 5.0990195135927845 14.142135623730951 0.9859983666031021 
25 34 9 9 2 2 5.0990195135927845 14.142135623730951 0.9776500131058038 
25 33 9 9 2 0 5.0990195135927845 13.038404810405298 1.0013253037001393 
25 34 9 8 2 2 5.0990195135927845 13.038404810405298 0.9776500131058038 
25 33 9 9 2 0 5.0990195135927845 13.038404810405298 1.0096736571974376 
25 35 9 8 2 4 5.0990195135927845 14.142135623730951 0.9776500131058038 
25 33 9 9 2 0 5.0990195135927845 13.038404810405298 -1 
