140 140 0 0 14 14 16.0 16.0 1.0115764234024913 
138 138 0 0 17 17 16.0 14.142135623730951 1.0255696698474062 
134 137 0 0 16 22 13.038404810405298 16.0 1.0257251528771207 
132 136 0 0 16 21 13.038404810405298 16.0 1.0258806359068353 
130 135 0 0 16 20 13.038404810405298 16.0 1.023311621798148 
128 131 0 0 16 20 13.038404810405298 16.0 1.0229152723551946 
126 127 0 0 14 21 13.038404810405298 16.0 1.0293786173219457 
124 126 0 0 16 26 14.142135623730951 16.0 1.0350615900974773 
122 124 0 0 15 30 14.142135623730951 16.0 1.0270696342683339 
120 123 0 0 16 23 14.142135623730951 16.0 1.0306322163908122 
118 122 0 0 17 25 14.142135623730951 16.0 1.023924098111849 
116 121 0 0 18 19 14.142135623730951 16.0 1.0330141699801443 
114 119 0 0 18 26 14.142135623730951 16.0 1.0383050032105796 
112 118 0 0 18 29 14.142135623730951 16.0 1.042311998890835 
110 117 0 0 18 31 14.142135623730951 16.0 1.0398998068201888 
108 116 0 0 18 28 14.142135623730951 16.0 1.0405293570653715 
106 115 0 0 18 28 14.142135623730951 15.033296378372908 1.0389921827603537 
104 114 0 0 18 26 15.033296378372908 15.033296378372908 1.0374688178052611 
102 113 0 0 16 23 15.033296378372908 15.033296378372908 1.0433101445000377 
98 111 0 0 18 26 15.033296378372908 15.033296378372908 1.0436705136826168 
94 109 0 0 15 23 15.033296378372908 15.033296378372908 1.0532572731213696 
92 108 0 0 14 29 15.033296378372908 15.033296378372908 1.0612078121502508 
91 107 1 0 14 26 15.033296378372908 15.033296378372908 1.0659997564248618 
90 106 1 0 12 29 15.033296378372908 15.033296378372908 1.064075507792256 
88 105 1 0 15 28 15.033296378372908 14.142135623730951 1.0741493083637208 
87 104 2 0 16 27 15.033296378372908 14.142135623730951 1.0784134642095213 
83 103 2 0 13 26 15.033296378372908 14.142135623730951 1.0910549398813465 
82 102 3 0 14 27 15.033296378372908 14.142135623730951 1.0847912351601596 
80 101 3 0 14 21 15.033296378372908 14.142135623730951 1.0870699797324577 
78 100 3 0 15 22 15.033296378372908 14.142135623730951 1.0962123256134337 
76 99 3 0 15 28 15.033296378372908 14.142135623730951 1.0906457017006987 
75 97 3 0 14 24 14.142135623730951 14.142135623730951 1.0846702580034109 
74 95 3 0 13 20 14.142135623730951 14.142135623730951 1.081314763419164 
73 94 3 0 12 17 14.142135623730951 14.142135623730951 1.094400652648766 
72 93 4 0 12 18 14.142135623730951 14.142135623730951 1.0988520618867978 
70 92 4 0 11 20 14.142135623730951 14.142135623730951 1.0967032074328213 
69 91 4 0 11 18 13.341664064126334 14.142135623730951 1.0977827591675164 
68 90 4 0 9 18 13.038404810405298 14.142135623730951 1.0987776661896345 
66 89 4 0 10 18 13.038404810405298 14.142135623730951 1.098488735661572 
64 88 4 0 11 17 13.038404810405298 14.142135623730951 1.0972207770078803 
63 87 4 0 9 16 13.038404810405298 13.038404810405298 1.1024077317171181 
62 86 4 0 9 20 13.038404810405298 13.038404810405298 1.1038790066994013 
60 85 4 0 10 20 12.0 13.038404810405298 1.1048151665577128 
58 83 4 0 12 21 11.045361017187261 13.038404810405298 1.1096757882075932 
52 82 4 0 9 18 10.198039027185569 13.038404810405298 1.1128433598954448 
50 81 4 0 8 19 10.198039027185569 13.038404810405298 1.12435864743624 
49 80 5 0 7 19 10.198039027185569 12.165525060596439 1.124934444144992 
48 79 5 0 7 19 9.055385138137417 12.165525060596439 1.1293217189855294 
47 78 5 0 7 22 8.0 12.165525060596439 1.12767620937216 
46 77 5 0 6 20 7.0710678118654755 12.165525060596439 1.1284212329700167 
44 76 5 0 7 20 7.615773105863909 12.165525060596439 1.1273746424493265 
43 75 5 0 7 19 7.211102550927978 12.165525060596439 1.1126238901412846 
42 74 5 1 7 18 7.211102550927978 12.165525060596439 1.1131199082075782 
41 73 5 1 6 18 7.211102550927978 12.165525060596439 1.1122331945055592 
40 72 5 1 6 18 7.211102550927978 11.045361017187261 1.111000961463896 
39 71 5 1 6 17 7.211102550927978 11.045361017187261 1.113724119593971 
37 70 5 1 6 18 7.211102550927978 11.045361017187261 1.1246867472809896 
36 69 6 1 5 17 7.211102550927978 11.045361017187261 1.123898927797103 
35 68 6 1 4 16 7.211102550927978 11.045361017187261 1.1252343698558003 
34 67 6 1 4 17 7.211102550927978 11.045361017187261 1.1256887349527214 
33 66 6 1 4 17 5.830951894845301 10.770329614269007 1.12674551577184 
31 65 6 1 2 17 8.602325267042627 10.770329614269007 1.1117935625620148 
30 64 6 2 1 15 7.211102550927978 10.770329614269007 1.1118451670705318 
29 63 6 2 1 15 7.211102550927978 10.770329614269007 1.1118967715790489 
28 62 6 2 1 15 7.211102550927978 10.770329614269007 1.1131923926502292 
27 61 7 3 0 17 7.211102550927978 10.770329614269007 1.1108878426843665 
27 59 7 3 2 17 4.47213595499958 10.770329614269007 1.1128241819247426 
26 58 7 3 2 18 3.1622776601683795 10.770329614269007 1.112095946319655 
25 57 7 3 1 18 5.830951894845301 10.770329614269007 1.1238979979990769 
24 56 8 3 1 18 5.830951894845301 10.770329614269007 1.1223974234420322 
23 54 8 3 0 17 4.47213595499958 10.770329614269007 1.114899487593332 
23 52 8 3 1 13 2.8284271247461903 10.770329614269007 1.11559986223773 
22 51 8 3 1 13 1.4142135623730951 10.770329614269007 1.1257582861819444 
21 50 9 3 0 13 5.0990195135927845 10.295630140987 1.124384327366154 
21 49 9 3 1 12 1.4142135623730951 10.295630140987 1 
