140 140 0 0 14 14 16.0 16.0 1.117234829207295 
139 139 0 0 19 17 16.0 13.038404810405298 1.124429083119269 
135 137 0 0 22 16 13.341664064126334 15.033296378372908 1.1287787638316242 
131 135 0 0 25 15 13.038404810405298 15.033296378372908 1.1411813910874753 
127 134 0 0 25 17 14.0 16.0 1.150687031206696 
123 132 0 0 28 18 14.0 16.0 1.1616627625636364 
123 131 0 0 38 19 14.0 16.0 1.1748660905353632 
117 129 0 0 38 21 13.038404810405298 16.0 1.1690253184928825 
113 125 0 0 36 20 13.038404810405298 16.0 1.185851376906599 
107 124 0 0 36 23 13.038404810405298 15.033296378372908 1.2059428723810035 
105 123 0 0 41 28 14.0 15.033296378372908 1.2239070430480856 
101 122 0 0 40 33 14.0 15.033296378372908 1.20722116918148 
97 116 0 0 42 28 14.0 15.033296378372908 1.231796632656003 
89 114 1 0 39 31 13.038404810405298 15.033296378372908 1.2341953987714125 
79 113 2 0 19 30 13.038404810405298 15.033296378372908 1.248842631367217 
79 112 2 0 30 32 13.038404810405298 15.033296378372908 1.2561067925673088 
78 111 2 0 37 32 13.038404810405298 15.033296378372908 1.2519644105742702 
77 110 3 0 31 30 13.038404810405298 15.033296378372908 1.2438975236363212 
71 109 4 0 26 22 13.038404810405298 15.033296378372908 1.2533277864555155 
69 108 4 0 21 27 13.038404810405298 15.033296378372908 1.2958661195866588 
59 107 5 0 19 34 13.038404810405298 15.033296378372908 1.2950280854667602 
55 106 6 0 15 30 13.038404810405298 15.033296378372908 1.2776684937052858 
54 105 6 0 16 23 13.038404810405298 15.033296378372908 1.2721998167809627 
48 104 6 0 11 19 13.038404810405298 15.033296378372908 1.2786307043970986 
47 103 7 0 10 19 13.038404810405298 15.033296378372908 1.3101701124854461 
47 102 7 0 15 30 13.038404810405298 15.033296378372908 1.2947636875550128 
41 101 7 0 8 23 13.038404810405298 15.033296378372908 1.2995147948925125 
40 100 7 0 9 25 12.165525060596439 14.0 1.2940704773180873 
39 99 7 0 9 23 12.0 14.0 1.2882721786761606 
38 98 7 0 11 20 11.045361017187261 14.0 1.28809086673613 
37 96 7 0 10 22 10.0 12.649110640673518 1.3091676903897371 
35 95 8 0 11 26 10.0 12.649110640673518 1.3087659486805752 
34 93 8 0 13 26 9.055385138137417 12.649110640673518 1.3036793599144592 
30 92 8 0 12 22 6.324555320336759 12.649110640673518 1.3023840536077786 
29 91 8 0 11 22 5.830951894845301 12.649110640673518 1.2980154398224515 
28 90 8 0 10 21 4.0 12.165525060596439 1.2893746829773878 
24 88 9 1 5 22 4.0 12.165525060596439 1 
