140 140 0 0 14 14 16.0 16.0 0.9756325986990977 
138 139 0 0 17 17 16.0 14.142135623730951 0.9844302483547851 
134 138 0 0 16 18 12.0 16.0 0.9837358704488295 
132 134 0 0 16 19 12.649110640673518 16.0 0.9863863380169162 
130 133 0 0 16 21 14.142135623730951 16.0 0.9878074949260695 
128 132 0 0 16 21 14.142135623730951 16.0 0.9894438200403776 
126 130 0 0 14 21 14.142135623730951 16.0 0.9907823169790817 
125 129 0 0 14 22 14.0 16.0 0.9906167757173003 
123 128 0 0 15 21 14.0 16.0 0.9940686695855362 
121 127 0 0 15 23 14.0 16.0 0.9931513917499434 
119 123 0 0 16 24 14.0 16.0 0.9910429908309895 
117 121 0 0 17 22 14.0 16.0 0.9942452720651007 
116 120 0 0 16 24 13.341664064126334 16.0 0.9972569551545888 
115 119 0 0 15 26 13.038404810405298 16.0 0.9971792911947174 
113 117 0 0 16 26 13.038404810405298 16.0 0.9970137499329362 
111 116 0 0 17 25 13.038404810405298 16.0 0.9994502753216307 
109 115 0 0 17 26 13.038404810405298 16.0 0.9958824671349873 
107 113 0 0 17 22 13.038404810405298 16.0 0.9977729623797126 
105 112 0 0 15 22 13.038404810405298 15.033296378372908 0.9985911249368667 
104 111 0 0 14 22 13.038404810405298 15.033296378372908 0.9988696224632336 
102 110 0 0 16 22 13.038404810405298 15.033296378372908 1.0013061478519283 
100 109 0 0 16 23 13.038404810405298 15.033296378372908 1.0055199916360142 
96 108 0 0 17 24 13.038404810405298 15.033296378372908 1.0065604390782312 
92 107 0 0 20 23 13.038404810405298 15.033296378372908 1.018262483941547 
88 106 1 0 22 20 13.038404810405298 15.033296378372908 1.0300930706954023 
84 105 1 0 15 24 13.038404810405298 15.033296378372908 1.0298958647730152 
83 104 1 0 14 23 13.038404810405298 15.033296378372908 1.0307140273301696 
82 103 1 0 13 23 13.038404810405298 15.033296378372908 1.0313838158515314 
81 102 1 0 11 23 13.038404810405298 14.0 1.036707491114999 
80 101 1 0 11 28 13.038404810405298 14.0 1.0333368888507428 
79 100 1 0 12 25 13.038404810405298 14.0 1.0373601124103717 
77 99 1 0 11 27 13.038404810405298 14.0 1.0342363430118764 
75 97 1 0 12 24 13.038404810405298 14.0 1.035611900746408 
74 96 1 0 11 24 12.0 14.0 1.0391282871786545 
68 95 1 0 12 22 12.0 14.0 1.0379157127767262 
67 94 1 0 11 20 12.0 14.0 1.0497438853004886 
65 93 2 0 14 20 12.0 14.0 1.06337392420034 
63 91 3 0 14 21 12.0 14.0 1.0563703056472644 
61 90 3 1 13 25 12.0 14.0 1.0598221995155004 
59 89 3 1 13 27 12.0 14.0 1.0588369732260945 
57 88 3 1 11 23 11.045361017187261 14.0 1.0592989742970105 
56 86 3 1 9 23 11.045361017187261 14.0 1.0601488015147704 
54 85 3 1 10 23 11.045361017187261 14.0 1.0736909631127123 
52 84 4 1 10 23 11.045361017187261 14.0 1.0883757840934403 
50 83 5 1 8 23 11.045361017187261 14.0 1.0881785781710531 
49 82 5 1 7 22 11.045361017187261 14.0 1.0728930562177958 
48 81 5 2 6 19 11.045361017187261 14.0 1.0747582519150973 
46 80 5 2 7 20 11.045361017187261 14.0 1.0736482675105774 
45 79 5 2 6 18 10.0 13.341664064126334 1.0744664300677313 
44 78 5 2 5 18 10.0 13.341664064126334 1.0762356819998617 
43 77 5 2 5 19 9.055385138137417 13.341664064126334 1.0897778435978036 
41 76 6 2 5 19 9.055385138137417 13.341664064126334 1.0905911863452398 
40 75 6 2 5 19 8.0 13.341664064126334 1.0913366516485514 
39 74 6 2 5 19 7.0710678118654755 13.341664064126334 1.0775105369629838 
38 73 6 3 5 18 7.0710678118654755 13.341664064126334 1.0777573698287446 
37 72 6 3 5 18 7.0710678118654755 13.341664064126334 1.0781631582583564 
35 71 6 3 5 17 7.0710678118654755 13.341664064126334 1.080726974550296 
33 70 6 3 3 17 7.0710678118654755 13.341664064126334 1.0845948408856334 
32 69 6 3 3 20 6.0 13.341664064126334 1.0837900195761427 
30 68 6 3 3 17 4.47213595499958 13.341664064126334 1.0831093612642722 
29 66 6 3 3 17 4.47213595499958 13.341664064126334 1.079077284114362 
28 64 6 3 2 14 4.47213595499958 12.083045973594572 1.0782385699553896 
27 62 6 3 1 14 5.830951894845301 12.083045973594572 1.0795007713006919 
26 61 6 3 1 15 5.830951894845301 12.083045973594572 1.0908532403757 
25 60 7 3 1 14 5.830951894845301 12.083045973594572 1.091494323672401 
24 58 7 3 0 15 6.324555320336759 12.083045973594572 1.0910777222061445 
24 56 7 3 1 16 4.47213595499958 12.083045973594572 1.0920034248480166 
23 55 7 3 1 17 5.0990195135927845 12.083045973594572 1.104942592093959 
22 54 8 3 0 17 5.0990195135927845 12.083045973594572 1.1034920105419108 
22 53 8 3 1 16 1.4142135623730951 10.770329614269007 1.1158598480964603 
21 52 9 3 1 16 1.4142135623730951 10.770329614269007 1 
