140 140 0 0 14 14 16.0 16.0 1.1256488552952932 
139 139 0 0 19 19 16.0 13.038404810405298 1.1335105547945092 
135 138 0 0 22 20 13.038404810405298 15.033296378372908 1.1381735639652517 
131 136 0 0 25 21 13.341664064126334 15.033296378372908 1.1436328363576713 
127 134 0 0 25 23 13.341664064126334 16.0 1.1482459369365619 
123 133 0 0 28 23 13.341664064126334 16.0 1.1465252942261868 
123 131 0 0 38 21 14.0 15.033296378372908 1.1533615474478986 
117 130 0 0 38 22 14.0 15.033296378372908 1.1567841054409598 
113 129 0 0 36 23 14.0 15.033296378372908 1.1624757179786334 
107 128 0 0 34 24 14.0 15.033296378372908 1.1559794168131856 
105 124 0 0 36 22 14.0 15.033296378372908 1.1756164878438737 
104 123 0 0 42 32 14.0 15.033296378372908 1.160762426453529 
100 122 1 0 32 19 14.0 15.033296378372908 1.1664540389912028 
94 121 1 0 30 20 14.0 15.033296378372908 1.1587623168844619 
93 111 1 1 35 32 14.0 15.033296378372908 1.157448972036356 
85 109 2 1 29 24 14.0 15.033296378372908 1.1710542659151872 
77 108 3 1 17 26 14.0 15.033296378372908 1.1745161413109362 
76 106 3 1 24 27 13.038404810405298 15.033296378372908 1.1851900968770015 
70 104 3 1 22 32 12.165525060596439 15.033296378372908 1.1849378886407647 
62 100 4 1 15 27 10.770329614269007 15.033296378372908 1.181742253629318 
61 98 4 1 22 24 10.198039027185569 15.033296378372908 1.1867668190272114 
55 97 4 1 16 26 9.486832980505138 15.033296378372908 1.188790144172774 
51 95 5 1 15 21 9.486832980505138 15.033296378372908 1.1928153627430496 
50 94 5 1 20 22 9.486832980505138 15.033296378372908 1.1904291969630998 
46 93 5 1 18 20 9.486832980505138 14.142135623730951 1.201785663120782 
42 92 6 1 10 22 9.486832980505138 14.142135623730951 1.2190962055075185 
41 91 6 1 12 32 8.94427190999916 14.142135623730951 1.21051744105592 
35 90 7 1 9 19 8.94427190999916 14.142135623730951 1.1963826196755416 
34 89 7 2 12 19 8.602325267042627 14.142135623730951 1.195034877750354 
30 88 7 2 8 18 4.47213595499958 14.142135623730951 1.1928340772415382 
30 87 7 2 10 17 4.0 14.142135623730951 1.1998753827629096 
26 86 8 2 3 16 5.830951894845301 14.142135623730951 1.1983382751468155 
27 85 8 2 5 16 7.211102550927978 14.142135623730951 1.2006107442009748 
27 84 8 2 6 18 7.211102550927978 14.142135623730951 1.1956165430043195 
26 83 8 2 4 16 7.211102550927978 14.142135623730951 1.1973268051281913 
27 82 8 2 6 18 7.211102550927978 14.142135623730951 1.192332603931536 
26 81 8 2 4 16 7.211102550927978 14.142135623730951 1.1957139251796738 
27 80 8 2 6 19 7.211102550927978 14.142135623730951 1.1890486648587526 
26 79 8 2 4 16 7.211102550927978 14.142135623730951 1.1754380617662081 
27 78 8 3 6 18 7.211102550927978 14.142135623730951 1.1654306831967551 
26 77 8 3 4 13 7.211102550927978 14.142135623730951 1.1688120044448929 
27 76 8 3 6 16 7.211102550927978 14.142135623730951 1.172173098869567 
26 75 8 3 4 19 7.211102550927978 14.142135623730951 1.1580509342674663 
26 71 8 3 4 16 5.830951894845301 11.40175425099138 1.1667429342434967 
25 69 9 3 6 16 5.830951894845301 11.40175425099138 1.163898828650855 
24 68 9 3 5 15 4.47213595499958 11.40175425099138 1.160568574005617 
23 67 9 3 4 14 4.242640687119285 10.770329614269007 1.1593917244436516 
22 66 9 3 3 14 2.8284271247461903 10.770329614269007 1 
