140 140 0 0 14 14 16.0 16.0 0.977836874191595 
138 139 0 0 17 17 16.0 14.142135623730951 0.9864806232540536 
134 138 0 0 16 18 12.165525060596439 16.0 0.9899056590337298 
132 137 0 0 16 20 12.165525060596439 16.0 0.9920596633612958 
130 136 0 0 16 21 12.649110640673518 16.0 0.9955646730762862 
128 134 0 0 16 24 12.649110640673518 16.0 0.9993322873602242 
126 133 0 0 14 26 14.142135623730951 16.0 0.9976117998994034 
125 132 0 0 14 24 14.0 16.0 0.9974269431367173 
123 131 0 0 15 23 14.0 16.0 0.9978103433817727 
121 130 0 0 15 22 14.0 16.0 0.9946638250197796 
119 128 0 0 16 19 14.0 16.0 0.996506725280174 
117 127 0 0 17 20 14.0 16.0 1.0007783575699147 
116 125 0 0 16 24 13.341664064126334 16.0 1.0000523153494623 
115 124 0 0 15 23 13.038404810405298 15.033296378372908 1.0002944138401846 
113 123 0 0 16 23 14.142135623730951 15.033296378372908 0.9991756525012724 
111 121 0 0 17 22 14.142135623730951 15.033296378372908 0.9975312957232471 
109 120 0 0 17 19 14.142135623730951 15.033296378372908 0.999942452991383 
107 119 0 0 17 20 14.142135623730951 15.033296378372908 1.0034901242750018 
105 118 0 0 15 21 14.142135623730951 15.033296378372908 1.0058908701426001 
104 117 0 0 14 22 13.038404810405298 15.033296378372908 1.0061516348837127 
102 116 0 0 16 22 13.038404810405298 15.033296378372908 1.0054920789662998 
101 115 0 0 14 20 13.038404810405298 15.033296378372908 1.0072898298719273 
100 114 0 0 14 21 12.0 15.033296378372908 1.0080308315105386 
98 113 0 0 15 21 12.165525060596439 15.033296378372908 1.0119014887940134 
96 112 0 0 16 24 12.165525060596439 15.033296378372908 1.0123509660807963 
90 110 0 0 16 20 12.165525060596439 14.142135623730951 1.0174807728836972 
88 109 0 0 13 22 12.165525060596439 14.142135623730951 1.0216548564769135 
84 108 0 0 14 23 12.165525060596439 14.142135623730951 1.027755880222726 
82 106 0 0 13 28 12.165525060596439 14.142135623730951 1.02247255325141 
81 105 0 0 12 22 12.165525060596439 14.142135623730951 1.0198143179618446 
79 104 0 0 12 18 12.165525060596439 14.142135623730951 1.0222254752299806 
77 103 0 0 12 19 12.165525060596439 14.142135623730951 1.0331940570522844 
76 101 1 0 11 18 12.165525060596439 14.142135623730951 1.0379673772153266 
75 99 1 0 11 23 11.40175425099138 14.142135623730951 1.0361713072824306 
74 98 1 0 11 21 11.40175425099138 14.142135623730951 1.0335130719928651 
72 97 1 0 11 17 11.40175425099138 14.142135623730951 1.0378002731292109 
71 96 1 0 11 21 11.40175425099138 14.142135623730951 1.048120624008459 
70 95 2 0 11 19 11.40175425099138 14.142135623730951 1.0534217036563456 
69 94 2 0 11 24 11.40175425099138 14.142135623730951 1.065736667950859 
65 92 3 0 12 22 11.40175425099138 14.142135623730951 1.0680251897150521 
63 91 3 0 14 24 11.40175425099138 14.142135623730951 1.0694224684716478 
61 90 3 0 14 24 11.40175425099138 14.142135623730951 1.0704540996597587 
59 88 3 0 13 24 11.40175425099138 14.142135623730951 1.0714057569125555 
57 87 3 0 12 23 11.40175425099138 14.142135623730951 1.0852228827910368 
53 86 4 0 12 21 11.40175425099138 14.142135623730951 1.0906756755937934 
51 85 4 0 12 25 11.40175425099138 14.142135623730951 1.0847410274208225 
50 81 4 0 9 20 11.40175425099138 14.142135623730951 1.0850953500149496 
49 80 4 0 7 19 11.40175425099138 14.142135623730951 1.0839943305022937 
48 78 4 0 6 18 11.313708498984761 14.142135623730951 1.0871040694020653 
46 77 4 0 6 19 10.0 14.142135623730951 1.097861409319282 
44 75 5 0 5 18 10.0 12.165525060596439 1.0860484333692473 
43 74 5 1 5 19 10.0 12.165525060596439 1.0869018223457165 
42 73 5 1 4 19 9.899494936611665 12.165525060596439 1.0880386142141445 
41 72 5 1 3 19 9.899494936611665 12.649110640673518 1.0882703013043291 
40 71 5 1 3 19 9.899494936611665 12.649110640673518 1.0852546531620362 
39 67 5 1 2 18 9.899494936611665 12.649110640673518 1.0849180832444796 
38 66 5 1 3 18 9.899494936611665 12.649110640673518 1.0723976337892849 
37 65 5 2 2 17 8.48528137423857 12.649110640673518 1.0710471853601877 
36 64 5 2 3 16 8.48528137423857 12.649110640673518 1.0725991559682928 
35 63 5 2 2 16 7.0710678118654755 12.649110640673518 1.0732764645622765 
34 62 5 2 3 17 7.0710678118654755 12.649110640673518 1.085776285619476 
32 61 6 2 3 16 7.0710678118654755 12.649110640673518 1.0737814316033936 
31 59 6 3 3 17 5.656854249492381 12.649110640673518 1.0608480554950048 
29 58 6 4 2 16 7.211102550927978 12.649110640673518 1.071694001813366 
28 56 7 4 3 16 7.211102550927978 12.649110640673518 1.0736304599267752 
27 55 7 4 0 16 7.211102550927978 12.649110640673518 1.0719409116406928 
27 54 7 4 1 15 5.656854249492381 12.649110640673518 1.0609599361361512 
26 52 7 5 1 17 4.242640687119285 12.649110640673518 1.0594781558471789 
25 51 7 5 1 17 5.830951894845301 11.40175425099138 1.0723008262825424 
24 50 8 5 1 17 5.830951894845301 12.083045973594572 1.071875555394441 
23 48 8 5 0 16 4.47213595499958 12.083045973594572 1.0693991633424025 
23 46 8 5 1 16 2.8284271247461903 10.770329614269007 1.0703828769427661 
22 45 8 5 1 16 1.4142135623730951 10.770329614269007 1.0750784155610387 
21 43 9 5 0 12 5.0990195135927845 8.94427190999916 1.07350794058677 
21 42 9 5 1 10 1.4142135623730951 8.94427190999916 1 
