140 140 0 0 14 14 16.0 16.0 1.124788233046451 
138 139 0 0 17 18 16.0 14.142135623730951 1.131878737655738 
134 137 0 0 16 22 12.165525060596439 16.0 1.1339879789848728 
132 135 0 0 21 24 13.038404810405298 16.0 1.1319832347001195 
128 134 0 0 22 21 13.341664064126334 16.0 1.131205780926399 
124 133 0 0 22 19 13.341664064126334 16.0 1.1372411278082706 
120 132 0 0 22 22 14.142135623730951 16.0 1.1422608824267029 
116 131 0 0 25 24 14.142135623730951 16.0 1.155609136122515 
110 129 1 0 18 25 14.142135623730951 16.0 1.1709182899187975 
104 128 2 0 15 26 14.142135623730951 16.0 1.1659627184661008 
102 127 2 0 17 22 14.142135623730951 16.0 1.1675530666673626 
100 126 2 0 17 23 14.142135623730951 16.0 1.1650696528147748 
98 125 2 0 17 21 14.142135623730951 16.0 1.1775040863083712 
92 123 3 0 14 21 12.649110640673518 16.0 1.1805854786131291 
90 122 3 0 15 23 13.038404810405298 16.0 1.1766285321983192 
88 120 3 0 15 21 13.038404810405298 16.0 1.1782467469076727 
86 119 3 0 15 22 14.0 16.0 1.1784791744243182 
84 118 3 0 15 22 14.0 16.0 1.1771099974872223 
82 117 3 0 13 21 14.0 16.0 1.1772204962718074 
81 116 3 0 19 21 14.0 16.0 1.1879685204759913 
75 115 4 0 12 19 14.0 16.0 1.194746867646595 
73 114 4 0 10 24 14.0 16.0 1.194735524546618 
72 113 4 0 15 24 14.0 16.0 1.1960647027193194 
68 112 4 0 10 24 14.0 16.0 1.2066101649340015 
67 111 5 0 9 25 14.0 15.033296378372908 1.1982197726204122 
65 105 5 0 10 24 13.341664064126334 15.033296378372908 1.2040057247600862 
63 104 5 0 11 28 13.341664064126334 15.033296378372908 1.1985626989216427 
62 103 5 0 16 24 13.341664064126334 15.033296378372908 1.2093107231258267 
56 102 6 0 9 22 13.341664064126334 15.033296378372908 1.2073322499184218 
55 101 6 0 9 21 13.341664064126334 15.033296378372908 1.204814752194145 
53 100 6 0 9 19 12.165525060596439 15.033296378372908 1.206372638647764 
51 99 6 0 9 20 11.045361017187261 15.033296378372908 1.2065747721679758 
49 98 6 0 9 20 10.0 15.033296378372908 1.2112191129647725 
47 97 6 0 12 23 9.055385138137417 15.033296378372908 1.2104007235103722 
41 96 6 0 9 20 8.246211251235321 15.033296378372908 1.2218339977615231 
35 95 6 0 6 26 8.48528137423857 15.033296378372908 1.221144332737337 
34 94 7 0 7 18 8.48528137423857 15.033296378372908 1.2259554629530152 
33 93 7 0 7 22 8.48528137423857 15.033296378372908 1.221382990260939 
32 92 7 0 8 19 8.48528137423857 15.033296378372908 1.2312080635517186 
30 91 8 0 4 19 11.661903789690601 14.142135623730951 1.2312090117717684 
28 90 8 0 2 19 12.083045973594572 14.142135623730951 1.2312935372369689 
27 89 8 0 2 20 10.770329614269007 13.341664064126334 1.226552534503447 
26 87 8 0 3 18 8.94427190999916 13.341664064126334 1.2372413711881982 
24 86 9 0 1 18 9.899494936611665 13.341664064126334 1.23793775620649 
23 85 9 0 1 19 8.48528137423857 13.341664064126334 1.238634141224782 
22 84 9 0 1 20 7.0710678118654755 13.341664064126334 1.2392086843585117 
21 83 9 0 0 21 5.656854249492381 13.341664064126334 1.2336270572475432 
21 82 9 0 0 18 4.47213595499958 13.341664064126334 1.2321878571802178 
21 81 9 0 0 18 5.656854249492381 13.341664064126334 1.230679992123099 
21 80 9 0 0 18 4.47213595499958 13.341664064126334 1.2277672594935518 
21 78 9 0 0 18 5.656854249492381 13.341664064126334 1.226259394436433 
21 77 9 0 0 18 4.47213595499958 13.341664064126334 1.224820194369108 
21 76 9 0 0 18 5.656854249492381 13.341664064126334 1.2233123293119892 
21 75 9 0 0 18 4.47213595499958 13.341664064126334 1.2218731292446638 
21 74 9 0 0 18 5.656854249492381 13.341664064126334 1.2190073435029285 
21 73 9 0 0 17 4.47213595499958 13.341664064126334 1.2175681434356034 
21 72 9 0 0 17 5.656854249492381 13.341664064126334 1.2133444370092514 
21 71 9 0 0 15 4.47213595499958 13.341664064126334 1.211905236941926 
21 70 9 0 0 15 5.656854249492381 13.341664064126334 1.2103973718848073 
21 69 9 0 0 15 4.47213595499958 13.341664064126334 1.2076002511328656 
21 68 9 0 0 14 5.656854249492381 13.341664064126334 1.205189054415749 
21 67 9 0 0 14 4.47213595499958 12.165525060596439 1.1894167375340807 
21 66 9 1 0 14 7.0710678118654755 12.165525060596439 1.1933177388180933 
21 65 9 1 0 18 5.0990195135927845 12.165525060596439 1.1919013551481032 
21 64 9 1 0 18 7.0710678118654755 12.165525060596439 1.1903706736936495 
21 63 9 1 0 18 5.0990195135927845 12.165525060596439 1.1732222693811631 
21 62 9 2 0 17 7.0710678118654755 12.165525060596439 1.1744074292959426 
21 61 9 2 0 19 5.0990195135927845 12.165525060596439 1.157143413105851 
21 59 9 3 0 19 7.0710678118654755 12.165525060596439 1.137164869639668 
21 58 9 4 0 16 5.0990195135927845 12.165525060596439 1.1343905652850612 
21 57 9 4 0 15 7.0710678118654755 12.165525060596439 1.1328598838306074 
21 56 9 4 0 15 5.0990195135927845 12.165525060596439 1.1314435001606171 
21 55 9 4 0 15 7.0710678118654755 12.165525060596439 1.1299128187061633 
21 54 9 4 0 15 5.0990195135927845 12.165525060596439 1.1270229024739513 
21 52 9 4 0 15 7.0710678118654755 12.165525060596439 1.1309239037579637 
21 51 9 4 0 19 5.0990195135927845 12.165525060596439 1.128149599403357 
21 50 9 4 0 18 7.0710678118654755 12.165525060596439 1.1190344214141068 
21 49 9 5 0 23 5.0990195135927845 12.165525060596439 1.1107128224434282 
21 47 9 5 0 19 7.0710678118654755 12.165525060596439 1.117329665096674 
21 46 9 5 0 25 5.0990195135927845 12.165525060596439 1.109123678003601 
21 45 9 5 0 20 7.0710678118654755 12.165525060596439 1.100803393126064 
21 44 9 5 0 15 5.0990195135927845 12.165525060596439 1.093839714840002 
21 42 9 5 0 12 7.0710678118654755 12.165525060596439 1.091448693203167 
21 41 9 5 0 12 5.0990195135927845 11.045361017187261 1.077016130259914 
21 40 9 6 0 13 7.0710678118654755 11.045361017187261 1.0754854488054602 
21 39 9 6 0 13 5.0990195135927845 11.045361017187261 1.058337044492974 
21 38 9 7 0 12 7.0710678118654755 11.045361017187261 1.0545299426372599 
21 36 9 7 0 12 5.0990195135927845 10.0 1.0531135589672698 
21 35 9 7 0 12 7.0710678118654755 10.0 1.0467836055416317 
21 34 9 7 0 9 5.0990195135927845 9.055385138137417 1.042982753320144 
21 33 9 7 0 7 7.0710678118654755 9.486832980505138 1.04145207186569 
21 32 9 7 0 7 5.0990195135927845 9.486832980505138 1.022830134990982 
21 30 9 8 0 6 7.0710678118654755 9.486832980505138 1.017441652500633 
21 29 9 8 0 4 5.0990195135927845 8.0 0.9989353275035301 
21 28 9 9 0 2 7.0710678118654755 8.0 0.996691181183942 
21 27 9 9 0 2 5.0990195135927845 7.0710678118654755 0.9947014398018461 
21 26 9 9 0 2 7.0710678118654755 6.324555320336759 0.9927916470345362 
21 25 9 9 0 2 5.0990195135927845 5.830951894845301 0.9903316269789755 
21 24 9 9 0 2 7.0710678118654755 4.47213595499958 0.9886246820550905 
21 23 9 9 0 2 5.0990195135927845 4.242640687119285 0.9861221139451181 
21 22 9 9 0 2 7.0710678118654755 2.8284271247461903 0.9821473273660661 
21 21 9 9 0 1 5.0990195135927845 1.4142135623730951 -1 
