140 140 0 0 14 14 16.0 16.0 1.146809569172863 
139 139 0 0 19 19 16.0 13.038404810405298 1.164569593967142 
135 137 0 0 22 23 13.038404810405298 15.033296378372908 1.1600767938007428 
131 136 0 0 25 18 14.142135623730951 15.033296378372908 1.1662942904762266 
127 135 0 0 25 18 13.341664064126334 16.0 1.1790009750519408 
123 133 0 0 28 21 13.341664064126334 16.0 1.1931317036155307 
123 132 0 0 38 24 13.341664064126334 16.0 1.2066454755481597 
117 131 0 0 38 26 13.038404810405298 16.0 1.1928321637885857 
111 127 0 0 33 22 13.038404810405298 15.033296378372908 1.2052242299934557 
110 125 0 0 39 26 13.341664064126334 15.033296378372908 1.2202375982519609 
104 124 0 0 38 29 13.341664064126334 15.033296378372908 1.2384274669428832 
100 123 0 0 43 33 13.341664064126334 14.142135623730951 1.210004931937868 
92 121 0 0 34 21 13.038404810405298 13.341664064126334 1.2098590603375494 
88 120 0 0 31 20 12.165525060596439 13.341664064126334 1.2147103191427033 
82 114 1 0 28 21 12.165525060596439 13.341664064126334 1.2300383271390054 
81 113 1 0 32 26 12.165525060596439 13.341664064126334 1.2312582582834692 
75 112 2 0 23 23 12.165525060596439 13.341664064126334 1.2329322765665056 
71 108 2 0 19 26 12.0 13.341664064126334 1.193892327550378 
70 102 2 1 24 20 12.0 13.341664064126334 1.1961293364938708 
66 101 2 1 21 20 12.0 13.341664064126334 1.2033000211311327 
65 100 2 1 24 22 11.045361017187261 13.341664064126334 1.2157156598239047 
61 99 3 1 21 23 11.045361017187261 13.038404810405298 1.2393474394905408 
57 97 4 1 24 27 11.045361017187261 13.341664064126334 1.2475708692025662 
55 96 5 1 20 28 11.045361017187261 13.341664064126334 1.2434830133364103 
51 92 5 1 23 26 11.045361017187261 13.341664064126334 1.2527334912369696 
43 91 6 1 16 24 8.94427190999916 13.341664064126334 1.2526240730191374 
41 90 6 1 17 23 7.615773105863909 13.341664064126334 1.267033018062215 
35 88 7 1 9 26 7.615773105863909 13.341664064126334 1.2873663885014717 
34 87 7 1 12 34 6.324555320336759 12.165525060596439 1.2645302970067258 
34 83 7 1 16 27 6.324555320336759 12.0 1.270955614007051 
28 82 8 1 10 25 5.830951894845301 12.0 1.2648747239504277 
27 80 8 1 9 24 4.47213595499958 12.0 1.2583111284294088 
23 76 9 1 3 21 3.1622776601683795 12.0 1.255479475291842 
21 75 9 1 1 20 1.4142135623730951 12.0 1 
