140 140 0 0 14 14 16.0 16.0 1.1545621983325507 
138 139 0 0 17 19 16.0 14.142135623730951 1.1559612682768274 
134 138 0 0 16 18 12.0 16.0 1.1631129753633975 
132 136 0 0 21 22 13.038404810405298 16.0 1.162530582920729 
128 135 0 0 22 20 13.038404810405298 16.0 1.1661281131600134 
124 133 0 0 22 22 13.038404810405298 16.0 1.1714202354647236 
120 132 0 0 22 24 13.038404810405298 16.0 1.1846109345641749 
116 131 0 0 22 31 13.038404810405298 16.0 1.1933158214141995 
110 130 1 0 24 27 13.038404810405298 16.0 1.197669347325312 
104 129 2 0 16 23 14.142135623730951 16.0 1.1918990056321501 
102 127 2 0 17 20 14.142135623730951 16.0 1.1924475253747813 
100 125 2 0 18 21 14.142135623730951 16.0 1.1897292443610243 
99 124 2 0 19 20 14.142135623730951 15.033296378372908 1.1988606827304826 
93 123 3 0 15 18 13.341664064126334 15.033296378372908 1.2037040018615441 
91 121 3 0 15 22 13.341664064126334 15.033296378372908 1.2122659751053937 
89 120 3 0 16 27 13.341664064126334 15.033296378372908 1.2188038863018806 
87 119 3 0 16 31 13.341664064126334 15.033296378372908 1.217065673083189 
85 118 3 0 15 30 14.142135623730951 15.033296378372908 1.222023868920728 
83 117 3 0 15 33 14.142135623730951 15.033296378372908 1.2190469494600455 
83 113 3 0 20 34 14.142135623730951 15.033296378372908 1.2093691952298553 
77 112 3 0 14 27 14.142135623730951 15.033296378372908 1.2086826300249645 
76 110 4 0 13 22 14.142135623730951 15.033296378372908 1.2092778989378417 
75 109 4 0 16 22 14.142135623730951 15.033296378372908 1.2069604124265279 
74 108 4 0 16 21 14.142135623730951 15.033296378372908 1.2056211251942586 
70 106 4 0 12 21 14.142135623730951 15.033296378372908 1.2197112216147934 
69 105 5 0 12 24 14.142135623730951 15.033296378372908 1.2215099867344357 
67 104 5 0 12 25 14.142135623730951 15.033296378372908 1.2212165622704843 
66 103 5 0 13 25 14.142135623730951 15.033296378372908 1.212556235914378 
64 102 5 0 11 20 13.038404810405298 15.033296378372908 1.2126872098607484 
62 101 5 0 9 21 13.038404810405298 14.142135623730951 1.2141832893920235 
62 100 5 0 16 21 14.0 14.142135623730951 1.2228223034345673 
56 98 6 0 11 20 14.0 14.142135623730951 1.2220963934496318 
55 97 6 0 11 20 14.142135623730951 14.142135623730951 1.2223154432103258 
53 96 6 0 11 20 14.142135623730951 14.142135623730951 1.2224423870257894 
51 95 6 0 11 20 13.038404810405298 14.142135623730951 1.2225747822730464 
49 94 6 0 11 20 12.0 14.142135623730951 1.2211344523899825 
47 93 6 0 11 19 11.045361017187261 14.142135623730951 1.216428770647564 
45 91 6 0 11 17 10.198039027185569 14.142135623730951 1.2201153427421065 
45 90 6 0 16 19 10.198039027185569 14.142135623730951 1.2265837347277069 
39 89 6 0 11 22 9.055385138137417 14.142135623730951 1.221463092671142 
38 88 6 0 12 19 8.0 14.142135623730951 1.218769387007645 
36 87 6 0 9 18 8.0 14.142135623730951 1.2163334119321985 
35 86 7 1 9 20 8.0 14.142135623730951 1.217243483675012 
33 85 7 1 7 21 8.0 14.142135623730951 1.2180137401530535 
31 84 7 1 5 22 6.324555320336759 14.142135623730951 1.2255685152299218 
30 83 8 1 4 21 9.055385138137417 14.142135623730951 1.2214889113790766 
29 81 8 1 4 20 8.246211251235321 14.142135623730951 1.2178345036598606 
28 80 8 1 5 18 5.830951894845301 14.142135623730951 1.2273091456550884 
26 79 8 1 5 24 3.1622776601683795 14.142135623730951 1.2246374683670986 
25 78 8 1 4 23 4.242640687119285 14.142135623730951 1.2321650282070746 
23 77 9 1 1 22 5.830951894845301 14.142135623730951 1.219795497760372 
22 75 9 1 0 16 5.656854249492381 14.142135623730951 1.2179626417949845 
22 74 9 1 0 16 4.0 14.142135623730951 1.2179860289884694 
22 73 9 1 0 17 5.656854249492381 14.142135623730951 1.216153173023082 
22 72 9 1 0 17 4.0 14.142135623730951 1.1964910580026882 
22 71 9 2 0 15 5.656854249492381 14.142135623730951 1.1797118459002673 
22 70 9 3 0 15 4.0 14.142135623730951 1.178155517734804 
22 69 9 3 0 15 5.656854249492381 14.142135623730951 1.174902507122595 
22 67 9 3 0 16 4.0 12.649110640673518 1 
