140 140 0 0 14 14 16.0 16.0 1.0439134978551585 
138 139 0 0 17 18 16.0 14.142135623730951 1.0509179107143156 
134 135 0 0 16 21 12.165525060596439 16.0 1.047427180597778 
132 134 0 0 16 18 14.0 16.0 1.0540960522246852 
130 132 0 0 16 23 14.0 16.0 1.0526097829670482 
128 131 0 0 16 21 14.0 16.0 1.050338768217181 
126 130 0 0 14 18 14.142135623730951 16.0 1.0495888091002286 
124 129 0 0 16 17 14.142135623730951 16.0 1.0580793558649315 
122 128 0 0 15 22 14.142135623730951 16.0 1.0645475538122702 
120 127 0 0 16 26 14.142135623730951 16.0 1.0599811159274148 
118 126 0 0 17 22 14.142135623730951 16.0 1.062311325437681 
116 125 0 0 18 23 14.142135623730951 16.0 1.060825056180044 
114 124 0 0 18 21 14.142135623730951 16.0 1.0676147637965527 
112 123 0 0 18 25 14.142135623730951 16.0 1.068766317507363 
110 121 0 0 18 26 14.142135623730951 16.0 1.0600208928858006 
108 117 0 0 18 22 14.142135623730951 16.0 1.0605569724455277 
106 116 0 0 16 21 14.142135623730951 16.0 1.0591121904339422 
105 115 0 0 16 20 14.0 16.0 1.0625895857348289 
103 114 0 0 16 22 13.038404810405298 15.033296378372908 1.0710801324995318 
101 113 0 0 15 27 13.038404810405298 15.033296378372908 1.0640114873306854 
99 109 0 0 15 24 12.165525060596439 15.033296378372908 1.069864458361662 
93 108 0 0 18 24 12.165525060596439 15.033296378372908 1.0693337700225438 
91 104 0 0 19 26 11.40175425099138 15.033296378372908 1.0656040770501023 
90 102 0 0 17 24 11.40175425099138 15.033296378372908 1.0678409957580237 
88 101 0 0 14 24 11.40175425099138 15.033296378372908 1.0710224461641076 
87 100 0 0 13 26 10.770329614269007 15.033296378372908 1.0457153208263201 
86 99 0 1 14 18 10.770329614269007 15.033296378372908 1.053085791103231 
82 98 0 1 14 21 10.770329614269007 14.142135623730951 1.0522355930784397 
81 97 0 1 12 20 10.770329614269007 14.142135623730951 1.0679932304855029 
79 95 1 1 15 24 10.770329614269007 14.142135623730951 1.0661060569673406 
75 94 1 1 12 19 10.770329614269007 14.142135623730951 1.073846644615091 
71 92 1 1 13 23 10.770329614269007 14.142135623730951 1.0919841741002312 
63 91 2 1 14 21 10.198039027185569 14.142135623730951 1.0761251764291626 
61 89 2 2 11 19 10.198039027185569 14.142135623730951 1.0888232422907695 
60 88 3 2 11 20 10.198039027185569 14.142135623730951 1.0910666886113118 
58 87 3 2 10 21 10.198039027185569 13.341664064126334 1.1017493537610494 
56 86 4 2 12 20 10.198039027185569 13.341664064126334 1.101148460500755 
54 85 4 2 10 18 9.486832980505138 13.341664064126334 1.1021003568327548 
53 84 4 2 8 18 8.246211251235321 13.341664064126334 1.1028093594356558 
51 83 4 2 8 18 9.899494936611665 13.341664064126334 1.1028961452311172 
50 81 4 2 7 19 9.899494936611665 13.341664064126334 1.1128355521346756 
49 80 5 2 7 18 9.899494936611665 13.341664064126334 1.111985043088956 
48 78 5 2 6 18 8.602325267042627 13.341664064126334 1.1160091436419217 
47 77 5 2 6 21 8.602325267042627 13.341664064126334 1.1134650545744307 
45 76 5 2 5 18 8.602325267042627 13.341664064126334 1.1144540175085087 
44 75 5 2 5 19 8.602325267042627 13.038404810405298 1.1243934244120675 
43 74 6 2 5 18 8.602325267042627 13.038404810405298 1.1239580268587903 
42 73 6 2 6 18 8.602325267042627 13.038404810405298 1.1238441389746834 
41 72 6 2 6 18 8.602325267042627 13.038404810405298 1.1237302510905762 
40 71 6 2 6 18 8.602325267042627 13.038404810405298 1.1236163632064693 
39 70 6 2 6 18 8.602325267042627 13.038404810405298 1.1359217883505117 
37 69 7 2 4 18 11.661903789690601 13.038404810405298 1.137646103255868 
36 68 7 2 3 18 7.211102550927978 13.038404810405298 1.1236951234194448 
35 67 7 3 3 18 7.211102550927978 13.038404810405298 1.1229342414087904 
34 66 7 3 4 18 5.830951894845301 12.165525060596439 1.1221240307314413 
33 65 7 3 4 18 5.830951894845301 11.40175425099138 1.1206308133683098 
32 64 7 3 4 17 5.830951894845301 11.40175425099138 1.11901334926499 
31 62 7 3 3 17 5.830951894845301 11.045361017187261 1.120624835826886 
27 61 7 3 2 16 7.0710678118654755 10.0 1.1322650818786386 
26 60 8 3 1 16 7.0710678118654755 10.0 1.13125378403193 
25 59 8 3 1 15 5.656854249492381 10.0 1.1316218156642457 
24 58 8 3 1 15 4.242640687119285 10.0 1.1181527553442447 
23 57 8 4 1 15 2.8284271247461903 10.0 1.116652589875619 
23 56 8 4 1 15 2.8284271247461903 10.0 1.1157649554972489 
22 55 8 4 1 15 5.0990195135927845 10.0 1.1275973326454327 
21 54 9 4 0 15 3.1622776601683795 9.486832980505138 1.126371342789619 
21 53 9 4 1 15 1.4142135623730951 9.486832980505138 1 
