140 140 0 0 14 14 16.0 16.0 1.1233484851947235 
138 138 0 0 17 17 16.0 14.142135623730951 1.1303527011968317 
134 136 0 0 16 19 13.341664064126334 16.0 1.1406958755863121 
132 135 0 0 21 22 13.341664064126334 16.0 1.15305547145557 
128 134 0 0 22 26 13.341664064126334 16.0 1.1481323803559162 
124 132 0 0 22 23 13.341664064126334 15.033296378372908 1.1538935802159824 
120 131 0 0 22 24 15.033296378372908 15.033296378372908 1.16625317608524 
116 130 0 0 23 28 15.033296378372908 15.033296378372908 1.16887192218469 
112 128 0 0 24 28 15.033296378372908 15.033296378372908 1.1718396912492826 
106 127 1 0 17 24 15.033296378372908 15.033296378372908 1.1875448514889182 
105 125 1 0 26 30 15.033296378372908 15.033296378372908 1.211606553557017 
91 124 2 0 16 32 14.142135623730951 15.033296378372908 1.201608446600959 
90 123 2 0 22 25 14.0 15.033296378372908 1.2281312318293462 
78 122 3 0 14 29 14.0 15.033296378372908 1.2216601626838444 
77 120 3 0 18 26 14.0 14.0 1.2243501541302886 
73 119 3 0 22 24 14.0 14.0 1.2373183962323273 
65 118 4 0 14 24 14.0 14.0 1.2292917402548853 
61 116 4 0 11 20 14.0 14.0 1.2411587570687177 
60 114 5 0 10 23 14.0 14.0 1.2507034008488396 
59 112 5 0 13 28 14.0 14.0 1.2468389942016456 
57 111 6 0 10 22 14.0 14.0 1.2511361867152557 
55 109 6 0 10 25 14.0 13.341664064126334 1.2494735774634378 
54 107 6 0 11 25 14.0 13.341664064126334 1.2589147761257786 
50 105 7 0 6 26 12.165525060596439 13.341664064126334 1.2525718398187702 
49 104 7 0 6 23 11.045361017187261 13.341664064126334 1.2437991046349794 
47 102 7 0 6 19 10.0 13.341664064126334 1.239678467087008 
45 101 7 0 6 17 9.055385138137417 12.165525060596439 1.2465146518289396 
43 100 7 0 6 20 10.0 12.165525060596439 1.2560867476833677 
41 98 7 0 7 25 10.0 12.165525060596439 1.2624238093261217 
37 97 7 0 5 27 10.0 12.165525060596439 1.2666457520677978 
36 95 7 0 6 30 10.0 12.165525060596439 1.2626093329070807 
35 93 7 0 12 27 8.602325267042627 12.165525060596439 1.2538939647124487 
29 92 7 0 4 22 5.830951894845301 12.165525060596439 1.271797773879538 
28 90 8 0 2 29 5.830951894845301 11.045361017187261 1.279187435508508 
27 89 8 0 2 33 4.47213595499958 11.045361017187261 1.259320168131889 
26 87 8 0 5 23 3.1622776601683795 11.045361017187261 1.2535208570666703 
25 86 8 0 3 21 4.242640687119285 11.045361017187261 1.2472539544808416 
24 84 8 0 3 19 2.0 11.045361017187261 1.254625500420412 
23 83 8 0 3 23 2.8284271247461903 11.045361017187261 1.2554624116356357 
21 81 9 0 1 20 1.4142135623730951 11.045361017187261 1 
