140 140 0 0 14 14 16.0 16.0 1.1622982900333076 
139 139 0 0 19 18 16.0 13.038404810405298 1.177776474355213 
135 138 0 0 22 21 13.341664064126334 15.033296378372908 1.1842833585107433 
131 137 0 0 25 21 13.341664064126334 15.033296378372908 1.1981667496369082 
127 135 0 0 25 26 13.038404810405298 16.0 1.198134983843868 
123 134 0 0 28 23 13.038404810405298 16.0 1.2016575145331752 
123 132 0 0 38 23 13.038404810405298 16.0 1.2010413951867305 
117 128 0 0 38 23 12.0 15.033296378372908 1.2121875465111567 
113 127 0 0 36 27 14.0 15.033296378372908 1.2354138476510232 
107 126 0 0 45 31 14.0 15.033296378372908 1.2474314986483452 
101 124 1 0 43 31 14.0 15.033296378372908 1.269204777783663 
91 123 2 0 37 33 14.0 15.033296378372908 1.2941072145035586 
83 122 3 0 28 39 14.0 15.033296378372908 1.2817246767916857 
75 121 4 0 16 29 14.0 15.033296378372908 1.2755803125233467 
74 120 4 0 20 25 13.038404810405298 15.033296378372908 1.2756879238299912 
68 118 4 0 22 22 12.165525060596439 15.033296378372908 1.2788357689580327 
60 117 5 0 13 18 10.770329614269007 15.033296378372908 1.2809177259859261 
59 116 5 0 15 19 10.198039027185569 14.142135623730951 1.2929265771314724 
55 115 5 0 14 23 10.198039027185569 14.142135623730951 1.2908885114154025 
53 111 5 0 16 24 9.055385138137417 14.142135623730951 1.3070861436823398 
52 110 5 0 18 31 8.94427190999916 14.142135623730951 1.3116079376217906 
46 109 6 0 12 28 8.94427190999916 14.142135623730951 1.3153169132677853 
45 108 6 0 12 30 8.246211251235321 14.142135623730951 1.3148271171374448 
41 107 6 0 9 29 8.0 14.142135623730951 1.3004881090661276 
39 106 6 0 9 22 8.0 14.142135623730951 1.2998469597705433 
37 105 6 0 7 22 6.324555320336759 14.142135623730951 1.2970327514575326 
36 104 6 0 7 21 5.0990195135927845 14.142135623730951 1.29287753349764 
34 103 7 1 5 23 5.0990195135927845 14.142135623730951 1.2803403788132195 
33 97 7 1 7 22 5.0990195135927845 14.142135623730951 1.2852033599438042 
29 95 8 1 5 21 6.324555320336759 12.649110640673518 1.2839394460817886 
28 94 8 1 7 20 7.0710678118654755 12.649110640673518 1.2979542704379203 
27 93 8 1 9 26 7.0710678118654755 12.649110640673518 1.2919958538532765 
25 92 9 1 6 20 7.0710678118654755 12.649110640673518 1.2985681404379747 
23 91 9 1 3 24 3.1622776601683795 12.0 1.2913686872400922 
22 90 9 1 3 21 2.8284271247461903 12.0 1.2869704435787157 
21 88 9 1 1 21 1.4142135623730951 12.083045973594572 1 
