140 140 0 0 14 14 16.0 16.0 1.124778082076626 
138 139 0 0 17 19 16.0 14.142135623730951 1.1295786121350853 
134 138 0 0 16 19 12.165525060596439 16.0 1.1278354649618687 
132 136 0 0 21 17 12.165525060596439 16.0 1.135642696610597 
128 134 0 0 22 20 14.0 16.0 1.1483261090247907 
124 133 0 0 22 25 14.0 16.0 1.1445793484169522 
120 132 0 0 22 21 14.0 16.0 1.1481503802286805 
116 130 0 0 22 22 14.0 16.0 1.1482471132393983 
112 128 0 0 24 21 14.0 15.033296378372908 1.1484667705924907 
108 122 1 0 19 21 15.033296378372908 14.142135623730951 1.1465455847648782 
104 121 1 0 19 18 15.033296378372908 14.142135623730951 1.1509665945713465 
102 119 1 0 22 20 15.033296378372908 14.142135623730951 1.1528149198725837 
98 118 1 0 19 20 15.033296378372908 14.142135623730951 1.1709111698100656 
97 117 2 0 19 25 15.033296378372908 14.142135623730951 1.1607355896850113 
95 113 2 0 19 22 15.033296378372908 14.0 1.1634338929809884 
93 112 2 0 19 23 15.033296378372908 14.0 1.16430662149674 
91 111 2 0 19 23 15.033296378372908 14.0 1.1615282004520395 
89 110 2 0 19 21 15.033296378372908 14.0 1.160590847486229 
87 108 2 0 19 21 15.033296378372908 14.0 1.1596380012217544 
85 107 2 0 19 20 15.033296378372908 14.0 1.1747088022644352 
85 106 2 0 23 28 15.033296378372908 14.0 1.1885071875041642 
81 105 3 0 18 30 15.033296378372908 14.0 1.1870007634677444 
79 103 3 0 17 30 15.033296378372908 14.0 1.1844697890678164 
78 102 3 0 23 27 15.033296378372908 14.0 1.1882620507176778 
74 101 3 0 17 29 15.033296378372908 14.0 1.1688621442331795 
72 95 3 0 15 24 15.033296378372908 13.038404810405298 1.168275106181876 
71 94 3 0 18 23 15.033296378372908 13.038404810405298 1.1801167766776457 
69 92 3 0 18 30 15.033296378372908 13.038404810405298 1.17652488540852 
67 90 4 0 16 24 15.033296378372908 13.038404810405298 1.174424896467976 
65 89 4 0 14 23 14.0 13.038404810405298 1.1648760640532114 
64 85 4 0 14 21 14.142135623730951 13.038404810405298 1.1639136037342803 
62 84 4 0 14 20 13.038404810405298 13.038404810405298 1.1647772872181494 
60 83 4 0 14 20 12.0 13.038404810405298 1.1820718733668396 
58 82 4 0 14 29 11.045361017187261 13.038404810405298 1.1661266563776798 
54 80 5 1 13 23 11.045361017187261 13.038404810405298 1.1601559079696755 
52 78 5 1 17 19 10.198039027185569 13.038404810405298 1.1581663285871269 
48 77 5 1 12 18 9.486832980505138 12.165525060596439 1.1564411483946049 
47 76 5 1 13 17 9.486832980505138 12.165525060596439 1.1571150839975923 
46 75 5 1 15 17 10.0 12.165525060596439 1.1653646828151385 
42 74 6 1 8 17 10.0 11.40175425099138 1.1684279188742752 
41 73 6 1 11 18 9.899494936611665 11.40175425099138 1.1702563518015927 
37 72 6 1 8 18 7.615773105863909 11.40175425099138 1.1709258174599055 
36 71 6 1 10 18 7.615773105863909 11.40175425099138 1.1722126501587191 
35 70 6 1 11 19 6.324555320336759 10.770329614269007 1.172397946035463 
33 69 6 1 13 18 6.324555320336759 10.770329614269007 1.1719812342152165 
29 68 6 1 6 18 7.615773105863909 10.770329614269007 1.18046544047 
27 67 7 1 6 17 7.615773105863909 10.770329614269007 1.1764109717298556 
25 66 8 2 5 18 5.830951894845301 10.770329614269007 1.177767870027176 
24 65 8 2 5 19 5.830951894845301 10.770329614269007 1.1647559670821748 
22 63 9 3 1 17 8.246211251235321 10.770329614269007 1.1655335582142836 
21 62 9 3 0 18 7.0710678118654755 10.770329614269007 1.1637062991931417 
21 61 9 3 0 18 5.0990195135927845 10.770329614269007 1.159331306696459 
21 60 9 3 1 17 1.4142135623730951 9.486832980505138 1 
