140 140 0 0 14 14 16.0 16.0 1.1698061961282173 
139 139 0 0 19 17 16.0 13.038404810405298 1.1832106854602273 
135 137 0 0 22 20 13.341664064126334 15.033296378372908 1.1875250878725336 
131 136 0 0 25 19 14.0 15.033296378372908 1.1947992071605784 
127 134 0 0 25 21 13.038404810405298 16.0 1.1968602577005152 
123 132 0 0 28 20 13.038404810405298 16.0 1.2056581830922042 
123 131 0 0 38 21 13.038404810405298 16.0 1.2170951792981137 
117 130 0 0 38 23 12.0 16.0 1.2382813114019597 
111 126 0 0 34 34 12.0 16.0 1.2088300221240569 
110 120 0 0 42 23 12.083045973594572 16.0 1.1970166194376408 
109 116 0 0 46 20 12.083045973594572 15.033296378372908 1.2133014983632313 
99 115 1 0 40 20 13.038404810405298 15.033296378372908 1.2227756463238646 
89 111 2 1 30 29 13.341664064126334 15.033296378372908 1.2322296037997813 
88 110 2 1 39 30 13.341664064126334 15.033296378372908 1.2321156440901873 
80 109 3 1 28 26 13.341664064126334 15.033296378372908 1.214582623790402 
80 103 3 1 26 25 13.341664064126334 15.033296378372908 1.2081560588887408 
79 102 3 1 26 23 13.341664064126334 14.0 1.2280867429643922 
75 100 3 1 24 32 13.341664064126334 14.0 1.2282137780114724 
74 99 3 1 30 30 12.165525060596439 14.0 1.2427771991306915 
68 97 3 1 26 36 11.045361017187261 14.0 1.2348448074666372 
67 95 3 1 33 31 10.0 14.0 1.247205282384988 
61 94 3 1 29 35 9.486832980505138 14.0 1.2394955661790943 
53 92 4 1 17 29 9.486832980505138 14.0 1.246306918702685 
52 91 5 1 21 27 9.486832980505138 14.0 1.2417503191866834 
52 89 5 1 26 25 9.486832980505138 14.0 1.245069346561742 
51 88 5 1 23 28 9.486832980505138 14.0 1.2273564205092995 
51 84 5 1 26 24 9.055385138137417 12.0 1.2152757359280972 
47 83 5 1 18 20 10.0 12.0 1.2352399931600988 
43 82 6 1 14 25 10.0 12.0 1.240662714513896 
41 81 6 1 18 26 10.0 11.045361017187261 1.2227721746527016 
40 77 6 1 20 21 10.0 10.198039027185569 1.2467397994141205 
34 76 7 1 12 28 10.0 10.198039027185569 1.2484384864064506 
34 75 7 1 19 27 8.94427190999916 10.198039027185569 1.2483398073994942 
26 74 8 1 8 23 5.830951894845301 10.198039027185569 1.2413992237994518 
27 73 8 1 12 20 4.0 10.198039027185569 1.2444674491700687 
23 72 9 1 4 19 3.1622776601683795 10.198039027185569 1.242868536752551 
22 71 9 1 3 19 2.8284271247461903 10.198039027185569 1 
