140 140 0 0 14 14 16.0 16.0 1.1484031851607528 
138 139 0 0 17 17 16.0 14.142135623730951 1.1464820510381468 
134 135 0 0 16 17 12.649110640673518 16.0 1.1490264836983366 
132 134 0 0 21 17 14.142135623730951 16.0 1.1532592925002598 
128 133 0 0 22 18 14.142135623730951 16.0 1.1562087546866158 
124 132 0 0 22 19 14.142135623730951 15.033296378372908 1.1616516951937228 
120 131 0 0 22 21 15.033296378372908 15.033296378372908 1.1678995112558315 
116 130 0 0 24 23 15.033296378372908 15.033296378372908 1.1865479270938282 
108 129 1 0 19 26 13.038404810405298 15.033296378372908 1.1731283041504321 
107 121 1 0 28 23 13.038404810405298 15.033296378372908 1.1705258014867115 
101 120 1 0 16 22 13.341664064126334 15.033296378372908 1.1893161054258916 
100 118 2 0 16 29 14.0 15.033296378372908 1.1797979442010817 
99 114 2 0 22 25 14.0 15.033296378372908 1.1758108960851623 
95 113 2 0 15 23 14.0 15.033296378372908 1.1738246174176903 
93 111 2 0 21 21 14.0 15.033296378372908 1.1875013871522955 
87 110 3 0 16 22 14.0 15.033296378372908 1.1840503795253472 
85 108 3 0 15 21 14.0 15.033296378372908 1.2007277027952619 
83 107 4 0 15 25 14.0 15.033296378372908 1.2025683434196475 
81 106 4 0 15 26 14.0 15.033296378372908 1.20742351061911 
80 105 4 0 19 29 14.0 14.0 1.188108883044648 
74 101 4 0 13 19 14.142135623730951 14.0 1.2168828946287986 
73 100 5 0 14 31 14.142135623730951 14.0 1.2072179100956328 
71 99 5 0 13 25 14.0 14.0 1.2049804748951034 
69 98 5 0 11 24 13.341664064126334 14.0 1.2042624747117219 
68 97 5 0 11 24 13.341664064126334 14.0 1.2035444745283403 
67 96 5 0 11 24 13.341664064126334 14.0 1.2012952751456902 
65 95 5 0 11 23 12.165525060596439 13.038404810405298 1.2038414248091156 
64 94 5 0 15 24 11.40175425099138 13.038404810405298 1.2090334607275073 
60 93 5 0 11 27 11.045361017187261 13.038404810405298 1.2037351677230477 
59 92 5 0 15 23 11.045361017187261 13.038404810405298 1.2138168899647401 
53 91 6 0 9 22 11.045361017187261 13.038404810405298 1.214997336515849 
52 89 6 0 10 24 11.045361017187261 13.038404810405298 1.217983050345504 
50 88 6 0 9 26 11.045361017187261 13.038404810405298 1.22173003170995 
49 87 6 0 12 28 11.045361017187261 13.038404810405298 1.2210628919365882 
45 86 6 0 9 27 11.045361017187261 13.038404810405298 1.2183946774908534 
44 84 7 0 7 21 11.045361017187261 13.038404810405298 1.2036028784053867 
43 83 7 1 9 21 11.045361017187261 13.038404810405298 1.20495074589221 
39 82 7 1 7 21 11.045361017187261 13.038404810405298 1.2213380491184738 
38 81 7 1 10 31 11.045361017187261 13.038404810405298 1.215988594757035 
36 80 7 1 8 28 11.045361017187261 13.038404810405298 1.2015938660266907 
34 79 7 1 7 19 11.045361017187261 13.038404810405298 1.2101024937357414 
33 78 8 1 5 19 11.045361017187261 13.038404810405298 1.2107861151744994 
32 76 8 1 5 21 10.198039027185569 13.038404810405298 1.2146397541176142 
31 74 8 1 5 25 9.486832980505138 13.038404810405298 1.2111060698688296 
30 73 8 1 6 23 8.246211251235321 13.038404810405298 1.2036815196807005 
28 72 8 1 5 19 6.0 12.165525060596439 1.2052311578774486 
27 70 8 1 7 21 5.0990195135927845 12.165525060596439 1.1964161629372922 
26 68 8 1 7 17 4.0 12.165525060596439 1.203412717521361 
22 66 9 1 2 16 5.830951894845301 12.165525060596439 1.2002320331867273 
21 65 9 1 0 15 5.656854249492381 12.165525060596439 1.1819251697980824 
21 64 9 2 0 14 4.47213595499958 12.165525060596439 1.179644772830691 
21 63 9 2 0 14 5.656854249492381 11.40175425099138 1.1780734084059754 
21 62 9 2 1 14 1.4142135623730951 11.40175425099138 1 
