140 140 0 0 14 14 16.0 16.0 1.0284581802970336 
138 138 0 0 17 17 16.0 14.142135623730951 1.0380167353075707 
134 136 0 0 16 20 13.038404810405298 16.0 1.0443931316375359 
132 135 0 0 16 24 13.038404810405298 16.0 1.0442644781524633 
130 133 0 0 16 24 13.038404810405298 16.0 1.0380187882861918 
128 129 0 0 16 22 13.038404810405298 15.033296378372908 1.0366793978912705 
126 128 0 0 14 20 15.033296378372908 15.033296378372908 1.0345314336711187 
124 127 0 0 16 18 15.033296378372908 15.033296378372908 1.038757599886754 
122 126 0 0 15 20 15.033296378372908 15.033296378372908 1.0408718159416608 
120 125 0 0 16 21 15.033296378372908 15.033296378372908 1.0455509961523224 
118 124 0 0 17 24 15.033296378372908 15.033296378372908 1.0437251265479466 
116 122 0 0 18 23 15.033296378372908 15.033296378372908 1.0475365587221563 
114 121 0 0 18 25 15.033296378372908 15.033296378372908 1.044935580506978 
112 120 0 0 18 22 15.033296378372908 15.033296378372908 1.0461820485254325 
110 119 0 0 18 22 15.033296378372908 15.033296378372908 1.051819274425736 
108 118 0 0 18 26 15.033296378372908 14.142135623730951 1.0543482245220681 
106 117 0 0 18 27 15.033296378372908 14.142135623730951 1.0607246208520333 
104 116 0 0 18 31 15.033296378372908 14.142135623730951 1.058953110719706 
102 115 0 0 16 28 15.033296378372908 14.142135623730951 1.0588887839771697 
101 114 0 0 16 28 15.033296378372908 14.142135623730951 1.0605757151971449 
99 113 0 0 16 28 14.0 14.142135623730951 1.0630998303910024 
97 112 0 0 17 29 13.038404810405298 14.142135623730951 1.0608349205287566 
93 110 0 0 17 25 12.165525060596439 14.142135623730951 1.0692398186349439 
92 109 0 0 16 31 11.045361017187261 14.0 1.0747201542453435 
91 108 0 0 15 35 11.045361017187261 14.0 1.0764196362588245 
89 107 0 0 17 36 11.045361017187261 14.0 1.0815701758771383 
85 106 0 0 17 37 11.045361017187261 14.0 1.0737491891948359 
84 104 0 0 18 32 10.0 14.0 1.0745831890660424 
80 102 0 0 22 32 10.0 14.0 1.0754332684556969 
76 101 0 0 20 29 10.0 14.0 1.084150191426695 
70 99 1 0 21 23 10.0 14.0 1.0938827400416657 
68 98 1 0 16 28 10.0 14.0 1.0985103125615052 
64 94 2 0 17 23 10.0 14.0 1.112821442569264 
62 93 3 0 18 25 10.0 13.038404810405298 1.111049932436937 
60 92 3 0 16 22 10.0 13.038404810405298 1.1121534079701145 
58 90 3 0 14 22 9.055385138137417 13.038404810405298 1.121189673775662 
54 89 3 0 17 27 9.055385138137417 13.038404810405298 1.1337134971325147 
50 88 4 0 12 23 9.055385138137417 13.038404810405298 1.1386742240682788 
48 87 4 0 10 26 11.313708498984761 13.038404810405298 1.139154683664634 
47 86 4 0 9 25 8.0 13.038404810405298 1.133092680574135 
46 85 4 0 8 20 8.0 13.038404810405298 1.1439009423990587 
44 84 5 0 7 18 8.0 13.038404810405298 1.1425353754199816 
43 83 5 0 8 17 7.0710678118654755 13.038404810405298 1.1411885665995676 
42 82 5 0 8 16 7.0710678118654755 13.038404810405298 1.1548838871960228 
40 80 6 0 6 17 7.0710678118654755 13.038404810405298 1.1548195604534863 
39 79 6 0 6 17 7.0710678118654755 13.038404810405298 1.1412174799434176 
38 78 6 1 6 17 7.0710678118654755 13.038404810405298 1.1428189894012692 
36 77 6 1 5 17 7.211102550927978 13.038404810405298 1.1423080951607094 
35 76 6 1 4 17 7.211102550927978 12.0 1.155681321141388 
33 75 7 1 3 17 7.211102550927978 12.0 1.1525446567760214 
32 73 7 1 4 16 7.211102550927978 12.0 1.1528950640749107 
31 72 7 1 3 16 7.211102550927978 12.0 1.1530043200500923 
30 71 7 1 4 16 5.830951894845301 12.0 1.1489999076482738 
29 69 7 1 4 14 5.830951894845301 12.0 1.1497650489885884 
28 68 7 1 2 14 5.830951894845301 12.0 1.1515624267345264 
27 67 7 1 2 15 4.47213595499958 12.0 1.1497809737216957 
26 66 7 1 1 15 7.615773105863909 11.045361017187261 1.149013838472222 
25 65 7 1 1 15 7.615773105863909 10.198039027185569 1.1606615356504846 
24 64 8 1 1 15 7.615773105863909 10.198039027185569 1.1607432061090217 
23 63 8 1 0 15 8.246211251235321 10.198039027185569 1.1597724947527652 
23 62 8 1 1 15 6.324555320336759 10.198039027185569 1.1579322965526977 
22 61 8 1 0 14 7.0710678118654755 9.486832980505138 1.1569830659486537 
22 60 8 1 1 14 5.0990195135927845 9.486832980505138 1.169045497168342 
21 59 9 1 0 14 5.0990195135927845 9.486832980505138 1.170108845771166 
21 58 9 1 1 15 1.4142135623730951 9.486832980505138 1 
