140 140 0 0 14 14 16.0 16.0 1.0962448081312712 
138 138 0 0 17 17 16.0 14.142135623730951 1.1069867080571272 
134 136 0 0 16 22 13.038404810405298 16.0 1.1084918344680992 
132 134 0 0 21 23 13.038404810405298 16.0 1.1055412263434072 
128 130 0 0 22 22 13.038404810405298 16.0 1.1115898548184213 
124 128 0 0 22 25 13.341664064126334 16.0 1.1162412210954467 
120 127 0 0 22 26 14.142135623730951 16.0 1.1075663064843153 
116 125 0 0 23 19 14.142135623730951 16.0 1.10982212155989 
112 123 0 0 18 20 14.142135623730951 16.0 1.124675524974462 
108 121 1 0 17 22 14.142135623730951 16.0 1.1330897574307621 
106 120 1 0 18 27 14.142135623730951 16.0 1.1551044779105335 
100 119 2 0 18 31 14.142135623730951 16.0 1.1499390404306729 
98 118 2 0 18 27 14.142135623730951 16.0 1.1535508884913457 
96 117 2 0 17 29 14.142135623730951 16.0 1.1543473058052702 
94 116 2 0 17 29 14.142135623730951 16.0 1.1655769690083189 
92 115 2 0 17 36 14.142135623730951 16.0 1.1633924589253506 
90 114 2 0 17 34 14.142135623730951 16.0 1.1641888762392751 
88 113 2 0 17 34 14.142135623730951 16.0 1.1693687732352673 
82 112 3 0 14 27 13.038404810405298 16.0 1.163315982271082 
81 110 3 0 22 24 13.038404810405298 15.033296378372908 1.176948299624817 
75 109 4 0 17 23 15.033296378372908 15.033296378372908 1.1891927546631904 
69 108 5 0 12 21 15.033296378372908 15.033296378372908 1.1899106794618812 
67 107 5 0 11 21 13.341664064126334 15.033296378372908 1.1948474945708565 
65 106 5 0 9 24 13.341664064126334 15.033296378372908 1.1947720776020472 
64 105 5 0 11 24 13.341664064126334 15.033296378372908 1.189275646821898 
62 104 5 0 9 20 13.341664064126334 15.033296378372908 1.1934029473927845 
61 102 5 0 10 24 13.038404810405298 15.033296378372908 1.1966499138765343 
57 101 5 0 10 24 12.165525060596439 15.033296378372908 1.196290226103908 
56 99 5 0 11 25 12.165525060596439 15.033296378372908 1.191470037083912 
55 98 5 0 11 22 11.045361017187261 15.033296378372908 1.1911539288268282 
54 96 5 0 12 23 10.198039027185569 15.033296378372908 1.1794997981299855 
52 92 5 0 11 18 10.295630140987 15.033296378372908 1.1919584348689911 
50 91 5 0 9 26 8.94427190999916 15.033296378372908 1.1805001492950566 
48 90 5 0 7 18 8.94427190999916 15.033296378372908 1.182145002191612 
47 88 5 0 11 20 8.602325267042627 15.033296378372908 1.1961659167928622 
46 87 6 0 13 23 8.602325267042627 14.142135623730951 1.184248994154682 
42 86 6 1 10 23 8.0 14.142135623730951 1.1844499089452254 
40 84 6 1 7 24 7.615773105863909 14.142135623730951 1.1862167620154664 
39 83 6 1 11 25 7.211102550927978 14.142135623730951 1.1842854567995194 
35 82 6 1 7 22 7.211102550927978 14.142135623730951 1.1790284776303117 
34 78 7 1 6 17 7.211102550927978 11.045361017187261 1.1774625969630563 
33 77 7 1 8 16 7.211102550927978 11.045361017187261 1.1910451510221076 
31 76 8 1 5 18 10.0 11.045361017187261 1.1925800813150722 
30 75 8 1 3 19 5.830951894845301 11.661903789690601 1.1920081743958306 
29 74 8 1 2 19 5.830951894845301 11.661903789690601 1.187008233566114 
27 73 8 1 3 15 5.830951894845301 11.661903789690601 1.1852545261816383 
26 72 8 1 3 15 5.830951894845301 10.198039027185569 1.195150716510583 
25 71 9 1 3 15 8.602325267042627 10.198039027185569 1.1960614300300112 
23 70 9 1 2 15 3.1622776601683795 10.198039027185569 1.1957147980954237 
22 69 9 1 2 15 2.0 10.198039027185569 1.1804007612287237 
21 67 9 2 1 16 1.4142135623730951 10.198039027185569 1 
