140 140 0 0 14 14 16.0 16.0 1.0356519965865647 
138 138 0 0 17 17 16.0 14.142135623730951 1.0439806990022118 
134 136 0 0 16 19 13.038404810405298 16.0 1.0412309955925965 
132 135 0 0 16 16 13.038404810405298 16.0 1.0421223718132178 
130 134 0 0 16 16 14.0 16.0 1.0459424652437983 
128 132 0 0 16 19 14.0 16.0 1.0470956052597626 
126 131 0 0 14 19 14.0 15.033296378372908 1.053898367089954 
124 130 0 0 16 24 15.033296378372908 15.033296378372908 1.0582020118960351 
122 129 0 0 15 26 15.033296378372908 15.033296378372908 1.0577535380321443 
120 128 0 0 16 25 15.033296378372908 15.033296378372908 1.0586414324198854 
118 127 0 0 17 25 15.033296378372908 15.033296378372908 1.0608656950592579 
116 126 0 0 18 26 15.033296378372908 15.033296378372908 1.0607887281529058 
114 125 0 0 18 25 15.033296378372908 15.033296378372908 1.0607117612465535 
112 124 0 0 18 24 15.033296378372908 15.033296378372908 1.0551772769157128 
110 122 0 0 18 20 15.033296378372908 15.033296378372908 1.0564366782609922 
108 121 0 0 18 20 15.033296378372908 15.033296378372908 1.0602567716915725 
106 119 0 0 18 23 15.033296378372908 15.033296378372908 1.0587313921156265 
104 117 0 0 18 22 15.033296378372908 15.033296378372908 1.058489660344341 
102 116 0 0 16 21 15.033296378372908 14.0 1.0596370172716583 
100 114 0 0 16 22 15.033296378372908 14.0 1.0565238364317737 
98 112 0 0 18 21 15.033296378372908 13.038404810405298 1.062423312029063 
96 110 0 0 16 25 15.033296378372908 13.038404810405298 1.0575220386522453 
94 109 0 0 11 19 15.033296378372908 13.038404810405298 1.0603597320329274 
93 107 0 0 10 22 15.033296378372908 13.038404810405298 1.0605246889103466 
92 105 0 0 9 23 15.033296378372908 13.038404810405298 1.0780714828048057 
88 104 1 0 18 27 15.033296378372908 13.038404810405298 1.0735417163855268 
86 103 1 0 12 21 15.033296378372908 13.038404810405298 1.0917944139061795 
80 102 2 0 12 21 15.033296378372908 13.038404810405298 1.0901287926193097 
78 101 2 0 10 18 14.142135623730951 13.038404810405298 1.0887523173560216 
77 100 2 0 10 17 14.0 13.038404810405298 1.0936220001422434 
75 99 2 0 10 20 13.038404810405298 12.165525060596439 1.0952154731241235 
73 98 2 0 10 20 12.165525060596439 12.165525060596439 1.0981035557966992 
71 97 2 0 10 21 11.40175425099138 12.165525060596439 1.1019058477662496 
69 96 2 0 11 23 10.770329614269007 12.165525060596439 1.1115883330710339 
65 95 3 0 12 19 10.770329614269007 12.0 1.1228239491334653 
61 93 3 0 11 25 10.295630140987 12.165525060596439 1.1307221300869936 
57 92 4 0 10 19 10.295630140987 12.165525060596439 1.1403712478996013 
55 91 4 0 9 25 10.295630140987 12.165525060596439 1.1448010621673743 
54 90 5 0 10 20 10.295630140987 12.165525060596439 1.143741695211124 
53 89 5 0 9 19 10.295630140987 12.165525060596439 1.151311430857023 
51 88 5 0 10 24 10.295630140987 12.165525060596439 1.1466144661034163 
50 87 5 0 8 20 10.295630140987 12.165525060596439 1.1506597485690149 
48 86 5 0 8 22 10.0 12.165525060596439 1.1524365341940805 
47 85 5 0 8 23 8.602325267042627 12.165525060596439 1.1557577789502635 
46 84 5 0 6 25 8.602325267042627 12.165525060596439 1.1529905367848432 
45 83 5 0 6 23 8.602325267042627 12.165525060596439 1.1502232946194226 
44 82 5 0 6 21 8.602325267042627 12.165525060596439 1.1497572819997268 
43 81 5 0 7 21 8.602325267042627 12.165525060596439 1.1359764848516802 
42 80 5 1 7 21 8.602325267042627 12.165525060596439 1.1305526468105098 
41 76 5 1 7 21 8.602325267042627 11.045361017187261 1.1250896359708025 
40 72 5 1 7 20 8.602325267042627 11.40175425099138 1.1170122945025074 
39 68 5 1 6 17 8.602325267042627 11.40175425099138 1.1164711855935987 
37 67 5 1 8 17 8.602325267042627 10.198039027185569 1.129068868949684 
36 66 6 1 5 17 8.602325267042627 10.198039027185569 1.1329834680424216 
35 65 6 1 5 20 8.602325267042627 10.198039027185569 1.133421416077065 
34 64 6 1 5 20 7.211102550927978 10.198039027185569 1.1333269104149077 
33 63 6 1 5 20 7.211102550927978 10.198039027185569 1.139464599891851 
32 62 7 1 5 16 7.211102550927978 10.198039027185569 1.1429425538491744 
31 61 7 1 4 18 5.830951894845301 10.198039027185569 1.1401753116837539 
30 60 7 1 4 16 5.830951894845301 10.198039027185569 1.1533663493763937 
29 59 8 1 3 17 5.830951894845301 10.198039027185569 1.1395855522283467 
28 58 8 2 3 17 5.830951894845301 10.198039027185569 1.140011097426531 
27 57 8 2 3 17 4.47213595499958 10.198039027185569 1.1412529600160055 
26 56 8 2 3 18 4.47213595499958 10.198039027185569 1.140323399718857 
25 55 8 2 3 17 3.1622776601683795 10.198039027185569 1.126914109528349 
24 54 8 3 2 17 3.1622776601683795 10.198039027185569 1.1095114426270811 
23 52 8 4 1 15 2.8284271247461903 10.198039027185569 1.107059177650362 
23 51 8 4 1 15 2.8284271247461903 9.055385138137417 1.109619869735663 
23 50 8 4 1 18 2.8284271247461903 9.055385138137417 1.1067230443964753 
23 48 8 4 1 18 2.8284271247461903 9.055385138137417 1.103086793051313 
22 47 8 4 1 16 5.0990195135927845 9.055385138137417 1.096538890299587 
21 45 9 5 0 13 3.1622776601683795 9.055385138137417 1.0945650704344778 
21 43 9 5 1 14 1.4142135623730951 8.246211251235321 1 
