140 140 0 0 14 14 16.0 16.0 1.0648732360487936 
138 139 0 0 17 17 16.0 14.142135623730951 1.0676117779012773 
134 138 0 0 16 15 12.649110640673518 16.0 1.0740695335964578 
132 137 0 0 16 19 12.649110640673518 16.0 1.0805272892916384 
130 136 0 0 16 23 12.649110640673518 16.0 1.0759746817939826 
128 135 0 0 16 19 12.649110640673518 16.0 1.0826928100918747 
126 134 0 0 14 23 12.649110640673518 16.0 1.084593383960383 
124 132 0 0 16 25 13.341664064126334 16.0 1.080110081668309 
122 130 0 0 15 22 13.341664064126334 16.0 1.0850613556630293 
120 129 0 0 16 25 13.341664064126334 16.0 1.0871582856267175 
118 128 0 0 17 26 14.0 16.0 1.0893569688232285 
116 127 0 0 18 27 14.0 16.0 1.0853389134834721 
114 125 0 0 18 25 14.0 15.033296378372908 1.0861317799903587 
112 124 0 0 18 25 15.033296378372908 15.033296378372908 1.0857080586900167 
110 123 0 0 18 24 15.033296378372908 15.033296378372908 1.0880369281878837 
108 122 0 0 18 25 15.033296378372908 15.033296378372908 1.087873579490253 
106 121 0 0 16 24 15.033296378372908 15.033296378372908 1.0859433764894506 
104 120 0 0 17 22 15.033296378372908 15.033296378372908 1.0818671648042486 
98 114 0 0 16 20 15.033296378372908 15.033296378372908 1.0891494152910843 
96 112 1 0 20 18 15.033296378372908 15.033296378372908 1.1017632840894613 
94 111 1 0 15 26 15.033296378372908 15.033296378372908 1.1029817528587083 
92 110 1 0 18 27 15.033296378372908 14.142135623730951 1.0970196875656733 
88 108 1 0 15 21 15.033296378372908 14.142135623730951 1.1059973801558507 
84 107 1 0 14 25 15.033296378372908 14.142135623730951 1.1112292051521844 
83 105 2 0 14 22 15.033296378372908 14.142135623730951 1.10674590286011 
81 103 2 0 13 19 15.033296378372908 14.142135623730951 1.1109004130912712 
80 102 2 0 12 22 14.142135623730951 14.142135623730951 1.1108102668558948 
79 101 2 0 11 22 14.0 14.142135623730951 1.108363663213557 
77 100 2 0 11 20 14.0 13.341664064126334 1.1150028390110216 
76 99 2 0 11 25 14.0 13.341664064126334 1.1266327617917997 
72 98 3 0 11 23 14.0 13.341664064126334 1.1263576658571357 
70 97 3 0 11 22 13.038404810405298 13.341664064126334 1.127445153351277 
68 96 3 0 11 22 12.165525060596439 13.341664064126334 1.1301285769192064 
67 95 3 0 11 24 11.045361017187261 13.341664064126334 1.1272029901285212 
66 93 3 0 10 23 11.045361017187261 13.341664064126334 1.132997861080595 
62 92 3 0 10 25 11.40175425099138 13.038404810405298 1.1331024030894166 
61 91 3 0 9 25 10.0 13.038404810405298 1.128549795591761 
59 90 3 0 9 21 10.0 13.038404810405298 1.1312060860567128 
58 89 3 0 9 23 9.055385138137417 13.038404810405298 1.140728038953742 
57 88 3 0 8 30 9.055385138137417 13.038404810405298 1.1307544190176941 
56 87 3 0 10 23 8.0 13.038404810405298 1.132524346690508 
52 85 3 0 7 23 11.40175425099138 13.038404810405298 1.1255119980740356 
51 83 3 0 9 19 8.602325267042627 13.038404810405298 1.107081645999291 
50 81 3 1 8 17 8.602325267042627 13.038404810405298 1.106839344801233 
49 80 3 1 8 17 8.602325267042627 13.038404810405298 1.1050152443052643 
48 79 4 2 7 18 8.602325267042627 13.038404810405298 1.1035268340094575 
47 78 4 2 6 17 8.602325267042627 13.038404810405298 1.1044697608133742 
46 76 4 2 7 19 8.602325267042627 13.038404810405298 1.1083563458126298 
45 75 4 2 7 22 8.602325267042627 13.038404810405298 1.1039339246163298 
43 74 4 2 6 18 8.602325267042627 13.038404810405298 1.1128347717003284 
42 73 5 2 10 17 8.602325267042627 13.038404810405298 1.131666424501379 
38 72 6 2 6 20 9.899494936611665 13.038404810405298 1.1317728922370869 
37 71 6 2 5 20 8.48528137423857 13.038404810405298 1.1317909636417403 
36 70 6 2 3 20 8.48528137423857 13.038404810405298 1.1118541298665359 
35 68 6 3 3 17 8.48528137423857 13.038404810405298 1.1117420149698334 
34 67 6 3 2 17 8.48528137423857 13.038404810405298 1.1113695274704196 
33 66 6 3 3 17 8.48528137423857 13.038404810405298 1.1114759952061275 
32 65 6 3 2 17 7.0710678118654755 13.038404810405298 1.1097272123076094 
31 64 6 3 3 16 7.0710678118654755 13.038404810405298 1.109833680043317 
30 63 6 3 2 16 5.656854249492381 13.038404810405298 1.1094611925439033 
29 62 6 3 3 16 5.656854249492381 13.038404810405298 1.1203892665337847 
28 61 7 3 2 16 5.656854249492381 13.038404810405298 1.1193318498537868 
27 60 7 3 1 16 7.211102550927978 12.165525060596439 1.1125266926145196 
26 58 7 3 0 13 7.211102550927978 10.770329614269007 1.0984473819107867 
26 57 7 4 1 14 5.656854249492381 10.770329614269007 1.0970473679460344 
25 56 7 4 1 13 4.242640687119285 10.770329614269007 1.109514697868489 
23 55 8 4 1 13 4.47213595499958 11.40175425099138 1.1093056910580772 
22 54 8 4 0 13 5.0990195135927845 11.40175425099138 1.0939092036411995 
22 53 8 5 1 13 3.1622776601683795 11.40175425099138 1.1048372776310809 
21 52 9 5 0 13 3.1622776601683795 11.40175425099138 1.1035400978272065 
21 51 9 5 1 13 1.4142135623730951 11.40175425099138 1 
