140 140 0 0 14 14 16.0 16.0 0.9818126680520848 
138 138 0 0 17 17 16.0 14.142135623730951 0.9897654765284967 
134 137 0 0 16 19 13.038404810405298 16.0 0.9900602583825608 
132 136 0 0 16 18 13.038404810405298 16.0 0.9928031135081348 
130 134 0 0 16 21 13.038404810405298 16.0 0.9961788698380099 
128 133 0 0 16 24 13.341664064126334 16.0 0.9960957501451452 
126 132 0 0 14 21 13.341664064126334 16.0 0.9950312970117654 
125 130 0 0 14 21 14.142135623730951 16.0 0.994720812185267 
123 128 0 0 15 21 14.142135623730951 16.0 0.9950319492666881 
121 126 0 0 15 21 14.142135623730951 16.0 0.9974466403054442 
120 124 0 0 14 24 14.142135623730951 16.0 0.9973951118619169 
119 122 0 0 14 24 13.038404810405298 16.0 0.9970682718080612 
117 121 0 0 15 23 13.038404810405298 16.0 0.998104375278875 
115 120 0 0 16 23 12.0 16.0 1.000865581442808 
111 119 0 0 19 25 12.0 16.0 1.014519610778759 
101 117 1 0 21 18 11.40175425099138 16.0 1.038188176754939 
91 116 2 0 21 21 11.045361017187261 16.0 1.0519806246592263 
83 114 2 0 15 26 11.045361017187261 16.0 1.0557534737702234 
79 113 2 0 14 26 10.770329614269007 16.0 1.0523379157205397 
78 109 2 0 12 23 10.770329614269007 16.0 1.0511767641390275 
77 108 2 0 12 21 10.198039027185569 16.0 1.0666247905922466 
75 107 3 0 14 25 10.198039027185569 16.0 1.0756209225542344 
71 106 3 0 13 32 10.770329614269007 16.0 1.069431122957225 
69 105 3 0 13 23 10.770329614269007 16.0 1.0705364774926733 
67 104 3 0 13 23 10.770329614269007 16.0 1.0725704377737502 
65 102 3 0 13 24 9.055385138137417 16.0 1.0740674904863212 
63 101 3 0 14 26 10.198039027185569 16.0 1.076416088837609 
61 100 3 0 12 26 10.198039027185569 16.0 1.074761561242087 
60 99 3 0 11 23 10.198039027185569 16.0 1.0755249550605237 
59 98 3 0 11 23 9.055385138137417 16.0 1.0753003842708837 
58 97 3 0 11 22 8.246211251235321 16.0 1.0816936027527695 
57 96 3 0 9 28 8.0 16.0 1.0818491712934801 
56 95 3 0 9 28 8.0 16.0 1.0811444296926958 
54 94 3 0 8 25 8.0 16.0 1.0780577075078697 
53 93 3 0 8 21 8.0 16.0 1.066399485128398 
51 92 3 1 8 21 8.0 16.0 1.076286565802667 
49 88 4 1 7 21 8.0 13.038404810405298 1.0736023436684503 
47 86 4 1 9 19 8.246211251235321 13.038404810405298 1.0894152556776928 
45 85 5 1 7 21 8.0 12.0 1.0965849597709627 
43 83 6 1 8 15 8.0 12.0 1.0986053940354326 
42 82 6 1 5 15 8.0 12.0 1.099382584484063 
41 81 6 1 4 15 8.0 12.0 1.1001597749326935 
40 80 6 1 3 15 8.0 12.0 1.098924279846464 
39 79 6 1 3 14 8.0 11.045361017187261 1.099573986175225 
38 78 6 1 3 14 7.0710678118654755 11.045361017187261 1.0861717603469885 
37 76 6 2 3 14 7.0710678118654755 11.045361017187261 1.0849114895257521 
36 74 6 2 4 14 7.0710678118654755 11.045361017187261 1.0868274167425847 
34 73 6 2 4 15 7.0710678118654755 11.045361017187261 1.0997592814258241 
33 72 7 2 2 14 7.0710678118654755 11.045361017187261 1.1022073546973337 
33 71 7 2 2 18 7.0710678118654755 11.045361017187261 1.0984795715743023 
32 70 7 2 1 15 10.0 10.198039027185569 1.097202945525709 
31 69 7 2 2 14 10.0 10.198039027185569 1.0991188727425416 
29 68 7 2 2 15 10.0 10.198039027185569 1.0974075043998939 
28 66 7 2 0 13 10.0 9.055385138137417 1.0967974070725246 
28 65 7 2 1 13 8.48528137423857 9.055385138137417 1.0996670479992376 
26 64 7 2 2 13 4.0 9.055385138137417 1.1010788086855863 
25 63 7 2 2 14 3.1622776601683795 9.055385138137417 1.1011592308569038 
24 62 7 2 1 14 4.47213595499958 9.055385138137417 1.113658424405688 
23 61 8 2 1 14 4.47213595499958 9.055385138137417 1.101338572419563 
22 60 8 3 0 14 5.0990195135927845 9.055385138137417 1.1009529668547646 
22 59 8 3 1 14 3.1622776601683795 9.055385138137417 1.1140737823114688 
21 58 9 3 0 14 3.1622776601683795 9.055385138137417 1.1127772384949983 
21 57 9 3 1 13 1.4142135623730951 9.055385138137417 1 
