140 140 0 0 14 14 16.0 16.0 1.0809333332863018 
138 139 0 0 17 17 16.0 14.142135623730951 1.089837699604091 
134 138 0 0 16 20 12.649110640673518 16.0 1.0864361060446615 
132 136 0 0 16 18 12.649110640673518 16.0 1.0885221043789326 
130 135 0 0 16 19 12.649110640673518 16.0 1.0905327833071878 
128 134 0 0 16 20 13.341664064126334 16.0 1.0954021740421314 
126 132 0 0 14 24 13.341664064126334 16.0 1.09453540860061 
124 131 0 0 16 23 14.0 16.0 1.10614671764633 
122 130 0 0 15 31 14.0 16.0 1.1067921331155455 
120 129 0 0 16 31 14.0 16.0 1.1020477300204987 
118 128 0 0 17 27 14.0 16.0 1.0971900954805949 
116 126 0 0 18 24 14.142135623730951 16.0 1.0935929552622872 
114 122 0 0 18 24 14.142135623730951 16.0 1.1002975750506885 
112 121 0 0 18 29 14.142135623730951 15.033296378372908 1.1035363355327623 
110 119 0 0 18 32 15.033296378372908 15.033296378372908 1.0937250546279997 
108 115 0 0 18 28 15.033296378372908 14.0 1.095713279632832 
106 113 0 0 18 30 15.033296378372908 14.0 1.0937569140439065 
104 112 0 0 18 28 15.033296378372908 14.0 1.0939843201186914 
100 111 0 0 18 26 15.033296378372908 14.0 1.0895193016956155 
98 110 0 0 16 22 15.033296378372908 14.0 1.087004166762749 
96 109 0 0 22 20 15.033296378372908 14.0 1.0902989950156254 
92 108 0 0 18 20 15.033296378372908 14.0 1.0936869514924923 
88 107 0 0 13 20 15.033296378372908 14.0 1.1086644509613879 
84 106 1 0 16 21 15.033296378372908 14.0 1.124314109834855 
80 105 2 0 13 22 15.033296378372908 14.142135623730951 1.1201192641707922 
79 103 2 0 11 20 14.0 14.142135623730951 1.1183253391670873 
78 102 2 0 12 19 14.0 14.142135623730951 1.1190753339742363 
76 101 2 0 13 19 13.038404810405298 14.142135623730951 1.1213493915256199 
74 100 2 0 12 20 12.165525060596439 14.142135623730951 1.1256191615236015 
70 99 2 0 12 21 12.165525060596439 14.142135623730951 1.1264407699476475 
68 98 2 0 12 21 11.40175425099138 14.142135623730951 1.1326788358900373 
66 96 3 0 12 18 11.40175425099138 14.142135623730951 1.1503643773108254 
64 95 3 0 12 31 10.770329614269007 13.341664064126334 1.1314358377182174 
62 91 3 0 21 21 10.295630140987 12.0 1.144133927421014 
56 89 4 0 13 19 10.295630140987 12.0 1.1462520773350269 
54 88 4 0 13 20 10.0 12.0 1.1471878080144495 
52 87 4 0 11 20 9.899494936611665 12.0 1.147740095259675 
50 86 4 0 13 20 9.899494936611665 12.0 1.1526141311000673 
48 85 4 0 12 23 9.899494936611665 12.0 1.1699906085425424 
44 84 5 0 10 26 9.899494936611665 11.045361017187261 1.1665835987261781 
42 82 5 0 8 24 11.661903789690601 11.045361017187261 1.1641158164833676 
41 81 5 0 8 22 6.324555320336759 11.045361017187261 1.1664527385214005 
40 79 5 0 7 25 6.324555320336759 11.045361017187261 1.1674468510238165 
39 78 5 0 7 26 6.324555320336759 11.045361017187261 1.16270244792877 
37 77 5 0 8 22 6.324555320336759 11.045361017187261 1.158208968537485 
36 75 5 0 8 20 6.324555320336759 11.045361017187261 1.1646860278281534 
35 74 5 0 7 25 6.324555320336759 11.045361017187261 1.1750642310231783 
33 73 6 0 7 24 6.324555320336759 11.045361017187261 1.1843167471844847 
31 71 7 0 5 23 5.0990195135927845 11.045361017187261 1.1758740320939933 
30 69 7 0 4 18 5.0990195135927845 11.045361017187261 1.1879483869632843 
29 68 8 0 3 19 5.0990195135927845 11.045361017187261 1.1734457167079515 
28 67 8 1 3 19 5.0990195135927845 11.045361017187261 1.175230849656713 
27 66 8 1 3 21 4.0 10.198039027185569 1.1717279022482352 
25 65 8 1 3 18 5.830951894845301 10.198039027185569 1.1715608165575664 
24 64 8 1 1 18 5.830951894845301 10.198039027185569 1.1571081524884368 
23 62 8 2 1 19 4.47213595499958 10.198039027185569 1.1555498107820645 
22 61 8 2 1 18 3.1622776601683795 10.198039027185569 1.1662767110102905 
21 60 9 2 0 18 3.1622776601683795 10.198039027185569 1.1662759220822057 
21 59 9 2 1 19 1.4142135623730951 10.198039027185569 1 
