140 140 0 0 14 14 16.0 16.0 1.0238905362390471 
138 138 0 0 17 17 16.0 14.142135623730951 1.0357927510322003 
134 137 0 0 16 20 13.038404810405298 16.0 1.0372587919022884 
132 135 0 0 16 21 13.038404810405298 16.0 1.0486859652157576 
130 133 0 0 16 29 13.038404810405298 16.0 1.0473744094782964 
128 132 0 0 16 27 13.038404810405298 16.0 1.0481051996846873 
126 131 0 0 14 26 13.038404810405298 16.0 1.047273425737797 
124 130 0 0 16 25 14.0 16.0 1.0491175713529861 
122 129 0 0 15 25 14.0 16.0 1.0517654088652892 
120 128 0 0 16 26 14.0 16.0 1.0515672085366259 
118 127 0 0 17 25 14.0 16.0 1.054215046048929 
116 126 0 0 18 26 14.0 16.0 1.0528350490780511 
114 124 0 0 18 25 14.0 16.0 1.0543695311815557 
112 123 0 0 18 25 14.0 16.0 1.0559040132850601 
110 122 0 0 18 25 14.0 16.0 1.055967598561116 
108 121 0 0 18 24 14.142135623730951 16.0 1.0589250995851036 
106 120 0 0 18 25 14.142135623730951 16.0 1.060391140455192 
104 118 0 0 18 26 14.142135623730951 16.0 1.0506888329558737 
100 112 0 0 17 21 14.142135623730951 16.0 1.0525329785710629 
98 111 0 0 16 21 14.142135623730951 16.0 1.068737870639366 
94 110 1 0 15 21 14.142135623730951 16.0 1.069962689231186 
92 109 1 0 16 21 14.142135623730951 16.0 1.0825671987295633 
88 108 1 0 13 26 14.142135623730951 16.0 1.077185734207668 
87 106 1 0 12 23 14.0 16.0 1.0742927661080883 
86 104 1 0 12 22 14.0 16.0 1.0743500346525514 
84 102 1 0 13 22 13.038404810405298 16.0 1.074461497835573 
82 101 1 0 13 21 13.038404810405298 16.0 1.0762900065480072 
80 100 1 0 13 21 12.165525060596439 16.0 1.0819113964352964 
76 99 1 0 15 22 11.40175425099138 16.0 1.0899371856605402 
72 98 1 0 13 24 11.40175425099138 16.0 1.0919040723334161 
71 97 1 0 12 25 10.770329614269007 16.0 1.0877792045608001 
70 96 1 0 13 22 9.486832980505138 16.0 1.0875810042321372 
68 95 1 0 14 21 9.486832980505138 16.0 1.0889426277504934 
66 94 1 0 14 21 10.0 16.0 1.0939424747183333 
64 93 1 0 12 23 10.0 16.0 1.0956966681253035 
63 92 1 0 11 24 10.0 16.0 1.0957181791001063 
62 91 1 0 11 24 10.0 16.0 1.0948957331361284 
61 90 1 1 10 33 10.0 16.0 1.0834434805372468 
60 89 2 2 11 27 10.0 16.0 1.0795055982622852 
59 88 2 2 10 24 10.0 16.0 1.0920652210498156 
57 87 3 2 11 24 10.0 16.0 1.100714797755735 
55 86 3 2 11 29 10.0 16.0 1.096866867688992 
53 85 3 2 10 25 10.0 16.0 1.099734416504761 
52 84 3 2 10 27 10.0 16.0 1.0997559274795636 
51 83 3 2 10 27 10.0 16.0 1.0842388161706658 
50 79 3 2 10 21 10.0 13.341664064126334 1.083788150938996 
49 78 3 2 10 21 11.40175425099138 13.341664064126334 1.0936530059556095 
48 76 4 2 10 21 11.40175425099138 13.341664064126334 1.090828479089446 
47 75 4 2 10 19 11.40175425099138 13.341664064126334 1.0963005022637584 
45 74 4 2 8 21 10.0 13.341664064126334 1.0935055397890046 
44 73 4 2 9 20 9.899494936611665 12.165525060596439 1.0985427182787948 
43 72 4 2 8 23 8.602325267042627 12.165525060596439 1.0928721535716655 
42 71 4 2 8 19 8.602325267042627 12.165525060596439 1.0935524174116036 
41 70 4 2 6 19 8.48528137423857 12.165525060596439 1.0918412459542388 
40 69 4 2 7 18 8.48528137423857 12.165525060596439 1.102174157924172 
38 68 5 2 6 16 8.48528137423857 12.165525060596439 1.1025053324106593 
37 67 5 2 5 16 8.48528137423857 12.165525060596439 1.105072734842783 
36 66 5 2 4 18 10.295630140987 12.165525060596439 1.111814983310441 
34 65 6 2 10 15 10.295630140987 12.165525060596439 1.0993498467702802 
32 64 6 3 7 14 8.94427190999916 12.165525060596439 1.099200378862505 
31 63 6 3 6 14 7.211102550927978 11.045361017187261 1.1126495560865548 
29 61 7 3 5 15 7.211102550927978 11.40175425099138 1.1121706598297678 
28 60 7 3 5 14 4.47213595499958 11.40175425099138 1.1121921708045703 
27 59 7 3 5 14 4.47213595499958 11.40175425099138 1.1284368697599019 
26 58 8 3 3 17 4.47213595499958 11.40175425099138 1.1245762921943172 
25 57 8 3 2 14 4.242640687119285 11.40175425099138 1.1242061807364125 
24 56 8 3 1 14 6.324555320336759 11.40175425099138 1.125650710631698 
23 55 8 3 1 15 6.324555320336759 11.40175425099138 1.1358252291599962 
22 53 9 3 0 15 6.324555320336759 11.40175425099138 1.119749513633714 
22 51 9 4 1 15 2.8284271247461903 11.40175425099138 1 
