140 140 0 0 14 14 16.0 16.0 1.121235397715432 
138 139 0 0 17 19 16.0 14.142135623730951 1.1282006218762572 
134 137 0 0 16 22 12.165525060596439 16.0 1.1312624135095528 
132 136 0 0 21 23 12.649110640673518 16.0 1.1413502561267044 
128 134 0 0 22 29 12.649110640673518 16.0 1.1366962124091193 
124 133 0 0 22 24 13.038404810405298 16.0 1.1310023380280285 
120 131 0 0 22 20 13.038404810405298 15.033296378372908 1.1341122348879253 
116 130 0 0 24 20 15.033296378372908 15.033296378372908 1.1395772361624152 
110 129 0 0 20 21 15.033296378372908 15.033296378372908 1.1517960450304987 
109 127 1 0 18 24 15.033296378372908 15.033296378372908 1.149442551710313 
105 126 1 0 15 21 15.033296378372908 15.033296378372908 1.154592678288406 
103 125 1 0 16 24 15.033296378372908 15.033296378372908 1.1765060292572749 
99 124 2 0 16 30 13.038404810405298 15.033296378372908 1.1891925950008224 
98 123 2 0 23 38 14.0 15.033296378372908 1.1886224646646188 
90 122 2 0 15 34 14.0 15.033296378372908 1.2102332368557618 
89 121 3 0 15 42 14.0 15.033296378372908 1.195020220575339 
88 120 3 0 22 31 14.142135623730951 15.033296378372908 1.200040984091779 
78 118 3 0 14 31 14.142135623730951 14.142135623730951 1.19910504105534 
76 117 3 0 14 30 14.0 14.142135623730951 1.202881543256427 
75 116 4 0 13 26 14.0 14.142135623730951 1.2225041421713374 
73 115 4 0 13 39 14.0 14.142135623730951 1.2258007341068164 
72 113 4 0 18 42 14.0 14.142135623730951 1.1959170360384637 
64 111 4 0 11 19 14.0 14.142135623730951 1.2017441962825504 
62 109 4 0 9 24 13.038404810405298 14.142135623730951 1.2110608373576308 
60 107 5 0 9 24 13.038404810405298 14.142135623730951 1.2063215582185283 
59 106 5 0 10 21 13.038404810405298 14.142135623730951 1.203050767367011 
58 105 5 0 11 19 13.038404810405298 14.142135623730951 1.2060951740404167 
56 104 5 0 9 21 13.038404810405298 14.142135623730951 1.2101686305919195 
55 103 5 0 10 24 12.165525060596439 14.142135623730951 1.2159110634747274 
53 101 6 0 7 22 12.165525060596439 14.142135623730951 1.2270290065879772 
52 100 7 0 6 23 12.649110640673518 14.142135623730951 1.2308908273827006 
51 99 7 0 6 26 11.40175425099138 14.142135623730951 1.2276200365311833 
50 98 7 0 7 24 11.40175425099138 14.142135623730951 1.2367508068939637 
48 97 7 0 6 30 11.40175425099138 14.142135623730951 1.2362070725335146 
47 96 7 0 6 30 10.198039027185569 14.142135623730951 1.2371293360057187 
46 95 7 0 6 31 10.198039027185569 14.142135623730951 1.230090311908548 
45 94 7 0 10 26 10.198039027185569 14.142135623730951 1.226744383457527 
39 93 7 0 6 21 10.198039027185569 14.142135623730951 1.2335429642007187 
38 92 7 0 6 26 9.055385138137417 14.142135623730951 1.2350750661061665 
36 88 7 0 6 30 9.055385138137417 14.142135623730951 1.2303374611264146 
35 87 7 0 7 27 8.246211251235321 14.142135623730951 1.2231607894187766 
33 85 7 0 6 23 7.211102550927978 14.142135623730951 1.2284903519964867 
32 84 7 0 6 27 6.324555320336759 14.142135623730951 1.2275579474918328 
30 83 7 0 6 26 4.47213595499958 14.142135623730951 1.2198792406267718 
29 82 7 0 7 21 5.656854249492381 14.142135623730951 1.2199381600918815 
27 80 7 0 5 23 3.1622776601683795 12.649110640673518 1.229830313348166 
25 79 8 0 7 22 5.830951894845301 12.649110640673518 1.2386714567419688 
23 78 9 0 4 21 3.1622776601683795 12.649110640673518 1.2364450238278883 
22 77 9 0 3 20 2.8284271247461903 12.649110640673518 1 
