140 140 0 0 14 14 16.0 16.0 1.0886002243631634 
138 139 0 0 17 19 16.0 14.142135623730951 1.092729732637073 
134 137 0 0 16 19 12.0 16.0 1.1000515579208046 
132 136 0 0 16 24 13.038404810405298 16.0 1.100608895498186 
130 134 0 0 16 25 13.038404810405298 16.0 1.0932935102174344 
128 133 0 0 16 19 13.038404810405298 16.0 1.0944187671102128 
126 132 0 0 14 19 13.038404810405298 16.0 1.097330848768668 
124 131 0 0 16 21 14.142135623730951 16.0 1.0960475790536406 
122 130 0 0 15 20 14.142135623730951 15.033296378372908 1.0914111228599994 
120 128 0 0 16 18 15.033296378372908 14.142135623730951 1.0933506552232983 
118 127 0 0 17 19 15.033296378372908 14.142135623730951 1.0977728149524046 
116 125 0 0 18 23 15.033296378372908 14.142135623730951 1.09294005703746 
114 123 0 0 18 20 15.033296378372908 14.142135623730951 1.0950573388682794 
112 122 0 0 18 21 15.033296378372908 14.142135623730951 1.109302335556833 
110 121 0 0 18 31 15.033296378372908 14.142135623730951 1.1006394264029997 
108 120 0 0 18 24 15.033296378372908 14.142135623730951 1.0994243993465875 
106 116 0 0 18 26 15.033296378372908 14.142135623730951 1.0961515856850808 
104 115 0 0 18 23 15.033296378372908 14.142135623730951 1.1026669380701857 
102 114 0 0 16 27 15.033296378372908 14.142135623730951 1.0978590044681296 
98 113 0 0 15 21 15.033296378372908 14.142135623730951 1.0897979504044606 
96 111 0 0 18 16 15.033296378372908 14.142135623730951 1.0988207544682613 
92 110 0 0 15 20 15.033296378372908 14.142135623730951 1.1165010773022572 
91 109 1 0 14 25 15.033296378372908 14.142135623730951 1.134803156239333 
87 108 2 0 14 28 15.033296378372908 14.142135623730951 1.1342253903239894 
85 107 2 0 14 27 15.033296378372908 14.142135623730951 1.135509888289048 
83 106 2 0 12 27 14.142135623730951 14.142135623730951 1.1325974968625554 
82 105 2 0 11 25 14.142135623730951 14.142135623730951 1.1318419814796912 
80 104 2 0 12 24 14.142135623730951 14.142135623730951 1.1273696457997606 
79 102 2 0 11 22 14.142135623730951 14.142135623730951 1.128347474668946 
78 101 2 0 11 23 14.0 14.142135623730951 1.1263815914666162 
76 99 2 0 11 22 13.038404810405298 14.142135623730951 1.1273073238729676 
74 98 2 0 11 22 12.165525060596439 14.142135623730951 1.1291071438209468 
70 97 2 0 10 21 12.165525060596439 14.0 1.1327084273511705 
68 96 2 0 10 23 11.40175425099138 14.0 1.1506451607532584 
62 95 3 0 10 24 11.40175425099138 14.0 1.1498247248573494 
60 94 3 0 12 23 10.770329614269007 14.0 1.150634789115228 
56 92 3 0 9 22 10.295630140987 14.0 1.1475099773083792 
55 90 3 0 8 21 10.295630140987 14.0 1.1569274074363651 
54 89 4 0 8 20 10.295630140987 14.0 1.1580575876291173 
53 88 4 0 7 21 10.295630140987 14.0 1.1699873927357727 
51 87 5 0 7 21 10.295630140987 14.0 1.1697700490554428 
50 86 5 0 6 21 10.295630140987 14.0 1.1831509705544807 
46 85 6 0 6 21 10.295630140987 13.038404810405298 1.1831701771047574 
44 84 6 0 4 20 8.94427190999916 13.038404810405298 1.1841226078299891 
43 83 6 0 4 21 8.94427190999916 13.038404810405298 1.1864225624283022 
42 82 6 0 4 23 8.94427190999916 13.038404810405298 1.1831200011539331 
41 80 6 0 4 22 8.94427190999916 13.038404810405298 1.1835413213163348 
39 79 6 0 5 22 9.899494936611665 13.038404810405298 1.180416509509486 
38 77 6 0 4 21 9.899494936611665 13.038404810405298 1.180021416361636 
37 76 6 0 4 21 9.899494936611665 13.038404810405298 1.190964119830224 
36 75 7 0 3 21 9.899494936611665 13.038404810405298 1.1897714979738363 
35 74 7 0 3 21 9.899494936611665 12.165525060596439 1.1886785662662802 
34 73 7 0 3 21 9.899494936611665 11.40175425099138 1.191926877080959 
33 72 7 0 2 24 9.899494936611665 10.770329614269007 1.187099042465988 
32 70 7 0 3 22 9.899494936611665 10.770329614269007 1.1867442340562837 
31 68 7 0 3 23 8.48528137423857 10.770329614269007 1.191122842427163 
29 67 7 0 3 26 8.48528137423857 10.295630140987 1.1826828907789693 
28 65 7 0 3 21 7.0710678118654755 10.295630140987 1.185235550495784 
27 64 7 0 3 23 5.656854249492381 10.295630140987 1.1810505908471913 
26 63 7 0 3 20 4.242640687119285 10.295630140987 1.181010996634382 
25 62 7 0 1 20 4.242640687119285 10.295630140987 1.16498030343604 
24 60 7 1 1 20 4.47213595499958 10.295630140987 1.157455618035795 
23 58 8 2 1 18 4.47213595499958 10.295630140987 1.1528712648443826 
22 56 8 2 0 16 5.0990195135927845 10.295630140987 1.1541746943086861 
22 55 8 2 1 18 3.1622776601683795 10.295630140987 1.1608624057776735 
21 53 9 2 0 16 3.1622776601683795 10.295630140987 1.1567420250152824 
21 52 9 2 1 14 1.4142135623730951 10.295630140987 1 
