140 140 0 0 14 14 16.0 16.0 0.9830063932126605 
138 139 0 0 17 19 16.0 14.142135623730951 0.9942899735272637 
134 138 0 0 16 22 12.0 16.0 0.9957003354091275 
132 137 0 0 16 22 12.165525060596439 16.0 0.998032949489834 
130 136 0 0 16 23 12.649110640673518 16.0 0.9984931832851697 
128 134 0 0 16 23 12.649110640673518 16.0 1.0008594647638824 
126 133 0 0 14 23 13.038404810405298 16.0 1.0023708780972247 
124 132 0 0 16 24 13.038404810405298 16.0 1.0033158694574866 
122 131 0 0 15 23 13.038404810405298 16.0 1.010799113888694 
120 130 0 0 16 29 13.038404810405298 16.0 1.0107233740175399 
118 128 0 0 17 29 13.038404810405298 16.0 1.0105964180448221 
116 127 0 0 18 28 13.038404810405298 16.0 1.007743921279769 
114 126 0 0 18 24 13.038404810405298 16.0 1.0092913265613799 
112 124 0 0 18 25 13.038404810405298 16.0 1.008970974361085 
108 123 0 0 18 21 13.038404810405298 16.0 1.0086346692856725 
107 122 0 0 15 19 13.038404810405298 16.0 1.0139072429521285 
105 121 0 0 15 23 14.142135623730951 16.0 1.014331484799196 
103 120 0 0 17 23 14.142135623730951 16.0 1.0136381068533977 
101 119 0 0 15 20 14.142135623730951 16.0 1.0220143978214806 
100 118 0 0 14 27 14.142135623730951 16.0 1.0224386396685479 
98 117 0 0 16 27 14.142135623730951 16.0 1.0275541448996284 
94 116 0 0 16 28 14.142135623730951 16.0 1.0288569378520986 
90 115 0 0 15 25 14.142135623730951 16.0 1.0390975580590025 
88 114 1 0 17 23 14.142135623730951 16.0 1.0449272090308543 
86 113 1 0 15 26 14.142135623730951 16.0 1.0403965950368554 
82 109 1 0 13 20 14.142135623730951 16.0 1.043337028573563 
81 108 1 0 12 22 14.142135623730951 16.0 1.0644341394899222 
79 107 2 0 12 29 14.142135623730951 16.0 1.0590249743905202 
77 103 2 0 13 26 14.142135623730951 16.0 1.057616721982128 
76 102 2 0 12 24 14.142135623730951 16.0 1.0687503887259076 
75 101 3 0 12 23 14.142135623730951 16.0 1.0683342254412778 
74 100 3 0 12 23 14.0 15.033296378372908 1.0698304146213247 
72 99 3 0 12 23 14.0 15.033296378372908 1.0711614887230065 
70 98 3 0 12 23 13.038404810405298 14.142135623730951 1.076371793981808 
68 97 3 0 12 26 12.165525060596439 14.142135623730951 1.0767808116755802 
66 96 3 0 12 25 12.165525060596439 14.142135623730951 1.082098947629827 
60 95 3 0 11 23 11.40175425099138 14.142135623730951 1.085917982404152 
59 94 3 0 11 26 10.770329614269007 14.142135623730951 1.0879007835987002 
58 93 3 0 11 27 9.486832980505138 14.142135623730951 1.1006735483703627 
54 92 4 0 13 25 9.486832980505138 14.142135623730951 1.104290592634295 
50 91 4 0 12 25 11.313708498984761 14.142135623730951 1.1075399072762517 
48 90 4 0 10 25 10.0 14.142135623730951 1.1084848986365137 
46 89 4 0 9 24 10.0 14.142135623730951 1.1206905127132727 
45 88 5 0 7 23 10.0 14.142135623730951 1.1216301213745972 
44 87 5 0 5 22 8.602325267042627 14.142135623730951 1.11642438084089 
43 86 5 0 5 17 8.602325267042627 14.142135623730951 1.121182084479762 
41 85 5 0 5 20 8.602325267042627 14.142135623730951 1.1205399226355273 
39 83 5 0 3 18 8.602325267042627 14.142135623730951 1.107560472493408 
38 82 5 1 3 18 8.602325267042627 14.142135623730951 1.1067546340063645 
37 80 5 1 3 18 8.602325267042627 14.142135623730951 1.1222369866952444 
36 79 6 1 3 21 8.602325267042627 14.142135623730951 1.1203691553067454 
35 78 6 1 2 20 10.0 13.038404810405298 1.135192668620472 
33 77 7 1 3 21 8.48528137423857 13.038404810405298 1.1327484608273686 
32 75 7 1 2 19 8.48528137423857 13.038404810405298 1.1324426040585467 
31 74 7 1 3 19 8.48528137423857 13.038404810405298 1.1355803554839834 
30 73 7 1 3 21 7.0710678118654755 13.038404810405298 1.1395360790556694 
26 72 7 1 3 21 7.211102550927978 13.038404810405298 1.1518974931301842 
25 71 8 1 1 20 5.656854249492381 12.165525060596439 1.1528609015830713 
24 70 8 1 1 20 4.242640687119285 12.165525060596439 1.1527371385496832 
23 69 8 1 1 19 2.8284271247461903 12.165525060596439 1.140490979962783 
22 68 8 2 1 19 1.4142135623730951 12.165525060596439 1.14887357422112 
21 67 9 2 0 17 5.656854249492381 12.165525060596439 1.1463287866828393 
21 65 9 2 0 16 4.47213595499958 12.165525060596439 1.1487991555352834 
21 64 9 2 0 19 4.0 12.165525060596439 1.1464312188859667 
21 63 9 2 0 18 4.47213595499958 12.165525060596439 1.14021584299123 
21 59 9 2 0 18 4.0 9.055385138137417 1 
