140 140 0 0 14 14 16.0 16.0 0.9873210978066003 
138 138 0 0 17 17 16.0 14.142135623730951 0.9928390635270434 
134 137 0 0 16 15 13.341664064126334 16.0 0.9941487460404725 
132 135 0 0 16 16 14.142135623730951 16.0 0.9997096991096512 
130 133 0 0 16 20 14.142135623730951 16.0 1.0006076242589563 
128 132 0 0 16 20 14.142135623730951 15.033296378372908 1.0054008293191246 
126 131 0 0 14 22 15.033296378372908 15.033296378372908 1.008707580085301 
124 129 0 0 16 25 15.033296378372908 15.033296378372908 1.0083448474786485 
122 127 0 0 15 24 15.033296378372908 15.033296378372908 1.010849044721197 
120 126 0 0 16 25 15.033296378372908 15.033296378372908 1.0095073582397458 
118 125 0 0 17 23 15.033296378372908 15.033296378372908 1.0094476329996278 
116 124 0 0 18 22 15.033296378372908 15.033296378372908 1.0073168186208075 
114 122 0 0 18 20 15.033296378372908 15.033296378372908 1.012871058876857 
112 121 0 0 18 23 15.033296378372908 15.033296378372908 1.014579415408907 
110 120 0 0 18 23 15.033296378372908 15.033296378372908 1.0137305622714197 
108 118 0 0 18 22 15.033296378372908 15.033296378372908 1.0302814117246806 
100 114 1 0 17 20 15.033296378372908 15.033296378372908 1.0307078070153974 
98 113 1 0 17 19 15.033296378372908 15.033296378372908 1.031134202306114 
96 112 1 0 17 18 15.033296378372908 15.033296378372908 1.036805117673216 
92 110 1 0 15 19 15.033296378372908 15.033296378372908 1.037021671725139 
91 109 1 0 15 19 15.033296378372908 15.033296378372908 1.042613088924276 
89 108 1 0 16 22 14.0 15.033296378372908 1.0448084309371446 
87 107 1 0 16 22 13.038404810405298 15.033296378372908 1.0565114975511425 
85 106 1 0 15 30 13.038404810405298 14.142135623730951 1.0568938291861605 
83 105 1 0 16 29 12.165525060596439 14.142135623730951 1.0577070247635008 
81 104 1 0 16 28 11.40175425099138 14.142135623730951 1.045653721629946 
79 100 1 0 16 20 10.770329614269007 14.142135623730951 1.0460602247369526 
77 99 1 0 14 18 10.198039027185569 14.142135623730951 1.066017136997238 
71 98 2 0 13 18 10.198039027185569 14.142135623730951 1.055438657144093 
67 97 2 1 14 17 10.198039027185569 14.142135623730951 1.0575096511921855 
65 96 2 1 12 17 11.40175425099138 14.142135623730951 1.0587386000065302 
63 94 2 1 13 18 11.40175425099138 14.142135623730951 1.0733143018180125 
62 93 3 1 13 20 11.40175425099138 14.142135623730951 1.0790525638289301 
58 92 3 1 12 20 10.295630140987 14.142135623730951 1.082529002133148 
56 91 3 1 11 21 10.295630140987 14.142135623730951 1.0870775604399052 
55 90 3 1 10 24 10.295630140987 14.142135623730951 1.0842523407217213 
54 80 4 1 9 21 10.295630140987 14.142135623730951 1.0903925804494756 
53 79 4 1 10 26 10.295630140987 14.142135623730951 1.0971101978188413 
49 78 5 1 9 18 10.295630140987 14.142135623730951 1.0954587911577265 
47 77 5 1 8 15 10.295630140987 14.142135623730951 1.1001240697557593 
43 76 5 1 11 16 10.0 14.142135623730951 1.1015227061081454 
41 75 5 1 9 15 10.0 14.142135623730951 1.1115900033136226 
40 74 6 1 13 15 10.0 14.142135623730951 1.1172514187572598 
36 73 6 1 7 14 11.313708498984761 14.142135623730951 1.1184402138708518 
35 72 6 1 5 14 11.313708498984761 14.142135623730951 1.1196624498720673 
33 71 6 1 6 14 11.313708498984761 14.142135623730951 1.1199399513997699 
32 70 7 2 5 15 11.313708498984761 14.142135623730951 1.1217987612431077 
30 69 7 2 5 14 8.48528137423857 14.142135623730951 1.132800550427003 
28 67 8 2 3 13 10.295630140987 14.142135623730951 1.1339893455405952 
27 66 8 2 1 13 10.295630140987 14.142135623730951 1.1348902747277076 
26 65 8 2 1 13 8.94427190999916 14.142135623730951 1.1348543196233936 
25 64 8 2 1 13 7.615773105863909 13.038404810405298 1.1350708736753166 
24 63 8 2 1 13 7.615773105863909 13.038404810405298 1.134172311060837 
23 62 8 2 0 12 8.246211251235321 13.038404810405298 1.1339378448043251 
23 61 8 2 0 12 4.47213595499958 12.0 1.1322085905124084 
23 60 8 2 1 12 2.8284271247461903 11.045361017187261 1.1331413518406421 
22 59 8 2 1 12 1.4142135623730951 11.045361017187261 1.1463437722138008 
21 57 9 2 0 15 5.0990195135927845 11.045361017187261 1.1278250263115654 
21 55 9 3 1 12 1.4142135623730951 11.045361017187261 1 
