140 140 0 0 14 14 16.0 16.0 0.987390115696394 
138 139 0 0 17 17 16.0 14.142135623730951 0.9943761250004434 
134 135 0 0 16 19 12.165525060596439 16.0 0.993874469951452 
132 133 0 0 16 19 14.0 16.0 0.9954199240277196 
130 132 0 0 16 19 14.0 16.0 0.9969653781039872 
128 131 0 0 16 19 14.0 16.0 0.9999109753557422 
126 130 0 0 14 20 14.0 15.033296378372908 1.0045539654082094 
124 129 0 0 16 24 15.033296378372908 15.033296378372908 1.0089266410497366 
122 127 0 0 15 27 15.033296378372908 15.033296378372908 1.0088278301621572 
120 125 0 0 16 27 15.033296378372908 15.033296378372908 1.0087146834332172 
118 124 0 0 17 26 15.033296378372908 15.033296378372908 1.0086158725456378 
116 122 0 0 18 26 15.033296378372908 15.033296378372908 1.006712807707192 
114 120 0 0 18 24 15.033296378372908 15.033296378372908 1.0077539458969433 
112 119 0 0 19 24 15.033296378372908 15.033296378372908 1.0104536848919021 
110 118 0 0 19 25 15.033296378372908 15.033296378372908 1.0119991389681697 
108 117 0 0 19 25 15.033296378372908 15.033296378372908 1.011236023207055 
106 116 0 0 19 23 15.033296378372908 15.033296378372908 1.0139357622020138 
104 115 0 0 19 24 15.033296378372908 15.033296378372908 1.0166355011969725 
102 114 0 0 19 25 15.033296378372908 15.033296378372908 1.0134181624528167 
100 113 0 0 17 20 15.033296378372908 15.033296378372908 1.0230579468012835 
98 111 0 0 17 28 15.033296378372908 15.033296378372908 1.0199862612027861 
96 110 0 0 17 24 15.033296378372908 15.033296378372908 1.0198731144738462 
94 109 0 0 18 23 15.033296378372908 15.033296378372908 1.0215274070199014 
90 105 0 0 17 24 15.033296378372908 14.0 1.043995204188423 
89 104 1 0 17 33 15.033296378372908 14.0 1.0495078289072808 
87 103 1 0 16 36 15.033296378372908 14.0 1.059716259374222 
81 102 2 0 17 29 15.033296378372908 14.0 1.0575075524030986 
79 101 2 0 13 24 15.033296378372908 14.0 1.053785897772426 
77 100 2 0 12 19 15.033296378372908 14.0 1.0517371797883217 
75 98 2 0 10 16 15.033296378372908 14.0 1.0535349021215645 
74 97 2 0 10 17 14.142135623730951 14.0 1.054962226550174 
73 96 2 0 10 18 14.0 14.0 1.056983195837657 
71 95 2 0 10 18 13.038404810405298 14.0 1.0719362485496637 
67 94 3 0 10 17 13.038404810405298 14.0 1.0734817026259316 
65 93 3 0 10 17 13.038404810405298 14.0 1.0954451839079369 
64 92 4 0 11 26 13.038404810405298 14.0 1.0891966352444196 
62 91 4 0 9 18 12.165525060596439 14.0 1.1046742773997145 
52 90 4 0 8 20 11.40175425099138 14.0 1.0892809213402272 
51 78 5 1 8 20 11.40175425099138 12.0 1.090668544435137 
50 77 5 1 6 20 11.045361017187261 12.0 1.093696804741586 
49 76 5 1 6 22 10.0 12.0 1.0944038731275707 
48 75 5 1 5 22 10.0 12.0 1.0939194590346624 
47 74 5 1 5 21 9.055385138137417 12.0 1.0931191304035188 
46 73 5 1 4 20 8.246211251235321 11.045361017187261 1.1030418712403454 
45 72 5 1 4 29 8.246211251235321 10.198039027185569 1.106707478495888 
44 71 5 1 4 32 8.246211251235321 10.198039027185569 1.0988302365645173 
43 70 5 1 4 25 8.246211251235321 10.198039027185569 1.0979700438535718 
42 68 5 1 4 25 8.246211251235321 10.295630140987 1.1112035616725635 
41 67 6 1 4 26 8.246211251235321 10.295630140987 1.105515363233855 
40 65 6 1 3 22 8.246211251235321 9.486832980505138 1.1068724006520145 
39 64 6 1 3 23 8.246211251235321 9.486832980505138 1.1101975757622407 
38 63 6 1 3 26 8.246211251235321 9.055385138137417 1.0949326699908049 
36 62 6 2 4 23 7.211102550927978 9.055385138137417 1.0934768216850657 
35 61 6 2 5 22 7.211102550927978 9.055385138137417 1.088942610910616 
34 59 6 2 4 19 7.211102550927978 8.246211251235321 1.091956490784563 
33 57 6 2 4 22 5.830951894845301 8.0 1.0872532668002757 
32 55 6 2 4 19 5.830951894845301 7.615773105863909 1.089189138519812 
31 54 6 2 2 20 5.830951894845301 7.0710678118654755 1.0889238854537626 
30 52 6 2 2 20 4.47213595499958 7.0710678118654755 1.085708840906219 
30 51 6 2 2 18 4.0 7.0710678118654755 1.0686717902884497 
30 50 6 3 2 16 4.47213595499958 7.0710678118654755 1.0666110306595975 
30 49 6 3 2 15 4.0 7.0710678118654755 1.0687004619711709 
30 48 6 3 2 18 4.47213595499958 7.0710678118654755 1.0712568420170836 
30 47 6 3 2 21 4.0 7.0710678118654755 1.0710377034912744 
30 46 6 3 2 22 4.47213595499958 7.0710678118654755 1.0666683740250393 
30 45 6 3 2 19 4.0 7.0710678118654755 1.0439029063378957 
30 41 6 4 2 15 4.47213595499958 7.0710678118654755 1.0244782095304055 
30 37 6 5 2 14 4.0 6.324555320336759 1.023104786085905 
30 36 6 5 2 14 4.47213595499958 6.324555320336759 1.0177684526324393 
30 35 6 5 2 11 4.0 5.0990195135927845 1.0140864593505563 
30 34 6 5 2 9 4.47213595499958 5.0990195135927845 1.016642839396469 
30 33 6 5 2 12 4.0 5.0990195135927845 0.9984658397013697 
30 31 6 6 2 10 4.47213595499958 5.0990195135927845 0.9975593649912086 
30 30 6 6 2 10 4.0 5.0990195135927845 0.9782280803774175 
30 28 6 7 2 7 4.47213595499958 5.0990195135927845 0.9773216056672566 
30 27 6 7 2 7 4.0 5.0990195135927845 0.9614388399681788 
30 26 6 8 2 6 4.47213595499958 5.0990195135927845 0.9577291555273305 
30 25 6 8 2 4 4.0 4.47213595499958 0.9553221937832235 
30 24 6 8 2 4 4.47213595499958 3.1622776601683795 0.9529980107626465 
30 23 6 8 2 3 4.0 2.8284271247461903 0.93826952998226 
30 22 6 9 2 3 4.47213595499958 2.8284271247461903 0.9341636239077499 
30 21 6 9 2 0 4.0 3.1622776601683795 0.9408271873700066 
30 23 6 9 2 4 4.47213595499958 3.1622776601683795 0.9366950524155838 
30 22 6 9 2 2 4.0 2.0 0.933705131673338 
30 21 6 9 2 1 4.47213595499958 1.4142135623730951 -1 
