140 140 0 0 14 14 16.0 16.0 1.1241547483967622 
138 138 0 0 17 17 16.0 14.142135623730951 1.123161561556856 
134 137 0 0 16 14 13.038404810405298 16.0 1.142529027568301 
132 136 0 0 21 23 13.038404810405298 16.0 1.146284140185085 
128 134 0 0 22 24 13.038404810405298 16.0 1.1424604487489303 
124 133 0 0 22 20 13.341664064126334 16.0 1.1365763034630887 
120 129 0 0 23 18 13.341664064126334 15.033296378372908 1.140369096256764 
116 128 0 0 24 18 15.033296378372908 15.033296378372908 1.1540243082690618 
112 127 0 0 24 24 15.033296378372908 15.033296378372908 1.1716567014403418 
104 125 1 0 18 27 15.033296378372908 15.033296378372908 1.1712029264250399 
102 124 1 0 19 26 15.033296378372908 15.033296378372908 1.1742465961021287 
100 123 1 0 20 27 15.033296378372908 15.033296378372908 1.17822556808851 
96 122 2 0 17 23 15.033296378372908 15.033296378372908 1.182443186011057 
94 120 2 0 17 26 15.033296378372908 15.033296378372908 1.1818807238555784 
94 118 2 0 22 26 15.033296378372908 15.033296378372908 1.1982909674866489 
86 117 3 0 14 28 13.341664064126334 15.033296378372908 1.192016251332023 
84 115 3 0 14 25 13.341664064126334 15.033296378372908 1.1971709623912614 
80 113 4 0 13 22 13.341664064126334 15.033296378372908 1.2031373026600034 
78 111 4 0 13 26 13.341664064126334 15.033296378372908 1.2038487455996987 
76 110 4 0 13 26 13.341664064126334 15.033296378372908 1.2115550779241755 
74 109 4 0 13 30 13.341664064126334 15.033296378372908 1.2136806764528005 
68 107 4 0 13 29 13.341664064126334 15.033296378372908 1.2148912569171113 
67 106 5 0 13 25 13.341664064126334 14.142135623730951 1.2109689378627873 
65 104 5 0 11 24 14.142135623730951 14.142135623730951 1.212786890042161 
64 103 5 0 12 25 14.142135623730951 14.142135623730951 1.208783901082211 
63 101 5 0 12 24 14.142135623730951 14.142135623730951 1.2119449881899371 
59 100 5 0 9 25 14.142135623730951 14.142135623730951 1.215754773493424 
58 98 6 0 9 23 14.142135623730951 14.142135623730951 1.2205150934855002 
56 97 6 0 7 26 13.038404810405298 14.142135623730951 1.214771702192856 
55 95 6 0 7 24 13.341664064126334 14.142135623730951 1.215459607677613 
53 93 6 0 7 25 12.165525060596439 14.142135623730951 1.2227034346963273 
49 92 6 0 8 27 12.165525060596439 14.142135623730951 1.2233841455813508 
47 91 6 0 8 27 11.045361017187261 14.142135623730951 1.2100771299414848 
45 90 6 0 8 19 10.0 14.142135623730951 1.2058636953496482 
43 88 6 0 8 18 9.055385138137417 12.649110640673518 1.2071845584879177 
41 87 6 0 9 18 10.0 12.649110640673518 1.206016880293394 
41 86 6 0 12 18 10.0 11.40175425099138 1.2098779226621657 
35 85 6 0 9 18 9.899494936611665 11.40175425099138 1.2206738670599737 
34 84 7 0 9 19 9.899494936611665 11.40175425099138 1.2259522553629496 
33 83 7 0 13 21 8.48528137423857 11.40175425099138 1.2422168788349004 
27 82 8 0 6 24 5.830951894845301 11.40175425099138 1.2381678800395897 
26 81 8 0 6 22 4.47213595499958 11.40175425099138 1.2360008713955932 
24 80 8 0 4 21 5.830951894845301 11.40175425099138 1.219379279936673 
24 79 8 1 5 21 5.830951894845301 11.40175425099138 1.2277966029360132 
22 78 9 1 2 21 2.0 11.40175425099138 1.2249340304044865 
21 77 9 1 1 20 1.4142135623730951 11.40175425099138 1 
