140 140 0 0 14 14 16.0 16.0 1.1291088850627908 
139 138 0 0 19 17 16.0 13.038404810405298 1.1352542138999662 
135 136 0 0 22 18 14.0 15.033296378372908 1.1414457009662062 
131 135 0 0 25 19 14.142135623730951 15.033296378372908 1.1358035303763168 
127 133 0 0 25 15 14.0 15.033296378372908 1.1420716363796597 
123 131 0 0 28 17 15.033296378372908 15.033296378372908 1.1529917440199757 
123 130 0 0 38 21 15.033296378372908 15.033296378372908 1.159533954265631 
117 129 0 0 38 22 14.0 15.033296378372908 1.1627740545017877 
113 128 0 0 36 23 14.0 15.033296378372908 1.164864884188435 
107 127 0 0 34 22 14.0 15.033296378372908 1.1693424087076842 
105 126 0 0 35 24 14.0 15.033296378372908 1.179385595695168 
101 124 0 0 36 29 14.0 15.033296378372908 1.1905112949516168 
93 123 1 0 32 27 14.0 15.033296378372908 1.1985041839520414 
92 122 1 0 38 30 14.0 15.033296378372908 1.1932812561168518 
86 118 2 0 27 25 14.0 15.033296378372908 1.19687397128734 
82 117 2 0 37 22 14.0 15.033296378372908 1.2049936365601983 
76 116 2 0 31 26 14.0 15.033296378372908 1.2205894349161692 
68 112 3 0 26 30 14.0 15.033296378372908 1.2290823160242952 
67 111 3 0 30 34 14.0 15.033296378372908 1.2289567975801656 
61 109 4 0 22 29 14.0 15.033296378372908 1.2253226038980258 
57 108 5 0 16 22 14.0 14.142135623730951 1.2389324901105436 
56 107 5 0 23 28 14.0 14.142135623730951 1.2364674394010247 
52 106 5 0 17 27 14.0 14.142135623730951 1.2477630258925165 
51 105 6 0 15 29 14.0 14.142135623730951 1.2577082612897514 
47 104 6 0 13 34 14.0 14.142135623730951 1.2632018213576321 
45 103 6 0 13 37 13.038404810405298 14.142135623730951 1.2624184484540686 
46 99 6 0 18 40 13.038404810405298 13.038404810405298 1.2668217892730462 
40 97 7 0 12 37 13.038404810405298 13.038404810405298 1.2494941139522615 
39 96 7 0 12 27 13.038404810405298 13.038404810405298 1.2455112586208295 
38 95 7 0 12 25 12.165525060596439 13.038404810405298 1.2482417196649558 
37 94 7 0 12 27 11.40175425099138 13.038404810405298 1.237601227547271 
36 90 7 0 12 24 10.770329614269007 13.038404810405298 1.2397927263641975 
35 89 7 0 14 25 9.486832980505138 13.038404810405298 1.2412773794631793 
33 88 7 0 13 26 7.615773105863909 13.038404810405298 1.242358482798416 
32 87 7 0 13 27 7.211102550927978 13.038404810405298 1.2345033748495176 
30 86 7 0 13 22 7.0710678118654755 13.038404810405298 1.2277438944730277 
29 85 7 0 11 19 7.211102550927978 13.038404810405298 1.2264743704546195 
28 84 7 0 10 19 5.656854249492381 13.038404810405298 1.237195321671357 
26 83 8 0 8 20 5.656854249492381 13.038404810405298 1.2355288357377532 
26 82 8 0 8 20 5.656854249492381 13.038404810405298 1.234940049641862 
27 81 8 0 10 21 7.0710678118654755 12.165525060596439 1.2348850021881403 
26 79 8 0 8 23 7.0710678118654755 12.165525060596439 1.2383873155695684 
25 78 9 0 7 20 7.0710678118654755 12.165525060596439 1.238804575436406 
24 77 9 0 6 21 5.656854249492381 12.165525060596439 1 
