140 140 0 0 14 14 16.0 16.0 1.0780089077879653 
138 139 0 0 17 18 16.0 14.142135623730951 1.0789778203189062 
134 138 0 0 16 15 12.649110640673518 16.0 1.0865175635288136 
132 136 0 0 16 21 12.649110640673518 16.0 1.0900470102689634 
130 135 0 0 16 23 12.649110640673518 16.0 1.0908478401640003 
128 134 0 0 16 23 12.649110640673518 16.0 1.0972631624247253 
126 133 0 0 14 27 13.038404810405298 16.0 1.0910361811430613 
124 132 0 0 16 22 13.038404810405298 16.0 1.0897188293368947 
122 130 0 0 15 22 13.038404810405298 15.033296378372908 1.0860724515388154 
120 129 0 0 16 19 15.033296378372908 15.033296378372908 1.0963203058597872 
118 128 0 0 17 26 15.033296378372908 15.033296378372908 1.0929250759551954 
116 127 0 0 18 23 15.033296378372908 15.033296378372908 1.0964545226953448 
114 126 0 0 18 25 15.033296378372908 15.033296378372908 1.0985370322150272 
112 124 0 0 18 27 15.033296378372908 15.033296378372908 1.0956474935562508 
110 120 0 0 18 28 15.033296378372908 14.142135623730951 1.0923553981836185 
108 119 0 0 18 25 15.033296378372908 14.142135623730951 1.0972491533463244 
106 118 0 0 18 28 15.033296378372908 14.142135623730951 1.0925101207532248 
104 116 0 0 18 25 15.033296378372908 14.142135623730951 1.0894242944445118 
102 115 0 0 16 22 15.033296378372908 14.142135623730951 1.1033047300375929 
98 113 0 0 16 31 15.033296378372908 14.142135623730951 1.0980295190506468 
96 112 0 0 22 27 15.033296378372908 14.142135623730951 1.1213895192033911 
88 111 1 0 15 30 15.033296378372908 14.142135623730951 1.1149910917879975 
84 110 1 0 14 23 15.033296378372908 14.142135623730951 1.144686729162968 
83 108 2 0 14 38 15.033296378372908 14.142135623730951 1.1411405588586954 
79 106 2 0 11 34 15.033296378372908 14.142135623730951 1.1341081562218533 
78 105 2 0 11 29 14.142135623730951 14.142135623730951 1.1309370896181725 
76 104 2 0 10 26 14.0 14.142135623730951 1.1232010480521781 
74 100 2 0 11 23 14.0 14.142135623730951 1.1309099545993537 
72 99 3 0 11 20 14.0 14.142135623730951 1.141484768324487 
71 98 4 0 12 20 14.0 14.142135623730951 1.1445333653350285 
67 97 4 0 12 20 14.0 14.142135623730951 1.142064992984507 
66 96 4 0 11 19 14.0 13.038404810405298 1.1506960115159592 
65 95 4 0 10 26 14.0 12.165525060596439 1.1586453429279393 
64 94 5 0 10 24 14.0 12.165525060596439 1.159735323426001 
62 93 5 0 8 24 13.341664064126334 12.165525060596439 1.1595154042952451 
61 92 5 0 7 24 13.341664064126334 12.165525060596439 1.1605948380338216 
60 91 5 0 7 25 13.038404810405298 12.165525060596439 1.161505559571067 
58 90 5 0 7 25 12.165525060596439 12.165525060596439 1.1634574496092005 
56 89 5 0 10 26 11.40175425099138 12.165525060596439 1.166620363077277 
50 88 5 0 5 24 10.770329614269007 12.165525060596439 1.165924290515626 
48 87 5 0 5 23 10.770329614269007 12.0 1.1612678867204373 
46 86 5 0 5 19 10.770329614269007 12.0 1.1634330250380307 
44 85 5 0 5 20 10.770329614269007 12.0 1.1727125090716821 
42 84 6 0 3 18 10.770329614269007 12.0 1.1749746284297593 
40 83 6 0 3 19 10.0 12.0 1.1799412100353275 
38 82 6 0 4 22 8.602325267042627 12.0 1.1906046379159672 
37 81 6 0 5 30 7.211102550927978 12.0 1.173509708172756 
36 80 6 1 4 28 7.211102550927978 12.0 1.1690111004444603 
35 78 6 1 4 26 7.211102550927978 12.0 1.1591378878238507 
34 77 6 1 4 19 7.211102550927978 12.0 1.1631140284927235 
33 76 6 1 2 22 7.211102550927978 12.0 1.157230606607823 
32 75 6 1 3 18 7.211102550927978 12.0 1.15702831722211 
31 74 6 1 2 18 7.0710678118654755 12.0 1.1705943792032851 
27 73 7 1 1 18 5.656854249492381 11.045361017187261 1.171168700660947 
26 72 7 1 1 19 7.615773105863909 10.770329614269007 1.1676585961409915 
25 71 7 1 1 17 7.615773105863909 10.198039027185569 1.1783365443980847 
24 70 8 1 1 17 7.615773105863909 10.198039027185569 1.1780372559348165 
23 69 8 1 0 17 8.246211251235321 10.198039027185569 1.1775237080647314 
23 68 8 1 1 18 6.324555320336759 9.486832980505138 1.177209806362331 
22 67 8 1 0 18 7.0710678118654755 9.486832980505138 1.1772723150608349 
22 66 8 1 1 19 5.0990195135927845 9.486832980505138 1.1880533978498875 
21 65 9 1 0 19 5.0990195135927845 9.486832980505138 1.1910601518935688 
21 64 9 1 1 22 1.4142135623730951 9.486832980505138 1 
