140 140 0 0 14 14 16.0 16.0 1.0957255570930322 
138 138 0 0 17 17 16.0 14.142135623730951 1.0934455229363387 
134 134 0 0 16 16 13.038404810405298 15.033296378372908 1.0938489573820724 
132 133 0 0 16 16 15.033296378372908 15.033296378372908 1.0943620680709645 
130 132 0 0 16 16 15.033296378372908 15.033296378372908 1.0974994391199613 
128 131 0 0 16 18 15.033296378372908 15.033296378372908 1.102036700013824 
126 130 0 0 14 21 15.033296378372908 15.033296378372908 1.1011499208578501 
124 129 0 0 16 20 15.033296378372908 15.033296378372908 1.1028866663137646 
122 127 0 0 15 22 15.033296378372908 15.033296378372908 1.1046680273503025 
120 126 0 0 16 23 15.033296378372908 15.033296378372908 1.1051372582067875 
118 125 0 0 17 23 15.033296378372908 15.033296378372908 1.10954287960343 
116 124 0 0 18 26 15.033296378372908 15.033296378372908 1.1048074695721122 
114 123 0 0 18 22 15.033296378372908 15.033296378372908 1.1033202686220729 
112 122 0 0 18 21 15.033296378372908 14.142135623730951 1.1023888738854757 
110 120 0 0 18 21 15.033296378372908 14.142135623730951 1.1073999815469648 
108 118 0 0 18 26 15.033296378372908 13.341664064126334 1.1025321962702104 
106 116 0 0 18 23 15.033296378372908 13.341664064126334 1.1069816974992597 
104 115 0 0 18 26 15.033296378372908 13.341664064126334 1.132159638095546 
96 114 1 0 18 32 15.033296378372908 13.341664064126334 1.1285899318831079 
94 113 1 0 16 29 15.033296378372908 13.038404810405298 1.1250781566188126 
92 111 1 0 15 27 15.033296378372908 13.038404810405298 1.1244107766248723 
90 110 1 0 12 26 15.033296378372908 13.038404810405298 1.1287725181891082 
88 109 1 0 14 29 15.033296378372908 13.038404810405298 1.127929618865541 
86 108 1 0 15 28 15.033296378372908 13.038404810405298 1.1448998930490344 
85 107 2 0 16 33 15.033296378372908 13.038404810405298 1.1601150612051883 
79 105 3 0 16 34 15.033296378372908 13.038404810405298 1.161142128239083 
78 104 3 0 13 35 14.142135623730951 13.038404810405298 1.1562743429623288 
76 102 3 0 13 32 14.142135623730951 13.038404810405298 1.1545920894890982 
75 101 3 0 11 31 14.0 13.038404810405298 1.1541702719532063 
74 100 3 0 10 31 14.0 13.038404810405298 1.1511241940572094 
73 99 3 0 9 29 14.0 13.038404810405298 1.1561753013881808 
69 98 3 0 10 31 14.0 13.038404810405298 1.1666726843362254 
68 97 4 0 9 31 14.0 13.038404810405298 1.1555775702820705 
67 95 4 0 9 24 14.0 13.038404810405298 1.149872339469086 
66 94 4 0 10 20 13.038404810405298 13.038404810405298 1.1493181466877576 
65 92 4 0 9 21 13.038404810405298 13.038404810405298 1.1474079438939697 
64 90 4 0 9 21 13.038404810405298 13.038404810405298 1.1469861263580778 
63 89 4 0 8 21 13.038404810405298 13.038404810405298 1.1372101448386553 
61 88 4 1 9 24 13.038404810405298 13.038404810405298 1.129843760823191 
60 84 4 1 9 22 12.0 13.038404810405298 1.1281184179406176 
59 83 4 1 9 21 11.045361017187261 13.038404810405298 1.119440286187254 
58 79 4 1 9 18 10.0 13.038404810405298 1.117662458638903 
57 78 4 1 9 17 10.0 13.038404810405298 1.1194453479036586 
55 77 4 1 9 18 10.770329614269007 13.038404810405298 1.119094095149912 
54 76 4 1 8 18 9.486832980505138 13.038404810405298 1.1165143798011732 
53 75 4 1 8 17 9.486832980505138 12.0 1.1270117627492182 
52 74 5 1 7 17 9.486832980505138 12.0 1.1489199570510709 
46 73 6 1 7 22 9.486832980505138 12.0 1.1340721499067408 
44 72 6 2 7 21 7.0710678118654755 12.0 1.1270896814705869 
43 71 6 2 6 16 7.0710678118654755 12.0 1.1266239841022883 
42 70 6 2 6 16 7.0710678118654755 12.0 1.1365229529289724 
41 68 6 2 6 25 7.0710678118654755 12.0 1.1297382114388512 
39 67 6 2 6 20 7.0710678118654755 11.045361017187261 1.120014113318571 
38 65 6 2 6 14 6.0 11.045361017187261 1.1195484159502724 
37 64 6 2 6 14 6.0 11.045361017187261 1.1202624735165894 
36 62 6 2 6 16 6.0 11.045361017187261 1.118401805322323 
35 60 6 2 6 16 5.0990195135927845 11.045361017187261 1.1205603683141296 
34 59 6 2 6 18 5.0990195135927845 11.045361017187261 1.1320804391517714 
32 58 7 2 4 18 5.0990195135927845 11.045361017187261 1.1309604139529639 
31 57 7 2 4 18 5.0990195135927845 10.198039027185569 1.12863337144848 
30 56 7 2 4 17 5.0990195135927845 9.486832980505138 1.1282280965779972 
29 55 7 2 4 17 4.0 9.486832980505138 1.1251820186820003 
28 54 7 2 3 15 4.0 9.486832980505138 1.124716321313702 
27 53 7 2 3 15 4.0 9.486832980505138 1.122984550523782 
26 52 7 2 3 14 3.1622776601683795 9.486832980505138 1.1070689998917724 
25 51 7 3 2 13 3.1622776601683795 9.486832980505138 1.1082413827479893 
24 50 7 3 1 15 4.47213595499958 8.246211251235321 1.117382755683575 
23 49 8 3 1 14 4.47213595499958 8.246211251235321 1.1169264729994473 
22 48 8 3 0 14 5.0990195135927845 8.246211251235321 1.1155445669977986 
22 47 8 3 1 14 3.1622776601683795 8.246211251235321 1.12526888345327 
21 46 9 3 0 13 3.1622776601683795 8.94427190999916 1.1225644740423981 
21 45 9 3 1 12 1.4142135623730951 8.94427190999916 1 
