140 140 0 0 14 14 16.0 16.0 1.1472802315860733 
138 139 0 0 17 19 16.0 14.142135623730951 1.1508426254129756 
134 138 0 0 16 19 12.0 16.0 1.1485731305616715 
132 136 0 0 21 17 12.165525060596439 16.0 1.1565750734517017 
128 135 0 0 22 20 14.142135623730951 16.0 1.1622695672287622 
124 133 0 0 22 23 14.142135623730951 16.0 1.1582432412902852 
120 132 0 0 22 19 14.142135623730951 16.0 1.1620685433702 
116 130 0 0 25 20 14.142135623730951 16.0 1.1874564587527725 
108 129 1 0 19 27 14.142135623730951 16.0 1.214224790822914 
102 128 2 0 17 35 14.142135623730951 16.0 1.2151925448405756 
101 127 2 0 24 34 14.142135623730951 16.0 1.1999646731639102 
95 126 2 0 20 23 14.142135623730951 16.0 1.2159185118057854 
89 125 3 0 16 25 13.038404810405298 16.0 1.2113988206976682 
85 121 3 0 14 25 13.038404810405298 15.033296378372908 1.2094282585631546 
84 120 3 0 18 23 15.033296378372908 15.033296378372908 1.2130206857429346 
80 119 4 0 13 19 15.033296378372908 15.033296378372908 1.2144939423333105 
78 118 4 0 12 20 13.341664064126334 15.033296378372908 1.23139294275518 
76 117 5 0 12 24 13.341664064126334 15.033296378372908 1.230349681644309 
75 116 5 0 13 24 13.038404810405298 14.142135623730951 1.2333959667884262 
71 115 5 0 14 24 14.142135623730951 14.142135623730951 1.2338120327131274 
67 114 5 0 13 23 14.142135623730951 14.142135623730951 1.2336076055997705 
66 113 5 0 14 23 14.142135623730951 14.142135623730951 1.2301573785448927 
64 111 5 0 13 22 14.142135623730951 14.142135623730951 1.2393059078200241 
63 110 5 0 13 28 14.142135623730951 14.142135623730951 1.2439079274537022 
61 109 5 0 15 30 14.142135623730951 14.142135623730951 1.247032181971351 
57 108 6 0 9 26 14.142135623730951 14.142135623730951 1.2496508476099617 
55 107 6 0 7 28 12.0 14.142135623730951 1.2538888123597836 
54 106 6 0 7 31 12.0 14.142135623730951 1.2430941555284294 
53 102 6 0 7 28 12.0 14.142135623730951 1.2280062699536893 
52 98 6 0 7 23 12.0 13.038404810405298 1.2346159686628078 
50 97 7 0 6 21 12.0 13.038404810405298 1.2323065140455494 
49 96 7 0 6 20 12.0 13.038404810405298 1.2316339142700612 
48 95 7 0 6 20 12.0 13.038404810405298 1.229324459652803 
47 94 7 0 6 19 12.0 13.038404810405298 1.2319290685122344 
46 93 7 0 13 19 12.0 13.038404810405298 1.2291811958976846 
45 91 7 0 14 19 12.0 12.165525060596439 1.2415234183769068 
41 90 7 0 14 25 12.0 12.165525060596439 1.2477969719441877 
39 88 8 0 9 25 12.0 12.165525060596439 1.2359266348737046 
37 86 8 0 4 20 12.0 12.165525060596439 1.2284056877258904 
36 82 8 0 4 19 12.0 12.165525060596439 1.2293699427921723 
35 81 8 0 4 20 12.0 12.165525060596439 1.2319710527002237 
34 80 8 0 4 22 12.0 12.165525060596439 1.2312491359984836 
33 79 8 0 4 22 11.045361017187261 12.165525060596439 1.228795599146812 
32 77 8 0 4 22 10.198039027185569 12.165525060596439 1.2263490940841824 
31 75 8 0 4 22 9.486832980505138 12.165525060596439 1.2174281292221087 
30 74 8 0 4 17 8.246211251235321 12.165525060596439 1.2186979775657507 
28 73 8 0 4 18 7.211102550927978 11.40175425099138 1.2179540788077694 
27 72 8 0 4 18 5.830951894845301 11.40175425099138 1.2166892364972015 
26 71 8 0 4 18 5.656854249492381 10.770329614269007 1.2143067231978488 
25 70 8 0 4 17 4.242640687119285 10.770329614269007 1.2129887742998602 
23 69 8 0 4 16 2.8284271247461903 10.770329614269007 1.2202786799558503 
21 68 9 0 1 16 1.4142135623730951 9.055385138137417 1 
