140 140 0 0 14 14 16.0 16.0 1.0813645255256847 
138 138 0 0 17 17 16.0 14.142135623730951 1.0923391853095272 
134 137 0 0 16 21 13.341664064126334 16.0 1.0904433627462677 
132 136 0 0 16 19 13.341664064126334 16.0 1.098015165625957 
130 135 0 0 16 24 13.341664064126334 16.0 1.098209092800244 
128 131 0 0 16 27 13.341664064126334 16.0 1.0949755997981174 
126 129 0 0 14 25 14.142135623730951 16.0 1.0940626714989246 
124 128 0 0 16 24 14.142135623730951 16.0 1.0909991428434214 
122 127 0 0 15 21 14.142135623730951 16.0 1.0900659310046408 
120 125 0 0 16 21 14.142135623730951 16.0 1.0974529220561522 
118 124 0 0 17 26 14.142135623730951 16.0 1.0953722876647156 
116 123 0 0 18 24 14.142135623730951 16.0 1.100239054703562 
114 122 0 0 18 27 14.142135623730951 16.0 1.1010482679811453 
112 121 0 0 18 27 14.142135623730951 16.0 1.0937423737362015 
110 120 0 0 18 21 14.142135623730951 16.0 1.1075537451147464 
106 119 0 0 19 29 14.142135623730951 16.0 1.1071952523000854 
104 118 0 0 18 28 14.142135623730951 16.0 1.1022561846209111 
100 117 0 0 18 22 14.142135623730951 16.0 1.1012824057029544 
98 113 0 0 17 24 14.142135623730951 16.0 1.1057795490854463 
96 112 0 0 19 27 14.142135623730951 16.0 1.1019159224984698 
94 108 0 0 19 27 14.142135623730951 16.0 1.1022067361792698 
92 107 0 0 17 27 14.142135623730951 15.033296378372908 1.100293095862956 
91 105 0 0 16 27 15.033296378372908 15.033296378372908 1.1009174973123614 
89 104 0 0 17 27 15.033296378372908 15.033296378372908 1.103830922931779 
85 100 1 0 17 22 15.033296378372908 15.033296378372908 1.102473828662411 
84 99 1 0 15 21 15.033296378372908 15.033296378372908 1.1022844404852867 
83 98 1 0 14 21 15.033296378372908 15.033296378372908 1.1005577225595635 
82 97 1 0 14 20 15.033296378372908 15.033296378372908 1.101560152740316 
80 96 1 0 14 20 14.0 15.033296378372908 1.101196657538917 
78 95 1 0 14 19 13.038404810405298 15.033296378372908 1.1025387149443737 
76 94 1 0 12 19 12.165525060596439 15.033296378372908 1.1021645149390722 
75 93 1 0 12 19 12.165525060596439 15.033296378372908 1.1031428328541915 
74 92 1 0 12 20 12.165525060596439 15.033296378372908 1.10358242247542 
72 91 1 0 14 20 12.165525060596439 15.033296378372908 1.1035358524031993 
71 90 1 0 13 20 11.40175425099138 15.033296378372908 1.1004566165570555 
70 89 1 0 13 18 11.40175425099138 15.033296378372908 1.0973570971713231 
69 87 1 0 12 17 11.40175425099138 15.033296378372908 1.1091543138634594 
67 86 2 0 13 17 11.40175425099138 15.033296378372908 1.1098134890676479 
65 85 3 1 13 19 11.40175425099138 15.033296378372908 1.1110325978306332 
63 84 3 1 12 19 10.198039027185569 15.033296378372908 1.1108432096535092 
62 83 3 1 11 19 10.198039027185569 15.033296378372908 1.1033466192717105 
61 79 3 1 10 19 10.198039027185569 12.165525060596439 1.1049555643492532 
60 77 3 1 9 22 10.198039027185569 11.40175425099138 1.1030862719961905 
59 76 3 1 8 21 10.198039027185569 11.045361017187261 1.101005637604754 
57 75 3 1 9 19 10.198039027185569 11.045361017187261 1.0994637315072084 
56 74 3 1 8 18 10.198039027185569 11.045361017187261 1.1048319915233646 
55 72 4 1 7 15 10.198039027185569 11.045361017187261 1.1071916812809006 
54 71 4 1 8 17 9.055385138137417 11.045361017187261 1.114339042489246 
53 70 4 1 7 23 9.055385138137417 10.198039027185569 1.119374914165629 
52 69 4 1 7 27 9.055385138137417 10.198039027185569 1.1161456402460905 
51 68 5 2 7 27 9.055385138137417 10.198039027185569 1.1103613685591043 
50 67 5 2 7 23 9.055385138137417 10.198039027185569 1.102945412738645 
49 63 5 2 6 21 8.246211251235321 10.198039027185569 1.0971960702202441 
48 62 5 2 7 17 7.0710678118654755 10.198039027185569 1.1025279725503485 
44 60 5 2 6 20 9.899494936611665 10.198039027185569 1.1011708782809804 
43 59 5 2 4 19 9.899494936611665 10.198039027185569 1.0981712755139104 
42 58 5 2 5 17 8.48528137423857 10.198039027185569 1.0973285666156312 
41 57 5 2 4 17 8.48528137423857 9.486832980505138 1.0981220727025736 
40 56 5 2 5 18 8.48528137423857 9.486832980505138 1.0965801666050277 
39 55 5 2 4 17 8.48528137423857 9.486832980505138 1.083361490725644 
37 54 5 3 4 17 8.48528137423857 9.486832980505138 1.0781453462182462 
35 50 5 3 4 16 8.48528137423857 9.486832980505138 1.0901273747385596 
33 49 6 3 4 16 8.48528137423857 9.486832980505138 1.103831544835649 
31 48 7 3 2 17 8.48528137423857 9.486832980505138 1.0854515349911904 
30 47 7 4 3 14 7.0710678118654755 9.486832980505138 1.0839096288936447 
29 46 7 4 2 13 7.0710678118654755 9.486832980505138 1.0795652836950225 
28 44 7 4 3 12 5.656854249492381 8.246211251235321 1.075503153584812 
27 43 7 4 1 9 5.656854249492381 8.246211251235321 1.0753933984867614 
26 42 7 4 1 9 4.242640687119285 8.246211251235321 1.073369680998039 
25 41 7 4 1 8 5.830951894845301 8.246211251235321 1.0701404070785003 
24 40 8 5 1 8 5.830951894845301 8.246211251235321 1.0715576228840047 
23 39 8 5 0 9 4.47213595499958 8.246211251235321 1.0681909117057915 
23 38 8 5 1 8 2.8284271247461903 7.615773105863909 1.0680811566077408 
22 37 8 5 1 8 1.4142135623730951 7.615773105863909 1.06299515183058 
21 36 9 6 0 7 5.0990195135927845 7.615773105863909 1.0605892335591731 
21 35 9 6 1 6 1.4142135623730951 7.615773105863909 1 
