140 140 0 0 14 14 16.0 16.0 1.0243747255882176 
138 139 0 0 17 18 16.0 14.142135623730951 1.0356351336609753 
134 137 0 0 16 22 12.649110640673518 16.0 1.0405698679464193 
132 135 0 0 16 26 13.038404810405298 16.0 1.0371562454574736 
130 133 0 0 16 24 13.038404810405298 15.033296378372908 1.0362359199549165 
128 131 0 0 16 24 15.033296378372908 15.033296378372908 1.0345633886280987 
126 130 0 0 14 21 15.033296378372908 15.033296378372908 1.0388929123884025 
124 129 0 0 16 24 15.033296378372908 15.033296378372908 1.0392846032579943 
122 127 0 0 15 24 15.033296378372908 15.033296378372908 1.041391340791897 
120 125 0 0 16 26 15.033296378372908 15.033296378372908 1.0363261781662358 
118 123 0 0 17 23 15.033296378372908 14.142135623730951 1.0346542550773843 
116 122 0 0 18 21 15.033296378372908 14.142135623730951 1.0385547130526271 
114 121 0 0 18 23 15.033296378372908 14.142135623730951 1.0359069220679988 
112 120 0 0 18 20 15.033296378372908 14.0 1.0384421171489961 
110 118 0 0 18 22 15.033296378372908 14.0 1.0436285560034892 
108 117 0 0 18 25 15.033296378372908 14.0 1.0384478658089864 
106 115 0 0 18 21 15.033296378372908 14.0 1.0384903811464794 
104 114 0 0 18 20 15.033296378372908 14.0 1.0419617733366615 
102 113 0 0 16 21 15.033296378372908 14.0 1.0406390257799087 
100 111 0 0 16 20 15.033296378372908 14.0 1.0381095793589017 
98 110 0 0 16 17 15.033296378372908 14.0 1.0599837784695312 
92 109 1 0 17 20 15.033296378372908 14.0 1.083143350221445 
86 108 2 0 15 23 15.033296378372908 14.0 1.0858796246699263 
82 107 2 0 15 22 15.033296378372908 14.0 1.0850037179990195 
81 106 2 0 14 21 15.033296378372908 14.0 1.0889041759742624 
79 105 2 0 14 23 15.033296378372908 14.0 1.0906002310618557 
78 104 2 0 13 24 15.033296378372908 14.0 1.094360508345859 
77 102 2 0 13 28 15.033296378372908 14.0 1.097004185919217 
75 101 2 0 14 29 14.0 14.0 1.0979010596043992 
73 100 2 0 13 28 13.038404810405298 14.0 1.0987592485098212 
71 99 2 0 15 28 12.165525060596439 14.0 1.1079564411875338 
65 98 2 0 13 29 11.40175425099138 14.0 1.1128356116094544 
61 97 2 0 11 29 11.40175425099138 14.0 1.1124490611618865 
59 96 2 0 9 27 11.40175425099138 14.0 1.1092015754466813 
58 94 2 0 8 25 10.770329614269007 14.0 1.107236587392216 
57 93 2 0 9 24 9.486832980505138 13.038404810405298 1.107716944484512 
55 92 2 0 9 24 11.40175425099138 13.038404810405298 1.1214461925345809 
49 91 3 0 8 20 11.40175425099138 13.038404810405298 1.1236706002513543 
47 90 3 0 6 20 11.313708498984761 13.038404810405298 1.1350133576230073 
45 89 4 0 7 19 11.313708498984761 13.038404810405298 1.1369073254853872 
44 88 4 0 7 20 9.899494936611665 13.038404810405298 1.1395218025813802 
42 87 4 0 7 21 9.899494936611665 13.038404810405298 1.1386458959104733 
41 86 4 0 6 20 9.899494936611665 13.038404810405298 1.1486417737266317 
40 85 5 0 7 19 9.899494936611665 13.038404810405298 1.1481943246028197 
39 84 5 0 5 18 9.899494936611665 13.038404810405298 1.1346463115758787 
38 83 5 1 5 18 9.899494936611665 13.038404810405298 1.1506430280032263 
37 82 6 1 4 21 9.899494936611665 13.038404810405298 1.158977687468215 
35 81 7 1 4 18 9.899494936611665 12.0 1.1584509563294076 
34 79 7 1 2 18 9.899494936611665 12.0 1.1571465921114061 
33 78 7 1 2 17 9.899494936611665 12.0 1.1568976640003468 
32 77 7 1 4 17 8.48528137423857 12.0 1.1579837326741094 
30 76 7 1 3 17 10.0 12.0 1.1598703753119406 
29 75 7 1 3 18 8.602325267042627 12.0 1.1593184493301751 
28 74 7 1 3 16 4.0 12.0 1.1593000659914234 
27 73 7 1 3 16 4.0 12.0 1.1584241593205171 
26 72 7 1 2 15 4.0 12.0 1.1587768121714959 
25 71 7 1 2 15 3.1622776601683795 12.0 1.1716823152595248 
23 70 8 1 1 15 4.47213595499958 12.0 1.1608570681010841 
22 69 8 2 0 17 5.0990195135927845 12.0 1.1586351704746511 
22 68 8 2 1 16 3.1622776601683795 12.0 1.170773944264249 
21 67 9 2 0 16 3.1622776601683795 12.0 1.1697544601198424 
21 66 9 2 1 16 1.4142135623730951 12.0 1 
