140 140 0 0 14 14 16.0 16.0 0.9840650728149628 
138 139 0 0 17 17 16.0 14.142135623730951 0.9949791181604234 
134 137 0 0 16 21 12.649110640673518 16.0 0.9984127824977055 
132 136 0 0 16 23 13.038404810405298 16.0 0.9998748711420946 
130 135 0 0 16 23 13.038404810405298 16.0 1.0013369597864836 
128 134 0 0 16 23 13.038404810405298 16.0 1.0044524901029712 
126 133 0 0 14 24 14.0 16.0 1.0070638878572937 
124 131 0 0 16 27 14.0 16.0 1.0037466739596141 
122 127 0 0 15 25 14.0 16.0 1.0046441530123087 
120 125 0 0 16 26 14.142135623730951 16.0 1.0055749963248752 
118 124 0 0 17 26 14.142135623730951 16.0 1.0046968181340192 
116 123 0 0 18 25 14.142135623730951 15.033296378372908 0.9960455946603203 
114 119 0 0 18 19 15.033296378372908 15.033296378372908 0.9985936785042209 
112 118 0 0 18 20 15.033296378372908 15.033296378372908 1.0022277575476328 
110 117 0 0 18 22 15.033296378372908 15.033296378372908 1.0205205486874007 
102 116 1 0 21 21 15.033296378372908 15.033296378372908 1.0230216234595684 
100 115 1 0 17 20 15.033296378372908 15.033296378372908 1.0264372367056136 
96 114 1 0 16 19 15.033296378372908 15.033296378372908 1.027939134724558 
94 112 1 0 16 20 15.033296378372908 15.033296378372908 1.03157321376797 
92 111 1 0 16 22 15.033296378372908 15.033296378372908 1.0319493072128474 
90 110 1 0 16 21 15.033296378372908 15.033296378372908 1.0344738865208813 
88 109 1 0 14 21 15.033296378372908 15.033296378372908 1.036187302775972 
87 108 1 0 14 23 15.033296378372908 14.142135623730951 1.0385672445847116 
86 107 1 0 14 25 15.033296378372908 14.142135623730951 1.0335133620320316 
84 106 1 0 14 19 15.033296378372908 14.142135623730951 1.0347113422197214 
83 105 1 0 13 19 14.142135623730951 14.142135623730951 1.0333183579367928 
82 103 1 0 12 18 14.142135623730951 14.142135623730951 1.039679177246917 
80 102 1 0 13 23 14.142135623730951 14.142135623730951 1.056771469604691 
79 101 2 0 14 28 14.142135623730951 14.142135623730951 1.05751066634623 
78 100 2 0 13 28 14.142135623730951 14.142135623730951 1.070958365272942 
76 99 3 0 13 28 14.142135623730951 14.142135623730951 1.0713841278163798 
74 98 3 0 11 26 14.0 14.142135623730951 1.0715920792260965 
73 97 3 0 11 26 14.0 14.142135623730951 1.0733810700263824 
72 96 3 0 11 27 13.038404810405298 14.142135623730951 1.0725030262365873 
71 95 3 0 11 26 13.038404810405298 14.142135623730951 1.0709676114781554 
69 94 3 0 11 24 13.038404810405298 13.038404810405298 1.0840873771254682 
67 93 4 0 10 23 13.038404810405298 13.341664064126334 1.0843919037531908 
66 89 4 0 9 26 12.165525060596439 12.0 1.0846850700439818 
65 88 4 0 9 26 12.0 12.0 1.0828493907854007 
63 87 4 0 10 23 11.045361017187261 12.0 1.0867247231341537 
59 86 4 0 11 23 10.198039027185569 12.0 1.0881633072426764 
57 85 4 0 9 22 10.198039027185569 12.0 1.0881826487424158 
56 84 4 0 8 21 9.486832980505138 12.0 1.0883906001521322 
55 83 4 0 8 21 9.486832980505138 12.0 1.0885985515618486 
54 82 4 0 8 21 9.486832980505138 12.0 1.0987486018023298 
52 81 4 0 8 29 9.486832980505138 12.0 1.1018070443882242 
51 79 4 0 8 32 8.246211251235321 12.0 1.0966248291749385 
50 77 4 0 8 28 8.246211251235321 12.0 1.0970643248843277 
46 76 4 0 11 27 9.899494936611665 12.0 1.1140827889440297 
42 75 5 0 9 27 9.899494936611665 12.0 1.1046849255933038 
40 74 5 0 9 17 9.899494936611665 12.0 1.1059553676666651 
39 73 5 0 7 17 9.899494936611665 12.0 1.1116073514550349 
38 72 5 0 7 22 8.48528137423857 11.045361017187261 1.1119834448999122 
36 71 5 0 7 21 8.48528137423857 11.045361017187261 1.12309101139244 
35 70 6 0 7 20 8.48528137423857 11.045361017187261 1.132798664717018 
34 69 6 0 6 27 5.830951894845301 11.045361017187261 1.1266587869648266 
32 68 6 0 6 20 5.830951894845301 11.045361017187261 1.1256575134405347 
31 66 7 1 4 20 5.830951894845301 11.045361017187261 1.1291234504487857 
30 65 7 1 4 23 5.830951894845301 11.045361017187261 1.1322660935349307 
28 63 7 1 5 26 5.830951894845301 11.045361017187261 1.1319243980030664 
26 62 8 2 2 24 5.830951894845301 11.045361017187261 1.1285277176136752 
25 60 8 2 2 21 4.47213595499958 11.045361017187261 1.117284859633557 
24 59 8 3 2 22 3.1622776601683795 11.045361017187261 1.1181959278341367 
23 58 8 3 1 22 2.8284271247461903 11.045361017187261 1.0953700684817342 
23 54 8 4 1 17 2.8284271247461903 11.045361017187261 1.0954098778562897 
23 53 8 4 1 18 2.8284271247461903 11.045361017187261 1.077894566377779 
23 52 8 5 1 15 2.8284271247461903 11.045361017187261 1.0769733908107442 
22 50 8 5 1 16 5.0990195135927845 11.045361017187261 1.0910392107984899 
21 48 9 5 0 18 3.1622776601683795 10.0 1.0896552048191477 
21 47 9 5 1 18 1.4142135623730951 9.055385138137417 1 
