140 140 0 0 14 14 16.0 16.0 1.109120581057157 
138 139 0 0 17 17 16.0 14.142135623730951 1.1164688216238483 
134 137 0 0 16 20 12.165525060596439 16.0 1.1238252498575103 
132 135 0 0 21 25 13.038404810405298 16.0 1.1223649216425737 
128 133 0 0 22 23 13.038404810405298 16.0 1.131178456732579 
124 132 0 0 22 27 14.0 16.0 1.1296684961456973 
120 131 0 0 22 24 14.0 16.0 1.1298769286514854 
116 129 0 0 24 23 14.0 16.0 1.1357572507563856 
112 128 0 0 24 25 14.0 16.0 1.155723983330759 
104 126 1 0 20 28 13.038404810405298 16.0 1.1501633169448993 
100 124 1 0 15 24 13.038404810405298 16.0 1.1601040844811574 
99 123 2 0 15 24 13.038404810405298 16.0 1.1609210439957665 
97 122 2 0 16 24 14.142135623730951 16.0 1.1688227952168293 
95 120 2 0 16 30 14.142135623730951 16.0 1.1994563542900771 
94 119 3 0 16 44 14.142135623730951 16.0 1.1792750312823679 
92 117 3 0 16 31 14.142135623730951 16.0 1.1784495150837155 
90 116 3 0 16 30 14.142135623730951 16.0 1.1570607409673554 
88 108 3 0 16 24 14.142135623730951 14.0 1.1564047062337164 
86 107 3 0 17 23 15.033296378372908 14.0 1.1539600616862846 
84 105 3 0 17 22 15.033296378372908 14.0 1.156684491408081 
82 104 3 0 17 24 15.033296378372908 13.038404810405298 1.1584336799214046 
80 103 3 0 15 25 15.033296378372908 13.038404810405298 1.1587048118963716 
78 102 3 0 13 25 15.033296378372908 13.038404810405298 1.1573155739005827 
77 101 3 0 16 24 15.033296378372908 13.038404810405298 1.15649005770193 
75 100 3 0 16 23 15.033296378372908 13.038404810405298 1.1600987111183467 
73 99 3 0 16 25 15.033296378372908 13.038404810405298 1.1779119467230525 
67 98 4 0 12 27 15.033296378372908 13.038404810405298 1.1752076699900331 
66 97 4 0 13 26 14.142135623730951 12.0 1.1738100412442753 
64 96 4 0 10 25 14.142135623730951 12.0 1.166317872912692 
63 95 4 0 12 20 14.142135623730951 12.0 1.1772037706108232 
61 94 5 0 11 20 14.142135623730951 12.0 1.1773032613856855 
59 93 5 0 8 20 13.341664064126334 12.0 1.1784887281018726 
58 92 5 0 9 21 13.341664064126334 12.0 1.1765770099309238 
57 90 5 0 10 21 13.341664064126334 12.0 1.1863270732848132 
56 89 6 0 9 21 13.341664064126334 12.0 1.1836917245550127 
54 87 6 0 8 20 13.341664064126334 12.0 1.183406356758043 
53 86 6 0 9 20 13.038404810405298 12.0 1.1826016279202771 
51 85 6 0 9 19 12.165525060596439 12.0 1.1832723572252508 
49 84 6 0 9 19 11.40175425099138 12.0 1.1883741043621776 
47 83 6 0 9 22 10.770329614269007 12.0 1.184603779907741 
45 82 6 0 9 19 10.295630140987 12.0 1.186741417126044 
43 81 6 0 9 20 10.0 12.0 1.1987246695667386 
39 80 6 0 10 26 10.0 12.0 1.1929425035778567 
37 78 6 0 8 23 10.0 12.0 1.1884122119470886 
36 77 7 1 9 23 10.0 12.0 1.1850145708016926 
35 76 7 1 9 21 8.246211251235321 12.0 1.1955190601350871 
33 75 8 1 6 21 8.246211251235321 12.0 1.178923931919832 
32 74 8 2 6 20 7.0710678118654755 12.0 1.1784661450634941 
31 73 8 2 6 20 6.0 12.0 1.173644126865167 
30 72 8 2 7 17 10.0 12.0 1.1724372023017775 
28 71 8 2 5 16 10.0 12.0 1.1734652500264628 
27 70 8 2 5 17 8.602325267042627 12.0 1.170440382848033 
26 69 8 2 7 15 7.211102550927978 12.0 1.1616512622621658 
24 68 8 3 3 19 4.242640687119285 12.0 1.1610803042405604 
23 66 8 3 3 20 2.0 12.0 1.1671229446763984 
21 65 9 3 0 17 3.1622776601683795 12.0 1.1672142066534086 
21 64 9 3 1 18 1.4142135623730951 12.0 1 
