140 140 0 0 14 14 16.0 16.0 1.0733220860617685 
138 138 0 0 17 17 16.0 14.142135623730951 1.0756812980187695 
134 137 0 0 16 15 13.038404810405298 16.0 1.083223465614853 
132 136 0 0 16 20 14.0 16.0 1.0819080599268271 
130 135 0 0 16 19 14.0 15.033296378372908 1.090808970058236 
128 134 0 0 16 25 15.033296378372908 15.033296378372908 1.0890400402029186 
126 132 0 0 14 24 15.033296378372908 15.033296378372908 1.0894057625545173 
124 128 0 0 16 27 15.033296378372908 15.033296378372908 1.084790346215505 
122 126 0 0 15 24 15.033296378372908 15.033296378372908 1.089532177897107 
120 124 0 0 16 28 15.033296378372908 15.033296378372908 1.0861455085998615 
118 123 0 0 17 25 15.033296378372908 15.033296378372908 1.0825167078951532 
116 119 0 0 18 25 15.033296378372908 15.033296378372908 1.0819765250816025 
114 118 0 0 18 24 15.033296378372908 15.033296378372908 1.0772510260748962 
112 116 0 0 18 21 15.033296378372908 15.033296378372908 1.0855736133840164 
110 115 0 0 18 27 15.033296378372908 14.142135623730951 1.07947991246931 
108 113 0 0 18 23 15.033296378372908 14.142135623730951 1.0829636249106056 
106 111 0 0 18 26 15.033296378372908 14.142135623730951 1.0828726993162618 
100 110 0 0 18 22 15.033296378372908 14.142135623730951 1.0923412631472795 
99 108 1 0 16 22 15.033296378372908 14.142135623730951 1.0945374841497293 
97 107 1 0 16 23 15.033296378372908 14.142135623730951 1.098211989727873 
95 106 1 0 15 25 15.033296378372908 14.142135623730951 1.098341229468917 
89 105 1 0 13 21 15.033296378372908 14.142135623730951 1.1004273678036725 
87 104 1 0 14 22 15.033296378372908 14.142135623730951 1.1180757708841527 
86 103 2 0 13 27 15.033296378372908 14.142135623730951 1.1108046611982938 
84 102 2 0 12 21 15.033296378372908 14.142135623730951 1.1069878917551916 
80 100 2 0 12 17 15.033296378372908 14.142135623730951 1.1187615261136432 
78 99 2 0 12 25 15.033296378372908 14.142135623730951 1.1158322444418973 
77 98 2 0 12 23 14.142135623730951 14.142135623730951 1.1155358482536024 
73 97 2 0 10 21 14.142135623730951 13.038404810405298 1.1339924690668024 
71 96 3 0 12 26 14.142135623730951 13.038404810405298 1.1485646494913893 
69 95 4 0 12 28 14.142135623730951 13.038404810405298 1.1456990310764597 
68 93 4 0 12 27 14.0 13.341664064126334 1.1384446997612745 
66 92 4 0 12 21 13.038404810405298 13.341664064126334 1.1392777932027793 
64 91 4 0 13 21 12.165525060596439 13.341664064126334 1.1511521900848272 
62 90 4 0 13 29 11.40175425099138 13.341664064126334 1.150695309669138 
60 89 4 0 13 28 10.770329614269007 13.341664064126334 1.1515859547716463 
58 88 4 0 13 28 10.295630140987 13.341664064126334 1.1568092946232198 
56 87 4 0 13 32 11.313708498984761 12.165525060596439 1.1437122392140457 
54 86 4 1 11 32 11.313708498984761 12.165525060596439 1.1375891661008 
52 85 4 1 12 27 11.313708498984761 12.165525060596439 1.1273572680644048 
50 83 4 1 14 20 9.899494936611665 12.165525060596439 1.131424840298488 
46 82 4 1 12 21 10.0 11.40175425099138 1.1290052944003692 
44 81 5 2 13 21 10.0 11.40175425099138 1.13025331216941 
42 80 5 2 11 21 8.48528137423857 11.40175425099138 1.1298812288329991 
40 79 5 2 11 20 7.211102550927978 11.40175425099138 1.133562611877455 
38 78 5 2 11 22 6.324555320336759 11.40175425099138 1.1329123463962103 
36 77 5 2 12 21 6.324555320336759 11.40175425099138 1.143632544206881 
32 76 6 2 7 18 5.0990195135927845 11.40175425099138 1.1529616531716655 
31 75 7 2 7 17 5.0990195135927845 11.40175425099138 1.151422459488546 
30 73 7 2 5 17 5.0990195135927845 11.40175425099138 1.1523872004246194 
29 72 7 2 4 18 4.47213595499958 11.045361017187261 1.1518470176110687 
27 71 7 2 4 17 4.47213595499958 11.045361017187261 1.1544457813733482 
26 70 7 2 4 19 3.1622776601683795 11.045361017187261 1.1542791005096313 
24 69 7 2 2 18 2.0 11.045361017187261 1.1648671189000965 
23 68 8 2 2 18 2.8284271247461903 11.045361017187261 1.1644772835704889 
22 67 8 2 0 18 5.0990195135927845 11.045361017187261 1.1623354982861984 
22 66 8 2 1 18 3.1622776601683795 10.0 1.1731428918266766 
21 65 9 2 0 18 3.1622776601683795 10.0 1.170446312943655 
21 64 9 2 1 17 1.4142135623730951 10.0 1 
