140 140 0 0 14 14 16.0 16.0 1.035104465982357 
138 138 0 0 17 17 16.0 14.142135623730951 1.0424004341409245 
134 137 0 0 16 17 13.038404810405298 16.0 1.0463173782858544 
132 136 0 0 16 19 14.0 16.0 1.0505362652605474 
130 135 0 0 16 21 14.0 16.0 1.0589830567284086 
128 134 0 0 16 26 14.0 16.0 1.0581410937505231 
126 133 0 0 14 24 14.0 16.0 1.0575557201937362 
124 132 0 0 16 23 14.0 16.0 1.056322196745342 
122 130 0 0 15 22 14.0 16.0 1.0564715010090182 
120 129 0 0 16 22 14.142135623730951 15.033296378372908 1.0587130821917619 
118 128 0 0 17 23 15.033296378372908 15.033296378372908 1.0598251881518537 
116 127 0 0 18 23 15.033296378372908 15.033296378372908 1.058406869135656 
114 126 0 0 18 21 15.033296378372908 15.033296378372908 1.0626257561103492 
112 125 0 0 18 23 15.033296378372908 15.033296378372908 1.0653319591359671 
110 123 0 0 18 25 15.033296378372908 15.033296378372908 1.0639136401197695 
108 122 0 0 18 23 15.033296378372908 15.033296378372908 1.0704691389844738 
104 121 0 0 20 25 15.033296378372908 15.033296378372908 1.0926886154599196 
98 120 1 0 17 27 15.033296378372908 15.033296378372908 1.0862094464911438 
96 119 1 0 15 21 15.033296378372908 15.033296378372908 1.088730853948958 
94 118 1 0 16 22 15.033296378372908 15.033296378372908 1.0943590424213738 
92 117 1 0 16 25 15.033296378372908 15.033296378372908 1.090698476448043 
90 116 1 0 14 21 15.033296378372908 15.033296378372908 1.0933574970072217 
89 114 1 0 14 24 15.033296378372908 15.033296378372908 1.1097156333265121 
81 110 2 0 12 23 14.142135623730951 15.033296378372908 1.119812721844813 
80 109 2 0 11 30 14.142135623730951 15.033296378372908 1.1155732482393728 
79 108 2 0 11 27 14.0 15.033296378372908 1.113868051912113 
77 106 2 0 11 27 13.038404810405298 13.038404810405298 1.112332258428074 
75 104 2 0 12 26 12.165525060596439 13.038404810405298 1.1069258604940009 
73 103 2 0 12 21 11.40175425099138 13.038404810405298 1.1099764415236886 
72 102 2 0 11 23 11.40175425099138 13.038404810405298 1.110118510148744 
71 101 2 0 11 23 10.770329614269007 13.038404810405298 1.114578392676154 
70 100 2 0 10 26 10.770329614269007 13.038404810405298 1.117489852279107 
69 99 2 0 10 28 10.295630140987 13.038404810405298 1.1360261917016397 
63 98 3 0 10 28 10.295630140987 13.038404810405298 1.1348488682381594 
62 97 3 0 9 27 10.295630140987 13.038404810405298 1.1407180522632923 
61 96 3 0 8 31 10.295630140987 13.038404810405298 1.1462990582692691 
60 95 3 0 8 35 10.295630140987 13.038404810405298 1.1445453787674766 
59 94 3 0 9 34 10.295630140987 13.038404810405298 1.1335029448199379 
58 93 3 0 8 26 10.295630140987 13.038404810405298 1.1253803752820508 
57 92 3 0 8 20 9.055385138137417 13.038404810405298 1.1318415092138772 
55 91 3 0 10 24 9.055385138137417 13.038404810405298 1.1298699898039875 
53 90 3 0 6 21 10.0 13.038404810405298 1.1309349132976405 
52 89 3 0 7 22 10.0 13.038404810405298 1.126835604387362 
51 87 3 0 6 20 10.0 13.038404810405298 1.1293098293787376 
50 86 3 0 7 22 10.0 13.038404810405298 1.1346813986246924 
48 85 3 0 8 25 9.899494936611665 13.038404810405298 1.1452015163449987 
47 84 3 0 7 33 9.899494936611665 12.0 1.1451924988265239 
45 83 3 0 7 32 9.899494936611665 12.0 1.1593122038901331 
43 82 4 0 7 33 9.899494936611665 12.0 1.1692040044605743 
41 81 5 0 7 31 9.899494936611665 12.0 1.167396805897039 
39 80 5 0 5 28 8.48528137423857 12.0 1.158596618906633 
38 79 5 0 6 22 8.48528137423857 12.0 1.167043410374494 
36 78 5 0 6 27 8.48528137423857 12.0 1.1754225269958603 
34 76 6 0 6 25 8.48528137423857 12.0 1.173858647702584 
32 74 6 0 3 24 8.48528137423857 11.045361017187261 1.172837212132021 
31 73 6 0 3 23 7.0710678118654755 11.045361017187261 1.173272260525619 
29 72 6 0 3 22 5.656854249492381 11.045361017187261 1.1763153570098241 
27 71 6 0 2 23 5.830951894845301 11.045361017187261 1.1722394601447415 
25 70 7 1 2 21 5.830951894845301 11.045361017187261 1.1833585219399925 
23 69 8 1 0 20 8.246211251235321 11.045361017187261 1.1652713809291064 
23 67 8 2 1 19 6.324555320336759 11.045361017187261 1.1513012550992308 
22 66 8 3 0 19 7.0710678118654755 11.045361017187261 1.1501196202757 
22 65 8 3 1 19 5.0990195135927845 11.045361017187261 1.1606688386264312 
21 64 9 3 0 19 5.0990195135927845 10.0 1.160025013161792 
21 63 9 3 1 19 1.4142135623730951 10.0 1 
