140 140 0 0 14 14 16.0 16.0 1.1545542946606304 
138 139 0 0 17 17 16.0 14.142135623730951 1.160330086190733 
134 137 0 0 16 18 12.0 16.0 1.1674195353794472 
132 136 0 0 21 19 12.649110640673518 16.0 1.1790217687312015 
128 135 0 0 22 22 12.649110640673518 16.0 1.1811046027659624 
124 134 0 0 22 21 12.649110640673518 16.0 1.1942069836611888 
120 132 0 0 25 25 12.649110640673518 16.0 1.1938528316051888 
114 130 1 0 18 21 13.038404810405298 16.0 1.1972113959517034 
113 128 1 0 26 21 14.142135623730951 16.0 1.2044431003106795 
112 127 1 0 36 21 14.142135623730951 16.0 1.2142158519251787 
102 126 1 0 25 23 14.142135623730951 16.0 1.2229670238351311 
96 125 1 0 21 25 14.142135623730951 16.0 1.2157507469982927 
90 123 1 0 19 20 14.142135623730951 16.0 1.225431440127508 
89 122 1 0 21 24 14.142135623730951 16.0 1.2304909271889626 
83 121 2 0 18 20 14.142135623730951 16.0 1.2424922433325245 
79 117 2 0 17 27 14.142135623730951 16.0 1.242929190303099 
78 115 2 0 24 26 14.142135623730951 16.0 1.252329772425432 
74 114 3 0 14 28 14.142135623730951 16.0 1.2568065729955984 
72 113 4 0 13 26 14.142135623730951 16.0 1.2599959121491364 
70 112 4 0 13 27 14.142135623730951 16.0 1.255052139049136 
69 111 4 0 13 25 13.038404810405298 16.0 1.2536716644495354 
63 110 4 0 10 22 13.038404810405298 16.0 1.2560331378915155 
62 109 4 0 11 23 12.649110640673518 16.0 1.2540907591102188 
60 108 4 0 10 22 12.165525060596439 16.0 1.2703807954814543 
58 107 4 0 10 29 12.165525060596439 16.0 1.2757535841712753 
56 106 4 0 10 31 12.165525060596439 16.0 1.2679438082621157 
54 104 4 0 10 29 12.165525060596439 14.142135623730951 1.2587590567366465 
53 103 4 0 13 24 12.165525060596439 14.142135623730951 1.2645504827203038 
47 101 4 0 8 26 10.295630140987 14.142135623730951 1.2752133446360219 
46 99 4 0 13 31 10.295630140987 13.038404810405298 1.2899951456950427 
44 98 5 0 14 33 10.295630140987 13.038404810405298 1.2886995965096721 
44 97 5 0 18 32 10.295630140987 13.038404810405298 1.2843569833890407 
42 96 5 0 19 29 8.94427190999916 13.341664064126334 1.282283435350358 
40 95 6 0 18 24 8.94427190999916 13.341664064126334 1.2612636854245378 
36 94 6 1 15 21 7.615773105863909 13.341664064126334 1.2691819717104407 
32 92 7 1 8 23 7.615773105863909 12.0 1.2649877152400313 
30 90 7 1 7 22 7.0710678118654755 12.0 1.2809940106841717 
28 89 8 1 4 26 7.0710678118654755 12.0 1.2841183371481266 
27 88 8 1 6 27 7.211102550927978 12.0 1.2776112930851575 
28 87 8 1 11 24 7.211102550927978 12.0 1.282818527688055 
27 86 8 1 10 27 5.656854249492381 12.0 1.2903162198135336 
23 85 9 1 3 27 3.1622776601683795 12.0 1.2831559112231947 
22 84 9 1 3 24 2.8284271247461903 12.0 1 
