140 140 0 0 14 14 16.0 16.0 1.148204515813216 
139 138 0 0 19 17 16.0 13.038404810405298 1.170474187627386 
135 137 0 0 22 22 14.142135623730951 15.033296378372908 1.1805103564404325 
131 136 0 0 25 23 14.142135623730951 15.033296378372908 1.1962016846180077 
127 135 0 0 25 27 13.341664064126334 16.0 1.1822892633645123 
123 131 0 0 28 21 13.341664064126334 16.0 1.184567676820525 
123 130 0 0 38 19 14.142135623730951 16.0 1.1977726260497106 
117 129 0 0 38 21 13.038404810405298 16.0 1.2219924342952206 
111 128 0 0 33 30 13.038404810405298 15.033296378372908 1.2138305882414264 
110 124 0 0 40 27 13.341664064126334 15.033296378372908 1.203944719708588 
102 123 0 0 35 20 13.341664064126334 15.033296378372908 1.202426243500408 
96 117 1 0 36 17 13.341664064126334 15.033296378372908 1.226736742821834 
94 116 2 0 39 22 13.341664064126334 15.033296378372908 1.2521181270226376 
92 115 2 0 44 30 13.341664064126334 15.033296378372908 1.260766075317727 
86 113 2 0 34 35 13.038404810405298 15.033296378372908 1.2501787604373553 
78 109 2 0 33 29 12.165525060596439 15.033296378372908 1.2469105748238574 
78 108 2 0 32 29 12.165525060596439 15.033296378372908 1.226036700878572 
77 106 2 1 36 27 12.165525060596439 15.033296378372908 1.2531631318750818 
73 105 3 1 28 36 12.165525060596439 15.033296378372908 1.2448098343800076 
72 104 3 1 30 32 12.0 15.033296378372908 1.2438426186051181 
68 103 4 1 23 29 10.0 15.033296378372908 1.2554688059934274 
64 102 4 1 20 33 10.0 15.033296378372908 1.2830206500569532 
54 101 5 1 14 37 9.055385138137417 15.033296378372908 1.2568056308610427 
50 100 5 1 12 25 8.0 15.033296378372908 1.2580819631628557 
46 99 5 1 16 22 8.0 15.033296378372908 1.2591107215043795 
40 98 6 1 10 18 7.615773105863909 15.033296378372908 1.2678702718704615 
39 96 6 1 12 22 7.0710678118654755 15.033296378372908 1.275527186958405 
35 94 7 1 9 22 8.246211251235321 15.033296378372908 1.2611457729630051 
34 90 8 1 6 17 8.246211251235321 15.033296378372908 1.2692121156592224 
32 89 8 1 8 19 6.0 15.033296378372908 1.2725244673065146 
31 88 8 1 7 21 7.0710678118654755 15.033296378372908 1.2730059335288002 
30 87 8 1 8 21 5.0990195135927845 15.033296378372908 1.2698805119249454 
28 86 8 1 6 20 5.656854249492381 15.033296378372908 1.281377138109444 
24 85 9 1 2 21 5.830951894845301 15.033296378372908 1.2742336640737641 
24 84 9 1 2 19 5.0990195135927845 15.033296378372908 1.2718836654291636 
24 83 9 1 2 19 5.830951894845301 15.033296378372908 1.264847645576404 
24 81 9 1 2 18 5.0990195135927845 15.033296378372908 1.2722060279779248 
24 80 9 1 2 22 5.830951894845301 15.033296378372908 1.2699167444653052 
24 79 9 1 2 22 5.0990195135927845 15.033296378372908 1.2578583647745838 
24 78 9 1 2 18 5.830951894845301 15.033296378372908 1.2555690812619642 
24 77 9 1 2 18 5.0990195135927845 15.033296378372908 1.2557536320618146 
24 75 9 1 2 20 5.830951894845301 15.033296378372908 1.253464348549195 
24 74 9 1 2 20 5.0990195135927845 15.033296378372908 1.2269180720250716 
24 73 9 2 2 17 5.0990195135927845 15.033296378372908 1.2245984309464617 
24 72 9 2 2 17 5.0990195135927845 15.033296378372908 1.215104958266181 
24 70 9 2 2 15 5.0990195135927845 15.033296378372908 1.212785317187571 
24 69 9 2 2 15 5.0990195135927845 15.033296378372908 1.213000225553412 
24 67 9 2 2 17 5.0990195135927845 15.033296378372908 1.2082534892132717 
24 66 9 2 2 16 5.0990195135927845 15.033296378372908 1.2059338481346618 
24 65 9 2 2 16 5.0990195135927845 15.033296378372908 1.2036142070560518 
24 64 9 2 2 16 5.0990195135927845 15.033296378372908 1.2012945659774419 
24 63 9 2 2 16 5.0990195135927845 15.033296378372908 1.1965478296373018 
24 62 9 2 2 15 5.0990195135927845 15.033296378372908 1.1894814522185517 
24 60 9 2 2 14 5.0990195135927845 15.033296378372908 1.189588906401472 
24 59 9 2 2 15 5.0990195135927845 15.033296378372908 1.180139750890981 
24 57 9 3 2 20 5.0990195135927845 15.033296378372908 1.16811172876625 
24 56 9 3 2 16 5.0990195135927845 15.033296378372908 1.1439925475036568 
24 55 9 4 2 14 5.0990195135927845 15.033296378372908 1.1357251127306391 
24 54 9 4 2 12 5.0990195135927845 14.142135623730951 1.1334054716520292 
24 53 9 4 2 12 5.0990195135927845 14.142135623730951 1.1310858305734193 
24 52 9 4 2 12 5.0990195135927845 14.142135623730951 1.1287661894948096 
24 51 9 4 2 12 5.0990195135927845 14.142135623730951 1.1264465484161996 
24 50 9 4 2 12 5.0990195135927845 14.142135623730951 1.1241269073375897 
24 49 9 4 2 12 5.0990195135927845 14.142135623730951 1.1218072662589798 
24 48 9 4 2 12 5.0990195135927845 14.142135623730951 1.1194876251803698 
24 47 9 4 2 12 5.0990195135927845 14.142135623730951 1.0977955391793066 
24 46 9 5 2 11 5.0990195135927845 14.142135623730951 1.0954758981006967 
24 45 9 5 2 11 5.0990195135927845 14.142135623730951 1.0931562570220867 
24 44 9 5 2 11 5.0990195135927845 14.142135623730951 1.0618632441578233 
24 42 9 6 2 7 5.0990195135927845 14.142135623730951 1.0595436030792134 
24 41 9 6 2 7 5.0990195135927845 14.142135623730951 1.0534424045822972 
24 40 9 6 2 6 5.0990195135927845 13.038404810405298 1.036604509104295 
24 39 9 7 2 7 5.0990195135927845 13.038404810405298 1.027003582241094 
24 38 9 7 2 4 5.0990195135927845 13.038404810405298 1.021185676577548 
24 37 9 7 2 3 5.0990195135927845 12.165525060596439 1.0164389402374079 
24 36 9 7 2 2 5.0990195135927845 12.165525060596439 1.014119299158798 
24 35 9 7 2 2 5.0990195135927845 12.165525060596439 1.011799658080188 
24 34 9 7 2 2 5.0990195135927845 12.165525060596439 0.9874773499066948 
24 33 9 8 2 0 5.0990195135927845 12.0 0.9934983824811406 
24 34 9 8 2 1 5.0990195135927845 13.038404810405298 0.9874773499066948 
24 33 9 8 2 0 5.0990195135927845 12.0 1.0151904684822035 
24 35 9 7 2 2 5.0990195135927845 13.038404810405298 0.9874773499066948 
24 33 9 8 2 0 5.0990195135927845 12.0 1.0044537715011173 
24 35 9 8 2 4 5.0990195135927845 14.142135623730951 0.9901075720791249 
24 33 9 8 2 1 5.0990195135927845 12.165525060596439 0.968415486078062 
24 32 9 9 2 0 5.0990195135927845 12.165525060596439 0.9321328735723399 
24 21 9 9 2 1 5.0990195135927845 1.4142135623730951 -1 
