140 140 0 0 14 14 16.0 16.0 1.0608859668877937 
138 139 0 0 17 17 16.0 14.142135623730951 1.070814316948378 
134 138 0 0 16 20 12.165525060596439 16.0 1.0689134746199438 
132 136 0 0 16 19 12.649110640673518 16.0 1.066912070118787 
130 135 0 0 16 17 14.0 16.0 1.070697707555592 
128 134 0 0 16 19 14.0 16.0 1.0719914793898708 
126 133 0 0 14 19 14.0 16.0 1.0684027957658047 
124 129 0 0 16 19 14.0 16.0 1.0681398985807027 
122 128 0 0 15 18 14.142135623730951 16.0 1.071734986847066 
120 126 0 0 16 21 14.142135623730951 16.0 1.0697733343651463 
118 124 0 0 17 20 14.142135623730951 16.0 1.0734157194161436 
116 123 0 0 18 22 14.142135623730951 16.0 1.0673351701895513 
114 119 0 0 18 20 14.142135623730951 16.0 1.0697316224392857 
112 118 0 0 18 21 14.142135623730951 16.0 1.0693024075302442 
110 116 0 0 18 21 14.142135623730951 16.0 1.0660948222470612 
108 114 0 0 18 19 14.142135623730951 16.0 1.0663149226842925 
106 113 0 0 18 19 14.142135623730951 15.033296378372908 1.065226191488908 
104 112 0 0 16 18 15.033296378372908 14.0 1.0654504516159493 
102 111 0 0 16 18 15.033296378372908 13.038404810405298 1.0720144594268957 
100 110 0 0 16 22 15.033296378372908 13.038404810405298 1.0845107902982027 
94 106 1 0 17 22 15.033296378372908 13.038404810405298 1.0868591259797789 
90 105 1 0 15 21 15.033296378372908 13.038404810405298 1.1025622223507447 
84 104 2 0 14 20 15.033296378372908 13.038404810405298 1.116156191027116 
82 103 3 0 13 21 15.033296378372908 13.038404810405298 1.1185526432768502 
80 102 3 0 13 22 15.033296378372908 13.038404810405298 1.1209490955265844 
78 101 3 0 13 23 15.033296378372908 13.038404810405298 1.1250541429179768 
76 100 3 0 12 25 14.0 13.038404810405298 1.1214548216661715 
75 98 3 0 10 24 14.0 12.0 1.1185966274469417 
74 97 3 0 10 22 14.0 12.165525060596439 1.1197678283763013 
72 96 3 0 10 22 13.038404810405298 12.165525060596439 1.1153671642459866 
70 95 3 0 10 18 12.165525060596439 12.165525060596439 1.1150482936550712 
68 94 3 0 10 17 11.40175425099138 12.083045973594572 1.1174447459048056 
66 93 3 0 10 18 11.40175425099138 12.083045973594572 1.1270384696898508 
65 92 4 0 9 17 11.40175425099138 12.083045973594572 1.1293993155604811 
63 91 4 0 10 18 10.770329614269007 12.083045973594572 1.1346069489346955 
59 90 4 0 8 19 10.295630140987 12.083045973594572 1.1424168895469051 
57 89 4 0 9 24 10.295630140987 12.083045973594572 1.1406961856058153 
55 88 4 0 9 22 10.0 12.083045973594572 1.148362873832217 
53 87 4 0 11 27 10.0 12.083045973594572 1.1490836361232653 
51 86 4 0 13 27 10.0 12.083045973594572 1.1411529138349792 
47 85 4 0 11 19 10.0 11.40175425099138 1.1560879511302633 
43 84 5 0 8 19 10.0 11.40175425099138 1.1669276077165718 
42 83 6 0 8 19 10.0 11.40175425099138 1.1657053446753958 
41 82 6 0 7 18 8.602325267042627 11.40175425099138 1.1713085285216676 
40 81 6 0 7 22 7.0710678118654755 11.40175425099138 1.1750221761050752 
36 80 6 0 5 22 7.211102550927978 11.40175425099138 1.176196753837625 
35 79 6 0 5 23 7.211102550927978 11.40175425099138 1.1733709016800102 
34 78 6 0 4 21 7.0710678118654755 11.40175425099138 1.1734636662310172 
33 76 6 0 3 22 5.830951894845301 11.40175425099138 1.1689382508294768 
32 75 6 0 4 19 5.830951894845301 11.40175425099138 1.1731030332873638 
31 74 6 0 4 22 5.830951894845301 11.661903789690601 1.1832166995915547 
30 73 7 0 4 22 5.830951894845301 10.770329614269007 1.1814455962800765 
28 72 7 0 4 20 5.830951894845301 10.770329614269007 1.1828518265349746 
27 71 7 0 4 21 4.47213595499958 10.770329614269007 1.1838631725391227 
26 70 7 0 4 22 3.1622776601683795 10.295630140987 1.1780445275516849 
25 68 7 0 4 19 3.1622776601683795 10.295630140987 1.194963456784074 
24 67 8 0 3 24 3.1622776601683795 9.055385138137417 1.1867551370407015 
23 66 8 0 2 18 2.0 9.055385138137417 1.198720841120405 
22 64 9 0 2 19 6.324555320336759 11.40175425099138 1.1990016692076904 
21 63 9 0 0 19 5.0990195135927845 11.40175425099138 1.1980501248558522 
21 62 9 0 1 19 1.4142135623730951 11.40175425099138 1 
