140 140 0 0 14 14 16.0 16.0 1.100162006511057 
138 138 0 0 17 17 16.0 14.142135623730951 1.1040714511342307 
134 137 0 0 16 17 13.038404810405298 16.0 1.106949709887453 
132 135 0 0 16 20 14.142135623730951 16.0 1.104790183135914 
130 134 0 0 16 18 14.142135623730951 16.0 1.1045017752080042 
128 133 0 0 16 18 14.142135623730951 15.033296378372908 1.110198231496735 
126 132 0 0 14 22 15.033296378372908 15.033296378372908 1.1118903929899229 
124 131 0 0 16 23 15.033296378372908 15.033296378372908 1.1110669016494343 
122 130 0 0 15 22 15.033296378372908 15.033296378372908 1.1088760913002107 
120 129 0 0 16 20 15.033296378372908 15.033296378372908 1.1079900327643526 
118 128 0 0 17 19 15.033296378372908 15.033296378372908 1.110880474232389 
116 126 0 0 18 22 15.033296378372908 15.033296378372908 1.1113304511075812 
114 125 0 0 18 22 15.033296378372908 15.033296378372908 1.1122959303035105 
112 124 0 0 18 23 15.033296378372908 14.0 1.1179649144321648 
110 123 0 0 18 27 15.033296378372908 14.0 1.1210243949340881 
108 122 0 0 18 29 15.033296378372908 14.0 1.1253886272493772 
106 121 0 0 18 32 15.033296378372908 14.0 1.1258386041245696 
104 120 0 0 18 32 15.033296378372908 14.0 1.1209943855054672 
102 118 0 0 16 29 15.033296378372908 14.0 1.1238348808235963 
100 117 0 0 23 31 15.033296378372908 14.0 1.1186763817538776 
96 116 0 0 16 25 15.033296378372908 14.142135623730951 1.1216369924227585 
92 114 0 0 14 27 15.033296378372908 13.341664064126334 1.1210655389947386 
91 112 0 0 12 28 15.033296378372908 13.341664064126334 1.123147493836597 
90 111 0 0 13 30 15.033296378372908 13.341664064126334 1.1195861523510429 
88 109 0 0 13 28 14.0 13.341664064126334 1.1174019272363747 
86 108 0 0 15 26 13.038404810405298 13.341664064126334 1.115276775591086 
84 107 0 0 15 24 12.165525060596439 13.341664064126334 1.117000220681959 
82 106 0 0 16 25 12.165525060596439 13.341664064126334 1.1174489922179394 
80 105 0 0 17 25 11.40175425099138 13.341664064126334 1.1154388232294419 
76 103 0 0 20 23 10.770329614269007 13.038404810405298 1.138556788840467 
70 102 1 0 15 29 10.770329614269007 13.038404810405298 1.14672852693091 
64 101 1 0 15 32 10.198039027185569 13.038404810405298 1.147415442933242 
58 100 2 0 18 21 10.198039027185569 13.038404810405298 1.1633906335683601 
54 99 3 0 14 23 10.198039027185569 13.038404810405298 1.1722230492275716 
52 98 4 0 11 21 10.198039027185569 13.038404810405298 1.1812888402470292 
51 97 5 0 12 20 10.198039027185569 13.038404810405298 1.188338858939082 
49 96 5 0 11 25 9.055385138137417 13.038404810405298 1.1838321452743867 
48 94 5 0 11 23 8.0 13.038404810405298 1.1931697412685647 
47 93 5 0 9 31 8.0 12.165525060596439 1.196307316170338 
45 89 6 0 8 28 8.0 12.165525060596439 1.1827635328494948 
44 88 6 0 8 18 8.0 12.165525060596439 1.1809937994466266 
43 87 6 0 7 17 8.0 12.165525060596439 1.179229364968091 
42 86 6 0 7 16 7.0710678118654755 12.165525060596439 1.1667646209386024 
40 85 6 1 8 17 7.0710678118654755 12.165525060596439 1.1702451783868815 
39 84 6 1 6 20 7.0710678118654755 12.165525060596439 1.1750304876485258 
38 83 6 1 4 24 7.0710678118654755 12.165525060596439 1.1693261116124671 
37 82 6 1 5 20 6.0 12.165525060596439 1.1668996723097336 
35 80 6 1 6 19 8.48528137423857 12.165525060596439 1.1651543488242118 
34 79 6 1 6 18 7.0710678118654755 12.165525060596439 1.1642940591412696 
32 78 6 1 6 17 7.211102550927978 12.165525060596439 1.1660487878298276 
30 77 6 1 6 18 7.211102550927978 12.165525060596439 1.1773968563227153 
28 76 7 1 6 18 7.211102550927978 12.165525060596439 1.1888618440857626 
26 75 8 1 4 18 5.830951894845301 12.165525060596439 1.1885019582558805 
25 74 8 1 3 18 3.1622776601683795 12.165525060596439 1.1738487875460162 
24 73 8 2 2 18 3.1622776601683795 12.165525060596439 1.1754244167053671 
23 72 8 2 2 20 2.0 11.40175425099138 1.1707853809397022 
22 70 8 2 1 18 5.0990195135927845 11.40175425099138 1.1812947623065357 
21 69 9 2 0 18 3.1622776601683795 11.40175425099138 1.179889812429768 
21 68 9 2 1 18 1.4142135623730951 11.40175425099138 1 
