140 140 0 0 14 14 16.0 16.0 1.0472207496855659 
138 139 0 0 17 19 16.0 14.142135623730951 1.051760599714943 
134 138 0 0 16 17 12.165525060596439 16.0 1.0553428737829662 
132 136 0 0 16 20 13.038404810405298 16.0 1.0620956616769697 
130 135 0 0 16 24 13.038404810405298 16.0 1.0633433244504487 
128 134 0 0 16 24 13.038404810405298 16.0 1.0610990073318745 
126 133 0 0 14 21 13.038404810405298 16.0 1.0668930975886914 
124 132 0 0 16 25 14.0 16.0 1.0657066297760784 
122 131 0 0 15 23 14.0 16.0 1.0721409856959114 
120 130 0 0 16 27 14.0 16.0 1.068815563147763 
118 128 0 0 17 25 14.0 16.0 1.0655683791198471 
116 127 0 0 18 22 14.142135623730951 16.0 1.0625613885458682 
114 125 0 0 18 20 14.142135623730951 16.0 1.0629280201898814 
112 124 0 0 18 20 14.142135623730951 15.033296378372908 1.061124860224465 
110 123 0 0 18 18 15.033296378372908 15.033296378372908 1.0623725229979442 
108 122 0 0 18 18 15.033296378372908 15.033296378372908 1.076322340267185 
104 121 0 0 17 25 15.033296378372908 15.033296378372908 1.0691865058528132 
102 119 0 0 17 20 15.033296378372908 15.033296378372908 1.0704341686262921 
100 118 0 0 17 20 15.033296378372908 15.033296378372908 1.0775053884944652 
98 117 0 0 16 24 15.033296378372908 15.033296378372908 1.0921149662012801 
92 116 1 0 16 22 15.033296378372908 14.142135623730951 1.091118311856185 
88 114 1 0 14 19 15.033296378372908 14.142135623730951 1.0951199416897197 
87 113 1 0 14 22 15.033296378372908 14.142135623730951 1.0924327875897044 
86 111 1 0 13 21 15.033296378372908 14.142135623730951 1.0880509202353883 
85 109 1 0 13 19 15.033296378372908 14.142135623730951 1.0893259822001626 
83 108 1 0 14 19 14.0 14.142135623730951 1.090895478662488 
81 107 1 0 14 19 13.038404810405298 14.142135623730951 1.1075743772760618 
79 106 1 0 14 30 12.165525060596439 14.142135623730951 1.1006941672447443 
77 104 1 0 14 25 11.40175425099138 14.142135623730951 1.0964310476410233 
76 100 1 0 14 26 11.40175425099138 13.038404810405298 1.09395381884222 
74 98 1 0 13 24 10.770329614269007 13.038404810405298 1.0952206488745908 
70 97 2 1 14 24 10.770329614269007 13.038404810405298 1.0933786097797378 
68 95 2 1 14 23 11.40175425099138 13.038404810405298 1.0990735483677798 
66 94 2 1 13 26 11.40175425099138 13.038404810405298 1.1105331301413037 
62 93 2 1 13 32 11.40175425099138 12.165525060596439 1.1259605089700546 
60 92 3 1 13 34 11.40175425099138 12.165525060596439 1.126122984210299 
58 90 4 1 13 26 11.40175425099138 12.165525060596439 1.1248107068906212 
56 88 4 1 12 25 11.40175425099138 12.165525060596439 1.126845950970894 
54 87 4 1 11 25 10.0 12.165525060596439 1.128604668185648 
52 85 4 1 9 26 10.0 12.165525060596439 1.1225266830772376 
50 83 4 1 10 22 10.0 12.165525060596439 1.1276561306197959 
48 81 4 1 9 26 11.313708498984761 12.165525060596439 1.1260022515350498 
47 80 4 1 8 24 8.602325267042627 12.165525060596439 1.1254293915471631 
45 78 4 1 9 24 8.602325267042627 12.165525060596439 1.1339135584286473 
41 74 5 1 8 22 8.602325267042627 12.165525060596439 1.1291107057167096 
40 72 5 1 5 19 8.602325267042627 12.165525060596439 1.1297606776452354 
38 71 5 1 7 19 8.48528137423857 12.165525060596439 1.1311572934292575 
36 70 5 1 5 18 5.830951894845301 12.165525060596439 1.1379114858230543 
35 69 5 1 5 23 5.830951894845301 12.165525060596439 1.1335691546744016 
34 67 5 1 3 22 5.830951894845301 10.0 1.125699634317784 
33 66 5 1 3 17 5.830951894845301 9.055385138137417 1.1356232925258043 
32 65 6 1 3 16 5.830951894845301 9.055385138137417 1.142695916893771 
31 64 6 1 2 21 5.830951894845301 9.055385138137417 1.144081330618469 
30 63 6 1 3 22 4.47213595499958 9.055385138137417 1.1442725485857808 
29 62 6 1 2 22 4.47213595499958 9.055385138137417 1.138321777484228 
28 61 6 1 3 18 4.47213595499958 9.055385138137417 1.135782409149757 
27 60 7 2 3 18 4.47213595499958 9.055385138137417 1.1391645826013521 
26 59 7 2 2 20 3.1622776601683795 9.055385138137417 1.1361604010269604 
26 57 7 2 2 20 3.1622776601683795 9.055385138137417 1.1346583102397645 
26 56 7 2 2 20 3.1622776601683795 9.055385138137417 1.135908782012831 
26 55 7 2 2 22 3.1622776601683795 9.055385138137417 1.1336692290215404 
26 54 7 2 2 22 3.1622776601683795 8.246211251235321 1.1321671382343448 
26 53 7 2 2 22 3.1622776601683795 8.246211251235321 1.111320614504002 
26 52 7 3 2 18 3.1622776601683795 8.246211251235321 1.1098185237168063 
26 51 7 3 2 18 3.1622776601683795 8.246211251235321 1.1096927142097415 
26 50 7 3 2 19 3.1622776601683795 8.246211251235321 1.103935970075088 
26 48 7 3 2 17 3.1622776601683795 8.246211251235321 1.1024338792878923 
26 47 7 3 2 17 3.1622776601683795 8.246211251235321 1.1009317885006964 
26 46 7 3 2 17 3.1622776601683795 8.246211251235321 1.0980534164333697 
26 45 7 3 2 16 3.1622776601683795 8.246211251235321 1.0937987630859116 
26 44 7 3 2 14 3.1622776601683795 8.246211251235321 1.092296672298716 
26 43 7 3 2 14 3.1622776601683795 8.246211251235321 1.0921708627916513 
26 42 7 3 2 15 3.1622776601683795 8.246211251235321 1.079582026742095 
26 41 7 4 2 17 3.1622776601683795 8.246211251235321 1.0573592217316214 
26 40 7 5 2 12 3.1622776601683795 8.246211251235321 1.040641541841672 
26 39 7 6 2 11 3.1622776601683795 8.246211251235321 1.0377631697743452 
26 38 7 6 2 10 3.1622776601683795 8.246211251235321 1.037816833723479 
26 36 7 6 2 13 3.1622776601683795 7.0710678118654755 1.0338365059312487 
26 34 7 6 2 13 3.1622776601683795 6.0 1.0253271992363329 
26 32 7 6 2 9 3.1622776601683795 6.0 1.0057311472790567 
26 30 7 7 2 7 3.1622776601683795 6.0 1.0047842051747744 
26 29 7 7 2 8 3.1622776601683795 5.0990195135927845 1.002280493640844 
26 28 7 7 2 8 3.1622776601683795 4.0 0.998638640975401 
26 27 7 7 2 7 3.1622776601683795 3.1622776601683795 0.9930077063478122 
26 26 7 7 2 4 3.1622776601683795 3.1622776601683795 0.9915056155606163 
26 25 7 7 2 4 3.1622776601683795 3.1622776601683795 0.9915092695830788 
26 24 7 7 2 3 3.1622776601683795 6.324555320336759 0.9747915896931293 
26 23 7 8 2 2 3.1622776601683795 6.324555320336759 0.9739698529760518 
26 22 7 8 2 2 3.1622776601683795 7.0710678118654755 0.9558758918059711 
26 21 7 9 2 0 3.1622776601683795 7.0710678118654755 0.9632549857835682 
26 23 7 9 2 4 3.1622776601683795 5.830951894845301 0.9577619392870256 
26 22 7 9 2 2 3.1622776601683795 4.47213595499958 0.9523135116460638 
26 21 7 9 2 0 3.1622776601683795 3.1622776601683795 0.9540786129909149 
26 21 7 9 2 0 3.1622776601683795 5.0990195135927845 0.9632549857835682 
26 23 7 9 2 4 3.1622776601683795 5.830951894845301 0.959450191083311 
26 22 7 9 2 2 3.1622776601683795 6.324555320336759 0.9558758918059711 
26 21 7 9 2 0 3.1622776601683795 7.0710678118654755 0.9739698529760518 
26 22 7 8 2 2 3.1622776601683795 7.0710678118654755 0.9558758918059711 
26 21 7 9 2 0 3.1622776601683795 7.0710678118654755 0.959450191083311 
26 22 7 9 2 2 3.1622776601683795 6.324555320336759 0.9540786129909149 
26 21 7 9 2 0 3.1622776601683795 5.0990195135927845 0.9813563122923488 
26 25 7 8 2 4 3.1622776601683795 7.211102550927978 0.9760941849683643 
26 24 7 8 2 1 3.1622776601683795 7.615773105863909 0.9737903795198529 
26 23 7 8 2 0 3.1622776601683795 8.246211251235321 0.991185220442943 
26 25 7 7 2 2 3.1622776601683795 5.830951894845301 0.9737903795198529 
26 23 7 8 2 0 3.1622776601683795 8.246211251235321 0.9813563122923488 
26 25 7 8 2 4 3.1622776601683795 7.211102550927978 0.9744675405529936 
26 24 7 8 2 1 3.1622776601683795 5.830951894845301 0.9720390271328672 
26 23 7 8 2 0 3.1622776601683795 6.324555320336759 0.9760941849683643 
26 24 7 8 2 1 3.1622776601683795 7.615773105863909 0.9720390271328672 
26 23 7 8 2 0 3.1622776601683795 6.324555320336759 0.9813563122923488 
26 25 7 8 2 4 3.1622776601683795 7.211102550927978 0.9744675405529936 
26 24 7 8 2 1 3.1622776601683795 5.830951894845301 0.9720390271328672 
26 23 7 8 2 0 3.1622776601683795 6.324555320336759 0.9757725533306958 
26 24 7 8 2 3 3.1622776601683795 4.242640687119285 0.9761678709732603 
26 23 7 8 2 3 3.1622776601683795 6.324555320336759 0.9580739098031799 
26 22 7 9 2 1 3.1622776601683795 6.324555320336759 0.9540786129909149 
26 21 7 9 2 0 3.1622776601683795 5.0990195135927845 0.9721725741609956 
26 22 7 8 2 2 3.1622776601683795 5.0990195135927845 0.9540786129909149 
26 21 7 9 2 0 3.1622776601683795 5.0990195135927845 0.9813160879280928 
26 25 7 8 2 5 3.1622776601683795 5.656854249492381 0.9757341438538227 
26 23 7 8 2 5 3.1622776601683795 2.8284271247461903 0.9721725741609956 
26 22 7 8 2 2 3.1622776601683795 5.0990195135927845 0.9540786129909149 
26 21 7 9 2 0 3.1622776601683795 5.0990195135927845 0.959450191083311 
26 22 7 9 2 2 3.1622776601683795 6.324555320336759 0.9540786129909149 
26 21 7 9 2 0 3.1622776601683795 5.0990195135927845 0.9577619392870256 
26 22 7 9 2 2 3.1622776601683795 4.47213595499958 0.9540786129909149 
26 21 7 9 2 0 3.1622776601683795 5.0990195135927845 0.959450191083311 
26 22 7 9 2 2 3.1622776601683795 6.324555320336759 0.9540786129909149 
26 21 7 9 2 0 3.1622776601683795 5.0990195135927845 0.9725935716959206 
26 22 7 8 2 1 3.1622776601683795 7.0710678118654755 0.9540786129909149 
26 21 7 9 2 0 3.1622776601683795 5.0990195135927845 0.9757341438538227 
26 23 7 8 2 5 3.1622776601683795 2.8284271247461903 0.9721725741609956 
26 22 7 8 2 2 3.1622776601683795 5.0990195135927845 0.9523135116460638 
26 21 7 9 2 0 3.1622776601683795 3.1622776601683795 0.9717837540962755 
26 22 7 8 2 3 3.1622776601683795 3.1622776601683795 0.9520966480863451 
26 21 7 9 2 1 3.1622776601683795 1.4142135623730951 -1 
