140 140 0 0 14 14 16.0 16.0 1.1204119443245122 
138 139 0 0 17 17 16.0 14.142135623730951 1.1300890427159274 
134 137 0 0 16 21 12.165525060596439 16.0 1.1372545254316855 
132 135 0 0 21 24 13.038404810405298 16.0 1.1463853950657477 
128 134 0 0 22 27 13.341664064126334 16.0 1.1374189664023318 
124 132 0 0 22 21 13.341664064126334 16.0 1.1494848493638543 
120 131 0 0 22 26 13.341664064126334 16.0 1.1492692947827166 
116 130 0 0 22 24 13.341664064126334 16.0 1.157893444370507 
108 128 1 0 18 21 13.341664064126334 16.0 1.1513195836675905 
106 124 1 0 22 19 13.341664064126334 15.033296378372908 1.1498184594800125 
104 123 1 0 21 18 15.033296378372908 15.033296378372908 1.1660199382365668 
96 122 2 0 15 19 13.341664064126334 15.033296378372908 1.17757747411726 
94 120 3 0 14 21 13.341664064126334 15.033296378372908 1.18243352748131 
92 119 3 0 15 23 13.341664064126334 15.033296378372908 1.1906756032801686 
91 118 3 0 18 27 13.341664064126334 15.033296378372908 1.191944955616756 
87 116 4 0 13 23 13.038404810405298 15.033296378372908 1.1962341966726626 
85 115 4 0 13 25 13.038404810405298 15.033296378372908 1.2022779288060919 
83 114 4 0 13 28 13.038404810405298 15.033296378372908 1.1995707868572432 
81 112 4 0 13 27 13.038404810405298 15.033296378372908 1.2021055368356268 
79 111 4 0 13 28 13.038404810405298 15.033296378372908 1.2011313046589647 
77 110 4 0 13 27 13.038404810405298 15.033296378372908 1.2019115635598254 
75 109 4 0 13 27 13.038404810405298 15.033296378372908 1.2007129932480258 
75 107 4 0 17 27 13.038404810405298 15.033296378372908 1.2233775367458697 
67 106 5 0 13 31 14.142135623730951 15.033296378372908 1.2107427334877834 
65 105 5 0 11 24 14.142135623730951 15.033296378372908 1.2090787292827412 
64 104 5 0 12 23 14.142135623730951 15.033296378372908 1.2091692161552214 
63 103 5 0 13 23 14.142135623730951 15.033296378372908 1.2096497531735864 
64 101 5 0 25 23 14.142135623730951 13.341664064126334 1.2146595823197992 
58 100 6 0 16 20 14.142135623730951 13.341664064126334 1.2209492338937025 
54 99 6 0 12 23 14.142135623730951 13.341664064126334 1.2188380228870168 
52 98 6 0 10 22 14.0 13.341664064126334 1.2220994288157583 
51 97 7 0 9 19 14.0 13.341664064126334 1.2233809486713552 
50 96 7 0 9 20 14.142135623730951 13.341664064126334 1.2264564643626754 
48 95 7 0 10 21 13.038404810405298 13.341664064126334 1.2272122182760605 
46 94 7 0 10 21 12.0 13.341664064126334 1.2262154578752575 
44 93 7 0 10 20 11.045361017187261 13.341664064126334 1.2263548546305933 
42 92 7 0 12 19 10.198039027185569 13.341664064126334 1.2290646863692671 
38 91 7 0 11 19 9.486832980505138 13.341664064126334 1.2325808242029617 
37 90 7 0 15 20 8.246211251235321 13.341664064126334 1.2376912008297807 
33 89 7 0 12 22 8.602325267042627 13.341664064126334 1.2345878323336523 
29 88 7 0 7 20 6.324555320336759 13.341664064126334 1.246022408494109 
28 86 8 0 8 22 6.324555320336759 13.341664064126334 1.2427111160648872 
26 85 8 0 7 20 5.656854249492381 13.341664064126334 1.2416616018331965 
25 83 8 0 6 21 4.47213595499958 13.341664064126334 1.2389869327321041 
23 82 8 0 3 20 4.47213595499958 13.341664064126334 1.247526605520715 
22 81 9 0 2 20 5.0990195135927845 13.341664064126334 1.244147370763942 
21 80 9 0 0 19 4.47213595499958 13.341664064126334 1.2406879277074534 
21 79 9 0 0 18 5.656854249492381 13.341664064126334 1.2441905333746148 
21 78 9 0 0 21 4.47213595499958 13.341664064126334 1.2378086270343056 
21 76 9 0 0 20 5.656854249492381 12.083045973594572 1 
