140 140 0 0 14 14 16.0 16.0 1.1760254315141774 
139 139 0 0 19 17 16.0 13.038404810405298 1.1893261189076156 
135 138 0 0 22 19 13.341664064126334 15.033296378372908 1.2002305604991137 
131 137 0 0 25 21 13.341664064126334 15.033296378372908 1.202862616884666 
127 135 0 0 25 21 12.649110640673518 16.0 1.2048704252579088 
123 134 0 0 28 19 12.649110640673518 16.0 1.2295483892230124 
123 133 0 0 38 27 13.038404810405298 16.0 1.2228976494788188 
117 132 0 0 38 21 12.165525060596439 16.0 1.220269149881598 
113 128 0 0 36 22 13.038404810405298 16.0 1.2340137827123498 
107 126 0 0 34 27 13.038404810405298 16.0 1.2334110867291999 
105 124 0 0 35 27 13.038404810405298 16.0 1.2362145211805107 
101 123 0 0 34 27 13.038404810405298 16.0 1.247171540743085 
101 122 0 0 40 31 13.038404810405298 15.033296378372908 1.2451026207633284 
100 121 0 0 41 30 13.038404810405298 15.033296378372908 1.2471164715282013 
98 119 0 0 40 32 12.165525060596439 15.033296378372908 1.2412560100443226 
98 115 0 0 41 33 12.165525060596439 15.033296378372908 1.256524983179676 
90 114 1 0 33 35 12.165525060596439 15.033296378372908 1.2647633886807248 
90 112 1 0 53 33 12.165525060596439 14.142135623730951 1.2736401533867239 
82 111 2 0 38 35 12.165525060596439 14.142135623730951 1.2609449979834553 
76 110 3 0 27 27 12.165525060596439 14.142135623730951 1.2518980468049323 
75 108 3 0 35 21 12.165525060596439 14.142135623730951 1.256564583309716 
73 107 3 0 32 24 12.165525060596439 14.142135623730951 1.2675980384431162 
71 105 3 0 36 28 12.165525060596439 14.142135623730951 1.2588244918033729 
63 103 3 0 28 24 11.40175425099138 14.142135623730951 1.25536385148675 
62 101 4 0 28 20 11.40175425099138 14.142135623730951 1.2518663992804977 
61 100 4 0 25 20 11.40175425099138 14.142135623730951 1.26716764289748 
60 98 4 0 28 27 11.40175425099138 14.142135623730951 1.238258427978025 
59 92 4 0 28 20 11.40175425099138 13.038404810405298 1.2461813392138799 
49 91 5 0 16 19 10.770329614269007 13.038404810405298 1.2477571333512936 
48 90 5 0 21 18 9.486832980505138 13.038404810405298 1.2544986247084726 
40 88 6 0 11 18 8.94427190999916 13.038404810405298 1.2643963491480155 
40 87 6 0 17 21 8.246211251235321 13.038404810405298 1.2693347355501359 
40 86 6 0 20 23 8.246211251235321 13.038404810405298 1.2601042058458627 
36 85 6 0 18 18 8.246211251235321 13.038404810405298 1.252042621247252 
32 84 7 1 14 18 8.246211251235321 13.038404810405298 1.2616173890905649 
30 83 8 1 12 19 8.246211251235321 13.038404810405298 1.259433692983298 
26 82 8 1 8 18 4.47213595499958 13.038404810405298 1.2571916074243488 
26 81 8 1 8 18 5.656854249492381 13.038404810405298 1.258134553972507 
26 80 8 1 8 20 5.656854249492381 12.0 1.259022436804534 
26 79 8 1 9 21 5.656854249492381 12.0 1.2587873987968266 
24 78 9 1 6 18 5.656854249492381 12.0 1.2565305881451723 
24 77 9 1 6 18 4.47213595499958 12.0 1.2475907378717934 
24 75 9 1 6 16 5.656854249492381 12.0 1.2453339272201391 
24 74 9 1 6 16 4.47213595499958 12.0 1.2408676833566257 
24 73 9 1 6 15 5.656854249492381 12.0 1.2386108727049716 
24 72 9 1 6 15 4.47213595499958 12.0 1.232990019342122 
24 71 9 1 6 14 5.656854249492381 11.045361017187261 1.2329573669950316 
24 70 9 1 6 15 4.47213595499958 11.045361017187261 1.2307152814360822 
24 69 9 1 6 15 5.656854249492381 11.045361017187261 1.228458470784428 
24 68 9 1 6 15 4.47213595499958 11.045361017187261 1.2262163852254784 
24 67 9 1 6 15 5.656854249492381 11.045361017187261 1.2239595745738243 
24 66 9 1 6 15 4.47213595499958 11.045361017187261 1.2217174890148748 
24 65 9 1 6 15 5.656854249492381 11.045361017187261 1.2194606783632205 
24 64 9 1 6 15 4.47213595499958 11.045361017187261 1.2006497163377527 
24 63 9 2 6 15 5.656854249492381 11.045361017187261 1.1983929056860985 
24 62 9 2 6 15 4.47213595499958 11.045361017187261 1.196150820127149 
24 61 9 2 6 15 5.656854249492381 11.045361017187261 1.1938940094754948 
24 60 9 2 6 15 4.47213595499958 11.045361017187261 1.1750830474500267 
24 59 9 3 6 15 5.656854249492381 11.045361017187261 1.1706020784938087 
24 58 9 3 6 14 4.47213595499958 11.045361017187261 1.1683599929348591 
24 57 9 3 6 14 5.656854249492381 11.045361017187261 1.1661031822832049 
24 56 9 3 6 14 4.47213595499958 11.045361017187261 1.1638610967242555 
24 55 9 3 6 14 5.656854249492381 11.045361017187261 1.1427859615007807 
24 53 9 4 6 14 4.47213595499958 11.045361017187261 1.139519063383088 
24 52 9 4 6 14 5.656854249492381 10.198039027185569 1.1184692179603517 
24 51 9 5 6 13 4.47213595499958 10.198039027185569 1.1140029740968382 
24 50 9 5 6 12 5.656854249492381 10.198039027185569 1.1048088759937362 
24 48 9 5 6 10 4.47213595499958 10.0 1.102566790434787 
24 47 9 5 6 10 5.656854249492381 10.0 1.0991674941813954 
24 46 9 5 6 10 4.47213595499958 9.055385138137417 1.092477092013318 
24 45 9 5 6 8 5.656854249492381 9.055385138137417 1.090220281361664 
24 44 9 5 6 8 4.47213595499958 9.055385138137417 1.0869995223216888 
24 43 9 5 6 8 5.656854249492381 8.246211251235321 1.0847427116700346 
24 42 9 5 6 8 4.47213595499958 8.246211251235321 1.0839622868804604 
24 41 9 5 6 9 5.656854249492381 7.615773105863909 1.0794813179242422 
24 40 9 5 6 8 4.47213595499958 7.615773105863909 1.0772392323652926 
24 39 9 5 6 8 5.656854249492381 7.615773105863909 1.0749824217136386 
24 38 9 5 6 8 4.47213595499958 7.615773105863909 1.0711786438838697 
24 37 9 5 6 8 5.656854249492381 6.324555320336759 1.0689218332322155 
24 36 9 5 6 8 4.47213595499958 6.324555320336759 1.0666797476732661 
24 35 9 5 6 8 5.656854249492381 6.324555320336759 1.0621987787170482 
24 34 9 5 6 7 4.47213595499958 6.324555320336759 1.058474441427634 
24 33 9 5 6 7 5.656854249492381 5.0990195135927845 1.053993472471416 
24 32 9 5 6 6 4.47213595499958 5.0990195135927845 1.056199703521594 
24 31 9 5 6 8 5.656854249492381 5.0990195135927845 1.0526136591038815 
24 30 9 5 6 8 4.47213595499958 4.0 1.0315785387738499 
24 29 9 6 6 7 5.656854249492381 4.0 1.010528693351113 
24 28 9 7 6 6 4.47213595499958 4.0 1.001614132878472 
24 27 9 7 6 3 5.656854249492381 4.0 1.0027924367891092 
24 26 9 7 6 5 4.47213595499958 3.1622776601683795 0.9839814747636411 
24 25 9 8 6 5 5.656854249492381 3.1622776601683795 0.9795005058074232 
24 24 9 8 6 4 4.47213595499958 3.1622776601683795 0.9525860363192641 
24 22 9 9 6 2 5.656854249492381 2.0 0.9473965748358779 
24 21 9 9 6 1 4.47213595499958 1.4142135623730951 -1 
