140 140 0 0 14 14 16.0 16.0 1.1457606544766603 
139 138 0 0 19 17 16.0 13.038404810405298 1.1495697731057413 
135 137 0 0 22 15 14.142135623730951 15.033296378372908 1.1573703771709336 
131 136 0 0 25 16 15.033296378372908 15.033296378372908 1.1819961895526854 
127 135 0 0 25 26 14.0 16.0 1.1817392926273813 
123 133 0 0 28 24 14.0 16.0 1.1790373718173868 
123 132 0 0 38 20 14.142135623730951 16.0 1.1813479973868453 
117 130 0 0 38 19 13.038404810405298 16.0 1.1954830409677824 
113 128 0 0 36 26 13.038404810405298 16.0 1.2011105716529102 
107 127 0 0 35 26 13.038404810405298 16.0 1.2283538160212957 
105 125 0 0 41 38 13.038404810405298 16.0 1.2297026368301567 
99 123 1 0 33 35 13.038404810405298 16.0 1.2347990109798268 
95 122 1 0 31 37 13.038404810405298 15.033296378372908 1.229827841072888 
94 118 1 0 36 36 14.0 15.033296378372908 1.239209671438087 
88 117 2 0 28 36 14.0 15.033296378372908 1.228461838778472 
84 116 3 0 25 26 14.0 14.142135623730951 1.248623358768735 
80 115 3 0 23 35 14.0 14.142135623730951 1.2474776882372576 
78 114 3 0 27 33 14.0 13.341664064126334 1.2483072483207727 
74 113 3 0 26 32 14.0 13.341664064126334 1.2657403168611248 
66 112 4 0 17 35 13.038404810405298 13.341664064126334 1.2602945850811254 
66 111 4 0 26 30 13.038404810405298 13.341664064126334 1.284507051782998 
58 110 5 0 18 36 13.038404810405298 13.341664064126334 1.278815102822797 
50 109 6 0 13 26 13.038404810405298 13.341664064126334 1.2738312596953265 
49 107 6 0 18 23 13.038404810405298 13.341664064126334 1.2812065569135134 
43 106 7 0 10 22 13.038404810405298 13.341664064126334 1.2852642789834634 
41 105 7 0 9 24 13.038404810405298 13.341664064126334 1.2886596538894866 
40 104 7 0 9 26 13.038404810405298 13.341664064126334 1.2935927963217042 
40 103 7 0 13 28 13.038404810405298 13.341664064126334 1.2880350855331966 
39 102 7 0 9 27 13.038404810405298 13.341664064126334 1.278118099973509 
38 101 7 0 10 22 13.038404810405298 13.341664064126334 1.2774764195612949 
37 100 7 0 10 22 12.165525060596439 13.341664064126334 1.2841304987735151 
36 99 7 0 9 26 11.40175425099138 13.341664064126334 1.2834954541809036 
35 98 7 0 9 26 10.770329614269007 13.341664064126334 1.2868777831007405 
34 97 7 0 9 28 10.295630140987 13.341664064126334 1.2742127681392508 
33 96 7 0 9 22 10.0 13.341664064126334 1.2735923146085841 
32 95 7 0 9 22 9.899494936611665 13.341664064126334 1.266909280514499 
31 93 7 0 9 20 8.48528137423857 13.341664064126334 1.268291245305221 
30 91 7 0 9 22 8.48528137423857 13.341664064126334 1.2673148929442084 
29 90 7 0 9 22 7.0710678118654755 13.038404810405298 1.2735006676651455 
27 88 8 0 7 22 7.0710678118654755 13.038404810405298 1.272740526415878 
25 87 8 0 5 22 4.47213595499958 13.038404810405298 1.2714475123299678 
25 86 8 0 6 22 4.0 13.038404810405298 1.2619670944966246 
23 85 8 0 3 18 2.8284271247461903 13.038404810405298 1.2695663340012693 
22 84 9 0 2 18 5.0990195135927845 13.038404810405298 1.2695594570329798 
22 83 9 0 2 19 5.0990195135927845 13.038404810405298 1.2666255727901041 
22 82 9 0 2 19 5.0990195135927845 12.165525060596439 1.2651732417096377 
21 81 9 0 1 19 1.4142135623730951 12.165525060596439 1 
