140 140 0 0 14 14 16.0 16.0 1.0689670147843915 
138 138 0 0 17 17 16.0 14.142135623730951 1.078308225851138 
134 137 0 0 16 20 13.038404810405298 16.0 1.0764443625607372 
132 136 0 0 16 18 13.038404810405298 16.0 1.082809917681802 
130 135 0 0 16 22 13.038404810405298 16.0 1.0780473339269399 
128 134 0 0 16 18 14.142135623730951 16.0 1.0859528562745313 
126 132 0 0 14 24 14.142135623730951 16.0 1.0913051780210594 
124 131 0 0 16 28 14.142135623730951 15.033296378372908 1.0907371706804478 
122 129 0 0 15 28 15.033296378372908 15.033296378372908 1.094241092346404 
120 128 0 0 16 30 15.033296378372908 15.033296378372908 1.099047993269648 
118 126 0 0 17 34 15.033296378372908 15.033296378372908 1.0888362175831618 
116 125 0 0 18 26 15.033296378372908 15.033296378372908 1.0938302029689821 
114 124 0 0 18 29 15.033296378372908 15.033296378372908 1.089154609730136 
112 122 0 0 18 26 15.033296378372908 15.033296378372908 1.0899652954322665 
110 120 0 0 18 27 15.033296378372908 15.033296378372908 1.079803423252443 
108 118 0 0 18 20 15.033296378372908 15.033296378372908 1.0834258389030191 
106 117 0 0 18 22 15.033296378372908 15.033296378372908 1.0889938913763482 
100 115 0 0 17 23 15.033296378372908 15.033296378372908 1.100277307386567 
99 114 1 0 17 24 15.033296378372908 14.0 1.0945357228596726 
97 113 1 0 15 19 15.033296378372908 14.0 1.1010197719653574 
95 112 1 0 14 23 15.033296378372908 14.0 1.1046421876159331 
93 111 1 0 14 25 15.033296378372908 14.0 1.1035461481246631 
91 109 1 0 12 25 15.033296378372908 13.038404810405298 1.1035098173848437 
90 108 1 0 11 25 14.142135623730951 13.038404810405298 1.0990661110060287 
89 106 1 0 11 23 14.0 13.038404810405298 1.0958976331749675 
87 104 1 0 11 21 13.038404810405298 13.038404810405298 1.0941568103011743 
85 103 1 0 11 19 12.165525060596439 13.038404810405298 1.0937721772555287 
83 102 1 0 11 18 11.40175425099138 13.038404810405298 1.103828738505127 
79 101 1 0 11 23 11.40175425099138 13.038404810405298 1.1087932350074035 
77 100 1 0 12 26 10.770329614269007 13.038404810405298 1.1182884573031688 
71 98 2 0 13 22 10.770329614269007 13.038404810405298 1.1177944865200973 
69 96 2 0 13 22 10.295630140987 13.038404810405298 1.1217975582576927 
63 95 2 0 13 21 11.313708498984761 13.038404810405298 1.1420216168711235 
62 94 3 0 14 28 11.313708498984761 13.038404810405298 1.1351435453926912 
60 92 3 0 11 23 10.0 13.038404810405298 1.1310157027243204 
59 91 3 0 10 20 8.94427190999916 13.038404810405298 1.136957554768186 
55 90 3 0 10 22 8.94427190999916 13.038404810405298 1.1407918219573618 
54 89 3 0 10 25 8.94427190999916 13.038404810405298 1.1396775597865376 
53 88 3 0 10 25 8.94427190999916 12.0 1.1545715119663802 
51 87 4 0 13 28 8.94427190999916 11.045361017187261 1.1708244917893373 
49 86 5 0 11 31 8.94427190999916 11.045361017187261 1.1703321982341806 
47 85 5 0 11 30 8.94427190999916 11.045361017187261 1.1602539795946503 
45 81 5 0 8 25 9.899494936611665 11.045361017187261 1.1630180190103594 
44 80 5 0 7 27 8.602325267042627 11.045361017187261 1.1634786661067664 
43 78 5 0 6 29 8.602325267042627 10.198039027185569 1.1618266543549656 
42 77 5 0 6 28 8.602325267042627 10.198039027185569 1.1809161312023913 
41 76 6 0 5 34 8.602325267042627 10.198039027185569 1.1699777309062802 
40 75 6 0 4 26 7.211102550927978 10.198039027185569 1.1736935041108367 
39 74 6 0 5 29 7.211102550927978 10.198039027185569 1.166349441984187 
38 70 6 0 5 27 7.211102550927978 10.198039027185569 1.1512355003665642 
37 66 6 0 5 19 7.211102550927978 10.770329614269007 1.1509550583500072 
36 65 6 0 5 19 7.211102550927978 10.770329614269007 1.1606048851542146 
35 64 7 0 4 19 8.48528137423857 9.486832980505138 1.147660329056736 
34 63 7 1 3 20 8.602325267042627 9.486832980505138 1.1455726506449044 
33 62 7 1 3 19 8.602325267042627 8.94427190999916 1.1452922086283477 
32 61 7 1 3 19 8.602325267042627 8.94427190999916 1.1504980455527678 
31 60 7 1 3 23 8.602325267042627 8.94427190999916 1.146221388315098 
30 59 7 1 2 20 8.602325267042627 8.94427190999916 1.1416391526302312 
29 57 7 1 3 18 8.602325267042627 8.94427190999916 1.1416733102160745 
28 56 7 1 2 18 7.211102550927978 8.94427190999916 1.1426459439501424 
27 55 7 1 3 19 7.211102550927978 8.94427190999916 1.139935401356958 
26 54 7 1 2 17 5.830951894845301 8.94427190999916 1.1395364653557813 
25 53 7 1 3 17 5.830951894845301 8.94427190999916 1.1503965237917417 
24 52 8 1 2 17 5.830951894845301 8.94427190999916 1.1375415097062436 
23 51 8 2 2 18 4.47213595499958 8.94427190999916 1.136497437880855 
22 50 8 2 1 18 3.1622776601683795 7.615773105863909 1.1459859265815708 
21 49 9 2 0 17 3.1622776601683795 7.615773105863909 1.1224355542021207 
21 45 9 3 1 15 1.4142135623730951 6.324555320336759 1 
