140 140 0 0 14 14 16.0 16.0 1.104988392425245 
138 139 0 0 17 19 16.0 14.142135623730951 1.105320749659803 
134 138 0 0 16 16 12.0 16.0 1.1112801911487402 
132 136 0 0 21 20 12.0 16.0 1.1233950582256789 
128 135 0 0 22 26 14.142135623730951 16.0 1.1241156394985599 
124 134 0 0 22 25 14.142135623730951 15.033296378372908 1.1240775886207564 
120 132 0 0 22 24 15.033296378372908 15.033296378372908 1.1241784440975955 
116 128 0 0 24 25 15.033296378372908 15.033296378372908 1.1274434599742398 
110 127 0 0 20 24 15.033296378372908 15.033296378372908 1.1340992347776904 
109 123 1 0 20 25 15.033296378372908 15.033296378372908 1.1216757796029058 
107 121 1 0 22 17 15.033296378372908 15.033296378372908 1.1295605792440448 
105 119 1 0 21 23 15.033296378372908 15.033296378372908 1.1458378088614167 
99 113 2 0 18 29 14.0 15.033296378372908 1.1674631473369343 
98 112 2 0 25 43 14.0 15.033296378372908 1.120409731069942 
94 102 3 1 24 22 14.0 15.033296378372908 1.111623310939288 
93 100 3 1 28 17 14.0 15.033296378372908 1.1314368203285332 
83 99 4 1 15 18 14.0 15.033296378372908 1.1366444171827839 
81 98 4 1 15 21 14.0 15.033296378372908 1.1358995291940124 
79 97 4 1 15 20 14.0 15.033296378372908 1.1351546412052407 
77 96 4 1 15 19 14.0 15.033296378372908 1.1367649999056135 
73 95 4 1 15 18 14.0 15.033296378372908 1.1375024281323551 
71 94 4 1 15 18 14.142135623730951 15.033296378372908 1.136439937638906 
69 93 4 1 13 17 13.341664064126334 15.033296378372908 1.142785360947476 
67 92 4 1 11 21 13.341664064126334 15.033296378372908 1.1427136510655453 
66 91 4 1 13 21 13.038404810405298 15.033296378372908 1.1400152160967025 
65 90 4 1 14 20 13.038404810405298 14.0 1.1387389183298209 
61 88 4 1 12 19 14.0 13.038404810405298 1.154085559666213 
59 86 5 1 11 23 14.0 13.038404810405298 1.1485652860294762 
57 85 5 1 9 19 13.038404810405298 13.038404810405298 1.146561292180689 
56 83 5 1 9 19 12.0 13.038404810405298 1.1528044095127181 
55 82 5 1 13 23 11.40175425099138 13.038404810405298 1.1540790289985534 
51 81 5 1 11 22 11.045361017187261 13.038404810405298 1.1531112042872522 
47 80 5 1 9 20 9.486832980505138 12.165525060596439 1.1631449177617665 
46 78 5 1 10 28 9.486832980505138 12.165525060596439 1.1685276619942355 
44 77 5 1 11 31 9.486832980505138 12.165525060596439 1.163484946338713 
40 76 5 1 7 26 9.486832980505138 12.165525060596439 1.164436020811951 
39 74 6 1 7 21 9.486832980505138 12.165525060596439 1.1510087329919805 
38 73 6 2 8 22 9.486832980505138 12.165525060596439 1.1335941153714426 
36 72 6 3 5 20 9.486832980505138 12.165525060596439 1.1348229938378283 
35 71 6 3 6 21 9.486832980505138 12.165525060596439 1.1294385948385717 
33 70 6 3 5 17 9.486832980505138 12.165525060596439 1.1391432491981248 
32 68 7 3 4 18 9.486832980505138 12.165525060596439 1.124103361320029 
31 67 7 4 4 18 8.246211251235321 12.165525060596439 1.1253579876625504 
30 66 7 4 5 19 7.615773105863909 12.165525060596439 1.123052618424426 
28 65 7 4 4 17 5.0990195135927845 12.165525060596439 1.1181987499902244 
27 64 7 4 4 14 4.0 12.165525060596439 1.1192866946982378 
26 63 7 4 4 15 3.1622776601683795 12.165525060596439 1.1186907920675562 
25 62 7 4 3 15 2.8284271247461903 12.165525060596439 1.1173111303063759 
24 61 7 4 2 15 4.47213595499958 11.40175425099138 1.1269401295604748 
23 59 8 4 1 16 6.324555320336759 11.40175425099138 1.12527271581602 
22 58 8 4 0 16 5.0990195135927845 10.198039027185569 1.1335838554435191 
21 56 9 4 0 16 7.0710678118654755 10.198039027185569 1.1321314818163748 
21 55 9 4 0 16 3.1622776601683795 10.198039027185569 1.132254130045027 
21 54 9 4 1 17 1.4142135623730951 10.198039027185569 1 
