140 140 0 0 14 14 16.0 16.0 1.1525801063351429 
139 139 0 0 19 17 16.0 13.038404810405298 1.1672909126222482 
135 137 0 0 22 20 13.341664064126334 15.033296378372908 1.1663413677998022 
131 135 0 0 25 18 14.142135623730951 14.0 1.167334620049756 
127 134 0 0 25 16 15.033296378372908 15.033296378372908 1.1747159268652172 
123 133 0 0 28 16 15.033296378372908 15.033296378372908 1.179389902764429 
123 131 0 0 38 16 15.033296378372908 15.033296378372908 1.1922640278222965 
117 130 0 0 38 18 14.0 15.033296378372908 1.197488476345801 
113 128 0 0 36 20 14.0 15.033296378372908 1.201290927018048 
107 127 0 0 34 19 14.0 15.033296378372908 1.2190317261433399 
105 126 0 0 39 24 14.0 15.033296378372908 1.228569744895988 
97 125 1 0 28 24 14.0 15.033296378372908 1.2460226027086103 
91 123 2 0 24 27 14.0 15.033296378372908 1.2430273406215322 
87 121 2 0 22 26 14.0 14.142135623730951 1.23567189820603 
83 120 2 0 22 21 14.0 14.142135623730951 1.2393017360407095 
81 118 2 0 22 23 14.0 14.142135623730951 1.2373537227650204 
77 116 2 0 20 22 14.0 14.142135623730951 1.224914878346304 
73 114 2 0 17 17 14.0 14.142135623730951 1.2579534325174146 
72 113 3 0 16 28 14.0 14.142135623730951 1.2719926489198843 
71 109 3 0 16 37 14.0 14.142135623730951 1.2446720623577487 
70 107 3 0 18 26 14.0 14.142135623730951 1.2521961712186533 
69 106 3 0 19 29 14.0 14.142135623730951 1.2502872410803232 
69 105 3 0 22 28 14.0 14.142135623730951 1.2596400883496495 
63 103 4 0 17 28 14.0 14.142135623730951 1.2697622927711651 
62 102 4 0 17 33 13.038404810405298 13.038404810405298 1.2719817613786575 
60 101 5 0 17 30 13.038404810405298 13.038404810405298 1.2833765830478951 
59 100 5 0 17 35 12.649110640673518 13.038404810405298 1.2866411197416037 
59 99 5 0 23 35 12.649110640673518 13.038404810405298 1.2958764286117632 
58 98 5 0 31 36 12.649110640673518 13.038404810405298 1.2917227662196644 
52 97 5 0 23 34 12.649110640673518 13.038404810405298 1.2884966525716683 
46 96 5 0 16 32 12.649110640673518 13.038404810405298 1.2793750820632797 
45 94 5 0 17 29 12.649110640673518 13.038404810405298 1.2802624522365167 
44 93 5 0 16 30 12.649110640673518 13.038404810405298 1.2884663470997195 
40 92 6 0 11 30 12.649110640673518 13.038404810405298 1.288020688817018 
40 91 6 0 13 30 12.649110640673518 13.038404810405298 1.2875881060450485 
39 89 6 0 13 31 11.40175425099138 13.038404810405298 1.2879096845514255 
37 88 6 0 12 31 9.055385138137417 13.038404810405298 1.2653257325058815 
36 87 6 0 14 21 8.0 13.038404810405298 1.2686435826985272 
35 86 6 0 13 23 7.0710678118654755 13.038404810405298 1.2772310328274432 
34 84 6 0 15 27 6.0 13.038404810405298 1.262915662836792 
30 83 7 1 9 25 5.830951894845301 13.038404810405298 1.260973986975408 
29 81 7 1 10 25 5.656854249492381 13.038404810405298 1.2588374933322823 
25 79 8 1 4 22 4.242640687119285 13.038404810405298 1.2549407514961142 
24 78 8 1 4 21 2.0 12.165525060596439 1.2648330365133396 
22 77 9 1 2 22 2.8284271247461903 12.165525060596439 1 
