140 140 0 0 14 14 16.0 16.0 1.0761097241075022 
138 139 0 0 17 17 16.0 14.142135623730951 1.082090383137408 
134 138 0 0 16 17 12.649110640673518 16.0 1.0814863740627687 
132 137 0 0 16 16 13.341664064126334 16.0 1.0876782901137085 
130 136 0 0 16 20 14.142135623730951 16.0 1.085853260537359 
128 135 0 0 16 18 14.142135623730951 16.0 1.0869695020911407 
126 133 0 0 14 19 14.142135623730951 16.0 1.0901928349259125 
124 132 0 0 16 21 14.142135623730951 16.0 1.0931266118962975 
122 131 0 0 15 23 14.142135623730951 15.033296378372908 1.0879955965896755 
120 129 0 0 16 20 15.033296378372908 15.033296378372908 1.0914220071686975 
118 128 0 0 17 22 15.033296378372908 15.033296378372908 1.096212047222625 
116 127 0 0 18 25 15.033296378372908 15.033296378372908 1.0943870176462756 
114 126 0 0 18 23 15.033296378372908 15.033296378372908 1.0911983585950207 
112 125 0 0 18 20 15.033296378372908 15.033296378372908 1.0909477411952322 
110 123 0 0 18 21 15.033296378372908 14.0 1.0959408589934097 
108 122 0 0 18 24 15.033296378372908 14.0 1.1009339767915873 
106 121 0 0 18 27 15.033296378372908 14.0 1.1018362061650486 
104 120 0 0 18 27 15.033296378372908 14.0 1.0996866751824916 
98 118 0 0 16 22 15.033296378372908 14.0 1.1169721931159942 
97 117 1 0 18 27 15.033296378372908 14.0 1.1182805779779559 
95 116 1 0 16 27 15.033296378372908 14.0 1.1178301123125818 
93 114 1 0 15 27 15.033296378372908 14.0 1.1162081604804825 
91 113 1 0 14 25 15.033296378372908 14.0 1.1128273581210475 
89 111 1 0 14 23 15.033296378372908 14.0 1.1135265097502585 
87 110 1 0 15 23 15.033296378372908 14.0 1.100551242261952 
85 106 1 0 14 16 15.033296378372908 14.142135623730951 1.1032232565988187 
83 105 1 0 12 17 15.033296378372908 14.142135623730951 1.1016122392027896 
81 103 1 0 10 16 15.033296378372908 14.142135623730951 1.1050386497818114 
79 102 1 0 11 18 15.033296378372908 14.142135623730951 1.1064620910241865 
78 101 1 0 10 19 14.142135623730951 14.142135623730951 1.1083217943840529 
76 100 1 0 12 20 14.142135623730951 14.142135623730951 1.1054817759097502 
75 98 1 0 10 19 14.142135623730951 14.142135623730951 1.1130981935583533 
73 96 2 0 11 17 14.142135623730951 14.142135623730951 1.1253353490807345 
72 95 3 0 11 18 14.142135623730951 14.142135623730951 1.12706005021768 
70 94 3 0 10 19 14.142135623730951 13.341664064126334 1.126936356257118 
69 93 3 0 9 19 14.142135623730951 13.341664064126334 1.1281762917714615 
68 92 3 0 8 20 14.142135623730951 13.341664064126334 1.140413447293843 
67 91 4 0 8 21 14.142135623730951 13.341664064126334 1.1369934638203558 
66 89 4 0 9 20 14.0 13.341664064126334 1.1380937026151465 
64 88 4 0 9 20 13.038404810405298 13.341664064126334 1.1391756733350913 
62 87 4 0 9 20 12.165525060596439 13.341664064126334 1.15114421239776 
60 86 4 0 9 28 11.40175425099138 13.341664064126334 1.1508128337734234 
58 85 4 0 9 27 10.770329614269007 13.341664064126334 1.1412520171011113 
56 84 4 0 14 20 10.295630140987 13.341664064126334 1.1477456630694307 
52 83 4 0 12 22 10.295630140987 13.341664064126334 1.1704879692011596 
48 82 5 0 12 28 10.295630140987 13.341664064126334 1.1651759808476205 
44 81 5 0 8 21 10.0 13.341664064126334 1.16949943055534 
42 80 5 0 6 23 8.602325267042627 13.341664064126334 1.167250558204856 
40 79 5 0 8 22 10.0 12.165525060596439 1.1697194947974727 
38 78 5 0 7 23 10.0 12.165525060596439 1.1837264352832597 
37 77 6 0 5 25 10.0 12.165525060596439 1.176784593948171 
36 76 6 0 4 20 10.0 12.165525060596439 1.1750941927684535 
35 75 6 0 4 19 10.0 12.165525060596439 1.1750552269595886 
34 74 6 0 4 19 8.602325267042627 12.165525060596439 1.159875961599261 
33 72 6 1 4 19 5.0990195135927845 12.165525060596439 1.159549189894449 
32 71 6 1 4 19 5.0990195135927845 12.165525060596439 1.1607891254087923 
31 70 6 1 3 20 5.0990195135927845 12.165525060596439 1.1600958878767433 
29 69 6 1 2 19 7.211102550927978 12.165525060596439 1.161416943026062 
28 68 6 1 2 20 5.830951894845301 12.165525060596439 1.1614172326320136 
27 67 6 1 2 20 4.242640687119285 12.165525060596439 1.1738574658986451 
26 66 7 1 1 21 4.242640687119285 12.165525060596439 1.1732036328830693 
25 65 7 1 1 21 5.830951894845301 12.165525060596439 1.18271352945564 
24 64 8 1 1 20 5.830951894845301 12.165525060596439 1.18286963967968 
23 63 8 1 0 20 4.47213595499958 12.165525060596439 1.1812571145031536 
23 61 8 1 1 21 2.8284271247461903 12.165525060596439 1.1812215543311693 
22 60 8 1 1 21 1.4142135623730951 12.165525060596439 1.1888121325922951 
21 59 9 1 0 19 5.0990195135927845 12.165525060596439 1.183721160221033 
21 58 9 1 1 16 1.4142135623730951 12.165525060596439 1 
