140 140 0 0 14 14 16.0 16.0 1.1276669615964132 
138 139 0 0 17 17 16.0 14.142135623730951 1.1273189904845617 
134 138 0 0 16 14 12.165525060596439 16.0 1.1306645888848408 
132 136 0 0 21 16 13.038404810405298 16.0 1.1319622869920969 
128 134 0 0 22 16 13.038404810405298 16.0 1.1329567961469424 
124 132 0 0 22 16 13.038404810405298 16.0 1.1383361958221463 
120 131 0 0 26 17 13.038404810405298 16.0 1.139490403670922 
116 130 0 0 21 17 13.038404810405298 16.0 1.1415541783769292 
112 129 0 0 19 17 13.038404810405298 16.0 1.1483405869256953 
110 128 0 0 20 21 13.038404810405298 16.0 1.148856884440168 
108 127 0 0 20 21 14.142135623730951 16.0 1.158049351100899 
106 126 0 0 24 26 14.142135623730951 16.0 1.1728061059207417 
100 125 1 0 18 27 13.341664064126334 16.0 1.164145260768516 
98 123 1 0 18 22 13.341664064126334 16.0 1.1659598543994218 
96 121 1 0 18 24 13.341664064126334 16.0 1.1634641264673784 
94 120 1 0 18 22 13.341664064126334 16.0 1.1659551268769572 
90 118 1 0 18 23 13.341664064126334 16.0 1.1830730800966056 
86 117 2 0 17 26 14.0 16.0 1.1923940296596316 
82 116 3 0 15 24 14.0 16.0 1.2058779568106919 
78 115 4 0 12 25 12.649110640673518 16.0 1.2002100941679323 
76 113 4 0 12 22 12.649110640673518 16.0 1.1960387227799059 
74 111 4 0 12 20 12.649110640673518 16.0 1.1979796232037516 
73 109 4 0 16 22 12.649110640673518 16.0 1.200043397909759 
69 108 4 0 14 22 12.649110640673518 16.0 1.2071135419036152 
67 107 4 0 11 27 12.649110640673518 16.0 1.2129971001824535 
65 106 4 0 9 31 13.038404810405298 16.0 1.210324490090939 
64 105 4 0 12 29 13.038404810405298 16.0 1.210053397633441 
60 104 5 0 8 21 12.649110640673518 16.0 1.2067744096371054 
59 103 5 0 9 19 12.649110640673518 16.0 1.2061852151978252 
58 102 5 0 9 19 12.649110640673518 16.0 1.205164457576349 
56 101 5 0 9 18 11.40175425099138 16.0 1.2215348770731724 
54 100 5 0 17 27 10.198039027185569 16.0 1.218463632116466 
50 99 5 0 8 25 9.055385138137417 16.0 1.2162710931368332 
48 98 5 0 9 23 9.055385138137417 16.0 1.2101254294239707 
48 97 5 0 14 19 9.055385138137417 16.0 1.214575808734623 
44 96 5 0 10 21 9.055385138137417 16.0 1.2289031275854982 
42 95 6 0 7 24 9.055385138137417 16.0 1.2277929066520654 
41 94 7 0 6 17 9.486832980505138 16.0 1.2348825041532419 
39 93 7 0 8 21 9.486832980505138 16.0 1.2377491019184441 
35 91 8 0 5 16 10.295630140987 16.0 1.2428742617243695 
31 89 8 0 4 19 7.0710678118654755 16.0 1.2410941810362908 
30 88 8 0 5 18 7.211102550927978 16.0 1.2442574170947212 
28 87 8 0 4 20 5.830951894845301 16.0 1.2393321870677299 
26 86 8 0 1 17 4.47213595499958 16.0 1.2369207131165192 
25 85 8 0 0 16 3.1622776601683795 16.0 1.2358212877889228 
25 84 8 0 2 16 1.4142135623730951 16.0 1.2449286318925281 
24 83 9 0 0 16 4.47213595499958 16.0 1.247762902434569 
24 82 9 0 0 19 5.656854249492381 16.0 1.2460668187447612 
24 81 9 0 0 19 4.47213595499958 16.0 1.241418633013137 
24 80 9 0 0 17 5.656854249492381 16.0 1.239722549323329 
24 79 9 0 0 17 4.47213595499958 16.0 1.2380673461011709 
24 78 9 0 0 17 5.656854249492381 16.0 1.236371262411363 
24 77 9 0 0 17 4.47213595499958 16.0 1.2347160591892048 
24 76 9 0 0 17 5.656854249492381 16.0 1.233019975499397 
24 75 9 0 0 17 4.47213595499958 16.0 1.229868281022506 
24 74 9 0 0 16 5.656854249492381 16.0 1.226675706077965 
24 73 9 0 0 15 4.47213595499958 16.0 1.2265169941105398 
24 72 9 0 0 16 5.656854249492381 16.0 1.224641758219482 
24 70 9 0 0 17 4.47213595499958 16.0 1.2184970812331246 
24 69 9 0 0 14 5.656854249492381 16.0 1.2151253540873337 
24 67 9 0 0 14 4.47213595499958 16.0 1.2149666421199086 
24 66 9 0 0 15 5.656854249492381 16.0 1.2029568196394576 
24 65 9 1 0 18 4.47213595499958 16.0 1.1998051251625665 
24 64 9 1 0 17 5.656854249492381 16.0 1.1966125502180256 
24 63 9 1 0 16 4.47213595499958 16.0 1.1801541344410251 
24 62 9 2 0 16 5.656854249492381 16.0 1.1559932297214592 
24 60 9 3 0 12 4.47213595499958 16.0 1.1440242877086582 
24 59 9 4 0 15 5.656854249492381 16.0 1.1423282040188503 
24 58 9 4 0 15 4.47213595499958 16.0 1.1376800182872258 
24 57 9 4 0 13 5.656854249492381 16.0 1.1359839345974179 
24 56 9 4 0 13 4.47213595499958 16.0 1.1328322401205266 
24 55 9 4 0 12 5.656854249492381 16.0 1.1281431739212529 
24 54 9 4 0 10 4.47213595499958 16.0 1.1264879706990947 
24 53 9 4 0 10 5.656854249492381 16.0 1.1247918870092868 
24 52 9 4 0 10 4.47213595499958 16.0 1.1083334712322863 
24 51 9 5 0 10 5.656854249492381 16.0 1.1066373875424784 
24 50 9 5 0 10 4.47213595499958 16.0 1.1040244138642046 
24 49 9 5 0 10 5.656854249492381 15.033296378372908 1.0875251176195544 
24 48 9 6 0 10 4.47213595499958 15.033296378372908 1.0843734231426632 
24 47 9 6 0 9 5.656854249492381 15.033296378372908 1.0773049400190395 
24 46 9 6 0 6 4.47213595499958 14.142135623730951 1.0741532455421485 
24 45 9 6 0 5 5.656854249492381 14.142135623730951 1.0708198484282005 
24 44 9 6 0 4 4.47213595499958 14.0 1.0691646452060424 
24 43 9 6 0 4 5.656854249492381 14.0 1.0659720702615014 
24 42 9 6 0 3 4.47213595499958 14.0 1.06282037578461 
24 41 9 6 0 2 5.656854249492381 14.0 1.061124292094802 
24 40 9 6 0 2 4.47213595499958 14.0 1.0431693850630683 
24 39 9 7 0 1 5.656854249492381 14.0 1.0414733013732604 
24 38 9 7 0 1 4.47213595499958 14.0 1.0398180981511023 
24 37 9 7 0 1 5.656854249492381 14.0 1.0366255232065613 
24 36 9 7 0 0 4.47213595499958 14.0 1.0396389459498523 
24 36 9 7 0 2 5.656854249492381 14.0 1.021643158450469 
24 35 9 8 0 1 4.47213595499958 14.0 1.0175387547432282 
24 34 9 8 0 0 5.656854249492381 13.038404810405298 1.0288320235096748 
24 36 9 8 0 4 4.47213595499958 15.033296378372908 1.023300912108434 
24 35 9 8 0 2 5.656854249492381 14.142135623730951 1.001039458498578 
24 33 9 9 0 0 4.47213595499958 13.038404810405298 1.0123736077326744 
24 35 9 9 0 4 5.656854249492381 15.033296378372908 1.0013399153782874 
24 33 9 9 0 0 4.47213595499958 13.341664064126334 1.0123736077326744 
24 35 9 9 0 4 5.656854249492381 15.033296378372908 1.001039458498578 
24 33 9 9 0 0 4.47213595499958 13.038404810405298 1.0123736077326744 
24 35 9 9 0 4 5.656854249492381 15.033296378372908 1.0066607936943772 
24 34 9 9 0 2 4.47213595499958 14.0 1.001059898732403 
24 33 9 9 0 0 5.656854249492381 13.038404810405298 1.0013399153782874 
24 33 9 9 0 0 4.47213595499958 13.341664064126334 0.9730861586517113 
24 21 9 9 0 0 5.656854249492381 5.0990195135927845 0.9995071695598069 
22 23 9 8 3 5 2.8284271247461903 2.8284271247461903 1 
