140 140 0 0 14 14 16.0 16.0 1.1182439278701972 
138 139 0 0 17 17 16.0 14.142135623730951 1.128030091717102 
134 137 0 0 16 20 12.0 16.0 1.1385242984716295 
132 136 0 0 21 23 13.341664064126334 16.0 1.1454851829982282 
128 135 0 0 22 24 13.341664064126334 16.0 1.1457212240123538 
124 134 0 0 22 22 13.341664064126334 16.0 1.153314657789204 
120 133 0 0 27 22 13.341664064126334 16.0 1.1542754059789564 
116 132 0 0 22 22 13.341664064126334 16.0 1.1618995590642651 
112 131 0 0 24 23 13.341664064126334 16.0 1.174950331736573 
106 130 1 0 16 24 13.038404810405298 16.0 1.2072564256217602 
104 129 2 0 16 35 13.038404810405298 16.0 1.2050817592784886 
102 127 2 0 17 34 13.038404810405298 16.0 1.20282681753286 
100 126 2 0 18 32 14.142135623730951 16.0 1.176936944078164 
98 120 2 0 18 24 14.142135623730951 15.033296378372908 1.1727172177642493 
96 118 2 0 19 22 15.033296378372908 15.033296378372908 1.1792687511812723 
94 117 2 0 18 25 15.033296378372908 15.033296378372908 1.1750735598534128 
92 115 2 0 19 23 15.033296378372908 15.033296378372908 1.191060666352334 
91 113 3 0 18 28 15.033296378372908 15.033296378372908 1.1952084575836917 
89 111 3 0 18 31 15.033296378372908 14.0 1.1936778910623633 
87 110 3 0 17 30 15.033296378372908 14.0 1.1928105930997446 
85 109 3 0 17 29 15.033296378372908 14.0 1.1906452062116872 
83 108 3 0 15 28 14.0 14.0 1.2006244090844012 
81 106 3 0 13 34 14.0 14.0 1.1867544665290655 
80 104 3 0 17 27 14.0 14.0 1.1874612972696839 
74 103 3 0 13 25 14.0 14.0 1.1980500973735517 
73 101 4 0 13 27 14.0 14.0 1.1976106731063962 
72 100 4 0 16 26 14.0 14.0 1.1975684032262457 
72 99 4 0 25 24 14.0 14.0 1.198590590032915 
68 98 4 0 14 26 14.0 14.0 1.2185918104748847 
66 97 4 0 15 35 14.0 14.0 1.2034951068925797 
65 93 4 0 17 30 14.0 14.0 1.2178933453847076 
64 92 4 0 18 37 14.0 14.0 1.225476023865031 
58 91 5 0 17 33 14.0 14.0 1.236750000781132 
56 90 5 0 17 38 13.341664064126334 14.0 1.2226953466829407 
54 88 6 0 11 29 13.341664064126334 14.0 1.220324353964894 
53 86 6 0 11 29 13.038404810405298 14.0 1.213467612143313 
51 82 6 0 11 29 12.165525060596439 12.0 1.224050503971731 
49 81 6 0 13 33 11.40175425099138 12.0 1.2364757256447683 
49 80 6 0 21 38 11.40175425099138 11.045361017187261 1.2228795427382813 
41 79 6 0 12 29 10.198039027185569 11.045361017187261 1.212368952515704 
40 78 6 0 15 23 9.055385138137417 11.045361017187261 1.2099758006827832 
36 76 6 0 11 22 10.0 11.045361017187261 1.2136273144300285 
35 74 6 0 14 24 10.0 11.045361017187261 1.2134542321947952 
31 73 7 0 9 19 8.48528137423857 11.045361017187261 1.2124710821333688 
30 71 7 0 8 20 7.0710678118654755 11.045361017187261 1.213385058926657 
29 70 7 0 10 20 7.211102550927978 11.045361017187261 1.2192698467880754 
25 69 8 0 5 18 5.830951894845301 11.045361017187261 1.2181978732706689 
24 68 8 0 4 18 5.830951894845301 11.045361017187261 1.2262218909532607 
22 67 9 0 1 18 8.246211251235321 11.045361017187261 1.2240730959612554 
21 66 9 0 0 18 7.0710678118654755 10.0 1.2060812309026483 
21 65 9 1 0 18 3.1622776601683795 10.0 1.18869314638858 
21 64 9 2 1 18 1.4142135623730951 10.0 1 
