140 140 0 0 14 14 16.0 16.0 1.138468235749663 
138 139 0 0 17 18 16.0 14.142135623730951 1.1496425595109987 
134 137 0 0 16 22 12.165525060596439 16.0 1.1621544937693626 
132 136 0 0 21 26 13.038404810405298 16.0 1.1727679641904325 
128 135 0 0 22 29 13.038404810405298 16.0 1.162522233604788 
124 134 0 0 22 22 13.038404810405298 16.0 1.1724327951265947 
120 133 0 0 22 25 13.038404810405298 16.0 1.18506189475841 
116 132 0 0 23 29 13.038404810405298 16.0 1.176222840597544 
112 131 0 0 25 22 13.341664064126334 16.0 1.1774644724851089 
110 129 0 0 24 24 13.341664064126334 15.033296378372908 1.1724744127104099 
106 128 0 0 20 21 15.033296378372908 15.033296378372908 1.1715108217921826 
102 127 0 0 16 20 15.033296378372908 15.033296378372908 1.1799902654151235 
100 123 1 0 14 23 15.033296378372908 15.033296378372908 1.180450014654621 
98 122 2 0 15 18 15.033296378372908 15.033296378372908 1.1928663800175379 
96 121 2 0 17 23 15.033296378372908 15.033296378372908 1.1945016904274657 
94 120 2 0 18 23 15.033296378372908 15.033296378372908 1.2075278672026009 
92 119 2 0 18 29 15.033296378372908 15.033296378372908 1.1997116013135243 
90 117 2 0 17 26 15.033296378372908 15.033296378372908 1.1979757397416881 
88 113 2 0 16 28 15.033296378372908 15.033296378372908 1.1976121792833734 
86 111 2 0 17 28 15.033296378372908 15.033296378372908 1.1998307618107111 
86 110 2 0 23 28 15.033296378372908 15.033296378372908 1.2077522334165813 
80 109 2 0 16 31 15.033296378372908 15.033296378372908 1.20609371259487 
79 105 3 0 16 29 15.033296378372908 15.033296378372908 1.2061563846910477 
75 104 4 0 18 22 15.033296378372908 15.033296378372908 1.2252294490984184 
73 103 4 0 18 31 15.033296378372908 15.033296378372908 1.2253991233188928 
72 102 4 0 19 31 15.033296378372908 15.033296378372908 1.2133643305334971 
66 100 4 0 18 23 14.0 15.033296378372908 1.2209839875938708 
65 99 4 0 21 26 13.038404810405298 15.033296378372908 1.222735037460518 
61 98 4 0 18 26 11.661903789690601 15.033296378372908 1.2237007180673003 
60 97 4 0 23 25 11.661903789690601 15.033296378372908 1.2326025389339006 
58 96 4 0 20 30 11.661903789690601 15.033296378372908 1.2200343424099587 
54 92 5 0 14 24 11.661903789690601 12.165525060596439 1.2055353613934545 
52 91 5 1 15 24 11.661903789690601 12.165525060596439 1.223279948752423 
51 90 6 1 14 29 11.661903789690601 12.165525060596439 1.2337531379530784 
43 89 7 1 11 26 11.661903789690601 12.165525060596439 1.2333130007613342 
42 88 7 1 14 25 11.661903789690601 12.165525060596439 1.2349406166655035 
40 87 7 1 15 25 8.94427190999916 12.165525060596439 1.2396582632326414 
39 86 7 1 11 29 8.94427190999916 12.165525060596439 1.2364397695399623 
39 85 7 1 15 27 8.94427190999916 12.165525060596439 1.2345770058959582 
35 84 7 1 8 27 8.94427190999916 11.40175425099138 1.2303392882300226 
34 83 7 1 9 25 8.94427190999916 11.045361017187261 1.2418132499072752 
32 82 8 1 6 27 11.313708498984761 10.770329614269007 1.2340791454386815 
30 81 8 1 6 23 11.313708498984761 10.198039027185569 1.2309164660352403 
29 80 8 1 8 21 9.899494936611665 10.198039027185569 1.236683596380254 
25 79 8 1 5 23 3.1622776601683795 10.198039027185569 1.2374756913168814 
24 78 8 1 4 24 7.615773105863909 10.198039027185569 1.2431774211361262 
22 77 9 1 1 23 4.47213595499958 10.198039027185569 1.2419375689203191 
21 76 9 1 0 23 3.1622776601683795 10.198039027185569 1.2366053991879735 
21 75 9 1 1 21 1.4142135623730951 10.198039027185569 1 
