140 140 0 0 14 14 16.0 16.0 1.1204416030537119 
139 139 0 0 19 17 16.0 13.038404810405298 1.1421323542497954 
135 138 0 0 22 21 13.341664064126334 15.033296378372908 1.1460391651359585 
131 136 0 0 25 20 13.341664064126334 15.033296378372908 1.1428575873047793 
127 134 0 0 25 17 14.142135623730951 16.0 1.1518860355592788 
123 132 0 0 28 18 14.142135623730951 16.0 1.175449140084472 
123 130 0 0 38 25 14.142135623730951 16.0 1.1724504489527279 
117 129 0 0 38 20 13.038404810405298 16.0 1.1837818477075572 
113 128 0 0 36 23 13.038404810405298 16.0 1.2042439503603526 
107 127 0 0 34 28 13.038404810405298 16.0 1.2322626217113433 
99 125 1 0 35 31 13.038404810405298 16.0 1.2427353248077728 
89 121 2 0 27 31 13.038404810405298 16.0 1.2196924356496743 
88 117 2 0 34 22 12.165525060596439 16.0 1.2843889964320172 
84 116 2 0 34 45 11.045361017187261 16.0 1.2697732128132846 
74 112 3 0 29 34 11.045361017187261 16.0 1.2768462445005935 
68 110 4 0 16 36 11.045361017187261 16.0 1.272191197557623 
67 108 4 0 24 32 11.045361017187261 16.0 1.2951728953645043 
66 106 4 0 24 42 11.045361017187261 16.0 1.270763655830391 
60 105 5 0 13 30 11.045361017187261 16.0 1.2638815652365225 
59 104 5 0 19 25 10.198039027185569 16.0 1.2712458335487313 
57 103 5 0 27 24 10.0 16.0 1.2744001681788046 
49 102 6 0 14 22 10.0 16.0 1.2768296461617048 
47 98 6 0 14 25 10.0 16.0 1.268799626931374 
45 97 6 0 17 20 10.0 16.0 1.264753552931714 
41 96 6 0 10 19 10.0 16.0 1.2681104372160683 
40 95 6 0 11 20 9.055385138137417 16.0 1.2778300480673774 
40 93 6 0 15 24 9.055385138137417 16.0 1.290544839426742 
39 92 7 0 15 26 9.055385138137417 16.0 1.2866448992199668 
33 91 7 0 9 23 6.324555320336759 16.0 1.2873607609385367 
32 90 7 0 10 23 6.324555320336759 16.0 1.282036282069778 
30 89 7 0 8 21 4.47213595499958 16.0 1.2818157197015991 
28 88 7 0 6 21 2.8284271247461903 16.0 1.2796727384329958 
27 87 8 0 4 18 2.8284271247461903 16.0 1.2783349209444386 
26 86 8 0 3 18 2.8284271247461903 16.0 1.2872692661079963 
25 85 9 0 2 19 5.0990195135927845 16.0 1.2849979228462232 
24 84 9 0 0 19 4.0 16.0 1.2803268131652077 
24 82 9 0 0 19 4.47213595499958 16.0 1.2782966969311573 
24 80 9 0 0 20 4.0 16.0 1.2710647685659735 
24 78 9 0 0 19 4.47213595499958 16.0 1.281593438218405 
24 77 9 0 0 24 4.0 16.0 1.2792378396871982 
24 76 9 0 0 24 4.47213595499958 16.0 1.264403630032306 
24 74 9 0 0 20 4.0 16.0 1.237915504212327 
24 70 9 1 0 20 4.47213595499958 16.0 1.235640080443917 
24 69 9 1 0 20 4.0 16.0 1.2358453005968784 
24 68 9 1 0 21 4.47213595499958 16.0 1.2038250971026399 
24 66 9 2 0 17 4.0 16.0 1.1868443234162545 
24 65 9 3 0 18 4.47213595499958 16.0 1.1845688996478443 
24 64 9 3 0 18 4.0 16.0 1.1796524824324695 
24 63 9 3 0 17 4.47213595499958 16.0 1.1799378773482272 
24 62 9 3 0 18 4.0 16.0 1.1775822788170203 
24 61 9 3 0 18 4.47213595499958 16.0 1.1701852176802734 
24 60 9 3 0 16 4.0 16.0 1.167829619149067 
24 59 9 3 0 16 4.47213595499958 16.0 1.1655541953806563 
24 58 9 3 0 16 4.0 16.0 1.158076959481113 
24 57 9 3 0 14 4.47213595499958 16.0 1.1532407170285341 
24 56 9 3 0 13 4.0 16.0 1.1560067558656644 
24 55 9 3 0 15 4.47213595499958 16.0 1.1537313320972538 
24 54 9 3 0 15 4.0 16.0 1.1476331822326926 
24 53 9 3 0 14 4.47213595499958 15.033296378372908 1.1402361210959455 
24 52 9 3 0 12 4.0 15.033296378372908 1.1378805225647388 
24 51 9 3 0 12 4.47213595499958 15.033296378372908 1.1235407423253185 
24 50 9 4 0 14 4.0 15.033296378372908 1.1186243251099435 
24 49 9 4 0 13 4.47213595499958 15.033296378372908 1.108666445289028 
24 48 9 4 0 10 4.0 15.033296378372908 1.0719350447323757 
24 44 9 5 0 6 4.47213595499958 15.033296378372908 1.082463714384807 
24 43 9 5 0 11 4.0 15.033296378372908 1.077547297169432 
24 42 9 5 0 10 4.47213595499958 15.033296378372908 1.063939212283793 
24 41 9 5 0 6 4.0 14.142135623730951 1.0590227950684181 
24 40 9 5 0 5 4.47213595499958 14.142135623730951 1.0372458663108526 
24 38 9 6 0 5 4.0 14.142135623730951 1.0348902677796459 
24 37 9 6 0 5 4.47213595499958 14.142135623730951 1.0044523582640015 
24 35 9 7 0 2 4.0 13.341664064126334 0.9819792323869986 
24 34 9 8 0 1 4.47213595499958 13.038404810405298 0.9599569960950731 
24 33 9 9 0 0 4.0 13.038404810405298 0.9602876235359561 
24 33 9 9 0 0 4.47213595499958 13.341664064126334 0.9599569960950731 
24 33 9 9 0 0 4.0 13.038404810405298 0.9880310501424254 
24 35 9 8 0 2 4.47213595499958 14.0 0.9599569960950731 
24 33 9 9 0 0 4.0 13.038404810405298 0.9882048017488305 
24 35 9 8 0 2 4.47213595499958 14.142135623730951 0.9820193197683967 
24 34 9 8 0 1 4.0 13.038404810405298 0.959916908713675 
24 33 9 9 0 0 4.47213595499958 13.038404810405298 0.9845801384525651 
24 34 9 8 0 2 4.0 13.038404810405298 0.9602876235359561 
24 33 9 9 0 0 4.47213595499958 13.341664064126334 0.9882448891302287 
24 35 9 8 0 2 4.0 14.142135623730951 0.9602876235359561 
24 33 9 9 0 0 4.47213595499958 13.341664064126334 0.9248761787955104 
24 21 9 9 0 0 4.0 7.0710678118654755 0.9538175379030293 
22 23 9 8 3 2 2.8284271247461903 2.8284271247461903 1 
