140 140 0 0 14 14 16.0 16.0 1.096688706290844 
138 138 0 0 17 17 16.0 14.142135623730951 1.0962173747964306 
134 137 0 0 16 14 13.038404810405298 16.0 1.1048454607676468 
132 136 0 0 21 17 13.038404810405298 16.0 1.1207056312702715 
128 135 0 0 22 24 13.038404810405298 16.0 1.119366410300085 
124 131 0 0 22 24 13.038404810405298 16.0 1.1211803845339796 
120 130 0 0 22 23 14.142135623730951 16.0 1.130143231430368 
116 129 0 0 26 25 14.142135623730951 16.0 1.1448531493836518 
110 127 1 0 19 28 14.142135623730951 15.033296378372908 1.152263861107626 
106 126 1 0 20 30 15.033296378372908 15.033296378372908 1.1529290408388682 
100 125 2 0 17 22 15.033296378372908 15.033296378372908 1.1527814545941448 
98 123 2 0 18 22 15.033296378372908 15.033296378372908 1.145341127047175 
96 121 2 0 18 18 15.033296378372908 15.033296378372908 1.1428956954891958 
94 120 2 0 18 16 15.033296378372908 15.033296378372908 1.1422260850041026 
92 118 2 0 18 16 15.033296378372908 15.033296378372908 1.1611759757303348 
88 117 3 0 16 20 15.033296378372908 15.033296378372908 1.1706624408380568 
86 115 3 0 16 26 15.033296378372908 15.033296378372908 1.1800657641383618 
84 114 3 0 16 31 15.033296378372908 15.033296378372908 1.1776203325803827 
82 113 3 0 16 29 15.033296378372908 15.033296378372908 1.171558858756699 
81 112 3 0 18 25 15.033296378372908 15.033296378372908 1.1629913409215724 
79 111 3 0 16 20 15.033296378372908 15.033296378372908 1.1668777439925169 
77 109 3 0 15 23 15.033296378372908 15.033296378372908 1.177530566323611 
76 107 4 0 14 25 15.033296378372908 15.033296378372908 1.1804545130676434 
75 106 4 0 17 26 15.033296378372908 15.033296378372908 1.1871983143390914 
69 104 5 0 19 21 15.033296378372908 15.033296378372908 1.2002009519724686 
63 103 6 0 12 22 15.033296378372908 14.142135623730951 1.2008962576619666 
62 102 6 0 14 22 14.142135623730951 14.142135623730951 1.2007921361541858 
60 101 6 0 12 22 14.142135623730951 14.142135623730951 1.206057392948417 
59 100 6 0 13 25 14.142135623730951 14.142135623730951 1.1991825543787595 
57 99 6 0 11 21 14.142135623730951 14.142135623730951 1.197319803831988 
57 98 6 0 17 19 14.142135623730951 14.142135623730951 1.19792647521599 
53 94 6 0 11 22 14.142135623730951 14.142135623730951 1.20341811794326 
52 93 7 0 10 20 14.142135623730951 14.142135623730951 1.1986508809452696 
52 91 7 0 14 19 14.142135623730951 12.0 1.2208863508137604 
48 90 7 0 11 31 14.142135623730951 12.0 1.216305059755632 
47 88 8 0 10 24 14.142135623730951 12.0 1.2227409715749624 
46 87 8 0 10 28 14.142135623730951 12.0 1.2286150677045764 
44 86 8 0 13 30 13.038404810405298 12.0 1.2162279595594008 
38 84 8 0 10 21 12.0 12.0 1.2157516174389493 
37 83 8 0 13 20 11.045361017187261 12.0 1.2235561211197101 
31 82 8 0 10 22 7.615773105863909 12.0 1.2249139951426327 
30 81 8 0 10 23 7.615773105863909 12.0 1.2225431863268847 
28 79 8 0 10 22 7.0710678118654755 12.0 1.222186263110349 
27 78 8 0 10 22 5.656854249492381 12.0 1.2162328671101024 
26 77 8 0 9 19 4.47213595499958 12.0 1.223647872837607 
24 76 9 0 6 18 4.47213595499958 12.0 1.2208901653910345 
22 74 9 0 2 18 4.47213595499958 12.0 1.2195211159820414 
21 73 9 0 0 18 5.0990195135927845 12.0 1.218375973249021 
21 72 9 0 1 18 1.4142135623730951 12.0 1 
