140 140 0 0 14 14 16.0 16.0 1.0970009285397477 
138 138 0 0 17 17 16.0 14.142135623730951 1.107611684199555 
134 137 0 0 16 22 13.038404810405298 16.0 1.1041719919519666 
132 136 0 0 16 19 13.038404810405298 16.0 1.1072898377247364 
130 135 0 0 16 21 13.038404810405298 16.0 1.110275735155791 
128 133 0 0 16 24 13.038404810405298 16.0 1.109523814409187 
126 132 0 0 14 23 13.341664064126334 16.0 1.1099385195304767 
124 131 0 0 16 23 13.341664064126334 16.0 1.1104734128167717 
122 130 0 0 15 23 13.341664064126334 16.0 1.116174211076016 
120 129 0 0 16 27 13.341664064126334 16.0 1.1166289789189743 
118 128 0 0 17 27 13.341664064126334 16.0 1.1170837467619323 
116 127 0 0 18 27 13.341664064126334 16.0 1.120161024711243 
114 126 0 0 18 29 14.142135623730951 16.0 1.1126548613097247 
112 124 0 0 18 24 14.142135623730951 16.0 1.1137171556601555 
110 123 0 0 18 25 14.142135623730951 15.033296378372908 1.1167898374895793 
108 122 0 0 18 27 15.033296378372908 15.033296378372908 1.1170947699211027 
102 120 0 0 18 25 15.033296378372908 15.033296378372908 1.1314272275407553 
101 119 1 0 19 28 15.033296378372908 15.033296378372908 1.1319442337573309 
95 118 1 0 17 25 15.033296378372908 15.033296378372908 1.1450453092162487 
94 117 2 0 16 27 15.033296378372908 15.033296378372908 1.1469317728282837 
92 116 2 0 14 28 15.033296378372908 15.033296378372908 1.1474266033929104 
90 115 2 0 14 28 15.033296378372908 15.033296378372908 1.1439869111453222 
88 114 2 0 14 25 15.033296378372908 15.033296378372908 1.134985468899639 
86 110 2 0 12 21 15.033296378372908 15.033296378372908 1.140646204437215 
84 109 2 0 14 25 15.033296378372908 15.033296378372908 1.1385180197936986 
82 108 2 0 14 23 15.033296378372908 15.033296378372908 1.1433749641844193 
81 107 2 0 13 27 14.142135623730951 15.033296378372908 1.1442522218195792 
80 106 2 0 12 28 14.142135623730951 15.033296378372908 1.1411949566425246 
79 105 2 0 11 26 14.142135623730951 15.033296378372908 1.1368261838613982 
78 104 2 0 10 23 14.142135623730951 15.033296378372908 1.1336041110410207 
77 102 2 0 10 22 14.0 15.033296378372908 1.135379057320276 
75 101 2 0 12 23 13.038404810405298 15.033296378372908 1.137097684610997 
73 99 2 0 12 25 12.165525060596439 15.033296378372908 1.1376712857301885 
71 98 2 0 11 25 11.40175425099138 15.033296378372908 1.1380661684943845 
69 96 2 0 11 26 10.770329614269007 15.033296378372908 1.1449823439174165 
67 95 2 0 15 31 10.295630140987 15.033296378372908 1.1448209751120866 
63 94 2 0 13 29 11.313708498984761 15.033296378372908 1.1453558683983815 
61 93 2 0 12 29 11.313708498984761 15.033296378372908 1.1458506989630082 
59 92 2 0 12 29 11.313708498984761 15.033296378372908 1.1555334608766645 
58 91 3 0 11 29 11.313708498984761 14.0 1.1551257268094273 
57 90 3 0 11 29 10.0 14.0 1.1468224312160864 
56 89 3 0 10 23 10.0 14.0 1.1515022633217455 
55 87 3 0 9 28 10.0 14.0 1.148444998144691 
54 86 3 0 8 26 10.0 14.0 1.150251336313389 
52 85 3 0 8 27 10.0 14.0 1.1494346592739442 
50 84 3 0 8 26 10.0 14.0 1.1600215626090409 
48 83 4 0 10 26 10.0 13.038404810405298 1.1645955085128554 
46 79 5 0 7 24 10.0 13.038404810405298 1.1654327034263467 
45 78 5 0 7 25 10.0 13.038404810405298 1.1636468831316953 
44 77 5 0 7 24 10.0 13.038404810405298 1.1641817764179905 
42 76 5 0 6 24 10.0 13.038404810405298 1.1716072806543658 
41 75 5 0 7 30 8.602325267042627 13.038404810405298 1.1646154926650962 
40 74 5 0 6 25 8.602325267042627 13.038404810405298 1.1482233252577783 
38 73 5 1 8 23 8.602325267042627 13.038404810405298 1.1556885652282145 
37 72 5 1 8 29 7.211102550927978 13.038404810405298 1.1473852696348734 
36 71 5 1 7 23 7.211102550927978 13.038404810405298 1.1626868705097329 
34 70 6 1 8 26 7.211102550927978 13.038404810405298 1.1581258047287024 
32 69 6 1 5 22 5.830951894845301 13.038404810405298 1.1589629996421942 
31 68 6 1 5 23 5.830951894845301 13.038404810405298 1.1680894895672287 
30 67 7 1 5 22 5.830951894845301 13.038404810405298 1.1742816422828843 
29 66 7 1 4 27 4.47213595499958 13.038404810405298 1.1672497915719464 
28 65 7 1 4 22 4.47213595499958 13.038404810405298 1.1526717470042385 
27 64 7 2 2 22 4.47213595499958 13.038404810405298 1.1508203618632296 
26 62 7 2 2 22 3.1622776601683795 13.038404810405298 1.1540629814296284 
25 61 7 2 1 25 8.246211251235321 13.038404810405298 1.1496541459268335 
24 60 7 2 1 22 8.246211251235321 13.038404810405298 1.1563889531469398 
23 59 8 2 0 19 4.47213595499958 13.038404810405298 1.1589232603008366 
23 58 8 2 1 22 2.8284271247461903 13.038404810405298 1.1577601977987453 
22 57 8 2 1 22 3.1622776601683795 12.165525060596439 1.1707631193624337 
21 56 9 2 0 24 5.0990195135927845 12.165525060596439 1.1642203158982174 
21 55 9 2 1 20 1.4142135623730951 12.165525060596439 1 
