140 140 0 0 14 14 16.0 16.0 0.9876356452697151 
138 139 0 0 17 17 16.0 14.142135623730951 0.9930444977293672 
134 137 0 0 16 16 12.165525060596439 16.0 0.9969444693465007 
132 136 0 0 16 19 13.038404810405298 16.0 1.0003250525320817 
130 134 0 0 16 22 13.038404810405298 16.0 1.002641705964767 
128 133 0 0 16 23 13.038404810405298 16.0 1.0023892926410467 
126 131 0 0 14 22 13.038404810405298 15.033296378372908 1.000581371699185 
124 129 0 0 16 22 15.033296378372908 15.033296378372908 1.001464887562012 
122 127 0 0 15 22 15.033296378372908 15.033296378372908 1.0011937393857424 
120 126 0 0 16 21 15.033296378372908 15.033296378372908 1.0019395649958145 
118 125 0 0 17 21 15.033296378372908 15.033296378372908 1.0016684168195449 
116 124 0 0 18 20 15.033296378372908 15.033296378372908 1.0080999213641508 
114 122 0 0 18 26 15.033296378372908 15.033296378372908 1.0093996010104944 
112 121 0 0 18 26 15.033296378372908 15.033296378372908 1.0137502020158635 
110 120 0 0 18 29 15.033296378372908 15.033296378372908 1.0089480389441567 
108 119 0 0 18 23 15.033296378372908 15.033296378372908 1.0092307448041584 
106 118 0 0 18 22 15.033296378372908 15.033296378372908 1.0105304244505022 
104 117 0 0 18 22 15.033296378372908 15.033296378372908 1.0119208383830474 
102 116 0 0 16 21 15.033296378372908 15.033296378372908 1.0183053869610996 
100 115 0 0 16 26 15.033296378372908 15.033296378372908 1.0246075812897768 
94 114 0 0 17 27 15.033296378372908 15.033296378372908 1.0343731801165938 
93 113 1 0 16 24 15.033296378372908 15.033296378372908 1.046487185948828 
91 112 1 0 13 33 15.033296378372908 15.033296378372908 1.0609570106211859 
85 110 2 0 12 30 15.033296378372908 15.033296378372908 1.0641727628934892 
84 109 2 0 12 33 15.033296378372908 15.033296378372908 1.059350191217088 
82 108 2 0 13 27 14.0 15.033296378372908 1.0739096954933127 
78 107 3 0 15 27 14.0 15.033296378372908 1.0767227781902953 
76 106 3 0 15 28 13.038404810405298 15.033296378372908 1.0906825271460296 
70 105 4 0 13 23 13.038404810405298 15.033296378372908 1.0914158623942667 
68 104 4 0 13 22 12.165525060596439 15.033296378372908 1.0951437908589807 
66 103 4 0 13 24 11.40175425099138 15.033296378372908 1.0948062638454028 
64 102 4 0 13 23 11.40175425099138 14.142135623730951 1.0934717331617962 
62 101 4 0 11 19 10.770329614269007 14.142135623730951 1.1011090054196386 
58 100 4 0 11 23 10.770329614269007 14.142135623730951 1.1097668961739122 
57 99 5 0 12 20 10.770329614269007 14.142135623730951 1.1235604886014137 
55 98 5 0 9 30 9.486832980505138 14.142135623730951 1.11534914700137 
54 97 5 0 8 21 9.055385138137417 14.142135623730951 1.1344088808024193 
48 96 5 0 8 34 9.055385138137417 14.142135623730951 1.142603651806623 
47 95 6 0 8 30 9.055385138137417 14.142135623730951 1.1449203052393084 
45 94 6 0 8 31 9.055385138137417 14.142135623730951 1.1450397572582416 
44 93 6 0 7 30 8.246211251235321 14.142135623730951 1.145805398174345 
43 91 6 0 6 31 8.246211251235321 14.142135623730951 1.1365178014621986 
42 90 6 0 5 22 9.899494936611665 14.142135623730951 1.134312482388863 
38 88 6 0 7 17 7.211102550927978 14.142135623730951 1.1357028963214082 
36 87 6 0 5 16 7.211102550927978 14.142135623730951 1.13598560218141 
34 86 6 0 5 15 7.211102550927978 14.142135623730951 1.1528700175126196 
33 85 7 0 4 19 7.211102550927978 14.142135623730951 1.1556226500348523 
32 84 7 0 3 21 7.211102550927978 14.142135623730951 1.1511657317664916 
31 83 7 0 4 17 7.211102550927978 14.142135623730951 1.1388156298987322 
30 82 7 1 3 17 7.211102550927978 14.142135623730951 1.1476004141324467 
29 80 8 1 3 16 7.211102550927978 12.0 1.1477652450457245 
28 79 8 1 3 16 7.211102550927978 12.0 1.1494373011333485 
27 77 8 1 1 18 7.211102550927978 11.045361017187261 1.1506913996040282 
26 76 8 1 1 19 7.0710678118654755 11.045361017187261 1.1505693529356085 
25 75 8 1 1 18 5.656854249492381 11.045361017187261 1.1524812538398728 
24 74 8 1 1 19 4.242640687119285 11.045361017187261 1.1524061631380071 
23 72 8 1 1 19 2.8284271247461903 11.045361017187261 1.1504191715318772 
23 71 8 1 1 18 2.8284271247461903 11.045361017187261 1.1484321799257475 
23 70 8 1 1 17 2.8284271247461903 11.045361017187261 1.1454282145332761 
23 69 8 1 1 15 2.8284271247461903 11.045361017187261 1.1434412229271462 
23 68 8 1 1 14 2.8284271247461903 11.045361017187261 1.1417436514485588 
23 67 8 1 1 14 2.8284271247461903 10.0 1.140820589595325 
23 65 8 1 1 15 2.8284271247461903 10.0 1.138833597989195 
23 64 8 1 1 14 2.8284271247461903 10.0 1.1358765885632773 
23 62 8 1 1 13 2.8284271247461903 10.0 1.1359235445298312 
23 61 8 1 1 14 2.8284271247461903 10.0 1.1332791168919336 
23 60 8 1 1 13 2.8284271247461903 9.055385138137417 1.1323090990721456 
23 59 8 1 1 13 2.8284271247461903 9.055385138137417 1.130322107466016 
23 58 8 1 1 12 2.8284271247461903 9.055385138137417 1.1293990456127816 
23 56 8 1 1 13 2.8284271247461903 9.055385138137417 1.1283516948579175 
23 55 8 1 1 13 2.8284271247461903 8.94427190999916 1.1279128123648414 
23 54 8 1 1 14 2.8284271247461903 8.246211251235321 1.111887016121615 
23 52 8 2 1 13 2.8284271247461903 8.246211251235321 1.1099000245154853 
23 51 8 2 1 12 2.8284271247461903 8.246211251235321 1.1089300066956973 
23 50 8 2 1 12 2.8284271247461903 8.246211251235321 1.0949381580251543 
23 48 8 3 1 13 2.8284271247461903 8.246211251235321 1.0942159895616084 
23 47 8 3 1 13 2.8284271247461903 8.602325267042627 1.078190193318382 
23 45 8 4 1 12 2.8284271247461903 8.602325267042627 1.0785674993856214 
23 44 8 4 1 14 2.8284271247461903 7.615773105863909 1.0745465602068083 
23 43 8 4 1 11 2.8284271247461903 7.615773105863909 1.071542594814337 
23 42 8 4 1 9 2.8284271247461903 7.615773105863909 1.0682064796793864 
23 40 8 4 1 8 2.8284271247461903 7.0710678118654755 1.0672364618595984 
23 39 8 4 1 8 2.8284271247461903 7.0710678118654755 1.051210665616372 
23 37 8 5 1 7 2.8284271247461903 7.0710678118654755 1.049495202641721 
23 36 8 5 1 7 2.8284271247461903 6.0 1.0365203277575197 
23 34 8 6 1 9 2.8284271247461903 6.0 1.0335163623650483 
23 33 8 6 1 7 2.8284271247461903 6.0 1.0325463445452603 
23 32 8 6 1 7 2.8284271247461903 6.0 1.0299322856976558 
23 31 8 6 1 6 2.8284271247461903 5.0990195135927845 1.0303674852436397 
23 30 8 6 1 7 2.8284271247461903 5.656854249492381 1.0285016626659913 
23 29 8 6 1 6 2.8284271247461903 5.830951894845301 1.0134928402091066 
23 27 8 7 1 6 2.8284271247461903 5.830951894845301 1.009383436971246 
23 26 8 7 1 4 2.8284271247461903 4.242640687119285 1.0088454228798713 
23 25 8 7 1 3 2.8284271247461903 6.324555320336759 1.005569178599571 
23 24 8 7 1 2 2.8284271247461903 4.47213595499958 1.0074249473593562 
23 23 8 7 1 3 2.8284271247461903 7.0710678118654755 0.9913521951495756 
23 22 8 8 1 1 2.8284271247461903 7.0710678118654755 0.9762964167261372 
23 21 8 9 1 0 2.8284271247461903 7.0710678118654755 0.9814412477226538 
23 23 8 9 1 4 2.8284271247461903 5.830951894845301 0.9774915693253776 
23 22 8 9 1 2 2.8284271247461903 4.47213595499958 0.9749239043297996 
23 21 8 9 1 0 2.8284271247461903 5.0990195135927845 0.9822900965139605 
23 24 8 9 1 4 2.8284271247461903 5.656854249492381 0.9814412477226538 
23 23 8 9 1 4 2.8284271247461903 5.830951894845301 0.9787808219995481 
23 22 8 9 1 2 2.8284271247461903 6.324555320336759 0.9749239043297996 
23 21 8 9 1 0 2.8284271247461903 5.0990195135927845 0.9774915693253776 
23 22 8 9 1 2 2.8284271247461903 4.47213595499958 0.9749239043297996 
23 21 8 9 1 0 2.8284271247461903 5.0990195135927845 0.9787808219995481 
23 22 8 9 1 2 2.8284271247461903 6.324555320336759 0.9762964167261372 
23 21 8 9 1 0 2.8284271247461903 7.0710678118654755 0.9913521951495756 
23 22 8 8 1 1 2.8284271247461903 7.0710678118654755 0.9762964167261372 
23 21 8 9 1 0 2.8284271247461903 7.0710678118654755 0.9953915883007031 
23 24 8 8 1 5 2.8284271247461903 4.242640687119285 0.9803358098772647 
23 23 8 9 1 4 2.8284271247461903 4.242640687119285 0.977364549454227 
23 22 8 9 1 3 2.8284271247461903 2.8284271247461903 0.9733763152448478 
23 21 8 9 1 1 2.8284271247461903 1.4142135623730951 -1 
