140 140 0 0 14 14 16.0 16.0 1.1216038946841105 
138 138 0 0 17 17 16.0 14.142135623730951 1.1269269179190857 
134 136 0 0 16 19 13.038404810405298 16.0 1.1284891257649772 
132 135 0 0 21 19 13.341664064126334 16.0 1.129805470038941 
128 134 0 0 22 18 13.341664064126334 16.0 1.1336813704330484 
124 132 0 0 22 20 14.142135623730951 16.0 1.1391794907027217 
120 131 0 0 22 22 14.142135623730951 16.0 1.1401153862928604 
116 129 0 0 22 22 14.142135623730951 16.0 1.1460502126211862 
112 128 0 0 24 24 14.142135623730951 16.0 1.1575809771632977 
106 126 1 0 22 23 14.142135623730951 16.0 1.1690500711911753 
100 120 2 0 16 27 13.341664064126334 16.0 1.1624028236405108 
98 119 2 0 17 22 13.341664064126334 16.0 1.1616224147898944 
96 118 2 0 18 21 13.341664064126334 16.0 1.163562488368686 
94 117 2 0 18 22 14.0 16.0 1.1698972748638028 
92 116 2 0 18 26 14.0 16.0 1.1601294966702047 
88 114 2 0 16 19 14.0 16.0 1.1603790914359478 
86 113 2 0 15 19 14.0 16.0 1.1608470392310168 
84 112 2 0 15 19 14.0 16.0 1.1579897554234369 
82 110 2 0 15 19 14.0 14.142135623730951 1.1603696198484608 
80 109 2 0 17 20 15.033296378372908 14.142135623730951 1.168375875111076 
79 108 3 0 16 19 15.033296378372908 14.0 1.1537417648726576 
77 107 3 1 14 19 15.033296378372908 14.0 1.1523062969340625 
75 106 3 1 12 18 15.033296378372908 14.0 1.161356149749877 
73 105 3 1 11 24 15.033296378372908 14.0 1.1580606546619587 
72 104 3 1 12 22 15.033296378372908 14.0 1.1612436687777254 
70 103 3 1 11 24 15.033296378372908 14.0 1.162186207060344 
69 101 3 1 12 26 15.033296378372908 14.0 1.1545468403222168 
68 99 3 1 14 22 15.033296378372908 14.0 1.1683247233899567 
64 98 4 1 11 23 15.033296378372908 14.0 1.1738294863521104 
63 97 4 1 12 27 15.033296378372908 14.0 1.1735291721444878 
62 96 4 1 20 26 15.033296378372908 14.0 1.1836546284924032 
54 95 5 1 8 23 13.341664064126334 14.0 1.1839476118424876 
53 94 5 1 12 23 13.341664064126334 14.0 1.1941370164722251 
49 93 6 1 6 22 13.341664064126334 14.0 1.194586072655496 
47 92 6 1 6 22 11.045361017187261 14.0 1.1954723535632872 
46 91 6 1 6 23 11.045361017187261 14.0 1.1980999545502438 
45 89 6 1 8 26 11.045361017187261 14.0 1.2123211863691166 
44 88 7 1 8 29 11.045361017187261 14.0 1.212770761218255 
43 87 7 1 6 30 11.045361017187261 14.0 1.208663615543303 
42 86 7 1 10 27 11.045361017187261 14.0 1.2067914415460552 
40 85 7 1 6 26 11.045361017187261 14.0 1.2077253796769858 
39 83 7 1 7 28 10.0 14.0 1.1995852781890912 
38 82 7 1 6 23 9.055385138137417 14.0 1.2031370445127358 
37 78 7 1 7 29 9.055385138137417 14.0 1.1979277636895889 
33 77 7 1 5 24 8.602325267042627 14.0 1.1984163000688142 
32 76 7 1 10 24 5.830951894845301 14.0 1.1988842478638835 
30 75 7 1 10 24 5.830951894845301 14.0 1.2112583213239188 
29 73 8 1 9 27 5.830951894845301 14.0 1.2043376878818293 
27 72 8 1 6 23 7.211102550927978 13.038404810405298 1.2096127433593058 
26 71 8 1 6 27 5.830951894845301 13.038404810405298 1.2073472518877468 
25 70 8 1 5 26 5.830951894845301 13.038404810405298 1.2175616721558944 
23 69 9 1 2 26 5.830951894845301 13.038404810405298 1.2121429760092193 
22 68 9 1 0 23 5.656854249492381 13.038404810405298 1.2031708756650925 
22 67 9 1 0 18 4.47213595499958 13.038404810405298 1.1999230116456265 
22 65 9 1 0 18 5.656854249492381 13.038404810405298 1.1953510403265355 
22 64 9 1 0 16 4.47213595499958 13.038404810405298 1.1951986913115926 
22 63 9 1 0 17 5.656854249492381 13.038404810405298 1.1743325626881558 
22 61 9 2 0 15 4.47213595499958 13.038404810405298 1.1741802136732127 
22 60 9 2 0 16 5.656854249492381 13.038404810405298 1.1562475043997997 
22 58 9 3 0 16 4.47213595499958 13.038404810405298 1.1526464907063443 
22 56 9 3 0 17 5.656854249492381 11.045361017187261 1.1549948920005981 
21 55 9 3 0 19 5.0990195135927845 11.045361017187261 1.1328598385902038 
21 53 9 4 1 16 1.4142135623730951 11.045361017187261 1 
