140 140 0 0 14 14 16.0 16.0 1.1511692309953478 
139 138 0 0 19 17 16.0 13.038404810405298 1.1693615098048675 
135 136 0 0 22 22 14.0 15.033296378372908 1.1828398626655072 
131 135 0 0 25 25 14.0 15.033296378372908 1.1861290708183247 
127 134 0 0 25 24 13.038404810405298 16.0 1.1839260313089877 
123 130 0 0 28 23 14.142135623730951 16.0 1.1944418561014996 
123 129 0 0 38 25 14.142135623730951 16.0 1.195351176644213 
117 127 0 0 38 23 13.038404810405298 16.0 1.2169814012710196 
116 126 0 0 46 30 13.038404810405298 16.0 1.1851028205151415 
106 118 1 1 30 26 13.038404810405298 16.0 1.1882929625546974 
105 117 1 1 36 26 13.038404810405298 15.033296378372908 1.1754547445592958 
97 113 1 1 29 21 13.038404810405298 15.033296378372908 1.2181091935393822 
91 112 1 1 31 36 13.038404810405298 15.033296378372908 1.1914566981571972 
79 104 2 2 20 31 12.165525060596439 15.033296378372908 1.206403913787834 
78 103 2 2 28 35 12.165525060596439 15.033296378372908 1.1671468970441063 
72 97 2 2 20 22 12.165525060596439 15.033296378372908 1.165947901614982 
70 96 2 2 20 21 12.165525060596439 15.033296378372908 1.1750604394017838 
64 95 3 2 17 19 12.165525060596439 15.033296378372908 1.1859016003234406 
60 93 4 2 12 21 12.165525060596439 15.033296378372908 1.2006980012489872 
58 92 5 2 13 23 12.165525060596439 15.033296378372908 1.200467079435475 
56 91 6 2 12 19 12.165525060596439 15.033296378372908 1.2051683376144724 
56 90 6 2 15 21 12.165525060596439 15.033296378372908 1.2155442191657313 
52 88 6 2 17 24 13.038404810405298 15.033296378372908 1.216048155754957 
46 87 7 2 9 20 13.038404810405298 15.033296378372908 1.2095871171143486 
45 86 7 2 10 17 13.038404810405298 15.033296378372908 1.211236774239251 
44 85 7 2 10 18 12.0 15.033296378372908 1.2071618911851636 
43 84 7 2 10 17 11.045361017187261 14.0 1.2037249805873143 
41 82 7 2 10 16 10.770329614269007 14.0 1.2000958848402163 
40 81 7 2 9 15 9.486832980505138 14.0 1.200365256772269 
38 80 7 2 8 15 7.0710678118654755 14.0 1.201413743549383 
37 79 7 2 10 15 7.211102550927978 14.0 1.202442417785649 
35 78 7 2 10 15 7.211102550927978 14.0 1.2018373236785411 
33 76 7 2 8 16 5.656854249492381 14.0 1.1963661002986166 
32 75 7 3 14 19 4.47213595499958 14.0 1.1913676547143257 
28 74 8 3 6 14 4.47213595499958 14.0 1.1885202606507868 
28 73 8 3 8 13 5.656854249492381 14.0 1.1963379438918211 
24 72 9 3 2 13 5.0990195135927845 14.0 1.1941004168710363 
23 71 9 3 0 13 4.0 14.0 1.1873905280173205 
24 70 9 3 2 11 5.0990195135927845 14.0 1.1851530009965356 
23 69 9 3 0 11 4.0 14.0 1.1828984514735998 
24 68 9 3 2 11 5.0990195135927845 14.0 1.180660924452815 
23 67 9 3 0 11 4.0 14.0 1.1784063749298794 
24 66 9 3 2 11 5.0990195135927845 14.0 1.1761688479090946 
23 65 9 3 0 11 4.0 14.0 1.1739142983861588 
24 64 9 3 2 11 5.0990195135927845 14.0 1.169449101699984 
23 63 9 3 0 10 4.0 14.0 1.148402427040198 
24 62 9 4 2 9 5.0990195135927845 14.0 1.1461649000194132 
23 61 9 4 0 9 4.0 14.0 1.1416826808310874 
24 60 9 4 2 8 5.0990195135927845 14.0 1.1394451538103028 
23 59 9 4 0 8 4.0 14.0 1.137190604287367 
24 58 9 4 2 8 5.0990195135927845 14.0 1.1327254076011921 
23 57 9 4 0 7 4.0 14.0 1.1304708580782563 
24 56 9 4 2 7 5.0990195135927845 14.0 1.1282333310574715 
23 55 9 4 0 7 4.0 14.0 1.1259787815345357 
24 54 9 4 2 7 5.0990195135927845 14.0 1.123741254513751 
23 53 9 4 0 7 4.0 14.0 1.1214867049908153 
24 52 9 4 2 7 5.0990195135927845 14.0 1.1192491779700304 
23 51 9 4 0 7 4.0 14.0 1.1169946284470946 
24 50 9 4 2 7 5.0990195135927845 14.0 1.1147571014263098 
23 49 9 4 0 7 4.0 14.0 1.110274882237984 
24 48 9 4 2 6 5.0990195135927845 14.0 1.1080373552171994 
23 47 9 4 0 6 4.0 14.0 1.1080104753596536 
24 46 9 4 2 7 5.0990195135927845 14.0 1.1035452786734787 
23 45 9 4 0 6 4.0 14.0 1.099063059485153 
24 44 9 4 2 5 5.0990195135927845 14.0 1.096825532464368 
23 43 9 4 0 5 4.0 14.0 1.0802341971353624 
24 42 9 5 2 6 5.0990195135927845 14.0 1.0569585067058673 
23 40 9 6 0 5 4.0 14.0 1.0524762875175415 
24 39 9 6 2 4 5.0990195135927845 14.0 1.0502387604967567 
23 38 9 6 0 4 4.0 14.0 1.0423500439304678 
24 37 9 6 2 2 5.0990195135927845 13.038404810405298 1.042340186575073 
23 36 9 6 0 3 4.0 13.038404810405298 1.0168381725845073 
24 35 9 7 2 0 5.0990195135927845 13.038404810405298 1.0213020231663628 
23 35 9 7 0 2 4.0 13.038404810405298 1.0002553485065773 
24 34 9 8 2 1 5.0990195135927845 13.038404810405298 0.9945171625411082 
23 33 9 8 0 0 4.0 12.0 0.9401574976551483 
24 21 9 9 2 0 5.0990195135927845 3.1622776601683795 0.9483155593311146 
22 21 9 9 2 0 2.0 7.0710678118654755 0.9549257861190876 
21 22 9 9 1 2 1.4142135623730951 6.324555320336759 1 
