140 140 0 0 14 14 16.0 16.0 1.1289853703954709 
138 139 0 0 17 17 16.0 14.142135623730951 1.1345773902365106 
134 138 0 0 16 18 12.0 16.0 1.1351107808392933 
132 137 0 0 21 17 12.649110640673518 16.0 1.13956138059735 
128 136 0 0 22 18 12.649110640673518 16.0 1.1496979107983316 
124 135 0 0 22 23 12.649110640673518 16.0 1.147854095868515 
120 134 0 0 22 20 13.038404810405298 16.0 1.16741476463569 
116 132 0 0 24 32 13.038404810405298 16.0 1.1727485041952987 
112 131 0 0 23 34 13.038404810405298 16.0 1.1697313747224736 
108 130 1 0 20 24 13.038404810405298 16.0 1.1747574898196944 
104 129 1 0 18 26 13.038404810405298 16.0 1.178563448587435 
102 128 1 0 19 28 14.142135623730951 16.0 1.1988121520351527 
96 126 2 0 17 33 14.142135623730951 16.0 1.187946883113291 
94 125 3 0 15 19 14.142135623730951 16.0 1.2025300081382517 
92 124 3 0 17 28 14.142135623730951 16.0 1.1934777251938526 
90 120 3 0 17 25 14.142135623730951 16.0 1.1954584914834105 
88 119 3 0 17 26 14.142135623730951 16.0 1.1967055113179126 
87 118 3 0 23 26 14.142135623730951 16.0 1.2033164633016853 
83 116 3 0 17 31 14.142135623730951 16.0 1.19493469025278 
81 114 3 0 18 26 14.142135623730951 16.0 1.1954170678160094 
79 113 3 0 18 26 14.142135623730951 16.0 1.1969717121128993 
78 112 3 0 25 26 14.142135623730951 16.0 1.1904954579383256 
76 111 3 0 17 23 14.0 16.0 1.188682755133898 
74 109 3 0 15 23 14.0 16.0 1.2193065149709514 
73 108 4 0 15 37 14.0 16.0 1.2292479400509233 
67 107 5 0 13 34 14.0 16.0 1.22611829123672 
65 106 5 0 11 32 14.0 16.0 1.2064949266730214 
63 105 5 0 9 19 13.341664064126334 16.0 1.2090191589316877 
62 103 5 0 10 22 13.341664064126334 16.0 1.2180260132746077 
61 102 5 0 12 28 13.341664064126334 16.0 1.2261791390249923 
57 100 6 0 8 28 13.341664064126334 14.142135623730951 1.2180082038181848 
55 99 6 0 9 22 15.033296378372908 14.142135623730951 1.2184905813814142 
53 98 6 0 9 22 15.033296378372908 14.142135623730951 1.2138625438408823 
51 97 6 0 7 19 15.033296378372908 14.142135623730951 1.213695007683922 
49 96 6 0 5 19 13.038404810405298 14.142135623730951 1.2177228983387853 
48 94 6 0 6 23 13.341664064126334 14.142135623730951 1.206730096976315 
44 93 6 1 5 24 12.165525060596439 14.142135623730951 1.2063238618703187 
40 92 6 1 5 22 9.055385138137417 14.142135623730951 1.2009248054360302 
38 90 6 1 6 19 8.246211251235321 14.142135623730951 1.199580749599459 
36 89 6 1 5 18 7.0710678118654755 14.142135623730951 1.2000445154510702 
34 88 6 1 5 18 6.0 14.142135623730951 1.200511236873016 
32 87 6 1 5 18 5.0990195135927845 14.142135623730951 1.2035136430918354 
31 86 6 1 7 20 4.47213595499958 14.142135623730951 1.2015665543381207 
29 85 6 1 4 19 4.0 14.142135623730951 1.2127112607329056 
28 84 7 1 4 20 4.0 14.142135623730951 1.2150947543274604 
27 83 7 1 4 22 3.1622776601683795 14.142135623730951 1.2086857188851243 
26 82 7 1 3 19 7.615773105863909 13.038404810405298 1.2165425453498142 
24 80 8 1 4 18 7.615773105863909 13.038404810405298 1.226337628909144 
22 79 9 1 1 18 7.0710678118654755 13.038404810405298 1.207602210888871 
21 78 9 2 0 16 5.656854249492381 13.038404810405298 1.2109855860745207 
22 76 9 2 1 21 7.0710678118654755 13.038404810405298 1.2115530489181978 
21 75 9 2 0 22 5.656854249492381 13.038404810405298 1.206847649227956 
21 74 9 2 0 20 4.0 13.038404810405298 1.202199831127122 
21 73 9 2 0 18 5.656854249492381 13.038404810405298 1.1841851054782437 
21 72 9 3 0 17 4.0 13.038404810405298 1.1825340648300662 
21 71 9 3 0 17 5.656854249492381 13.038404810405298 1.1752908420221928 
21 69 9 3 0 15 4.0 12.165525060596439 1 
