140 140 0 0 14 14 16.0 16.0 1.1416561103611558 
138 139 0 0 17 17 16.0 14.142135623730951 1.140586339756151 
134 137 0 0 16 15 12.165525060596439 16.0 1.1454795569933889 
132 135 0 0 21 18 14.0 16.0 1.1442100464729945 
128 134 0 0 22 16 14.0 15.033296378372908 1.1523328095971002 
124 132 0 0 22 21 15.033296378372908 15.033296378372908 1.1484962172451012 
120 130 0 0 22 18 15.033296378372908 15.033296378372908 1.161906742835935 
116 129 0 0 24 25 15.033296378372908 15.033296378372908 1.1754155893435418 
110 128 1 0 21 25 15.033296378372908 15.033296378372908 1.1676026742985393 
104 127 1 0 16 18 15.033296378372908 15.033296378372908 1.1755276669577561 
103 125 1 0 20 24 15.033296378372908 15.033296378372908 1.1893360536281166 
102 123 2 0 20 28 15.033296378372908 15.033296378372908 1.1932993391039886 
92 122 2 0 16 26 15.033296378372908 15.033296378372908 1.211767215041987 
91 121 3 0 16 32 15.033296378372908 15.033296378372908 1.1990505760201733 
90 120 3 0 20 23 15.033296378372908 15.033296378372908 1.1993603859535418 
84 119 3 0 17 21 15.033296378372908 15.033296378372908 1.1978456309851804 
82 118 3 0 16 20 15.033296378372908 15.033296378372908 1.195807715569363 
80 116 3 0 17 20 15.033296378372908 14.0 1.1968030900587734 
78 115 3 0 19 20 15.033296378372908 14.0 1.2149768605184814 
76 114 3 0 19 32 15.033296378372908 14.0 1.2087549133615696 
72 113 4 0 12 21 15.033296378372908 14.0 1.209215092871667 
70 111 4 0 13 22 15.033296378372908 14.0 1.2272866765299932 
69 109 5 0 12 29 15.033296378372908 14.142135623730951 1.219034941205003 
68 108 5 0 16 23 15.033296378372908 14.142135623730951 1.2298655264201106 
64 107 6 0 11 23 15.033296378372908 14.142135623730951 1.2280334690309969 
63 106 6 0 12 22 15.033296378372908 14.142135623730951 1.2294953165271847 
61 105 6 0 11 23 15.033296378372908 14.142135623730951 1.2283211709673225 
59 104 6 0 11 22 15.033296378372908 14.142135623730951 1.226952439836646 
57 102 6 0 11 22 15.033296378372908 14.142135623730951 1.2265853766920605 
55 101 6 0 9 22 15.033296378372908 14.142135623730951 1.2262416205352213 
54 100 6 0 10 22 15.033296378372908 14.142135623730951 1.2242840388575598 
52 99 6 0 8 21 13.038404810405298 14.142135623730951 1.2206230708276724 
51 98 6 0 8 19 13.038404810405298 14.142135623730951 1.230185535305189 
51 96 6 0 11 27 13.038404810405298 14.142135623730951 1.226841869696054 
49 95 6 0 9 25 13.038404810405298 14.142135623730951 1.2238621204831643 
48 94 6 0 11 23 13.038404810405298 14.142135623730951 1.232377413964119 
44 93 7 0 6 22 12.165525060596439 13.341664064126334 1.2274344333461296 
43 91 7 0 7 20 13.341664064126334 13.341664064126334 1.227407979610043 
41 90 7 0 6 20 13.341664064126334 13.341664064126334 1.2254046436378614 
41 88 7 0 10 20 13.341664064126334 13.341664064126334 1.2272287120403562 
40 87 7 0 12 22 13.341664064126334 12.165525060596439 1.235997644234431 
34 86 8 0 4 20 12.165525060596439 12.165525060596439 1.2367624446461774 
33 85 8 0 4 21 11.40175425099138 12.165525060596439 1.2360457251809773 
32 84 8 0 4 21 10.770329614269007 12.165525060596439 1.2353370362390559 
31 83 8 0 4 21 10.295630140987 12.165525060596439 1.2316609202605118 
30 82 8 0 4 19 10.0 12.165525060596439 1.232774677315487 
30 81 8 0 8 20 8.94427190999916 12.165525060596439 1.2365547991333241 
24 80 8 0 3 21 2.8284271247461903 12.165525060596439 1.235870433567986 
23 79 8 0 3 21 2.8284271247461903 12.165525060596439 1.2390043250672773 
22 77 9 0 2 18 4.47213595499958 12.165525060596439 1.2391591631343812 
21 76 9 0 0 19 5.0990195135927845 12.165525060596439 1.2391163792572217 
21 75 9 0 1 20 1.4142135623730951 12.165525060596439 1 
