140 140 0 0 14 14 16.0 16.0 1.0556630530953568 
138 138 0 0 17 17 16.0 14.142135623730951 1.0595030596732868 
134 137 0 0 16 15 13.038404810405298 16.0 1.0645673615452798 
132 136 0 0 16 18 14.0 16.0 1.0634167213394081 
130 135 0 0 16 17 14.0 15.033296378372908 1.071241818618323 
128 134 0 0 16 22 15.033296378372908 15.033296378372908 1.0657921760277695 
126 132 0 0 14 18 15.033296378372908 15.033296378372908 1.0664335763970751 
124 131 0 0 16 18 15.033296378372908 15.033296378372908 1.0690696872467857 
122 129 0 0 15 20 15.033296378372908 15.033296378372908 1.067736807922106 
120 128 0 0 16 19 15.033296378372908 14.142135623730951 1.072800959705391 
118 127 0 0 17 22 15.033296378372908 14.142135623730951 1.0679814015998366 
116 125 0 0 18 19 15.033296378372908 14.142135623730951 1.0732988031790196 
114 124 0 0 18 22 15.033296378372908 14.142135623730951 1.0670329154367022 
112 120 0 0 18 20 15.033296378372908 14.142135623730951 1.0721954442359016 
110 118 0 0 18 24 15.033296378372908 14.142135623730951 1.0719535103243103 
108 117 0 0 18 23 15.033296378372908 14.142135623730951 1.0731014102854124 
106 116 0 0 18 23 15.033296378372908 14.142135623730951 1.0742493102465147 
104 115 0 0 18 23 15.033296378372908 14.142135623730951 1.0745138759267194 
102 114 0 0 16 22 15.033296378372908 14.142135623730951 1.0742161407643278 
100 112 0 0 17 23 15.033296378372908 13.038404810405298 1.0804168766244082 
98 111 0 0 19 27 15.033296378372908 13.038404810405298 1.0991795831754794 
94 110 1 0 21 30 15.033296378372908 13.038404810405298 1.0901347502070176 
90 109 1 0 17 20 15.033296378372908 13.038404810405298 1.0961248400422878 
86 108 1 0 14 21 15.033296378372908 13.038404810405298 1.1096685220300901 
84 107 2 0 15 22 15.033296378372908 13.038404810405298 1.1288619829256572 
76 105 3 0 14 22 15.033296378372908 13.038404810405298 1.1222944785080657 
74 103 3 0 12 17 14.0 13.038404810405298 1.1208468023926366 
73 102 3 0 10 16 14.0 12.649110640673518 1.1413396537439076 
71 101 4 0 11 22 14.0 12.649110640673518 1.1382586365731149 
70 99 4 0 9 21 14.0 12.165525060596439 1.1320362793966012 
69 95 4 0 9 20 14.0 12.165525060596439 1.1376067806829746 
67 94 4 0 9 23 13.038404810405298 12.165525060596439 1.1358201401187056 
65 92 4 0 9 22 13.038404810405298 12.165525060596439 1.135578206207114 
63 91 4 0 9 21 13.038404810405298 12.165525060596439 1.1455024167344359 
62 90 5 0 8 20 13.038404810405298 12.165525060596439 1.151049567392524 
60 89 5 0 8 23 12.165525060596439 12.165525060596439 1.155023293033787 
58 87 5 0 8 26 11.40175425099138 12.165525060596439 1.157850807881977 
56 86 5 0 13 28 10.770329614269007 12.165525060596439 1.153432076119143 
50 82 5 0 11 23 10.295630140987 12.165525060596439 1.1576128936215309 
48 81 5 0 10 25 10.295630140987 12.165525060596439 1.151049632771572 
47 80 5 0 8 20 10.0 12.165525060596439 1.1541620232224246 
46 79 5 0 7 22 8.94427190999916 12.165525060596439 1.157331668835266 
44 78 5 0 9 24 9.899494936611665 12.165525060596439 1.1573865152853766 
43 77 5 0 8 24 9.899494936611665 12.165525060596439 1.1641229354914289 
42 75 6 0 8 22 9.899494936611665 12.165525060596439 1.161398114196152 
41 74 6 0 7 20 9.899494936611665 12.165525060596439 1.1611997108503644 
40 73 6 0 7 20 9.899494936611665 12.165525060596439 1.1609577769387731 
38 72 6 0 7 19 9.899494936611665 12.165525060596439 1.1584426748735905 
36 71 6 0 5 16 9.899494936611665 12.165525060596439 1.1586165040872145 
35 70 6 0 5 16 8.48528137423857 12.165525060596439 1.1617664892307178 
34 69 6 0 5 18 6.324555320336759 12.165525060596439 1.1513746304361228 
33 65 6 0 5 14 6.324555320336759 12.165525060596439 1.138802142748752 
32 63 6 1 4 16 5.830951894845301 12.165525060596439 1.1250574240962457 
31 62 6 2 3 16 5.0990195135927845 12.165525060596439 1.1238060608834421 
30 61 6 2 3 16 5.0990195135927845 11.045361017187261 1.1212462404605064 
29 60 6 2 2 14 4.47213595499958 11.045361017187261 1.1208549923476003 
28 59 6 2 3 14 4.242640687119285 11.045361017187261 1.1211941991696626 
27 58 6 2 2 14 3.1622776601683795 11.045361017187261 1.1324089332065899 
26 57 7 2 3 15 3.1622776601683795 10.0 1.130729180383275 
25 56 7 2 2 14 4.47213595499958 10.0 1.1307840268333857 
24 55 7 2 1 14 4.47213595499958 10.0 1.1398202946123388 
23 54 8 2 0 13 4.47213595499958 9.055385138137417 1.1384549757519544 
23 53 8 2 1 13 2.8284271247461903 9.055385138137417 1.1244817165025853 
22 51 8 3 1 14 1.4142135623730951 9.055385138137417 1.1208336741996472 
21 50 9 4 0 14 5.0990195135927845 9.055385138137417 1.118615754898322 
21 49 9 4 1 13 1.4142135623730951 9.055385138137417 1 
