140 140 0 0 14 14 16.0 16.0 0.990163190319862 
138 138 0 0 17 17 16.0 14.142135623730951 0.9923779948994985 
134 134 0 0 16 16 13.038404810405298 15.033296378372908 0.9943406550253969 
132 133 0 0 16 17 15.033296378372908 15.033296378372908 0.9960174525615172 
130 132 0 0 16 17 15.033296378372908 15.033296378372908 1.0028205731589341 
128 131 0 0 16 21 15.033296378372908 15.033296378372908 1.005458989793716 
126 130 0 0 14 21 15.033296378372908 15.033296378372908 1.0061741682311747 
124 129 0 0 16 21 15.033296378372908 15.033296378372908 1.0096130563175998 
122 127 0 0 15 23 15.033296378372908 15.033296378372908 1.009527463539065 
120 126 0 0 16 22 15.033296378372908 15.033296378372908 1.010723151761504 
118 124 0 0 17 23 15.033296378372908 15.033296378372908 1.0093556784532949 
116 122 0 0 18 22 15.033296378372908 15.033296378372908 1.0110321762250647 
114 120 0 0 18 23 15.033296378372908 15.033296378372908 1.0127089737611852 
112 119 0 0 18 23 15.033296378372908 15.033296378372908 1.0092591484716584 
110 117 0 0 18 20 15.033296378372908 15.033296378372908 1.0147803885394007 
108 115 0 0 18 24 15.033296378372908 15.033296378372908 1.043264467290864 
100 114 1 0 17 29 15.033296378372908 14.142135623730951 1.0431788745123292 
98 113 1 0 18 28 15.033296378372908 14.142135623730951 1.0448556720484494 
96 112 1 0 18 28 15.033296378372908 14.142135623730951 1.0423677656219352 
94 111 1 0 16 24 15.033296378372908 14.142135623730951 1.0430829440593936 
92 110 1 0 18 24 15.033296378372908 14.142135623730951 1.0445150350329855 
88 108 1 0 14 21 15.033296378372908 14.142135623730951 1.0464745840865133 
87 106 1 0 13 23 15.033296378372908 14.142135623730951 1.0461912330404053 
86 105 1 0 14 23 15.033296378372908 14.142135623730951 1.0473143097106195 
85 104 1 0 13 23 14.142135623730951 14.142135623730951 1.0492738587641466 
84 102 1 0 12 25 14.142135623730951 14.142135623730951 1.0517514275162605 
82 101 1 0 13 26 14.142135623730951 14.142135623730951 1.049065762822173 
81 100 1 0 11 23 14.142135623730951 14.142135623730951 1.0708251005180507 
80 99 2 0 12 31 14.142135623730951 14.142135623730951 1.083491169457571 
78 98 3 0 11 30 14.142135623730951 14.142135623730951 1.080593398201837 
76 97 3 0 10 26 14.0 14.142135623730951 1.075663634350712 
75 93 3 0 10 25 14.0 14.142135623730951 1.0739756544286347 
73 92 3 0 10 22 13.038404810405298 14.142135623730951 1.0789709593446053 
71 90 3 0 12 26 12.165525060596439 14.142135623730951 1.0777406029694683 
67 89 3 0 9 20 11.40175425099138 14.142135623730951 1.0815828477276757 
66 88 3 0 8 22 10.198039027185569 14.142135623730951 1.0836322243839551 
65 87 3 0 8 23 9.055385138137417 14.142135623730951 1.0821890779960952 
61 86 3 0 9 19 10.0 14.142135623730951 1.0853442640455304 
60 85 3 0 10 21 8.246211251235321 14.142135623730951 1.091331770723226 
56 84 3 0 12 24 11.313708498984761 14.142135623730951 1.1061242313048125 
52 83 4 0 14 24 11.313708498984761 13.341664064126334 1.106174934422337 
48 82 4 0 9 19 11.313708498984761 12.649110640673518 1.1185954873682415 
46 81 5 0 9 19 11.313708498984761 11.40175425099138 1.1282847408616958 
44 79 5 0 7 24 8.602325267042627 12.083045973594572 1.1351450196299644 
43 75 6 0 7 23 8.602325267042627 12.083045973594572 1.131695494104788 
41 74 6 0 7 19 8.602325267042627 12.083045973594572 1.1188691859291604 
40 73 6 1 6 19 8.602325267042627 12.083045973594572 1.1216298059630314 
39 72 6 1 6 21 8.602325267042627 12.083045973594572 1.1205456837009302 
38 71 6 1 6 20 8.602325267042627 12.083045973594572 1.1211213698402052 
36 70 6 1 6 20 8.602325267042627 10.770329614269007 1.1314291105020935 
35 69 7 1 6 19 8.602325267042627 10.295630140987 1.1333889593199715 
34 68 7 1 5 20 8.602325267042627 10.295630140987 1.1339608626931637 
33 67 7 1 3 19 7.211102550927978 10.295630140987 1.1321125798356235 
31 65 7 1 5 18 7.211102550927978 10.295630140987 1.1336017773487734 
30 63 7 1 5 20 5.830951894845301 9.486832980505138 1.1280695632386664 
29 62 7 1 5 15 4.47213595499958 9.486832980505138 1.1295486025072135 
28 61 7 1 5 16 4.47213595499958 9.486832980505138 1.1432129634013186 
27 60 8 1 4 18 7.211102550927978 9.486832980505138 1.14591213755126 
26 59 8 1 3 18 3.1622776601683795 9.486832980505138 1.1448280152891588 
25 58 8 1 3 17 3.1622776601683795 9.486832980505138 1.144324025305846 
24 57 8 1 3 16 2.0 9.486832980505138 1.1452432359724825 
23 56 8 1 2 17 2.0 8.246211251235321 1.1327093137151163 
22 55 8 2 1 17 1.4142135623730951 8.246211251235321 1.1397909346591537 
21 54 9 2 0 15 7.0710678118654755 8.246211251235321 1.1404600641296898 
21 53 9 2 0 15 3.1622776601683795 8.246211251235321 1.124783435489879 
21 51 9 3 1 15 1.4142135623730951 8.246211251235321 1 
