140 140 0 0 14 14 16.0 16.0 1.1194739848664677 
138 138 0 0 17 17 16.0 14.142135623730951 1.1159815421914707 
134 134 0 0 16 16 13.341664064126334 15.033296378372908 1.1184597083314922 
132 133 0 0 21 15 15.033296378372908 15.033296378372908 1.126972680177341 
128 132 0 0 22 17 15.033296378372908 15.033296378372908 1.1289027511869136 
124 131 0 0 22 16 15.033296378372908 15.033296378372908 1.134759171026549 
120 130 0 0 22 17 15.033296378372908 15.033296378372908 1.140615590866184 
116 129 0 0 22 18 15.033296378372908 15.033296378372908 1.1562878827809748 
112 128 0 0 22 24 15.033296378372908 15.033296378372908 1.1560217170630842 
110 127 0 0 23 23 15.033296378372908 15.033296378372908 1.1425162705883662 
106 126 0 0 19 16 15.033296378372908 14.142135623730951 1.1553761393868545 
104 124 0 0 19 23 15.033296378372908 14.142135623730951 1.1657353272892181 
100 123 0 0 17 27 15.033296378372908 14.142135623730951 1.173321859231452 
98 122 0 0 18 30 15.033296378372908 14.142135623730951 1.180908391173686 
96 121 0 0 19 33 15.033296378372908 14.142135623730951 1.1858383711097062 
94 120 0 0 19 35 15.033296378372908 14.142135623730951 1.1804206640730928 
90 119 1 0 18 26 15.033296378372908 14.142135623730951 1.1766352500059467 
89 117 2 0 17 21 15.033296378372908 14.142135623730951 1.176369084288056 
87 116 2 0 18 20 15.033296378372908 14.142135623730951 1.17980201443391 
81 115 2 0 16 19 15.033296378372908 14.142135623730951 1.1994975021447947 
80 114 3 0 15 25 15.033296378372908 14.142135623730951 1.2061690951131436 
74 112 4 0 13 22 15.033296378372908 14.142135623730951 1.207866103810284 
72 111 4 0 14 22 15.033296378372908 14.142135623730951 1.210716805377357 
72 110 4 0 18 23 15.033296378372908 14.142135623730951 1.2137997148522623 
68 109 4 0 14 24 15.033296378372908 14.142135623730951 1.2107608931742417 
68 108 4 0 18 22 15.033296378372908 14.142135623730951 1.2165449589905488 
62 107 5 0 12 19 15.033296378372908 14.142135623730951 1.2200455031573147 
61 106 5 0 12 21 14.142135623730951 14.142135623730951 1.2083062377186102 
59 100 5 0 10 20 12.0 14.142135623730951 1.2222978050647852 
58 99 5 0 11 27 12.165525060596439 14.142135623730951 1.2211347477124919 
56 98 6 0 9 22 13.038404810405298 14.142135623730951 1.2168444140314076 
55 96 6 0 9 21 13.038404810405298 14.142135623730951 1.2323015547966027 
53 95 6 0 10 28 12.0 14.142135623730951 1.2372480010414266 
51 94 6 0 10 30 11.045361017187261 14.142135623730951 1.2324005659072854 
47 93 7 0 7 22 11.40175425099138 14.142135623730951 1.216082648791344 
46 92 7 1 10 21 11.40175425099138 14.142135623730951 1.217097171169544 
44 91 7 1 10 21 10.770329614269007 14.142135623730951 1.2207655422441357 
42 90 7 1 11 22 10.295630140987 14.142135623730951 1.2168088461427045 
38 86 7 1 5 23 10.0 14.142135623730951 1.2152148316240068 
37 85 7 1 9 21 10.0 14.142135623730951 1.22075254792137 
33 84 8 1 4 19 10.770329614269007 14.142135623730951 1.223799884809676 
32 82 8 1 6 21 7.211102550927978 14.142135623730951 1.2302087270588116 
28 81 8 1 4 23 8.602325267042627 14.142135623730951 1.2271051008543652 
27 80 8 1 3 22 8.94427190999916 14.142135623730951 1.2242595217899763 
25 79 8 1 3 20 4.47213595499958 14.142135623730951 1.2243947649692775 
24 78 8 1 1 21 4.47213595499958 14.142135623730951 1.2238955369389544 
24 77 8 1 3 21 4.47213595499958 14.142135623730951 1.2317885403121773 
23 76 9 1 2 21 5.830951894845301 14.142135623730951 1.22605769809386 
22 75 9 1 0 19 4.47213595499958 14.142135623730951 1.2042598103750064 
22 74 9 2 0 17 4.0 14.142135623730951 1.206292032247392 
22 73 9 2 0 19 4.47213595499958 14.142135623730951 1.2004878439496305 
22 72 9 2 0 17 4.0 14.142135623730951 1.2064464146520784 
22 71 9 2 0 21 4.47213595499958 14.142135623730951 1.1967158775242546 
22 70 9 2 0 17 4.0 14.142135623730951 1.1987480993966402 
22 69 9 2 0 19 4.47213595499958 14.142135623730951 1.192150805176762 
22 68 9 2 0 17 4.0 13.341664064126334 1.190256678219085 
22 67 9 2 0 17 4.47213595499958 13.341664064126334 1.1864156643363548 
22 66 9 2 0 16 4.0 13.341664064126334 1.184521537378678 
22 65 9 2 0 16 4.47213595499958 13.341664064126334 1.1806805234959479 
22 64 9 2 0 15 4.0 13.341664064126334 1.1765884144085323 
22 62 9 2 0 16 4.47213595499958 11.045361017187261 1.1768933612200299 
21 61 9 2 1 16 1.4142135623730951 11.045361017187261 1 
