140 140 0 0 14 14 16.0 16.0 0.9920797892950327 
138 139 0 0 17 17 16.0 14.142135623730951 1.0000901150024162 
134 138 0 0 16 20 12.649110640673518 16.0 1.002442014961203 
133 136 0 0 15 23 12.165525060596439 16.0 1.0036776444498943 
131 135 0 0 16 25 13.038404810405298 16.0 1.0059816376795985 
129 134 0 0 16 27 13.038404810405298 16.0 1.0048453576576097 
127 132 0 0 16 26 14.142135623730951 16.0 1.0040879180021223 
125 130 0 0 14 23 14.142135623730951 16.0 1.0022011494045409 
123 129 0 0 15 20 14.142135623730951 16.0 1.0030769091695382 
121 128 0 0 15 20 14.142135623730951 16.0 1.0024141114019984 
120 127 0 0 14 18 14.0 16.0 1.006550709242824 
119 126 0 0 14 23 13.038404810405298 16.0 1.0075204075746564 
117 125 0 0 15 24 13.038404810405298 16.0 1.0089382914819836 
115 124 0 0 16 25 12.165525060596439 16.0 1.0076717010499205 
113 123 0 0 16 22 12.165525060596439 16.0 1.0093382511182756 
111 122 0 0 15 23 12.165525060596439 15.033296378372908 1.0070032969451994 
109 121 0 0 16 20 13.038404810405298 15.033296378372908 1.0092902013527956 
107 119 0 0 16 23 13.038404810405298 15.033296378372908 1.0101659611177929 
105 118 0 0 16 23 13.038404810405298 15.033296378372908 1.0136932218564259 
103 116 0 0 14 26 13.038404810405298 15.033296378372908 1.0127854510724819 
102 115 0 0 14 24 12.165525060596439 15.033296378372908 1.0137943828867089 
100 114 0 0 14 25 12.165525060596439 14.0 1.0174372436537442 
99 113 0 0 14 30 12.165525060596439 14.0 1.0096581585199602 
97 107 0 0 14 23 12.165525060596439 14.0 1.0146353141848672 
96 106 0 0 13 29 12.165525060596439 14.0 1.0140828404851576 
94 105 0 0 13 27 12.165525060596439 14.0 1.015146477383825 
92 104 0 0 15 29 12.165525060596439 14.0 1.0177231410351164 
88 103 0 0 16 30 12.165525060596439 14.0 1.0169827902017368 
86 102 0 0 14 26 12.165525060596439 14.0 1.014198600377591 
85 101 0 0 14 22 12.165525060596439 14.0 1.0252713454050768 
84 100 1 0 14 20 12.165525060596439 14.0 1.0277540704895332 
80 99 1 0 14 20 12.165525060596439 14.0 1.0299641251524023 
78 98 1 0 13 21 12.165525060596439 14.0 1.031762860062201 
77 97 1 0 12 22 11.40175425099138 14.0 1.0304959574743677 
76 96 1 0 11 19 11.045361017187261 14.0 1.0333307629422146 
75 95 1 0 10 22 11.045361017187261 14.0 1.0342583733765356 
74 94 1 0 10 23 10.770329614269007 14.0 1.0322822388515782 
73 93 1 0 11 21 10.770329614269007 14.0 1.033872115348929 
71 92 1 0 11 22 10.770329614269007 14.0 1.0345645706197155 
70 91 1 0 10 22 10.770329614269007 14.0 1.0347307862918185 
69 90 1 0 11 23 10.770329614269007 14.0 1.0360434197281232 
68 89 1 0 9 23 10.770329614269007 14.0 1.0383375926878098 
67 88 1 0 8 26 10.770329614269007 13.038404810405298 1.0368285578113399 
66 87 1 0 9 25 10.295630140987 12.165525060596439 1.034403936492092 
66 86 1 0 7 20 9.055385138137417 12.165525060596439 1.0381407358259622 
65 85 1 0 8 26 9.055385138137417 12.165525060596439 1.0390837396764812 
63 83 1 0 8 28 9.055385138137417 11.045361017187261 1.0341042059899297 
62 77 1 0 7 26 9.055385138137417 10.0 1.048747534679183 
61 76 2 0 7 29 9.055385138137417 10.0 1.0480886062299895 
60 74 2 0 7 29 9.055385138137417 10.0 1.0331345702942298 
58 73 2 1 11 28 9.055385138137417 10.0 1.0323048535334742 
57 72 2 1 9 25 9.055385138137417 10.0 1.0323690191047865 
53 71 2 1 10 22 8.602325267042627 10.198039027185569 1.0326794688329746 
51 70 2 1 11 22 8.602325267042627 10.295630140987 1.0464162310167453 
49 69 3 1 8 20 8.602325267042627 10.295630140987 1.060456201974059 
48 68 4 1 9 24 8.602325267042627 9.055385138137417 1.060547023923371 
46 67 4 1 11 23 6.324555320336759 9.055385138137417 1.0600704249654984 
45 66 4 1 10 22 6.324555320336759 8.246211251235321 1.0608568188031198 
44 65 4 1 10 23 6.324555320336759 8.246211251235321 1.0559729508824247 
43 61 4 1 11 20 6.324555320336759 8.246211251235321 1.0544120285672078 
42 59 4 1 9 17 6.324555320336759 8.246211251235321 1.052954125690369 
41 57 4 1 9 15 5.0990195135927845 8.246211251235321 1.0537528584682359 
40 56 4 1 7 14 5.0990195135927845 8.602325267042627 1.0441360021239634 
38 55 4 2 7 17 5.0990195135927845 8.602325267042627 1.0544946304190959 
37 54 5 2 7 14 5.0990195135927845 8.602325267042627 1.056692168899316 
36 52 5 2 7 18 5.0990195135927845 8.602325267042627 1.0560332404501225 
35 50 5 2 7 18 5.0990195135927845 8.602325267042627 1.0567256957209088 
34 49 5 2 6 18 5.0990195135927845 8.602325267042627 1.0677984407483951 
33 48 6 2 6 16 5.0990195135927845 8.602325267042627 1.0673843969001533 
32 47 6 2 4 15 7.0710678118654755 8.602325267042627 1.0667425572730678 
31 46 6 2 4 14 7.0710678118654755 8.602325267042627 1.0785294190329073 
30 45 7 2 4 13 7.0710678118654755 8.602325267042627 1.0724484673974877 
29 44 7 3 3 19 4.0 8.602325267042627 1.0688437060915046 
29 42 7 3 3 16 4.0 8.602325267042627 1.068112500537043 
29 41 7 3 3 16 4.0 8.602325267042627 1.0526039784791912 
29 40 7 4 3 13 4.0 8.602325267042627 1.0510905932356454 
29 39 7 4 3 13 4.0 7.211102550927978 1.0517876211458907 
29 38 7 4 3 15 4.0 7.211102550927978 1.0384214492850992 
29 37 7 5 3 15 4.0 7.211102550927978 1.0384043604629911 
29 36 7 5 3 16 4.0 7.211102550927978 1.0362449214438227 
29 35 7 5 3 14 4.0 7.211102550927978 1.035015277192846 
29 34 7 5 3 14 4.0 6.324555320336759 1.019506755134994 
29 33 7 6 3 11 4.0 6.324555320336759 1.0054264665418489 
29 32 7 7 3 10 4.0 6.324555320336759 1.0044177449797707 
29 31 7 7 3 10 4.0 5.830951894845301 1.001494346159601 
29 30 7 7 3 8 4.0 4.47213595499958 1.0000490238727862 
29 29 7 7 3 7 4.0 4.47213595499958 0.9986037015859711 
29 28 7 7 3 6 4.0 4.47213595499958 0.9971583792991562 
29 27 7 7 3 5 4.0 4.47213595499958 0.9957130570123413 
29 26 7 7 3 4 4.0 4.47213595499958 0.9948528235637851 
29 25 7 7 3 4 4.0 4.242640687119285 0.9942506459034183 
29 24 7 7 3 4 4.0 4.47213595499958 0.9931577729989151 
29 23 7 7 3 3 4.0 5.0990195135927845 0.977005795710727 
29 22 7 8 3 2 4.0 1.4142135623730951 0.9631941950912442 
29 21 7 9 3 0 4.0 3.1622776601683795 0.9660900687171282 
29 22 7 9 3 2 4.0 4.47213595499958 0.9631941950912442 
29 21 7 9 3 0 4.0 3.1622776601683795 0.9696467911059817 
29 24 7 9 3 4 4.0 5.656854249492381 0.968120479842202 
29 23 7 9 3 4 4.0 4.242640687119285 0.9642830790802716 
29 21 7 9 3 0 4.0 5.0990195135927845 0.9762916789783735 
29 22 7 8 3 1 4.0 1.4142135623730951 0.9642830790802716 
29 21 7 9 3 0 4.0 5.0990195135927845 0.977005795710727 
29 22 7 8 3 2 4.0 1.4142135623730951 0.9631941950912442 
29 21 7 9 3 0 4.0 3.1622776601683795 0.9772744836843892 
29 22 7 8 3 1 4.0 3.1622776601683795 0.9631941950912442 
29 21 7 9 3 0 4.0 3.1622776601683795 0.9660900687171282 
29 22 7 9 3 2 4.0 4.47213595499958 0.9631941950912442 
29 21 7 9 3 0 4.0 3.1622776601683795 0.9658800518460686 
29 22 7 9 3 3 4.0 2.8284271247461903 0.962925507117582 
29 21 7 9 3 1 4.0 1.4142135623730951 -1 
