140 140 0 0 14 14 16.0 16.0 1.0913512679901114 
138 139 0 0 17 18 16.0 14.142135623730951 1.0958045003056274 
134 138 0 0 16 18 12.165525060596439 16.0 1.0962297753596315 
132 136 0 0 16 19 13.038404810405298 16.0 1.1007750882373872 
130 135 0 0 16 22 13.341664064126334 16.0 1.102584194603855 
128 133 0 0 16 24 13.341664064126334 16.0 1.104639279070571 
126 132 0 0 14 25 13.341664064126334 16.0 1.1024167889541778 
124 131 0 0 16 23 14.142135623730951 16.0 1.0953720965898117 
122 127 0 0 15 21 14.142135623730951 15.033296378372908 1.0917698795039052 
120 125 0 0 16 19 15.033296378372908 15.033296378372908 1.0961556574677846 
118 123 0 0 17 23 15.033296378372908 15.033296378372908 1.0980173501810244 
116 122 0 0 18 24 15.033296378372908 15.033296378372908 1.0999435068120897 
114 121 0 0 18 25 15.033296378372908 15.033296378372908 1.093946256897443 
112 120 0 0 18 20 15.033296378372908 15.033296378372908 1.0945518457708894 
110 119 0 0 18 20 15.033296378372908 15.033296378372908 1.0950929707265107 
108 118 0 0 19 20 15.033296378372908 15.033296378372908 1.0900651377756898 
106 114 0 0 19 19 15.033296378372908 15.033296378372908 1.0938192686162944 
104 113 0 0 19 22 15.033296378372908 14.0 1.0945537853253915 
102 112 0 0 17 22 15.033296378372908 14.0 1.0938388064412197 
100 111 0 0 17 21 15.033296378372908 14.0 1.0919321876350794 
98 110 0 0 15 19 15.033296378372908 14.0 1.0952907668524439 
96 109 0 0 15 21 15.033296378372908 14.142135623730951 1.096651449551744 
94 108 0 0 14 22 15.033296378372908 13.341664064126334 1.0973173503058373 
93 107 0 0 14 23 15.033296378372908 13.038404810405298 1.1088101234236285 
91 106 1 0 15 23 15.033296378372908 13.038404810405298 1.1080529843179814 
89 104 1 0 15 23 14.0 13.038404810405298 1.1153311053479704 
87 103 1 0 15 28 13.038404810405298 13.038404810405298 1.113294358343199 
85 102 1 0 16 26 12.165525060596439 13.038404810405298 1.1173835414727855 
81 101 1 0 15 27 11.40175425099138 13.038404810405298 1.1128357871514085 
79 100 1 0 13 23 11.40175425099138 13.038404810405298 1.1207383453405948 
75 96 2 0 14 22 11.40175425099138 13.038404810405298 1.120216758209899 
73 95 2 0 11 21 11.40175425099138 13.038404810405298 1.117987819814632 
71 94 2 0 14 19 11.40175425099138 13.038404810405298 1.1262534063686647 
67 92 3 0 13 16 11.40175425099138 13.038404810405298 1.1229617558870806 
65 91 3 0 12 13 11.40175425099138 13.038404810405298 1.1092112894989967 
63 90 3 1 15 13 11.40175425099138 13.038404810405298 1.138534642869422 
57 89 4 1 9 23 10.198039027185569 13.038404810405298 1.1336764465299711 
55 87 4 1 10 20 10.198039027185569 13.038404810405298 1.1494298872304052 
54 86 5 1 11 24 10.198039027185569 13.038404810405298 1.1543789596150282 
53 85 5 1 11 28 9.055385138137417 13.038404810405298 1.1384271274281985 
52 83 5 2 10 28 9.055385138137417 13.038404810405298 1.1372664484764814 
51 82 5 2 9 28 8.94427190999916 12.0 1.1194003400913681 
50 78 5 2 9 18 8.0 12.0 1.1134149677477747 
48 76 5 2 7 14 8.0 12.0 1.1169109322393829 
47 74 5 2 7 18 7.0710678118654755 12.0 1.1205210848556795 
46 73 5 2 6 21 7.0710678118654755 12.0 1.1180977052370866 
45 72 5 2 5 20 7.0710678118654755 11.045361017187261 1.1176816906627016 
44 71 5 2 5 20 7.0710678118654755 11.045361017187261 1.1159451083306982 
43 70 5 2 5 19 7.0710678118654755 11.045361017187261 1.1264281555717113 
42 68 6 2 4 20 7.0710678118654755 11.045361017187261 1.1232420776464382 
41 67 6 2 6 18 7.0710678118654755 11.045361017187261 1.1059696777019896 
40 65 6 3 5 17 7.0710678118654755 11.045361017187261 1.106809766967398 
39 64 6 3 6 18 7.0710678118654755 11.045361017187261 1.1071119768772608 
38 63 6 3 5 19 7.0710678118654755 10.198039027185569 1.1027357775401434 
37 61 6 3 4 17 6.324555320336759 10.198039027185569 1.1022151941592473 
36 60 6 3 7 17 5.0990195135927845 10.198039027185569 1.0862103757628787 
34 59 6 4 4 15 5.0990195135927845 10.198039027185569 1.0867515007184996 
32 58 6 4 5 15 5.0990195135927845 10.198039027185569 1.1017107514261535 
30 57 7 4 5 18 5.0990195135927845 9.486832980505138 1.1089938207687307 
28 55 8 4 4 16 4.0 9.055385138137417 1.1068381905877058 
26 54 8 4 4 14 5.656854249492381 9.055385138137417 1.1052305360913532 
25 53 8 4 2 13 5.656854249492381 9.055385138137417 1.1035964514714172 
24 52 8 4 2 12 4.242640687119285 9.055385138137417 1.1033473985269253 
23 51 8 4 1 12 2.8284271247461903 9.055385138137417 1.103033881664608 
22 50 8 4 1 12 1.4142135623730951 9.055385138137417 1.1120463483681902 
21 49 9 4 0 11 5.0990195135927845 9.055385138137417 1.109980785230941 
21 48 9 4 1 11 1.4142135623730951 8.0 1 
