140 140 0 0 14 14 16.0 16.0 1.0401690363620613 
138 138 0 0 17 17 16.0 14.142135623730951 1.0471378638265707 
134 137 0 0 16 17 13.038404810405298 16.0 1.0496787962123237 
132 136 0 0 16 18 13.038404810405298 16.0 1.0522946039575305 
130 135 0 0 16 20 14.142135623730951 15.033296378372908 1.047833571162435 
128 134 0 0 16 16 15.033296378372908 15.033296378372908 1.0509786136092927 
126 132 0 0 14 18 15.033296378372908 15.033296378372908 1.04999936418505 
124 130 0 0 16 18 15.033296378372908 15.033296378372908 1.0542383744430588 
122 129 0 0 15 20 15.033296378372908 15.033296378372908 1.0496211636552273 
120 127 0 0 16 17 15.033296378372908 15.033296378372908 1.0544660475956078 
118 126 0 0 17 20 15.033296378372908 15.033296378372908 1.0593109315359883 
116 125 0 0 18 23 15.033296378372908 15.033296378372908 1.0605178541127802 
114 124 0 0 18 23 15.033296378372908 15.033296378372908 1.0670608159254162 
112 123 0 0 18 27 15.033296378372908 15.033296378372908 1.0642657090753247 
110 122 0 0 18 24 15.033296378372908 15.033296378372908 1.0668066414610777 
108 121 0 0 18 25 15.033296378372908 15.033296378372908 1.0653455444199476 
106 120 0 0 18 23 15.033296378372908 15.033296378372908 1.0745565258505057 
104 119 0 0 18 29 15.033296378372908 15.033296378372908 1.0778255943628479 
102 118 0 0 16 30 15.033296378372908 15.033296378372908 1.0723624678948345 
100 117 0 0 16 25 15.033296378372908 15.033296378372908 1.0749034002805873 
98 116 0 0 16 26 15.033296378372908 15.033296378372908 1.070651788139393 
97 114 0 0 16 24 15.033296378372908 15.033296378372908 1.0994259548285377 
91 113 1 0 16 32 15.033296378372908 15.033296378372908 1.0909289770580406 
89 111 1 0 13 25 15.033296378372908 15.033296378372908 1.0938547645212982 
87 110 1 0 13 26 14.0 15.033296378372908 1.1017286749762105 
83 109 1 0 13 29 14.0 15.033296378372908 1.1006257276382685 
81 108 1 0 13 27 13.038404810405298 15.033296378372908 1.1087037805022126 
79 106 1 0 13 33 12.165525060596439 15.033296378372908 1.109543573849025 
75 105 1 0 14 31 12.165525060596439 15.033296378372908 1.109339715137691 
73 104 2 0 13 21 12.165525060596439 15.033296378372908 1.1234474268449761 
72 103 3 0 13 23 12.165525060596439 15.033296378372908 1.1498349820269433 
64 102 4 0 13 27 11.40175425099138 15.033296378372908 1.160015905203168 
62 101 4 0 14 34 11.40175425099138 15.033296378372908 1.1677639852148 
60 100 4 0 15 39 10.770329614269007 15.033296378372908 1.1645367470992174 
56 99 4 0 13 33 10.295630140987 15.033296378372908 1.1513111343585904 
55 97 4 0 12 24 10.295630140987 15.033296378372908 1.161250251915738 
53 96 4 0 10 30 10.295630140987 15.033296378372908 1.1708525161421002 
47 95 5 0 8 23 10.0 15.033296378372908 1.1699119882512516 
45 94 5 0 8 21 8.602325267042627 15.033296378372908 1.1646889037810484 
43 92 5 0 7 17 8.602325267042627 15.033296378372908 1.1835191281250936 
37 91 6 0 5 17 8.602325267042627 15.033296378372908 1.1860308699536373 
35 90 6 0 5 17 5.0990195135927845 15.033296378372908 1.1865028664800037 
34 89 6 0 4 17 4.47213595499958 15.033296378372908 1.184503254710756 
33 87 6 0 4 18 4.47213595499958 13.038404810405298 1.1866801190332144 
31 86 6 0 5 19 4.47213595499958 13.038404810405298 1.200786300157157 
29 85 7 0 5 20 4.47213595499958 13.038404810405298 1.200707087094366 
27 84 7 0 3 19 4.242640687119285 12.165525060596439 1.2005815304455392 
26 83 7 0 3 19 4.242640687119285 12.165525060596439 1.2131390158709248 
25 82 8 0 2 20 3.1622776601683795 11.045361017187261 1.2144702823207563 
23 81 8 0 2 20 2.8284271247461903 11.045361017187261 1.2285779940280417 
22 80 9 0 2 22 2.8284271247461903 11.045361017187261 1.2285999168967638 
21 79 9 0 1 22 1.4142135623730951 10.198039027185569 1 
