140 140 0 0 14 14 16.0 16.0 1.1082874143613375 
138 139 0 0 17 17 16.0 14.142135623730951 1.1175615309413371 
134 138 0 0 16 21 12.649110640673518 16.0 1.1236759474853106 
132 136 0 0 21 26 12.649110640673518 16.0 1.1301928942934727 
128 135 0 0 22 29 13.038404810405298 16.0 1.1257176090738774 
124 134 0 0 22 24 13.038404810405298 16.0 1.1265957489410843 
120 132 0 0 22 24 13.038404810405298 16.0 1.1303186854961111 
116 130 0 0 24 26 14.0 16.0 1.1399581023632892 
108 128 1 0 19 22 14.0 16.0 1.140461556601606 
106 127 1 0 20 22 14.0 16.0 1.1504687732470598 
104 126 1 0 20 29 14.0 16.0 1.1529781795710552 
98 124 2 0 19 21 14.0 16.0 1.1645522783685838 
94 123 3 0 17 20 14.0 16.0 1.1649913483021872 
92 122 3 0 17 20 14.0 16.0 1.1654304182357906 
90 121 3 0 17 20 14.0 16.0 1.1739566694595813 
88 119 3 0 17 27 14.0 16.0 1.1757626174948776 
86 118 3 0 17 28 14.0 16.0 1.1919905078510578 
80 117 4 0 15 29 14.0 16.0 1.1896958215812754 
78 116 4 0 15 27 14.0 16.0 1.1844245231787098 
76 114 4 0 13 24 14.0 16.0 1.1695128979537333 
74 106 4 0 11 21 14.0 15.033296378372908 1.1740526021924154 
72 105 4 0 11 24 14.0 15.033296378372908 1.169624173057448 
71 104 4 0 14 21 14.0 15.033296378372908 1.1730926192291555 
67 103 4 0 10 22 14.0 15.033296378372908 1.172700440094553 
66 102 4 0 12 22 14.0 15.033296378372908 1.1743132352157084 
64 101 4 0 9 23 14.0 15.033296378372908 1.1725663151675823 
63 100 4 0 11 22 13.341664064126334 15.033296378372908 1.179486622406459 
61 99 5 0 9 19 13.341664064126334 15.033296378372908 1.180396937068836 
60 98 5 0 10 20 13.341664064126334 15.033296378372908 1.1826741298329058 
59 97 5 0 11 22 13.341664064126334 15.033296378372908 1.192266217272139 
57 95 6 0 9 23 13.038404810405298 13.341664064126334 1.1926409029010285 
55 94 6 0 8 23 13.038404810405298 13.341664064126334 1.1866524427502276 
54 93 6 0 8 19 13.038404810405298 13.341664064126334 1.1912082395416548 
52 92 6 0 8 22 12.165525060596439 13.341664064126334 1.186193878071101 
50 91 6 0 8 18 11.40175425099138 13.341664064126334 1.1867089733565077 
48 90 6 0 9 18 10.770329614269007 13.341664064126334 1.1903357762076945 
44 89 6 0 11 19 10.295630140987 13.038404810405298 1.205045958157926 
38 88 7 0 6 19 8.0 13.038404810405298 1.2075978140854466 
37 87 7 0 11 21 7.0710678118654755 13.038404810405298 1.211462621599098 
31 86 7 0 4 21 5.0990195135927845 13.038404810405298 1.21640918626184 
30 85 7 0 4 25 5.0990195135927845 13.038404810405298 1.2086469875852863 
28 84 7 0 4 19 5.0990195135927845 13.038404810405298 1.210880057746778 
27 83 7 0 4 21 4.0 13.038404810405298 1.2065587900689636 
25 82 7 0 4 18 2.8284271247461903 12.165525060596439 1.2217447502227112 
23 81 8 0 3 21 2.8284271247461903 12.165525060596439 1.2285945182342157 
21 80 9 0 0 18 3.1622776601683795 12.165525060596439 1.2272101647107037 
21 79 9 0 1 18 1.4142135623730951 12.165525060596439 1 
