140 140 0 0 14 14 16.0 16.0 1.135314184127223 
138 138 0 0 17 17 16.0 14.142135623730951 1.1444706981238044 
134 136 0 0 16 22 13.341664064126334 16.0 1.1387670552363673 
132 135 0 0 21 17 13.341664064126334 16.0 1.1425261024807345 
128 133 0 0 22 19 13.341664064126334 16.0 1.1432882728744052 
124 132 0 0 22 18 13.341664064126334 16.0 1.1444558512183474 
120 130 0 0 22 19 13.341664064126334 15.033296378372908 1.1505380771792566 
116 128 0 0 26 22 15.033296378372908 15.033296378372908 1.1551089934962229 
110 127 0 0 22 23 15.033296378372908 15.033296378372908 1.1620928541872009 
102 123 1 0 16 21 13.341664064126334 15.033296378372908 1.179341154750532 
101 122 2 0 17 26 13.341664064126334 15.033296378372908 1.1726027503595888 
99 121 2 0 18 21 13.341664064126334 15.033296378372908 1.1786681232744947 
95 119 3 0 16 18 13.341664064126334 15.033296378372908 1.1862498171761169 
93 118 3 0 16 23 13.341664064126334 15.033296378372908 1.1809692916520176 
91 117 3 0 17 19 13.341664064126334 15.033296378372908 1.1793674507178296 
89 115 3 0 16 19 13.341664064126334 15.033296378372908 1.1796597502852306 
87 114 3 0 16 19 13.341664064126334 15.033296378372908 1.1843256864531646 
85 113 3 0 16 22 13.341664064126334 15.033296378372908 1.1835708033035557 
84 111 3 0 22 22 13.341664064126334 15.033296378372908 1.1902240802356658 
78 110 4 0 14 18 14.0 15.033296378372908 1.190516379803067 
76 109 4 0 14 18 14.0 15.033296378372908 1.1886558484930023 
74 107 4 0 12 18 14.0 15.033296378372908 1.1854996765501098 
72 103 4 0 12 19 14.0 15.033296378372908 1.1882612397563959 
71 102 4 0 14 21 14.0 15.033296378372908 1.1949601779284695 
70 100 4 0 15 27 14.0 15.033296378372908 1.1874457024098963 
68 99 4 0 13 22 14.0 15.033296378372908 1.1822304165152495 
67 97 4 0 13 20 14.142135623730951 15.033296378372908 1.1798074301101018 
65 96 4 0 14 18 13.038404810405298 15.033296378372908 1.1831718950049526 
61 95 4 0 13 19 12.0 15.033296378372908 1.1820268479114626 
60 94 4 0 17 18 11.045361017187261 15.033296378372908 1.169782832105816 
58 93 4 1 14 20 11.045361017187261 15.033296378372908 1.1726272335470178 
56 92 4 1 13 22 9.055385138137417 15.033296378372908 1.1710151601527712 
55 91 4 1 15 21 9.055385138137417 15.033296378372908 1.179915171684357 
51 90 5 1 12 19 9.055385138137417 15.033296378372908 1.1923872638352089 
50 89 5 1 12 28 9.486832980505138 15.033296378372908 1.1815211158249097 
48 83 5 1 12 26 8.246211251235321 15.033296378372908 1.1896918096917977 
42 82 6 1 10 22 8.246211251235321 15.033296378372908 1.1822645401158043 
40 81 6 1 8 17 9.899494936611665 15.033296378372908 1.1669169628575424 
39 80 6 2 8 17 9.899494936611665 15.033296378372908 1.1647875087115427 
38 79 6 2 8 16 9.899494936611665 15.033296378372908 1.1624804833066744 
37 77 6 2 8 16 9.899494936611665 15.033296378372908 1.1564511693744466 
36 75 6 2 8 14 9.899494936611665 14.142135623730951 1.157162877278523 
35 74 6 2 8 15 8.48528137423857 14.142135623730951 1.1549588274489109 
34 73 6 2 8 14 7.0710678118654755 14.142135623730951 1.1545459425456317 
33 72 6 2 9 14 7.0710678118654755 14.142135623730951 1.1533057675625766 
31 71 6 2 9 13 5.656854249492381 14.142135623730951 1.164411267569108 
27 70 7 2 4 13 2.0 14.142135623730951 1.173852793046465 
26 69 8 2 3 13 2.0 14.142135623730951 1.1730529254278055 
25 68 8 2 2 13 4.47213595499958 14.142135623730951 1.1679555350802855 
24 67 9 3 1 13 7.0710678118654755 14.142135623730951 1.165492794874797 
23 66 9 3 0 12 5.656854249492381 14.142135623730951 1.1637948542784675 
23 65 9 3 0 12 4.47213595499958 14.142135623730951 1.162221894623372 
23 64 9 3 0 12 5.656854249492381 14.142135623730951 1.1458479520479363 
23 63 9 4 0 12 4.47213595499958 14.142135623730951 1.1442749923928408 
23 62 9 4 0 12 5.656854249492381 14.142135623730951 1.1425770517965113 
23 61 9 4 0 12 4.47213595499958 14.142135623730951 1.1395462132745715 
23 60 9 4 0 11 5.656854249492381 14.142135623730951 1.137848272678242 
23 59 9 4 0 11 4.47213595499958 14.142135623730951 1.1348174341563022 
23 58 9 4 0 10 5.656854249492381 14.142135623730951 1.1316616146931284 
23 57 9 4 0 9 4.47213595499958 14.142135623730951 1.130088655038033 
23 56 9 4 0 9 5.656854249492381 14.142135623730951 1.1262083815872748 
23 55 9 4 0 8 4.47213595499958 13.341664064126334 1.1246354219321792 
23 54 9 4 0 8 5.656854249492381 13.341664064126334 1.124395360202694 
23 53 9 4 0 9 4.47213595499958 13.341664064126334 1.1228224005475984 
23 52 9 4 0 9 5.656854249492381 13.341664064126334 1.1049905791053187 
23 51 9 5 0 8 4.47213595499958 13.341664064126334 1.1034176194502232 
23 50 9 5 0 8 5.656854249492381 13.341664064126334 1.1017196788538937 
23 49 9 5 0 8 4.47213595499958 13.341664064126334 1.1001467191987981 
23 48 9 5 0 8 5.656854249492381 13.341664064126334 1.0984487786024686 
23 47 9 5 0 8 4.47213595499958 13.341664064126334 1.0983336978142173 
23 46 9 5 0 9 5.656854249492381 13.341664064126334 1.0937199994841995 
23 45 9 5 0 7 4.47213595499958 13.341664064126334 1.0906891609622598 
23 44 9 5 0 6 5.656854249492381 13.341664064126334 1.074315218386824 
23 43 9 6 0 6 4.47213595499958 13.341664064126334 1.0712843798648843 
23 42 9 6 0 5 5.656854249492381 13.341664064126334 1.0695864392685548 
23 41 9 6 0 5 4.47213595499958 13.341664064126334 1.066555600746615 
23 40 9 6 0 4 5.656854249492381 13.341664064126334 1.0487237793043351 
23 39 9 7 0 3 4.47213595499958 13.341664064126334 1.0471508196492396 
23 38 9 7 0 3 5.656854249492381 13.341664064126334 1.04545287905291 
23 37 9 7 0 3 4.47213595499958 13.341664064126334 1.0409641616641263 
23 36 9 7 0 1 5.656854249492381 13.341664064126334 1.0392662210677968 
23 35 9 7 0 1 4.47213595499958 13.341664064126334 1.0230172594335951 
23 34 9 8 0 1 5.656854249492381 13.341664064126334 1.0192346555666338 
23 33 9 8 0 0 4.47213595499958 12.649110640673518 1.04197000933284 
23 35 9 7 0 3 5.656854249492381 13.038404810405298 1.0370039865382967 
23 34 9 7 0 1 4.47213595499958 12.649110640673518 1.0192971460372509 
23 33 9 8 0 0 5.656854249492381 12.649110640673518 1.0192346555666338 
23 33 9 8 0 0 4.47213595499958 12.649110640673518 1.020755024904095 
23 33 9 8 0 1 5.656854249492381 12.649110640673518 1.0029232034618154 
23 32 9 9 0 0 4.47213595499958 12.649110640673518 1.0336506599336523 
23 36 9 8 0 5 5.656854249492381 15.033296378372908 1.031017550969769 
23 35 9 8 0 5 4.47213595499958 14.0 1.0271164360948655 
23 34 9 8 0 4 5.656854249492381 13.038404810405298 1.0029232034618154 
23 32 9 9 0 0 4.47213595499958 12.649110640673518 1.020755024904095 
23 33 9 8 0 1 5.656854249492381 12.649110640673518 1.0029232034618154 
23 32 9 9 0 0 4.47213595499958 12.649110640673518 1.020755024904095 
23 33 9 8 0 1 5.656854249492381 12.649110640673518 1.0029232034618154 
23 32 9 9 0 0 4.47213595499958 12.649110640673518 1.0134393480426058 
23 34 9 9 0 4 5.656854249492381 14.142135623730951 1.0078267357857416 
23 33 9 9 0 2 4.47213595499958 13.038404810405298 1.0023982267246634 
23 32 9 9 0 0 5.656854249492381 12.0 1.0133768575719888 
23 34 9 9 0 4 4.47213595499958 14.142135623730951 1.0029856939324322 
23 32 9 9 0 0 5.656854249492381 12.649110640673518 1.0133768575719888 
23 34 9 9 0 4 4.47213595499958 14.142135623730951 1.0029856939324322 
23 32 9 9 0 0 5.656854249492381 12.649110640673518 1.0255960667574042 
23 34 9 8 0 3 4.47213595499958 13.038404810405298 1.020755024904095 
23 33 9 8 0 1 5.656854249492381 12.649110640673518 1.0029232034618154 
23 32 9 9 0 0 4.47213595499958 12.649110640673518 1.020755024904095 
23 33 9 8 0 1 5.656854249492381 12.649110640673518 1.0029232034618154 
23 32 9 9 0 0 4.47213595499958 12.649110640673518 1.0222129037709393 
23 33 9 8 0 2 5.656854249492381 12.649110640673518 1.0029232034618154 
23 32 9 9 0 0 4.47213595499958 12.649110640673518 0.9762856574321904 
23 21 9 9 0 1 5.656854249492381 1.4142135623730951 -1 
