140 140 0 0 14 14 16.0 16.0 0.9918585130942426 
138 138 0 0 17 17 16.0 14.142135623730951 1.0044580358837167 
134 137 0 0 16 22 13.038404810405298 16.0 0.997592767543953 
132 131 0 0 16 20 13.038404810405298 15.033296378372908 0.9979691266065943 
130 130 0 0 16 20 15.033296378372908 15.033296378372908 1.0015090233400328 
128 129 0 0 16 22 15.033296378372908 15.033296378372908 1.0017251864468049 
126 128 0 0 14 20 15.033296378372908 15.033296378372908 1.0053227586140137 
124 127 0 0 16 23 15.033296378372908 15.033296378372908 1.0137329049199117 
122 126 0 0 15 29 15.033296378372908 15.033296378372908 1.0124253476073901 
120 124 0 0 16 28 15.033296378372908 15.033296378372908 1.0122520674121664 
118 120 0 0 17 30 15.033296378372908 15.033296378372908 1.0087443424445477 
116 119 0 0 18 26 15.033296378372908 15.033296378372908 1.0101068670493885 
114 118 0 0 18 26 15.033296378372908 15.033296378372908 1.0082261289878325 
112 116 0 0 18 24 15.033296378372908 15.033296378372908 1.0106424597497015 
110 114 0 0 16 25 15.033296378372908 15.033296378372908 1.0014850466357477 
109 110 0 0 16 20 15.033296378372908 14.142135623730951 1.0044698581802054 
107 108 0 0 16 22 14.0 14.142135623730951 1.0033504032333433 
103 107 0 0 18 18 13.038404810405298 14.142135623730951 1.0119539171195142 
99 106 0 0 15 21 13.038404810405298 14.142135623730951 1.0157448568669953 
95 105 0 0 15 21 13.038404810405298 14.142135623730951 1.020831269546227 
93 104 0 0 12 23 13.038404810405298 14.142135623730951 1.0401792954549616 
91 103 1 0 13 29 13.038404810405298 14.142135623730951 1.0586990545527606 
83 101 2 0 15 29 13.038404810405298 14.142135623730951 1.0484760162585576 
82 100 2 0 14 19 13.038404810405298 14.142135623730951 1.0552819711848926 
80 99 2 0 14 24 13.038404810405298 14.142135623730951 1.057057275124476 
79 97 2 0 13 26 13.038404810405298 14.142135623730951 1.0528258847390985 
75 91 2 0 14 24 13.038404810405298 14.142135623730951 1.06436991125695 
74 90 3 0 13 23 13.038404810405298 14.142135623730951 1.0646437497974919 
72 89 3 0 13 22 13.038404810405298 14.142135623730951 1.0652914170248724 
70 88 3 0 11 20 12.165525060596439 14.142135623730951 1.0731666252490484 
68 87 3 0 10 25 11.045361017187261 14.142135623730951 1.070174405596694 
66 86 3 0 10 21 11.045361017187261 14.142135623730951 1.0741055502710664 
65 85 3 0 10 24 10.0 14.142135623730951 1.0747693726198515 
64 84 3 0 9 24 10.0 14.142135623730951 1.0894699685368203 
60 82 3 0 9 35 10.0 14.142135623730951 1.0840448291368836 
59 81 3 0 9 30 9.055385138137417 13.341664064126334 1.0814425932927727 
58 80 3 0 8 27 9.055385138137417 13.341664064126334 1.0775843596022354 
56 74 4 0 12 18 9.055385138137417 13.341664064126334 1.0876258260555434 
50 73 4 0 8 20 9.899494936611665 13.341664064126334 1.087774143089064 
49 72 4 0 8 20 9.899494936611665 13.341664064126334 1.0869820910918069 
47 70 4 0 8 19 9.899494936611665 13.341664064126334 1.0914146123613881 
45 68 5 1 6 23 9.899494936611665 13.341664064126334 1.1019276282487114 
44 67 6 1 7 22 9.899494936611665 13.341664064126334 1.1037482058187986 
43 66 6 1 5 22 8.602325267042627 13.341664064126334 1.089436445585803 
42 64 6 2 4 22 10.0 13.341664064126334 1.087125174099864 
41 63 6 2 6 20 8.48528137423857 13.341664064126334 1.0890032040199693 
39 62 6 2 5 20 8.48528137423857 13.341664064126334 1.076448268450205 
38 61 6 3 4 20 8.48528137423857 13.341664064126334 1.0777080670745243 
37 59 6 3 4 22 8.48528137423857 13.341664064126334 1.0780399888130532 
36 58 6 3 5 22 7.0710678118654755 13.341664064126334 1.0765264390332407 
35 57 6 3 4 20 7.0710678118654755 13.341664064126334 1.0766747560667616 
34 56 6 3 4 20 7.0710678118654755 13.341664064126334 1.0882187825846132 
33 55 7 3 3 19 7.0710678118654755 13.341664064126334 1.0878505928694358 
32 54 7 3 3 19 7.0710678118654755 12.649110640673518 1.0849164564150682 
31 53 7 3 4 16 5.656854249492381 12.649110640673518 1.0844915926995544 
30 52 7 3 3 15 5.656854249492381 12.649110640673518 1.069243779685928 
29 51 7 4 3 13 5.656854249492381 12.649110640673518 1.0699076020347131 
28 50 7 4 2 13 5.656854249492381 12.649110640673518 1.0691508377089434 
27 49 7 4 3 12 4.242640687119285 12.649110640673518 1.0698146600577285 
26 48 7 4 2 12 4.242640687119285 12.649110640673518 1.0701465817962574 
25 47 7 4 3 12 2.8284271247461903 12.649110640673518 1.0709037381001711 
24 46 7 4 1 12 2.8284271247461903 12.083045973594572 1.068840912084655 
23 45 7 4 1 11 5.0990195135927845 12.083045973594572 1.0681236001801597 
22 44 8 5 0 10 3.1622776601683795 12.083045973594572 1.054187593917355 
22 43 8 6 1 10 1.4142135623730951 12.083045973594572 1.063634290374389 
21 42 9 6 0 9 5.656854249492381 12.083045973594572 1.0609766877899742 
21 41 9 6 0 7 4.47213595499958 12.083045973594572 1.0598301074194296 
21 40 9 6 0 7 4.0 11.661903789690601 1.0595269832906142 
21 39 9 6 1 7 1.4142135623730951 11.661903789690601 1 
