140 140 0 0 14 14 16.0 16.0 1.1350414361132437 
138 139 0 0 17 18 16.0 14.142135623730951 1.1390084626358656 
134 138 0 0 16 18 12.165525060596439 16.0 1.1500175465569833 
132 137 0 0 21 24 12.165525060596439 16.0 1.1453913534981608 
128 136 0 0 22 19 12.649110640673518 16.0 1.1492465432818064 
124 134 0 0 22 21 12.649110640673518 16.0 1.1474500913517043 
120 132 0 0 23 19 14.0 16.0 1.166155489252134 
114 131 0 0 20 29 14.0 16.0 1.1620509450494452 
108 130 0 0 16 24 14.0 16.0 1.159796653662196 
106 129 0 0 17 22 14.0 16.0 1.152855247017376 
104 127 0 0 18 18 14.0 16.0 1.1750931310553652 
103 126 1 0 20 26 14.0 16.0 1.1800198179896537 
101 125 1 0 20 29 14.0 16.0 1.1762659805811715 
99 124 1 0 21 26 14.0 16.0 1.1826922135366926 
97 123 1 0 21 30 14.0 16.0 1.1861433285472966 
91 122 2 0 18 23 14.0 16.0 1.1835722853754211 
89 121 2 0 18 21 14.0 16.0 1.1840003342460113 
87 120 2 0 18 21 14.0 16.0 1.2007349121562902 
85 118 2 0 18 33 14.0 16.0 1.1883446120938934 
83 116 2 0 16 26 14.0 16.0 1.18429451680257 
82 114 2 0 20 24 14.0 16.0 1.18019080919041 
78 110 2 0 15 24 14.0 16.0 1.1836384440052508 
77 108 2 0 19 27 14.0 16.0 1.1846019404946597 
73 107 2 0 14 27 14.142135623730951 16.0 1.1817141455381581 
71 106 2 0 13 25 14.142135623730951 16.0 1.1883230657945667 
70 105 3 0 13 23 14.142135623730951 16.0 1.1887511146651568 
68 104 3 0 13 23 14.142135623730951 16.0 1.1976008652010197 
66 103 4 0 12 22 14.142135623730951 16.0 1.19278899174969 
65 102 4 0 13 19 14.142135623730951 16.0 1.2018723404556868 
63 101 5 0 11 19 14.142135623730951 15.033296378372908 1.204406807587046 
61 100 5 0 11 21 13.341664064126334 14.142135623730951 1.2150082391747314 
59 99 5 0 10 28 13.038404810405298 14.142135623730951 1.2056977276597032 
58 98 5 0 11 22 13.038404810405298 14.142135623730951 1.2116198691047733 
56 97 6 0 8 20 12.649110640673518 13.341664064126334 1.2110051545176201 
55 96 6 0 8 20 13.341664064126334 13.341664064126334 1.211407266496676 
53 95 6 0 8 20 12.165525060596439 13.341664064126334 1.213926684953335 
49 94 6 0 8 20 11.045361017187261 13.341664064126334 1.2116428637550365 
49 93 6 0 13 19 11.045361017187261 12.649110640673518 1.212128398219386 
45 92 6 0 8 19 11.045361017187261 12.165525060596439 1.2138675159173369 
43 90 6 0 8 21 11.045361017187261 12.165525060596439 1.2220920861632858 
42 89 7 0 6 21 11.045361017187261 11.40175425099138 1.2148652963604814 
41 85 7 0 7 20 11.045361017187261 11.045361017187261 1.2149765934464454 
39 84 7 0 6 20 11.045361017187261 11.045361017187261 1.2180123888499057 
38 83 7 0 7 22 11.045361017187261 11.40175425099138 1.2271209620632666 
36 82 7 0 6 28 11.045361017187261 11.40175425099138 1.227990520912242 
35 81 7 0 6 29 11.045361017187261 11.40175425099138 1.216863711591355 
34 80 7 0 6 22 11.045361017187261 11.40175425099138 1.2250612729277097 
32 79 8 0 3 21 10.198039027185569 11.40175425099138 1.2256730944353624 
31 78 8 0 7 21 9.055385138137417 11.40175425099138 1.2274606009180373 
25 77 8 0 3 20 4.242640687119285 11.40175425099138 1.2298347667494525 
24 76 8 0 3 22 4.47213595499958 11.40175425099138 1.2277052335559624 
23 75 8 0 3 21 4.47213595499958 11.40175425099138 1.2369419771109642 
22 74 9 0 2 21 2.0 11.40175425099138 1.235982320055753 
21 73 9 0 1 21 1.4142135623730951 11.40175425099138 1 
