140 140 0 0 14 14 16.0 16.0 1.0348543701948467 
138 139 0 0 17 17 16.0 14.142135623730951 1.0408316595704699 
134 138 0 0 16 16 12.165525060596439 16.0 1.050874654056178 
132 136 0 0 16 24 12.165525060596439 16.0 1.0453011259035783 
130 135 0 0 16 19 13.038404810405298 16.0 1.0464845653002595 
128 134 0 0 16 19 13.038404810405298 16.0 1.0509334994787636 
126 132 0 0 14 22 13.038404810405298 16.0 1.0538714929025241 
124 131 0 0 16 24 13.038404810405298 16.0 1.050338149005541 
122 130 0 0 15 20 13.038404810405298 16.0 1.051119029989054 
120 129 0 0 16 20 13.038404810405298 16.0 1.0543352768979681 
118 128 0 0 17 22 13.341664064126334 16.0 1.0537370295568422 
116 126 0 0 18 22 13.341664064126334 16.0 1.0574801398069398 
114 125 0 0 18 24 13.341664064126334 16.0 1.0533984286674873 
112 121 0 0 18 24 14.142135623730951 15.033296378372908 1.054216584327246 
110 120 0 0 18 24 15.033296378372908 15.033296378372908 1.0527410599725804 
108 118 0 0 18 23 15.033296378372908 15.033296378372908 1.0539244993692616 
106 117 0 0 18 23 15.033296378372908 15.033296378372908 1.0498893041611794 
104 115 0 0 18 20 15.033296378372908 15.033296378372908 1.0544375312376142 
102 114 0 0 16 22 15.033296378372908 15.033296378372908 1.0552184122211268 
100 113 0 0 17 22 15.033296378372908 15.033296378372908 1.0649610380595005 
96 112 0 0 18 27 15.033296378372908 15.033296378372908 1.0670926020347065 
92 111 0 0 17 26 15.033296378372908 14.142135623730951 1.0690797098237728 
91 110 0 0 15 27 15.033296378372908 14.142135623730951 1.0681045883462545 
90 109 0 0 14 26 15.033296378372908 14.142135623730951 1.0727249756098918 
88 108 0 0 15 29 15.033296378372908 14.142135623730951 1.0834493387299022 
87 107 1 0 14 28 15.033296378372908 14.142135623730951 1.0829503842867065 
85 106 1 0 15 27 15.033296378372908 14.142135623730951 1.084132375249436 
84 105 1 0 15 28 15.033296378372908 14.142135623730951 1.085739359287726 
82 104 1 0 15 28 14.0 14.142135623730951 1.082197611547816 
80 103 1 0 15 24 13.038404810405298 14.142135623730951 1.0850186767869454 
78 102 1 0 15 25 12.165525060596439 14.142135623730951 1.089074854072403 
76 101 1 0 15 27 11.40175425099138 14.142135623730951 1.0903820927841674 
74 99 1 0 16 29 10.770329614269007 13.038404810405298 1.077747510973716 
70 98 1 1 14 26 10.295630140987 13.038404810405298 1.0758951124826577 
69 97 1 1 12 24 10.295630140987 13.038404810405298 1.081879904900131 
65 95 2 1 13 18 10.295630140987 13.038404810405298 1.0856230151502289 
63 94 2 1 13 20 10.295630140987 13.038404810405298 1.0977008223181024 
61 93 3 1 15 20 10.295630140987 13.038404810405298 1.1084266338720645 
59 92 4 1 14 18 10.295630140987 13.038404810405298 1.1293940257075958 
55 91 5 1 13 22 10.295630140987 13.038404810405298 1.1310858372772894 
53 90 5 1 13 22 9.055385138137417 13.038404810405298 1.1326718350871392 
51 89 5 1 12 22 9.055385138137417 13.038404810405298 1.1324323980577669 
49 88 5 1 10 20 8.246211251235321 13.038404810405298 1.1353051999593735 
47 87 5 1 7 20 7.0710678118654755 13.038404810405298 1.1306688605422615 
45 83 5 1 8 19 7.0710678118654755 13.038404810405298 1.1287171691532727 
44 81 5 1 6 18 7.0710678118654755 13.038404810405298 1.1311789955427105 
43 80 5 1 6 20 7.0710678118654755 13.038404810405298 1.1298377842615086 
42 79 5 1 7 19 6.0 13.038404810405298 1.1284601043708216 
41 78 5 1 7 18 6.0 13.038404810405298 1.1309219307602594 
40 77 5 1 7 20 6.0 13.038404810405298 1.1308240862962806 
39 76 5 1 7 20 6.0 13.038404810405298 1.1398660555764142 
38 75 6 1 7 18 6.0 13.038404810405298 1.1405400783368984 
37 74 6 1 6 18 5.0990195135927845 13.038404810405298 1.1391623984462116 
36 73 6 1 6 17 5.0990195135927845 13.038404810405298 1.1416242248356492 
35 72 6 1 6 19 5.0990195135927845 13.038404810405298 1.138966709518254 
34 71 6 1 6 17 5.0990195135927845 13.038404810405298 1.14939105606549 
33 70 7 1 5 16 5.830951894845301 13.038404810405298 1.147511524863704 
32 68 7 1 6 16 5.830951894845301 13.038404810405298 1.1474967531020137 
31 67 7 1 4 16 5.830951894845301 12.165525060596439 1.147599632312879 
30 65 7 1 4 17 5.0990195135927845 12.165525060596439 1.1475032362828517 
28 64 7 1 4 16 5.0990195135927845 12.165525060596439 1.1592796522173565 
26 63 8 1 2 15 5.0990195135927845 11.40175425099138 1.1596322920827031 
25 62 8 1 2 15 4.0 11.40175425099138 1.1428008092071162 
24 60 8 2 1 13 3.1622776601683795 11.40175425099138 1.1283946220476448 
23 58 8 3 3 14 2.8284271247461903 11.40175425099138 1.1274284716065648 
21 56 9 4 0 14 3.1622776601683795 11.40175425099138 1.125083474920418 
21 55 9 4 1 13 1.4142135623730951 11.40175425099138 1 
