140 140 0 0 14 14 16.0 16.0 1.1065366886213253 
138 139 0 0 17 17 16.0 14.142135623730951 1.1140208593806342 
134 138 0 0 16 20 12.649110640673518 16.0 1.1116777933888677 
132 136 0 0 16 19 12.649110640673518 16.0 1.1184459844568904 
130 135 0 0 16 24 14.142135623730951 16.0 1.1170852520832693 
128 131 0 0 16 26 14.142135623730951 16.0 1.1141822988236478 
126 130 0 0 14 24 14.142135623730951 15.033296378372908 1.114524717544196 
124 129 0 0 16 24 15.033296378372908 15.033296378372908 1.1067585203129406 
122 125 0 0 15 21 15.033296378372908 15.033296378372908 1.1096882609239473 
120 124 0 0 16 23 15.033296378372908 15.033296378372908 1.1151839673181054 
118 123 0 0 17 27 15.033296378372908 15.033296378372908 1.1129817763628087 
116 122 0 0 18 25 15.033296378372908 15.033296378372908 1.1184869323572122 
114 121 0 0 18 29 15.033296378372908 15.033296378372908 1.1337260679221746 
106 119 1 0 17 29 15.033296378372908 15.033296378372908 1.1288264857475014 
104 117 1 0 16 26 15.033296378372908 15.033296378372908 1.12663374439245 
102 116 1 0 16 24 15.033296378372908 15.033296378372908 1.125723985928974 
100 115 1 0 16 23 15.033296378372908 15.033296378372908 1.1260877607568287 
98 114 1 0 17 23 15.033296378372908 15.033296378372908 1.1239044690020223 
96 113 1 0 16 21 15.033296378372908 15.033296378372908 1.1306831582877563 
94 112 1 0 17 26 15.033296378372908 15.033296378372908 1.1309155076793869 
92 110 1 0 16 27 15.033296378372908 15.033296378372908 1.136640764338258 
86 108 2 0 16 21 15.033296378372908 15.033296378372908 1.1359792973519383 
85 106 2 0 14 22 15.033296378372908 15.033296378372908 1.1367322386934187 
84 105 2 0 14 23 15.033296378372908 15.033296378372908 1.141579065363222 
82 104 2 0 14 27 14.0 14.142135623730951 1.1342543924418669 
80 103 2 0 14 21 14.0 14.142135623730951 1.120440873845773 
78 102 2 1 14 21 13.038404810405298 14.142135623730951 1.1193924530061234 
76 100 2 1 14 21 12.165525060596439 14.142135623730951 1.1223229485086006 
74 99 2 1 16 23 11.40175425099138 14.142135623730951 1.1232187086591023 
70 98 2 1 17 22 10.770329614269007 14.142135623730951 1.1254268138443293 
66 97 2 1 14 22 10.770329614269007 14.142135623730951 1.1383423608733665 
65 96 3 1 13 24 10.770329614269007 14.142135623730951 1.136149619518315 
63 95 3 1 13 22 10.770329614269007 14.142135623730951 1.1404001414218783 
61 94 3 1 10 25 10.770329614269007 14.142135623730951 1.136550074563233 
60 92 3 1 10 24 10.770329614269007 13.341664064126334 1.1369593465701087 
58 91 3 1 8 24 9.486832980505138 13.341664064126334 1.1324326250522883 
57 89 3 1 7 22 10.0 13.341664064126334 1.1293177185185506 
56 88 3 1 9 20 10.0 13.341664064126334 1.129566993297808 
55 87 3 1 9 21 8.602325267042627 12.649110640673518 1.1395179584298223 
53 86 4 1 10 20 8.602325267042627 12.649110640673518 1.1441292980462758 
52 85 4 1 9 24 8.602325267042627 12.649110640673518 1.1419460062914695 
50 84 4 1 8 22 8.602325267042627 12.649110640673518 1.1509937054452881 
49 83 5 1 9 21 8.602325267042627 12.649110640673518 1.1337264563300975 
48 82 5 2 6 19 8.602325267042627 12.649110640673518 1.1434602779126088 
47 81 5 2 6 27 8.602325267042627 12.649110640673518 1.1429396859627587 
46 80 5 2 5 27 8.602325267042627 12.649110640673518 1.139454512115886 
44 79 5 2 6 24 8.602325267042627 12.649110640673518 1.140226352657857 
43 78 5 2 4 25 8.602325267042627 12.649110640673518 1.1327419054995413 
41 76 5 2 5 20 8.602325267042627 12.649110640673518 1.1347686054583586 
40 75 5 2 4 22 10.0 12.649110640673518 1.1316725981251115 
39 74 5 2 4 20 10.0 12.649110640673518 1.132119583023381 
35 73 5 2 6 19 10.295630140987 12.083045973594572 1.1450351300524177 
34 72 6 2 5 21 10.295630140987 12.083045973594572 1.142885471018869 
32 71 6 2 5 19 7.0710678118654755 12.083045973594572 1.1436794438918638 
31 70 6 2 5 20 4.0 12.083045973594572 1.1457248177251655 
30 69 6 2 4 22 4.0 12.083045973594572 1.1534989835876537 
29 68 7 2 4 20 4.0 12.083045973594572 1.1518379847732307 
28 66 7 2 3 21 4.0 10.770329614269007 1.1558920209638892 
24 65 8 2 2 14 5.830951894845301 10.770329614269007 1.1558658193455056 
23 64 8 2 1 14 4.47213595499958 11.40175425099138 1.1424202441185778 
22 63 8 3 0 15 5.0990195135927845 11.40175425099138 1.1410033631638228 
22 62 8 3 1 15 3.1622776601683795 11.40175425099138 1.151352944409708 
21 61 9 3 0 15 3.1622776601683795 11.40175425099138 1.1499335425932364 
21 60 9 3 1 15 1.4142135623730951 11.40175425099138 1 
