140 140 0 0 14 14 16.0 16.0 1.089557339751553 
138 139 0 0 17 17 16.0 14.142135623730951 1.0920672011862125 
134 137 0 0 16 16 12.649110640673518 16.0 1.0994184380567384 
132 136 0 0 16 21 13.341664064126334 16.0 1.0999279945122815 
130 134 0 0 16 22 13.341664064126334 16.0 1.0979527139030025 
128 133 0 0 16 20 13.341664064126334 16.0 1.1017143738777997 
126 132 0 0 14 22 13.341664064126334 16.0 1.1020947075274696 
124 131 0 0 16 22 13.341664064126334 16.0 1.102987897210229 
122 130 0 0 15 22 13.341664064126334 16.0 1.1035391828709284 
120 129 0 0 16 22 13.341664064126334 16.0 1.1027417093911238 
118 128 0 0 17 21 13.341664064126334 16.0 1.1005954767708153 
116 127 0 0 18 19 13.341664064126334 16.0 1.1038025515073664 
114 125 0 0 18 22 13.341664064126334 16.0 1.104524789179096 
112 124 0 0 18 22 13.341664064126334 16.0 1.1075307048792453 
108 123 0 0 18 22 13.341664064126334 16.0 1.1043926161154218 
104 121 0 0 16 19 13.341664064126334 15.033296378372908 1.104834451628002 
102 120 0 0 16 19 15.033296378372908 15.033296378372908 1.106563544418176 
100 119 0 0 18 20 15.033296378372908 15.033296378372908 1.1074567341009354 
98 118 0 0 17 20 15.033296378372908 15.033296378372908 1.104688015202255 
94 112 0 0 13 21 15.033296378372908 15.033296378372908 1.095963177800563 
93 110 0 0 13 16 15.033296378372908 15.033296378372908 1.101442164858247 
91 109 0 0 13 20 14.0 14.142135623730951 1.1009750358089239 
89 108 0 0 13 19 13.038404810405298 14.142135623730951 1.1099345154193685 
87 107 0 0 13 25 12.165525060596439 14.142135623730951 1.111145355103724 
85 105 1 0 13 19 12.165525060596439 13.038404810405298 1.0970989478623103 
83 104 1 1 18 19 11.40175425099138 13.038404810405298 1.1075651949762662 
77 103 1 1 12 22 10.770329614269007 13.038404810405298 1.1065550402802753 
75 101 1 1 13 22 10.770329614269007 13.038404810405298 1.131325345778724 
71 100 2 1 14 30 10.770329614269007 13.038404810405298 1.1216353824637444 
70 99 2 1 13 23 10.770329614269007 13.038404810405298 1.1227354922727977 
69 98 2 1 12 24 10.770329614269007 13.038404810405298 1.1264570302877994 
68 97 2 1 12 27 10.198039027185569 13.038404810405298 1.131026155704059 
66 95 3 1 14 23 10.198039027185569 13.038404810405298 1.129833303239763 
64 93 3 1 14 23 10.198039027185569 12.649110640673518 1.1346018183330049 
62 92 3 1 14 26 10.198039027185569 12.649110640673518 1.1277443571947985 
60 91 3 1 11 20 10.198039027185569 12.649110640673518 1.1257690765855197 
58 90 3 1 11 18 10.198039027185569 12.649110640673518 1.1428606674935324 
56 89 4 1 12 22 10.198039027185569 12.649110640673518 1.1584325472500112 
54 88 5 1 14 25 10.198039027185569 12.649110640673518 1.1594966889437999 
52 87 5 1 12 25 10.198039027185569 12.649110640673518 1.1578633123565807 
50 86 5 1 10 23 10.198039027185569 12.649110640673518 1.155941073402856 
49 85 5 1 9 22 9.055385138137417 12.083045973594572 1.153169844675742 
48 84 5 1 8 20 8.0 12.083045973594572 1.1513597549876005 
47 82 5 1 7 20 8.0 12.083045973594572 1.1537916501807777 
46 81 5 1 7 22 7.0710678118654755 12.083045973594572 1.152194241708823 
45 80 5 1 6 21 7.0710678118654755 12.083045973594572 1.1512698368746808 
43 79 5 1 5 20 9.899494936611665 12.083045973594572 1.1545186408163888 
41 78 5 1 6 22 9.899494936611665 12.083045973594572 1.1550652168754953 
40 77 5 1 6 23 9.899494936611665 11.661903789690601 1.1503866568953158 
39 75 5 1 6 21 9.899494936611665 11.661903789690601 1.157236998827649 
38 74 6 1 5 18 9.899494936611665 11.661903789690601 1.159365700227159 
37 72 6 1 6 21 8.48528137423857 11.661903789690601 1.1645310156105397 
36 71 6 1 5 26 8.48528137423857 10.198039027185569 1.1500709280308494 
35 70 6 2 5 26 8.48528137423857 10.198039027185569 1.1582282998985303 
34 68 7 2 3 25 8.48528137423857 10.198039027185569 1.1578973540729938 
33 67 7 2 3 25 8.48528137423857 10.295630140987 1.1507339570279924 
32 66 7 2 3 20 8.48528137423857 10.295630140987 1.1477877894155335 
31 65 7 2 2 18 8.48528137423857 10.295630140987 1.148609460879696 
30 64 7 2 4 19 7.0710678118654755 10.295630140987 1.1341134051847415 
28 63 7 3 3 18 7.0710678118654755 10.295630140987 1.138001996513876 
26 62 7 3 3 20 4.242640687119285 10.295630140987 1.1365755400529507 
25 61 7 3 1 19 4.242640687119285 10.295630140987 1.1361178979565272 
24 60 7 3 1 19 4.47213595499958 10.295630140987 1.1457168790921466 
23 59 8 3 1 19 4.47213595499958 9.055385138137417 1.1453643185845588 
22 58 8 3 0 19 5.0990195135927845 9.055385138137417 1.1439529573255736 
22 57 8 3 1 19 3.1622776601683795 9.055385138137417 1.1519393771822246 
21 55 9 3 0 18 3.1622776601683795 9.055385138137417 1.150496741012246 
21 54 9 3 1 18 1.4142135623730951 9.055385138137417 1 
