140 140 0 0 14 14 16.0 16.0 1.1031588833073862 
138 139 0 0 17 17 16.0 14.142135623730951 1.1026920283723227 
134 135 0 0 16 17 12.165525060596439 16.0 1.101760277147259 
132 134 0 0 16 16 14.0 16.0 1.1047875019464601 
130 133 0 0 16 18 14.0 16.0 1.1091149010487815 
128 132 0 0 16 21 14.0 16.0 1.1052676122552714 
126 128 0 0 14 21 14.0 16.0 1.1095453979214933 
124 127 0 0 16 24 14.142135623730951 16.0 1.1030752182854162 
122 123 0 0 15 22 14.142135623730951 16.0 1.1034795522420504 
120 122 0 0 16 22 14.142135623730951 16.0 1.1057483991291468 
118 121 0 0 17 24 14.142135623730951 15.033296378372908 1.1061243374283263 
116 120 0 0 18 24 15.033296378372908 15.033296378372908 1.1104517365306477 
114 119 0 0 18 27 15.033296378372908 15.033296378372908 1.1029379913882986 
112 117 0 0 18 22 15.033296378372908 15.033296378372908 1.100764518975018 
110 116 0 0 18 20 15.033296378372908 15.033296378372908 1.1063920923804598 
108 115 0 0 18 24 15.033296378372908 15.033296378372908 1.1139416804525064 
106 114 0 0 18 30 15.033296378372908 14.142135623730951 1.111768208039226 
104 113 0 0 18 28 15.033296378372908 14.142135623730951 1.1139760616557812 
100 112 0 0 17 28 15.033296378372908 14.0 1.109107749592325 
98 110 0 0 15 25 15.033296378372908 14.0 1.108121740300534 
96 109 0 0 20 24 15.033296378372908 14.0 1.1161278646437884 
92 108 1 0 19 20 15.033296378372908 14.0 1.1409366107525614 
84 107 2 0 15 26 15.033296378372908 14.0 1.1453374899849902 
82 106 2 0 13 29 14.142135623730951 14.0 1.1463759023601503 
78 105 2 0 11 28 14.142135623730951 14.0 1.1429247978800756 
76 104 2 0 10 25 14.142135623730951 14.0 1.141122715727029 
75 103 2 0 10 24 14.0 14.0 1.1402800575743306 
73 102 2 0 10 23 13.038404810405298 14.0 1.142034921227853 
71 101 2 0 10 24 12.165525060596439 14.0 1.1424861339663477 
69 100 2 0 10 24 11.40175425099138 14.0 1.1520142302811507 
67 99 2 0 10 31 11.40175425099138 14.0 1.154160581112729 
59 98 2 0 10 28 10.770329614269007 14.0 1.1618544038615917 
58 97 3 0 14 26 10.770329614269007 14.0 1.1589697510910644 
54 96 3 0 13 22 10.770329614269007 14.0 1.1760922212263254 
50 95 4 0 12 25 10.295630140987 14.0 1.1930225175149878 
49 94 5 0 10 30 10.295630140987 14.0 1.1875618337297613 
47 93 5 0 8 26 10.295630140987 13.038404810405298 1.1988794870365034 
45 92 6 0 8 26 10.295630140987 13.038404810405298 1.1891978560617138 
44 90 6 0 7 20 8.94427190999916 13.038404810405298 1.1879686327548633 
43 89 6 0 4 20 8.94427190999916 12.0 1.1860449883581081 
42 87 6 0 3 20 8.94427190999916 12.0 1.1814984531187862 
41 85 6 0 3 18 8.94427190999916 12.0 1.1809920163054126 
40 84 6 0 3 18 8.94427190999916 12.0 1.1926765309089413 
39 83 7 0 3 19 8.94427190999916 12.0 1.1930808648655755 
37 82 7 0 4 19 8.94427190999916 12.0 1.1938971445916482 
36 81 7 0 3 20 8.94427190999916 12.0 1.1929933871345058 
34 80 7 0 5 19 8.48528137423857 12.0 1.1929434390326452 
33 78 7 0 4 21 8.48528137423857 11.045361017187261 1.1898366536130307 
32 77 7 0 4 19 8.48528137423857 11.045361017187261 1.199576029174334 
31 76 8 0 4 19 8.48528137423857 10.198039027185569 1.1977882308455003 
30 75 8 0 3 18 8.602325267042627 10.198039027185569 1.201231108432749 
29 74 8 0 3 21 7.0710678118654755 10.198039027185569 1.2055585075350705 
27 73 8 0 3 24 7.0710678118654755 10.198039027185569 1.2024968065881088 
26 72 8 0 1 22 7.0710678118654755 10.198039027185569 1.1865449553739023 
25 71 8 1 1 21 5.656854249492381 10.198039027185569 1.1846438307834164 
24 69 8 1 1 21 4.242640687119285 10.198039027185569 1.1841824560126384 
23 68 8 1 1 21 2.8284271247461903 10.198039027185569 1.1836036697793002 
22 67 8 1 1 21 5.0990195135927845 10.198039027185569 1.1940722640307415 
21 66 9 1 0 21 3.1622776601683795 10.198039027185569 1.1784753695822525 
21 65 9 2 1 21 1.4142135623730951 10.198039027185569 1 
