140 140 0 0 14 14 16.0 16.0 1.1337731983638795 
139 138 0 0 19 17 16.0 13.038404810405298 1.1364932873321358 
135 137 0 0 22 15 14.142135623730951 15.033296378372908 1.142687854649886 
131 136 0 0 25 16 15.033296378372908 15.033296378372908 1.1410933677001334 
127 132 0 0 25 16 14.142135623730951 16.0 1.143862512034096 
123 131 0 0 28 15 14.142135623730951 16.0 1.1498829120835221 
123 129 0 0 38 17 14.142135623730951 16.0 1.1579443204857234 
117 128 0 0 38 19 13.038404810405298 16.0 1.1627344044300307 
113 127 0 0 36 21 13.038404810405298 16.0 1.1704124721575084 
107 126 0 0 38 22 13.038404810405298 16.0 1.1974482717440667 
99 125 1 0 33 30 13.038404810405298 16.0 1.201043046422411 
93 124 1 0 31 30 13.038404810405298 16.0 1.2015812040722358 
92 122 1 0 33 31 12.165525060596439 16.0 1.2053340553090175 
88 121 1 0 35 31 11.045361017187261 16.0 1.2137238985255634 
87 119 1 0 36 37 11.045361017187261 16.0 1.21741397799175 
79 118 1 0 25 39 11.045361017187261 16.0 1.229847582935866 
78 117 2 0 25 41 11.045361017187261 16.0 1.219640093468937 
74 116 3 0 21 29 11.045361017187261 16.0 1.2139889761460203 
70 115 4 0 19 19 11.045361017187261 16.0 1.2142824199802833 
66 114 4 0 18 18 10.198039027185569 16.0 1.2333668997887421 
65 113 4 0 23 28 9.055385138137417 16.0 1.234108026622679 
64 109 4 0 28 30 9.055385138137417 16.0 1.2325234212721985 
56 103 5 0 20 27 9.055385138137417 16.0 1.2596101437635023 
55 102 5 0 27 41 9.055385138137417 16.0 1.2451251807687085 
55 101 5 0 28 33 9.055385138137417 16.0 1.2471342520061908 
49 100 6 0 24 27 9.055385138137417 16.0 1.2475313071895409 
47 99 6 0 24 27 8.0 16.0 1.2355706098907424 
46 95 6 0 24 25 8.0 12.649110640673518 1.2390837874720926 
38 94 7 0 16 20 8.94427190999916 12.649110640673518 1.2382346224663447 
36 93 7 0 11 21 8.94427190999916 12.649110640673518 1.2336897225001233 
34 91 7 0 11 19 8.94427190999916 12.649110640673518 1.231910961745306 
33 90 7 0 12 18 7.615773105863909 12.649110640673518 1.242390077971828 
29 89 8 0 9 18 7.211102550927978 12.649110640673518 1.2473130526677312 
28 88 8 0 10 21 5.830951894845301 12.649110640673518 1.2451056687347575 
28 87 8 0 12 20 5.0990195135927845 12.649110640673518 1.2405040641468332 
27 86 8 0 11 18 4.47213595499958 12.649110640673518 1.2487197506791117 
23 85 9 0 4 18 5.830951894845301 12.649110640673518 1.24715706431944 
24 83 9 0 6 19 5.656854249492381 12.649110640673518 1.223357603008161 
24 79 9 1 6 18 4.47213595499958 12.649110640673518 1.2217791307349926 
24 78 9 1 6 18 5.656854249492381 12.649110640673518 1.2183315285616056 
24 77 9 1 6 17 4.47213595499958 12.649110640673518 1.2167530562884372 
24 76 9 1 6 17 5.656854249492381 12.649110640673518 1.2149819378613467 
24 75 9 1 6 17 4.47213595499958 12.649110640673518 1.2117269818418817 
24 74 9 1 6 16 5.656854249492381 12.649110640673518 1.2094512066865626 
24 73 9 1 6 16 4.47213595499958 12.083045973594572 1.1925452613258904 
24 72 9 2 6 16 5.656854249492381 12.083045973594572 1.1907741428988001 
24 71 9 2 6 16 4.47213595499958 12.083045973594572 1.189197359021799 
24 69 9 2 6 17 5.656854249492381 12.083045973594572 1.1874262405947087 
24 68 9 2 6 17 4.47213595499958 12.083045973594572 1.184172972971411 
24 66 9 2 6 17 5.656854249492381 12.083045973594572 1.1824018545443205 
24 65 9 2 6 17 4.47213595499958 12.083045973594572 1.180823382271152 
24 64 9 2 6 17 5.656854249492381 12.083045973594572 1.1790539522402288 
24 62 9 2 6 18 4.47213595499958 12.083045973594572 1.1774754799670606 
24 61 9 2 6 18 5.656854249492381 12.083045973594572 1.1773808452862669 
24 60 9 2 6 19 4.47213595499958 12.083045973594572 1.1571219324330013 
24 59 9 3 6 17 5.656854249492381 12.083045973594572 1.155350814005911 
24 58 9 3 6 17 4.47213595499958 12.083045973594572 1.157125309225336 
24 57 9 3 6 19 5.656854249492381 12.083045973594572 1.134998954868019 
24 55 9 4 6 17 4.47213595499958 12.083045973594572 1.1334204825948506 
24 54 9 4 6 17 5.656854249492381 12.083045973594572 1.1299728804214635 
24 53 9 4 6 16 4.47213595499958 12.083045973594572 1.1267179244019982 
24 52 9 4 6 15 5.656854249492381 12.083045973594572 1.1062663653948106 
24 51 9 5 6 13 4.47213595499958 12.083045973594572 1.1043124373671882 
24 50 9 5 6 13 5.656854249492381 11.661903789690601 1.100864835193801 
24 49 9 5 6 12 4.47213595499958 11.661903789690601 1.0963918218930406 
24 48 9 5 6 11 5.656854249492381 10.295630140987 1.093415943545084 
24 47 9 5 6 11 4.47213595499958 8.94427190999916 1.0968669225108059 
24 46 9 5 6 14 5.656854249492381 8.94427190999916 1.0917428365911221 
24 45 9 5 6 12 4.47213595499958 8.94427190999916 1.0901643643179537 
24 44 9 5 6 12 5.656854249492381 8.94427190999916 1.0883932458908632 
24 43 9 5 6 12 4.47213595499958 8.94427190999916 1.086814773617695 
24 42 9 5 6 12 5.656854249492381 8.94427190999916 1.0816906876980108 
24 41 9 5 6 10 4.47213595499958 8.94427190999916 1.0801122154248426 
24 40 9 5 6 10 5.656854249492381 8.94427190999916 1.0746832779853603 
24 39 9 5 6 8 4.47213595499958 8.602325267042627 1.073104805712192 
24 38 9 5 6 8 5.656854249492381 8.602325267042627 1.0713336872851016 
24 37 9 5 6 8 4.47213595499958 8.602325267042627 1.051074774431836 
24 36 9 6 6 6 5.656854249492381 8.602325267042627 1.0480633561856905 
24 35 9 6 6 6 4.47213595499958 7.211102550927978 1.0464848839125218 
24 34 9 6 6 6 5.656854249492381 7.211102550927978 1.0434833366050082 
24 33 9 6 6 6 4.47213595499958 5.830951894845301 1.04190486433184 
24 32 9 6 6 6 5.656854249492381 5.830951894845301 1.0394812151564277 
24 31 9 6 6 6 4.47213595499958 5.0990195135927845 1.0175475069530329 
24 29 9 7 6 4 5.656854249492381 5.0990195135927845 1.0140999047796455 
24 28 9 7 6 3 4.47213595499958 5.0990195135927845 1.0108449487601805 
24 27 9 7 6 2 5.656854249492381 5.0990195135927845 1.0080940348711136 
24 26 9 7 6 2 4.47213595499958 4.0 1.0057687182181947 
24 25 9 7 6 2 5.656854249492381 3.1622776601683795 1.0034888780337754 
24 24 9 7 6 1 4.47213595499958 4.47213595499958 0.9865829326731034 
24 23 9 8 6 1 5.656854249492381 4.47213595499958 0.9836942083524755 
24 22 9 8 6 0 4.47213595499958 5.0990195135927845 0.9884705044809309 
24 23 9 8 6 3 5.656854249492381 2.8284271247461903 0.9853706920987721 
24 22 9 8 6 1 4.47213595499958 5.0990195135927845 0.9650616231500764 
24 21 9 9 6 0 5.656854249492381 3.1622776601683795 0.9684500560807043 
24 21 9 9 6 0 4.47213595499958 7.0710678118654755 0.9901469882272276 
24 23 9 8 6 4 5.656854249492381 2.8284271247461903 0.9711608249048059 
24 22 9 9 6 2 4.47213595499958 4.47213595499958 0.9667882629918033 
24 21 9 9 6 0 5.656854249492381 5.0990195135927845 0.9917271488965631 
24 23 9 8 6 5 4.47213595499958 2.8284271247461903 0.9651796766327789 
24 21 9 9 6 1 5.656854249492381 1.4142135623730951 -1 
