140 140 0 0 14 14 16.0 16.0 1.1492813880598096 
138 139 0 0 17 17 16.0 14.142135623730951 1.1509112688782983 
134 137 0 0 16 17 12.0 16.0 1.1519649892599941 
132 135 0 0 21 17 13.038404810405298 16.0 1.1564778804708857 
128 134 0 0 22 18 13.038404810405298 16.0 1.1638561147045783 
124 133 0 0 22 21 14.142135623730951 16.0 1.16451053971907 
120 131 0 0 22 21 14.142135623730951 16.0 1.166907221462051 
116 130 0 0 22 21 14.142135623730951 16.0 1.1663427316254342 
110 126 0 0 19 22 14.142135623730951 16.0 1.1741127127479254 
109 122 1 0 20 24 14.142135623730951 16.0 1.1749199452796153 
107 121 1 0 21 24 14.142135623730951 16.0 1.171900084330948 
106 120 1 0 23 22 14.142135623730951 16.0 1.191706698171712 
100 119 2 0 24 25 14.142135623730951 16.0 1.195876371675447 
98 117 2 0 22 29 14.142135623730951 16.0 1.189178806384383 
96 116 2 0 21 25 14.142135623730951 16.0 1.20056732258568 
92 115 3 0 19 25 14.142135623730951 16.0 1.1976221562059928 
90 114 3 0 19 23 14.142135623730951 16.0 1.2027518697586157 
88 112 3 0 19 27 14.142135623730951 16.0 1.204715271709328 
86 111 3 0 19 28 14.142135623730951 16.0 1.2083148631035068 
84 110 3 0 19 30 14.142135623730951 16.0 1.197188749506487 
82 109 3 0 19 23 14.142135623730951 16.0 1.2005695343745915 
80 108 3 0 17 26 14.142135623730951 15.033296378372908 1.2004009602612449 
79 107 3 0 18 26 15.033296378372908 15.033296378372908 1.1996620654345802 
77 105 3 0 16 27 15.033296378372908 15.033296378372908 1.198441086112589 
73 104 4 0 15 19 15.033296378372908 15.033296378372908 1.2001490316403187 
73 102 4 0 19 21 15.033296378372908 15.033296378372908 1.2043780321969015 
69 101 4 0 16 23 15.033296378372908 15.033296378372908 1.2016574294186757 
69 99 4 0 21 22 15.033296378372908 15.033296378372908 1.217508816145878 
61 98 5 0 13 24 14.0 15.033296378372908 1.2150684360197712 
60 96 5 0 13 24 14.142135623730951 15.033296378372908 1.2092579266172827 
58 95 5 0 14 20 13.038404810405298 15.033296378372908 1.207516834260909 
54 93 5 0 13 20 12.0 13.038404810405298 1.2082603175622944 
53 92 5 0 16 20 12.165525060596439 13.038404810405298 1.2203249831581702 
49 91 6 0 12 21 12.165525060596439 13.038404810405298 1.2260197861917757 
43 90 6 0 8 23 10.295630140987 13.038404810405298 1.2246047419705322 
41 88 6 0 8 23 10.295630140987 13.038404810405298 1.2254119745022218 
39 87 6 0 9 23 10.295630140987 13.038404810405298 1.2294915859208444 
37 86 6 0 10 25 10.295630140987 13.038404810405298 1.2355382539994737 
35 85 7 0 8 23 10.295630140987 13.038404810405298 1.249211154702012 
34 84 8 0 7 26 10.295630140987 13.038404810405298 1.2403226853740574 
33 83 8 0 7 21 10.295630140987 13.038404810405298 1.2396151632634356 
32 82 8 0 7 21 10.295630140987 13.038404810405298 1.2438162094832137 
31 81 8 0 7 24 10.295630140987 13.038404810405298 1.2364383137812687 
30 79 8 0 7 21 10.0 13.038404810405298 1.232451766890014 
29 78 8 0 7 19 9.899494936611665 13.038404810405298 1.233286919401939 
28 77 8 0 7 20 8.48528137423857 13.038404810405298 1.234122071913864 
27 76 8 0 7 21 7.0710678118654755 13.038404810405298 1.2299425888103668 
26 74 8 0 7 20 5.656854249492381 13.038404810405298 1.238160300410377 
22 72 9 0 2 20 5.830951894845301 13.038404810405298 1.2265580221045116 
21 70 9 0 0 15 5.656854249492381 13.038404810405298 1.224752583007576 
22 69 9 0 2 15 5.830951894845301 13.038404810405298 1.2214373192040662 
21 68 9 0 0 14 5.656854249492381 13.038404810405298 1.2245404484375304 
22 67 9 0 2 17 5.830951894845301 13.038404810405298 1.219482927905531 
21 65 9 0 0 16 5.656854249492381 13.038404810405298 1.1992048629996843 
22 63 9 1 2 15 5.830951894845301 13.038404810405298 1.197525788639641 
21 62 9 1 0 15 5.656854249492381 13.038404810405298 1.1822623593492165 
22 61 9 2 2 16 5.830951894845301 13.038404810405298 1.1637468486237283 
21 59 9 3 0 16 5.656854249492381 13.038404810405298 1.1668499778571924 
22 58 9 3 2 19 5.830951894845301 13.038404810405298 1.1651709034971491 
21 57 9 3 0 19 5.656854249492381 13.038404810405298 1.166637843287147 
22 56 9 3 2 21 5.830951894845301 13.038404810405298 1.1616863900401704 
21 55 9 3 0 19 5.656854249492381 13.038404810405298 1.1589196154187618 
22 54 9 3 2 19 5.830951894845301 12.0 1.1252541305619834 
21 48 9 4 0 14 5.656854249492381 12.0 1.1185401231346486 
22 47 9 4 2 11 5.830951894845301 12.0 1.1168610487746051 
21 46 9 4 0 11 5.656854249492381 12.0 1.1141718229713402 
22 45 9 4 2 11 5.830951894845301 11.045361017187261 1.1094198452860484 
21 44 9 4 1 9 1.4142135623730951 11.045361017187261 1 
