140 140 0 0 14 14 16.0 16.0 1.116323712065931 
138 139 0 0 17 18 16.0 14.142135623730951 1.117150330008241 
134 138 0 0 16 16 12.165525060596439 16.0 1.1165443106062058 
132 137 0 0 21 15 12.165525060596439 16.0 1.118816453253106 
128 136 0 0 22 15 12.165525060596439 16.0 1.123709245635285 
124 134 0 0 23 18 12.165525060596439 16.0 1.125976848724204 
120 133 0 0 24 18 13.038404810405298 16.0 1.1334771495447422 
116 132 0 0 22 22 13.038404810405298 16.0 1.1323351792772542 
112 128 0 0 19 23 13.038404810405298 16.0 1.1356691949990059 
110 127 0 0 22 25 13.341664064126334 16.0 1.1414097675280974 
108 126 0 0 21 29 14.142135623730951 16.0 1.1430489416150542 
106 125 0 0 20 30 14.142135623730951 16.0 1.1543497336139708 
104 124 0 0 20 38 14.142135623730951 16.0 1.139381437486502 
102 120 0 0 21 30 14.142135623730951 16.0 1.1382015960434027 
100 119 0 0 19 29 14.142135623730951 16.0 1.1371857037548931 
98 118 0 0 19 28 14.142135623730951 16.0 1.144626858056552 
96 117 0 0 22 33 14.142135623730951 16.0 1.1489753892121302 
92 116 1 0 18 27 14.142135623730951 16.0 1.1438539354944788 
90 115 1 0 18 23 14.142135623730951 16.0 1.1520849324057298 
88 114 2 0 17 21 14.142135623730951 16.0 1.1473047120009394 
86 112 2 0 15 19 14.142135623730951 15.033296378372908 1.1487753023018845 
84 111 2 0 12 20 15.033296378372908 15.033296378372908 1.1486190334353628 
83 110 2 0 17 20 15.033296378372908 15.033296378372908 1.160060946530453 
79 109 2 0 13 27 15.033296378372908 15.033296378372908 1.157759113525985 
78 107 3 0 13 19 15.033296378372908 15.033296378372908 1.1578658179819714 
76 106 3 0 10 19 15.033296378372908 15.033296378372908 1.1629377072890876 
75 105 3 0 12 23 15.033296378372908 15.033296378372908 1.1619218150005783 
73 104 3 0 12 22 15.033296378372908 15.033296378372908 1.1600691273484964 
72 103 3 0 13 21 15.033296378372908 15.033296378372908 1.167960032185669 
71 102 3 0 16 27 15.033296378372908 15.033296378372908 1.1671526013322104 
70 101 3 0 13 27 14.142135623730951 15.033296378372908 1.1720662816225096 
69 100 3 0 13 31 13.038404810405298 15.033296378372908 1.172418909810381 
67 99 3 0 13 31 13.038404810405298 15.033296378372908 1.1630596891116882 
66 93 3 0 13 30 13.038404810405298 15.033296378372908 1.1607273738418866 
64 91 3 0 15 29 12.165525060596439 15.033296378372908 1.17363965604362 
58 89 4 0 11 29 12.165525060596439 15.033296378372908 1.1715051391291968 
56 88 4 0 14 27 11.40175425099138 15.033296378372908 1.187387334092151 
48 87 4 0 11 35 10.770329614269007 14.142135623730951 1.1752249121978189 
46 85 4 0 10 27 10.770329614269007 14.142135623730951 1.1693511064483584 
45 84 4 0 12 23 10.295630140987 14.142135623730951 1.1708402684280623 
43 83 4 0 9 24 7.615773105863909 14.142135623730951 1.169071659910573 
42 82 4 0 11 23 7.211102550927978 14.142135623730951 1.1798906309878594 
38 81 4 0 10 30 10.295630140987 13.038404810405298 1.1839216237540602 
36 79 5 0 8 27 10.295630140987 11.40175425099138 1.1882296106965302 
35 75 6 0 8 26 10.295630140987 11.40175425099138 1.169161580833214 
34 73 6 1 9 24 8.602325267042627 11.40175425099138 1.1680637139674095 
32 72 6 1 8 23 8.602325267042627 11.40175425099138 1.176826435991469 
31 71 7 1 8 22 8.602325267042627 11.40175425099138 1.1605282926920215 
30 70 7 2 8 21 7.211102550927978 11.40175425099138 1.1593565343786814 
28 69 7 2 6 20 5.656854249492381 11.40175425099138 1.1574348456145136 
27 68 7 2 6 19 3.1622776601683795 11.40175425099138 1.155582157962432 
26 67 7 2 7 18 3.1622776601683795 11.40175425099138 1.165631425885577 
25 66 8 2 6 18 3.1622776601683795 11.40175425099138 1.1664269924705453 
24 65 8 2 6 19 4.47213595499958 11.40175425099138 1.1730564019324468 
22 64 9 2 2 16 2.0 11.40175425099138 1.17241133208307 
21 63 9 2 1 16 1.4142135623730951 11.40175425099138 1 
