140 140 0 0 14 14 16.0 16.0 1.0306716119795511 
138 138 0 0 17 17 16.0 14.142135623730951 1.0388638690466858 
134 136 0 0 16 19 13.038404810405298 16.0 1.0385788099007194 
132 134 0 0 16 19 13.341664064126334 16.0 1.0436403569147457 
130 133 0 0 16 22 13.341664064126334 16.0 1.0461414268659752 
128 132 0 0 16 23 13.341664064126334 16.0 1.0504059619666652 
126 131 0 0 14 25 14.142135623730951 16.0 1.0520887228257212 
124 130 0 0 16 26 14.142135623730951 16.0 1.0524384702602407 
122 129 0 0 15 25 14.142135623730951 16.0 1.051673791243057 
120 125 0 0 16 27 14.142135623730951 16.0 1.0472658082046984 
118 123 0 0 17 24 14.142135623730951 16.0 1.048555779694018 
116 122 0 0 18 25 14.142135623730951 15.033296378372908 1.0481233270358437 
114 121 0 0 18 24 15.033296378372908 15.033296378372908 1.0544651125812678 
112 120 0 0 18 28 15.033296378372908 15.033296378372908 1.0543069996831906 
110 118 0 0 18 28 15.033296378372908 15.033296378372908 1.0577184522946743 
106 117 0 0 19 28 15.033296378372908 15.033296378372908 1.0629113715517238 
100 116 0 0 22 28 15.033296378372908 15.033296378372908 1.0627464146538805 
98 115 0 0 16 25 15.033296378372908 15.033296378372908 1.0626870075423132 
96 114 0 0 16 24 15.033296378372908 15.033296378372908 1.0686982358915362 
90 113 0 0 17 24 15.033296378372908 15.033296378372908 1.0774538636801794 
88 112 1 0 16 21 15.033296378372908 14.142135623730951 1.0873910477346636 
87 111 2 0 17 20 15.033296378372908 14.142135623730951 1.0868697111838717 
85 110 2 0 15 18 15.033296378372908 14.142135623730951 1.0878739260158647 
83 108 2 0 15 19 15.033296378372908 14.0 1.1006169042182807 
81 107 2 0 15 28 15.033296378372908 14.0 1.0910781396107494 
80 106 2 0 14 20 14.142135623730951 14.0 1.0888674099824724 
78 105 2 0 13 17 14.142135623730951 14.0 1.1048028052671373 
74 104 3 0 12 17 14.142135623730951 14.0 1.1051329033641852 
73 103 3 0 11 17 14.142135623730951 14.0 1.1038331072577403 
72 102 3 0 11 16 14.0 14.0 1.1041762299941815 
70 101 3 0 11 15 13.038404810405298 14.0 1.1083032821413228 
69 100 3 0 11 18 12.165525060596439 14.0 1.1159749467213518 
68 99 3 0 11 24 12.0 14.0 1.120310258211285 
64 98 3 0 16 26 12.0 14.0 1.1472828580107377 
58 97 4 0 11 31 11.045361017187261 14.0 1.1533462009153597 
56 96 5 0 9 25 11.045361017187261 14.0 1.1541588314066527 
55 95 5 0 8 26 11.045361017187261 13.038404810405298 1.1479890310601994 
54 93 5 0 7 22 11.045361017187261 13.038404810405298 1.1461655912824869 
53 92 5 0 6 21 11.40175425099138 12.165525060596439 1.1473667733648467 
52 91 5 0 6 22 11.40175425099138 12.165525060596439 1.1447272398530115 
51 90 5 0 6 20 11.40175425099138 12.165525060596439 1.1627550096419723 
50 89 6 0 6 25 11.40175425099138 12.165525060596439 1.1486716200097806 
49 87 6 1 5 25 10.198039027185569 12.165525060596439 1.1499419697145312 
48 86 6 1 6 26 9.055385138137417 12.165525060596439 1.1473489489050457 
47 85 6 1 6 24 8.94427190999916 12.165525060596439 1.143429176861812 
46 84 6 1 6 21 8.94427190999916 12.165525060596439 1.142064826272964 
44 83 6 1 9 20 7.615773105863909 11.40175425099138 1.1450929319642298 
40 82 6 1 6 18 6.324555320336759 11.40175425099138 1.147163480507727 
36 80 6 1 6 18 7.211102550927978 11.40175425099138 1.1465962130635632 
34 78 6 1 7 18 7.211102550927978 11.40175425099138 1.158598819185952 
32 77 7 1 3 16 7.211102550927978 11.40175425099138 1.170634550864008 
31 76 8 1 2 16 7.211102550927978 11.40175425099138 1.1707240796910372 
30 75 8 1 3 16 5.830951894845301 11.40175425099138 1.1736146548508823 
29 74 8 1 2 18 5.830951894845301 11.40175425099138 1.169854537236124 
28 73 8 1 3 15 4.47213595499958 11.40175425099138 1.1857031564713658 
24 72 9 1 1 15 5.656854249492381 11.40175425099138 1.1862160987931962 
23 71 9 1 1 15 4.242640687119285 11.40175425099138 1.1892895181778231 
22 70 9 1 1 17 2.8284271247461903 11.40175425099138 1.1723246128769549 
21 68 9 2 1 15 1.4142135623730951 11.40175425099138 1 
