140 140 0 0 14 14 16.0 16.0 1.092719735063577 
138 138 0 0 17 17 16.0 14.142135623730951 1.0982447854368746 
134 137 0 0 16 18 13.341664064126334 16.0 1.0974822876986736 
132 136 0 0 16 17 13.341664064126334 16.0 1.1006608958984059 
130 135 0 0 16 19 13.341664064126334 16.0 1.1038395040981377 
128 134 0 0 16 21 13.341664064126334 16.0 1.107125275512194 
126 133 0 0 14 23 13.341664064126334 16.0 1.1062153910214503 
124 132 0 0 16 22 14.0 16.0 1.1055064748904113 
122 131 0 0 15 21 14.0 16.0 1.1045636070535008 
120 129 0 0 16 21 14.0 16.0 1.1050612296874487 
118 128 0 0 17 21 14.0 16.0 1.1068725543007074 
116 127 0 0 18 22 14.0 16.0 1.1139922684383725 
114 126 0 0 18 27 14.0 16.0 1.118357790125868 
112 124 0 0 18 31 14.0 16.0 1.1125180685685856 
110 120 0 0 18 30 14.0 15.033296378372908 1.1141930531247097 
108 118 0 0 18 32 15.033296378372908 15.033296378372908 1.107902545208947 
106 114 0 0 16 30 15.033296378372908 15.033296378372908 1.1030185714341032 
104 112 0 0 17 27 15.033296378372908 15.033296378372908 1.0920440851194295 
100 108 0 0 17 20 15.033296378372908 15.033296378372908 1.0979036788849459 
98 107 0 0 16 24 15.033296378372908 15.033296378372908 1.0978458601700485 
96 105 0 0 25 25 15.033296378372908 15.033296378372908 1.112587505446242 
90 104 1 0 14 24 15.033296378372908 15.033296378372908 1.107830320162946 
88 103 1 0 15 20 15.033296378372908 15.033296378372908 1.107439258655234 
87 102 1 0 14 20 15.033296378372908 15.033296378372908 1.107048197147522 
86 101 1 0 13 20 15.033296378372908 15.033296378372908 1.1092845395984319 
85 100 1 0 12 22 15.033296378372908 15.033296378372908 1.1048987905456247 
84 99 1 0 12 19 15.033296378372908 15.033296378372908 1.1107679358767282 
82 98 1 0 12 23 14.0 15.033296378372908 1.119611793949731 
76 97 2 0 13 18 14.0 15.033296378372908 1.1202217505067211 
74 96 2 0 13 18 13.038404810405298 15.033296378372908 1.128601335317998 
72 95 2 0 15 24 12.165525060596439 15.033296378372908 1.1286519574610199 
66 94 2 0 13 21 11.40175425099138 14.142135623730951 1.12920316170213 
64 93 2 0 13 21 11.40175425099138 14.142135623730951 1.1256864715137598 
62 91 2 0 13 19 11.40175425099138 14.142135623730951 1.1279427779178677 
61 90 2 0 13 21 10.198039027185569 14.142135623730951 1.1270335277349213 
59 88 2 0 12 21 11.40175425099138 14.142135623730951 1.1265477416365381 
58 86 2 0 12 22 10.0 14.142135623730951 1.1248965597566771 
57 85 2 0 10 21 10.0 14.142135623730951 1.124080480411314 
55 84 2 0 11 20 10.0 14.142135623730951 1.1359880584017483 
54 83 3 0 9 21 10.0 14.142135623730951 1.1346594879947463 
52 82 3 0 8 20 9.899494936611665 13.341664064126334 1.132662543792446 
50 81 3 0 8 18 8.602325267042627 13.341664064126334 1.1431492565892447 
49 80 4 0 8 18 8.602325267042627 13.341664064126334 1.142811776688695 
48 79 4 0 6 18 8.602325267042627 13.341664064126334 1.1423671335738208 
47 78 4 0 6 18 8.602325267042627 13.341664064126334 1.1287442712596074 
45 77 4 1 6 18 8.602325267042627 13.341664064126334 1.1292418938935556 
43 76 4 1 7 18 8.602325267042627 13.341664064126334 1.126496805883853 
41 75 5 2 8 18 8.602325267042627 13.341664064126334 1.1353859184079533 
39 73 6 2 5 17 8.602325267042627 13.341664064126334 1.1373044062355366 
37 72 6 2 4 18 8.602325267042627 13.341664064126334 1.1355774815780437 
36 71 6 2 5 17 7.211102550927978 13.341664064126334 1.1351864200703319 
35 70 6 2 4 17 7.211102550927978 13.341664064126334 1.1347417769554573 
34 69 6 2 4 17 7.211102550927978 13.341664064126334 1.1462864746704582 
32 68 7 2 3 17 7.0710678118654755 13.341664064126334 1.1445281295762728 
31 67 7 2 3 16 7.0710678118654755 13.341664064126334 1.14282336608925 
30 66 7 2 2 15 7.0710678118654755 13.341664064126334 1.1436716684964234 
29 65 7 2 4 16 5.656854249492381 13.341664064126334 1.1442228727375334 
27 64 7 2 4 16 5.656854249492381 13.341664064126334 1.1464592151884434 
26 63 7 2 3 18 5.656854249492381 13.341664064126334 1.154277142921666 
25 62 8 2 2 16 7.211102550927978 13.341664064126334 1.1539168253610226 
24 61 8 2 2 16 5.830951894845301 13.341664064126334 1.1406948396987238 
23 60 8 3 2 17 4.47213595499958 13.341664064126334 1.1404373905732117 
22 59 8 3 0 17 3.1622776601683795 13.341664064126334 1.1381306377039893 
22 58 8 3 1 17 1.4142135623730951 12.165525060596439 1.147303648521477 
21 57 9 3 1 16 1.4142135623730951 12.165525060596439 1 
