140 140 0 0 14 14 16.0 16.0 1.0967023611115347 
138 139 0 0 17 17 16.0 14.142135623730951 1.1061757689745904 
134 138 0 0 16 20 12.165525060596439 16.0 1.1031790611724577 
132 136 0 0 21 18 12.649110640673518 16.0 1.1049663583927556 
128 134 0 0 22 18 12.649110640673518 16.0 1.1111131729810932 
124 133 0 0 22 20 14.0 16.0 1.1143471437869283 
120 132 0 0 22 20 14.0 16.0 1.119073199688919 
116 131 0 0 22 21 14.0 16.0 1.127389082673654 
110 130 0 0 20 23 14.0 16.0 1.1324043229843064 
108 128 1 0 19 20 14.0 16.0 1.136517217292627 
106 127 1 0 21 22 14.142135623730951 16.0 1.1359996408763195 
104 126 1 0 22 21 14.142135623730951 16.0 1.1401200398878764 
102 125 1 0 24 23 14.142135623730951 16.0 1.1406093881495303 
100 124 1 0 22 23 14.142135623730951 16.0 1.1642516151332605 
96 123 2 0 19 30 14.142135623730951 16.0 1.157603978192934 
94 122 2 0 19 25 14.142135623730951 16.0 1.1628930220218499 
92 121 2 0 19 28 14.142135623730951 16.0 1.1625371657449404 
90 120 2 0 21 27 14.142135623730951 16.0 1.154119414940281 
88 118 2 0 20 22 14.142135623730951 16.0 1.154770483341333 
86 117 2 0 19 22 14.142135623730951 16.0 1.153651437878052 
84 115 2 0 17 22 14.142135623730951 16.0 1.1529721413223466 
82 114 2 0 17 21 14.142135623730951 16.0 1.1560443919887837 
78 113 2 0 16 21 14.142135623730951 16.0 1.1675882180638735 
74 112 3 0 12 20 14.142135623730951 16.0 1.1719901110388928 
73 111 3 0 14 23 14.142135623730951 16.0 1.1790576818255165 
69 110 4 0 10 19 14.142135623730951 16.0 1.177213205647737 
68 108 4 0 11 19 14.142135623730951 16.0 1.1769846278981282 
67 107 4 0 12 19 14.0 16.0 1.1778481882742502 
65 106 4 0 12 19 13.038404810405298 16.0 1.1831833197996295 
63 105 4 0 12 22 12.165525060596439 16.0 1.1900047755134113 
61 104 4 0 12 26 11.40175425099138 16.0 1.1925047082539209 
59 103 4 0 13 27 10.770329614269007 16.0 1.1931030130857365 
55 102 4 0 15 25 10.295630140987 16.0 1.1941980182378247 
51 101 4 0 11 24 10.295630140987 16.0 1.2072332067608944 
50 100 5 0 11 26 10.295630140987 16.0 1.1888340002890827 
49 94 5 0 14 19 10.295630140987 16.0 1.187553234686404 
47 92 5 0 11 19 10.295630140987 16.0 1.1869193496413166 
45 90 5 0 12 19 10.295630140987 16.0 1.1877321381817667 
43 89 5 0 12 19 10.295630140987 16.0 1.1962194797351318 
39 88 6 0 7 16 8.602325267042627 16.0 1.2059991473407357 
38 87 7 0 5 16 7.615773105863909 16.0 1.205555435064881 
37 86 7 0 5 16 8.48528137423857 16.0 1.2082090787895945 
36 85 7 0 5 18 7.211102550927978 16.0 1.2082964366155458 
35 84 7 0 8 18 7.211102550927978 16.0 1.2071319796416466 
33 83 7 0 5 17 7.211102550927978 16.0 1.2112833037322688 
32 82 7 0 5 20 5.830951894845301 16.0 1.1931591313009013 
31 81 7 1 4 18 4.47213595499958 16.0 1.191650212658903 
30 79 7 1 7 18 4.242640687119285 16.0 1.1759533050716104 
29 78 7 2 3 18 4.242640687119285 16.0 1.175513863752612 
28 76 7 2 3 19 2.8284271247461903 16.0 1.1754395014391654 
27 75 7 2 5 19 2.8284271247461903 16.0 1.1858748830328762 
25 74 8 2 0 19 3.1622776601683795 16.0 1.184404197893334 
25 72 8 2 1 20 1.4142135623730951 16.0 1.1671316552855828 
24 68 9 3 0 15 5.656854249492381 16.0 1.1655858142056865 
24 67 9 3 0 15 4.47213595499958 16.0 1.1523342948223747 
24 66 9 4 0 17 4.0 16.0 1.1476004936895785 
24 64 9 4 0 16 4.47213595499958 16.0 1.1460170285514137 
24 63 9 4 0 16 4.0 16.0 1.1428916211435527 
24 62 9 4 0 15 4.47213595499958 16.0 1.1413081560053884 
24 61 9 4 0 15 4.0 16.0 1.1318677414924077 
24 59 9 4 0 12 4.47213595499958 14.142135623730951 1.130284276354243 
24 58 9 4 0 12 4.0 14.142135623730951 1.1301430391386926 
24 57 9 4 0 13 4.47213595499958 14.142135623730951 1.125443628561339 
24 56 9 4 0 11 4.0 14.0 1.1223182211534781 
24 55 9 4 0 10 4.47213595499958 14.0 1.1207347560153138 
24 54 9 4 0 10 4.0 14.0 1.1044492092661495 
24 53 9 5 0 10 4.47213595499958 14.0 1.1028657441279852 
24 52 9 5 0 10 4.0 14.0 1.0997403367201237 
24 51 9 5 0 9 4.47213595499958 14.0 1.0981568715819594 
24 50 9 5 0 9 4.0 14.0 1.0965235492702539 
24 49 9 5 0 9 4.47213595499958 14.0 1.0919559139397785 
24 48 9 5 0 7 4.0 14.0 1.090322591628073 
24 47 9 5 0 7 4.47213595499958 14.0 1.0887391264899082 
24 46 9 5 0 7 4.0 14.0 1.0856137190820474 
24 45 9 5 0 6 4.47213595499958 14.0 1.0855223390400384 
24 44 9 5 0 7 4.0 14.0 1.0677447071947188 
24 43 9 6 0 6 4.47213595499958 14.0 1.0646691569603992 
24 42 9 6 0 5 4.0 14.0 1.061543749552538 
24 41 9 6 0 4 4.47213595499958 14.0 1.0453080599769153 
24 40 9 7 0 4 4.0 14.0 1.0415723032547752 
24 39 9 7 0 3 4.47213595499958 13.341664064126334 1.039988838116611 
24 38 9 7 0 3 4.0 13.341664064126334 1.03686343070875 
24 37 9 7 0 2 4.47213595499958 13.341664064126334 1.0352799655705853 
24 36 9 7 0 2 4.0 13.341664064126334 1.017221179275887 
24 35 9 8 0 1 4.47213595499958 13.038404810405298 1.014145629041567 
24 34 9 8 0 0 4.0 13.038404810405298 1.0251553106496167 
24 36 9 8 0 4 4.47213595499958 15.033296378372908 1.019761471969349 
24 35 9 8 0 2 4.0 14.142135623730951 0.9978600822924028 
24 33 9 9 0 0 4.47213595499958 13.038404810405298 1.0196296967224707 
24 35 9 8 0 2 4.0 14.0 1.0156127855509516 
24 34 9 8 0 1 4.47213595499958 13.038404810405298 0.9978850108791734 
24 33 9 9 0 0 4.0 13.038404810405298 0.9978600822924028 
24 33 9 9 0 0 4.47213595499958 13.038404810405298 0.9981661653285528 
24 33 9 9 0 0 4.0 13.341664064126334 1.0210968532318554 
24 35 9 8 0 3 4.47213595499958 14.0 1.0156377141377222 
24 34 9 8 0 1 4.0 13.038404810405298 0.9981412367417822 
24 33 9 9 0 0 4.47213595499958 13.341664064126334 1.0114242546370102 
24 36 9 9 0 4 4.0 16.0 1.0034759252201848 
24 34 9 9 0 2 4.47213595499958 14.142135623730951 0.9978850108791734 
24 33 9 9 0 0 4.0 13.038404810405298 1.0212286284787337 
24 35 9 8 0 3 4.47213595499958 14.142135623730951 0.9978850108791734 
24 33 9 9 0 0 4.0 13.038404810405298 1.0171048706471069 
24 34 9 8 0 2 4.47213595499958 13.038404810405298 0.9978850108791734 
24 33 9 9 0 0 4.0 13.038404810405298 1.008894692487223 
24 35 9 9 0 4 4.47213595499958 15.033296378372908 1.0035008538069554 
24 34 9 9 0 2 4.0 14.142135623730951 0.9981412367417822 
24 33 9 9 0 0 4.47213595499958 13.341664064126334 1.0089196210739937 
24 35 9 9 0 4 4.0 15.033296378372908 0.9978600822924028 
24 33 9 9 0 0 4.47213595499958 13.038404810405298 1.0212535570655044 
24 35 9 8 0 3 4.0 14.142135623730951 0.9978600822924028 
24 33 9 9 0 0 4.47213595499958 13.038404810405298 1.0276848727994041 
24 37 9 8 0 4 4.0 16.0 1.0182444582864232 
24 35 9 8 0 1 4.47213595499958 14.142135623730951 1.0144267834909462 
24 34 9 8 0 0 4.0 13.341664064126334 0.9711986803042053 
24 21 9 9 0 0 4.47213595499958 5.0990195135927845 0.9951469231324442 
22 22 9 8 2 2 2.0 7.0710678118654755 0.9751536309027141 
21 21 9 9 1 0 1.4142135623730951 5.0990195135927845 1 
