140 140 0 0 14 14 16.0 16.0 1.1146573110418003 
138 138 0 0 17 17 16.0 14.142135623730951 1.1183434615362429 
134 136 0 0 16 18 13.038404810405298 16.0 1.11838698089507 
132 134 0 0 21 17 13.341664064126334 16.0 1.1200604405276395 
128 133 0 0 22 16 13.341664064126334 16.0 1.1212683958808896 
124 132 0 0 22 15 14.142135623730951 16.0 1.129020117982111 
120 131 0 0 22 18 14.142135623730951 16.0 1.1384221903740799 
116 130 0 0 22 22 14.142135623730951 16.0 1.13739902232723 
112 129 0 0 21 20 14.142135623730951 16.0 1.1434922160822414 
110 128 0 0 22 23 14.142135623730951 16.0 1.166645332800532 
106 127 1 0 20 30 14.142135623730951 16.0 1.1524193624277055 
102 126 1 0 19 20 14.142135623730951 16.0 1.1569431400997088 
100 125 1 0 17 23 14.142135623730951 16.0 1.1712880853084555 
98 124 1 0 18 31 14.142135623730951 16.0 1.1669560386246485 
96 123 1 0 18 28 14.142135623730951 16.0 1.1714470947367446 
90 121 2 0 17 23 14.142135623730951 16.0 1.1660755238951614 
88 119 2 0 18 20 14.142135623730951 16.0 1.1633938275021016 
86 118 2 0 18 18 14.142135623730951 16.0 1.1794142263076048 
84 117 3 0 16 22 14.142135623730951 16.0 1.1735195167716859 
82 115 3 0 16 19 14.142135623730951 16.0 1.175788871250867 
80 114 3 0 16 20 14.142135623730951 16.0 1.173711247759882 
78 113 3 0 14 19 14.142135623730951 16.0 1.1754129074131259 
77 112 3 0 15 20 14.142135623730951 16.0 1.1766427377345314 
75 110 3 0 16 21 14.142135623730951 16.0 1.1778658148250405 
73 109 3 0 14 22 14.142135623730951 16.0 1.1784402628818738 
72 108 3 0 16 22 14.142135623730951 16.0 1.184488900505284 
71 107 3 0 19 25 14.142135623730951 16.0 1.199969235365905 
67 106 3 0 18 33 14.142135623730951 16.0 1.201146124561298 
63 105 4 0 12 28 13.038404810405298 16.0 1.2084347645257638 
62 103 5 0 11 28 13.038404810405298 16.0 1.20301863755258 
61 101 5 0 14 25 13.038404810405298 16.0 1.1965131018836896 
59 100 5 0 13 21 13.038404810405298 16.0 1.2070593111226156 
57 99 6 0 10 22 13.038404810405298 16.0 1.2066093166323484 
56 98 6 0 10 22 13.341664064126334 16.0 1.2061041139748667 
54 96 6 0 11 22 12.165525060596439 16.0 1.208300994050857 
50 95 6 0 10 22 11.045361017187261 16.0 1.2137735522598518 
44 93 6 0 8 24 8.246211251235321 16.0 1.212174511331602 
43 92 6 0 9 23 8.246211251235321 16.0 1.2133587369298653 
43 91 6 0 11 24 8.94427190999916 16.0 1.2041943851017924 
42 85 6 0 14 23 8.94427190999916 15.033296378372908 1.2038440665671157 
38 84 6 0 11 22 9.899494936611665 15.033296378372908 1.1941181342308982 
36 80 6 0 13 18 8.48528137423857 15.033296378372908 1.2071693126778604 
30 79 7 0 7 19 4.47213595499958 15.033296378372908 1.2072206220403576 
29 78 7 0 8 19 4.47213595499958 15.033296378372908 1.2145639662309433 
27 77 8 0 5 18 5.830951894845301 15.033296378372908 1.21234013921405 
28 76 8 0 9 17 5.656854249492381 15.033296378372908 1.2196345957112336 
24 75 9 0 2 16 5.0990195135927845 15.033296378372908 1.2181246324136767 
24 74 9 0 2 16 5.830951894845301 15.033296378372908 1.2165939905620604 
23 73 9 0 0 16 5.656854249492381 15.033296378372908 1.2149993067094527 
24 72 9 0 2 16 5.830951894845301 15.033296378372908 1.2134686648578363 
23 71 9 0 0 16 5.656854249492381 15.033296378372908 1.1966890104848413 
24 70 9 1 2 16 5.830951894845301 15.033296378372908 1.195158368633225 
23 69 9 1 0 16 5.656854249492381 15.033296378372908 1.1800290645509772 
24 68 9 2 2 17 5.830951894845301 15.033296378372908 1.178498422699361 
23 67 9 2 0 17 5.656854249492381 15.033296378372908 1.1769037388467531 
24 66 9 2 2 17 5.830951894845301 15.033296378372908 1.177023447285884 
23 65 9 2 0 18 5.656854249492381 15.033296378372908 1.1770791137240233 
24 64 9 2 2 19 5.830951894845301 15.033296378372908 1.1690347581480536 
23 62 9 2 0 16 5.656854249492381 15.033296378372908 1.1539931415044409 
24 60 9 3 2 18 5.830951894845301 15.033296378372908 1.1524624996528245 
23 59 9 3 0 18 5.656854249492381 15.033296378372908 1.1356828452798298 
24 58 9 4 2 18 5.830951894845301 15.033296378372908 1.125900451974478 
23 57 9 4 0 13 5.656854249492381 15.033296378372908 1.1243057681218702 
24 56 9 4 2 13 5.830951894845301 15.033296378372908 1.1211247759795069 
23 55 9 4 0 12 5.656854249492381 15.033296378372908 1.1059954718972589 
24 54 9 5 2 13 5.830951894845301 15.033296378372908 1.1094158809178838 
23 53 9 5 0 16 5.656854249492381 15.033296378372908 1.1013074833409227 
24 51 9 5 2 13 5.830951894845301 15.033296378372908 1.0997768414893063 
23 50 9 5 0 13 5.656854249492381 15.033296378372908 1.0981821576366986 
24 49 9 5 2 13 5.830951894845301 15.033296378372908 1.0950011654943352 
23 48 9 5 0 12 5.656854249492381 15.033296378372908 1.0934064816417275 
24 47 9 5 2 12 5.830951894845301 15.033296378372908 1.0823148779967597 
23 45 9 5 0 8 5.656854249492381 13.341664064126334 1.079069843853405 
24 44 9 5 2 7 5.830951894845301 13.341664064126334 1.0623542314814016 
23 43 9 6 0 7 5.656854249492381 13.341664064126334 1.0439242268176596 
24 42 9 7 2 6 5.830951894845301 13.341664064126334 1.0423935849660433 
23 41 9 7 0 6 5.656854249492381 13.341664064126334 1.0407989011134355 
24 40 9 7 2 6 5.830951894845301 13.341664064126334 1.0392682592618192 
23 39 9 7 0 6 5.656854249492381 13.341664064126334 1.0360232251184642 
24 38 9 7 2 5 5.830951894845301 13.341664064126334 1.0302206633801247 
23 37 9 7 0 3 5.656854249492381 12.165525060596439 1.028625979527517 
24 36 9 7 2 3 5.830951894845301 12.165525060596439 1.0101233313761737 
23 35 9 8 0 2 5.656854249492381 12.0 1.0068782972328192 
24 34 9 8 2 1 5.830951894845301 12.0 1.0053476553812026 
23 33 9 8 0 1 5.656854249492381 12.0 0.9869176507174607 
24 32 9 9 2 0 5.830951894845301 12.0 0.9624624618802071 
23 21 9 9 0 0 5.656854249492381 3.1622776601683795 0.9782683972045949 
22 24 9 9 3 4 2.8284271247461903 5.656854249492381 1 
