140 140 0 0 14 14 16.0 16.0 1.1328460405990695 
138 139 0 0 17 19 16.0 14.142135623730951 1.1392140547400333 
134 138 0 0 16 20 12.165525060596439 16.0 1.1411184083640638 
132 137 0 0 21 19 12.165525060596439 16.0 1.14689509934977 
128 135 0 0 22 21 12.165525060596439 16.0 1.1520925877224908 
124 133 0 0 22 23 12.649110640673518 16.0 1.158172866748149 
120 132 0 0 22 25 14.0 15.033296378372908 1.1597457912637799 
116 130 0 0 22 25 15.033296378372908 15.033296378372908 1.1691086155155916 
112 128 0 0 26 28 15.033296378372908 15.033296378372908 1.1870076319294516 
106 126 1 0 21 32 15.033296378372908 15.033296378372908 1.1938267667498834 
104 125 1 0 22 35 15.033296378372908 15.033296378372908 1.1931283281155627 
102 124 1 0 21 35 15.033296378372908 14.142135623730951 1.1939039390716883 
100 123 1 0 21 35 15.033296378372908 14.142135623730951 1.1982961325553345 
94 121 2 0 18 31 15.033296378372908 14.0 1.1946750821822336 
93 120 2 0 22 28 15.033296378372908 14.0 1.1978434088049053 
89 119 3 0 18 24 15.033296378372908 14.0 1.202844488834486 
87 118 3 0 19 26 15.033296378372908 14.0 1.1975765759263053 
85 117 3 0 18 23 15.033296378372908 14.0 1.1965341320915797 
83 116 3 0 18 22 15.033296378372908 14.0 1.2015352121211602 
81 115 3 0 19 24 15.033296378372908 14.0 1.2119904565232955 
79 114 3 0 20 29 15.033296378372908 14.0 1.2026895301064122 
75 113 3 0 17 23 15.033296378372908 14.0 1.227950202206129 
74 112 4 0 17 32 15.033296378372908 14.0 1.2359980323256616 
72 111 4 0 17 36 15.033296378372908 14.0 1.2202899342239477 
71 110 4 0 19 27 15.033296378372908 14.0 1.2381734521348056 
65 109 5 0 14 30 14.0 14.0 1.233323706462604 
64 108 5 0 19 26 14.0 14.0 1.2274026305393095 
62 107 5 0 20 22 13.341664064126334 14.0 1.2447684678773925 
56 106 6 0 11 26 13.341664064126334 14.0 1.2469652296973703 
52 105 6 0 9 26 13.341664064126334 14.0 1.2483801764608455 
50 104 6 0 7 27 13.341664064126334 14.0 1.2496739072841458 
49 103 6 0 7 28 13.341664064126334 14.0 1.241334541520334 
47 102 6 0 7 23 12.165525060596439 14.0 1.2366262568950792 
45 100 6 0 7 21 11.045361017187261 14.0 1.237604017720316 
43 99 6 0 9 21 10.0 13.038404810405298 1.2496139823165198 
41 97 7 0 9 23 10.0 13.038404810405298 1.242222884850877 
37 96 7 1 8 26 9.055385138137417 13.038404810405298 1.2350157012116705 
36 95 7 1 9 22 9.055385138137417 13.038404810405298 1.2398096270604424 
34 94 8 1 6 20 9.055385138137417 13.038404810405298 1.2435107721663459 
33 93 8 1 7 22 9.055385138137417 13.038404810405298 1.2394653504568887 
31 91 8 1 5 21 9.055385138137417 13.038404810405298 1.2371059764004282 
30 90 8 1 5 20 8.246211251235321 13.038404810405298 1.2451066287373693 
28 89 8 1 5 24 6.0 13.038404810405298 1.233655052487804 
27 88 8 1 5 18 5.0990195135927845 13.038404810405298 1.2385118335730414 
26 87 8 1 8 20 4.0 13.038404810405298 1.247796743379786 
22 86 9 1 2 20 5.0990195135927845 13.038404810405298 1.2442562749325277 
21 84 9 1 0 20 4.47213595499958 13.038404810405298 1.247911063372702 
21 83 9 1 0 23 5.656854249492381 13.038404810405298 1.2450310564969624 
21 82 9 1 0 23 4.47213595499958 12.0 1 
