140 140 0 0 14 14 16.0 16.0 0.9762652166753385 
138 138 0 0 17 17 16.0 14.142135623730951 0.9831139748976548 
134 136 0 0 16 18 13.038404810405298 16.0 0.9852965895127659 
132 135 0 0 16 19 13.038404810405298 16.0 0.9868898841114925 
130 134 0 0 16 20 14.142135623730951 16.0 0.9917916380558335 
128 133 0 0 16 24 14.142135623730951 16.0 0.9933611160786597 
126 132 0 0 14 23 14.142135623730951 16.0 0.9918385541743339 
125 131 0 0 14 21 14.0 16.0 0.996199254632191 
123 129 0 0 15 26 14.0 16.0 0.9948151081354459 
121 127 0 0 15 24 14.0 16.0 0.995000250925521 
120 126 0 0 14 24 14.0 15.033296378372908 0.9926716921056796 
119 122 0 0 14 24 14.0 15.033296378372908 0.9952196330107167 
117 120 0 0 15 27 14.0 15.033296378372908 0.996736040969674 
115 119 0 0 16 28 13.038404810405298 14.142135623730951 0.9989774135785688 
113 117 0 0 16 30 13.038404810405298 14.142135623730951 0.9985786402070438 
111 115 0 0 15 29 13.038404810405298 13.341664064126334 0.9992550635654771 
109 114 0 0 16 29 13.038404810405298 13.341664064126334 0.997870917068732 
107 112 0 0 16 27 13.038404810405298 13.341664064126334 0.9991471519074331 
105 111 0 0 16 27 13.038404810405298 13.341664064126334 1.000134672334374 
101 110 0 0 17 25 13.038404810405298 13.341664064126334 1.00442328968643 
99 109 0 0 15 27 13.038404810405298 13.341664064126334 1.0057034683521422 
98 108 0 0 14 27 12.165525060596439 13.341664064126334 1.0090990310398058 
96 107 0 0 15 30 12.165525060596439 13.341664064126334 1.009779983170604 
92 106 0 0 15 27 12.165525060596439 13.341664064126334 1.0140686005226605 
90 105 0 0 13 29 12.165525060596439 13.341664064126334 1.0133765272742878 
89 104 0 0 13 28 12.165525060596439 13.341664064126334 1.0143773728132457 
85 103 0 0 17 28 12.165525060596439 13.341664064126334 1.0241116091739368 
79 102 0 0 14 30 11.045361017187261 13.341664064126334 1.0379312231816529 
77 101 1 0 15 31 11.045361017187261 13.341664064126334 1.0393451526702258 
76 100 1 0 13 31 11.045361017187261 13.341664064126334 1.0401592706785308 
75 99 1 0 12 31 11.045361017187261 13.341664064126334 1.040783098025518 
74 98 1 0 11 31 11.40175425099138 13.341664064126334 1.0452656288069095 
73 97 1 0 11 35 10.198039027185569 13.341664064126334 1.0367227058669897 
72 96 1 0 12 26 10.198039027185569 13.341664064126334 1.0540375446655548 
70 92 2 0 12 33 10.198039027185569 13.341664064126334 1.0494133840153996 
69 91 2 0 11 27 10.198039027185569 13.341664064126334 1.0464464343838111 
69 90 2 0 10 24 10.198039027185569 13.341664064126334 1.0487800687608106 
68 89 2 0 11 27 10.198039027185569 13.341664064126334 1.0526786523882719 
67 87 2 0 11 32 10.198039027185569 13.341664064126334 1.0518355593780107 
65 86 2 0 10 29 10.198039027185569 13.341664064126334 1.0417462342710935 
59 85 2 1 11 26 9.055385138137417 13.341664064126334 1.0528467089495799 
57 84 3 1 12 24 9.055385138137417 13.341664064126334 1.065453374884744 
55 83 4 1 12 23 9.055385138137417 13.341664064126334 1.0582897919371215 
53 79 4 1 13 18 9.055385138137417 12.165525060596439 1.0621040754088593 
51 78 4 1 11 19 8.246211251235321 12.165525060596439 1.0622261201687917 
49 76 4 1 10 18 8.246211251235321 12.165525060596439 1.0633768508852626 
48 75 4 1 9 18 7.615773105863909 12.165525060596439 1.0638072250044064 
47 74 4 1 9 18 7.211102550927978 12.165525060596439 1.0647881329141928 
46 73 4 1 7 17 6.324555320336759 12.165525060596439 1.0650024394422302 
45 72 4 1 7 17 6.324555320336759 12.165525060596439 1.0681134424999965 
44 71 4 1 7 21 6.324555320336759 11.045361017187261 1.0658242129976807 
40 69 4 1 7 17 8.602325267042627 11.045361017187261 1.0782753303985908 
39 68 5 1 7 17 8.602325267042627 11.045361017187261 1.079551565237292 
37 67 5 1 7 17 8.602325267042627 11.045361017187261 1.0914028711579344 
36 66 6 1 8 17 8.602325267042627 11.045361017187261 1.0967086101586927 
35 65 6 1 6 21 7.0710678118654755 10.198039027185569 1.0944290310392928 
34 64 6 1 7 19 5.830951894845301 9.055385138137417 1.0996864618217859 
30 63 7 2 4 19 4.47213595499958 9.055385138137417 1.098687820277271 
29 62 7 2 3 17 4.47213595499958 9.055385138137417 1.1016212661345381 
28 61 7 2 3 20 4.47213595499958 9.055385138137417 1.1003008970968522 
26 60 7 2 3 17 4.242640687119285 9.055385138137417 1.100208635328747 
25 59 7 2 2 16 4.242640687119285 9.055385138137417 1.1159787035391546 
24 58 8 2 1 19 4.242640687119285 9.055385138137417 1.1142289682215938 
23 57 8 2 1 16 2.8284271247461903 9.055385138137417 1.1126946715546229 
23 56 8 2 1 16 2.8284271247461903 8.0 1.1127534295484065 
23 55 8 2 1 17 2.8284271247461903 8.0 1.099001382995656 
23 54 8 3 1 17 2.8284271247461903 8.0 1.0981537612130297 
23 53 8 3 1 17 2.8284271247461903 8.0 1.0963997596539934 
23 52 8 3 1 16 2.8284271247461903 8.0 1.0955521378713673 
23 51 8 3 1 16 2.8284271247461903 8.0 1.095610895865151 
23 50 8 3 1 17 2.8284271247461903 8.0 1.080104847753364 
23 48 8 4 1 16 2.8284271247461903 8.0 1.0792572259707376 
23 47 8 4 1 16 2.8284271247461903 8.0 1.0784096041881115 
23 46 8 4 1 16 2.8284271247461903 8.0 1.0757492228526653 
23 45 8 4 1 14 2.8284271247461903 8.0 1.074901601070039 
23 44 8 4 1 14 2.8284271247461903 8.0 1.0731475995110027 
23 43 8 4 1 13 2.8284271247461903 8.0 1.0575827934054323 
23 42 8 5 1 11 2.8284271247461903 8.0 1.0558287918463962 
23 41 8 5 1 10 2.8284271247461903 8.0 1.0420767452936457 
23 40 8 6 1 10 2.8284271247461903 8.0 1.0412291235110194 
23 39 8 6 1 10 2.8284271247461903 8.0 1.0394751219519829 
23 38 8 6 1 9 2.8284271247461903 8.0 1.0386275001693566 
23 37 8 6 1 9 2.8284271247461903 8.0 1.036269098965299 
23 36 8 6 1 8 2.8284271247461903 7.0710678118654755 1.0354214771826726 
23 35 8 6 1 8 2.8284271247461903 7.0710678118654755 1.0336674756236364 
23 34 8 6 1 7 2.8284271247461903 7.0710678118654755 1.0190678072882593 
23 32 8 7 1 7 2.8284271247461903 7.0710678118654755 1.0175233068598564 
23 31 8 7 1 7 2.8284271247461903 6.0 1.01576930530082 
23 30 8 7 1 6 2.8284271247461903 6.0 1.0134290905680865 
23 29 8 7 1 5 2.8284271247461903 5.0990195135927845 1.0125814687854602 
23 28 8 7 1 5 2.8284271247461903 5.0990195135927845 1.0113259720200063 
23 27 8 7 1 5 2.8284271247461903 4.47213595499958 0.9963603555565724 
23 26 8 8 1 4 2.8284271247461903 4.0 0.9949676788266762 
23 25 8 8 1 4 2.8284271247461903 3.1622776601683795 0.9907034523650752 
23 23 8 8 1 2 2.8284271247461903 2.0 0.9903810747716948 
23 22 8 8 1 3 2.8284271247461903 1.4142135623730951 0.9748162686661245 
23 21 8 9 1 1 2.8284271247461903 1.4142135623730951 -1 
