140 140 0 0 14 14 16.0 16.0 1.093891167092568 
138 139 0 0 17 19 16.0 14.142135623730951 1.100807234574375 
134 137 0 0 16 22 12.165525060596439 16.0 1.102514854117896 
132 135 0 0 16 24 13.341664064126334 16.0 1.101784022673151 
130 134 0 0 16 23 13.341664064126334 16.0 1.1021989086585895 
128 132 0 0 16 24 14.142135623730951 16.0 1.1068635876742916 
126 131 0 0 14 27 14.142135623730951 16.0 1.104575151118071 
124 129 0 0 16 26 14.142135623730951 16.0 1.1091792128079123 
122 128 0 0 15 29 14.142135623730951 16.0 1.1057506261329444 
120 127 0 0 16 26 14.142135623730951 16.0 1.0996849015536136 
118 126 0 0 17 21 14.142135623730951 16.0 1.1015305906873707 
116 125 0 0 18 22 14.142135623730951 16.0 1.0993633887828718 
114 123 0 0 18 21 14.142135623730951 16.0 1.0998333247827352 
112 121 0 0 18 22 14.142135623730951 16.0 1.102445170257363 
108 120 0 0 18 22 14.142135623730951 16.0 1.1017143388126183 
106 119 0 0 18 21 14.142135623730951 16.0 1.1036206452722361 
104 118 0 0 18 22 14.142135623730951 16.0 1.116073108412545 
96 117 1 0 16 18 14.142135623730951 16.0 1.1194192184760656 
94 116 1 0 14 20 14.142135623730951 16.0 1.118749004357182 
92 115 1 0 13 19 14.142135623730951 16.0 1.120594693490939 
90 114 1 0 14 20 14.142135623730951 16.0 1.1191038860325802 
88 113 1 0 14 19 14.142135623730951 15.033296378372908 1.1256542727396621 
86 112 1 0 13 24 14.0 14.142135623730951 1.1301879421553098 
84 111 1 0 13 27 14.142135623730951 14.142135623730951 1.1215491301416256 
82 109 1 0 11 21 14.142135623730951 14.142135623730951 1.119866862039146 
81 108 1 0 10 20 14.142135623730951 14.142135623730951 1.1379322698699315 
79 107 2 0 11 25 14.142135623730951 14.142135623730951 1.133495062355516 
78 105 2 0 10 23 14.142135623730951 14.142135623730951 1.134399089779871 
77 104 2 0 10 24 14.0 14.142135623730951 1.1336165876331057 
75 102 2 0 10 24 13.038404810405298 14.142135623730951 1.1365984060846661 
73 101 2 0 15 26 12.165525060596439 14.142135623730951 1.140710672489057 
69 100 2 0 12 27 12.165525060596439 14.142135623730951 1.146701458510628 
65 99 2 0 12 30 11.40175425099138 13.341664064126334 1.1529603630976426 
63 98 3 0 12 26 11.40175425099138 13.341664064126334 1.1510321973524378 
61 97 3 0 10 24 11.40175425099138 13.341664064126334 1.1599206454213529 
60 96 3 0 10 31 10.198039027185569 13.341664064126334 1.144073309366722 
59 95 3 1 9 30 10.198039027185569 13.341664064126334 1.138423628130156 
58 94 3 1 9 26 9.486832980505138 13.341664064126334 1.1379993116539973 
57 93 3 1 9 26 9.486832980505138 13.341664064126334 1.1349412904176241 
56 91 3 1 7 25 9.486832980505138 13.341664064126334 1.1332837250025596 
55 90 3 1 7 24 8.246211251235321 13.341664064126334 1.1302222706220382 
54 89 3 1 7 22 8.246211251235321 13.341664064126334 1.1351328472804654 
53 88 3 1 6 26 8.246211251235321 13.341664064126334 1.1227842260529621 
52 86 3 1 5 18 8.246211251235321 13.341664064126334 1.1284072032098296 
50 84 3 1 7 23 8.246211251235321 13.341664064126334 1.1248828382451839 
48 83 3 1 6 20 11.40175425099138 13.341664064126334 1.1294943897001148 
47 82 3 1 6 24 11.40175425099138 13.038404810405298 1.1237386132335185 
46 80 3 1 5 21 11.40175425099138 13.038404810405298 1.140674165573135 
45 78 4 1 6 27 11.40175425099138 13.038404810405298 1.1322812512021758 
44 76 4 1 5 22 11.40175425099138 13.038404810405298 1.132170508210764 
40 75 4 1 8 20 10.0 13.038404810405298 1.1435188788568003 
38 74 5 1 6 20 10.0 12.649110640673518 1.1419677914292259 
37 73 5 1 6 19 7.211102550927978 12.649110640673518 1.141725326930649 
36 72 5 1 3 19 7.211102550927978 12.649110640673518 1.142657310918858 
35 70 5 1 2 21 5.830951894845301 12.649110640673518 1.1461280839733827 
34 69 5 1 3 24 5.830951894845301 12.649110640673518 1.1563426954169405 
32 68 6 1 3 23 5.830951894845301 12.649110640673518 1.1549130992824024 
31 67 6 1 2 23 7.0710678118654755 11.40175425099138 1.154259590401883 
30 66 6 1 1 23 7.211102550927978 11.045361017187261 1.1495261625464608 
29 62 6 1 1 23 7.211102550927978 11.045361017187261 1.145146139213758 
28 61 6 1 1 20 7.211102550927978 11.045361017187261 1.1535875013148493 
27 60 7 1 0 19 7.211102550927978 10.0 1.152197402262991 
27 59 7 1 1 19 5.656854249492381 10.0 1.1389146137470043 
26 58 7 2 1 20 5.830951894845301 10.0 1.1384902972708453 
25 57 7 2 1 20 5.830951894845301 10.0 1.1503299926351704 
24 56 8 2 1 21 5.830951894845301 10.0 1.1206740134357467 
23 50 8 3 0 15 6.324555320336759 10.0 1.1038207832941247 
23 49 8 4 1 14 4.47213595499958 10.0 1.089188286841996 
22 48 8 5 1 14 5.0990195135927845 10.0 1.0997700305800007 
21 47 9 5 0 14 5.0990195135927845 10.0 1.099845023149302 
21 46 9 5 1 15 1.4142135623730951 10.0 1 
