140 140 0 0 14 14 16.0 16.0 1.0526960741759646 
138 139 0 0 17 19 16.0 14.142135623730951 1.0625380539523617 
134 137 0 0 16 22 12.0 16.0 1.0704192197643234 
132 136 0 0 16 27 13.341664064126334 16.0 1.0674448695098517 
130 135 0 0 16 24 13.341664064126334 16.0 1.0685556184231682 
128 133 0 0 16 25 13.341664064126334 16.0 1.0606007821261332 
126 129 0 0 14 22 13.341664064126334 15.033296378372908 1.0594270410992253 
124 128 0 0 16 21 15.033296378372908 15.033296378372908 1.0637393496488812 
122 127 0 0 15 23 15.033296378372908 15.033296378372908 1.070330199516007 
120 126 0 0 16 27 15.033296378372908 15.033296378372908 1.069899441497414 
118 125 0 0 17 26 15.033296378372908 15.033296378372908 1.069468683478821 
116 124 0 0 18 25 15.033296378372908 15.033296378372908 1.065090011647205 
114 123 0 0 18 21 15.033296378372908 15.033296378372908 1.0649243045470207 
112 122 0 0 18 20 15.033296378372908 15.033296378372908 1.0689715621782678 
110 121 0 0 18 22 15.033296378372908 15.033296378372908 1.065869346360153 
108 119 0 0 18 20 15.033296378372908 15.033296378372908 1.0671079608371126 
106 118 0 0 18 20 15.033296378372908 15.033296378372908 1.0784356554394274 
102 117 0 0 19 26 15.033296378372908 14.142135623730951 1.079674269916387 
100 116 0 0 19 26 15.033296378372908 14.142135623730951 1.0828473078073078 
98 115 0 0 17 27 15.033296378372908 14.142135623730951 1.1026071537055457 
96 114 0 0 16 40 15.033296378372908 14.142135623730951 1.0942805680609071 
94 113 0 0 15 33 15.033296378372908 14.142135623730951 1.0959736013016015 
88 112 0 0 13 29 15.033296378372908 14.142135623730951 1.1181163150069793 
82 110 1 0 13 33 15.033296378372908 14.142135623730951 1.1040634982583937 
81 108 1 0 12 24 15.033296378372908 14.142135623730951 1.1029013528298528 
80 106 1 0 11 24 14.142135623730951 14.142135623730951 1.1054353440885836 
79 104 1 0 11 27 14.142135623730951 14.142135623730951 1.1118228880135588 
78 103 2 0 13 24 14.142135623730951 14.142135623730951 1.1051428129240346 
76 99 2 0 11 22 14.142135623730951 13.038404810405298 1.115194298975353 
74 98 3 0 15 21 14.142135623730951 13.038404810405298 1.1239467816383075 
70 97 3 0 13 24 14.142135623730951 13.038404810405298 1.1298906211469746 
66 96 3 0 11 25 14.142135623730951 13.038404810405298 1.1266913771495792 
64 95 3 0 12 22 14.0 13.038404810405298 1.1363196783122884 
62 94 4 0 7 19 14.0 13.038404810405298 1.1375772135575186 
61 93 4 0 7 20 14.0 13.038404810405298 1.1361509960838545 
59 91 4 0 7 19 13.038404810405298 13.038404810405298 1.1376362228060102 
57 90 4 0 7 19 12.165525060596439 13.038404810405298 1.1530959975229984 
53 89 4 0 7 27 11.40175425099138 13.038404810405298 1.1519883351478375 
52 88 4 0 6 26 10.770329614269007 13.038404810405298 1.1532458703930675 
51 87 4 0 6 27 10.770329614269007 13.038404810405298 1.1647800611572319 
49 86 5 0 6 27 10.770329614269007 12.0 1.1685712939075084 
48 85 5 0 5 30 9.486832980505138 11.045361017187261 1.166755135080042 
47 84 5 0 6 29 9.486832980505138 11.045361017187261 1.1665515864433162 
43 83 5 0 6 26 9.486832980505138 11.045361017187261 1.1679891312512993 
42 81 6 0 5 20 9.486832980505138 11.045361017187261 1.1681073958377945 
41 80 6 0 4 20 9.486832980505138 11.045361017187261 1.1721735742373123 
40 79 6 0 4 23 9.486832980505138 11.045361017187261 1.1734121887142717 
38 78 6 0 4 23 9.486832980505138 11.045361017187261 1.166115928932996 
37 76 6 0 4 19 9.486832980505138 11.045361017187261 1.173563676531606 
36 75 7 0 2 16 9.486832980505138 11.045361017187261 1.172886788362875 
35 74 7 0 4 16 9.486832980505138 11.045361017187261 1.1847308797207374 
31 73 7 0 2 21 8.48528137423857 11.045361017187261 1.181909953071247 
30 72 7 0 3 19 7.0710678118654755 11.045361017187261 1.1862411823891732 
29 71 7 0 2 22 7.0710678118654755 11.045361017187261 1.1736487450851074 
28 70 7 1 3 23 5.656854249492381 11.045361017187261 1.175436382167155 
27 69 7 1 1 24 5.656854249492381 11.045361017187261 1.172880506436073 
26 68 7 1 1 22 4.242640687119285 11.045361017187261 1.168072014302617 
25 67 7 1 1 19 5.830951894845301 11.045361017187261 1.1782142271055143 
24 66 8 1 1 19 5.830951894845301 10.0 1.1787163941136283 
23 65 8 1 0 19 4.47213595499958 10.0 1.1801921916123317 
23 64 8 1 1 21 2.8284271247461903 10.0 1.183253602189825 
22 63 8 1 1 23 1.4142135623730951 10.0 1.1927150644575002 
21 62 9 1 0 23 5.0990195135927845 9.055385138137417 1.19313154634296 
21 61 9 1 1 23 1.4142135623730951 10.295630140987 1 
