140 140 0 0 14 14 16.0 16.0 1.133760304941732 
138 139 0 0 17 17 16.0 14.142135623730951 1.1421759733832786 
134 137 0 0 16 21 12.649110640673518 16.0 1.1445407103421028 
132 136 0 0 21 21 13.038404810405298 16.0 1.1506890231428992 
128 135 0 0 22 23 13.038404810405298 16.0 1.1500332322995148 
124 133 0 0 22 22 14.0 16.0 1.1573928904655533 
120 132 0 0 22 25 14.142135623730951 16.0 1.1619540052568953 
116 131 0 0 23 26 14.142135623730951 16.0 1.1504383338980715 
110 130 0 0 22 16 14.142135623730951 16.0 1.1658814075535564 
109 129 1 0 19 21 14.142135623730951 15.033296378372908 1.172709006008308 
107 128 1 0 19 25 15.033296378372908 15.033296378372908 1.1765308418677929 
101 127 2 0 15 19 15.033296378372908 15.033296378372908 1.1722831180928621 
99 123 2 0 16 19 15.033296378372908 15.033296378372908 1.1714210387022237 
97 121 2 0 17 19 15.033296378372908 15.033296378372908 1.1766329845188204 
95 120 2 0 17 22 15.033296378372908 15.033296378372908 1.1834321283448705 
93 119 2 0 17 26 15.033296378372908 15.033296378372908 1.175840865903141 
91 117 2 0 17 22 15.033296378372908 15.033296378372908 1.194028980220308 
83 116 3 0 16 23 14.142135623730951 15.033296378372908 1.1992409260369041 
81 115 3 0 16 26 14.142135623730951 15.033296378372908 1.199245252855507 
79 114 3 0 19 25 14.142135623730951 15.033296378372908 1.1955535050515016 
75 110 3 0 20 24 14.142135623730951 15.033296378372908 1.2071357460006067 
71 109 4 0 17 24 14.142135623730951 15.033296378372908 1.2091496318302837 
70 108 4 0 18 26 14.142135623730951 14.0 1.200338895430789 
66 106 4 0 13 21 14.142135623730951 14.142135623730951 1.2068272342931987 
65 105 4 0 15 25 14.142135623730951 14.142135623730951 1.2179230853210117 
64 104 5 0 15 26 14.142135623730951 14.142135623730951 1.216025457073242 
62 103 5 0 13 25 14.142135623730951 14.142135623730951 1.2126102168656514 
61 102 5 0 14 23 14.142135623730951 14.142135623730951 1.211988981663695 
60 101 5 0 14 23 14.142135623730951 14.142135623730951 1.209229695474355 
58 100 5 0 14 21 13.038404810405298 14.142135623730951 1.2096468911533595 
56 99 5 0 14 21 12.0 14.142135623730951 1.218383142523171 
54 98 5 0 15 26 11.045361017187261 14.142135623730951 1.2217760294111424 
50 97 5 0 13 27 10.198039027185569 14.142135623730951 1.2021169286864795 
49 91 5 0 18 20 9.055385138137417 12.649110640673518 1.1966682724294646 
48 89 5 0 14 19 8.246211251235321 12.649110640673518 1.207453335079959 
46 88 5 0 17 25 11.40175425099138 12.165525060596439 1.2125614553866126 
40 86 6 0 13 21 9.899494936611665 12.0 1.2169805331368788 
40 84 6 0 21 24 9.899494936611665 12.0 1.2215208494810361 
36 83 6 0 15 27 9.899494936611665 11.40175425099138 1.230333300948647 
32 82 7 0 9 26 8.602325267042627 11.40175425099138 1.24263595897264 
31 81 8 0 8 28 8.602325267042627 11.40175425099138 1.2383498812503146 
30 80 8 0 11 25 7.211102550927978 11.40175425099138 1.2391123265059143 
28 78 8 0 8 27 6.324555320336759 11.40175425099138 1.2404195491529235 
27 77 8 0 9 28 5.0990195135927845 11.40175425099138 1.2289787165508008 
25 76 8 0 7 21 4.47213595499958 11.40175425099138 1.233508741730361 
23 74 9 0 4 19 3.1622776601683795 11.40175425099138 1.224509242460012 
21 70 9 0 1 17 1.4142135623730951 11.40175425099138 1 
