140 140 0 0 14 14 16.0 16.0 1.0296730108769871 
138 138 0 0 17 17 16.0 14.142135623730951 1.0413925103077168 
134 137 0 0 16 20 13.038404810405298 16.0 1.0484445581836732 
132 135 0 0 16 25 13.038404810405298 16.0 1.0541642681088212 
130 134 0 0 16 28 13.038404810405298 16.0 1.0541265228735854 
128 132 0 0 16 28 13.038404810405298 16.0 1.0590270482997681 
126 131 0 0 14 30 13.038404810405298 16.0 1.0509582531443462 
124 125 0 0 16 29 13.038404810405298 16.0 1.0452723615875652 
122 124 0 0 15 24 14.142135623730951 16.0 1.0421849327176462 
120 123 0 0 16 21 14.142135623730951 16.0 1.0416765590779131 
118 119 0 0 17 23 14.142135623730951 16.0 1.038589130207994 
116 118 0 0 18 20 14.142135623730951 16.0 1.0414729228886654 
114 117 0 0 18 21 14.142135623730951 16.0 1.0486105914360517 
112 116 0 0 18 25 14.142135623730951 16.0 1.0720796873901324 
102 115 1 0 22 25 14.142135623730951 16.0 1.0798627119003492 
96 114 1 0 16 24 14.142135623730951 16.0 1.095508132181166 
94 113 1 0 16 34 14.142135623730951 16.0 1.0841267179680227 
92 111 1 0 16 26 14.142135623730951 16.0 1.086191326149729 
90 110 1 0 14 26 14.142135623730951 16.0 1.0777072268460266 
89 106 1 0 13 23 14.142135623730951 16.0 1.0787880531713927 
87 104 1 0 14 24 14.142135623730951 16.0 1.0807859132992865 
86 103 1 0 12 25 14.142135623730951 16.0 1.0935749040915084 
84 102 2 0 12 25 14.142135623730951 16.0 1.0926860118615207 
83 101 2 0 12 25 14.0 15.033296378372908 1.0938524588583167 
81 100 2 0 13 25 14.0 15.033296378372908 1.0899612481863572 
79 99 2 0 13 21 13.038404810405298 15.033296378372908 1.077746847096487 
77 98 2 1 13 21 12.165525060596439 15.033296378372908 1.080880669344021 
75 97 2 1 13 22 11.40175425099138 15.033296378372908 1.0865076966618543 
73 96 2 1 14 25 10.770329614269007 15.033296378372908 1.111891795548638 
65 95 3 1 12 27 10.0 15.033296378372908 1.1100628312377643 
63 94 3 1 12 25 11.40175425099138 15.033296378372908 1.1064556049305168 
61 93 3 1 10 21 11.40175425099138 15.033296378372908 1.1244511521960436 
57 92 4 1 12 23 11.40175425099138 15.033296378372908 1.1267359144588867 
55 91 4 1 14 23 7.0710678118654755 15.033296378372908 1.1370567627485808 
51 89 4 1 13 28 7.0710678118654755 15.033296378372908 1.1483610468647525 
50 88 5 1 13 28 7.0710678118654755 15.033296378372908 1.1446681998860748 
48 86 5 1 11 25 7.0710678118654755 15.033296378372908 1.1461340339445074 
46 85 5 1 11 25 7.0710678118654755 15.033296378372908 1.1470133225117995 
45 84 5 1 8 25 7.0710678118654755 15.033296378372908 1.1486261749066267 
44 82 5 1 7 27 7.0710678118654755 15.033296378372908 1.1477481306820925 
42 81 5 1 7 26 9.899494936611665 15.033296378372908 1.1480286451261112 
41 80 5 1 6 26 9.899494936611665 15.033296378372908 1.1552928197657741 
40 78 6 1 5 24 9.899494936611665 15.033296378372908 1.1496688607130146 
38 77 6 1 5 19 9.899494936611665 15.033296378372908 1.1485314165347946 
37 76 6 1 4 18 9.899494936611665 15.033296378372908 1.1612536592732048 
36 75 7 1 4 19 9.899494936611665 15.033296378372908 1.166251009414303 
35 74 7 1 3 22 8.48528137423857 15.033296378372908 1.1651135652360833 
34 73 7 1 2 21 8.48528137423857 15.033296378372908 1.1625324210917098 
33 72 7 1 3 20 8.48528137423857 14.142135623730951 1.1627746198087414 
32 71 7 1 2 20 8.602325267042627 14.142135623730951 1.1632779287450714 
30 70 7 1 2 19 7.211102550927978 14.142135623730951 1.1657943458548043 
28 69 7 1 0 19 5.830951894845301 14.142135623730951 1.1623947135763675 
28 67 7 1 1 20 4.242640687119285 12.0 1.162710332636763 
26 66 7 1 3 20 3.1622776601683795 11.045361017187261 1.175445040651075 
24 65 8 1 2 20 4.242640687119285 11.045361017187261 1.1776064735476965 
23 64 8 1 1 21 2.8284271247461903 11.045361017187261 1.179468519382681 
22 63 8 1 1 22 1.4142135623730951 11.045361017187261 1.1841084698236113 
21 61 9 1 0 19 5.0990195135927845 11.045361017187261 1.1825206431071276 
21 60 9 1 1 19 1.4142135623730951 10.0 1 
