140 140 0 0 14 14 16.0 16.0 1.1642546843316768 
139 139 0 0 19 19 16.0 13.038404810405298 1.1715794281480598 
135 138 0 0 22 18 13.038404810405298 15.033296378372908 1.1883879706933491 
131 137 0 0 25 22 14.142135623730951 15.033296378372908 1.2011343848482785 
127 136 0 0 25 25 13.341664064126334 16.0 1.2085075947651118 
123 134 0 0 28 26 13.341664064126334 16.0 1.2158316648770005 
123 132 0 0 38 27 13.341664064126334 16.0 1.2261034808849816 
117 130 0 0 38 29 13.038404810405298 16.0 1.219153179865609 
113 128 0 0 36 26 13.038404810405298 16.0 1.2138236692438398 
107 124 0 0 37 23 13.038404810405298 16.0 1.2325507380641347 
105 123 0 0 43 28 13.038404810405298 16.0 1.2440562578958894 
99 119 1 0 38 31 13.038404810405298 16.0 1.239538029732705 
91 117 1 0 34 27 13.038404810405298 16.0 1.2289593290947225 
89 116 1 0 33 23 13.038404810405298 15.033296378372908 1.24916865115703 
81 115 1 0 25 30 14.0 15.033296378372908 1.2721369094651216 
80 113 2 0 36 33 14.0 15.033296378372908 1.2610418870597357 
72 111 3 0 34 22 14.0 15.033296378372908 1.270486322797253 
62 110 4 0 20 22 12.165525060596439 15.033296378372908 1.2874723333857747 
56 109 5 0 11 26 12.165525060596439 15.033296378372908 1.305363413894999 
54 108 6 0 10 30 12.165525060596439 15.033296378372908 1.2946797789248112 
53 107 6 0 17 23 13.038404810405298 15.033296378372908 1.2991324766138452 
47 106 6 0 11 24 13.038404810405298 15.033296378372908 1.3058739870601859 
46 104 7 0 10 25 13.038404810405298 15.033296378372908 1.2924381417503625 
45 102 7 0 14 19 13.038404810405298 15.033296378372908 1.298981569091671 
44 101 7 0 14 22 13.038404810405298 15.033296378372908 1.3186732126891116 
42 100 7 0 11 31 13.038404810405298 15.033296378372908 1.309362790765369 
38 99 8 0 8 23 13.038404810405298 15.033296378372908 1.2945284085658473 
37 97 8 0 8 18 12.0 15.033296378372908 1.2940202847550222 
36 95 8 0 8 19 11.045361017187261 15.033296378372908 1.2984869082157184 
36 93 8 0 10 22 11.045361017187261 15.033296378372908 1.2979814216951369 
35 91 8 0 10 23 10.0 15.033296378372908 1.2869611519236717 
34 89 8 0 14 18 9.055385138137417 15.033296378372908 1.2853817897633932 
30 87 8 0 10 18 5.0990195135927845 15.033296378372908 1.286212999734983 
29 86 8 0 9 19 4.47213595499958 15.033296378372908 1.2945249292562573 
25 85 9 0 2 20 6.324555320336759 15.033296378372908 1.2986945900759836 
24 84 9 0 2 22 5.830951894845301 15.033296378372908 1.3011890271491842 
24 83 9 0 2 24 5.0990195135927845 15.033296378372908 1.2988859557883963 
24 82 9 0 2 24 5.0990195135927845 15.033296378372908 1.2965828844276084 
24 81 9 0 2 24 5.0990195135927845 15.033296378372908 1.2726843286890097 
24 80 9 1 2 22 5.0990195135927845 15.033296378372908 1.2656900703904412 
24 78 9 1 2 21 5.0990195135927845 15.033296378372908 1.2586107678756684 
24 77 9 1 2 19 5.0990195135927845 15.033296378372908 1.2634720432458582 
24 76 9 1 2 22 5.0990195135927845 15.033296378372908 1.258780856308078 
24 75 9 1 2 21 5.0990195135927845 15.033296378372908 1.2564777849472901 
24 74 9 1 2 21 5.0990195135927845 15.033296378372908 1.2493984824325173 
24 73 9 1 2 19 5.0990195135927845 15.033296378372908 1.2470954110717294 
24 72 9 1 2 19 5.0990195135927845 15.033296378372908 1.2352398774029716 
24 71 9 1 2 15 5.0990195135927845 15.033296378372908 1.2161175528183579 
24 70 9 2 2 15 5.0990195135927845 15.033296378372908 1.2114263658805775 
24 69 9 2 2 14 5.0990195135927845 15.033296378372908 1.2091232945197896 
24 68 9 2 2 14 5.0990195135927845 15.033296378372908 1.2044321075820092 
24 67 9 2 2 13 5.0990195135927845 15.033296378372908 1.1997409206442293 
24 66 9 2 2 12 5.0990195135927845 15.033296378372908 1.2046021960144189 
24 65 9 2 2 15 5.0990195135927845 15.033296378372908 1.207075355807616 
24 64 9 2 2 17 5.0990195135927845 15.033296378372908 1.204772284446828 
24 63 9 2 2 17 5.0990195135927845 15.033296378372908 1.2024692130860402 
24 62 9 2 2 17 5.0990195135927845 15.033296378372908 1.2002511859414573 
24 60 9 2 2 18 5.0990195135927845 15.033296378372908 1.1919605559289324 
24 59 9 2 2 16 5.0990195135927845 14.0 1.1778019508993867 
24 57 9 2 2 12 5.0990195135927845 14.0 1.1539884393769928 
24 55 9 3 2 11 5.0990195135927845 14.0 1.151685368016205 
24 54 9 3 2 11 5.0990195135927845 14.0 1.149382296655417 
24 53 9 3 2 11 5.0990195135927845 14.0 1.1470792252946296 
24 52 9 3 2 11 5.0990195135927845 14.0 1.1423880383568492 
24 51 9 3 2 10 5.0990195135927845 14.0 1.1496374293040312 
24 50 9 3 2 14 5.0990195135927845 14.0 1.1186595710506593 
24 48 9 4 2 10 5.0990195135927845 14.0 1.097149130889053 
24 47 9 5 2 9 5.0990195135927845 14.0 1.0948460595282652 
24 46 9 5 2 9 5.0990195135927845 14.0 1.0901548725904848 
24 45 9 5 2 8 5.0990195135927845 14.0 1.087851801229697 
24 44 9 5 2 8 5.0990195135927845 14.0 1.085548729868909 
24 43 9 5 2 8 5.0990195135927845 14.0 1.0797302703312808 
24 42 9 5 2 7 5.0990195135927845 13.038404810405298 1.0582198301696741 
24 41 9 6 2 6 5.0990195135927845 13.038404810405298 1.0559167588088862 
24 40 9 6 2 6 5.0990195135927845 13.038404810405298 1.046449340717121 
24 39 9 6 2 3 5.0990195135927845 13.038404810405298 1.041758153779341 
24 38 9 6 2 2 5.0990195135927845 13.038404810405298 1.0394550824185531 
24 37 9 6 2 2 5.0990195135927845 13.038404810405298 1.0179446422569465 
24 36 9 7 2 1 5.0990195135927845 13.038404810405298 1.0122301833274079 
24 35 9 7 2 0 5.0990195135927845 12.165525060596439 1.0193094858421807 
24 36 9 7 2 2 5.0990195135927845 12.165525060596439 1.0122301833274079 
24 35 9 7 2 0 5.0990195135927845 12.165525060596439 1.0179446422569465 
24 36 9 7 2 1 5.0990195135927845 13.038404810405298 1.0122301833274079 
24 35 9 7 2 0 5.0990195135927845 12.165525060596439 1.0179446422569465 
24 36 9 7 2 1 5.0990195135927845 13.038404810405298 1.0122301833274079 
24 35 9 7 2 0 5.0990195135927845 12.165525060596439 1.0193094858421807 
24 36 9 7 2 2 5.0990195135927845 12.165525060596439 1.0122301833274079 
24 35 9 7 2 0 5.0990195135927845 12.165525060596439 0.9631794843717403 
24 23 9 8 2 0 5.0990195135927845 8.246211251235321 1.005925845688089 
24 28 9 7 6 5 4.0 7.0710678118654755 0.9995630591971889 
24 27 9 7 6 4 4.47213595499958 5.656854249492381 0.9956158382750337 
24 26 9 7 6 4 4.0 4.242640687119285 0.9908280583066364 
24 25 9 7 6 1 4.47213595499958 8.246211251235321 0.9885387119417252 
24 24 9 7 6 1 4.0 8.246211251235321 0.9670145467842425 
24 23 9 8 6 0 4.47213595499958 8.246211251235321 0.9781513882476631 
24 25 9 8 6 4 4.0 5.656854249492381 0.9717907779382274 
24 23 9 8 6 2 4.47213595499958 8.246211251235321 0.950294062772497 
24 22 9 9 6 1 4.0 8.246211251235321 0.9442115368340831 
24 21 9 9 6 0 4.47213595499958 7.0710678118654755 0.9718045029341036 
24 23 9 8 6 2 4.0 8.246211251235321 0.9502803377766208 
24 22 9 9 6 1 4.47213595499958 8.246211251235321 0.9442252618299593 
24 21 9 9 6 0 4.0 7.0710678118654755 0.9418997157722941 
24 21 9 9 6 0 4.47213595499958 5.0990195135927845 0.9482578512342472 
24 22 9 9 6 2 4.0 4.47213595499958 0.9396292842560294 
24 21 9 9 6 0 4.47213595499958 3.1622776601683795 0.9458697356572547 
24 22 9 9 6 1 4.0 4.47213595499958 0.9396292842560294 
24 21 9 9 6 0 4.47213595499958 3.1622776601683795 0.9442252618299593 
24 21 9 9 6 0 4.0 7.0710678118654755 0.9569163609909505 
24 23 9 9 6 4 4.47213595499958 5.830951894845301 0.9396430092519056 
24 21 9 9 6 0 4.0 3.1622776601683795 0.9482441262383711 
24 22 9 9 6 2 4.47213595499958 4.47213595499958 0.9419134407681703 
24 21 9 9 6 0 4.0 5.0990195135927845 0.9657219769956897 
24 22 9 8 6 1 4.47213595499958 7.0710678118654755 0.9419134407681703 
24 21 9 9 6 0 4.0 5.0990195135927845 0.9396292842560294 
24 21 9 9 6 0 4.47213595499958 3.1622776601683795 0.9702294964116008 
24 23 9 8 6 4 4.0 2.8284271247461903 0.9399681541821016 
24 21 9 9 6 1 4.47213595499958 1.4142135623730951 -1 
