140 140 0 0 14 14 16.0 16.0 1.1427684801849582 
138 139 0 0 17 19 16.0 14.142135623730951 1.1487453644060739 
136 137 0 0 20 22 13.038404810405298 14.142135623730951 1.1513291203364322 
134 136 0 0 26 21 14.142135623730951 14.142135623730951 1.1485537297896051 
128 135 0 0 24 16 14.142135623730951 16.0 1.1499043152880914 
124 133 0 0 27 15 14.142135623730951 16.0 1.1523935724332859 
123 132 0 0 32 15 14.142135623730951 16.0 1.1591679230292038 
117 131 0 0 28 17 14.142135623730951 16.0 1.1635078668760477 
113 129 0 0 30 18 14.142135623730951 16.0 1.1692289822537796 
111 128 0 0 31 21 14.142135623730951 15.033296378372908 1.1746726948616073 
101 127 1 0 19 17 15.033296378372908 15.033296378372908 1.1801615234633194 
100 125 1 0 26 19 15.033296378372908 15.033296378372908 1.1787805766709296 
96 123 1 0 26 18 15.033296378372908 14.142135623730951 1.1824569664814066 
92 121 1 0 24 20 15.033296378372908 14.142135623730951 1.1891125015320807 
88 120 1 0 18 24 15.033296378372908 14.142135623730951 1.1993490493984462 
86 119 1 0 16 30 15.033296378372908 14.142135623730951 1.2197301021683795 
82 118 2 0 17 34 15.033296378372908 14.142135623730951 1.199278977694331 
80 116 2 0 15 24 15.033296378372908 14.142135623730951 1.1939051797825424 
78 115 2 0 14 21 15.033296378372908 14.142135623730951 1.2136695944923195 
74 114 3 0 14 25 15.033296378372908 14.142135623730951 1.2159737492434748 
70 113 4 0 12 20 15.033296378372908 14.142135623730951 1.2241722293259012 
69 112 5 0 11 20 15.033296378372908 14.142135623730951 1.228987290783086 
68 111 5 0 11 23 15.033296378372908 14.142135623730951 1.2260206373392997 
67 110 5 0 13 21 15.033296378372908 14.142135623730951 1.2366387536861387 
66 109 6 0 13 22 15.033296378372908 14.142135623730951 1.2367129982719063 
62 108 6 0 11 21 14.0 14.142135623730951 1.235525131960736 
60 106 6 0 11 21 14.0 14.142135623730951 1.23800189730952 
60 105 6 0 18 21 14.0 14.142135623730951 1.253593644736271 
52 104 7 0 9 23 14.0 14.142135623730951 1.2602586203739239 
51 103 7 0 12 26 14.0 14.142135623730951 1.2523714214878463 
49 99 7 0 13 24 13.038404810405298 14.142135623730951 1.2590211373778937 
47 98 7 0 14 27 12.165525060596439 14.142135623730951 1.2623825671861655 
43 96 7 0 11 30 11.40175425099138 12.649110640673518 1.2558576058312583 
39 94 7 0 10 26 11.40175425099138 12.649110640673518 1.2528671297490777 
39 93 7 0 14 24 11.045361017187261 12.649110640673518 1.2564958310621621 
38 92 7 0 15 26 11.045361017187261 12.649110640673518 1.260634846686569 
38 91 7 0 13 30 11.045361017187261 12.649110640673518 1.2589018071259157 
32 90 7 0 10 27 7.615773105863909 12.649110640673518 1.2340746090881627 
31 84 7 0 12 18 6.324555320336759 12.649110640673518 1.2346545442802674 
31 83 7 0 13 19 6.324555320336759 12.649110640673518 1.244755841900727 
25 82 8 0 6 19 4.242640687119285 12.083045973594572 1.2489199172193381 
24 81 8 0 5 22 3.1622776601683795 12.083045973594572 1.2571183973017648 
23 80 9 0 4 22 3.1622776601683795 12.083045973594572 1.2384802247053313 
22 79 9 1 3 21 2.8284271247461903 12.083045973594572 1 
