140 140 0 0 14 14 16.0 16.0 1.0425826730465027 
138 138 0 0 17 17 16.0 14.142135623730951 1.050773196698477 
134 137 0 0 16 18 13.038404810405298 16.0 1.049165495839082 
132 135 0 0 16 17 13.038404810405298 16.0 1.0502256826497263 
130 134 0 0 16 17 13.341664064126334 16.0 1.0553672028562502 
128 133 0 0 16 20 13.341664064126334 16.0 1.0546027509375457 
126 132 0 0 14 18 13.341664064126334 16.0 1.059032103634965 
124 131 0 0 16 21 13.341664064126334 16.0 1.0696931378719206 
122 129 0 0 15 29 13.341664064126334 16.0 1.0608490507604675 
120 125 0 0 16 25 13.341664064126334 16.0 1.0616636034318396 
118 124 0 0 17 25 13.341664064126334 16.0 1.0594600472364817 
116 122 0 0 18 24 14.0 16.0 1.0579834278086728 
114 121 0 0 18 22 14.0 16.0 1.052142680305505 
112 117 0 0 18 20 14.0 16.0 1.0533133167314292 
110 116 0 0 18 20 14.0 16.0 1.052177883376886 
108 114 0 0 18 20 14.0 15.033296378372908 1.0588477822045834 
106 112 0 0 16 25 15.033296378372908 15.033296378372908 1.0613420465573742 
104 111 0 0 16 26 15.033296378372908 15.033296378372908 1.0516682829051565 
102 110 0 0 13 17 15.033296378372908 15.033296378372908 1.051515291404214 
100 109 0 0 13 16 15.033296378372908 15.033296378372908 1.058816902278332 
98 107 0 0 14 22 15.033296378372908 15.033296378372908 1.063835805324158 
94 106 0 0 18 24 15.033296378372908 15.033296378372908 1.0598235921686363 
93 105 0 0 14 20 15.033296378372908 15.033296378372908 1.0606956814142576 
91 104 0 0 16 21 15.033296378372908 14.0 1.0622333566294118 
90 103 0 0 15 22 15.033296378372908 14.0 1.0664073326636212 
88 102 0 0 14 24 15.033296378372908 14.0 1.0893798991847168 
87 101 1 0 15 33 15.033296378372908 14.0 1.0803175959502613 
85 100 1 0 14 25 15.033296378372908 14.0 1.0719547691644373 
83 96 1 0 14 21 15.033296378372908 14.142135623730951 1.0850504797797054 
82 95 2 0 13 22 15.033296378372908 14.142135623730951 1.0842654675138799 
81 94 2 0 12 21 14.142135623730951 14.142135623730951 1.0830720785478019 
80 92 2 0 12 22 14.0 13.038404810405298 1.0842368524158643 
78 91 2 0 13 22 13.038404810405298 13.038404810405298 1.0816234339039599 
76 89 2 0 13 20 12.165525060596439 13.038404810405298 1.087298502638353 
74 88 2 0 16 24 11.40175425099138 13.038404810405298 1.0910471683720608 
68 87 2 0 13 21 10.770329614269007 13.038404810405298 1.0890614736887574 
64 85 2 0 14 18 10.770329614269007 13.038404810405298 1.1079624493379119 
63 84 3 0 19 25 10.770329614269007 13.038404810405298 1.0956981901831329 
61 78 3 0 14 19 10.770329614269007 13.038404810405298 1.0953472954425312 
59 77 3 0 14 18 11.313708498984761 13.038404810405298 1.0929140868770861 
58 76 3 0 13 16 11.313708498984761 13.038404810405298 1.0834058310186345 
57 75 3 1 12 19 11.313708498984761 13.038404810405298 1.0836198783069222 
56 74 3 1 11 19 11.313708498984761 13.038404810405298 1.0838339255952099 
55 73 3 1 10 19 11.313708498984761 13.038404810405298 1.0916826141735532 
54 72 3 1 13 25 8.246211251235321 13.038404810405298 1.0932093343540297 
52 71 3 1 12 25 8.246211251235321 13.038404810405298 1.084258736633777 
48 69 3 1 16 18 9.899494936611665 13.038404810405298 1.1006810055078486 
44 68 4 1 13 18 9.899494936611665 13.038404810405298 1.1004316222703834 
42 67 4 1 11 16 8.48528137423857 13.038404810405298 1.0899448672049388 
40 66 4 2 9 17 8.48528137423857 13.038404810405298 1.0937627594845962 
38 65 4 2 9 19 8.48528137423857 13.038404810405298 1.1085272267466049 
36 64 5 2 7 20 8.48528137423857 13.038404810405298 1.1032466991448298 
35 63 6 3 8 18 8.48528137423857 13.038404810405298 1.1041498155870388 
34 61 6 3 6 19 7.211102550927978 13.038404810405298 1.1045104418000562 
33 60 6 3 6 19 5.830951894845301 13.038404810405298 1.1088232264727746 
31 59 6 3 6 21 4.47213595499958 13.038404810405298 1.0926596704397828 
30 55 6 4 4 22 4.47213595499958 13.038404810405298 1.1036849799565704 
28 54 7 4 3 22 7.615773105863909 12.0 1.0961175321117502 
27 53 7 4 5 16 4.242640687119285 12.0 1.1095583714468924 
25 52 8 4 3 16 4.242640687119285 12.0 1.1101285024897325 
24 51 8 4 1 16 4.242640687119285 12.0 1.1105015347047067 
23 50 8 4 1 16 2.8284271247461903 12.0 1.1090468253462535 
23 49 8 4 1 16 2.8284271247461903 12.0 1.1062684880609341 
23 48 8 4 1 15 2.8284271247461903 12.0 1.1079467382702886 
22 47 8 4 1 17 5.0990195135927845 12.0 1.0962316369172622 
21 43 9 5 0 13 3.1622776601683795 11.045361017187261 1.0950575037073493 
21 42 9 5 1 13 1.4142135623730951 11.045361017187261 1 
