140 140 0 0 14 14 16.0 16.0 1.0494182889635795 
138 138 0 0 17 17 16.0 14.142135623730951 1.0544837522593082 
134 136 0 0 16 17 13.341664064126334 16.0 1.0581958021212925 
132 135 0 0 16 19 13.341664064126334 16.0 1.0617531251918813 
130 133 0 0 16 22 13.341664064126334 16.0 1.0565905953837527 
128 131 0 0 16 19 13.341664064126334 15.033296378372908 1.0643363297919206 
126 130 0 0 14 24 15.033296378372908 15.033296378372908 1.063271432844916 
124 128 0 0 16 24 15.033296378372908 15.033296378372908 1.063233736813363 
122 126 0 0 15 24 15.033296378372908 15.033296378372908 1.0648267328602457 
120 122 0 0 16 28 15.033296378372908 15.033296378372908 1.0563841241952039 
118 121 0 0 17 21 15.033296378372908 15.033296378372908 1.0584413006162736 
116 120 0 0 18 22 15.033296378372908 15.033296378372908 1.0595284042067303 
114 119 0 0 18 22 15.033296378372908 15.033296378372908 1.0632404540687148 
112 118 0 0 18 24 15.033296378372908 15.033296378372908 1.0630150845234072 
110 117 0 0 18 23 15.033296378372908 15.033296378372908 1.0680396075211556 
108 116 0 0 18 26 15.033296378372908 15.033296378372908 1.070439184247376 
106 115 0 0 18 27 15.033296378372908 15.033296378372908 1.0655209519305642 
102 114 0 0 20 21 15.033296378372908 15.033296378372908 1.0810438062751089 
98 113 1 0 19 21 15.033296378372908 15.033296378372908 1.0837151405525685 
94 112 1 0 18 20 15.033296378372908 15.033296378372908 1.0854870447533258 
92 111 1 0 16 20 15.033296378372908 15.033296378372908 1.0805418564838678 
90 109 1 0 14 16 15.033296378372908 15.033296378372908 1.0866633938030708 
89 108 1 0 13 21 14.142135623730951 14.0 1.0825853766048006 
88 107 1 0 13 18 14.0 14.0 1.0826945554560021 
86 106 1 0 13 17 13.038404810405298 14.0 1.1069916786918323 
80 105 2 0 13 22 13.038404810405298 14.0 1.111131655437084 
78 104 2 0 13 24 12.165525060596439 14.142135623730951 1.0987842996418242 
76 103 2 1 13 24 11.40175425099138 14.142135623730951 1.0972817783377085 
75 102 2 1 13 23 11.40175425099138 14.142135623730951 1.1043441771445166 
74 101 2 1 12 29 11.40175425099138 13.038404810405298 1.1058090024170792 
73 100 2 1 11 30 11.40175425099138 13.038404810405298 1.090408115798345 
72 94 2 1 11 24 11.40175425099138 13.038404810405298 1.0925436855348818 
66 93 2 1 12 21 10.770329614269007 13.038404810405298 1.1159413786940098 
62 92 3 1 11 27 10.770329614269007 13.038404810405298 1.1147459363180892 
60 91 3 1 10 25 10.770329614269007 13.038404810405298 1.1128432784810018 
59 90 3 1 9 24 10.295630140987 12.0 1.1157483273650655 
58 89 3 1 9 26 8.94427190999916 12.0 1.106558640760121 
57 87 3 1 8 20 8.94427190999916 12.0 1.116987344268324 
56 86 3 1 8 28 8.602325267042627 12.0 1.1201766319319673 
52 82 4 1 11 23 8.602325267042627 12.0 1.1241604393451907 
48 81 4 1 10 23 8.602325267042627 12.0 1.12318799185998 
47 79 4 1 8 23 8.602325267042627 12.0 1.1258105634769113 
46 77 4 1 7 26 8.602325267042627 12.0 1.1241533153813996 
45 75 4 1 7 26 8.602325267042627 12.0 1.1209959206363695 
44 74 4 1 8 24 8.602325267042627 12.0 1.1184880051246848 
42 73 4 1 7 21 8.602325267042627 12.0 1.1299726085849124 
41 72 5 1 8 22 8.602325267042627 11.045361017187261 1.1275000144501837 
40 71 5 1 7 20 8.602325267042627 11.045361017187261 1.1286224394175959 
39 70 5 1 7 21 8.602325267042627 11.045361017187261 1.1152162285350176 
38 69 5 2 7 21 7.211102550927978 11.045361017187261 1.1013259976262382 
37 68 5 3 7 21 7.211102550927978 11.045361017187261 1.108177437256753 
36 66 6 3 7 18 7.211102550927978 12.083045973594572 1.1153723230203072 
35 65 6 3 6 23 5.830951894845301 12.083045973594572 1.1125573285804278 
34 64 6 3 6 21 5.830951894845301 12.083045973594572 1.1229362545127841 
33 63 7 3 5 20 5.830951894845301 12.083045973594572 1.1200859386959487 
31 62 7 3 5 17 5.830951894845301 12.083045973594572 1.1192682180021343 
30 61 7 3 3 16 5.830951894845301 12.083045973594572 1.1044079142627414 
29 60 7 4 2 15 5.830951894845301 12.083045973594572 1.1032234115581645 
28 58 7 4 2 15 4.47213595499958 12.083045973594572 1.1045454186313592 
28 57 7 4 2 17 4.0 12.083045973594572 1.1016014848396087 
28 56 7 4 2 16 4.47213595499958 12.083045973594572 1.0989860725055118 
28 55 7 4 2 15 4.0 12.083045973594572 1.0975196145910215 
28 54 7 4 2 16 4.47213595499958 10.770329614269007 1.096017093286906 
27 53 7 4 2 15 4.47213595499958 10.770329614269007 1.0925358825180163 
26 52 7 4 2 13 3.1622776601683795 9.486832980505138 1.0923811557266203 
26 51 7 4 2 14 3.1622776601683795 9.486832980505138 1.0909139557994605 
26 50 7 4 2 14 3.1622776601683795 9.486832980505138 1.0870498316327557 
26 49 7 4 2 13 3.1622776601683795 8.246211251235321 1.0855826317055959 
26 48 7 4 2 13 3.1622776601683795 8.246211251235321 1.0828029586426722 
26 47 7 4 2 12 3.1622776601683795 8.246211251235321 1.0813357587155124 
26 46 7 4 2 12 3.1622776601683795 8.246211251235321 1.0798685587883525 
26 45 7 4 2 12 3.1622776601683795 8.246211251235321 1.063388702985001 
26 44 7 5 2 11 3.1622776601683795 8.246211251235321 1.063233976193605 
26 43 7 5 2 12 3.1622776601683795 8.246211251235321 1.0537130149310843 
26 39 7 5 2 10 3.1622776601683795 7.0710678118654755 1.0509333418681606 
26 38 7 5 2 9 3.1622776601683795 7.0710678118654755 1.0481536688052369 
26 37 7 5 2 8 3.1622776601683795 7.0710678118654755 1.047998942013841 
26 36 7 5 2 9 3.1622776601683795 7.0710678118654755 1.0458792012869151 
26 35 7 5 2 9 3.1622776601683795 6.324555320336759 1.0307118186193276 
26 34 7 6 2 9 3.1622776601683795 6.324555320336759 1.0292446186921678 
26 33 7 6 2 9 3.1622776601683795 6.324555320336759 1.027777418765008 
26 32 7 6 2 9 3.1622776601683795 6.324555320336759 1.025238954626533 
26 31 7 6 2 9 3.1622776601683795 5.0990195135927845 1.0237717546993732 
26 30 7 6 2 9 3.1622776601683795 5.0990195135927845 1.0072918988960218 
26 29 7 7 2 8 3.1622776601683795 5.0990195135927845 1.0022390787896684 
26 28 7 7 2 6 3.1622776601683795 4.0 1.0000396097955893 
26 27 7 7 2 6 3.1622776601683795 3.1622776601683795 0.9995167757854689 
26 26 7 7 2 6 3.1622776601683795 4.242640687119285 0.9974017140175427 
26 25 7 7 2 7 3.1622776601683795 2.0 0.9919970946830912 
26 24 7 7 2 4 3.1622776601683795 2.0 0.9762413828219563 
26 23 7 8 2 3 3.1622776601683795 2.8284271247461903 0.9611983242414875 
26 22 7 9 2 2 3.1622776601683795 4.47213595499958 0.9559612059371908 
26 21 7 9 2 0 3.1622776601683795 3.1622776601683795 0.9775538559577203 
26 23 7 8 2 4 3.1622776601683795 2.8284271247461903 0.959377953922857 
26 21 7 9 2 0 3.1622776601683795 7.0710678118654755 0.9749289096861924 
26 23 7 8 2 2 3.1622776601683795 2.8284271247461903 0.959377953922857 
26 21 7 9 2 0 3.1622776601683795 7.0710678118654755 0.9775538559577203 
26 23 7 8 2 4 3.1622776601683795 2.8284271247461903 0.9611983242414875 
26 22 7 9 2 2 3.1622776601683795 4.47213595499958 0.9576541489117759 
26 21 7 9 2 0 3.1622776601683795 5.0990195135927845 0.9749289096861924 
26 23 7 8 2 2 3.1622776601683795 2.8284271247461903 0.9709130455889552 
26 22 7 8 2 1 3.1622776601683795 1.4142135623730951 0.9576541489117759 
26 21 7 9 2 0 3.1622776601683795 5.0990195135927845 0.9819250530349226 
26 25 7 8 2 4 3.1622776601683795 4.47213595499958 0.9750532337733111 
26 23 7 8 2 1 3.1622776601683795 4.47213595499958 0.9711285886047784 
26 22 7 8 2 0 3.1622776601683795 3.1622776601683795 0.9750532337733111 
26 23 7 8 2 1 3.1622776601683795 4.47213595499958 0.9711285886047784 
26 22 7 8 2 0 3.1622776601683795 3.1622776601683795 0.9750532337733111 
26 23 7 8 2 1 3.1622776601683795 4.47213595499958 0.9711285886047784 
26 22 7 8 2 0 3.1622776601683795 3.1622776601683795 0.9749289096861924 
26 23 7 8 2 2 3.1622776601683795 2.8284271247461903 0.9711285886047784 
26 22 7 8 2 0 3.1622776601683795 3.1622776601683795 0.9793128810021537 
26 24 7 8 2 4 3.1622776601683795 3.1622776601683795 0.9711285886047784 
26 22 7 8 2 0 3.1622776601683795 3.1622776601683795 0.9766724688536024 
26 23 7 8 2 1 3.1622776601683795 6.324555320336759 0.9711285886047784 
26 22 7 8 2 0 3.1622776601683795 3.1622776601683795 0.9763657069090751 
26 23 7 8 2 2 3.1622776601683795 4.47213595499958 0.9576541489117759 
26 21 7 9 2 0 3.1622776601683795 5.0990195135927845 0.9557456629213676 
26 21 7 9 2 1 3.1622776601683795 1.4142135623730951 -1 
