140 140 0 0 14 14 16.0 16.0 1.0783615130124884 
138 138 0 0 17 17 16.0 14.142135623730951 1.0841155655641588 
134 137 0 0 16 17 13.038404810405298 16.0 1.090210205634543 
132 136 0 0 16 21 14.0 16.0 1.0935782065320625 
130 134 0 0 16 24 14.0 16.0 1.0983045573877845 
128 132 0 0 16 28 14.0 16.0 1.0871181120655684 
126 130 0 0 14 20 14.0 16.0 1.0900987096425983 
124 128 0 0 16 23 14.0 16.0 1.0770269086349251 
122 122 0 0 15 19 14.0 15.033296378372908 1.0778844893154431 
120 121 0 0 16 20 15.033296378372908 14.0 1.0771834865648313 
118 120 0 0 17 19 15.033296378372908 14.0 1.0832742336052303 
116 119 0 0 18 23 15.033296378372908 14.0 1.0882003323476725 
114 118 0 0 18 26 15.033296378372908 14.0 1.0847765834541805 
112 116 0 0 18 24 15.033296378372908 14.0 1.0856276323220155 
110 115 0 0 18 24 15.033296378372908 14.0 1.0824036313152436 
108 114 0 0 18 21 15.033296378372908 14.0 1.0791735840819967 
106 112 0 0 17 19 15.033296378372908 14.0 1.081382982908034 
104 111 0 0 17 20 15.033296378372908 14.0 1.0825046885393044 
102 109 0 0 17 22 15.033296378372908 13.038404810405298 1.085101490685831 
100 108 0 0 15 23 15.033296378372908 13.038404810405298 1.0715760946512378 
98 104 0 0 16 16 15.033296378372908 13.038404810405298 1.074750393888513 
96 102 0 0 17 19 15.033296378372908 13.038404810405298 1.0914114635034835 
90 101 1 0 18 19 15.033296378372908 13.038404810405298 1.0964174123627677 
86 100 1 0 16 20 15.033296378372908 13.038404810405298 1.1092008464570573 
85 99 2 0 15 22 15.033296378372908 12.0 1.10869354536669 
83 98 2 0 15 21 15.033296378372908 12.0 1.1027528444435133 
81 97 2 0 15 16 15.033296378372908 12.0 1.1056267267749327 
79 95 2 0 13 19 15.033296378372908 11.045361017187261 1.106825253904836 
78 94 2 0 12 20 15.033296378372908 11.045361017187261 1.1103930026890758 
76 93 2 0 12 22 15.033296378372908 11.045361017187261 1.118508207265993 
75 92 3 0 12 20 15.033296378372908 11.045361017187261 1.1220759560502327 
73 91 3 0 12 22 15.033296378372908 11.045361017187261 1.1194152639882824 
71 90 3 0 10 19 14.142135623730951 11.045361017187261 1.1243234475013735 
70 88 3 0 10 24 14.0 11.045361017187261 1.1236125054943011 
68 86 3 0 11 24 13.038404810405298 11.045361017187261 1.1246358515111712 
66 85 3 0 11 24 12.165525060596439 11.045361017187261 1.1170497161278878 
64 84 3 1 11 28 11.40175425099138 11.045361017187261 1.1112336516907353 
62 83 3 1 11 23 10.770329614269007 11.045361017187261 1.1121784011695799 
60 82 3 1 11 23 10.295630140987 11.045361017187261 1.1105064517812553 
58 81 3 1 10 21 10.295630140987 11.045361017187261 1.1061448732272663 
57 79 3 1 10 19 8.94427190999916 11.045361017187261 1.1073434003571698 
56 78 3 1 9 20 8.94427190999916 11.045361017187261 1.0969221075594708 
54 74 3 1 8 15 8.94427190999916 11.045361017187261 1.1096882875211878 
53 73 4 1 8 17 8.94427190999916 10.198039027185569 1.1068117647764846 
52 72 4 1 7 15 8.94427190999916 10.198039027185569 1.1097776745533514 
50 70 4 1 8 18 10.0 10.198039027185569 1.0938906792124288 
48 69 4 2 8 16 10.0 10.198039027185569 1.092372506425928 
47 68 4 2 7 15 10.0 10.198039027185569 1.0920189819373842 
46 67 4 2 7 15 10.0 10.198039027185569 1.0907766952300588 
45 66 4 2 6 14 8.602325267042627 10.198039027185569 1.0902234228547951 
44 64 4 2 6 15 8.602325267042627 10.198039027185569 1.101249029008362 
43 63 5 2 5 15 8.602325267042627 10.198039027185569 1.1022538544780205 
42 62 5 2 5 16 8.602325267042627 10.198039027185569 1.1046109836794067 
41 60 5 2 4 19 8.602325267042627 10.198039027185569 1.0844092655187356 
40 58 5 3 5 16 8.602325267042627 10.198039027185569 1.0842494426904368 
39 57 5 3 4 16 8.602325267042627 10.198039027185569 1.0839768290615424 
38 56 5 3 5 16 7.211102550927978 10.198039027185569 1.0906087560242552 
37 55 5 3 4 21 7.211102550927978 10.198039027185569 1.083348505437592 
36 54 5 3 6 16 5.830951894845301 10.198039027185569 1.0825903724706958 
34 52 5 3 5 16 7.0710678118654755 10.198039027185569 1.0830540180180412 
32 51 5 3 7 16 7.0710678118654755 10.198039027185569 1.092761199271827 
30 50 6 3 5 14 7.0710678118654755 10.198039027185569 1.1027825933536743 
28 49 7 3 5 13 7.0710678118654755 9.486832980505138 1.0969103324701845 
26 47 8 4 3 11 7.0710678118654755 9.486832980505138 1.0931613133405476 
25 45 8 4 1 10 5.656854249492381 8.246211251235321 1.0930869395196383 
24 44 8 4 1 10 4.242640687119285 8.246211251235321 1.0916542157405265 
23 43 8 4 1 9 2.8284271247461903 8.246211251235321 1.0898810872174827 
22 42 8 4 1 9 7.0710678118654755 7.615773105863909 1.1016782468404267 
21 41 9 4 0 9 3.1622776601683795 7.615773105863909 1.1002714965364198 
21 40 9 4 1 9 1.4142135623730951 7.615773105863909 1 
