140 140 0 0 14 14 16.0 16.0 0.9888157452936946 
138 138 0 0 17 17 16.0 14.142135623730951 1.0014980785947751 
134 137 0 0 16 22 13.038404810405298 16.0 1.0018090764442742 
132 136 0 0 16 21 13.038404810405298 16.0 1.0070235407746257 
130 134 0 0 16 26 14.142135623730951 16.0 1.0105933475044877 
128 133 0 0 16 28 14.142135623730951 16.0 1.0098026774831526 
126 131 0 0 14 26 14.142135623730951 16.0 1.0080083926259795 
124 129 0 0 16 25 14.142135623730951 16.0 1.0077815211157755 
122 127 0 0 15 24 14.142135623730951 16.0 1.0086563174764058 
120 126 0 0 16 24 14.142135623730951 16.0 1.0149624619709743 
118 125 0 0 17 29 14.142135623730951 16.0 1.006086760841944 
116 123 0 0 18 21 14.142135623730951 16.0 1.00313894981108 
114 122 0 0 18 17 14.142135623730951 16.0 1.0067346856923705 
112 120 0 0 18 20 14.142135623730951 16.0 1.009218222795445 
110 119 0 0 18 21 14.142135623730951 16.0 1.0106154902717315 
108 118 0 0 18 21 14.142135623730951 16.0 1.0141852970015934 
106 117 0 0 18 23 14.142135623730951 16.0 1.0164314316870822 
102 116 0 0 19 22 14.142135623730951 16.0 1.0219363752529342 
98 115 0 0 20 24 14.142135623730951 16.0 1.0267192971869816 
94 114 0 0 21 26 14.142135623730951 15.033296378372908 1.0311306363442312 
90 113 0 0 17 25 15.033296378372908 15.033296378372908 1.042776499805387 
88 111 1 0 17 25 15.033296378372908 14.142135623730951 1.0436099687705427 
86 110 1 0 16 24 15.033296378372908 14.142135623730951 1.065482192975708 
78 109 2 0 18 26 15.033296378372908 14.142135623730951 1.0839652872290755 
74 108 3 0 15 27 15.033296378372908 14.142135623730951 1.1006372268328777 
72 107 4 0 17 31 15.033296378372908 14.142135623730951 1.1045715298783108 
70 106 4 0 13 31 14.142135623730951 14.142135623730951 1.1112422128954538 
69 104 4 0 11 37 14.142135623730951 14.142135623730951 1.0989551808304079 
68 102 4 0 11 26 13.038404810405298 14.142135623730951 1.095849437206462 
67 100 4 0 9 23 13.038404810405298 14.142135623730951 1.0927096275892132 
66 98 4 0 8 21 13.038404810405298 13.341664064126334 1.0917918214628892 
65 97 4 0 8 20 13.038404810405298 13.341664064126334 1.095799606575387 
63 96 4 0 8 22 12.165525060596439 13.341664064126334 1.0960025036900891 
61 94 4 0 8 22 11.40175425099138 12.649110640673518 1.10055261704013 
59 93 4 0 8 25 10.770329614269007 12.083045973594572 1.1020455365929365 
58 92 4 0 8 26 10.295630140987 12.083045973594572 1.0929600445679677 
57 91 4 0 7 17 10.295630140987 12.083045973594572 1.092631966104203 
56 89 4 0 8 18 10.295630140987 12.083045973594572 1.0933778490003352 
55 88 4 0 8 19 10.295630140987 11.40175425099138 1.0983315371915812 
53 87 4 0 9 23 10.295630140987 11.045361017187261 1.0946773933005505 
52 86 4 0 8 19 10.295630140987 11.045361017187261 1.1102374933205519 
50 85 4 0 10 33 10.295630140987 11.045361017187261 1.1094208941477885 
48 84 4 0 8 30 10.295630140987 11.045361017187261 1.093255714462911 
46 83 4 1 8 26 10.295630140987 11.045361017187261 1.0955553898214747 
45 82 4 1 6 27 10.295630140987 11.045361017187261 1.1018591915801932 
44 80 4 1 6 33 8.94427190999916 11.045361017187261 1.096845670425837 
43 76 4 1 6 31 8.602325267042627 11.045361017187261 1.0964916628106447 
42 75 4 1 7 31 8.602325267042627 11.045361017187261 1.102142973553488 
41 73 5 1 7 26 8.602325267042627 11.045361017187261 1.1040556488255173 
40 72 5 1 6 27 7.0710678118654755 10.198039027185569 1.1011078377946535 
38 71 5 1 6 23 7.0710678118654755 10.198039027185569 1.099136367600785 
37 70 5 1 7 22 7.0710678118654755 9.486832980505138 1.1009135718436924 
36 69 5 1 6 23 7.0710678118654755 9.486832980505138 1.11144783045339 
35 68 6 1 7 22 7.0710678118654755 9.486832980505138 1.1105449749445142 
34 67 6 1 8 21 6.0 9.486832980505138 1.1251508264095165 
30 66 6 1 7 30 5.0990195135927845 9.486832980505138 1.1285227425683553 
28 65 7 2 5 32 5.0990195135927845 9.486832980505138 1.12241615883554 
27 64 7 2 4 26 5.656854249492381 9.486832980505138 1.1340212888279781 
26 62 8 2 3 26 5.656854249492381 9.486832980505138 1.1352760219552296 
25 61 8 2 3 27 5.656854249492381 9.486832980505138 1.1457689531694517 
24 60 9 2 2 25 5.656854249492381 9.486832980505138 1.1398952624818761 
22 59 9 2 2 17 2.8284271247461903 9.486832980505138 1.142382066150003 
21 58 9 2 1 18 1.4142135623730951 9.486832980505138 1 
