140 140 0 0 14 14 16.0 16.0 0.9785793244271557 
138 139 0 0 17 18 16.0 14.142135623730951 0.9830763928317234 
134 138 0 0 16 15 12.649110640673518 16.0 0.988963941151484 
132 137 0 0 16 19 12.649110640673518 16.0 0.9937625007896068 
130 136 0 0 16 22 12.649110640673518 16.0 0.9942692871006616 
128 134 0 0 16 22 12.649110640673518 16.0 0.9967416415136133 
126 132 0 0 14 23 13.038404810405298 16.0 0.9982819946964805 
124 131 0 0 16 24 13.038404810405298 16.0 1.0025316801989548 
122 130 0 0 15 26 13.038404810405298 16.0 1.0024341705645357 
120 129 0 0 16 25 13.038404810405298 16.0 0.9958027288402881 
118 128 0 0 17 18 13.038404810405298 16.0 0.9967942078875069 
116 127 0 0 18 18 13.038404810405298 16.0 0.9994147901623535 
114 126 0 0 18 19 13.038404810405298 16.0 1.0003689941225329 
112 125 0 0 18 19 14.142135623730951 16.0 1.0008757804335877 
110 123 0 0 18 19 14.142135623730951 16.0 1.0056743400717105 
108 122 0 0 18 22 14.142135623730951 16.0 1.005027956301643 
106 121 0 0 18 20 14.142135623730951 16.0 1.009826515939766 
104 120 0 0 18 23 14.142135623730951 16.0 1.0305473350888668 
96 118 1 0 19 24 14.142135623730951 16.0 1.0318022088344356 
90 116 1 0 17 19 14.142135623730951 16.0 1.0467784095651989 
89 115 2 0 18 22 14.142135623730951 16.0 1.0467464950974037 
87 114 2 0 17 20 14.0 16.0 1.0493583177825918 
85 113 2 0 15 20 14.0 16.0 1.0506548603608559 
84 112 2 0 14 20 13.038404810405298 16.0 1.0569208321927028 
80 111 2 0 14 22 13.038404810405298 16.0 1.0726263592254985 
78 110 3 0 14 24 13.038404810405298 16.0 1.0795853770475803 
76 109 3 0 10 27 13.038404810405298 16.0 1.076825197313721 
74 107 3 0 10 24 13.038404810405298 16.0 1.0841613966947252 
73 106 3 0 11 31 13.038404810405298 16.0 1.0812535465914253 
71 105 3 0 12 27 12.165525060596439 16.0 1.0962485084546694 
67 104 4 0 12 26 12.165525060596439 16.0 1.0907226459482462 
65 100 4 0 12 24 11.40175425099138 13.038404810405298 1.090727262951189 
64 98 4 0 12 25 12.0 13.038404810405298 1.088661382156185 
62 97 4 0 13 22 11.045361017187261 12.649110640673518 1.0932495503303075 
58 96 4 0 12 22 10.198039027185569 12.0 1.0955040966674399 
57 95 4 0 11 23 9.486832980505138 12.0 1.1110391730766735 
53 94 5 0 10 22 9.486832980505138 12.0 1.1086298961327608 
52 92 5 0 9 20 9.486832980505138 12.0 1.1159573359241064 
51 91 5 0 8 26 9.486832980505138 12.0 1.1167508436256237 
50 90 5 0 7 26 9.486832980505138 12.0 1.1156502014457226 
49 89 5 0 6 24 8.94427190999916 12.0 1.1153547204656018 
48 88 5 0 5 23 8.94427190999916 12.0 1.1183349651200536 
47 87 5 0 6 26 8.94427190999916 12.0 1.1091588853167078 
46 83 5 0 6 20 8.602325267042627 12.0 1.1126792445171496 
45 82 5 0 6 23 8.602325267042627 12.0 1.116388815473634 
43 81 5 0 6 25 8.602325267042627 12.0 1.1160933344935131 
42 80 5 0 5 24 8.602325267042627 12.0 1.1141687502857645 
41 79 5 0 5 22 8.602325267042627 12.0 1.1247802367003168 
40 78 6 0 4 20 8.602325267042627 12.0 1.1230536238382698 
38 77 6 0 6 18 8.602325267042627 12.0 1.1240348009460264 
37 76 6 0 6 18 7.211102550927978 12.0 1.1280952746924577 
36 75 6 0 5 21 7.211102550927978 12.0 1.128888782393975 
35 74 6 0 4 21 7.211102550927978 12.0 1.1159342861716661 
34 73 6 1 4 21 7.211102550927978 12.0 1.1147958752396998 
33 71 6 1 4 20 5.830951894845301 12.0 1.1156535643407013 
32 69 6 1 3 21 5.830951894845301 12.0 1.1126399914513145 
31 68 6 1 3 18 5.830951894845301 12.0 1.1134334991528316 
30 67 6 1 2 18 5.830951894845301 12.0 1.113880572978541 
30 66 6 1 2 19 5.0990195135927845 12.0 1.113088547528529 
29 65 6 1 5 19 4.0 12.0 1.1282364408360184 
27 64 7 1 2 19 4.0 12.0 1.129468182379099 
26 63 7 1 1 19 3.1622776601683795 12.0 1.1333482039591458 
26 62 7 1 2 24 3.1622776601683795 12.0 1.1330527229790253 
25 61 7 1 1 23 3.1622776601683795 12.0 1.1326633874502352 
24 60 7 1 2 23 2.0 11.045361017187261 1.1441596140957644 
23 59 8 1 1 23 4.47213595499958 11.045361017187261 1.123782724521901 
22 57 8 2 0 16 3.1622776601683795 11.045361017187261 1.1242212481213265 
22 56 8 2 1 17 1.4142135623730951 11.045361017187261 1.1351404563884766 
21 55 9 2 0 18 7.0710678118654755 11.045361017187261 1.1353822721595435 
21 54 9 2 0 18 3.1622776601683795 10.0 1.1347318070773311 
21 53 9 2 1 18 1.4142135623730951 10.0 1 
