140 140 0 0 14 14 16.0 16.0 1.0925434989042917 
138 139 0 0 17 18 16.0 14.142135623730951 1.0972384249280414 
134 135 0 0 16 21 12.649110640673518 16.0 1.0976996787951776 
132 134 0 0 16 21 14.142135623730951 16.0 1.0995252346650044 
130 132 0 0 16 23 14.142135623730951 16.0 1.1002250225438766 
128 131 0 0 16 23 14.142135623730951 16.0 1.1026018464691731 
126 130 0 0 14 24 14.142135623730951 16.0 1.1081255017630331 
124 128 0 0 16 29 14.142135623730951 16.0 1.1047425482518072 
122 126 0 0 15 27 14.142135623730951 16.0 1.107963277776503 
120 125 0 0 16 29 14.142135623730951 16.0 1.099089952492669 
118 124 0 0 17 22 14.142135623730951 16.0 1.0909063634464702 
116 120 0 0 18 19 14.142135623730951 16.0 1.0929499351929568 
114 119 0 0 18 20 14.142135623730951 16.0 1.1100110349961758 
106 117 1 0 18 20 14.142135623730951 16.0 1.1171703881904425 
102 116 1 0 17 23 14.142135623730951 16.0 1.119213959936929 
100 115 1 0 17 24 14.142135623730951 16.0 1.135779800204497 
96 114 1 0 16 34 14.142135623730951 16.0 1.1241675173981793 
94 112 1 0 16 26 14.142135623730951 16.0 1.1163047238031496 
92 111 1 0 19 20 14.142135623730951 16.0 1.1266515230008602 
88 110 1 0 15 25 14.142135623730951 16.0 1.1345046720427077 
87 109 2 0 16 23 14.142135623730951 16.0 1.1264313056641289 
85 108 2 0 15 17 14.142135623730951 15.033296378372908 1.1261911750898106 
84 107 2 0 13 17 15.033296378372908 15.033296378372908 1.126937326935319 
83 106 2 0 14 18 15.033296378372908 15.033296378372908 1.1345211193539462 
81 105 2 0 14 23 14.0 15.033296378372908 1.1379084749680473 
79 104 2 0 14 25 14.0 15.033296378372908 1.1318249574514085 
77 102 2 0 14 21 13.038404810405298 15.033296378372908 1.1328308275646586 
75 101 2 0 13 21 12.165525060596439 15.033296378372908 1.140031518904943 
73 99 2 0 13 27 12.165525060596439 15.033296378372908 1.1516036020159044 
71 98 2 0 13 35 11.40175425099138 15.033296378372908 1.1415531189538608 
69 97 2 0 13 27 11.40175425099138 15.033296378372908 1.1421357708833453 
67 95 2 0 13 28 10.770329614269007 15.033296378372908 1.1331101758849844 
65 93 2 0 13 22 11.40175425099138 15.033296378372908 1.1301118643398231 
63 92 2 0 11 19 11.40175425099138 15.033296378372908 1.1332398659312466 
59 91 2 0 10 19 11.40175425099138 15.033296378372908 1.1327587540790829 
58 90 3 1 9 21 11.40175425099138 15.033296378372908 1.1359794836037787 
56 89 3 1 10 23 11.40175425099138 15.033296378372908 1.1353928136153493 
54 88 3 1 11 22 10.0 15.033296378372908 1.1348089947764723 
50 87 3 1 10 19 8.0 15.033296378372908 1.149116683313096 
48 85 4 1 10 22 8.0 15.033296378372908 1.1536282169897354 
47 81 5 1 11 21 8.0 15.033296378372908 1.1544946309580124 
45 80 5 1 10 21 8.0 15.033296378372908 1.1546945405686693 
43 79 5 1 13 21 8.0 15.033296378372908 1.1719900352521482 
37 78 6 1 9 21 6.324555320336759 15.033296378372908 1.1680567283420749 
36 77 6 1 7 18 5.0990195135927845 15.033296378372908 1.1679589745881842 
35 76 6 1 5 18 5.0990195135927845 15.033296378372908 1.1771010818181895 
34 75 6 1 4 25 5.0990195135927845 15.033296378372908 1.166933661150144 
32 74 6 1 4 17 5.830951894845301 15.033296378372908 1.1527197428884295 
31 73 6 2 5 17 3.1622776601683795 15.033296378372908 1.1411002822370835 
30 72 6 3 4 19 3.1622776601683795 15.033296378372908 1.1450887057654928 
29 71 7 3 4 14 3.1622776601683795 15.033296378372908 1.1449909520116017 
28 70 7 3 2 14 3.1622776601683795 15.033296378372908 1.1474674777300533 
27 69 7 3 1 16 2.8284271247461903 15.033296378372908 1.132631060729886 
26 68 7 4 1 16 5.0990195135927845 15.033296378372908 1.1407283391569198 
25 67 8 4 0 14 5.656854249492381 15.033296378372908 1.1445129362193298 
25 65 8 4 0 19 4.47213595499958 15.033296378372908 1.1340263684969485 
25 64 8 4 0 13 4.0 14.0 1.1322465528760146 
25 62 8 4 0 14 4.0 14.0 1.123965833793668 
25 61 8 4 0 9 4.0 14.0 1.1264353856522373 
25 60 8 4 0 12 4.0 14.0 1.1208422343051196 
25 59 8 4 0 9 4.0 14.0 1.1204062025518002 
25 57 8 4 0 11 4.0 14.0 1.1279195406727012 
23 55 9 4 0 9 4.47213595499958 14.0 1.1291207397413063 
23 54 9 4 0 11 4.0 14.0 1.1120970765084883 
23 53 9 5 0 10 4.47213595499958 14.0 1.1092669239742499 
23 52 9 5 0 9 4.0 14.0 1.094930828476661 
23 51 9 6 0 10 4.47213595499958 14.0 1.093444459810037 
23 50 9 6 0 10 4.0 14.0 1.0895910027907258 
23 49 9 6 0 9 4.47213595499958 13.038404810405298 1.0881046341241019 
23 48 9 6 0 9 4.0 13.038404810405298 1.0837798355669483 
23 47 9 6 0 7 4.47213595499958 13.038404810405298 1.0655632506218171 
23 46 9 7 0 5 4.0 13.038404810405298 1.0639260197998925 
23 45 9 7 0 5 4.47213595499958 13.038404810405298 1.0603039152563527 
23 44 9 7 0 4 4.0 12.165525060596439 1.0586666844344281 
23 43 9 7 0 4 4.47213595499958 12.165525060596439 1.0571803157678044 
23 42 9 7 0 4 4.0 12.165525060596439 1.0555430849458798 
23 41 9 7 0 4 4.47213595499958 12.165525060596439 1.0540567162792558 
23 40 9 7 0 4 4.0 12.165525060596439 1.0524194854573314 
23 39 9 7 0 4 4.47213595499958 12.165525060596439 1.0342029005121995 
23 38 9 8 0 2 4.0 12.165525060596439 1.032565669690275 
23 37 9 8 0 2 4.47213595499958 12.165525060596439 1.0310793010236512 
23 36 9 8 0 2 4.0 12.165525060596439 1.0294420702017266 
23 35 9 8 0 2 4.47213595499958 12.165525060596439 1.0279557015351029 
23 34 9 8 0 2 4.0 12.165525060596439 1.0249746868455638 
23 33 9 8 0 1 4.47213595499958 12.165525060596439 1.0081018857680468 
23 32 9 9 0 0 4.0 12.165525060596439 1.0300160063343686 
23 34 9 8 0 3 4.47213595499958 13.038404810405298 1.0081018857680468 
23 32 9 9 0 0 4.0 12.165525060596439 1.031359790201983 
23 34 9 8 0 4 4.47213595499958 13.038404810405298 1.0263939017908286 
23 33 9 8 0 2 4.0 12.165525060596439 1.0078762760382307 
23 32 9 9 0 0 4.47213595499958 12.0 1.0363687589480248 
23 36 9 8 0 4 4.0 15.033296378372908 1.0273284385991397 
23 34 9 8 0 1 4.47213595499958 13.038404810405298 1.0237063340555996 
23 33 9 8 0 0 4.0 12.165525060596439 1.0236309029779493 
23 33 9 8 0 0 4.47213595499958 12.165525060596439 1.025050117923214 
23 33 9 8 0 1 4.0 12.165525060596439 1.0080264546903965 
23 32 9 9 0 0 4.47213595499958 12.165525060596439 1.025050117923214 
23 33 9 8 0 1 4.0 12.165525060596439 1.0080264546903965 
23 32 9 9 0 0 4.47213595499958 12.165525060596439 1.0263939017908286 
23 33 9 8 0 2 4.0 12.165525060596439 1.0078762760382307 
23 32 9 9 0 0 4.47213595499958 12.0 1.0085406364343272 
23 32 9 9 0 0 4.0 12.649110640673518 1.0183185417204343 
23 34 9 9 0 4 4.47213595499958 14.142135623730951 1.0085406364343272 
23 32 9 9 0 0 4.0 12.649110640673518 1.0289473654923271 
23 34 9 8 0 2 4.47213595499958 13.341664064126334 1.0085406364343272 
23 32 9 9 0 0 4.0 12.649110640673518 1.0337940322760295 
23 35 9 8 0 4 4.47213595499958 14.0 1.030091437412019 
23 34 9 8 0 3 4.0 13.038404810405298 1.024824508193398 
23 33 9 8 0 1 4.47213595499958 12.0 1.0085406364343272 
23 32 9 9 0 0 4.0 12.649110640673518 1.0263184707131783 
23 33 9 8 0 2 4.47213595499958 12.165525060596439 1.0085406364343272 
23 32 9 9 0 0 4.0 12.649110640673518 1.0300160063343686 
23 34 9 8 0 3 4.47213595499958 13.038404810405298 1.0248999392710483 
23 33 9 8 0 1 4.0 12.0 1.008465205356677 
23 32 9 9 0 0 4.47213595499958 12.649110640673518 1.0263939017908286 
23 33 9 8 0 2 4.0 12.165525060596439 1.0080264546903965 
23 32 9 9 0 0 4.47213595499958 12.165525060596439 1.0134183482824242 
23 33 9 9 0 2 4.0 13.341664064126334 1.008465205356677 
23 32 9 9 0 0 4.47213595499958 12.649110640673518 1.030091437412019 
23 34 9 8 0 3 4.0 13.038404810405298 1.024824508193398 
23 33 9 8 0 1 4.47213595499958 12.0 1.0085406364343272 
23 32 9 9 0 0 4.0 12.649110640673518 1.0249746868455638 
23 33 9 8 0 1 4.47213595499958 12.165525060596439 1.0085406364343272 
23 32 9 9 0 0 4.0 12.649110640673518 1.0080264546903965 
23 32 9 9 0 0 4.47213595499958 12.165525060596439 1.0339984210856374 
23 35 9 8 0 4 4.0 14.142135623730951 1.0249746868455638 
23 33 9 8 0 1 4.47213595499958 12.165525060596439 1.0081018857680468 
23 32 9 9 0 0 4.0 12.165525060596439 1.0206888795828215 
23 35 9 9 0 4 4.47213595499958 15.033296378372908 1.018265015066127 
23 34 9 9 0 4 4.0 14.0 1.0080264546903965 
23 32 9 9 0 0 4.47213595499958 12.165525060596439 1.018265015066127 
23 34 9 9 0 4 4.0 14.0 1.013067774179201 
23 33 9 9 0 2 4.47213595499958 13.038404810405298 1.007951707115881 
23 32 9 9 0 0 4.0 12.0 1.0183185417204343 
23 34 9 9 0 4 4.47213595499958 14.142135623730951 1.0131432052568512 
23 33 9 9 0 2 4.0 13.038404810405298 1.0080264546903965 
23 32 9 9 0 0 4.47213595499958 12.165525060596439 1.0085406364343272 
23 32 9 9 0 0 4.0 12.649110640673518 1.0249746868455638 
23 33 9 8 0 1 4.47213595499958 12.165525060596439 1.0085406364343272 
23 32 9 9 0 0 4.0 12.649110640673518 1.0289473654923271 
23 34 9 8 0 2 4.47213595499958 13.341664064126334 1.025050117923214 
23 33 9 8 0 1 4.0 12.165525060596439 1.008465205356677 
23 32 9 9 0 0 4.47213595499958 12.649110640673518 1.0207643106604718 
23 35 9 9 0 4 4.0 15.033296378372908 1.013067774179201 
23 33 9 9 0 2 4.47213595499958 13.038404810405298 1.007951707115881 
23 32 9 9 0 0 4.0 12.0 1.0337940322760295 
23 35 9 8 0 4 4.47213595499958 14.0 1.025050117923214 
23 33 9 8 0 1 4.0 12.165525060596439 1.0078762760382307 
23 32 9 9 0 0 4.47213595499958 12.0 1.0317103643052064 
23 34 9 8 0 4 4.0 13.341664064126334 1.024824508193398 
23 33 9 8 0 1 4.47213595499958 12.0 1.0085406364343272 
23 32 9 9 0 0 4.0 12.649110640673518 1.0249746868455638 
23 33 9 8 0 1 4.47213595499958 12.165525060596439 1.0085406364343272 
23 32 9 9 0 0 4.0 12.649110640673518 -1 
