140 140 0 0 14 14 16.0 16.0 1.047824494113385 
138 139 0 0 17 17 16.0 14.142135623730951 1.0577193961572813 
134 137 0 0 16 20 12.165525060596439 16.0 1.0543851252403629 
132 135 0 0 16 18 13.038404810405298 16.0 1.0598762571803197 
130 134 0 0 16 21 13.038404810405298 16.0 1.0624292162555853 
128 132 0 0 16 23 13.038404810405298 16.0 1.0541747074984509 
126 126 0 0 14 22 13.341664064126334 15.033296378372908 1.0558191814868638 
124 125 0 0 16 23 15.033296378372908 15.033296378372908 1.054416049477017 
122 123 0 0 15 22 15.033296378372908 15.033296378372908 1.0540014328515401 
120 122 0 0 16 21 15.033296378372908 15.033296378372908 1.056404484697648 
118 121 0 0 17 22 15.033296378372908 15.033296378372908 1.0588075365437555 
116 120 0 0 18 23 15.033296378372908 15.033296378372908 1.055725158675852 
114 118 0 0 18 21 15.033296378372908 15.033296378372908 1.0583986221442243 
112 117 0 0 18 22 15.033296378372908 15.033296378372908 1.0596632513768043 
110 116 0 0 18 22 15.033296378372908 15.033296378372908 1.0637218484708628 
106 115 0 0 18 22 15.033296378372908 15.033296378372908 1.0635776434676505 
104 114 0 0 18 21 15.033296378372908 15.033296378372908 1.0634334384644382 
102 113 0 0 18 20 15.033296378372908 15.033296378372908 1.0666477251773392 
100 112 0 0 16 21 15.033296378372908 15.033296378372908 1.0665413548418246 
98 110 0 0 17 22 15.033296378372908 14.0 1.0652587272250842 
96 109 0 0 16 20 15.033296378372908 14.0 1.0696114365515133 
94 108 0 0 15 22 15.033296378372908 14.0 1.0717440767753565 
92 107 0 0 17 23 15.033296378372908 14.0 1.0946712300440382 
88 106 1 0 15 28 15.033296378372908 14.0 1.0858036080038072 
86 105 1 0 16 21 15.033296378372908 14.0 1.08609157215707 
85 103 1 0 14 22 15.033296378372908 14.0 1.0878956318441306 
84 102 1 0 13 23 14.142135623730951 14.0 1.0868196875810183 
82 100 1 0 16 23 14.142135623730951 14.0 1.0949395906646122 
81 99 2 0 22 22 14.142135623730951 14.0 1.1213711066876597 
75 98 3 0 14 27 14.142135623730951 13.038404810405298 1.1175530725266518 
74 97 3 0 12 24 14.142135623730951 13.038404810405298 1.1146440664335935 
73 96 3 0 12 22 14.0 13.038404810405298 1.1269218457950414 
71 95 4 0 13 22 14.0 13.038404810405298 1.1357304523744263 
69 94 4 0 11 27 14.142135623730951 13.038404810405298 1.1285420761922522 
67 93 4 0 11 21 14.142135623730951 13.038404810405298 1.1273476312289858 
65 92 4 0 13 20 13.038404810405298 12.165525060596439 1.140519015321833 
59 91 4 0 11 24 12.0 12.0 1.1420540561766774 
57 90 4 0 10 24 12.0 12.0 1.154884509087707 
56 89 5 0 9 25 12.0 12.0 1.1567068871335608 
55 88 5 0 8 26 11.045361017187261 12.0 1.150927345187179 
53 87 5 0 8 21 11.045361017187261 12.0 1.1568889954441206 
52 86 5 0 8 25 10.0 12.165525060596439 1.1570292349008278 
51 85 5 0 8 25 9.055385138137417 12.165525060596439 1.1530892937219113 
47 83 5 0 7 20 8.0 12.165525060596439 1.1518185164102241 
46 82 5 0 6 19 8.0 12.165525060596439 1.1459303203757887 
45 80 5 0 6 16 8.0 12.165525060596439 1.1582199500422894 
44 79 6 0 7 17 8.0 12.165525060596439 1.1583580069663943 
43 78 6 0 6 17 8.0 12.165525060596439 1.157665651348763 
41 77 6 0 6 16 9.899494936611665 12.165525060596439 1.1589421308863959 
40 76 6 0 6 17 9.899494936611665 12.165525060596439 1.1590801878105008 
39 75 6 0 5 17 9.899494936611665 12.165525060596439 1.158493806689325 
38 74 6 0 4 17 9.899494936611665 11.40175425099138 1.1583614519911656 
37 73 6 0 4 17 9.899494936611665 11.40175425099138 1.158229097293006 
36 72 6 0 4 17 9.899494936611665 11.40175425099138 1.1455131125590086 
34 71 6 1 4 17 9.899494936611665 11.40175425099138 1.151208292734021 
33 67 7 1 2 16 9.899494936611665 11.40175425099138 1.1496638002663784 
32 66 7 1 3 16 9.899494936611665 10.198039027185569 1.1344296025276528 
31 64 7 2 3 16 8.48528137423857 10.198039027185569 1.1356942317602325 
29 63 7 2 3 16 8.48528137423857 10.198039027185569 1.1365128053121016 
28 62 7 2 3 16 7.0710678118654755 10.770329614269007 1.1230837010590249 
26 60 7 3 3 16 4.242640687119285 10.770329614269007 1.1205539967407028 
25 58 7 3 1 15 4.242640687119285 10.770329614269007 1.1217642492146729 
24 57 7 3 1 16 4.47213595499958 10.770329614269007 1.1159966694363768 
23 55 8 4 1 15 4.47213595499958 10.770329614269007 1.1159538221626402 
22 54 8 4 0 15 5.0990195135927845 10.770329614269007 1.1147129711306656 
22 53 8 4 1 15 3.1622776601683795 10.770329614269007 1.1261345898059028 
21 52 9 4 0 15 3.1622776601683795 10.770329614269007 1.1262481249426677 
21 51 9 4 1 16 1.4142135623730951 10.770329614269007 1 
