-0.0005172432851749526 
-0.0005134562642711637 
-0.0005319417222937006 
-0.0005270992124221406 
-0.0005339345511328072 
-0.0005444347763947541 
-0.0005407940023351835 
-0.0005367802342516341 
-0.0005317630449795896 
-0.0005282377466535535 
-0.0005241187265681645 
-0.0005192676775697346 
-0.0005162559772226219 
-0.0005283567711975618 
-0.0005231254088934335 
-0.0005185154312822097 
-0.0005148155860331451 
-0.0005090158058552422 
-0.0005017625654987234 
-0.0004943454361302385 
-0.0004914981815653029 
-0.00048330694121306004 
-0.000494506645167351 
-0.0005132924754736964 
-0.000507285053094386 
-0.0005064350218144203 
-0.0004991339837887162 
-0.0004929710074517828 
-0.0004862036692436797 
-0.00047852201402621156 
-0.00047078219770494805 
-0.00046885185337235087 
-0.00046441209840348836 
-0.0004587497625126619 
-0.0004533898426243181 
-0.0004471369968506274 
-0.0004464094765909835 
-0.0004429107021363532 
-0.00043433948842572896 
-0.0004300347062636499 
-0.0004262699557840752 
-0.0004186063453354121 
-0.0004098965703100777 
-0.00040505795790306227 
-0.0003967538930766125 
-0.0003916796453129045 
-0.0003865450009620504 
-0.0003810111835800236 
-0.00039138469388424324 
-0.00038272355003486684 
-0.0003782011989989938 
-0.00037245371759715354 
-0.00036420855728063205 
-0.00036043295365159735 
-0.00035329383018202135 
-0.00034790980667195333 
-0.00036069261486137765 
-0.0003560605437747299 
-0.00035057845678267537 
-0.00034705837695637304 
-0.000340768558048489 
-0.0003346872907945061 
-0.00035083220067741813 
-0.0003443077149692067 
-0.00033684663780296113 
-0.00033260378724804036 
-0.0003273620354674314 
-0.00031979420544410556 
-0.00031400201772061054 
-0.0003056452742725562 
-0.000297847940184601 
-0.0002932659780802439 
-0.0002885770337438283 
-0.00028252716969343614 
-0.00027303284319837927 
-0.00026875956212435106 
-0.00026320816693838 
-0.00025727651563840325 
-0.0002508304777050207 
-0.00023912370416684668 
-0.00023289966078788405 
-0.00022682381212603544 
-0.0002180747536942374 
-0.0002110499113330774 
-0.00020591764962229204 
-0.00019825031641905632 
-0.00019738933005701066 
-0.00019303524315014911 
-0.00018699078716757098 
-0.00018476164684072104 
-0.00017868950293312263 
-0.00017116966480916634 
-0.00016575833695524594 
-0.0001597655862714334 
-0.00017837730573961198 
-0.0001704811634561864 
-0.00016264696848101282 
-0.00015456126162692282 
-0.0001503007578663491 
-0.00014573795174772317 
-0.00014095918324867688 
-0.00013598976985527452 
-0.00013192769654046447 
-0.00012589551107448644 
-0.00011476880753891597 
-0.00010875609514775682 
-0.00010216859404479537 
-9.452506787573293e-05 
-8.931561779327839e-05 
-8.057360387766691e-05 
-7.247682725906289e-05 
-6.877198042171098e-05 
-6.415076225736335e-05 
-6.109880385803705e-05 
-5.521669560051592e-05 
-5.497854866858608e-05 
-5.067990607844629e-05 
-4.365348386599328e-05 
-3.938126214695435e-05 
-3.186367589337285e-05 
-2.2972024315353316e-05 
-1.6208102743924738e-05 
-1.3360672583003807e-05 
-7.463450285617752e-06 
-2.2549786946880347e-06 
5.532248895759443e-06 
-3.0786367128456216e-05 
-3.0391620422575834e-05 
-2.2154283297311576e-05 
-1.843616231096236e-05 
-6.90752534208134e-06 
-5.200668227509491e-06 
2.584555769283205e-06 
1.75665050381923e-05 
2.8979458708854143e-05 
-1.3451202188132355e-05 
-5.279959407164109e-05 
-5.143206013382669e-05 
-4.0841240849630764e-05 
-3.430001246341586e-05 
-2.3814690272227194e-05 
