0.0005618808190293788 
0.0005622246388191467 
0.0006080737912521022 
0.0006087719101509007 
0.0006506391453992125 
0.0006984592654257118 
0.0006987256922155631 
0.0006965123871997245 
0.0006965628926493173 
0.0006968846900150033 
0.000697390405033661 
0.000697503295315016 
0.0006959831549459618 
0.0007455670502880138 
0.0007443977538576667 
0.0007447781103013881 
0.0007479296526211678 
0.0007475008318409731 
0.0007468903763793318 
0.0007458005854956661 
0.0007440367775559566 
0.0007417849281167006 
0.0007890458866313537 
0.0008378650675803698 
0.0008373975242104928 
0.0008383452431683008 
0.0008388037438728727 
0.0008395045855740095 
0.0008386543286756147 
0.0008374203672030376 
0.0008385294831974667 
0.0008388681551629508 
0.0008383660669586701 
0.0008376614265177758 
0.0008360293847109229 
0.0008347790431317611 
0.0008337706022756909 
0.0008326171899387764 
0.0008307442815100747 
0.0008306229734405222 
0.0008294467926367834 
0.0008295654406189725 
0.0008271977030133835 
0.0008249834157088494 
0.0008249626848298744 
0.0008242538549543763 
0.0008248277940677477 
0.000823289422167855 
0.0008776156075314568 
0.000878527012201132 
0.0008770767671605525 
0.0008772552268190503 
0.0008806840100399124 
0.0008780827282690503 
0.000877199590933108 
0.0008741190632049478 
0.000916454846056176 
0.0009142641331471434 
0.0009142283012402338 
0.0009113221484347453 
0.000911690764408999 
0.0009113766719762461 
0.0009527088377309203 
0.0009524945658498676 
0.0009502667684001686 
0.0009484458967193593 
0.0009481183259914928 
0.0009505305326844843 
0.0009497955766717888 
0.0009494327899052188 
0.0009487833234218623 
0.0009487258873109315 
0.0009485018753930695 
0.0009455084646126842 
0.0009437313841587662 
0.0009412646632422814 
0.0009400050583764708 
0.0009384059055001333 
0.0009347637849728069 
0.0009348915504701119 
0.0009335984776839871 
0.0009326454764217409 
0.0009312833651518591 
0.0009303918173803416 
0.0009297462811034445 
0.0009257773012583973 
0.0009234086418644972 
0.0009219785615933597 
0.0009186096268502519 
0.0009172744479308568 
0.0009136753472771276 
0.0009111083451957697 
0.0009084384170933398 
0.0009072864956198707 
0.0008164509729447284 
0.0008142791728734653 
0.0008095497900792859 
0.0008077575463273639 
0.0008055048344985296 
0.0008042256458006165 
0.0008029817908315949 
0.0008037636936355089 
0.0008019240407620775 
0.0008010511136725381 
0.0008008596394739547 
0.0007977596161625037 
0.0007954932255735675 
0.0007933514784331894 
0.0007921909513752129 
0.0007895182880631912 
0.0007869584397247822 
0.0007861520290314156 
0.0007840360130902714 
0.0007817829473257085 
0.0007790894764983174 
0.0007722304368704392 
0.0007696710776928371 
0.0007664425108501453 
0.0007638171478653346 
0.0007611802204067581 
0.0007593524148439639 
0.0007575781887548406 
0.0007542240338700528 
0.0007512021215929412 
0.0007498678521915399 
0.0007479362522345652 
0.0007914860419202003 
0.0007850357860526827 
0.0007818675978499616 
0.0007805228774934244 
0.0007791477097095238 
0.0007726740385952467 
0.0007700526851847284 
0.0007680074066790761 
0.0007680483831304314 
0.000831206207359072 
0.000927109217376212 
0.0009203699343596156 
0.0009204242206044815 
0.0009190680034083484 
0.0009195383922344029 
0.000915887806723787 
0.0009148859728776729 
0.0009131055500107215 
0.0009105035721347726 
0.0009082407648157253 
0.0009062704174429703 
0.0009050340126290096 
0.0009942962033349621 
0.0009926445279005683 
0.0009907591475694726 
0.0009829437272874336 
0.0009818894284013364 
0.0009792475910582001 
0.0009772546529489077 
0.0009740438461424071 
0.0008900311854356876 
0.0008861004689158827 
0.0008839579058568552 
0.0008812326989285327 
0.0008776005066390005 
0.0008742505685814254 
0.0008719651941389062 
0.000869690028262866 
0.0008689397938107053 
0.0009237026343176113 
0.0009257810777070696 
0.0009209634269152456 
0.0009155215206375549 
0.0009128603691698785 
0.000912715100117345 
0.0008288884587145329 
0.0008257691500020341 
0.000818895133490471 
0.0009073093955233738 
0.0009042591075488857 
0.0009006380617315336 
0.0008986666861550596 
0.000895353072854855 
0.0008927080732287292 
0.0008931727979045368 
0.0008927550259239179 
0.0008915178027851476 
0.0009451266596139591 
0.0009445570825863998 
0.000942693510241496 
0.0009399323707282642 
0.0009944013452227321 
0.0009935630019595883 
0.0009927390699010694 
0.0009926454031725488 
0.0009892918935400597 
0.0009866029621405097 
0.000982913147327112 
0.000980223613115372 
0.0009811243857006954 
0.0009801107656662422 
0.0010507941701876787 
0.001091736555333545 
0.001087540580563048 
0.0010841895054502745 
0.001076791322874718 
0.0010723146551501507 
0.0009907983770324092 
0.0009904297409575994 
0.0009895894078843191 
0.0010610448540799907 
0.001060621696687568 
0.0010572736563202601 
0.0010553889054085103 
0.0010552196310530707 
0.0010545256981574144 
0.001053747852982889 
0.0010530359617616353 
0.0010540125431928236 
0.001050788678251082 
0.001094084874432052 
0.0011810668988238497 
0.0011803677644553526 
0.00118021410739827 
0.001180743840551044 
0.0012303524038044706 
0.001225908495933524 
0.0012175584990797388 
0.00121578142247013 
0.0012117406081737986 
0.0012094723975489671 
0.0012598871661845409 
0.001176054009587897 
0.0011751514033064502 
0.0011722943417835344 
0.0012313261484701457 
0.0012307379453113747 
0.0012271671139584878 
0.0013082374703172366 
0.0013072338728418306 
0.0012224353180732214 
0.0012116141110272572 
0.0012124960916591807 
0.0012953938363609826 
0.0012965848870581792 
0.0012945137147285597 
