-0.0008096134369123746 
-0.000803482659729424 
-0.0009497859947377693 
-0.0009390128024399548 
-0.0010619283106636653 
-0.0011952900730285803 
-0.001186599916125416 
-0.0011743240433923071 
-0.0011655916664109552 
-0.0011578566400358332 
-0.0011513756491221675 
-0.0011404242748893373 
-0.001134848733065817 
-0.001289464419047671 
-0.0012782004376811658 
-0.0012660722823791878 
-0.0012541372346725455 
-0.001241937469740995 
-0.0012288039758230585 
-0.0012142075713201144 
-0.0012051587082887805 
-0.0011904032158704058 
-0.001342701576799205 
-0.0015158040684659295 
-0.0015001976843446493 
-0.001491802480126904 
-0.001479339032897434 
-0.0014671684682086956 
-0.001453103643828085 
-0.001441237325769288 
-0.0014261146100942059 
-0.001413956178788954 
-0.0014023629776870538 
-0.0013877160713776785 
-0.001375791880144059 
-0.001361460234851197 
-0.0013546300004223018 
-0.0013468795554942429 
-0.0013330371538398543 
-0.0013218356147404618 
-0.001310794760990853 
-0.0012998878688696462 
-0.001281283860659971 
-0.0012691098183652925 
-0.001252145510783664 
-0.0012389985829314011 
-0.001226009646294924 
-0.001213044717914614 
-0.0013670264272623634 
-0.0013539070074366515 
-0.0013448988088167796 
-0.001332479225618612 
-0.001312672892188627 
-0.001303747996783443 
-0.0012890024343775314 
-0.0012771517588081726 
-0.0014341407288759544 
-0.001421000906426483 
-0.0014102207338390048 
-0.0014007117796051604 
-0.0013862775845187017 
-0.0013748767803374033 
-0.0015456688604946528 
-0.0015281701526084783 
-0.0015129711287018965 
-0.0014990659163426575 
-0.0014847066760506323 
-0.0014673158538687544 
-0.0014564839641615327 
-0.0014380769698016302 
-0.001422793072007838 
-0.001409495343618175 
-0.001396983930739389 
-0.0013854008088731284 
-0.001368246633273143 
-0.001358031784801685 
-0.0013463033068898402 
-0.001335001991720632 
-0.0013180206696553909 
-0.0012943411995110096 
-0.0012801885902629126 
-0.0012669967543279322 
-0.0012533605571240563 
-0.0012403552766839586 
-0.001229001078273479 
-0.001214698827596277 
-0.0012045733563786976 
-0.00119732674187864 
-0.0011834132828848047 
-0.0011761748729480148 
-0.0011648511055877202 
-0.001154087643999866 
-0.001141839014209989 
-0.0011307938115731413 
-0.0012369781712206122 
-0.001221874517184104 
-0.0012084809252750955 
-0.0011948752968204757 
-0.001182006207018725 
-0.0011711421052056183 
-0.0011597181966446015 
-0.0011497828152446747 
-0.0011384657358019658 
-0.0011238835577521832 
-0.0011074794626169855 
-0.0010918858318550511 
-0.0010769559007620616 
-0.001063897668974708 
-0.0010537912741535272 
-0.0010413640040685302 
-0.0010216034478313643 
-0.0010120539835955175 
-0.0010023988367735693 
-0.0009958473559842785 
-0.000982942849215076 
-0.000978808057190518 
-0.0009691432552066944 
-0.0009554597948130478 
-0.000946242062379916 
-0.0009333130063339261 
-0.0009219401992102119 
-0.0009101536885670616 
-0.0009032659781954854 
-0.0008893568537113467 
-0.0008797172929161957 
-0.0008613705799876926 
-0.0010052623336197 
-0.0009979340593750806 
-0.000978473704724401 
-0.0009600176776329725 
-0.0009269085575291143 
-0.0009187699408671418 
-0.0008987390836755092 
-0.0008723899694350453 
-0.000852980039433656 
-0.001022874542897519 
-0.001210591132692573 
-0.0012028275830218368 
-0.001177623344572195 
-0.00115871701908907 
-0.0011358343442417073 
