0.012433336527640662 
0.012428701386924932 
0.012343625008073525 
0.012339543227981753 
0.012236810872872855 
0.01212979790678736 
0.0121255381619098 
0.012121004688788574 
0.012116420812144256 
0.012112234669459088 
0.01210686182606591 
0.012101949831073473 
0.012097835236292747 
0.012001328088629961 
0.0119959560763112 
0.011990721332386758 
0.01198561028232284 
0.011980363625425308 
0.01197453585167768 
0.011968890233365323 
0.01196482211156927 
0.011959895985320929 
0.011876480400831977 
0.011805262623354844 
0.011799792467561016 
0.011795225276893003 
0.011790042619393091 
0.0117841963240762 
0.011778200436285842 
0.011772309643173533 
0.011766355230809733 
0.011761074881008303 
0.011755129704456453 
0.011750447170904786 
0.011744722372670274 
0.01173967683142875 
0.01173381926941555 
0.011728699581254309 
0.011722489294162057 
0.011716867218493953 
0.011712023920798759 
0.01170563358100757 
0.011699484597528946 
0.011693309530450084 
0.011687181724390363 
0.011681776722841784 
0.011674604542218435 
0.011668150921556195 
0.011583676309728067 
0.011577668145626795 
0.01157162075255078 
0.011565248738189869 
0.011558035400113739 
0.01155197066568982 
0.011546115582397397 
0.01153904693132126 
0.011457987029528287 
0.011451136689266362 
0.011444507891943812 
0.011439261719330135 
0.011432624266689924 
0.011427153495009647 
0.011348184777795572 
0.011341398407968648 
0.011334804195710247 
0.011328766253583375 
0.01132315673378941 
0.01131638204017004 
0.011310119586638773 
0.011302185287232338 
0.011296287732873857 
0.011290364415404455 
0.011283561751132239 
0.01127739682513759 
0.011270673094363706 
0.01126598167076645 
0.01125919794990486 
0.011252488915885664 
0.011245027690392692 
0.011236981276673582 
0.011229584296406607 
0.011222651767543704 
0.011215537434924228 
0.011207938377943672 
0.011200297752288105 
0.011192435012637803 
0.011185428981865576 
0.011179313624486464 
0.011172815242730253 
0.011167315862440736 
0.011160047148917562 
0.011152375786998694 
0.011145268685296356 
0.011138348799182319 
0.01106148391819008 
0.011054264040829256 
0.011047090908105676 
0.011040188886583948 
0.011034455118675684 
0.011028315416171146 
0.011022006467897303 
0.011014104560099956 
0.01100775751413701 
0.011001001919808078 
0.01099435542139641 
0.010987114142884818 
0.010979417127911601 
0.010973327194612964 
0.010965620018273057 
0.010959130508663081 
0.010951648162170017 
0.010945442888302803 
0.010937871784987379 
0.010931355911673064 
0.010924435375659501 
0.010919200483936537 
0.01091231021968641 
0.010904559038362054 
0.010898091617695579 
0.010890777113781877 
0.010883901799231505 
0.01087654813287283 
0.01087017319573528 
0.010862970368132389 
0.010855680174535948 
0.010848642576247952 
0.010730544097551762 
0.010725067963705431 
0.010717703375059773 
0.010710640219779468 
0.010702972389258898 
0.010697384253436176 
0.010688754714013744 
0.010680177471032172 
0.01067241109097286 
0.010557078801855647 
0.010448820923001577 
0.010445138039974378 
0.01043808411676453 
0.010431541816459366 
0.010424061540795868 
