140 139 0 0 14 17 16.0 16.0 0.11901482969468141 
138 137 0 0 17 16 13.341664064126334 14.142135623730951 0.16631498499369657 
134 136 0 0 16 17 12.165525060596439 16.0 0.17152123627710267 
133 134 0 0 15 18 12.0 16.0 0.16110756427421927 
131 133 0 0 16 18 14.142135623730951 16.0 0.1602391416780311 
129 132 0 0 16 17 14.142135623730951 16.0 0.16092399485247771 
127 131 0 0 16 17 14.142135623730951 15.033296378372908 0.20102117558018 
125 130 0 0 14 21 15.033296378372908 15.033296378372908 0.18018375940096626 
123 128 0 0 15 19 15.033296378372908 15.033296378372908 0.20618044827769616 
121 127 0 0 15 22 15.033296378372908 15.033296378372908 0.23812779409385232 
120 126 0 0 14 26 15.033296378372908 15.033296378372908 0.22894010302262333 
119 125 0 0 14 24 14.0 15.033296378372908 0.2625129045927356 
117 124 0 0 15 29 14.0 15.033296378372908 0.2474463053312848 
116 123 0 0 14 26 14.0 15.033296378372908 0.22456340749012763 
114 121 0 0 15 23 13.038404810405298 15.033296378372908 0.2296456418333657 
113 120 0 0 14 23 13.038404810405298 15.033296378372908 0.22233499528696016 
112 118 0 0 15 24 13.038404810405298 15.033296378372908 0.1787010803296727 
111 114 0 0 13 20 13.038404810405298 14.0 0.18540877042686682 
109 113 0 0 14 21 13.038404810405298 14.0 0.1972072826383342 
108 112 0 0 13 22 13.038404810405298 14.0 0.18472018785234168 
107 111 0 0 15 22 13.038404810405298 14.0 0.17281028620245392 
103 110 0 0 18 20 13.038404810405298 14.0 0.21291093784809723 
99 109 0 0 19 24 13.038404810405298 14.0 0.21627350254102984 
98 108 0 0 16 22 13.038404810405298 14.0 0.2481266344608366 
96 107 0 0 15 25 13.038404810405298 14.0 0.39466982423840846 
86 106 1 0 27 30 13.038404810405298 14.0 0.4270233746866423 
80 104 1 0 20 25 13.038404810405298 14.0 0.5597647720705501 
78 103 2 0 22 27 13.038404810405298 14.142135623730951 0.6746397379682423 
72 101 3 0 20 21 13.038404810405298 13.038404810405298 0.8432919129129197 
68 100 4 0 18 23 13.038404810405298 13.038404810405298 0.8942928943655435 
64 99 4 0 18 27 12.0 13.038404810405298 0.956099648533189 
60 98 4 0 13 29 12.0 13.038404810405298 0.9917299531623482 
58 97 4 0 11 31 11.045361017187261 13.038404810405298 1.0035284653738157 
57 96 4 0 10 32 11.045361017187261 13.038404810405298 0.9423077558599111 
56 95 4 0 10 23 11.045361017187261 13.038404810405298 1.0928134085392531 
55 94 5 0 10 27 11.045361017187261 13.038404810405298 1.1583421436965566 
54 93 5 0 9 36 11.045361017187261 13.038404810405298 0.9580310882788199 
52 91 5 1 10 26 11.045361017187261 13.038404810405298 0.9564781119715888 
51 90 5 1 11 26 10.0 13.038404810405298 0.9804410538324007 
50 89 5 1 11 29 9.055385138137417 13.038404810405298 1.0113756809306598 
46 88 5 1 11 30 8.0 13.038404810405298 0.9986059444556195 
42 87 5 1 13 27 8.0 13.038404810405298 1.1701989606683456 
38 86 6 1 8 27 8.246211251235321 13.038404810405298 1.1466964138883602 
37 85 6 1 5 21 8.246211251235321 13.038404810405298 1.1449140002992801 
36 84 6 1 5 20 7.0710678118654755 13.038404810405298 1.267694706680551 
35 83 7 1 4 19 7.0710678118654755 13.038404810405298 1.2788393179648658 
34 82 7 1 4 20 6.0 13.038404810405298 1.2614328107290727 
33 81 7 1 3 16 5.0990195135927845 13.038404810405298 1.2606586020292336 
32 80 7 1 3 16 5.0990195135927845 13.038404810405298 1.2598843933293948 
31 79 7 1 3 16 5.0990195135927845 13.038404810405298 1.2523939067613263 
30 78 7 1 3 15 5.0990195135927845 13.038404810405298 1.381890891010827 
29 77 8 1 2 15 5.0990195135927845 13.038404810405298 1.3814583871693666 
28 76 8 1 4 16 4.0 13.038404810405298 1.3967258029667373 
26 75 8 1 2 16 4.47213595499958 13.038404810405298 1.4090303011702074 
25 74 8 1 2 17 3.1622776601683795 13.038404810405298 1.401328951054997 
24 73 8 1 3 16 2.0 13.038404810405298 1.419843741134694 
23 72 8 1 2 18 2.0 13.038404810405298 1.4991812610349646 
22 71 9 1 2 15 5.830951894845301 12.0 1.5234364493247299 
21 70 9 1 0 16 4.47213595499958 12.0 1.4894284063304477 
21 66 9 1 0 15 4.0 12.0 1.4998876417025926 
21 65 9 1 0 18 4.47213595499958 12.0 1.4746358609870094 
21 64 9 1 0 15 4.0 12.0 1.4649462627544658 
21 63 9 1 0 15 4.47213595499958 12.0 1.47327587138003 
21 62 9 1 0 17 4.0 12.0 1.4703025510157157 
21 61 9 1 0 18 4.47213595499958 12.0 1.2904022581240586 
21 57 9 2 0 14 4.0 12.0 1.2733163872197957 
21 55 9 2 0 14 4.47213595499958 12.0 1.1491863016844435 
21 54 9 3 0 15 4.0 12.0 1.0063570144874938 
21 52 9 4 0 15 4.47213595499958 12.0 0.8546818226757339 
21 50 9 5 0 13 4.0 12.0 0.8382759465749609 
21 49 9 5 0 12 4.47213595499958 12.0 0.8264567215958365 
21 48 9 5 0 11 4.0 12.0 0.8234834012315223 
21 47 9 5 0 12 4.47213595499958 12.0 0.6993533156961701 
21 46 9 6 0 13 4.0 12.0 0.682947439595397 
21 45 9 6 0 12 4.47213595499958 12.0 0.6608242481276807 
21 43 9 6 0 12 4.0 10.198039027185569 1 
