140 139 0 0 14 19 16.0 16.0 0.10693418355588265 
138 138 0 0 17 17 13.038404810405298 14.142135623730951 0.14175271329470435 
134 137 0 0 16 17 13.038404810405298 16.0 0.1756498142594415 
133 136 0 0 15 22 14.0 16.0 0.1639192048293689 
131 135 0 0 16 21 14.0 15.033296378372908 0.15665578322694046 
129 131 0 0 16 23 15.033296378372908 15.033296378372908 0.14214278985526557 
127 129 0 0 16 21 15.033296378372908 15.033296378372908 0.17992032253613516 
125 128 0 0 14 24 15.033296378372908 15.033296378372908 0.1732992166657547 
123 127 0 0 15 23 15.033296378372908 15.033296378372908 0.185915973396293 
121 126 0 0 15 24 15.033296378372908 15.033296378372908 0.16411011458340813 
120 124 0 0 14 21 15.033296378372908 15.033296378372908 0.1813918644594854 
119 122 0 0 14 24 14.0 15.033296378372908 0.154798334711846 
117 121 0 0 15 20 14.0 15.033296378372908 0.13964995052471424 
116 119 0 0 14 18 14.0 15.033296378372908 0.14390063113424134 
114 117 0 0 15 19 13.038404810405298 15.033296378372908 0.14922452242356954 
113 116 0 0 14 19 13.038404810405298 15.033296378372908 0.1566529270810352 
111 115 0 0 16 21 13.038404810405298 15.033296378372908 0.17455720634552913 
110 114 0 0 14 22 13.038404810405298 15.033296378372908 0.22721798129146842 
109 113 0 0 14 30 13.038404810405298 15.033296378372908 0.19724310145624416 
103 112 0 0 20 26 13.038404810405298 15.033296378372908 0.2126825542644405 
97 110 0 0 16 21 13.038404810405298 15.033296378372908 0.2114845101442714 
95 108 0 0 16 21 13.038404810405298 15.033296378372908 0.19757053883268116 
94 107 0 0 16 19 13.038404810405298 15.033296378372908 0.3636218597865983 
88 106 1 0 17 22 13.038404810405298 14.142135623730951 0.3418160009737136 
87 104 1 0 16 19 13.038404810405298 14.142135623730951 0.6382258137772885 
79 103 2 0 15 38 13.038404810405298 13.038404810405298 0.5945468943926489 
77 102 2 0 13 28 12.0 13.038404810405298 0.776955923518817 
69 101 3 0 12 29 12.0 13.038404810405298 0.7743879273068508 
68 99 3 0 10 28 12.0 13.038404810405298 0.7737889052467665 
67 98 3 0 10 28 12.0 13.038404810405298 0.8784715546427622 
66 97 4 0 11 26 12.0 13.038404810405298 0.8837954459320904 
65 96 4 0 10 26 12.0 13.038404810405298 0.8878764849336898 
64 95 4 0 10 26 11.045361017187261 13.038404810405298 0.9873603402002423 
58 89 5 0 8 21 11.045361017187261 13.038404810405298 0.9873967089556149 
56 88 5 0 9 21 11.045361017187261 13.038404810405298 1.019089356120678 
50 86 5 0 9 22 11.045361017187261 13.038404810405298 1.0095085015847514 
49 84 6 1 8 21 11.045361017187261 13.038404810405298 1.06799301941922 
47 83 6 1 7 28 11.045361017187261 13.038404810405298 1.0399667358742728 
43 81 6 1 7 22 11.045361017187261 13.038404810405298 1.0519481017893542 
42 80 6 1 6 23 11.045361017187261 13.038404810405298 1.1625536645347627 
41 79 7 1 6 21 11.045361017187261 13.038404810405298 1.1720315016858358 
40 78 7 1 5 21 10.198039027185569 13.038404810405298 1.154946701261434 
39 77 7 1 5 18 9.486832980505138 13.038404810405298 1.168195093975119 
37 76 7 1 5 18 8.0 13.038404810405298 1.0251197576311764 
35 74 7 2 5 16 8.602325267042627 13.038404810405298 1.031341122522643 
34 73 7 2 5 16 7.211102550927978 13.038404810405298 1.0484032949941482 
33 72 7 2 5 18 6.324555320336759 13.038404810405298 0.9537155330959518 
29 71 7 3 3 18 6.324555320336759 13.038404810405298 0.9591246277293031 
28 70 7 3 3 18 5.0990195135927845 13.038404810405298 0.969282256300121 
26 69 7 3 3 18 4.242640687119285 13.038404810405298 0.9689588578276694 
25 68 7 3 3 17 2.8284271247461903 13.038404810405298 0.9742827491169977 
24 67 7 3 2 17 2.8284271247461903 13.038404810405298 1.097468699837572 
23 66 8 3 1 16 2.8284271247461903 13.038404810405298 1.1036263228641237 
23 65 8 3 1 18 2.8284271247461903 13.038404810405298 1.0831540473876637 
23 64 8 3 1 16 2.8284271247461903 13.038404810405298 1.0688393949377553 
23 62 8 3 1 16 2.8284271247461903 13.038404810405298 1.068339543338554 
23 61 8 3 1 17 2.8284271247461903 13.038404810405298 1.0611822171135998 
23 60 8 3 1 17 2.8284271247461903 13.038404810405298 1.0360963433335304 
23 59 8 3 1 15 2.8284271247461903 12.165525060596439 1.035596491734329 
23 58 8 3 1 16 2.8284271247461903 12.165525060596439 1.0244022615574713 
23 57 8 3 1 16 2.8284271247461903 11.40175425099138 1.0172449353325168 
23 56 8 3 1 16 2.8284271247461903 11.40175425099138 1.00343013448181 
23 55 8 3 1 15 2.8284271247461903 11.40175425099138 0.9822063737647901 
23 54 8 3 1 14 2.8284271247461903 10.0 0.968391572914083 
23 53 8 3 1 13 2.8284271247461903 10.0 0.9545767720633758 
23 52 8 3 1 12 2.8284271247461903 10.0 0.9540769204641745 
23 51 8 3 1 13 2.8284271247461903 10.0 0.9469195942392205 
23 50 8 3 1 13 2.8284271247461903 10.0 0.9331047933885133 
23 49 8 3 1 12 2.8284271247461903 10.0 0.8003379881320127 
23 48 8 4 1 12 2.8284271247461903 10.0 0.7931806619070585 
23 47 8 4 1 12 2.8284271247461903 10.0 0.7793658610563513 
23 46 8 4 1 11 2.8284271247461903 10.0 0.6465990557998508 
23 45 8 5 1 11 2.8284271247461903 10.0 0.6527566788264026 
23 44 8 5 1 13 2.8284271247461903 10.0 0.6406065989888143 
23 43 8 5 1 13 2.8284271247461903 9.055385138137417 0.6291723912429474 
23 42 8 5 1 13 2.8284271247461903 8.246211251235321 0.6087001157664873 
23 41 8 5 1 11 2.8284271247461903 8.246211251235321 0.5953315791433523 
23 40 8 5 1 11 2.8284271247461903 7.0710678118654755 0.5825131333415547 
23 39 8 5 1 11 2.8284271247461903 6.0 0.5686983324908478 
23 38 8 5 1 10 2.8284271247461903 6.0 0.40114459930797847 
23 34 8 6 1 8 2.8284271247461903 6.0 0.3873297984572713 
23 33 8 6 1 7 2.8284271247461903 6.0 0.37541034773053594 
23 32 8 6 1 7 2.8284271247461903 5.0990195135927845 0.2426435424740356 
23 31 8 7 1 7 2.8284271247461903 5.0990195135927845 0.21636240894507122 
23 30 8 7 1 5 2.8284271247461903 4.0 0.21796237140330574 
23 29 8 7 1 5 2.8284271247461903 5.656854249492381 0.20414757055259852 
23 28 8 7 1 4 2.8284271247461903 5.656854249492381 0.19699024432764428 
23 27 8 7 1 4 2.8284271247461903 5.656854249492381 0.18983291810269026 
23 26 8 7 1 4 2.8284271247461903 5.656854249492381 0.043751163594683826 
23 25 8 8 1 2 2.8284271247461903 5.656854249492381 0.030856554329860574 
23 24 8 8 1 1 2.8284271247461903 5.830951894845301 0.009859743681856386 
23 23 8 8 1 0 2.8284271247461903 4.47213595499958 0.03577649854754267 
23 24 8 8 1 3 2.8284271247461903 4.242640687119285 -0.09630174489135751 
23 22 8 9 1 1 2.8284271247461903 8.246211251235321 -0.11632775614024546 
23 21 8 9 1 0 2.8284271247461903 7.0710678118654755 0.02780183350040151 
23 23 8 8 1 4 2.8284271247461903 2.8284271247461903 -0.11632775614024546 
23 21 8 9 1 0 2.8284271247461903 7.0710678118654755 -0.0819378270493811 
23 23 8 9 1 4 2.8284271247461903 5.830951894845301 -0.1369876323912217 
23 21 8 9 1 0 2.8284271247461903 3.1622776601683795 0.0024366474910318056 
23 22 8 8 1 1 2.8284271247461903 3.1622776601683795 -0.1369876323912217 
23 21 8 9 1 0 2.8284271247461903 3.1622776601683795 -0.10959211232313823 
23 22 8 9 1 2 2.8284271247461903 4.47213595499958 -0.12675100021886984 
23 21 8 9 1 0 2.8284271247461903 5.0990195135927845 0.042433973173295614 
23 24 8 8 1 4 2.8284271247461903 4.242640687119285 0.006015805037630693 
23 22 8 8 1 0 2.8284271247461903 5.0990195135927845 0.021144358874648557 
23 23 8 8 1 3 2.8284271247461903 2.8284271247461903 0.006015805037630693 
23 22 8 8 1 0 2.8284271247461903 5.0990195135927845 0.01651721830760934 
23 23 8 8 1 1 2.8284271247461903 4.47213595499958 0.006015805037630693 
23 22 8 8 1 0 2.8284271247461903 5.0990195135927845 0.023174692933362294 
23 23 8 8 1 2 2.8284271247461903 4.47213595499958 0.0024366474910318056 
23 22 8 8 1 1 2.8284271247461903 3.1622776601683795 -0.1369876323912217 
23 21 8 9 1 0 2.8284271247461903 3.1622776601683795 0.0024366474910318056 
23 22 8 8 1 1 2.8284271247461903 3.1622776601683795 -0.1369876323912217 
23 21 8 9 1 0 2.8284271247461903 3.1622776601683795 0.05082897820711943 
23 24 8 8 1 4 2.8284271247461903 5.830951894845301 0.032965639330462135 
23 23 8 8 1 2 2.8284271247461903 6.324555320336759 -0.12675100021886984 
23 21 8 9 1 0 2.8284271247461903 5.0990195135927845 0.032965639330462135 
23 23 8 8 1 2 2.8284271247461903 6.324555320336759 -0.12675100021886984 
23 21 8 9 1 0 2.8284271247461903 5.0990195135927845 0.03445930812615447 
23 23 8 8 1 5 2.8284271247461903 2.8284271247461903 -0.11162244638185197 
23 22 8 9 1 3 2.8284271247461903 2.8284271247461903 -0.1369876323912217 
23 21 8 9 1 0 2.8284271247461903 3.1622776601683795 -0.0819378270493811 
23 23 8 9 1 4 2.8284271247461903 5.830951894845301 -0.1369876323912217 
23 21 8 9 1 0 2.8284271247461903 3.1622776601683795 -0.11162244638185197 
23 22 8 9 1 3 2.8284271247461903 2.8284271247461903 -0.139569535306252 
23 21 8 9 1 1 2.8284271247461903 1.4142135623730951 -1 
