140 138 0 0 14 17 16.0 16.0 0.0010000000000000425 
138 136 0 0 17 19 14.142135623730951 14.142135623730951 0.06429167967936832 
134 135 0 0 16 23 13.341664064126334 16.0 0.08455797594797351 
133 133 0 0 15 26 13.038404810405298 16.0 0.09080797594797349 
131 132 0 0 16 27 13.038404810405298 16.0 0.07975000000000006 
129 131 0 0 16 25 14.0 16.0 0.08599999999999995 
127 129 0 0 16 26 14.0 16.0 0.08600000000000005 
125 128 0 0 14 23 14.0 16.0 0.07975000000000003 
123 127 0 0 15 22 14.0 16.0 0.09225000000000001 
121 126 0 0 15 23 14.0 16.0 0.06725000000000006 
120 122 0 0 14 21 14.0 16.0 0.04847445783983803 
119 120 0 0 14 19 13.038404810405298 15.033296378372908 0.04366648189186452 
117 118 0 0 15 20 14.0 15.033296378372908 0.04991648189186451 
116 117 0 0 14 20 14.0 15.033296378372908 0.07972445783983814 
114 116 0 0 15 24 13.038404810405298 15.033296378372908 0.07347445783983801 
113 115 0 0 14 22 13.038404810405298 15.033296378372908 0.10472445783983807 
109 114 0 0 18 28 13.038404810405298 15.033296378372908 0.08597445783983806 
108 113 0 0 17 24 13.038404810405298 15.033296378372908 0.0922244578398381 
107 111 0 0 15 24 13.038404810405298 15.033296378372908 0.08597445783983806 
105 110 0 0 16 23 13.038404810405298 15.033296378372908 0.08597445783983804 
103 109 0 0 16 22 13.038404810405298 15.033296378372908 0.048474457839838 
103 105 0 0 17 21 13.038404810405298 15.033296378372908 0.06722445783983806 
99 104 0 0 15 19 13.038404810405298 15.033296378372908 0.07972445783983804 
98 103 0 0 14 20 13.038404810405298 15.033296378372908 0.15472445783983804 
96 102 0 0 14 31 13.038404810405298 15.033296378372908 0.17972445783983815 
90 101 0 0 16 32 13.038404810405298 15.033296378372908 0.12972445783983802 
88 100 0 0 15 22 13.038404810405298 15.033296378372908 0.14222445783983811 
86 99 0 0 15 23 13.038404810405298 15.033296378372908 0.1547244578398381 
84 98 0 0 14 23 13.038404810405298 15.033296378372908 0.260974457839838 
82 97 1 0 16 21 13.038404810405298 15.033296378372908 0.2672244578398381 
80 96 2 1 16 21 13.038404810405298 15.033296378372908 0.285974457839838 
76 95 2 1 16 21 13.038404810405298 15.033296378372908 0.304724457839838 
74 94 2 1 14 21 13.038404810405298 15.033296378372908 0.3036664818918645 
73 93 2 1 14 20 12.0 15.033296378372908 0.3084396768059283 
72 92 2 1 13 19 11.045361017187261 15.033296378372908 0.3459396768059282 
71 91 2 1 13 25 11.045361017187261 15.033296378372908 0.4470231949140637 
69 90 3 1 13 21 11.045361017187261 14.0 0.4476723746970178 
68 89 3 1 12 21 12.165525060596439 14.0 0.4539223746970179 
66 88 3 1 12 21 12.165525060596439 14.0 0.4547152189660903 
65 87 3 1 12 21 11.045361017187261 13.038404810405298 0.4661920240520265 
64 86 3 1 12 22 10.0 13.038404810405298 0.48966509836133937 
63 85 3 1 12 25 9.055385138137417 13.038404810405298 0.4286920240520264 
61 81 3 1 12 18 10.0 13.038404810405298 0.44119202405202645 
57 80 3 1 13 18 10.0 13.038404810405298 0.5849420240520264 
53 79 4 1 13 18 10.0 13.038404810405298 0.6411920240520265 
49 78 4 1 9 20 10.0 13.038404810405298 0.6661920240520265 
47 77 4 1 8 22 10.0 13.038404810405298 0.6724420240520266 
46 76 4 1 7 22 10.0 13.038404810405298 0.6749609677958499 
45 75 4 1 8 22 8.246211251235321 13.038404810405298 0.5437109677958498 
44 74 4 2 7 20 8.246211251235321 13.038404810405298 0.5495866849926992 
43 73 4 2 7 20 7.0710678118654755 13.038404810405298 0.655836684992699 
41 72 5 2 8 17 7.0710678118654755 13.038404810405298 0.6808366849926991 
39 71 5 2 5 17 7.0710678118654755 13.038404810405298 0.6808366849926991 
37 70 5 2 6 17 7.0710678118654755 13.038404810405298 0.6933366849926991 
35 69 5 2 3 15 7.0710678118654755 13.038404810405298 0.6986920240520265 
34 68 5 2 3 15 6.0 13.038404810405298 0.7031969264840625 
33 67 5 2 3 15 5.0990195135927845 13.038404810405298 0.7094469264840625 
32 66 5 2 3 16 5.0990195135927845 13.038404810405298 0.8238325277350182 
31 65 6 2 3 15 5.0990195135927845 12.165525060596439 0.6957169455279845 
30 63 6 3 2 14 4.47213595499958 12.165525060596439 0.6957169455279845 
30 62 6 3 2 15 4.47213595499958 12.165525060596439 0.6859612819559057 
30 61 6 3 1 14 5.656854249492381 12.649110640673518 0.6856348734283697 
30 60 6 3 2 15 4.47213595499958 12.649110640673518 0.6734612819559057 
30 59 6 3 1 14 5.656854249492381 12.649110640673518 0.5356348734283698 
30 57 6 4 2 14 4.47213595499958 12.649110640673518 0.523474500007495 
30 56 6 4 1 14 5.656854249492381 11.40175425099138 0.6484745000074951 
28 55 7 4 2 14 5.656854249492381 11.40175425099138 0.654724500007495 
27 54 7 4 1 14 5.656854249492381 11.40175425099138 0.6617955678193606 
26 53 7 4 1 14 4.242640687119285 11.40175425099138 0.6421973829541149 
26 52 7 4 2 12 3.1622776601683795 11.40175425099138 0.6367955678193606 
26 51 7 4 1 12 4.242640687119285 11.40175425099138 0.6296973829541149 
26 50 7 4 2 12 3.1622776601683795 11.40175425099138 0.49304556781936043 
26 49 7 5 1 11 4.242640687119285 11.40175425099138 0.4859473829541151 
26 48 7 5 2 11 3.1622776601683795 11.40175425099138 0.4805455678193605 
26 47 7 5 1 11 4.242640687119285 11.40175425099138 0.4549288068350861 
26 46 7 5 2 9 3.1622776601683795 10.198039027185569 0.4495269917003315 
26 45 7 5 1 9 4.242640687119285 10.198039027185569 0.436178806835086 
26 44 7 5 2 8 3.1622776601683795 10.198039027185569 0.4307769917003314 
26 43 7 5 1 8 4.242640687119285 10.198039027185569 0.4236788068350859 
26 42 7 5 2 8 3.1622776601683795 10.198039027185569 0.41827699170033145 
26 41 7 5 1 8 4.242640687119285 10.198039027185569 0.279928806835086 
26 40 7 6 2 7 3.1622776601683795 10.198039027185569 0.27452699170033146 
26 39 7 6 1 7 4.242640687119285 10.198039027185569 0.267428806835086 
26 38 7 6 2 7 3.1622776601683795 10.198039027185569 0.2620269917003314 
26 37 7 6 1 7 4.242640687119285 10.198039027185569 0.25492880683508595 
26 36 7 6 2 7 3.1622776601683795 10.198039027185569 0.24327699170033143 
26 35 7 6 1 6 4.242640687119285 10.198039027185569 0.23046553738984524 
26 34 7 6 2 6 3.1622776601683795 9.055385138137417 0.22506372225509072 
26 33 7 6 1 6 4.242640687119285 9.055385138137417 0.08671553738984517 
26 32 7 7 2 5 3.1622776601683795 9.055385138137417 0.0710178528205802 
26 31 7 7 1 4 4.242640687119285 8.246211251235321 0.06391966795533473 
26 30 7 7 2 4 3.1622776601683795 8.246211251235321 -0.07898214717941977 
26 29 7 8 1 2 4.242640687119285 8.246211251235321 -0.08923252277152227 
26 28 7 8 2 2 3.1622776601683795 7.615773105863909 -0.09665769068095656 
26 27 7 8 1 2 4.242640687119285 7.211102550927978 -0.10445604924151454 
26 26 7 8 2 2 3.1622776601683795 7.0710678118654755 -0.1169289321881345 
26 25 7 8 1 2 4.242640687119285 5.656854249492381 -0.12315662882661534 
26 24 7 8 2 2 3.1622776601683795 5.830951894845301 -0.13535252366059847 
26 23 7 8 1 2 4.242640687119285 4.47213595499958 -0.13570604924151453 
26 22 7 8 2 1 3.1622776601683795 7.0710678118654755 -0.272357864376269 
26 21 7 9 1 0 4.242640687119285 7.0710678118654755 -0.29275 
26 21 7 9 2 0 3.1622776601683795 3.1622776601683795 -0.23567893218813446 
26 24 7 9 1 4 4.242640687119285 5.656854249492381 -0.24190662882661532 
26 23 7 9 2 4 3.1622776601683795 5.830951894845301 -0.2666025236605985 
26 22 7 9 1 2 4.242640687119285 4.47213595499958 -0.29275 
26 21 7 9 2 0 3.1622776601683795 3.1622776601683795 -0.11774999999999998 
26 24 7 8 1 4 4.242640687119285 4.242640687119285 -0.15525000000000003 
26 22 7 8 2 1 3.1622776601683795 3.1622776601683795 -0.2919018151347545 
26 21 7 9 1 0 4.242640687119285 3.1622776601683795 -0.29524032048897647 
26 21 7 9 2 1 3.1622776601683795 1.4142135623730951 -1 
