140 138 0 0 14 17 16.0 16.0 0.03997635195266522 
138 136 0 0 17 15 14.142135623730951 13.341664064126334 0.08953594195331363 
134 135 0 0 16 18 15.033296378372908 15.033296378372908 0.10198513194367397 
132 133 0 0 16 20 15.033296378372908 15.033296378372908 0.12105176060014385 
130 131 0 0 16 23 15.033296378372908 15.033296378372908 0.10703119592606537 
128 129 0 0 16 21 15.033296378372908 15.033296378372908 0.11150764739430409 
126 127 0 0 14 20 15.033296378372908 15.033296378372908 0.09787992639115523 
125 126 0 0 14 18 15.033296378372908 15.033296378372908 0.10472874420148856 
123 125 0 0 15 19 15.033296378372908 15.033296378372908 0.1105604955257391 
121 123 0 0 15 20 15.033296378372908 15.033296378372908 0.12900290136705583 
120 121 0 0 14 23 15.033296378372908 15.033296378372908 0.14028234742904827 
119 120 0 0 14 24 14.0 15.033296378372908 0.1335568713490855 
117 118 0 0 15 24 14.0 15.033296378372908 0.14572125508236922 
116 117 0 0 14 25 14.0 15.033296378372908 0.13080440949549402 
114 116 0 0 15 22 13.038404810405298 15.033296378372908 0.11649903856433914 
113 115 0 0 14 19 13.038404810405298 15.033296378372908 0.11576677833533276 
112 113 0 0 14 20 13.038404810405298 15.033296378372908 0.12725351214061068 
111 112 0 0 12 20 13.038404810405298 15.033296378372908 0.26578157107252043 
107 111 1 0 14 21 13.038404810405298 15.033296378372908 0.2600731614786403 
105 110 1 0 16 21 13.038404810405298 15.033296378372908 0.2646030400597318 
104 108 1 0 14 21 13.038404810405298 15.033296378372908 0.26387077983072527 
103 106 1 0 14 22 13.038404810405298 15.033296378372908 0.26410215897494893 
101 105 1 0 15 22 13.038404810405298 15.033296378372908 0.2687891566482093 
100 104 1 0 15 22 12.0 15.033296378372908 0.2557856584602136 
98 103 1 0 16 20 12.0 15.033296378372908 0.25000053355492224 
97 102 1 0 16 20 12.0 14.0 0.25549405150924376 
95 101 1 0 15 19 12.0 14.0 0.26885345375998143 
91 100 1 0 16 19 12.0 14.0 0.2947700834149325 
87 99 1 0 16 20 12.0 14.0 0.32923024729430567 
81 98 1 0 19 23 12.0 14.0 0.45298899381846514 
80 96 2 0 19 24 12.0 14.0 0.49594048553401626 
74 95 2 0 15 22 12.0 14.0 0.6610985804689227 
73 94 3 0 17 30 12.0 14.0 0.6659144484952383 
71 93 3 0 15 28 12.0 14.0 0.5183105780831979 
69 89 3 1 14 26 12.0 14.0 0.5027354801519764 
68 88 3 1 14 23 11.045361017187261 14.0 0.48147325399663493 
67 86 3 1 13 20 11.045361017187261 14.0 0.5015569491391878 
65 85 3 1 14 23 11.045361017187261 14.0 0.4871981510951802 
63 84 3 1 13 19 11.045361017187261 14.0 0.4864658908661737 
62 82 3 1 13 20 11.045361017187261 14.0 0.4853953972672383 
61 81 3 1 12 19 11.045361017187261 14.0 0.46413198792374916 
60 77 3 1 12 19 11.045361017187261 14.0 0.5160010036536912 
59 76 3 1 11 26 11.045361017187261 14.0 0.46165040097965343 
58 72 3 1 11 21 11.045361017187261 14.0 0.5798087753237863 
57 71 4 1 12 21 11.045361017187261 14.0 0.5953871526413871 
55 70 4 1 10 20 10.198039027185569 14.0 0.600934097708561 
54 69 4 1 9 20 10.198039027185569 14.0 0.5876509541384664 
54 68 4 1 8 18 10.0 14.0 0.5662443880376234 
52 66 4 1 9 16 10.295630140987 14.0 0.5724689830328036 
51 65 4 1 9 17 10.295630140987 14.0 0.717097112041375 
50 64 5 1 10 21 10.295630140987 14.0 0.7279344136705262 
49 63 5 1 10 21 8.0 14.0 0.7136290427393714 
48 62 5 1 9 18 8.0 14.0 0.593566603778853 
47 61 5 2 8 18 8.0 14.0 0.5931737601079234 
46 60 5 2 8 18 8.0 14.0 0.5990589385450265 
45 58 5 2 8 20 8.0 14.0 0.451131261146609 
44 57 5 3 8 16 7.0710678118654755 14.0 0.4507384174756795 
43 56 5 3 8 16 7.0710678118654755 14.0 0.45034557380475 
42 55 5 3 8 16 7.0710678118654755 14.0 0.32366569617812163 
41 54 5 4 7 15 7.0710678118654755 14.0 0.32983686406044904 
39 53 5 4 7 15 7.0710678118654755 14.0 0.3277267928121094 
38 51 5 4 7 15 6.0 14.0 0.33174151532278623 
37 50 5 4 7 15 5.0990195135927845 14.0 0.3344153648980981 
36 49 5 4 7 15 4.47213595499958 14.0 0.3438178877925727 
34 48 5 4 6 15 4.0 13.038404810405298 0.3536427552150072 
33 47 5 4 5 17 5.830951894845301 13.038404810405298 0.477687491184391 
31 46 6 4 5 16 5.830951894845301 13.038404810405298 0.3703028824021972 
29 45 6 5 2 15 5.656854249492381 13.038404810405298 0.21087404481494956 
28 43 6 6 2 11 5.656854249492381 13.038404810405298 0.2970846412583723 
27 41 7 6 1 7 5.656854249492381 11.045361017187261 0.30361008268365 
26 40 7 6 1 7 4.242640687119285 11.045361017187261 0.2915767686931379 
26 39 7 6 2 7 3.1622776601683795 10.198039027185569 0.28692877530845134 
26 38 7 6 1 6 3.1622776601683795 10.770329614269007 0.27403213134616095 
26 37 7 6 2 6 3.1622776601683795 10.770329614269007 0.14966308921796734 
25 36 7 7 2 6 2.8284271247461903 10.770329614269007 0.15193705042186847 
23 35 8 8 0 5 4.47213595499958 10.770329614269007 0.13376597890873923 
23 34 8 8 1 4 2.8284271247461903 9.486832980505138 0.13746005274169892 
22 33 8 8 1 4 1.4142135623730951 8.94427190999916 0.24947205800559305 
21 32 9 8 0 4 5.0990195135927845 8.94427190999916 0.254601360599749 
21 31 9 8 1 4 1.4142135623730951 8.94427190999916 1 
