140 138 0 0 14 17 16.0 16.0 0.07826647274358062 
138 136 0 0 17 21 14.0 14.142135623730951 0.12984491454187674 
134 132 0 0 16 26 13.038404810405298 16.0 0.12285112227577644 
132 131 0 0 16 24 13.038404810405298 16.0 0.10930500344404906 
130 130 0 0 16 21 13.038404810405298 16.0 0.13507284400608455 
128 129 0 0 16 24 13.038404810405298 16.0 0.16087503061596287 
126 128 0 0 14 26 14.142135623730951 16.0 0.17430682765208166 
125 127 0 0 14 28 14.0 16.0 0.16258439306183298 
123 125 0 0 15 28 14.0 15.033296378372908 0.1505302894254546 
121 124 0 0 15 26 15.033296378372908 15.033296378372908 0.14960499252104034 
120 123 0 0 14 25 15.033296378372908 15.033296378372908 0.18705800684728685 
119 122 0 0 14 30 14.0 15.033296378372908 0.15411488130706336 
117 120 0 0 15 26 14.0 15.033296378372908 0.15974191096827628 
116 119 0 0 14 26 14.0 15.033296378372908 0.11925606604916573 
114 118 0 0 16 20 13.038404810405298 15.033296378372908 0.12033862978882193 
110 117 0 0 19 20 13.038404810405298 15.033296378372908 0.13795757851679524 
109 116 0 0 16 20 13.038404810405298 15.033296378372908 0.18345493460401796 
108 115 0 0 16 27 13.038404810405298 15.033296378372908 0.20267044860042638 
106 114 0 0 16 29 13.038404810405298 15.033296378372908 0.21314706076211348 
102 113 0 0 15 27 13.341664064126334 15.033296378372908 0.1837380083207651 
101 107 0 0 14 26 12.165525060596439 15.033296378372908 0.17762736959511338 
100 106 0 0 14 25 12.0 15.033296378372908 0.05144467607145925 
98 104 0 1 14 25 12.0 15.033296378372908 0.05163211323153888 
97 103 0 1 15 26 12.0 15.033296378372908 0.0113928569333617 
96 102 0 1 14 19 12.0 15.033296378372908 0.01750371779851581 
94 101 0 1 14 19 12.0 15.033296378372908 0.03169093466942641 
90 100 0 1 17 21 12.0 15.033296378372908 0.1570714816631235 
89 99 1 1 19 23 12.0 15.033296378372908 0.177950397975279 
83 98 1 1 19 22 12.0 14.142135623730951 0.28423033230434147 
82 97 2 1 22 22 12.0 14.142135623730951 0.4788529321305868 
74 95 3 1 16 22 12.0 13.341664064126334 0.4969557120625012 
72 94 3 1 14 22 12.0 13.341664064126334 0.5486364648431838 
70 92 3 1 14 30 12.0 13.341664064126334 0.5506896146350224 
69 91 3 1 13 30 12.0 12.649110640673518 0.48917613145073113 
68 89 3 1 13 21 11.045361017187261 12.649110640673518 0.5139037737765786 
67 88 3 1 11 23 11.045361017187261 12.649110640673518 0.5336756548052339 
65 87 3 1 12 26 11.045361017187261 12.649110640673518 0.5457523048789303 
59 85 3 1 12 24 11.045361017187261 12.649110640673518 0.6545506893828761 
58 84 4 1 13 23 11.045361017187261 12.083045973594572 0.6464441630522819 
56 83 4 1 11 19 11.045361017187261 12.083045973594572 0.6520711927134948 
55 82 4 1 10 19 11.045361017187261 12.083045973594572 0.6427471578842803 
54 81 4 1 10 17 10.198039027185569 12.083045973594572 0.647974090523649 
53 80 4 1 10 17 9.055385138137417 12.083045973594572 0.6530447531526149 
52 79 4 1 8 16 9.055385138137417 12.083045973594572 0.6641747689500145 
51 78 4 1 8 18 8.0 10.770329614269007 0.6651311274562434 
50 77 4 1 7 17 7.615773105863909 10.770329614269007 0.680534409075509 
49 76 4 1 7 19 7.0710678118654755 10.770329614269007 0.6941652589141727 
45 75 4 1 9 20 7.0710678118654755 10.770329614269007 0.8133322388895724 
41 74 5 1 12 19 7.0710678118654755 10.770329614269007 0.9490356038532893 
40 73 6 1 9 18 7.0710678118654755 10.770329614269007 0.9666545525812625 
39 72 6 1 6 18 7.0710678118654755 10.770329614269007 0.9597332961434679 
38 71 6 1 6 17 7.0710678118654755 10.770329614269007 0.9563583414449921 
37 70 6 1 5 16 7.0710678118654755 10.295630140987 0.9601936608246696 
33 69 6 1 6 17 10.295630140987 10.295630140987 0.9787215092082034 
32 68 6 1 6 16 5.0990195135927845 10.295630140987 0.8533915767606576 
30 67 6 2 7 16 5.0990195135927845 10.295630140987 1.002127059027323 
28 66 7 2 4 16 5.0990195135927845 10.295630140987 1.0071403031927233 
27 65 7 2 4 16 4.0 10.295630140987 1.0162409662744656 
25 64 7 2 2 14 3.1622776601683795 10.295630140987 1.1672744524984247 
24 63 8 2 3 19 3.1622776601683795 10.295630140987 1.165192400022115 
23 61 8 2 2 18 2.0 10.295630140987 1.1537302970975025 
23 60 8 2 1 17 2.8284271247461903 10.295630140987 1.1531375090097793 
23 58 8 2 1 19 2.8284271247461903 10.295630140987 1.1397364618346633 
23 57 8 2 1 18 2.8284271247461903 10.295630140987 1.1263354146595475 
23 56 8 2 1 17 2.8284271247461903 10.295630140987 1.1060856468749427 
23 54 8 2 1 16 2.8284271247461903 10.295630140987 1.092684599699827 
23 53 8 2 1 15 2.8284271247461903 10.295630140987 0.9469899981359028 
23 51 8 3 1 14 2.8284271247461903 10.295630140987 0.9331676754698937 
23 50 8 3 1 14 2.8284271247461903 8.94427190999916 0.939120297184337 
23 49 8 3 1 17 2.8284271247461903 7.615773105863909 0.919166923443594 
23 48 8 3 1 15 2.8284271247461903 7.615773105863909 0.7803210424891587 
23 47 8 4 1 14 2.8284271247461903 7.615773105863909 0.7641090767350008 
23 46 8 4 1 13 2.8284271247461903 7.0710678118654755 0.7572603561255119 
23 45 8 4 1 13 2.8284271247461903 7.0710678118654755 0.743859308950396 
23 44 8 4 1 12 2.8284271247461903 7.0710678118654755 0.6115657545615878 
23 43 8 5 1 12 2.8284271247461903 7.0710678118654755 0.598164707386472 
23 42 8 5 1 11 2.8284271247461903 7.0710678118654755 0.5851899069313697 
23 40 8 5 1 11 2.8284271247461903 7.211102550927978 0.5803185397614452 
23 39 8 5 1 12 2.8284271247461903 6.324555320336759 0.5734698191519565 
23 38 8 5 1 12 2.8284271247461903 6.324555320336759 0.5666210985424678 
23 37 8 5 1 12 2.8284271247461903 6.324555320336759 0.5767293634264207 
23 36 8 5 1 14 2.8284271247461903 7.0710678118654755 0.5695842487730705 
23 34 8 5 1 15 2.8284271247461903 7.0710678118654755 0.3708782465964059 
23 30 8 6 1 8 2.8284271247461903 7.0710678118654755 0.21207899190122753 
23 28 8 7 1 5 2.8284271247461903 7.0710678118654755 0.07978543751241911 
23 27 8 8 1 5 2.8284271247461903 7.0710678118654755 0.053705983926062933 
23 25 8 8 1 3 2.8284271247461903 7.211102550927978 0.03973507969948057 
23 24 8 8 1 3 2.8284271247461903 5.830951894845301 0.022328916449768144 
23 23 8 8 1 1 2.8284271247461903 6.324555320336759 0.009155892760405373 
23 22 8 8 1 1 2.8284271247461903 5.0990195135927845 -0.13968442687230465 
23 21 8 9 1 0 2.8284271247461903 3.1622776601683795 -0.11297160897447235 
23 22 8 9 1 2 2.8284271247461903 4.47213595499958 -0.12968998819402996 
23 21 8 9 1 0 2.8284271247461903 5.0990195135927845 -0.000838545917869301 
23 22 8 8 1 1 2.8284271247461903 3.1622776601683795 -0.12968998819402996 
23 21 8 9 1 0 2.8284271247461903 5.0990195135927845 -0.000838545917869301 
23 22 8 8 1 1 2.8284271247461903 3.1622776601683795 -0.12968998819402996 
23 21 8 9 1 0 2.8284271247461903 5.0990195135927845 0.010839685850492081 
23 23 8 8 1 2 2.8284271247461903 2.8284271247461903 -0.00985932450032091 
23 22 8 8 1 1 2.8284271247461903 1.4142135623730951 -0.12968998819402996 
23 21 8 9 1 0 2.8284271247461903 5.0990195135927845 0.010839685850492081 
23 23 8 8 1 2 2.8284271247461903 2.8284271247461903 -0.12968998819402996 
23 21 8 9 1 0 2.8284271247461903 5.0990195135927845 -0.14215287888912911 
23 21 8 9 1 1 2.8284271247461903 1.4142135623730951 -1 
