140 138 0 0 14 17 16.0 16.0 0.035473674375169975 
138 136 0 0 17 22 14.142135623730951 14.142135623730951 0.054930760380243915 
134 134 0 0 16 20 13.341664064126334 16.0 0.04327858704916926 
133 133 0 0 15 17 13.038404810405298 16.0 0.06913316395496567 
131 132 0 0 16 21 13.038404810405298 16.0 0.08189776608274775 
129 131 0 0 16 22 13.038404810405298 16.0 0.06387887037170477 
127 127 0 0 16 22 13.038404810405298 15.033296378372908 0.09816590790148051 
125 126 0 0 14 26 15.033296378372908 15.033296378372908 0.10483681663470311 
123 125 0 0 15 27 15.033296378372908 15.033296378372908 0.09202319453238668 
121 124 0 0 15 24 15.033296378372908 15.033296378372908 0.09166296672053507 
120 123 0 0 14 23 15.033296378372908 15.033296378372908 0.0774270143755239 
119 121 0 0 14 21 14.0 15.033296378372908 0.06491425493617259 
117 120 0 0 15 19 14.0 15.033296378372908 0.07734313923937017 
116 119 0 0 14 20 14.0 15.033296378372908 0.07597225413028726 
114 118 0 0 15 19 13.038404810405298 15.033296378372908 0.09479569449100946 
113 117 0 0 14 21 13.038404810405298 15.033296378372908 0.10782630412013693 
112 116 0 0 15 24 13.038404810405298 15.033296378372908 0.10107152025076073 
111 115 0 0 14 22 13.038404810405298 15.033296378372908 0.090380525642849 
110 114 0 0 15 22 13.038404810405298 14.142135623730951 0.10250854728308158 
109 113 0 0 13 22 13.038404810405298 14.142135623730951 0.10917945601630406 
107 112 0 0 14 23 13.038404810405298 14.142135623730951 0.23386736336972602 
106 111 1 0 14 23 13.038404810405298 14.142135623730951 0.2650918558672397 
104 110 1 0 14 27 13.038404810405298 14.0 0.27543552137979543 
103 109 1 0 13 27 12.165525060596439 14.0 0.2689816001733841 
102 108 1 0 13 26 12.165525060596439 14.0 0.2817462023011663 
100 107 1 0 13 27 12.165525060596439 14.0 0.43322861832815796 
90 106 2 0 16 25 12.165525060596439 14.0 0.5265454707198868 
89 105 3 0 18 22 12.165525060596439 14.0 0.564495007369704 
88 103 3 0 12 23 12.0 14.142135623730951 0.5513805226044227 
86 102 3 0 11 19 12.0 14.142135623730951 0.5621278268882668 
85 101 3 0 10 19 11.045361017187261 14.142135623730951 0.549279349624331 
84 100 3 0 10 17 11.045361017187261 14.142135623730951 0.5495557023000289 
82 99 3 0 11 17 11.045361017187261 14.142135623730951 0.5536794978091403 
81 98 3 0 11 17 10.198039027185569 14.142135623730951 0.5485335927394477 
77 97 3 0 15 17 10.198039027185569 14.142135623730951 0.5485787930754199 
73 96 3 0 15 14 10.198039027185569 14.142135623730951 0.6235534901238972 
69 95 3 0 9 17 10.198039027185569 14.142135623730951 0.6693328811746756 
63 94 3 0 12 22 10.198039027185569 14.142135623730951 0.6351418393934556 
59 90 3 0 15 19 9.486832980505138 14.142135623730951 0.8043953419714434 
55 89 4 0 14 22 9.486832980505138 14.142135623730951 0.9480706203193328 
51 88 5 0 13 21 9.486832980505138 14.142135623730951 0.9797877382799628 
47 87 5 0 12 22 9.486832980505138 14.142135623730951 1.1639769184290762 
41 86 6 0 9 23 8.94427190999916 14.142135623730951 1.3116077005979354 
40 85 7 0 6 23 8.0 14.142135623730951 1.2937965660392758 
39 84 7 0 5 20 8.94427190999916 14.142135623730951 1.2781810134955875 
38 83 7 0 5 17 7.0710678118654755 13.038404810405298 1.2720540520030001 
36 82 7 0 4 15 8.246211251235321 13.038404810405298 1.2795309272935003 
34 81 7 0 4 16 8.246211251235321 12.0 1.2468596913238164 
33 75 7 0 3 16 8.246211251235321 10.770329614269007 1.2532297373940742 
31 74 7 0 3 16 8.246211251235321 10.770329614269007 1.3718239513529367 
30 73 8 0 4 16 8.246211251235321 10.770329614269007 1.4348163169011618 
29 72 8 0 3 24 7.0710678118654755 10.770329614269007 1.4217304914911006 
27 71 8 0 3 20 5.830951894845301 10.770329614269007 1.4469484879093477 
26 70 8 0 2 23 5.830951894845301 10.770329614269007 1.5524240677349754 
25 69 9 0 1 20 7.0710678118654755 10.770329614269007 1.4303805960678453 
25 68 9 1 1 20 5.0990195135927845 10.770329614269007 1.4238918196998145 
25 67 9 1 1 20 5.0990195135927845 10.770329614269007 1.4237975993893082 
25 66 9 1 1 21 5.0990195135927845 10.770329614269007 1.39144793785966 
25 62 9 1 1 20 5.0990195135927845 10.770329614269007 1.2461522224939552 
24 60 9 2 2 18 4.0 10.770329614269007 1.283583591385237 
22 59 9 2 1 21 2.8284271247461903 10.770329614269007 1.2905060850880417 
21 58 9 2 1 21 1.4142135623730951 10.770329614269007 1 
