140 139 0 0 14 19 16.0 16.0 0.03332393087923635 
138 137 0 0 17 22 13.038404810405298 14.142135623730951 0.054240044441575735 
134 135 0 0 16 20 12.0 16.0 0.06804961071178524 
132 133 0 0 16 23 13.038404810405298 16.0 0.056976616519934756 
130 131 0 0 16 22 14.0 16.0 0.0570614222993691 
128 130 0 0 16 21 14.0 16.0 0.07580966602630425 
126 129 0 0 14 21 14.0 16.0 0.08774913962043518 
125 128 0 0 14 23 14.142135623730951 16.0 0.09500012419196241 
123 127 0 0 15 24 14.0 16.0 0.11545607375387094 
121 126 0 0 15 27 14.0 15.033296378372908 0.11012948790035865 
120 124 0 0 14 27 15.033296378372908 15.033296378372908 0.10897023495126479 
119 123 0 0 14 26 14.0 15.033296378372908 0.0855699743847479 
117 119 0 0 15 26 14.0 14.142135623730951 0.08544182449306197 
116 118 0 0 14 25 14.0 14.142135623730951 0.09677109792878164 
114 117 0 0 15 26 13.038404810405298 14.142135623730951 0.10295915474133081 
113 116 0 0 14 26 13.038404810405298 14.142135623730951 0.09701293598173451 
111 115 0 0 16 26 13.038404810405298 14.142135623730951 0.10305840171168144 
110 114 0 0 14 25 13.038404810405298 14.142135623730951 0.11591821198218819 
108 113 0 0 15 27 13.038404810405298 14.142135623730951 0.10933126430366498 
107 112 0 0 13 24 13.038404810405298 14.142135623730951 0.11566191219881637 
106 111 0 0 13 25 13.038404810405298 14.142135623730951 0.12860839015432374 
104 109 0 0 15 29 13.038404810405298 14.142135623730951 0.08952139724232135 
103 107 0 0 15 23 12.0 14.142135623730951 0.05788814359517461 
101 101 0 0 16 23 12.0 14.142135623730951 0.02016237683419901 
99 99 0 0 17 18 12.0 14.142135623730951 0.17778701952650147 
91 98 1 0 22 21 12.0 14.142135623730951 0.20859731233149792 
89 97 1 0 16 19 12.0 14.142135623730951 0.28426364289063316 
88 96 1 0 15 30 12.0 14.142135623730951 0.23381879503618674 
86 95 1 0 15 21 12.0 14.142135623730951 0.22772998519398807 
84 94 1 0 16 20 12.0 14.142135623730951 0.20929208220295747 
80 93 1 0 18 16 12.0 14.142135623730951 0.32852693255022386 
79 92 2 0 23 20 12.0 14.142135623730951 0.5794687649800305 
71 91 3 0 18 28 12.0 14.142135623730951 0.5790698741140566 
69 89 3 0 15 25 12.0 14.142135623730951 0.6293287867736491 
68 88 3 0 13 31 12.0 14.142135623730951 0.7293298348430058 
67 87 4 0 16 30 12.0 14.142135623730951 0.7673100189422842 
63 86 4 0 15 32 12.0 14.142135623730951 0.754477229148044 
61 85 4 0 13 27 12.0 14.142135623730951 0.6926795638174147 
55 84 4 0 20 19 12.0 14.142135623730951 0.7428490084932512 
54 83 5 1 20 27 12.0 14.142135623730951 0.8050921580201218 
46 82 5 1 10 20 12.0 14.142135623730951 0.8097150583267766 
45 81 5 1 9 19 11.045361017187261 14.142135623730951 0.8159031151393258 
44 80 5 1 8 19 11.045361017187261 14.142135623730951 0.8337525256341481 
43 79 5 1 8 21 10.0 14.142135623730951 0.8319534077632793 
42 77 5 1 7 20 9.055385138137417 14.142135623730951 0.8372202929253185 
41 76 5 1 7 20 8.0 14.142135623730951 0.8355416399562602 
40 75 5 1 7 19 7.0710678118654755 14.142135623730951 0.8415871056862072 
39 74 5 1 5 18 7.0710678118654755 14.142135623730951 0.8416015468771235 
38 73 5 1 5 18 7.0710678118654755 14.142135623730951 0.8358860498037874 
37 72 5 1 4 17 7.0710678118654755 13.038404810405298 0.8295283608928672 
36 70 5 1 4 17 7.0710678118654755 13.038404810405298 0.8041102050740383 
35 66 5 1 4 16 7.0710678118654755 13.038404810405298 0.9188031228843075 
34 64 6 1 4 17 7.0710678118654755 11.045361017187261 1.043854180193918 
32 63 7 1 5 17 7.0710678118654755 11.045361017187261 0.9185277197056976 
31 62 7 2 4 16 7.0710678118654755 11.045361017187261 0.8058336726259473 
30 61 7 3 3 17 7.0710678118654755 11.045361017187261 0.8174948140706149 
29 60 7 3 3 18 6.0 11.045361017187261 0.8314997049886735 
27 59 7 3 3 18 4.47213595499958 11.045361017187261 0.8378904618496953 
26 58 7 3 2 17 3.1622776601683795 11.045361017187261 0.8505373164490818 
25 57 7 3 2 19 3.1622776601683795 11.045361017187261 0.9753754180875721 
24 56 8 3 2 19 3.1622776601683795 11.045361017187261 0.9769087765577809 
23 55 8 3 1 18 2.8284271247461903 11.045361017187261 0.8327059224509393 
23 54 8 4 1 16 2.8284271247461903 11.045361017187261 0.8263337923491026 
23 53 8 4 1 16 2.8284271247461903 11.045361017187261 0.6884471449464963 
23 52 8 5 1 15 2.8284271247461903 11.045361017187261 0.6630704713343527 
23 50 8 5 1 13 2.8284271247461903 11.045361017187261 0.6397765829261524 
23 49 8 5 1 11 2.8284271247461903 10.198039027185569 0.6334044528243157 
23 48 8 5 1 11 2.8284271247461903 10.198039027185569 0.627032322722479 
23 47 8 5 1 11 2.8284271247461903 10.198039027185569 0.6206601926206423 
23 46 8 5 1 11 2.8284271247461903 10.198039027185569 0.6069693352841634 
23 45 8 5 1 10 2.8284271247461903 10.0 0.5790307737318782 
23 43 8 5 1 9 2.8284271247461903 8.246211251235321 0.5642358165451336 
23 41 8 5 2 9 2.0 8.246211251235321 0.5599143834263681 
23 40 8 5 1 9 2.8284271247461903 8.246211251235321 0.5472260466202963 
23 39 8 5 1 8 2.8284271247461903 8.246211251235321 0.5312903589850264 
23 37 8 5 1 8 2.8284271247461903 7.615773105863909 0.5186020221789547 
23 36 8 5 1 7 2.8284271247461903 7.615773105863909 0.3870315814805835 
23 35 8 6 1 7 2.8284271247461903 7.615773105863909 0.3680270379702766 
23 34 8 6 1 5 2.8284271247461903 7.615773105863909 0.23014039056767022 
23 33 8 7 1 4 2.8284271247461903 7.615773105863909 0.22376826046583354 
23 32 8 7 1 4 2.8284271247461903 7.615773105863909 0.21534759202718504 
23 31 8 7 1 4 2.8284271247461903 7.211102550927978 0.20897546192534835 
23 30 8 7 1 4 2.8284271247461903 7.211102550927978 0.201894442758182 
23 29 8 7 1 4 2.8284271247461903 7.0710678118654755 0.19552231265634532 
23 28 8 7 1 4 2.8284271247461903 7.0710678118654755 0.18199109805077157 
23 27 8 7 1 4 2.8284271247461903 5.656854249492381 0.17018408482138206 
23 26 8 7 1 3 2.8284271247461903 5.830951894845301 0.15749574801531027 
23 25 8 7 1 2 2.8284271247461903 5.830951894845301 0.025925307316938977 
23 24 8 8 1 2 2.8284271247461903 5.830951894845301 0.015735708133279538 
23 23 8 8 1 1 2.8284271247461903 6.324555320336759 -0.00315658162323142 
23 22 8 8 1 0 2.8284271247461903 5.0990195135927845 0.03855772072540917 
23 24 8 8 1 4 2.8284271247461903 5.830951894845301 0.022051914837514633 
23 23 8 8 1 2 2.8284271247461903 6.324555320336759 -0.13472702232160275 
23 21 8 9 1 0 2.8284271247461903 5.0990195135927845 0.022051914837514633 
23 23 8 8 1 2 2.8284271247461903 6.324555320336759 -0.13472702232160275 
23 21 8 9 1 0 2.8284271247461903 5.0990195135927845 -0.14706417737723418 
23 21 8 9 1 1 2.8284271247461903 1.4142135623730951 -1 
