140 139 0 0 14 19 16.0 16.0 0.18268522033590084 
138 137 0 0 17 17 13.038404810405298 14.142135623730951 0.23260776727435178 
134 136 0 0 16 20 14.142135623730951 16.0 0.25765952962514416 
132 134 0 0 16 24 14.142135623730951 16.0 0.24172109253798546 
130 132 0 0 16 22 14.142135623730951 16.0 0.26093546814157165 
128 131 0 0 16 24 14.142135623730951 16.0 0.27795848582428107 
126 130 0 0 14 24 14.142135623730951 16.0 0.31849436200705855 
125 129 0 0 14 30 14.0 16.0 0.3104833037866634 
123 127 0 0 15 30 14.0 16.0 0.29553917985862366 
121 126 0 0 15 27 14.0 16.0 0.30696938207358143 
120 125 0 0 14 28 14.0 16.0 0.28471975579282305 
119 124 0 0 14 25 13.038404810405298 15.033296378372908 0.26624926481228556 
117 123 0 0 15 23 14.0 15.033296378372908 0.264016067214593 
116 122 0 0 14 22 14.0 15.033296378372908 0.24795796835360234 
114 121 0 0 15 19 13.038404810405298 15.033296378372908 0.30037837000651146 
113 120 0 0 14 26 13.038404810405298 15.033296378372908 0.31495240362464927 
111 119 0 0 16 29 13.038404810405298 15.033296378372908 0.2842967274412175 
110 118 0 0 14 23 13.038404810405298 15.033296378372908 0.2831592088039634 
109 117 0 0 14 23 13.038404810405298 15.033296378372908 0.2693107638363619 
107 116 0 0 15 21 13.038404810405298 15.033296378372908 0.27316448773617824 
106 115 0 0 15 21 12.0 15.033296378372908 0.2729794425812273 
104 114 0 0 16 21 12.0 15.033296378372908 0.2591309976136259 
102 113 0 0 17 19 12.0 15.033296378372908 0.2802503201818185 
98 112 0 0 19 21 12.0 15.033296378372908 0.4603583671790882 
90 111 1 0 22 25 12.0 15.033296378372908 0.628515311412855 
82 109 2 0 15 20 12.0 15.033296378372908 0.6685040595246619 
81 108 2 0 14 26 12.0 14.0 0.6776911718347264 
80 107 2 0 13 26 11.045361017187261 14.0 0.6911695264924257 
78 106 2 0 14 28 11.045361017187261 14.0 0.6617651722310283 
72 104 2 0 14 20 11.045361017187261 14.142135623730951 0.8927169245496869 
68 103 3 0 13 32 11.045361017187261 14.142135623730951 0.9040039212865094 
66 102 3 0 12 32 11.045361017187261 14.142135623730951 0.9165298024619057 
65 101 3 0 12 34 11.045361017187261 14.142135623730951 0.8880654841993507 
64 100 3 0 12 30 11.045361017187261 14.142135623730951 0.914111559709262 
62 99 3 0 12 33 11.045361017187261 14.142135623730951 0.9050466622052442 
61 98 3 0 11 31 11.045361017187261 14.142135623730951 0.9566040349458875 
60 97 3 0 10 39 11.40175425099138 13.038404810405298 0.9691797260646373 
59 96 3 0 11 41 10.198039027185569 13.038404810405298 0.8979268845723913 
57 95 3 0 12 31 10.770329614269007 13.038404810405298 1.005621627620926 
51 94 4 0 11 23 10.770329614269007 13.038404810405298 1.1409295812510314 
47 93 5 0 10 21 10.770329614269007 13.038404810405298 1.1679567832750024 
45 92 5 0 10 23 9.486832980505138 13.341664064126334 1.3275909106053643 
43 91 6 0 6 24 9.486832980505138 13.341664064126334 1.345085705954081 
42 89 6 0 6 27 8.246211251235321 13.341664064126334 1.3688528990823836 
40 88 6 0 5 28 7.0710678118654755 13.341664064126334 1.3318734229732216 
39 87 6 0 5 22 6.0 13.341664064126334 1.3239042044296423 
38 86 6 0 5 21 6.0 13.341664064126334 1.301734883037984 
37 84 6 0 5 20 6.0 12.165525060596439 1.3347558639323558 
36 83 6 0 5 25 6.0 12.165525060596439 1.4226715346525907 
35 82 7 0 4 19 6.0 12.165525060596439 1.4226296949757749 
34 81 7 0 5 20 6.0 12.165525060596439 1.4340598971907326 
33 80 7 0 4 21 6.0 12.165525060596439 1.4315170503044705 
32 79 7 0 5 21 5.0990195135927845 12.165525060596439 1.3122939887179113 
30 78 7 1 3 20 5.830951894845301 12.165525060596439 1.3237241909328692 
29 77 7 1 2 21 5.830951894845301 12.165525060596439 1.1702603216108822 
28 75 7 2 4 19 4.47213595499958 12.165525060596439 1.1804516393872666 
26 74 7 2 2 18 4.47213595499958 12.165525060596439 1.3036214885995658 
25 73 8 2 2 18 4.47213595499958 12.165525060596439 1.3076843138757894 
24 72 8 2 1 17 3.1622776601683795 12.165525060596439 1.3092471749637675 
23 71 8 2 2 18 2.8284271247461903 12.165525060596439 1.4328319306829893 
21 70 9 2 0 17 5.0990195135927845 12.165525060596439 1.4301497481952616 
21 69 9 2 1 16 1.4142135623730951 12.165525060596439 1 
