140 139 0 0 14 17 16.0 16.0 0.11530566393857805 
138 138 0 0 17 20 13.341664064126334 14.142135623730951 0.1398842152876958 
134 136 0 0 16 19 12.649110640673518 16.0 0.17656614102637647 
133 135 0 0 15 24 13.038404810405298 16.0 0.1899649415279102 
131 134 0 0 16 26 13.038404810405298 16.0 0.18273203429970925 
129 133 0 0 16 24 13.038404810405298 16.0 0.18213839460925862 
127 132 0 0 16 23 13.038404810405298 16.0 0.13284925594431105 
125 126 0 0 14 19 13.038404810405298 15.033296378372908 0.14310049476389636 
123 125 0 0 15 22 15.033296378372908 15.033296378372908 0.15531919302148728 
121 123 0 0 15 24 15.033296378372908 15.033296378372908 0.16071463703379896 
120 122 0 0 14 24 15.033296378372908 15.033296378372908 0.18517181690852177 
119 121 0 0 14 27 14.0 15.033296378372908 0.15826881505609483 
117 119 0 0 15 24 14.0 15.033296378372908 0.17102410274119614 
116 117 0 0 14 27 14.0 14.0 0.1825011692542517 
114 116 0 0 15 28 13.038404810405298 14.0 0.17461807819106268 
113 115 0 0 14 26 13.038404810405298 14.0 0.1749860516061208 
111 113 0 0 16 28 13.038404810405298 14.0 0.1597497878886977 
110 112 0 0 14 24 13.038404810405298 14.0 0.15258060194199263 
109 111 0 0 14 23 13.038404810405298 14.0 0.18635622504727745 
103 110 0 0 16 25 13.038404810405298 14.0 0.22559819058332864 
101 109 0 0 16 30 13.038404810405298 14.0 0.2853444212861227 
97 108 0 0 17 37 13.038404810405298 14.0 0.29806543225632215 
95 107 0 0 16 37 13.038404810405298 14.142135623730951 0.4360628895762484 
93 106 1 0 16 39 13.038404810405298 13.038404810405298 0.4215405309753091 
92 105 1 0 15 36 13.038404810405298 13.038404810405298 0.4720099293460287 
91 103 2 0 15 26 13.038404810405298 13.038404810405298 0.4780555571933284 
89 102 2 0 15 26 13.038404810405298 13.038404810405298 0.4697062690026804 
88 100 2 0 14 25 13.038404810405298 13.038404810405298 0.45675097237299156 
87 98 2 0 13 24 13.038404810405298 12.165525060596439 0.4672407737446379 
86 97 2 0 12 24 12.0 12.165525060596439 0.4536163069677115 
84 95 2 0 13 23 12.0 12.165525060596439 0.40254315853612455 
83 91 2 0 12 17 11.045361017187261 12.165525060596439 0.4359800270769425 
79 89 2 0 14 22 11.045361017187261 12.165525060596439 0.4406270635418654 
77 85 2 0 14 25 11.045361017187261 12.165525060596439 0.4772592344423544 
73 84 2 0 14 27 10.198039027185569 12.165525060596439 0.5017948546699372 
71 83 2 0 12 28 10.198039027185569 12.165525060596439 0.3690044743313914 
70 82 2 1 12 27 10.198039027185569 12.165525060596439 0.4085678246976503 
69 81 2 1 11 32 10.0 12.165525060596439 0.3435695493715865 
68 77 2 1 12 27 10.0 11.40175425099138 0.32240792323289685 
67 76 2 1 11 23 10.0 11.40175425099138 0.314524832169708 
66 75 2 1 10 21 10.0 11.40175425099138 0.29160587546991507 
65 73 2 1 10 18 9.055385138137417 11.40175425099138 0.29708981555856595 
64 71 2 1 9 20 10.295630140987 11.40175425099138 0.32460132167811717 
60 69 2 1 12 25 10.295630140987 11.40175425099138 0.41301668556395044 
59 68 3 1 18 25 10.295630140987 11.40175425099138 0.47697857005802247 
53 67 3 1 11 22 8.246211251235321 11.40175425099138 0.5684636758991868 
52 66 4 1 12 18 8.246211251235321 11.40175425099138 0.5738591199114984 
51 65 4 1 11 18 8.246211251235321 11.40175425099138 0.44636773206002456 
50 63 4 2 11 18 7.0710678118654755 11.40175425099138 0.4576885384936026 
49 62 4 2 9 18 7.0710678118654755 11.40175425099138 0.43752832523895446 
48 61 4 2 9 16 7.0710678118654755 10.198039027185569 0.4428600479697702 
46 60 4 2 8 15 7.0710678118654755 10.198039027185569 0.43410092732615213 
45 58 5 3 8 15 7.0710678118654755 10.198039027185569 0.42621783626296317 
44 57 5 3 7 13 7.0710678118654755 10.198039027185569 0.41312328789499164 
43 56 5 3 8 12 7.0710678118654755 10.198039027185569 0.4185187319073034 
42 55 5 3 7 12 7.0710678118654755 10.198039027185569 0.4216511630627445 
41 54 5 3 7 12 6.324555320336759 10.198039027185569 0.42112124465378975 
40 53 5 3 7 12 6.324555320336759 10.198039027185569 0.4234139832243883 
38 52 5 3 7 12 6.324555320336759 9.486832980505138 0.4325219893648508 
36 51 5 3 6 12 6.324555320336759 8.94427190999916 0.5350299167691646 
35 50 6 3 9 12 6.324555320336759 8.246211251235321 0.5582884974441906 
34 49 6 3 6 12 5.0990195135927845 8.246211251235321 0.5603572479245352 
33 48 6 3 5 12 5.0990195135927845 7.615773105863909 0.6866593284205704 
32 47 7 3 4 12 5.830951894845301 7.615773105863909 0.6765054165562742 
32 46 7 3 4 11 5.0990195135927845 7.615773105863909 0.663236642781486 
31 45 7 3 5 11 5.0990195135927845 6.324555320336759 0.6752713543315478 
30 44 7 3 4 12 5.0990195135927845 6.324555320336759 0.6801331657094942 
29 43 7 3 4 12 4.0 6.324555320336759 0.6923364799349534 
28 42 7 3 5 13 4.0 8.602325267042627 0.8355079158451524 
27 41 8 3 4 15 4.0 8.602325267042627 0.8342640923197137 
26 40 8 3 3 14 4.0 8.602325267042627 0.7273168770156853 
25 39 8 4 2 16 4.0 8.602325267042627 0.7162728065748889 
24 38 8 4 2 16 3.1622776601683795 5.830951894845301 0.7015271563562244 
23 37 8 4 2 13 2.0 5.830951894845301 0.6841610343633533 
22 36 8 4 1 12 5.0990195135927845 5.656854249492381 0.8230892879625593 
21 34 9 4 0 13 3.1622776601683795 5.656854249492381 0.7987165653772423 
21 33 9 4 1 10 1.4142135623730951 5.656854249492381 1 
