140 138 0 0 14 17 16.0 16.0 0.02798229891503458 
138 137 0 0 17 22 14.142135623730951 14.142135623730951 0.10417208065815912 
134 136 0 0 16 28 13.341664064126334 16.0 0.13708527021940653 
133 135 0 0 15 32 13.038404810405298 16.0 0.08051765702176421 
131 134 0 0 16 23 13.038404810405298 16.0 0.07422747816008303 
129 133 0 0 16 21 13.038404810405298 16.0 0.05828467421983406 
127 132 0 0 16 19 14.0 15.033296378372908 0.09703853039871879 
125 130 0 0 14 24 15.033296378372908 15.033296378372908 0.12855574548113097 
123 129 0 0 15 29 15.033296378372908 15.033296378372908 0.1411408869651756 
121 128 0 0 15 30 15.033296378372908 15.033296378372908 0.14737103263071819 
120 127 0 0 14 30 15.033296378372908 15.033296378372908 0.10219727290680115 
119 126 0 0 14 22 14.0 15.033296378372908 0.09595250365008469 
117 124 0 0 15 22 14.0 15.033296378372908 0.10218264931562716 
116 123 0 0 14 22 14.0 15.033296378372908 0.12131245372795467 
110 122 0 0 18 24 14.0 15.033296378372908 0.13995588653272312 
109 121 0 0 14 23 14.0 15.033296378372908 0.12731071185253967 
108 120 0 0 13 20 14.0 15.033296378372908 0.07687494411669635 
106 116 1 1 14 15 14.0 15.033296378372908 0.10678728842529224 
105 115 1 1 13 18 13.038404810405298 15.033296378372908 0.10061061606889406 
103 114 1 1 15 18 13.038404810405298 15.033296378372908 0.113378955545434 
99 113 1 1 18 20 13.038404810405298 15.033296378372908 0.11961716491515591 
95 111 1 1 17 18 13.038404810405298 15.033296378372908 0.11961229038476458 
94 110 1 1 17 18 13.038404810405298 15.033296378372908 0.1302625916690745 
93 109 1 1 17 19 12.165525060596439 15.033296378372908 0.10505659240135193 
92 105 1 1 17 18 12.165525060596439 15.033296378372908 0.11123645393153825 
90 104 1 1 15 16 12.165525060596439 15.033296378372908 0.16169868084688843 
86 103 1 1 17 23 12.165525060596439 15.033296378372908 0.19926931271963322 
84 101 1 1 14 26 12.165525060596439 15.033296378372908 0.21927869237497194 
82 100 1 1 14 28 11.045361017187261 14.142135623730951 0.26332270110189304 
80 99 1 1 14 34 11.045361017187261 14.142135623730951 0.22575688800408858 
76 93 1 1 18 34 11.045361017187261 14.142135623730951 0.24937319490381932 
75 87 2 1 20 25 11.045361017187261 14.0 0.13674281159938934 
69 86 2 2 17 19 11.045361017187261 14.0 0.1680346082581295 
65 84 2 2 14 19 11.045361017187261 14.0 0.17415771653567438 
63 83 2 2 11 16 11.045361017187261 14.0 0.19190524746728427 
62 82 2 2 10 17 10.0 14.0 0.0667676036541686 
60 80 2 3 9 16 10.0 14.0 0.16957805529697528 
59 78 3 3 10 15 10.0 13.341664064126334 0.16321331041769044 
58 76 3 3 9 14 10.0 13.341664064126334 0.17579198278444974 
57 75 3 3 9 16 10.0 13.341664064126334 0.17579357737134388 
55 74 3 3 9 15 10.0 13.341664064126334 0.2784325087295573 
54 72 4 3 10 14 10.0 12.649110640673518 0.309779464054045 
52 71 4 3 8 16 10.0 12.649110640673518 0.31443983231254186 
51 70 4 3 7 15 9.055385138137417 12.649110640673518 0.32066997797808433 
50 69 4 3 6 15 9.055385138137417 12.649110640673518 0.326952002365877 
48 67 4 3 6 16 9.055385138137417 12.649110640673518 0.44287662136948674 
47 66 5 3 8 17 9.055385138137417 12.083045973594572 0.5615316869637507 
45 65 6 3 8 15 9.055385138137417 12.083045973594572 0.5676483261240101 
44 64 6 3 5 13 9.055385138137417 12.083045973594572 0.5729191725734345 
43 63 6 3 5 13 8.0 12.083045973594572 0.5729142980430432 
42 62 6 3 5 13 8.0 12.083045973594572 0.5792011969612273 
41 61 6 3 5 14 8.0 12.083045973594572 0.7041480360040665 
39 60 7 3 5 13 8.0 12.083045973594572 0.5773670938472609 
38 59 7 4 4 11 7.0710678118654755 12.083045973594572 0.5711271991209358 
37 58 7 4 5 11 7.0710678118654755 12.083045973594572 0.5773005915338367 
36 57 7 4 3 10 7.0710678118654755 12.083045973594572 0.5889416068988722 
35 56 7 4 3 11 6.0 12.083045973594572 0.47022058668729144 
33 55 7 5 4 12 6.0 12.083045973594572 0.4764507323528339 
32 54 7 5 3 12 6.0 12.083045973594572 0.47254692003378396 
31 53 7 5 3 11 5.0990195135927845 11.661903789690601 0.4662438029375322 
31 52 7 5 3 11 5.0990195135927845 11.661903789690601 0.45994068584128 
31 51 7 5 3 11 5.0990195135927845 11.661903789690601 0.4473457952964527 
31 50 7 5 3 10 5.0990195135927845 11.661903789690601 0.4410426782002007 
31 49 7 5 3 10 5.0990195135927845 11.661903789690601 0.4271437491045805 
31 48 7 5 3 9 5.0990195135927845 11.40175425099138 0.4208406320083285 
31 47 7 5 3 9 5.0990195135927845 11.40175425099138 0.4082457414635012 
31 46 7 5 3 8 5.0990195135927845 11.40175425099138 0.4019426243672491 
31 45 7 5 3 8 5.0990195135927845 11.40175425099138 0.3893477338224218 
31 44 7 5 3 7 5.0990195135927845 11.40175425099138 0.38304461672616974 
31 43 7 5 3 7 5.0990195135927845 11.40175425099138 0.3704497261813424 
31 42 7 5 3 6 5.0990195135927845 11.40175425099138 0.35712010582404086 
31 41 7 5 3 6 5.0990195135927845 10.0 0.3508169887277889 
31 40 7 5 3 6 5.0990195135927845 10.0 0.34457709400146375 
30 39 7 5 4 6 5.0990195135927845 10.0 0.47575248412295135 
29 38 8 5 3 6 5.0990195135927845 10.0 0.47574760959256 
28 37 8 5 3 6 5.0990195135927845 10.0 0.356165436611396 
27 36 8 6 3 6 4.0 10.0 0.3498687886324294 
26 35 8 6 3 5 4.0 10.0 0.3555951376052558 
25 34 8 6 2 5 4.0 9.899494936611665 0.3602817152156285 
24 33 8 6 2 5 3.1622776601683795 10.0 0.36608690225853474 
23 32 8 6 2 5 2.0 10.0 0.35487156130969155 
23 31 8 6 1 5 2.8284271247461903 8.602325267042627 0.32471582564264717 
23 30 8 6 1 4 2.8284271247461903 5.0990195135927845 0.31212093509781985 
23 29 8 6 1 3 2.8284271247461903 5.0990195135927845 0.3003088179819458 
23 28 8 6 1 3 2.8284271247461903 4.0 0.30583853201855626 
23 27 8 6 1 2 2.8284271247461903 7.615773105863909 0.3058271883708796 
23 26 8 6 1 3 2.8284271247461903 7.615773105863909 0.16816115632636072 
23 25 8 7 1 2 2.8284271247461903 7.615773105863909 0.15872643146764379 
23 24 8 7 1 1 2.8284271247461903 8.246211251235321 0.011427811074971324 
23 23 8 8 1 0 2.8284271247461903 6.324555320336759 0.021060399423124702 
23 23 8 8 1 0 2.8284271247461903 8.246211251235321 0.03364394632027533 
23 23 8 8 1 2 2.8284271247461903 8.246211251235321 0.015158473169336242 
23 22 8 8 1 1 2.8284271247461903 7.0710678118654755 -0.1225075588751826 
23 21 8 9 1 0 2.8284271247461903 7.0710678118654755 -0.09095049777599988 
23 23 8 9 1 4 2.8284271247461903 5.830951894845301 -0.10736290062382137 
23 22 8 9 1 2 2.8284271247461903 6.324555320336759 -0.13239274651699667 
23 21 8 9 1 0 2.8284271247461903 5.0990195135927845 -0.10736290062382137 
23 22 8 9 1 2 2.8284271247461903 6.324555320336759 -0.1225075588751826 
23 21 8 9 1 0 2.8284271247461903 7.0710678118654755 0.02730937518233379 
23 23 8 8 1 4 2.8284271247461903 4.47213595499958 0.021450246617911554 
23 22 8 8 1 2 2.8284271247461903 7.0710678118654755 -0.13239274651699667 
23 21 8 9 1 0 2.8284271247461903 5.0990195135927845 -0.10736290062382137 
23 22 8 9 1 2 2.8284271247461903 6.324555320336759 -0.13239274651699667 
23 21 8 9 1 0 2.8284271247461903 5.0990195135927845 0.02401135797212195 
23 23 8 8 1 2 2.8284271247461903 6.324555320336759 0.015158473169336242 
23 22 8 8 1 1 2.8284271247461903 7.0710678118654755 -0.13239274651699667 
23 21 8 9 1 0 2.8284271247461903 5.0990195135927845 -0.09891214574157976 
23 23 8 9 1 4 2.8284271247461903 4.242640687119285 -0.11664843031076016 
23 22 8 9 1 2 2.8284271247461903 4.47213595499958 -0.14210095531270628 
23 21 8 9 1 0 2.8284271247461903 3.1622776601683795 -0.09095049777599988 
23 23 8 9 1 4 2.8284271247461903 5.830951894845301 -0.14210095531270628 
23 21 8 9 1 0 2.8284271247461903 3.1622776601683795 -0.13239274651699667 
23 21 8 9 1 0 2.8284271247461903 5.0990195135927845 0.014725828285183165 
23 23 8 8 1 2 2.8284271247461903 4.47213595499958 -0.13239274651699667 
23 21 8 9 1 0 2.8284271247461903 5.0990195135927845 -0.09891214574157976 
23 23 8 9 1 4 2.8284271247461903 4.242640687119285 -0.11859599371300811 
23 22 8 9 1 3 2.8284271247461903 2.8284271247461903 -0.14210095531270628 
23 21 8 9 1 0 2.8284271247461903 3.1622776601683795 -0.13239274651699667 
23 21 8 9 1 0 2.8284271247461903 5.0990195135927845 -0.11664843031076016 
23 22 8 9 1 2 2.8284271247461903 4.47213595499958 -0.13239274651699667 
23 21 8 9 1 0 2.8284271247461903 5.0990195135927845 0.04671553426851908 
23 24 8 8 1 5 2.8284271247461903 5.830951894845301 -0.09095049777599988 
23 23 8 9 1 4 2.8284271247461903 5.830951894845301 -0.1225075588751826 
23 21 8 9 1 0 2.8284271247461903 7.0710678118654755 0.021017601733758474 
23 23 8 8 1 3 2.8284271247461903 4.47213595499958 0.008866699720760929 
23 22 8 8 1 0 2.8284271247461903 7.0710678118654755 0.032462112854363886 
23 24 8 8 1 4 2.8284271247461903 4.242640687119285 0.012778264882935205 
23 23 8 8 1 3 2.8284271247461903 2.8284271247461903 0.015158473169336242 
23 22 8 8 1 1 2.8284271247461903 7.0710678118654755 -0.1225075588751826 
23 21 8 9 1 0 2.8284271247461903 7.0710678118654755 -0.13239274651699667 
23 21 8 9 1 0 2.8284271247461903 5.0990195135927845 -0.09891214574157976 
23 23 8 9 1 4 2.8284271247461903 4.242640687119285 -0.11859599371300811 
23 22 8 9 1 3 2.8284271247461903 2.8284271247461903 -1 
