140 138 0 0 14 17 16.0 16.0 0.09839512330620559 
138 136 0 0 17 17 14.142135623730951 14.142135623730951 0.15148165440268535 
134 134 0 0 16 20 13.038404810405298 16.0 0.15683458991638533 
132 132 0 0 16 21 13.038404810405298 16.0 0.1540223092468668 
130 130 0 0 16 21 13.341664064126334 16.0 0.1274808662495335 
128 128 0 0 16 18 13.341664064126334 15.033296378372908 0.13026620967732233 
126 127 0 0 14 17 15.033296378372908 15.033296378372908 0.1568888826433153 
122 126 0 0 15 19 15.033296378372908 15.033296378372908 0.3275023472741927 
121 125 1 0 15 26 15.033296378372908 15.033296378372908 0.3260380082846932 
120 124 1 0 14 25 15.033296378372908 15.033296378372908 0.29853471868463977 
118 123 1 0 14 20 15.033296378372908 15.033296378372908 0.31073816267647836 
117 122 1 0 13 21 14.0 14.142135623730951 0.2961141871227618 
116 120 1 0 13 20 14.0 14.142135623730951 0.32219710014429437 
115 119 1 0 13 24 14.0 14.142135623730951 0.314756477913969 
113 118 1 0 13 22 14.0 14.142135623730951 0.3081128845350383 
111 117 1 0 14 21 14.0 14.142135623730951 0.3073598180946221 
109 116 1 0 14 20 14.0 14.142135623730951 0.30455757377432946 
108 114 1 0 13 20 14.0 14.0 0.3420135092570303 
107 113 1 0 13 25 13.038404810405298 14.0 0.34205747166800893 
105 112 1 0 14 25 13.038404810405298 14.0 0.3504650171556504 
104 111 1 0 13 26 13.038404810405298 13.341664064126334 0.33469950420534905 
102 110 1 0 14 23 12.165525060596439 13.341664064126334 0.3466102767956681 
101 109 1 0 13 24 12.165525060596439 13.341664064126334 0.3257748561258762 
99 108 1 0 15 22 12.165525060596439 13.038404810405298 0.3170509157167384 
98 106 1 0 13 20 12.0 13.038404810405298 0.30969604978872445 
97 105 1 0 13 19 12.0 13.038404810405298 0.30974001219970326 
95 104 1 0 14 19 12.0 13.038404810405298 0.3150929477134031 
93 102 1 0 14 20 12.0 13.038404810405298 0.3470663876734503 
92 101 1 0 13 24 12.0 13.038404810405298 0.47854828115148107 
84 100 2 0 15 20 12.0 13.038404810405298 0.4851082867477461 
80 99 2 0 16 19 12.0 13.038404810405298 0.5360900963191919 
76 98 2 0 14 22 12.0 13.038404810405298 0.6274545095370284 
75 97 2 0 12 34 12.0 13.038404810405298 0.6385682532759526 
74 96 2 0 10 34 12.0 13.038404810405298 0.7114707417502968 
73 95 2 0 10 45 11.045361017187261 12.165525060596439 0.6273265555277519 
71 93 2 0 10 32 10.198039027185569 12.165525060596439 0.621479991000216 
69 92 2 0 12 32 10.198039027185569 12.165525060596439 0.7385072530095071 
67 91 3 0 12 30 10.198039027185569 12.165525060596439 0.801086436043539 
65 87 4 0 13 24 10.198039027185569 12.165525060596439 0.8245209936039528 
61 86 4 0 10 22 10.198039027185569 12.165525060596439 0.6973845262166178 
60 85 4 1 9 21 10.198039027185569 12.165525060596439 0.7497252863514988 
58 84 4 1 11 29 9.055385138137417 12.0 0.7490579762133943 
57 83 4 1 11 29 9.055385138137417 12.0 0.747507880921583 
55 82 4 1 10 27 9.055385138137417 12.0 0.7709914077694998 
51 81 4 1 9 26 8.0 12.0 0.7811575188524396 
50 77 4 1 8 30 8.0 12.0 0.8114557932202243 
48 76 4 1 9 35 8.0 11.40175425099138 0.7677048767013217 
47 75 4 1 8 27 7.0710678118654755 11.40175425099138 0.7677488391123004 
45 74 4 1 9 27 7.0710678118654755 11.40175425099138 0.7787768265489133 
43 73 4 1 7 26 7.0710678118654755 11.40175425099138 0.7971178860222072 
39 72 4 1 6 25 7.0710678118654755 11.40175425099138 0.9209184601237194 
38 71 5 1 6 25 7.0710678118654755 11.40175425099138 0.7804068811565659 
37 70 5 2 5 22 7.0710678118654755 11.40175425099138 0.7715833421758461 
36 69 5 2 5 20 6.0 11.40175425099138 0.7508533646680133 
35 68 5 2 5 17 6.0 11.40175425099138 0.8602241344197034 
33 67 6 2 8 17 6.0 10.770329614269007 0.8825452682595298 
31 65 6 2 7 19 5.0990195135927845 10.770329614269007 0.8928619831470591 
30 64 6 2 4 18 5.0990195135927845 10.770329614269007 0.9078081430641379 
28 63 6 2 3 19 5.830951894845301 10.770329614269007 0.9105053241891272 
27 62 6 2 2 19 5.830951894845301 10.295630140987 1.0343058982906392 
26 61 7 2 2 19 5.830951894845301 10.295630140987 1.00639460583542 
25 59 7 2 2 17 5.830951894845301 9.055385138137417 1.1360857068754466 
24 58 8 2 1 17 5.830951894845301 9.055385138137417 1.1589664600466096 
23 57 8 2 0 20 6.324555320336759 9.055385138137417 1.1542513642978636 
23 55 8 2 1 21 4.47213595499958 9.055385138137417 0.9684491587722317 
22 49 8 3 1 18 5.0990195135927845 9.055385138137417 1.0847651482324394 
21 48 9 3 0 16 5.0990195135927845 9.055385138137417 1.095666091246394 
21 46 9 3 1 18 1.4142135623730951 9.055385138137417 1 
