140 138 0 0 14 17 16.0 16.0 0.04124985111304849 
138 136 0 0 17 18 14.142135623730951 14.142135623730951 0.08635722012503533 
134 135 0 0 16 19 13.341664064126334 16.0 0.08908763287127838 
132 133 0 0 16 20 14.0 16.0 0.1404582946226698 
130 131 0 0 16 28 14.0 16.0 0.1596308058564524 
128 130 0 0 16 30 14.0 16.0 0.1843620048723672 
126 129 0 0 14 31 14.0 16.0 0.16972149366860834 
125 125 0 0 14 32 14.142135623730951 16.0 0.15043738509659785 
123 124 0 0 15 29 14.142135623730951 16.0 0.14366278657421536 
121 123 0 0 15 27 14.142135623730951 16.0 0.12996340798720907 
120 122 0 0 14 24 14.142135623730951 16.0 0.12214802539612794 
119 121 0 0 14 22 13.038404810405298 16.0 0.11583747170219993 
117 120 0 0 15 21 13.038404810405298 16.0 0.12808520287135866 
116 119 0 0 14 22 13.038404810405298 16.0 0.14552132157124675 
114 118 0 0 15 24 12.165525060596439 16.0 0.13807298374568444 
113 116 0 0 14 23 12.165525060596439 16.0 0.12530169481558712 
112 115 0 0 15 22 12.165525060596439 16.0 0.1180890936676221 
111 114 0 0 14 20 12.165525060596439 16.0 0.10575580736310732 
109 113 0 0 16 19 12.165525060596439 16.0 0.11338489881558228 
108 112 0 0 14 19 12.0 15.033296378372908 0.12099751177768572 
107 111 0 0 14 21 13.038404810405298 15.033296378372908 0.12117373552279907 
105 110 0 0 15 21 13.038404810405298 15.033296378372908 0.12042186961100335 
103 109 0 0 14 19 13.038404810405298 15.033296378372908 0.13264355857729013 
101 108 0 0 13 19 13.038404810405298 15.033296378372908 0.18332186734937003 
99 107 0 0 11 24 13.038404810405298 15.033296378372908 0.2552646033466476 
95 106 0 0 13 34 13.038404810405298 15.033296378372908 0.25497678226330633 
93 105 0 0 13 33 13.038404810405298 15.033296378372908 0.43213719333405765 
89 104 1 0 15 40 13.038404810405298 15.033296378372908 0.34937671863347897 
85 103 1 0 15 25 13.038404810405298 14.142135623730951 0.381548826948216 
84 102 1 0 15 30 13.038404810405298 14.142135623730951 0.5901629511515206 
78 101 2 0 15 38 13.038404810405298 14.142135623730951 0.7103887883676124 
68 95 3 0 12 31 12.165525060596439 13.038404810405298 0.7355840322119817 
66 94 3 0 11 33 12.165525060596439 13.038404810405298 0.8117134080824291 
65 93 3 0 10 43 11.045361017187261 13.038404810405298 0.8216351986338867 
64 92 3 0 9 43 10.198039027185569 13.038404810405298 0.8545107192885136 
62 90 4 0 8 28 10.198039027185569 13.038404810405298 0.9664634504797674 
54 88 5 0 10 22 10.198039027185569 13.038404810405298 0.9847339142595128 
53 87 5 0 8 23 10.198039027185569 13.038404810405298 0.9779593157371304 
51 86 5 0 8 21 10.198039027185569 13.038404810405298 1.0161541566624541 
50 85 5 0 7 26 10.198039027185569 13.038404810405298 1.0091438214624744 
48 83 5 0 7 25 10.198039027185569 13.038404810405298 1.0035461873392322 
47 82 5 0 7 25 10.198039027185569 12.0 1.0153168444906258 
46 80 6 1 7 28 10.198039027185569 12.0 0.99213634051693 
45 79 6 1 6 23 9.486832980505138 12.0 0.9918745616364607 
44 78 6 1 6 23 9.486832980505138 12.0 0.9978377813145635 
42 76 6 1 6 24 9.486832980505138 12.0 1.0040627798731356 
41 75 6 1 6 25 9.486832980505138 12.0 0.852234764999684 
40 73 6 2 6 22 9.486832980505138 12.0 0.8389994312411322 
39 72 6 2 6 20 9.486832980505138 12.0 0.9758991275980164 
37 71 7 2 5 20 9.486832980505138 12.0 1.1084567450149143 
36 70 8 2 4 20 9.055385138137417 12.0 1.1068907348765185 
35 69 8 2 4 19 8.0 12.0 1.1062851221254928 
34 68 8 2 4 19 7.0710678118654755 11.045361017187261 1.1185328532946515 
33 67 8 2 3 20 7.0710678118654755 11.045361017187261 1.1122222996007234 
31 66 8 2 4 19 7.0710678118654755 11.045361017187261 1.116277457918445 
30 65 8 2 3 19 6.324555320336759 10.0 1.104661919084108 
30 64 8 2 3 18 6.0 10.0 1.1018977526848266 
30 63 8 2 3 18 6.0 10.770329614269007 1.1081487934462704 
30 62 8 2 3 20 6.0 10.770329614269007 1.102854150844289 
28 61 8 2 4 18 4.47213595499958 10.770329614269007 1.0984500949872278 
28 60 8 2 4 18 4.0 10.770329614269007 1.0921655834961719 
27 59 8 2 5 18 4.0 10.770329614269007 1.1031957675596773 
25 58 8 2 4 18 4.242640687119285 10.770329614269007 1.0961792095868392 
23 56 8 2 3 15 2.8284271247461903 10.770329614269007 1.2410457248215598 
21 55 9 2 0 15 3.1622776601683795 10.295630140987 1.2433712525852578 
21 54 9 2 1 16 1.4142135623730951 10.295630140987 1 
