140 139 0 0 14 19 16.0 16.0 0.02554657822630166 
138 137 0 0 17 22 13.038404810405298 14.142135623730951 0.02868584322357874 
134 133 0 0 16 21 13.341664064126334 15.033296378372908 0.026661350272132248 
132 132 0 0 16 21 15.033296378372908 15.033296378372908 0.051975149980524424 
130 131 0 0 16 24 15.033296378372908 15.033296378372908 0.0709794678781525 
128 129 0 0 16 27 15.033296378372908 15.033296378372908 0.08980919599948296 
126 128 0 0 14 27 15.033296378372908 15.033296378372908 0.06646988476163505 
125 126 0 0 14 25 15.033296378372908 14.142135623730951 0.06041043473295993 
123 125 0 0 15 24 15.033296378372908 14.142135623730951 0.07943054616306147 
121 124 0 0 15 26 15.033296378372908 14.142135623730951 0.054206434394418204 
120 122 0 0 14 22 15.033296378372908 14.142135623730951 0.05943397245929942 
119 121 0 0 14 22 14.0 14.142135623730951 0.07854927554378671 
117 120 0 0 15 25 14.0 14.142135623730951 0.10998415181223219 
116 119 0 0 14 29 14.0 14.142135623730951 0.12131952350733272 
114 118 0 0 15 30 13.038404810405298 14.142135623730951 0.10869858182774413 
113 117 0 0 14 27 13.038404810405298 14.142135623730951 0.09014694689687332 
111 116 0 0 16 25 13.038404810405298 14.142135623730951 0.07113712528460851 
110 115 0 0 14 20 13.038404810405298 14.142135623730951 0.064905063537696 
109 114 0 0 14 19 13.038404810405298 14.142135623730951 0.06513930178731148 
107 113 0 0 15 19 13.038404810405298 14.142135623730951 0.07039237919260527 
106 112 0 0 15 19 12.0 14.142135623730951 0.1401668687588239 
100 111 0 0 16 26 12.0 14.142135623730951 0.14658381009987081 
98 109 0 0 16 27 12.0 14.142135623730951 0.14347766178746424 
96 108 0 0 16 26 12.649110640673518 14.142135623730951 0.14371190003707962 
94 107 0 0 17 26 12.649110640673518 14.142135623730951 0.09952732531165243 
93 106 0 0 15 17 12.649110640673518 14.142135623730951 0.1434543864822936 
92 105 0 0 13 22 12.649110640673518 14.142135623730951 0.1436728311994355 
90 103 0 0 14 23 12.649110640673518 14.142135623730951 0.23754748338576617 
88 102 1 0 18 21 12.649110640673518 14.142135623730951 0.2775658924481978 
84 101 1 0 15 22 12.649110640673518 13.341664064126334 0.29010193229123765 
82 100 1 0 13 21 12.649110640673518 13.341664064126334 0.29024097888646744 
80 99 1 0 13 20 12.649110640673518 13.341664064126334 0.2902450105728781 
79 98 1 0 13 19 11.40175425099138 13.341664064126334 0.32140411025600074 
78 97 1 0 12 22 10.198039027185569 13.341664064126334 0.30947559350742176 
74 95 1 0 16 22 10.198039027185569 13.341664064126334 0.4030666487886561 
73 93 2 0 18 20 10.198039027185569 13.341664064126334 0.591525570569299 
65 92 3 0 19 24 10.198039027185569 13.341664064126334 0.7982032720639931 
59 91 4 0 11 25 10.198039027185569 12.165525060596439 0.8045408152831279 
57 90 4 0 10 24 10.198039027185569 12.165525060596439 0.8102973089477533 
55 89 4 0 9 22 9.055385138137417 12.165525060596439 0.8594829416676449 
53 88 4 0 6 25 8.0 12.165525060596439 0.9912390204703547 
47 87 5 0 8 23 8.0 12.165525060596439 0.992778305294327 
46 86 5 0 7 23 8.94427190999916 12.165525060596439 0.9951816632446294 
45 85 5 0 7 24 8.602325267042627 11.045361017187261 0.9764396450049873 
43 84 5 0 7 20 8.602325267042627 11.045361017187261 0.9893209082845017 
39 83 5 0 7 19 8.602325267042627 11.045361017187261 1.1017136302786956 
38 82 6 0 8 18 8.602325267042627 11.045361017187261 1.1342800358362979 
34 80 6 0 6 20 8.602325267042627 10.0 1.252871254454397 
33 79 7 0 6 19 8.602325267042627 10.0 1.2731593264477683 
31 78 7 0 6 19 5.830951894845301 10.0 1.285713137881342 
30 77 7 0 5 20 5.830951894845301 10.0 1.3069346788334844 
29 75 7 0 4 24 5.656854249492381 9.055385138137417 1.3133674137070048 
27 74 7 0 4 24 5.656854249492381 9.055385138137417 1.4570204221933467 
25 73 8 0 2 24 5.656854249492381 9.055385138137417 1.4578586476414825 
24 72 8 0 2 23 4.242640687119285 9.055385138137417 1.458681079557145 
23 70 8 0 2 23 2.8284271247461903 9.055385138137417 1.5597935869881918 
22 69 9 0 2 22 6.324555320336759 9.055385138137417 1.5720697275197615 
21 67 9 0 0 22 5.0990195135927845 9.055385138137417 1.5653963683474659 
21 66 9 0 1 20 1.4142135623730951 9.055385138137417 1 
