140 138 0 0 14 17 16.0 16.0 0.13988154596982172 
138 137 0 0 17 16 14.142135623730951 14.142135623730951 0.18446483984717382 
134 135 0 0 16 18 13.341664064126334 16.0 0.19079052126610835 
133 134 0 0 15 18 13.038404810405298 16.0 0.23138416408997586 
131 133 0 0 16 24 13.038404810405298 16.0 0.22350884144725497 
129 132 0 0 16 22 13.038404810405298 16.0 0.2088508529958717 
127 131 0 0 16 19 13.038404810405298 16.0 0.2389134867899441 
125 129 0 0 14 22 13.038404810405298 16.0 0.22524580314451456 
123 128 0 0 15 20 13.038404810405298 16.0 0.2233757175071833 
121 126 0 0 15 20 13.038404810405298 16.0 0.2282330356912263 
120 125 0 0 14 20 13.038404810405298 16.0 0.25187242203104687 
119 124 0 0 14 23 12.165525060596439 16.0 0.24754363827044168 
117 123 0 0 15 23 13.038404810405298 16.0 0.2025900093840326 
116 119 0 0 14 19 13.038404810405298 16.0 0.24222251947202628 
114 118 0 0 15 25 12.165525060596439 15.033296378372908 0.19537474526293452 
113 117 0 0 14 18 13.038404810405298 15.033296378372908 0.2301760270840934 
111 116 0 0 16 24 13.038404810405298 15.033296378372908 0.20613494842426194 
110 114 0 0 14 20 13.038404810405298 15.033296378372908 0.21876523722292057 
109 113 0 0 14 22 13.038404810405298 15.033296378372908 0.21788545639154272 
107 111 0 0 15 23 13.038404810405298 15.033296378372908 0.2151956419762625 
106 110 0 0 15 22 12.0 15.033296378372908 0.2719425185362272 
100 109 0 0 18 29 12.0 14.0 0.2545264916696648 
98 107 0 0 16 25 12.0 14.0 0.2502688576352283 
97 103 0 0 15 27 12.0 14.0 0.2237109191476415 
93 102 0 0 17 22 12.0 14.0 0.236183593930907 
91 101 0 0 17 23 12.0 14.0 0.24964657352012584 
89 100 0 0 18 25 12.0 14.0 0.2409385600868445 
88 99 0 0 17 23 12.0 14.0 0.225742725310324 
86 98 0 0 17 20 11.045361017187261 13.038404810405298 0.2373827093030291 
85 97 0 0 16 21 11.045361017187261 13.038404810405298 0.24824526449246184 
84 95 0 0 15 23 11.045361017187261 13.038404810405298 0.3658677286530171 
83 94 1 0 16 23 11.045361017187261 13.038404810405298 0.3707250468370601 
82 93 1 0 15 23 11.045361017187261 13.038404810405298 0.4027130282557515 
81 92 1 0 14 27 11.045361017187261 13.038404810405298 0.3691500714343714 
77 91 1 0 14 20 12.083045973594572 13.038404810405298 0.38313448092283553 
76 90 1 0 13 20 10.198039027185569 13.038404810405298 0.43697822733324077 
72 89 1 0 14 26 10.198039027185569 13.038404810405298 0.4214875480912974 
71 88 1 0 13 23 10.198039027185569 13.038404810405298 0.5864756796106885 
63 87 2 0 15 24 10.198039027185569 13.038404810405298 0.727785050541852 
59 86 3 0 13 22 10.198039027185569 13.038404810405298 0.7243929811118894 
58 85 4 1 12 21 10.198039027185569 13.038404810405298 0.702332512063965 
57 83 4 1 12 19 10.198039027185569 13.038404810405298 0.7115745734651552 
55 82 4 1 10 17 9.055385138137417 13.038404810405298 0.6975153623583289 
54 80 4 1 9 16 10.0 13.038404810405298 0.7060623649565124 
53 79 4 1 10 17 8.246211251235321 13.038404810405298 0.7109196831405555 
52 78 4 1 9 17 8.246211251235321 13.038404810405298 0.7159898773272796 
51 76 4 1 9 19 8.246211251235321 13.038404810405298 0.7191229126680952 
50 75 4 1 8 19 8.602325267042627 13.038404810405298 0.7451174338331389 
50 74 4 1 7 22 7.0710678118654755 13.038404810405298 0.5491971615367149 
49 70 4 2 8 16 7.0710678118654755 13.038404810405298 0.5744024771467443 
48 69 4 2 7 19 7.0710678118654755 13.038404810405298 0.5539521276926527 
46 68 4 2 8 16 7.0710678118654755 13.038404810405298 0.5504753537507407 
44 66 4 2 7 17 10.0 13.038404810405298 0.5397729924836064 
44 65 4 2 8 17 8.48528137423857 12.165525060596439 0.5238267593808397 
44 64 4 2 7 14 7.211102550927978 12.165525060596439 0.39029246096623893 
43 63 4 3 7 13 7.211102550927978 12.165525060596439 0.38257475233891103 
42 62 4 3 7 12 7.211102550927978 12.165525060596439 0.3806494047142919 
41 61 4 3 6 11 7.211102550927978 12.165525060596439 0.24054531649371008 
40 59 4 4 7 11 7.211102550927978 12.165525060596439 0.24540263467775308 
39 58 4 4 6 11 7.211102550927978 12.165525060596439 0.23851761684098569 
37 57 4 4 7 10 7.211102550927978 12.165525060596439 0.37526620887784007 
35 55 5 4 5 11 7.211102550927978 11.40175425099138 0.5095986946943574 
33 54 6 4 5 11 6.324555320336759 11.40175425099138 0.6388058808603301 
32 53 7 4 4 11 6.324555320336759 11.40175425099138 0.6377132240262711 
30 52 7 4 4 10 6.324555320336759 11.40175425099138 0.6688525109812329 
29 51 7 4 3 13 5.0990195135927845 11.40175425099138 0.6528908577293508 
28 50 7 4 3 10 4.0 11.40175425099138 0.6611424650400659 
27 49 7 4 2 11 4.0 10.770329614269007 0.6640011235906783 
25 48 7 4 2 11 3.1622776601683795 9.486832980505138 0.7816235877512335 
24 47 8 4 3 11 3.1622776601683795 9.486832980505138 0.6595093295081925 
23 46 8 5 2 10 2.0 9.486832980505138 0.7709542196952447 
22 45 9 5 2 10 4.47213595499958 9.486832980505138 0.781288679681019 
21 44 9 5 0 10 3.1622776601683795 8.246211251235321 0.766234497517955 
21 43 9 5 1 9 1.4142135623730951 7.615773105863909 1 
