140 138 0 0 14 17 16.0 16.0 0.1256058779361312 
138 136 0 0 17 19 14.142135623730951 14.142135623730951 0.1569194917782498 
134 134 0 0 16 19 13.341664064126334 16.0 0.1769001917433704 
133 133 0 0 15 21 13.038404810405298 16.0 0.18287422804270315 
131 131 0 0 16 23 13.038404810405298 16.0 0.1819955112006713 
129 130 0 0 16 22 13.038404810405298 16.0 0.16905884330362725 
127 129 0 0 16 20 14.142135623730951 16.0 0.18733277830442002 
125 128 0 0 14 20 14.0 16.0 0.20065065477824162 
123 127 0 0 15 22 14.0 16.0 0.21315908877523998 
121 126 0 0 15 23 14.0 16.0 0.22497230633894436 
120 125 0 0 14 24 14.0 16.0 0.2215375404635242 
119 123 0 0 14 24 13.038404810405298 16.0 0.22146826609831555 
117 122 0 0 15 24 13.038404810405298 16.0 0.21320075740347438 
116 121 0 0 14 22 13.038404810405298 16.0 0.21737387149572368 
114 120 0 0 15 22 12.165525060596439 16.0 0.20910636280088268 
113 119 0 0 14 20 12.165525060596439 16.0 0.20984653091249722 
111 118 0 0 16 21 12.165525060596439 16.0 0.22834836978816553 
110 117 0 0 14 22 12.0 16.0 0.22242776987078994 
109 116 0 0 14 22 12.0 15.033296378372908 0.21061804325933603 
107 115 0 0 15 21 13.038404810405298 15.033296378372908 0.24255693875990614 
105 113 0 0 15 26 13.038404810405298 15.033296378372908 0.23428943006506503 
104 112 0 0 14 24 13.038404810405298 15.033296378372908 0.2117975144152318 
103 111 0 0 14 20 12.0 15.033296378372908 0.2243109025197812 
101 110 0 0 15 22 12.165525060596439 15.033296378372908 0.2227369692444553 
100 109 0 0 14 21 12.165525060596439 15.033296378372908 0.1885495530266973 
98 107 0 0 15 17 12.165525060596439 15.033296378372908 0.19480014214158714 
97 106 0 0 13 17 12.165525060596439 14.142135623730951 0.20617347152742427 
96 105 0 0 13 18 11.045361017187261 14.142135623730951 0.20852829575808046 
94 104 0 0 14 19 11.045361017187261 13.341664064126334 0.20176544597335672 
92 103 0 0 15 18 11.045361017187261 13.341664064126334 0.2194641869205911 
91 102 0 0 15 21 11.045361017187261 13.038404810405298 0.37746870027165824 
85 101 1 0 25 30 11.045361017187261 13.038404810405298 0.4031918881632014 
83 100 1 0 14 24 11.045361017187261 12.165525060596439 0.367385586991797 
81 98 1 0 13 18 11.045361017187261 12.165525060596439 0.5093708450103785 
77 96 2 0 12 18 11.045361017187261 12.165525060596439 0.527787149646329 
76 95 2 0 10 20 11.045361017187261 11.045361017187261 0.5536827344823577 
74 94 2 0 10 23 11.045361017187261 11.045361017187261 0.5901551355461514 
73 93 3 0 18 17 11.045361017187261 11.045361017187261 0.7625742778180016 
67 92 4 0 21 22 11.045361017187261 11.045361017187261 0.8806353742569076 
61 91 5 0 23 18 11.045361017187261 11.045361017187261 0.945803278285867 
55 89 5 0 15 17 11.045361017187261 11.045361017187261 1.0542112270173603 
49 88 5 0 10 24 11.045361017187261 11.045361017187261 1.066024444581065 
48 87 5 0 9 25 11.045361017187261 11.045361017187261 1.1837330027172641 
46 86 6 0 10 24 11.045361017187261 11.045361017187261 1.1954319942374394 
44 85 6 0 9 24 11.045361017187261 11.045361017187261 1.2038603660023028 
43 84 6 0 7 23 10.198039027185569 11.045361017187261 1.239210928361037 
42 83 6 0 6 27 9.486832980505138 11.045361017187261 1.222994266415054 
40 79 6 0 6 27 9.486832980505138 11.045361017187261 1.2302108404067933 
39 78 6 0 5 27 9.055385138137417 11.045361017187261 1.2353304825509825 
38 77 6 0 4 27 9.055385138137417 11.045361017187261 1.2251116048005963 
37 76 6 0 4 25 8.246211251235321 11.045361017187261 1.234104758111082 
36 75 6 0 4 26 7.615773105863909 11.045361017187261 1.1980700048526194 
32 73 6 0 3 18 7.615773105863909 11.045361017187261 1.2303554194800983 
31 72 6 0 3 22 6.324555320336759 11.045361017187261 1.2347378610225759 
30 71 6 0 2 21 5.0990195135927845 11.045361017187261 1.1077617039300083 
29 70 6 1 3 21 4.0 11.045361017187261 1.1195749214937127 
28 69 6 1 2 22 4.0 11.045361017187261 1.1881007964387895 
27 63 7 1 4 21 4.0 11.045361017187261 1.2046188595913783 
26 62 7 1 2 22 4.242640687119285 11.045361017187261 1.04273866956551 
26 60 7 2 2 18 3.1622776601683795 11.045361017187261 1.0353948293910213 
26 59 7 2 2 18 3.1622776601683795 11.045361017187261 1.0174713806476112 
26 58 7 2 1 17 4.242640687119285 10.198039027185569 0.8771316241120856 
26 57 7 3 2 16 3.1622776601683795 10.198039027185569 0.8704211138499693 
26 56 7 3 1 16 4.242640687119285 10.198039027185569 0.8557503683435927 
26 55 7 3 2 15 3.1622776601683795 10.198039027185569 0.8490398580814765 
26 54 7 3 1 15 4.242640687119285 10.198039027185569 0.841062687994615 
26 53 7 3 2 15 3.1622776601683795 10.198039027185569 0.8282576023060405 
26 52 7 3 1 15 4.242640687119285 9.055385138137417 0.820280432219179 
26 51 7 3 2 15 3.1622776601683795 9.055385138137417 0.8068763465375477 
26 50 7 3 1 14 4.242640687119285 9.055385138137417 0.7988991764506864 
26 49 7 3 2 14 3.1622776601683795 9.055385138137417 0.7854950907690548 
26 48 7 3 1 13 4.242640687119285 9.055385138137417 0.6451553342335292 
26 47 7 4 2 12 3.1622776601683795 9.055385138137417 0.5261629637812943 
26 46 7 5 1 14 4.242640687119285 9.055385138137417 0.5315729445334634 
26 45 7 5 2 16 3.1622776601683795 9.055385138137417 0.5047817080128015 
26 44 7 5 1 13 4.242640687119285 9.055385138137417 0.491175428017865 
26 43 7 5 2 13 3.1622776601683795 8.0 0.492471710638468 
26 42 7 5 1 14 4.242640687119285 8.246211251235321 0.47153310012345523 
26 41 7 5 2 13 3.1622776601683795 7.0710678118654755 0.4601906498764274 
26 39 7 5 1 14 4.242640687119285 6.324555320336759 0.2973888209397385 
26 37 7 6 2 11 3.1622776601683795 6.0 0.2857158166457514 
26 36 7 6 1 10 4.242640687119285 6.324555320336759 0.2772453143400396 
26 34 7 6 2 12 3.1622776601683795 5.0990195135927845 0.26384122865840814 
26 33 7 6 1 11 4.242640687119285 5.0990195135927845 0.24917048315203164 
26 32 7 6 2 10 3.1622776601683795 5.0990195135927845 0.22907282205088503 
26 31 7 6 1 8 4.242640687119285 5.0990195135927845 0.210683825416998 
26 30 7 6 2 6 3.1622776601683795 5.656854249492381 0.23074761683294223 
26 29 7 6 1 10 4.242640687119285 5.656854249492381 0.07702070945838649 
26 28 7 7 2 7 3.1622776601683795 5.656854249492381 -0.0754395380914242 
26 27 7 8 1 4 4.242640687119285 5.656854249492381 -0.08341670817828546 
26 26 7 8 2 4 3.1622776601683795 5.656854249492381 -0.08919863346699755 
26 25 7 8 1 4 4.242640687119285 5.830951894845301 -0.10386937897337398 
26 24 7 8 2 3 3.1622776601683795 5.830951894845301 -0.1178274086422306 
26 23 7 8 1 3 4.242640687119285 4.47213595499958 -0.1461781234817427 
26 22 7 8 2 1 3.1622776601683795 3.1622776601683795 -0.2852512201925231 
26 21 7 9 1 0 4.242640687119285 3.1622776601683795 -0.1205342163444021 
26 23 7 8 2 4 3.1622776601683795 2.8284271247461903 -0.15486844668638872 
26 22 7 8 1 1 4.242640687119285 1.4142135623730951 -0.2650362279366143 
26 21 7 9 2 0 3.1622776601683795 7.0710678118654755 -0.2749212161375714 
26 21 7 9 1 0 4.242640687119285 5.0990195135927845 -0.22377339955641215 
26 24 7 9 2 4 3.1622776601683795 5.656854249492381 -0.2596073130551824 
26 22 7 9 1 3 4.242640687119285 2.8284271247461903 -0.2858845501048956 
26 21 7 9 2 0 3.1622776601683795 3.1622776601683795 -0.2596073130551824 
26 22 7 9 1 3 4.242640687119285 2.8284271247461903 -0.2858845501048956 
26 21 7 9 2 0 3.1622776601683795 3.1622776601683795 -0.22955532484512423 
26 23 7 9 1 4 4.242640687119285 5.830951894845301 -0.2858845501048956 
26 21 7 9 2 0 3.1622776601683795 3.1622776601683795 -0.23802690363985357 
26 23 7 9 1 4 4.242640687119285 4.242640687119285 -0.258167165177756 
26 22 7 9 2 2 3.1622776601683795 4.47213595499958 -0.2852512201925231 
26 21 7 9 1 0 4.242640687119285 3.1622776601683795 -0.12722779176391724 
26 23 7 8 2 3 3.1622776601683795 2.8284271247461903 -0.13521478951441845 
26 22 7 8 1 1 4.242640687119285 5.0990195135927845 -0.2858845501048956 
26 21 7 9 2 0 3.1622776601683795 3.1622776601683795 -0.2663008884746976 
26 22 7 9 1 2 4.242640687119285 2.8284271247461903 -0.28851462780239906 
26 21 7 9 2 1 3.1622776601683795 1.4142135623730951 -1 
