140 140 0 0 14 14 14 14 0.5346828686196381 
139 139 0 0 19 19 25 25 0.6545979348627828 
137 137 0 0 23 20 38 32 0.7499155675948822 
133 135 0 0 23 20 47 35 0.9274463126819977 
131 134 0 0 26 18 56 35 0.9628405664132494 
130 133 0 0 32 20 59 40 1.1099071339892914 
124 132 0 0 34 22 69 43 1.1815015563835725 
123 131 0 0 39 24 76 48 1.2409239383268962 
117 130 0 0 37 27 83 50 1.3153584461773251 
111 126 0 0 42 31 96 61 1.3831546502201664 
105 124 0 0 35 24 95 56 1.2939797309276577 
106 123 0 0 45 34 102 72 1.3791359606276026 
100 122 0 0 45 38 105 68 1.7392810413816167 
96 121 0 0 45 25 106 51 1.6751832077116304 
95 120 0 0 48 28 104 55 1.8039895825718226 
93 119 0 0 45 24 110 51 1.650476984553952 
93 118 0 0 54 40 119 69 1.9683931181424776 
92 114 0 0 64 30 122 60 1.740477981104617 
88 112 0 0 53 29 114 62 1.6064870830229725 
87 111 0 0 56 35 114 72 1.871822633829152 
79 110 1 0 52 31 116 65 1.9206030462224943 
80 109 1 0 59 32 120 70 1.777335717234743 
79 108 1 0 53 28 106 64 1.7034480384352837 
78 107 1 0 54 32 107 69 1.213514456065349 
76 105 1 0 40 34 86 72 1.2454443434616855 
74 104 1 0 42 39 93 75 1.398781530970418 
72 102 1 0 48 34 102 83 1.6690912664668351 
73 101 1 0 57 33 112 78 1.9366214355748177 
75 100 1 0 61 28 120 68 1.5866907725202415 
76 99 1 0 53 37 119 79 1.73049379639908 
72 97 2 0 45 27 112 69 1.595925342599634 
71 96 2 0 44 26 98 65 1.7876954045193 
69 95 2 0 44 21 106 62 1.8817660867166115 
69 94 2 0 46 19 116 68 1.8054547787848603 
68 92 2 0 47 25 119 72 1.7876553541482068 
67 91 2 0 46 25 118 71 1.4932266550371316 
67 90 2 0 40 29 109 76 1.4431152978717607 
65 89 3 0 34 27 102 78 1.5782903017688943 
64 87 3 0 39 24 105 76 1.7310919919640453 
58 86 4 0 33 24 107 71 1.5787563920224428 
59 85 4 0 39 29 105 83 1.3746504083291335 
55 84 4 0 29 29 96 83 1.4599919494261782 
55 83 4 0 33 32 107 88 1.744055861707038 
63 81 3 0 48 27 120 78 1.8061575562947145 
63 80 3 0 45 22 109 59 1.4748977836074515 
61 78 3 0 44 27 117 94 1.0694072246554867 
61 77 3 0 38 38 102 95 1.069150929675589 
61 75 3 0 33 26 86 80 1.0119568654912818 
62 74 3 0 38 25 84 88 1.281283628873223 
62 73 3 1 45 24 90 67 1.4323398150926878 
54 72 4 1 36 27 100 67 1.1807542556135093 
54 68 4 2 32 26 98 70 0.8804566488290593 
55 67 4 2 32 33 96 87 0.7748809305536465 
55 65 4 3 30 27 87 78 1.122765397768931 
54 63 4 3 32 17 90 59 0.8022514093797363 
52 62 4 3 26 23 83 69 0.841802828920566 
52 61 4 3 27 22 83 66 0.911635108324555 
51 60 4 3 27 22 89 66 0.8264426413065338 
50 58 4 3 28 25 91 73 1.0951542002637111 
50 57 4 3 29 18 96 60 1.2426657247433388 
54 56 3 3 37 16 107 55 1.2653769372058925 
54 55 3 3 39 16 108 55 1.2366353337710205 
50 54 3 3 38 18 106 55 1.1356427141957193 
48 53 3 3 36 15 98 57 1.134867494954403 
46 51 4 3 33 15 95 59 1.1870821193260266 
45 50 4 3 32 14 98 57 1.1621512705433776 
45 48 4 4 32 13 99 49 1.1839895903468036 
39 47 5 4 28 13 94 51 1.0188735576744525 
45 46 4 4 32 14 98 58 1.2488135436818224 
39 44 5 4 28 10 91 40 1.1777050305449317 
43 43 4 4 31 10 96 41 1.0528126937295816 
39 42 5 5 28 10 88 43 1.157239909188162 
39 41 5 5 23 9 97 37 1.1013697343198772 
41 40 5 5 27 9 93 39 1.0647190832936277 
45 39 4 5 30 9 100 39 0.9357634723761721 
43 38 4 5 30 8 87 38 0.9573852609287039 
39 37 5 5 26 8 83 39 0.9550877431392779 
39 36 5 5 26 8 84 39 0.9042445312656374 
38 35 5 5 23 8 84 40 0.8451710561653312 
39 34 5 6 26 7 83 37 0.796398382522814 
38 33 5 6 23 7 84 39 0.7708685864374918 
44 32 4 6 29 7 94 43 0.7945879381294085 
45 31 4 6 32 7 90 37 0.7133699102589022 
39 30 5 7 26 5 80 33 0.7303113694576109 
39 29 5 7 26 4 80 31 0.705732123004799 
39 28 5 7 26 4 80 32 0.6790823383208635 
39 27 5 7 26 4 79 32 0.6767848205314377 
39 26 5 7 26 4 80 32 0.6916557414990229 
39 25 5 7 26 3 79 29 0.568938671788614 
39 24 5 8 26 3 80 31 0.5635984023239365 
39 23 5 8 26 2 79 30 0.5318316895587103 
39 22 5 9 26 2 80 23 0.5781177209616848 
39 21 5 9 26 0 79 18 0.5686879376742127 
39 24 5 9 26 4 80 20 0.4983460408921975 
39 22 5 9 26 3 79 24 -1 
