140 140 0 0 14 14 14 14 0.45948891519724616 
139 139 0 0 19 19 25 25 0.6203479694932476 
137 137 0 0 23 19 38 29 0.7622251622174154 
133 136 0 0 23 18 47 30 0.7109025334648325 
131 134 0 0 26 23 56 43 0.7211697950342734 
130 128 0 0 32 19 59 50 0.9211332112841595 
124 127 0 0 34 20 69 49 0.7963375592337424 
123 126 0 0 39 29 76 65 1.1180217679821824 
117 125 0 0 43 29 87 57 1.2797074312374097 
111 124 0 0 42 29 96 56 1.6322678881236585 
112 123 0 0 57 26 108 55 1.6799675126573024 
110 122 0 0 53 22 109 52 1.5259078487419435 
104 121 0 0 52 32 110 61 1.3327356175338394 
100 119 0 0 45 35 107 66 1.3594078834688887 
96 118 0 0 43 32 105 65 1.286389876311283 
97 116 0 0 41 28 98 62 1.2371952745445987 
96 115 0 0 44 32 100 68 1.273895938029663 
92 114 0 0 44 32 97 64 1.2104995925229913 
96 112 0 0 47 31 99 70 1.1749267357849296 
96 110 0 0 43 30 99 67 0.9835810518773809 
95 102 0 0 43 27 94 73 1.1672103477784173 
95 98 0 0 45 22 101 66 1.103385424026023 
94 97 0 0 51 24 102 78 1.158291019776869 
92 93 0 0 51 24 105 73 0.8712248559959774 
92 92 0 1 41 25 96 66 1.091050205435998 
93 91 0 1 47 25 110 66 1.207044618874805 
91 89 0 1 48 22 111 60 1.1666826945262874 
91 88 0 1 50 21 105 59 1.292898235484351 
91 87 0 1 55 25 116 60 1.3485911109580884 
92 86 0 1 62 26 119 63 1.298034735387498 
92 85 0 1 67 31 125 74 1.279645594387322 
84 83 0 1 54 26 127 74 1.4457536743709845 
83 82 1 1 63 26 126 77 1.631206909889375 
83 78 1 1 64 17 127 66 1.3625680750631926 
82 77 1 1 56 18 104 54 1.37218103176905 
70 76 2 1 43 18 99 53 1.3676476626249463 
62 75 3 1 39 28 107 64 1.3703421396783977 
56 74 4 1 26 22 98 59 1.45140677452481 
57 73 4 1 30 21 100 57 1.3252190539470985 
53 72 4 1 28 23 103 71 1.437293624624993 
52 71 4 1 30 22 100 60 1.5526409531264442 
51 70 5 1 28 17 92 52 1.42860374938136 
49 69 5 2 25 19 96 54 1.508660873797505 
49 68 5 2 25 17 95 46 1.3997637843928015 
57 66 4 2 35 21 107 57 1.4955433242866758 
55 65 4 2 32 18 111 53 1.3419602065823504 
51 64 4 2 27 17 100 53 1.313769728833579 
51 63 4 2 29 16 95 52 1.1870208123380885 
52 62 4 2 32 19 95 62 1.2479273134354505 
52 61 4 2 33 21 96 55 1.3868198257832884 
53 60 3 2 38 19 109 53 1.4182105315728935 
53 59 3 3 37 19 122 53 1.2583004248573295 
54 58 3 3 36 19 118 60 1.479077617523558 
50 57 3 3 36 14 116 45 1.4072257694160233 
49 55 3 3 36 15 115 48 1.1678273693753918 
41 54 4 4 26 13 100 51 1.1403106723670278 
47 53 4 4 30 15 104 53 1.1072081891981278 
41 52 4 4 26 14 100 53 1.0923067919614526 
49 51 3 4 36 13 101 49 1.1146492748096994 
50 50 3 4 36 12 104 49 0.938025827128708 
50 49 3 4 34 12 97 54 1.0150022690218001 
50 48 3 4 34 15 103 49 0.901605338573712 
50 47 3 4 34 15 100 55 0.943162656233872 
49 45 3 4 34 14 97 47 0.848932930132785 
50 44 3 5 34 12 96 45 0.6928230136782959 
51 42 3 6 35 11 97 50 0.7571442501255858 
49 41 3 6 35 11 99 47 0.6911448315794163 
41 39 4 6 26 9 85 44 0.8118090849800751 
49 38 3 6 35 6 92 35 0.8024307339835702 
41 37 4 6 26 5 85 35 0.6310383110898703 
49 36 3 7 35 6 92 40 0.7261903024185465 
41 35 4 7 26 5 85 30 0.7509146337820911 
49 34 3 7 35 4 92 28 0.6428024398317949 
41 33 4 7 26 8 85 32 0.4742872912265338 
42 32 4 8 25 7 79 29 0.5103830705521807 
36 30 5 8 20 3 71 28 0.49659503087861656 
36 28 5 8 22 3 71 29 0.44561000067845474 
34 27 6 9 18 2 65 24 0.48636797762400585 
33 26 6 9 18 2 66 21 0.5928129887364962 
32 25 6 9 17 2 76 21 0.5343509847688255 
38 24 5 9 24 2 79 21 0.5809150706830061 
37 23 5 9 26 2 81 21 0.5322801939307276 
37 22 5 9 27 2 78 22 0.5639706413802661 
37 21 5 9 26 1 81 21 -1 
