140 140 0 0 14 14 14 14 0.37680583512969046 
139 138 0 0 19 17 25 24 0.6293425367353087 
137 137 0 0 23 16 38 22 0.6947561428334363 
133 135 0 0 23 16 47 28 0.7415287003483881 
131 134 0 0 26 20 56 34 0.7641791309007178 
130 133 0 0 32 21 59 41 0.8907849417846712 
124 132 0 0 34 24 69 45 1.0572627906164893 
123 130 0 0 39 22 76 44 1.0317130965881942 
117 129 0 0 37 26 83 53 1.2258975197575581 
111 127 0 0 36 23 90 49 1.215931652174925 
109 126 0 0 34 24 94 52 1.2819057273778913 
110 124 0 0 38 22 94 49 1.405176155041889 
106 122 0 0 40 23 97 44 1.471440027522262 
100 120 0 0 38 22 100 44 1.3988439399452433 
99 119 0 0 41 26 102 52 1.3873867959594222 
93 118 0 0 40 28 102 55 1.367046020208321 
89 114 0 0 42 28 106 63 1.40490599483008 
89 113 0 0 47 26 105 65 1.3609694371085626 
85 112 0 0 42 27 103 63 1.1719244608807562 
85 111 0 0 48 41 109 78 1.356035853986698 
87 107 0 0 51 27 108 71 1.013594581522976 
87 106 0 0 43 36 104 78 1.3958637914013803 
83 105 0 0 51 30 116 75 1.3948858273486673 
83 104 0 0 55 32 121 82 1.164105063653179 
85 102 0 0 51 31 113 86 1.446372338065554 
84 98 0 0 58 27 119 75 1.5098163863853795 
84 97 0 0 56 28 123 69 1.5346672125673972 
88 95 0 0 61 26 125 70 1.7321539222433002 
90 94 0 0 68 28 138 69 1.1395240647958802 
92 90 0 0 58 32 118 78 1.4587154754308218 
90 89 0 0 61 32 134 71 1.4679849724214393 
82 87 1 0 51 30 126 67 1.4633123649764959 
81 86 1 0 54 30 128 73 1.2194190352544756 
79 85 1 0 48 36 127 82 1.0716825518208668 
80 84 1 0 48 35 117 83 1.4013493353177544 
79 82 1 0 57 28 125 78 1.5615784745406314 
69 81 2 0 48 30 129 74 1.4442973352225852 
69 80 2 0 53 26 124 88 1.1937174035437934 
67 79 2 0 50 35 117 91 1.3699080969379873 
66 78 2 0 53 32 123 88 1.4035659126521862 
60 70 3 1 40 20 123 79 1.3711209308359966 
60 69 3 1 43 17 106 68 1.5364503689531235 
54 68 4 1 40 15 107 67 1.5591864204066233 
54 67 4 1 40 21 120 72 1.3298945602556598 
56 65 3 2 42 21 125 78 1.2741736841744333 
60 64 3 2 45 23 126 80 1.2975191408787305 
61 63 3 2 44 25 125 71 1.3150118458039801 
59 62 3 2 37 16 112 57 1.3620643291104015 
61 61 3 2 40 15 107 48 1.2205628147609695 
51 60 4 3 29 15 107 58 1.1199250168695258 
59 59 3 3 39 16 110 62 1.3266884614525374 
51 58 4 3 29 15 110 49 1.1013736512656502 
59 57 3 3 39 18 110 59 1.1802609640881376 
59 56 3 3 35 13 109 50 1.1854806012413635 
51 55 4 3 25 14 105 49 1.1473267554535738 
59 53 3 3 35 12 107 48 1.0763833593080183 
51 52 4 3 25 14 103 53 0.7472478954358234 
55 51 4 3 27 21 98 67 0.658266033654957 
51 50 4 3 23 19 85 61 0.8609490339914738 
52 46 4 3 33 11 84 55 0.5479894653080973 
54 44 4 4 32 13 79 61 0.5690051210485447 
55 42 4 5 35 11 81 54 0.6950471962573713 
56 41 3 5 36 12 97 49 0.6722275092427816 
56 40 3 5 40 18 97 48 0.7926514728767998 
48 39 4 5 32 14 93 44 0.8588056450506738 
44 38 4 5 31 11 93 43 0.8578960453426898 
45 36 4 5 30 9 97 45 0.6876834684960806 
47 35 4 6 26 7 93 41 0.5889901553759267 
46 34 4 7 29 7 92 43 0.6414364123977379 
46 33 4 7 30 7 92 38 0.684763520202855 
45 32 4 7 30 6 93 36 0.6574682391546449 
43 31 4 7 30 6 90 36 0.7071424423764885 
45 30 4 7 30 5 90 29 0.6608323221639945 
47 29 4 7 31 5 90 31 0.6549023731383488 
45 28 4 7 30 5 88 29 0.6492972746321699 
43 26 4 7 30 3 86 29 0.6567891210249144 
45 25 4 7 31 3 86 26 0.6415619891093263 
43 24 4 8 30 1 86 20 0.6167726555389275 
45 23 4 8 31 1 86 20 0.6031703969662497 
43 22 4 8 30 1 86 21 0.5221139433962545 
45 21 4 9 31 0 86 18 0.5121313551409306 
43 25 4 8 30 5 86 29 0.4956372614972221 
45 24 4 9 31 4 86 20 0.4712746096034966 
43 23 4 9 30 4 86 22 0.4365651627634972 
45 22 4 9 31 3 86 24 0.4892058242200007 
43 21 4 9 30 1 86 21 -1 
