140 140 0 0 14 14 14 14 0.3093488730276516 
139 138 0 0 19 17 25 25 0.3912595244889082 
137 136 0 0 23 19 38 34 0.4434534310838554 
133 135 0 0 23 23 47 38 0.5897974406648214 
131 134 0 0 26 24 56 38 0.545772545275525 
130 130 0 0 32 26 59 46 0.7123140672496363 
124 126 0 0 34 23 69 49 0.8803758903396792 
123 124 0 0 39 21 76 48 0.9190601302503938 
117 123 0 0 39 27 83 51 1.0285278462169751 
111 122 0 0 38 29 92 53 1.0328340343985678 
112 121 0 0 43 31 94 56 1.2296757363198918 
106 120 0 0 41 26 98 51 0.8766453817088672 
106 118 0 0 44 42 103 72 0.8731134009313408 
105 117 0 0 43 41 102 71 1.0034369824697267 
103 116 0 0 45 39 106 69 0.9984422087228076 
95 115 0 0 46 44 111 78 1.2343830764830181 
94 114 0 0 45 33 108 64 0.9473639475418222 
95 113 0 0 36 32 94 63 1.1212973116108225 
99 111 0 0 40 23 96 57 1.142785136315097 
95 110 0 0 46 31 103 64 1.0688308327060958 
95 109 0 0 44 32 102 65 1.187511830804709 
99 108 0 0 50 31 105 60 1.146891159769392 
95 107 0 0 50 35 111 69 1.121742927203525 
96 106 0 0 58 40 115 77 1.6148324939009862 
95 105 0 0 69 34 131 69 1.5076180285033782 
93 104 0 0 69 37 128 73 1.4706557882343587 
85 103 0 0 56 31 124 71 1.1484559049142153 
89 102 0 0 44 32 115 70 1.0146430713398162 
95 101 0 0 54 38 113 77 0.9003824834945203 
89 100 0 0 43 39 113 79 0.8787920788365547 
95 99 0 0 51 39 110 79 0.8727063657335284 
89 98 0 0 43 38 112 79 1.030717989266318 
95 94 0 0 51 28 110 71 0.708617303109442 
91 93 0 0 45 38 105 80 0.9189695073760751 
93 87 0 0 53 25 110 80 0.8216762416089506 
94 79 0 0 49 19 112 82 0.8563410790178869 
95 78 0 0 59 27 119 87 0.8430357801070635 
95 77 0 0 57 26 121 88 0.8868884590990085 
87 76 0 0 52 25 123 89 0.9488062245294886 
86 75 1 0 56 30 119 87 0.6541493706975712 
80 73 1 1 52 29 110 95 0.8598258555898377 
79 71 1 1 49 27 110 74 0.6272694153853968 
83 69 1 1 45 28 104 76 0.7878559982213774 
83 68 1 1 56 33 120 85 0.7598920520632653 
84 67 1 1 50 22 108 77 0.4725749417553873 
85 66 1 2 53 32 116 93 0.6926650859838603 
79 64 2 3 43 23 120 80 0.7223577709903894 
78 62 2 3 52 20 108 76 0.18899781588761966 
72 61 3 3 36 28 84 85 0.5010862007660819 
71 60 3 3 42 22 84 70 0.5811221820655036 
69 58 3 3 38 18 81 59 0.52244396378353 
70 57 3 3 36 17 83 63 0.6662623927113829 
70 56 3 3 37 16 92 61 0.6973227565392326 
69 55 3 3 37 17 92 57 0.7917517825655321 
71 53 2 3 39 17 109 56 0.7675933959596561 
70 52 2 3 39 17 109 58 0.8687442445364643 
71 50 2 3 35 12 106 43 1.0036073503205618 
69 49 2 3 35 11 117 45 0.8831572613389885 
65 48 2 3 36 11 108 50 0.9306834182187887 
64 47 2 3 38 13 111 49 0.9343581791748387 
58 46 3 3 32 12 110 56 0.9447416988885161 
48 45 4 3 22 12 98 49 0.9437349511916683 
48 44 4 3 26 11 94 49 0.94866495054805 
47 43 4 4 33 12 92 44 0.9796122557736651 
46 42 4 4 31 11 93 41 0.8983662010000233 
47 41 4 4 33 13 92 45 0.8864764122029853 
46 40 4 5 31 10 93 39 0.839465238921749 
47 39 4 5 33 11 92 41 0.8139526641015173 
46 37 4 6 31 8 93 35 0.8011763723126866 
47 36 4 6 33 8 92 35 0.7182672544955586 
45 34 4 6 32 6 91 42 0.7539044664552732 
44 32 4 6 30 6 89 33 0.6942626576528454 
46 31 4 6 30 6 89 35 0.7233416148167754 
45 30 4 6 30 5 86 30 0.7564276210929219 
43 29 4 6 30 4 86 29 0.7204556767106062 
45 28 4 6 31 4 86 30 0.7634169305389401 
43 27 4 6 30 3 86 27 0.7386266901473905 
45 26 4 6 31 3 86 27 0.6479176789867275 
43 25 4 7 30 2 86 27 0.590782279043185 
45 24 4 8 31 1 86 22 0.6449252368622853 
43 23 4 8 30 0 86 18 0.5240638285706947 
45 25 4 8 31 4 86 26 0.6449252368622853 
43 23 4 8 30 0 86 18 0.5310531380167128 
45 23 4 8 31 3 86 24 0.4857607123392217 
43 22 4 9 30 1 86 21 0.5063870574308443 
45 21 4 9 31 0 86 18 0.451525830846816 
43 22 4 9 30 2 86 23 0.5175687614216107 
45 21 4 9 31 0 86 17 0.4525873738390307 
43 23 4 9 30 4 86 22 0.4403583764784604 
45 22 4 9 31 2 86 23 0.5175545117992 
43 21 4 9 30 0 86 18 0.4066748550780697 
45 23 4 8 31 5 86 33 0.5181058718912146 
43 22 4 8 30 2 86 26 0.46097047194767227 
45 21 4 9 31 1 86 21 -1 
