140 140 0 0 14 14 14 14 0.26581495082640516 
139 138 0 0 19 17 25 25 0.2773960817811814 
137 136 0 0 23 22 38 37 0.307635676809193 
133 135 0 0 23 25 47 44 0.48924819360220967 
131 133 0 0 26 23 56 43 0.5885539290651376 
130 132 0 0 32 23 59 44 0.6914546497860512 
124 131 0 0 34 26 69 50 0.8627261276300897 
123 130 0 0 39 25 76 49 0.8409310750326382 
117 128 0 0 37 30 83 55 0.9042348118007829 
111 126 0 0 38 35 92 59 0.7182751770916596 
112 122 0 0 43 39 94 73 0.7340744079989908 
110 121 0 0 44 42 100 77 1.003742731725625 
104 119 0 0 45 35 103 69 0.7376158496830741 
103 117 0 0 42 39 97 77 0.8740088020630514 
93 115 1 0 34 35 93 73 0.8472785233866638 
92 114 1 0 37 36 88 72 1.0833773538318567 
92 112 1 0 40 28 92 65 1.0031728677829843 
86 106 1 0 36 27 93 69 0.5011838351615403 
84 105 1 0 29 41 87 85 0.7174354708783024 
83 104 1 0 34 36 91 81 0.9157746232780568 
83 102 1 0 36 32 95 72 0.779607942028987 
83 101 1 0 31 34 93 73 0.9118440464617394 
82 100 1 0 31 27 97 73 1.0051114170948967 
82 99 1 0 39 26 103 80 1.065978724996672 
88 98 1 0 44 25 106 77 0.8812785179906142 
87 97 1 0 39 31 103 78 1.0160906120336912 
86 96 1 0 41 30 111 78 0.9762566740531082 
86 95 1 0 47 38 117 85 0.8509382201655287 
86 91 1 0 48 35 111 89 1.02903364046365 
80 89 1 0 49 32 116 87 0.9626971108375331 
80 88 1 0 47 32 111 84 1.2348013632289954 
82 87 1 0 51 31 119 71 0.9676700513092378 
82 86 1 0 45 29 99 67 1.0849332473877413 
83 85 1 0 52 30 109 72 1.1775754641579832 
73 84 2 0 41 26 108 73 1.170573038231296 
72 83 2 0 38 26 117 80 1.345524248830046 
71 81 2 0 44 26 118 71 1.2519631187522222 
69 80 2 0 42 25 107 67 1.3672428669678895 
65 79 2 0 37 24 113 62 1.4070128416610261 
66 77 2 0 45 25 115 65 1.27566806158771 
67 76 2 0 41 22 103 60 1.2730970107277004 
68 74 2 0 41 17 102 61 1.1085238523957888 
67 72 2 1 38 18 102 61 1.1124896341977792 
67 71 2 1 42 22 106 64 0.9985915283104037 
61 69 3 2 31 21 96 56 0.9187571380839101 
60 68 3 2 31 22 98 64 0.9336764826043199 
56 66 4 2 23 20 91 59 1.0844438979027484 
54 65 4 2 32 20 96 62 0.9761940980168023 
56 64 3 2 36 22 99 65 0.9945425052975712 
58 63 3 3 37 18 103 61 1.0335142434156452 
46 62 4 3 24 17 97 58 1.1498678535484839 
45 61 4 3 30 18 95 51 1.1852995790983765 
47 60 4 3 31 16 97 50 1.1968413590105702 
47 59 4 3 33 16 97 50 1.2818988834603786 
43 58 4 3 29 17 107 51 1.0760720086742315 
53 54 3 3 42 20 116 66 1.1275262169741056 
53 53 3 3 35 15 106 47 1.3724722243488514 
49 52 3 3 35 14 122 47 1.1716531959436414 
51 51 3 3 36 14 117 57 1.1528508340201424 
49 50 3 3 35 16 113 52 0.8215683374215467 
51 49 3 3 36 21 106 66 0.8829680428090071 
49 43 3 3 33 17 111 62 0.7274997168849073 
50 42 3 3 35 20 106 67 0.59353620819652 
48 41 3 3 33 22 113 83 0.42902363711142855 
49 40 3 4 31 18 108 83 0.401020306949353 
48 39 3 5 33 18 111 82 0.37989935149904897 
49 38 3 5 31 21 108 73 0.555195136476392 
48 37 3 5 33 15 108 66 0.4934353047389617 
49 36 3 5 31 15 108 67 0.33676642004138213 
48 34 3 5 28 13 94 63 0.4987126890692264 
47 32 3 5 34 9 91 55 0.7233990246833117 
45 31 4 5 31 8 94 46 0.8566519489688029 
39 29 5 6 24 3 85 26 0.743245539436294 
39 28 5 7 26 3 83 26 0.7166641195863812 
38 27 5 7 23 3 84 26 0.7254298227836955 
37 26 5 7 27 2 78 24 0.736735940567298 
37 25 5 7 26 2 81 24 0.6773521105193789 
37 23 5 8 27 0 78 18 0.6579696676962428 
37 24 5 8 26 1 81 22 0.6773521105193789 
37 23 5 8 27 0 78 18 0.6693620215840841 
37 24 5 8 26 1 81 21 0.6773521105193789 
37 23 5 8 27 0 78 18 0.6012016910762864 
37 25 5 8 26 4 81 25 0.6773521105193789 
37 23 5 8 27 0 78 18 0.6237926060327186 
37 24 5 8 26 1 81 25 0.6773521105193789 
37 23 5 8 27 0 78 18 0.7664976504565519 
37 29 5 7 26 4 81 24 0.7970786543482788 
37 27 5 7 27 0 78 21 0.6733044772835994 
37 28 5 7 26 4 81 31 0.7374423597551938 
37 26 5 7 27 1 78 24 0.7949380761738187 
37 25 5 7 26 0 81 21 0.6544011743027691 
37 25 5 7 27 3 78 28 0.7694788432442579 
37 24 5 7 26 1 81 21 0.6773521105193789 
37 23 5 8 27 0 78 18 0.6650871090027146 
37 24 5 7 26 4 81 27 0.6773521105193789 
37 23 5 8 27 0 78 18 0.7068613558634669 
37 28 5 7 26 5 81 27 0.6806743831352375 
37 27 5 7 27 4 78 27 0.6785338049607772 
37 25 5 7 26 4 81 27 0.6403342952610496 
37 24 5 7 27 4 78 27 0.702104924261044 
37 23 5 8 26 0 81 18 0.5990397922910535 
37 24 5 8 27 1 78 25 0.702104924261044 
37 23 5 8 26 0 81 18 0.5764488773346214 
37 25 5 8 27 4 78 25 0.702104924261044 
37 23 5 8 26 0 81 18 0.6403342952610496 
37 24 5 7 27 4 78 27 0.5621019693694125 
37 22 5 8 26 2 81 27 0.5617342508309215 
37 21 5 9 27 0 78 17 0.5083685391635119 
37 23 5 9 26 4 81 22 0.5503418969430802 
37 21 5 9 27 0 78 18 0.5684587883993266 
37 26 5 8 26 5 81 28 0.5422718156710972 
37 25 5 8 27 4 78 28 0.600387715173379 
37 24 5 8 26 2 81 26 0.5735805593614928 
37 23 5 8 27 2 78 25 0.5417316249241285 
37 22 5 9 26 2 81 20 0.5503418969430802 
37 21 5 9 27 0 78 18 0.5637023567969038 
37 21 5 9 26 0 81 19 0.5621882054736513 
37 23 5 8 27 2 78 26 0.5637023567969038 
37 21 5 9 26 0 81 19 0.460831017646164 
37 23 5 9 27 4 78 24 0.5061204042740399 
37 21 5 9 26 1 81 23 -1 
