140 140 0 0 14 14 14 14 0.6211453137029084 
139 138 0 0 19 17 25 25 0.6854464469105069 
137 137 0 0 23 22 38 35 0.8352939571719528 
133 136 0 0 23 21 47 35 0.8758532047776795 
131 134 0 0 26 23 56 43 0.9016191413380429 
130 132 0 0 32 23 59 50 1.0741817854209943 
124 130 0 0 34 24 69 50 1.237398875898534 
123 129 0 0 39 24 76 48 1.3710707558850457 
117 128 0 0 37 22 83 48 1.2966303983677612 
111 126 0 0 36 30 90 58 1.2392620821915599 
103 125 0 0 44 44 101 80 1.2772083727940085 
104 123 0 0 52 48 106 84 1.2799565254507503 
94 121 1 0 42 50 105 86 1.2282089288936828 
90 119 1 0 44 50 103 93 1.5974204829870229 
88 117 1 0 44 41 114 78 1.640473428059444 
92 116 0 0 49 34 116 74 1.6681703108033301 
93 115 0 0 47 29 114 69 1.4421697776473974 
92 109 0 0 47 32 114 81 1.3164116098346719 
93 108 0 0 51 34 109 88 1.4332408381339476 
93 106 0 0 54 40 121 85 1.3592534634568616 
92 102 0 1 58 36 117 82 1.3682301134719137 
91 101 0 1 49 32 115 71 1.0177594237901255 
92 97 0 2 55 41 114 86 1.1873358684241428 
92 95 0 2 51 27 110 71 1.247108779928639 
92 94 0 2 49 27 119 72 1.4052745179056962 
91 93 0 2 60 31 123 70 1.3122511909844796 
91 91 0 2 61 34 125 77 1.1769792764448082 
91 90 0 2 60 39 123 80 1.3417241964823243 
87 89 0 2 64 39 130 80 1.2849868437581553 
88 88 0 2 57 34 127 76 1.5264487606192558 
84 86 1 2 56 25 124 68 1.4909562372489882 
78 85 1 2 50 25 123 68 1.158355779062357 
76 84 1 2 35 26 109 65 1.5020968041673877 
75 80 1 2 47 17 116 59 1.501801284610996 
73 79 1 2 47 25 121 57 1.5210425470960742 
65 78 2 2 44 24 116 64 1.528113536338686 
65 76 2 2 49 25 110 58 1.4487200260328945 
64 75 2 2 47 25 109 62 1.6830944419857126 
63 74 3 2 48 19 106 52 1.546451588750091 
61 70 3 2 44 16 100 53 1.487939466858091 
62 69 2 2 47 22 115 62 1.5438527791088537 
63 68 2 2 49 19 113 57 1.730353822280386 
55 67 3 2 42 16 113 50 1.7591434995673918 
49 66 4 2 38 16 107 50 1.631533377795618 
49 65 4 2 38 19 102 52 1.6699282126646757 
49 63 4 2 38 17 105 51 1.4773011460257093 
49 62 4 3 38 19 102 53 1.6005337836737605 
49 61 4 3 38 15 105 47 1.2161757951895487 
49 60 4 3 27 18 91 50 1.2311404792353648 
53 59 4 3 30 16 93 51 1.2366939186022792 
47 58 4 3 23 16 98 53 1.2428759900990323 
48 57 4 4 32 18 103 55 1.294316280785112 
47 55 4 4 32 18 104 49 1.3317344111055915 
49 54 4 4 36 18 106 49 1.2523210593656542 
49 53 4 4 35 15 99 49 1.2360576459714738 
49 52 4 4 38 17 96 47 1.214998249758171 
49 51 4 4 38 17 105 59 1.122108241311302 
50 50 4 4 28 15 108 59 1.0429837308133765 
48 49 4 4 24 15 105 59 0.86234081704171 
50 45 4 4 28 15 103 72 1.123780417953008 
46 44 4 4 27 11 110 60 1.058147309273163 
48 43 4 4 28 13 110 62 0.9294924975636284 
52 42 3 4 32 13 106 59 0.712763457953919 
56 41 2 4 37 15 109 73 0.7193388779332655 
57 40 2 5 39 14 113 68 0.9168545269558039 
49 38 3 5 32 13 109 51 0.9090682459605013 
48 37 3 5 35 11 99 45 0.9157770039446597 
50 35 3 5 35 7 101 46 0.8284030204488357 
49 34 3 5 34 7 88 37 0.8181510645452202 
43 33 4 6 29 6 84 33 0.8468032924176214 
42 32 4 6 28 5 86 32 0.8325605101611122 
41 31 4 6 29 6 85 32 0.8303997673404316 
39 30 5 6 25 5 80 33 0.828988636877094 
37 29 5 6 27 5 78 34 0.8201656600240352 
37 28 5 6 26 4 81 37 0.7801804228735653 
37 27 5 7 27 2 78 29 0.8483752709929226 
37 26 5 7 26 1 81 24 0.8495488446985262 
37 25 5 7 27 0 78 21 0.8302819988349803 
37 27 5 7 26 4 81 24 0.8495488446985262 
37 25 5 7 27 0 78 21 0.8085345997624314 
37 26 5 7 26 2 81 27 0.7904537172249311 
37 25 5 7 27 1 78 26 0.7378084120272328 
37 24 5 8 26 1 81 22 0.7486092138543884 
37 23 5 8 27 0 78 18 0.7031105819960518 
37 25 5 7 26 5 81 33 0.7839654981626376 
37 24 5 7 27 2 78 24 0.7724926229397132 
37 23 5 8 26 0 81 18 0.7331658400663115 
37 24 5 7 27 4 78 27 0.7577089345001505 
37 22 5 8 26 0 81 18 0.6387144282844672 
37 23 5 8 27 3 78 26 0.6522985358524714 
37 21 5 9 26 0 81 17 0.6689278713934061 
37 23 5 8 27 2 78 24 0.6522985358524714 
37 21 5 9 26 0 81 17 0.6187878986455946 
37 21 5 9 27 0 78 18 0.6522985358524714 
37 21 5 9 26 0 81 17 0.6843576260627826 
37 22 5 8 27 1 78 22 0.6522985358524714 
37 21 5 9 26 0 81 17 0.5699920726893201 
37 23 5 8 27 4 78 32 0.6986138070265555 
37 22 5 8 26 1 81 23 0.6187878986455946 
37 21 5 9 27 0 78 18 0.6986138070265555 
37 22 5 8 26 1 81 23 0.6187878986455946 
37 21 5 9 27 0 78 18 0.6381869208086774 
37 22 5 8 26 3 81 27 0.5789472274151035 
37 21 5 9 27 1 78 21 -1 
