140 140 0 0 14 14 16.0 16.0 0.9789357415540548 
138 139 0 0 17 18 16.0 14.142135623730951 0.9868819380179968 
134 138 0 0 16 20 12.649110640673518 16.0 0.9898711288400761 
132 136 0 0 16 23 12.649110640673518 16.0 0.9959668327077954 
130 135 0 0 16 29 13.038404810405298 16.0 0.993549667737703 
128 131 0 0 16 28 13.038404810405298 15.033296378372908 0.9903800295439229 
126 130 0 0 14 23 15.033296378372908 15.033296378372908 0.9889975650446388 
125 128 0 0 14 22 15.033296378372908 15.033296378372908 0.9879933822839717 
123 126 0 0 15 21 15.033296378372908 15.033296378372908 0.9883904721439466 
121 124 0 0 15 21 15.033296378372908 15.033296378372908 0.989990289694576 
120 123 0 0 14 22 15.033296378372908 15.033296378372908 0.9874174189808084 
119 121 0 0 14 19 14.0 15.033296378372908 0.9845381110332737 
117 120 0 0 15 15 14.0 15.033296378372908 0.9860033979185405 
115 119 0 0 16 16 13.038404810405298 14.142135623730951 0.9864004877785154 
113 117 0 0 16 16 13.038404810405298 14.142135623730951 0.9906438933424386 
111 116 0 0 15 19 13.038404810405298 14.142135623730951 0.9894926527029736 
109 115 0 0 16 17 13.038404810405298 14.142135623730951 0.9905308105794882 
107 114 0 0 16 17 13.038404810405298 14.0 0.9925089098687347 
105 113 0 0 16 18 13.038404810405298 14.0 0.9929693861290911 
103 112 0 0 14 16 13.038404810405298 14.0 0.9979422899087165 
102 111 0 0 14 21 12.165525060596439 14.0 0.9930150287378505 
98 107 0 0 15 15 12.165525060596439 14.0 1.0160657300216709 
92 106 1 0 15 22 12.165525060596439 14.0 1.0172034931642824 
90 105 1 0 14 22 12.165525060596439 13.038404810405298 1.0243849299313286 
89 104 1 0 13 29 11.40175425099138 13.038404810405298 1.0268487811359928 
88 103 1 0 12 31 11.40175425099138 13.038404810405298 1.026515794447758 
87 101 1 0 12 31 11.045361017187261 13.038404810405298 1.026159777616878 
86 100 1 0 12 31 11.045361017187261 12.0 1.0225239061921092 
86 99 1 0 11 27 11.045361017187261 12.0 1.0196445982445748 
84 98 1 0 12 23 11.045361017187261 12.0 1.0266860529753599 
78 97 1 0 11 25 11.045361017187261 12.0 1.036339077384082 
77 95 2 0 10 22 11.045361017187261 12.0 1.0375554136373222 
76 93 2 0 11 24 10.0 12.0 1.0347790797921668 
72 92 2 0 12 18 10.0 12.0 1.0498475299849162 
70 91 3 0 12 20 10.0 12.0 1.052638175877008 
69 90 3 0 12 23 10.0 12.0 1.05509012773248 
67 88 3 0 13 26 10.0 12.0 1.050788767583664 
66 86 3 0 12 21 10.0 12.0 1.052016068406357 
65 85 3 0 11 21 9.055385138137417 12.0 1.0530786469903792 
64 84 3 0 11 22 9.055385138137417 12.0 1.0719578761469135 
56 83 4 0 10 22 10.0 12.0 1.0718360273720255 
54 81 4 0 8 21 11.40175425099138 12.0 1.073252813124307 
53 80 4 0 8 23 11.40175425099138 11.045361017187261 1.0739767019219275 
52 79 4 0 8 21 7.0710678118654755 11.045361017187261 1.0747639728697116 
50 78 4 0 7 20 7.0710678118654755 11.045361017187261 1.0624707019587019 
48 77 4 1 8 20 7.0710678118654755 11.045361017187261 1.062720733939879 
46 76 4 1 8 19 7.0710678118654755 11.045361017187261 1.0626537802783373 
44 75 5 2 9 19 7.0710678118654755 11.045361017187261 1.0776058800628385 
42 74 6 2 6 19 7.0710678118654755 11.045361017187261 1.0776246881841964 
41 72 6 2 5 19 7.0710678118654755 11.045361017187261 1.0845765451184721 
39 71 6 2 7 27 7.0710678118654755 11.045361017187261 1.0853123290150666 
38 70 6 2 6 27 7.0710678118654755 11.045361017187261 1.0850352774625527 
37 69 6 2 6 26 6.324555320336759 11.045361017187261 1.0810607120011644 
36 67 6 2 6 22 6.324555320336759 11.045361017187261 1.0817964958977588 
35 66 6 2 5 22 6.324555320336759 11.045361017187261 1.0802669735196766 
34 65 6 2 5 20 6.324555320336759 11.045361017187261 1.081866791070306 
33 64 6 2 4 21 6.324555320336759 11.045361017187261 1.0934276195957269 
32 63 7 2 4 20 6.324555320336759 11.045361017187261 1.09307302633383 
31 62 7 2 3 18 5.0990195135927845 11.045361017187261 1.0918492608754833 
30 61 7 2 3 17 5.0990195135927845 10.0 1.0926196649989397 
29 60 7 2 3 17 4.0 10.0 1.0928182099289272 
28 59 7 2 3 17 4.0 10.0 1.095180719087541 
27 58 7 2 3 19 3.1622776601683795 10.0 1.07991706547581 
26 57 7 3 3 16 3.1622776601683795 10.0 1.0678502874977063 
25 56 7 4 3 16 2.0 10.0 1.0662467913723135 
24 54 7 4 2 14 2.0 10.198039027185569 1.0773765596103182 
23 53 8 4 2 13 2.8284271247461903 10.198039027185569 1.0774681119753866 
22 52 8 4 0 13 5.0990195135927845 10.198039027185569 1.0772216533475685 
22 51 8 4 1 13 3.1622776601683795 10.198039027185569 1.0901837544936315 
21 50 9 4 0 13 3.1622776601683795 10.198039027185569 1.089839120075643 
21 49 9 4 1 13 1.4142135623730951 10.198039027185569 1 
