140 140 0 0 14 14 16.0 16.0 1.0016949015809218 
138 139 0 0 17 17 16.0 14.142135623730951 1.008212786148195 
134 137 0 0 16 20 12.165525060596439 16.0 1.0077655794969882 
133 136 0 0 15 19 13.038404810405298 16.0 1.0085137416041017 
131 134 0 0 16 22 14.0 16.0 1.0086332489968832 
129 133 0 0 16 22 14.0 15.033296378372908 1.0081034817111187 
127 132 0 0 16 21 15.033296378372908 15.033296378372908 1.0087004795538874 
125 131 0 0 14 19 15.033296378372908 15.033296378372908 1.0051022548174091 
123 127 0 0 15 17 15.033296378372908 14.142135623730951 1.0075747509723052 
121 126 0 0 15 20 15.033296378372908 14.142135623730951 1.0087977450663108 
120 124 0 0 14 22 15.033296378372908 14.142135623730951 1.0105405892748238 
119 123 0 0 14 24 14.0 14.142135623730951 1.0110758733339473 
117 122 0 0 15 25 14.0 14.0 1.0110594634535086 
116 121 0 0 14 24 14.0 14.0 1.0121337136048403 
114 119 0 0 15 26 13.038404810405298 14.0 1.0152326730212193 
113 118 0 0 14 30 13.038404810405298 14.0 1.0121071705779994 
112 117 0 0 15 26 13.038404810405298 14.0 1.0080026354668101 
111 113 0 0 14 22 13.038404810405298 13.341664064126334 1.0042473154199438 
110 111 0 0 15 18 13.038404810405298 13.341664064126334 1.0048573688009876 
110 110 0 0 13 18 13.038404810405298 13.341664064126334 1.0054700584788483 
108 109 0 0 16 21 13.038404810405298 13.341664064126334 1.0079294990954693 
104 108 0 0 16 22 13.038404810405298 13.341664064126334 1.0210327479473293 
103 107 1 0 16 23 13.038404810405298 13.341664064126334 1.0222593474185993 
102 106 1 0 14 23 13.038404810405298 13.341664064126334 1.0216230020458152 
101 105 1 0 14 22 13.038404810405298 13.341664064126334 1.0340835937308988 
97 104 2 0 14 19 13.038404810405298 13.341664064126334 1.0346868683077042 
95 103 2 0 14 19 13.038404810405298 13.341664064126334 1.038288650781508 
93 102 2 0 12 21 12.0 13.341664064126334 1.0382719898659682 
91 101 2 0 13 21 12.0 13.341664064126334 1.0376155941755254 
87 99 2 0 15 20 12.0 13.341664064126334 1.0388288870734192 
83 98 2 0 15 19 12.0 13.341664064126334 1.0398968167608136 
82 96 2 0 13 19 11.045361017187261 13.341664064126334 1.0417399623223094 
80 95 2 0 11 19 11.045361017187261 13.341664064126334 1.046058707345764 
74 94 2 0 12 22 11.045361017187261 13.341664064126334 1.0578889793569997 
68 92 3 0 16 21 11.045361017187261 13.341664064126334 1.0616015975316868 
67 91 3 0 12 23 11.045361017187261 13.341664064126334 1.0609652521589028 
66 90 3 0 12 22 11.045361017187261 13.341664064126334 1.0659334331533725 
65 89 3 0 11 29 11.045361017187261 13.341664064126334 1.0609355707650436 
64 88 3 0 11 21 11.045361017187261 13.341664064126334 1.06454370876274 
63 86 3 0 10 26 10.0 13.341664064126334 1.068262603671464 
62 85 3 0 8 30 10.0 13.341664064126334 1.0694853467303684 
60 83 3 0 9 33 10.0 13.341664064126334 1.066589712986022 
59 81 3 0 8 29 10.770329614269007 13.341664064126334 1.064310595789482 
58 80 3 0 9 25 9.055385138137417 13.341664064126334 1.0661665458541523 
57 79 3 0 9 28 9.055385138137417 13.341664064126334 1.0655302004813683 
56 78 3 0 9 27 9.055385138137417 13.341664064126334 1.0648951584241622 
54 77 3 0 8 25 10.295630140987 13.341664064126334 1.062134672622429 
53 73 3 0 8 22 8.246211251235321 13.341664064126334 1.0483725850168197 
52 72 3 1 8 20 8.246211251235321 13.341664064126334 1.0474211707535535 
51 71 3 1 7 17 7.615773105863909 13.341664064126334 1.0498936669084495 
49 70 3 1 7 20 7.615773105863909 13.341664064126334 1.03799091876963 
48 68 3 2 6 21 7.615773105863909 13.341664064126334 1.0381773663679537 
47 67 3 2 6 21 7.211102550927978 13.341664064126334 1.0387837793117773 
45 66 3 2 7 22 7.211102550927978 13.341664064126334 1.03751133960131 
44 64 3 2 5 19 7.211102550927978 13.341664064126334 1.050611199051051 
42 63 4 2 6 20 7.211102550927978 13.341664064126334 1.051910048944461 
41 62 4 2 5 21 7.0710678118654755 13.341664064126334 1.0510071075872145 
40 61 4 2 7 20 5.0990195135927845 13.341664064126334 1.0512705866801788 
40 60 4 2 5 20 5.0990195135927845 12.649110640673518 1.049734419656964 
40 59 4 2 5 19 5.0990195135927845 12.083045973594572 1.0593842479451963 
38 58 5 2 8 17 5.0990195135927845 11.40175425099138 1.0624704028584009 
36 57 5 2 5 18 5.0990195135927845 11.40175425099138 1.0589771734050164 
36 55 5 2 4 14 5.830951894845301 11.40175425099138 1.0578068158339407 
35 54 5 2 5 13 5.656854249492381 11.40175425099138 1.0446646637206765 
34 53 5 3 4 11 5.656854249492381 11.40175425099138 1.045862304463223 
33 52 5 3 5 13 4.47213595499958 11.40175425099138 1.045845894582784 
32 51 5 3 4 12 4.47213595499958 11.40175425099138 1.045203465709474 
31 50 6 4 5 12 4.47213595499958 11.40175425099138 1.0326776437112903 
30 48 6 5 4 12 4.47213595499958 11.40175425099138 1.0463911619193396 
28 47 7 5 2 11 4.47213595499958 11.40175425099138 1.0458441348436314 
27 45 7 5 3 12 3.1622776601683795 10.295630140987 1.0463028567257042 
26 44 7 5 2 12 3.1622776601683795 10.0 1.0446083860397617 
26 43 7 5 1 11 4.242640687119285 8.94427190999916 1.0432687561294403 
26 42 7 5 2 10 3.1622776601683795 8.94427190999916 1.0421026031137417 
26 41 7 5 1 9 4.242640687119285 8.94427190999916 1.0420091209221474 
26 40 7 5 2 10 3.1622776601683795 8.94427190999916 1.0283402995329873 
26 39 7 6 1 9 4.242640687119285 8.94427190999916 1.0276237434820295 
26 38 7 6 2 9 3.1622776601683795 8.94427190999916 1.026457590466331 
26 37 7 6 1 8 4.242640687119285 8.94427190999916 1.025741034415373 
26 36 7 6 2 8 3.1622776601683795 8.94427190999916 1.0126952868855763 
26 35 7 7 1 8 4.242640687119285 8.94427190999916 1.0099383890074165 
26 34 7 7 2 5 3.1622776601683795 8.602325267042627 1.0086991007124504 
26 33 7 7 1 5 4.242640687119285 7.211102550927978 1.0079825446614925 
26 32 7 7 2 5 3.1622776601683795 7.211102550927978 1.0067487971539848 
26 31 7 7 1 5 4.242640687119285 5.830951894845301 1.0067960447334672 
26 30 7 7 2 4 3.1622776601683795 8.602325267042627 1.0035630224020118 
26 29 7 7 1 3 4.242640687119285 4.47213595499958 1.0028464663510537 
26 28 7 7 2 3 3.1622776601683795 4.47213595499958 1.002811614810616 
26 27 7 7 1 4 4.242640687119285 4.242640687119285 1.0020950587596578 
26 26 7 7 2 4 3.1622776601683795 4.242640687119285 1.0032399951802264 
26 25 7 7 1 4 4.242640687119285 7.615773105863909 0.9893976968964432 
26 24 7 8 2 3 3.1622776601683795 7.615773105863909 0.9763519493666472 
26 23 7 9 1 3 4.242640687119285 7.615773105863909 0.9737430818937425 
26 22 7 9 2 1 3.1622776601683795 6.324555320336759 0.9719636343864494 
26 21 7 9 1 0 4.242640687119285 5.0990195135927845 0.9844115433719488 
26 22 7 8 2 2 3.1622776601683795 1.4142135623730951 0.9709944312805014 
26 21 7 9 1 0 4.242640687119285 3.1622776601683795 0.9734391501228882 
26 22 7 9 2 2 3.1622776601683795 4.47213595499958 0.9719636343864494 
26 21 7 9 1 0 4.242640687119285 5.0990195135927845 0.9709076928331896 
26 21 7 9 2 0 3.1622776601683795 3.1622776601683795 0.976081845718527 
26 23 7 9 1 4 4.242640687119285 5.830951894845301 0.974366155753106 
26 22 7 9 2 2 3.1622776601683795 6.324555320336759 0.9719636343864494 
26 21 7 9 1 0 4.242640687119285 5.0990195135927845 0.9857490754160626 
26 23 7 8 2 2 3.1622776601683795 2.8284271247461903 0.9719636343864494 
26 21 7 9 1 0 4.242640687119285 5.0990195135927845 0.9844115433719488 
26 22 7 8 2 2 3.1622776601683795 1.4142135623730951 0.9729505058852947 
26 21 7 9 1 0 4.242640687119285 7.0710678118654755 0.9752002692017954 
26 23 7 9 2 4 3.1622776601683795 4.242640687119285 0.9707427219827892 
26 21 7 9 1 1 4.242640687119285 1.4142135623730951 -1 
