140 140 0 0 14 14 16.0 16.0 0.9802561018944099 
138 139 0 0 17 17 16.0 14.142135623730951 0.9874534449498693 
134 138 0 0 16 17 12.0 16.0 0.9924130157943168 
132 134 0 0 16 23 12.0 16.0 0.9951771802194032 
130 133 0 0 16 25 13.341664064126334 16.0 0.9986060109538675 
128 132 0 0 16 27 13.341664064126334 16.0 0.9956838267617512 
126 131 0 0 14 22 13.341664064126334 16.0 0.9966575848539065 
125 129 0 0 14 24 13.038404810405298 15.033296378372908 0.9933772857862788 
123 128 0 0 15 21 15.033296378372908 15.033296378372908 0.9959208559044733 
121 126 0 0 15 23 15.033296378372908 15.033296378372908 0.994675465429493 
119 125 0 0 16 21 15.033296378372908 15.033296378372908 0.9944767054442106 
117 124 0 0 17 20 15.033296378372908 15.033296378372908 0.9989323055847971 
116 122 0 0 16 24 14.142135623730951 15.033296378372908 1.0008268065789105 
114 121 0 0 17 25 14.142135623730951 15.033296378372908 1.007395528782469 
112 120 0 0 17 30 14.142135623730951 15.033296378372908 1.0066378375581413 
110 119 0 0 17 28 14.142135623730951 15.033296378372908 1.0064390775728589 
108 118 0 0 18 27 14.142135623730951 15.033296378372908 1.0082623465785798 
106 117 0 0 17 27 14.142135623730951 15.033296378372908 1.0080635865932974 
104 116 0 0 18 26 14.142135623730951 15.033296378372908 1.0083525258586676 
102 115 0 0 18 25 14.142135623730951 15.033296378372908 1.0108622954953759 
98 114 0 0 18 24 14.142135623730951 15.033296378372908 1.0135682660006 
96 113 0 0 16 25 14.142135623730951 14.0 1.0190903577144603 
94 112 0 0 16 29 14.142135623730951 14.0 1.0190191671211197 
90 111 0 0 17 26 14.142135623730951 14.0 1.0198670376255354 
88 110 0 0 18 26 14.142135623730951 14.0 1.0226657051325618 
86 109 0 0 15 26 14.142135623730951 14.0 1.0466691137400592 
82 108 1 0 17 35 14.142135623730951 14.0 1.0369794473591023 
80 107 1 0 16 24 14.142135623730951 14.0 1.0522685466918962 
78 106 2 0 12 24 14.142135623730951 14.0 1.0465807996611807 
77 102 3 1 12 22 14.142135623730951 14.0 1.0468697389265509 
75 101 3 1 12 21 14.142135623730951 14.0 1.0468138073750788 
74 100 3 1 10 20 13.341664064126334 13.038404810405298 1.0513757198783886 
73 99 3 1 10 24 13.038404810405298 13.038404810405298 1.0548045506128527 
71 98 3 1 10 26 13.038404810405298 13.038404810405298 1.049343720604883 
70 96 3 1 10 21 12.165525060596439 13.038404810405298 1.0485860293805553 
68 95 3 1 10 19 12.165525060596439 13.038404810405298 1.0478283381562274 
66 94 3 1 10 17 12.165525060596439 13.038404810405298 1.0548847596104385 
64 93 3 1 9 22 12.165525060596439 13.038404810405298 1.0526863268039506 
63 91 3 1 9 20 11.045361017187261 13.038404810405298 1.0555226188226012 
62 90 3 1 9 22 10.0 13.038404810405298 1.0572821031323512 
61 89 3 1 8 23 10.0 13.038404810405298 1.0587452422793613 
57 88 3 1 8 21 10.0 13.038404810405298 1.0552518412690386 
56 87 3 1 8 17 9.055385138137417 13.038404810405298 1.055476995838438 
55 86 3 1 8 17 9.055385138137417 13.038404810405298 1.0525481100965803 
53 84 3 1 7 15 11.313708498984761 12.0 1.0611463085835635 
52 83 3 1 7 23 11.313708498984761 12.0 1.0594695562614798 
48 82 3 1 7 18 11.313708498984761 12.0 1.073366789830708 
46 81 4 1 8 19 11.313708498984761 12.0 1.0867050921608912 
44 80 5 1 8 19 11.313708498984761 12.0 1.089339396036172 
42 79 5 1 6 19 9.899494936611665 11.40175425099138 1.0885817048118442 
40 78 5 1 6 17 9.899494936611665 11.40175425099138 1.0946627277647498 
38 77 5 1 7 22 9.899494936611665 11.40175425099138 1.1048874918149036 
37 75 6 1 5 20 9.899494936611665 11.40175425099138 1.1045537151452576 
36 74 6 1 4 19 9.899494936611665 11.40175425099138 1.1031733079859134 
35 73 6 1 3 17 9.899494936611665 11.40175425099138 1.102351832065615 
34 72 6 1 3 16 9.899494936611665 11.40175425099138 1.1192539404195736 
33 71 7 1 2 20 9.899494936611665 11.40175425099138 1.1182322961709674 
32 70 7 1 3 20 9.899494936611665 10.198039027185569 1.1166672360469325 
31 68 7 1 2 18 8.48528137423857 10.198039027185569 1.1162798019093672 
30 67 7 1 3 18 8.48528137423857 10.0 1.116808002764728 
29 65 7 1 2 18 7.0710678118654755 10.0 1.1147776474396172 
28 63 7 1 2 17 7.0710678118654755 9.486832980505138 1.1193310003803416 
27 62 7 1 1 20 5.656854249492381 9.486832980505138 1.1175380151005132 
26 60 7 1 1 19 5.830951894845301 9.486832980505138 1.105643208812586 
25 59 7 2 1 20 5.830951894845301 9.486832980505138 1.1168244654674022 
24 58 8 2 1 19 5.830951894845301 9.486832980505138 1.1030795641313338 
23 57 8 3 0 18 6.324555320336759 9.486832980505138 1.102624301008254 
23 56 8 3 1 18 4.47213595499958 9.486832980505138 1.102266810510325 
22 55 8 3 1 18 5.0990195135927845 9.055385138137417 1.1149823969054915 
21 54 9 3 0 18 5.0990195135927845 9.055385138137417 1.1124563846030737 
21 52 9 3 1 16 1.4142135623730951 9.055385138137417 1 
