140 140 0 0 14 14 16.0 16.0 0.9795418852581459 
138 138 0 0 17 17 16.0 14.142135623730951 0.99075060507956 
134 137 0 0 16 22 13.038404810405298 16.0 0.9904910713591794 
132 133 0 0 16 23 13.038404810405298 16.0 0.9925294322757947 
130 132 0 0 16 24 13.341664064126334 16.0 1.0001175976448344 
128 131 0 0 16 31 14.142135623730951 16.0 1.0033391037611574 
126 130 0 0 14 32 14.142135623730951 16.0 0.9940931401991164 
125 128 0 0 14 23 14.0 16.0 0.9978560910354064 
123 126 0 0 15 27 14.0 16.0 0.9965860751559331 
121 125 0 0 15 25 14.0 15.033296378372908 0.9940254999409491 
120 123 0 0 14 23 15.033296378372908 15.033296378372908 0.9879176558541249 
119 119 0 0 14 19 14.0 14.142135623730951 0.990713376678855 
117 117 0 0 15 22 14.0 14.142135623730951 0.9890808202565731 
115 115 0 0 16 20 13.038404810405298 14.0 0.9922410717823317 
113 114 0 0 16 22 13.038404810405298 14.0 0.9959155656091525 
111 113 0 0 15 24 13.038404810405298 14.0 0.9956598847991691 
109 112 0 0 16 23 13.038404810405298 14.0 0.9949512162786879 
107 111 0 0 16 21 13.038404810405298 14.0 1.0153146372733217 
99 109 1 0 21 26 13.038404810405298 13.038404810405298 1.0437867028784105 
89 108 2 0 15 30 13.038404810405298 13.038404810405298 1.0430157857061966 
88 107 2 0 14 28 12.165525060596439 13.038404810405298 1.0427669345412551 
87 106 2 0 13 27 12.165525060596439 13.038404810405298 1.0458659314764494 
85 105 2 0 15 30 12.165525060596439 13.038404810405298 1.0432228029328483 
83 104 2 0 15 26 12.165525060596439 13.038404810405298 1.0444485944354869 
81 103 2 0 15 26 12.165525060596439 13.038404810405298 1.0418054658918858 
79 102 2 0 15 22 12.165525060596439 13.038404810405298 1.0429768324490019 
78 101 2 0 15 23 12.165525060596439 13.038404810405298 1.043180968994558 
77 100 2 0 15 23 12.165525060596439 13.038404810405298 1.0468580732463546 
76 99 2 0 15 26 11.045361017187261 13.038404810405298 1.047123464382475 
75 98 2 0 13 25 11.045361017187261 13.038404810405298 1.0473276009280312 
74 97 2 0 13 25 11.045361017187261 13.038404810405298 1.0529365547779719 
72 96 2 0 12 29 11.045361017187261 13.038404810405298 1.0596629890739964 
66 92 3 0 13 21 11.045361017187261 13.038404810405298 1.0623158279437346 
65 91 3 0 12 23 11.045361017187261 13.038404810405298 1.0650022337319653 
63 90 3 0 10 23 10.198039027185569 13.038404810405298 1.0653361299395858 
62 89 3 0 9 22 9.055385138137417 13.038404810405298 1.066507496496702 
61 88 3 0 9 23 9.055385138137417 13.038404810405298 1.0778630636238749 
60 87 4 0 9 22 9.055385138137417 13.038404810405298 1.0785814424704931 
59 86 4 0 8 22 9.055385138137417 13.038404810405298 1.078271336714987 
58 85 4 0 9 22 9.055385138137417 13.038404810405298 1.0789897155616055 
57 84 4 0 8 22 9.055385138137417 13.038404810405298 1.0812303323762849 
53 83 4 0 10 22 9.055385138137417 13.038404810405298 1.083828423037935 
49 81 4 0 7 20 8.0 13.038404810405298 1.0830860923095018 
48 80 4 0 6 18 7.0710678118654755 13.038404810405298 1.0827759865539959 
47 79 4 0 7 18 7.0710678118654755 13.038404810405298 1.0840017780566347 
45 78 4 0 7 18 7.0710678118654755 13.038404810405298 1.0842059146021907 
44 77 4 0 7 18 7.0710678118654755 13.038404810405298 1.092714216640206 
42 76 5 0 7 13 7.0710678118654755 13.038404810405298 1.0959990574706602 
40 75 6 1 5 15 7.0710678118654755 13.038404810405298 1.0846552807931906 
38 74 6 2 6 16 7.0710678118654755 13.038404810405298 1.086323044264764 
36 73 6 2 4 15 6.324555320336759 13.038404810405298 1.08846164083344 
35 72 6 2 4 17 6.324555320336759 13.038404810405298 1.08704430953203 
33 71 6 2 5 16 8.602325267042627 13.038404810405298 1.089812827937855 
31 70 6 2 2 16 8.602325267042627 13.038404810405298 1.0912407229295062 
30 69 6 2 1 16 7.211102550927978 13.038404810405298 1.0785720151844902 
29 67 6 3 1 17 7.211102550927978 13.038404810405298 1.0787761517300465 
28 66 6 3 1 17 7.211102550927978 13.038404810405298 1.090967370249625 
26 65 7 3 0 17 9.486832980505138 12.165525060596439 1.0876881500320943 
26 64 7 3 1 14 7.615773105863909 12.165525060596439 1.0895052265181806 
25 63 7 3 1 16 8.246211251235321 12.165525060596439 1.1033639209150583 
23 62 8 3 0 16 8.246211251235321 12.165525060596439 1.1009415176699282 
23 61 8 3 0 14 6.324555320336759 11.045361017187261 1.0979422199168412 
23 57 8 3 1 14 4.47213595499958 10.770329614269007 1.0976706685808606 
23 56 8 3 2 15 2.8284271247461903 9.486832980505138 1.0992101035956903 
23 55 8 3 2 17 2.0 9.486832980505138 1.0975171040704297 
23 54 8 3 1 16 2.8284271247461903 9.486832980505138 1.0963845302301176 
23 53 8 3 1 16 2.8284271247461903 8.94427190999916 1.0936325517954713 
23 52 8 3 1 14 2.8284271247461903 8.94427190999916 1.0918478033723849 
23 51 8 3 1 13 2.8284271247461903 8.94427190999916 1.0900630549492982 
23 50 8 3 1 12 2.8284271247461903 8.94427190999916 1.089245536537772 
23 49 8 3 1 12 2.8284271247461903 8.94427190999916 1.0874607881146854 
23 48 8 3 1 11 2.8284271247461903 8.94427190999916 1.086643269703159 
23 47 8 3 1 11 2.8284271247461903 8.94427190999916 1.0858257512916327 
23 46 8 3 1 11 2.8284271247461903 8.94427190999916 1.0850082328801063 
23 45 8 3 1 11 2.8284271247461903 8.94427190999916 1.0841907144685798 
23 44 8 3 1 11 2.8284271247461903 8.94427190999916 1.0822074037967901 
23 43 8 3 1 10 2.8284271247461903 8.602325267042627 1.0685170410946914 
23 41 8 4 1 11 2.8284271247461903 8.602325267042627 1.067699522683165 
23 40 8 4 1 11 2.8284271247461903 8.602325267042627 1.0660741463304981 
23 39 8 4 1 11 2.8284271247461903 7.211102550927978 1.0642893979074117 
23 38 8 4 1 10 2.8284271247461903 7.211102550927978 1.0634718794958853 
23 37 8 4 1 10 2.8284271247461903 7.211102550927978 1.061687131072799 
23 36 8 4 1 9 2.8284271247461903 7.211102550927978 1.047847056770667 
23 35 8 5 1 9 2.8284271247461903 7.211102550927978 1.0470295383591406 
23 34 8 5 1 9 2.8284271247461903 7.211102550927978 1.0447299879477503 
23 33 8 5 1 8 2.8284271247461903 6.324555320336759 1.0281379352109716 
23 31 8 6 1 6 2.8284271247461903 6.324555320336759 1.0133306308972796 
23 30 8 7 1 5 2.8284271247461903 6.324555320336759 1.01197936881499 
23 29 8 7 1 4 2.8284271247461903 7.0710678118654755 1.0103406420925312 
23 28 8 7 1 4 2.8284271247461903 5.656854249492381 1.0096242190438844 
23 27 8 7 1 4 2.8284271247461903 5.830951894845301 1.0072570496326807 
23 26 8 7 1 4 2.8284271247461903 3.1622776601683795 1.0072001423102281 
23 25 8 7 1 4 2.8284271247461903 4.47213595499958 1.0054153938871417 
23 24 8 7 1 3 2.8284271247461903 4.47213595499958 0.989653617499308 
23 23 8 8 1 2 2.8284271247461903 2.8284271247461903 0.9891873611272612 
23 22 8 8 1 1 2.8284271247461903 5.0990195135927845 0.9743800568135691 
23 21 8 9 1 0 2.8284271247461903 5.0990195135927845 0.977843681789177 
23 22 8 9 1 2 2.8284271247461903 6.324555320336759 0.9755251896953275 
23 21 8 9 1 0 2.8284271247461903 7.0710678118654755 0.9803090336165674 
23 23 8 9 1 4 2.8284271247461903 5.830951894845301 0.9767680152713175 
23 22 8 9 1 2 2.8284271247461903 4.47213595499958 0.9732554257475974 
23 21 8 9 1 0 2.8284271247461903 3.1622776601683795 0.9958327609789062 
23 25 8 8 1 5 2.8284271247461903 5.656854249492381 0.9941491079186996 
23 24 8 8 1 4 2.8284271247461903 5.830951894845301 0.9803090336165674 
23 23 8 9 1 4 2.8284271247461903 5.830951894845301 0.9767680152713175 
23 22 8 9 1 2 2.8284271247461903 4.47213595499958 0.9743800568135691 
23 21 8 9 1 0 2.8284271247461903 5.0990195135927845 0.9925553075339879 
23 23 8 8 1 5 2.8284271247461903 2.8284271247461903 0.9901545911388212 
23 22 8 8 1 2 2.8284271247461903 5.0990195135927845 0.9732075864631567 
23 21 8 9 1 1 2.8284271247461903 1.4142135623730951 -1 
