140 140 0 0 14 14 16.0 16.0 0.9887823196089065 
138 139 0 0 17 18 16.0 14.142135623730951 0.9936905625748997 
134 137 0 0 16 18 12.649110640673518 16.0 0.9946006373311097 
133 136 0 0 15 18 12.165525060596439 16.0 0.9941515739538231 
131 135 0 0 16 17 12.165525060596439 16.0 0.9981809399287653 
129 134 0 0 16 21 12.165525060596439 16.0 0.9986422084485561 
127 133 0 0 16 21 13.038404810405298 16.0 0.9975176437949221 
125 132 0 0 14 17 13.038404810405298 16.0 1.000204311380532 
123 131 0 0 15 20 13.038404810405298 16.0 1.0019957229002685 
121 129 0 0 15 22 13.038404810405298 16.0 1.0007426936127768 
120 127 0 0 14 21 13.038404810405298 15.033296378372908 0.9995942236787247 
119 126 0 0 14 20 14.0 15.033296378372908 0.998475071327681 
117 124 0 0 15 19 14.0 15.033296378372908 1.0071255783108315 
115 123 0 0 16 29 13.038404810405298 15.033296378372908 1.0072352805821532 
113 122 0 0 16 28 13.038404810405298 15.033296378372908 1.006335883020635 
111 121 0 0 15 25 13.038404810405298 15.033296378372908 1.0054539660024846 
109 120 0 0 16 24 13.038404810405298 14.142135623730951 1.0103811084851175 
107 118 0 0 16 30 13.038404810405298 14.142135623730951 1.009820721782682 
105 116 0 0 16 29 13.038404810405298 14.142135623730951 1.010261151921796 
99 114 0 0 17 26 13.038404810405298 14.142135623730951 1.0114883854903343 
97 113 0 0 15 25 13.038404810405298 14.142135623730951 1.0130592211075957 
96 109 0 0 13 28 13.038404810405298 14.142135623730951 1.017033452412997 
94 107 1 0 15 19 13.038404810405298 13.341664064126334 1.0202788856472147 
92 106 1 0 15 22 13.038404810405298 13.341664064126334 1.0240851552778636 
91 105 1 0 14 26 13.038404810405298 13.341664064126334 1.0378639727775447 
81 103 2 0 11 17 12.0 13.038404810405298 1.038448610367621 
80 102 2 0 11 17 11.045361017187261 13.038404810405298 1.0454392445818645 
79 101 2 0 11 26 11.40175425099138 13.038404810405298 1.045215348296694 
77 100 2 0 13 26 11.40175425099138 13.038404810405298 1.0540962876312403 
76 99 2 0 11 35 10.198039027185569 13.038404810405298 1.050848883096313 
72 95 2 0 12 31 10.198039027185569 13.038404810405298 1.045920569253848 
71 93 2 0 10 24 10.198039027185569 13.038404810405298 1.0484979842621314 
70 91 2 0 10 28 10.198039027185569 13.038404810405298 1.047823753792729 
68 90 2 0 10 26 10.198039027185569 13.038404810405298 1.0422358041627324 
67 82 2 0 9 24 10.198039027185569 13.038404810405298 1.0370852150889243 
66 81 2 0 10 18 10.198039027185569 13.038404810405298 1.0490644816401076 
65 79 3 0 11 19 10.198039027185569 13.038404810405298 1.0510777186971922 
64 78 3 0 9 20 10.198039027185569 13.038404810405298 1.0622730525076516 
63 76 4 0 10 20 10.198039027185569 13.038404810405298 1.0585790055901423 
62 74 4 0 10 16 10.198039027185569 13.038404810405298 1.0577955225434135 
61 72 4 0 9 15 10.198039027185569 13.038404810405298 1.0451734415869305 
60 71 4 1 10 15 9.055385138137417 13.038404810405298 1.04621365835892 
59 70 4 1 8 15 9.055385138137417 12.649110640673518 1.032800415677066 
58 69 4 2 8 14 9.055385138137417 12.649110640673518 1.0217369004695613 
56 68 4 3 8 15 9.055385138137417 12.649110640673518 1.0213860667008081 
55 66 4 3 8 15 8.0 12.0 1.019259885264747 
54 64 4 3 8 13 8.0 12.0 1.0207143566732233 
53 63 4 3 7 14 8.0 12.0 1.0200421969516436 
52 62 4 3 7 13 8.0 12.0 1.0338070130259778 
50 61 5 3 6 13 8.0 12.0 1.0349075987878902 
49 59 5 3 5 15 8.94427190999916 12.0 1.0348530800952067 
47 58 5 3 7 15 8.602325267042627 12.0 1.0360823844115676 
46 57 5 3 5 15 8.602325267042627 12.0 1.035410224689988 
45 56 5 3 5 14 8.602325267042627 12.0 1.0355199269613093 
43 55 5 3 5 13 8.602325267042627 12.0 1.034384081022323 
42 54 5 3 5 12 8.602325267042627 11.045361017187261 1.046583102363032 
41 53 6 3 4 11 8.602325267042627 11.045361017187261 1.0342369352631204 
40 52 6 4 5 12 8.48528137423857 11.045361017187261 1.0347546845159745 
39 51 6 4 4 11 7.211102550927978 11.045361017187261 1.0335237591457864 
38 50 6 4 5 10 7.211102550927978 11.045361017187261 1.0336355321649309 
37 49 6 4 5 10 7.211102550927978 11.045361017187261 1.0210062222238006 
36 48 6 5 5 10 7.211102550927978 11.045361017187261 1.0334304106566252 
35 47 7 5 5 10 7.211102550927978 11.045361017187261 1.0326858732578281 
34 46 7 5 4 9 8.48528137423857 11.045361017187261 1.0319254838838907 
33 44 7 5 3 7 5.830951894845301 10.0 1.017842152228279 
32 42 7 6 3 6 5.830951894845301 10.0 1.0171699925066993 
31 41 7 6 3 5 5.830951894845301 10.0 1.0172817655258435 
30 40 7 6 3 5 5.830951894845301 10.0 1.0318325850887249 
29 39 8 6 2 7 5.830951894845301 10.0 1.0315697064260634 
27 38 8 6 2 6 5.656854249492381 9.055385138137417 1.0314864479904327 
27 37 8 6 2 6 4.47213595499958 9.055385138137417 1.0176044905710444 
26 36 8 7 4 5 3.1622776601683795 9.055385138137417 1.0182729584909744 
24 35 8 7 3 4 3.1622776601683795 9.055385138137417 1.0312559125724075 
23 34 9 7 2 4 3.1622776601683795 9.055385138137417 1.0312539160221046 
22 33 9 7 1 3 2.8284271247461903 8.94427190999916 1.03206619625017 
21 32 9 7 1 3 1.4142135623730951 8.94427190999916 1 
