140 140 0 0 14 14 16.0 16.0 1.001582544863057 
138 139 0 0 17 18 16.0 14.142135623730951 1.0066413638285743 
134 138 0 0 16 18 12.649110640673518 16.0 1.010611880463579 
133 137 0 0 15 23 12.165525060596439 16.0 1.0087306287940927 
131 136 0 0 16 20 12.165525060596439 16.0 1.009337469080982 
129 134 0 0 16 21 12.165525060596439 16.0 1.0107635221743758 
127 133 0 0 16 23 13.038404810405298 16.0 1.0144885533319854 
125 132 0 0 14 26 13.038404810405298 16.0 1.0119837351616645 
123 131 0 0 15 22 13.038404810405298 16.0 1.0101005449320384 
121 130 0 0 15 18 13.038404810405298 16.0 1.0125802737814409 
120 128 0 0 14 22 13.038404810405298 16.0 1.0137095829718006 
119 127 0 0 14 23 12.0 16.0 1.0130754643039843 
117 126 0 0 15 22 12.0 16.0 1.0124435346961762 
116 125 0 0 15 21 12.0 16.0 1.0110222105811086 
114 121 0 0 16 21 11.045361017187261 16.0 1.0117817792808874 
110 120 0 0 19 23 12.0 16.0 1.0130169225551737 
110 119 0 0 15 22 12.0 16.0 1.0111397985058355 
109 118 0 0 16 20 12.0 16.0 1.0111377520790188 
110 117 0 0 15 21 12.0 16.0 1.0098800669103676 
108 116 0 0 16 19 12.0 16.0 1.0118705956374783 
104 115 0 0 16 20 12.0 15.033296378372908 1.0132168876763727 
103 114 0 0 15 22 13.038404810405298 15.033296378372908 0.996320893646329 
102 108 0 1 15 20 13.038404810405298 15.033296378372908 0.9981810409818527 
100 107 0 1 16 23 13.038404810405298 15.033296378372908 1.0087935070723553 
99 106 1 1 14 18 13.038404810405298 15.033296378372908 1.014393114852749 
97 105 1 1 14 26 13.038404810405298 15.033296378372908 1.017502584249951 
96 104 1 1 14 31 13.038404810405298 15.033296378372908 1.0166792438232979 
95 103 1 1 14 29 12.165525060596439 15.033296378372908 1.0085515592451268 
93 99 1 1 16 20 12.165525060596439 15.033296378372908 1.0116462062220077 
87 98 1 1 19 23 12.165525060596439 15.033296378372908 1.0191235394944904 
86 92 2 1 19 20 12.165525060596439 15.033296378372908 1.0211561896037509 
84 91 2 1 17 21 12.165525060596439 14.142135623730951 1.0205181938156553 
82 90 2 1 16 18 12.165525060596439 14.142135623730951 1.0229980305317345 
80 89 2 1 15 20 12.165525060596439 14.142135623730951 1.0232909736684836 
79 88 2 1 12 17 11.40175425099138 14.0 1.0267111177201012 
78 87 2 1 11 21 10.770329614269007 14.0 1.0267027546131282 
77 86 2 1 11 21 10.770329614269007 14.0 1.0260730140653287 
77 85 2 1 10 20 10.770329614269007 14.0 1.0266882174591907 
76 84 2 1 10 21 10.770329614269007 14.0 1.0254284858637228 
75 82 2 1 10 20 10.770329614269007 14.0 1.029151220094647 
73 80 2 1 9 25 10.770329614269007 14.0 1.0255423964256642 
71 79 2 1 10 20 10.770329614269007 13.038404810405298 1.0257209153508868 
70 78 2 1 10 20 10.0 12.649110640673518 1.026961874305592 
70 77 2 1 9 22 10.0 12.649110640673518 1.023835678694444 
69 76 2 1 9 17 10.0 12.649110640673518 1.0238231879673232 
67 75 2 1 9 16 10.0 12.649110640673518 1.0241121395463013 
66 74 2 1 8 16 10.0 12.0 1.0253530985010069 
66 73 2 1 7 18 10.0 12.0 1.0284579392783233 
62 72 2 1 11 24 10.0 12.0 1.0186790695304127 
60 71 2 2 9 24 8.246211251235321 12.0 1.0162962911861264 
60 69 2 2 8 21 8.0 12.0 1.0162901171391616 
60 68 2 2 7 21 8.0 12.0 1.0137874880288487 
59 67 2 2 7 17 8.0 12.0 1.0137769358618676 
57 66 2 2 8 17 8.0 12.0 1.0150159562564334 
57 65 2 2 6 18 8.0 12.0 1.0136426905750953 
57 64 2 2 6 17 8.246211251235321 12.0 1.013435239010155 
55 63 2 2 6 17 9.899494936611665 12.0 1.0134226404163575 
54 61 2 2 6 18 9.899494936611665 12.0 1.013117566592004 
54 60 2 2 5 18 9.899494936611665 11.40175425099138 0.9981151375588608 
52 59 2 3 8 16 9.899494936611665 11.40175425099138 1.0112235577129745 
50 58 3 3 9 17 9.899494936611665 11.40175425099138 1.0241519755958004 
48 57 4 3 9 17 9.899494936611665 11.045361017187261 1.0241419244285563 
48 56 4 3 6 15 9.899494936611665 11.045361017187261 1.025123701759868 
46 55 4 3 4 15 11.661903789690601 11.045361017187261 1.0244895830920517 
44 54 4 3 5 14 11.661903789690601 11.045361017187261 1.023956990751172 
43 53 4 3 4 13 11.661903789690601 10.0 1.0233228720833558 
41 52 4 3 5 12 11.661903789690601 10.0 1.03642935367733 
39 51 5 3 5 12 11.661903789690601 10.0 1.039723964752788 
37 50 6 4 3 13 10.0 10.0 1.0393214668272912 
37 49 6 4 3 12 8.48528137423857 10.198039027185569 1.0386895372194833 
36 48 6 4 3 11 8.48528137423857 10.198039027185569 1.0386811741125104 
35 47 6 4 3 11 8.48528137423857 10.198039027185569 1.0392944389462329 
34 46 6 4 2 11 8.48528137423857 10.198039027185569 1.0386758446152036 
34 45 6 4 3 11 7.211102550927978 10.198039027185569 1.0381659107440122 
33 44 6 4 3 11 7.0710678118654755 9.055385138137417 1.0382358568628 
31 42 6 4 3 11 5.830951894845301 8.0 1.0251886336035572 
30 41 6 5 3 10 5.656854249492381 8.0 1.0263862537926207 
28 40 6 5 3 10 4.47213595499958 8.0 1.0251246755211363 
27 39 7 6 3 8 4.47213595499958 8.0 1.0245646489158091 
26 38 7 6 2 7 5.830951894845301 8.246211251235321 1.0241015789795795 
26 37 7 6 3 7 4.242640687119285 8.246211251235321 1.0240932158726066 
25 36 7 6 3 7 4.242640687119285 8.246211251235321 1.035986951052382 
24 34 8 6 2 7 4.242640687119285 7.0710678118654755 1.0235536991219316 
23 33 8 7 2 6 2.8284271247461903 7.0710678118654755 1.024245501675418 
22 32 8 7 2 6 1.4142135623730951 7.0710678118654755 1.0367373700610711 
21 31 9 7 0 6 3.1622776601683795 6.324555320336759 1.0357410816065842 
21 30 9 7 1 6 1.4142135623730951 5.0990195135927845 1 
