140 140 0 0 14 14 16.0 16.0 0.9953164824852667 
138 139 0 0 17 17 16.0 14.142135623730951 1.0023125477494998 
134 138 0 0 16 19 12.649110640673518 16.0 1.0018036057217985 
133 137 0 0 15 17 12.165525060596439 16.0 1.0026939668208557 
131 136 0 0 16 18 12.165525060596439 16.0 1.0020778097887142 
129 135 0 0 16 16 12.165525060596439 16.0 1.0028592823238067 
127 134 0 0 16 16 12.165525060596439 16.0 1.0064847858586554 
125 132 0 0 14 20 13.038404810405298 16.0 1.0059775173904788 
123 131 0 0 15 19 13.038404810405298 16.0 1.00486639780072 
121 130 0 0 15 17 14.0 16.0 1.0069037985670855 
120 129 0 0 14 19 14.0 16.0 1.0074486061041812 
119 128 0 0 14 19 13.038404810405298 16.0 1.0104354115540897 
117 127 0 0 15 23 13.038404810405298 16.0 1.0082809967329431 
115 126 0 0 16 19 12.165525060596439 16.0 1.0097612840516526 
113 125 0 0 16 20 12.165525060596439 16.0 1.0160243862917173 
111 124 0 0 15 27 12.165525060596439 16.0 1.0155171178235405 
109 123 0 0 16 26 12.165525060596439 16.0 1.015599775575016 
107 122 0 0 16 25 12.165525060596439 16.0 1.014335900381703 
105 118 0 0 16 25 12.165525060596439 16.0 1.0155984105724833 
103 117 0 0 14 24 12.165525060596439 16.0 1.030020464892697 
93 116 1 0 23 25 12.165525060596439 16.0 1.0529514034096628 
83 115 2 0 15 23 11.045361017187261 16.0 1.0632552427674937 
79 114 2 0 12 32 11.045361017187261 16.0 1.0625484810218366 
78 110 2 0 11 33 11.045361017187261 16.0 1.0625983260013154 
77 109 2 0 11 33 11.045361017187261 16.0 1.0609809174660199 
76 108 2 0 10 29 10.0 16.0 1.0591984609098384 
75 107 2 0 10 26 9.486832980505138 16.0 1.075238900656858 
71 106 3 0 10 28 9.486832980505138 16.0 1.0712090478172467 
70 105 3 0 9 21 9.055385138137417 16.0 1.0727982236999214 
68 104 3 0 10 23 9.055385138137417 16.0 1.0748356244662862 
67 103 3 0 9 25 9.055385138137417 16.0 1.0739645752155706 
66 102 3 0 9 24 9.486832980505138 16.0 1.0732565618269463 
64 100 3 0 8 22 9.486832980505138 16.0 1.0688198969279685 
63 98 3 0 9 17 8.94427190999916 16.0 1.0692029895588488 
59 96 3 0 11 17 8.94427190999916 16.0 1.0829396580750623 
58 95 4 0 10 18 8.94427190999916 16.0 1.084419945393772 
56 94 4 0 10 19 8.94427190999916 16.0 1.0879532193372699 
55 93 4 0 8 23 9.899494936611665 16.0 1.0912750103864772 
54 92 4 0 8 26 7.615773105863909 16.0 1.0870401103077707 
53 90 4 0 7 20 7.615773105863909 16.0 1.0858340270559768 
51 89 4 0 8 18 7.615773105863909 16.0 1.0733946966062036 
49 88 4 1 7 18 9.899494936611665 16.0 1.071365129442313 
48 86 4 1 7 16 9.899494936611665 16.0 1.0707161596381747 
47 85 4 1 7 15 9.899494936611665 16.0 1.0721636341848875 
46 84 4 1 7 17 9.899494936611665 16.0 1.0852014879174836 
45 83 5 1 6 17 9.899494936611665 16.0 1.0853893458032782 
44 82 5 1 7 17 8.48528137423857 16.0 1.0853303022187923 
43 81 5 1 6 16 8.48528137423857 16.0 1.0853801471982711 
42 80 5 1 6 16 8.48528137423857 16.0 1.0971292599275977 
41 79 6 1 6 15 8.48528137423857 16.0 1.0991352959771512 
40 78 6 1 5 15 5.830951894845301 16.0 1.099916768512244 
38 77 6 1 5 15 5.830951894845301 16.0 1.099317113837675 
37 76 6 1 4 14 5.830951894845301 15.033296378372908 1.0997197400846304 
36 75 7 2 3 14 5.830951894845301 15.033296378372908 1.099179658844457 
35 74 7 2 4 14 5.830951894845301 15.033296378372908 1.1006277428769276 
34 73 7 2 4 15 4.47213595499958 15.033296378372908 1.1005686992924415 
33 72 7 2 3 14 4.47213595499958 15.033296378372908 1.1006185442719203 
32 71 7 2 3 14 4.47213595499958 15.033296378372908 1.1012583154710516 
31 70 7 2 2 14 4.47213595499958 15.033296378372908 1.1008025322780906 
30 69 7 2 4 14 3.1622776601683795 15.033296378372908 1.1014751162492182 
28 68 7 2 3 13 3.1622776601683795 15.033296378372908 1.1145129699818144 
27 67 8 2 2 13 3.1622776601683795 15.033296378372908 1.1153245842981558 
26 66 8 2 1 13 2.8284271247461903 15.033296378372908 1.1146428017220207 
26 65 8 2 1 13 2.8284271247461903 15.033296378372908 1.1132622043622684 
26 64 8 2 1 12 2.8284271247461903 15.033296378372908 1.1125804217861333 
26 63 8 2 1 12 2.8284271247461903 15.033296378372908 1.1125974539936154 
26 62 8 2 1 13 2.8284271247461903 15.033296378372908 1.1112168566338632 
26 61 8 2 1 12 2.8284271247461903 15.033296378372908 1.110535074057728 
26 60 8 2 1 12 2.8284271247461903 15.033296378372908 1.1098532914815928 
26 59 8 2 1 12 2.8284271247461903 15.033296378372908 1.096536281419817 
26 58 8 3 1 12 2.8284271247461903 15.033296378372908 1.0832192713580415 
26 57 8 4 1 12 2.8284271247461903 15.033296378372908 1.0832363035655235 
26 56 8 4 1 13 2.8284271247461903 15.033296378372908 1.0832533357730054 
26 55 8 4 1 14 2.8284271247461903 15.033296378372908 1.081173923629636 
26 54 8 4 1 12 2.8284271247461903 15.033296378372908 1.080492141053501 
26 53 8 4 1 12 2.8284271247461903 15.033296378372908 1.081906802828217 
26 52 8 4 1 15 2.8284271247461903 15.033296378372908 1.081225020252082 
26 51 8 4 1 15 2.8284271247461903 15.033296378372908 1.0793460577510103 
26 50 8 4 1 14 2.8284271247461903 14.142135623730951 1.079363089958492 
26 49 8 4 1 15 2.8284271247461903 14.142135623730951 1.0786813073823571 
26 48 8 4 1 15 2.8284271247461903 14.142135623730951 1.0759030804553709 
26 47 8 4 1 12 2.8284271247461903 14.142135623730951 1.0591090286829916 
26 45 8 5 1 8 2.8284271247461903 14.142135623730951 1.0570296165396225 
26 44 8 5 1 6 2.8284271247461903 14.142135623730951 1.0556490191798702 
26 43 8 5 1 5 2.8284271247461903 14.142135623730951 1.0430308239017116 
26 42 8 6 1 6 2.8284271247461903 14.142135623730951 1.0395708143985902 
26 40 8 6 1 3 2.8284271247461903 14.142135623730951 1.0388890318224553 
26 39 8 6 1 3 2.8284271247461903 14.142135623730951 1.0248732069770625 
26 38 8 7 1 2 2.8284271247461903 14.142135623730951 1.0241914244009274 
26 37 8 7 1 2 2.8284271247461903 14.142135623730951 1.022810827041175 
26 36 8 7 1 1 2.8284271247461903 14.142135623730951 1.0094938169793997 
26 35 8 8 1 1 2.8284271247461903 14.142135623730951 1.0074959786113369 
26 34 8 8 1 0 2.8284271247461903 13.038404810405298 1.0139928027139236 
26 37 8 8 1 4 2.8284271247461903 16.0 1.0108914465466339 
26 35 8 8 1 3 2.8284271247461903 14.142135623730951 0.9943485606686596 
26 33 8 9 1 0 2.8284271247461903 13.341664064126334 0.9994533989859298 
26 35 8 9 1 4 2.8284271247461903 15.033296378372908 0.9968756217012409 
26 34 8 9 1 2 2.8284271247461903 14.142135623730951 0.9943485606686596 
26 33 8 9 1 0 2.8284271247461903 13.341664064126334 1.0127704090477052 
26 36 8 8 1 4 2.8284271247461903 15.033296378372908 1.0076655707304354 
26 34 8 8 1 0 2.8284271247461903 13.341664064126334 1.0280086275593163 
26 38 8 7 1 5 2.8284271247461903 16.0 1.026087419109481 
26 37 8 7 1 4 2.8284271247461903 15.033296378372908 1.0230790251430624 
26 35 8 7 1 3 2.8284271247461903 13.341664064126334 1.0076655707304354 
26 34 8 8 1 0 2.8284271247461903 13.341664064126334 1.0286904101354515 
26 39 8 7 1 5 2.8284271247461903 16.0 1.0234926096173103 
26 37 8 7 1 1 2.8284271247461903 14.142135623730951 1.022810827041175 
26 36 8 7 1 1 2.8284271247461903 14.142135623730951 1.0094938169793997 
26 35 8 8 1 1 2.8284271247461903 14.142135623730951 1.0076655707304354 
26 34 8 8 1 0 2.8284271247461903 13.341664064126334 1.0097449828738048 
26 35 8 8 1 2 2.8284271247461903 13.341664064126334 1.0076655707304354 
26 34 8 8 1 0 2.8284271247461903 13.341664064126334 1.0127704090477052 
26 36 8 8 1 4 2.8284271247461903 15.033296378372908 1.0108914465466339 
26 35 8 8 1 3 2.8284271247461903 14.142135623730951 1.0083643855140525 
26 34 8 8 1 1 2.8284271247461903 13.341664064126334 0.9943485606686596 
26 33 8 9 1 0 2.8284271247461903 13.341664064126334 0.9994533989859298 
26 35 8 9 1 4 2.8284271247461903 15.033296378372908 0.9941789685495611 
26 33 8 9 1 0 2.8284271247461903 13.038404810405298 1.011590261330251 
26 35 8 8 1 4 2.8284271247461903 14.142135623730951 1.008194793394954 
26 34 8 8 1 1 2.8284271247461903 13.038404810405298 0.9943485606686596 
26 33 8 9 1 0 2.8284271247461903 13.341664064126334 0.9994533989859298 
26 35 8 9 1 4 2.8284271247461903 15.033296378372908 0.9968756217012409 
26 34 8 9 1 2 2.8284271247461903 14.142135623730951 0.9943485606686596 
26 33 8 9 1 0 2.8284271247461903 13.341664064126334 0.9994533989859298 
26 35 8 9 1 4 2.8284271247461903 15.033296378372908 0.9968756217012409 
26 34 8 9 1 2 2.8284271247461903 14.142135623730951 0.9941789685495611 
26 33 8 9 1 0 2.8284271247461903 13.038404810405298 0.9994533989859298 
26 35 8 9 1 4 2.8284271247461903 15.033296378372908 0.9967961349870446 
26 34 8 9 1 2 2.8284271247461903 14.0 0.9941789685495611 
26 33 8 9 1 0 2.8284271247461903 13.038404810405298 -1 
