140 140 0 0 14 14 16.0 16.0 0.9812213180518183 
138 138 0 0 17 17 16.0 14.142135623730951 0.9835667063668634 
134 134 0 0 16 16 13.038404810405298 15.033296378372908 0.9844177366247941 
132 132 0 0 16 18 15.033296378372908 15.033296378372908 0.9877274289381177 
130 131 0 0 16 21 15.033296378372908 15.033296378372908 0.9871233132900108 
128 130 0 0 16 19 15.033296378372908 15.033296378372908 0.9892291932499512 
126 129 0 0 14 19 15.033296378372908 15.033296378372908 0.9893816158053002 
125 128 0 0 14 19 15.033296378372908 15.033296378372908 0.986765939927402 
123 126 0 0 15 16 15.033296378372908 15.033296378372908 0.9916411554252977 
121 125 0 0 15 21 15.033296378372908 15.033296378372908 0.9939313373769564 
120 124 0 0 14 23 15.033296378372908 15.033296378372908 0.9902937756240617 
119 120 0 0 14 20 14.0 15.033296378372908 0.9915919077075942 
117 118 0 0 15 22 14.0 15.033296378372908 0.9918158668979763 
115 116 0 0 16 22 13.038404810405298 15.033296378372908 0.9935600360267276 
113 115 0 0 16 23 13.038404810405298 15.033296378372908 0.9947869540727637 
111 113 0 0 15 24 13.038404810405298 14.142135623730951 0.9976506093408681 
109 111 0 0 16 28 13.038404810405298 14.142135623730951 0.9986120168773335 
107 110 0 0 16 28 13.038404810405298 14.142135623730951 0.9960323860526936 
105 108 0 0 16 25 13.038404810405298 13.038404810405298 0.9989210276049201 
103 107 0 0 14 26 13.038404810405298 13.038404810405298 0.994822899600913 
102 106 0 0 14 20 12.165525060596439 13.038404810405298 0.9957843071373781 
100 105 0 0 14 20 12.165525060596439 13.038404810405298 1.000061063034706 
99 104 0 0 15 26 12.165525060596439 13.038404810405298 1.0049887253102623 
95 103 0 0 15 29 12.165525060596439 13.038404810405298 1.005713384077349 
94 102 0 0 14 29 12.165525060596439 13.038404810405298 1.032676151474099 
86 101 1 0 15 41 12.165525060596439 13.038404810405298 1.040873946267181 
82 99 2 0 16 34 12.165525060596439 13.038404810405298 1.0352784094707792 
80 97 2 0 14 25 12.165525060596439 13.038404810405298 1.0360030682378658 
79 96 2 0 13 25 12.165525060596439 13.038404810405298 1.033749103191157 
77 94 2 0 12 21 12.165525060596439 13.038404810405298 1.034864029103857 
76 93 2 0 11 21 11.40175425099138 13.038404810405298 1.0342052724185913 
75 92 2 0 10 19 11.045361017187261 13.038404810405298 1.0335168305564544 
73 90 2 0 9 17 11.045361017187261 13.038404810405298 1.0340279707265065 
72 89 2 0 9 18 11.045361017187261 12.165525060596439 1.048730263074795 
70 88 3 0 12 22 11.045361017187261 12.165525060596439 1.0509361188124238 
69 86 3 0 10 24 11.045361017187261 12.165525060596439 1.0510885413677729 
68 85 3 0 10 24 11.045361017187261 12.165525060596439 1.049018878312782 
67 83 3 0 10 22 11.045361017187261 12.165525060596439 1.049885308123844 
65 81 3 0 12 24 10.770329614269007 12.165525060596439 1.032986191934532 
64 77 3 1 12 21 10.770329614269007 12.165525060596439 1.0439496501642573 
63 76 4 1 14 21 10.770329614269007 11.40175425099138 1.0468382917164838 
61 75 4 1 12 22 10.770329614269007 11.40175425099138 1.046627794593675 
59 74 4 1 12 20 10.0 11.40175425099138 1.0507818715209603 
57 73 4 1 10 22 9.055385138137417 11.40175425099138 1.0507237686957607 
56 72 4 1 9 21 9.055385138137417 11.40175425099138 1.0516589528433955 
55 71 4 1 9 22 9.055385138137417 11.40175425099138 1.050482600983551 
53 70 4 1 10 20 9.055385138137417 11.40175425099138 1.0492674984766273 
52 69 4 1 10 19 9.055385138137417 10.198039027185569 1.0356601056882213 
51 68 4 2 10 17 8.0 10.198039027185569 1.0400618236473596 
51 67 4 2 8 22 8.0 10.198039027185569 1.039557683776941 
50 65 4 2 8 22 8.0 10.198039027185569 1.041539764478098 
49 64 4 2 7 23 7.0710678118654755 10.198039027185569 1.0411461742105395 
47 63 4 2 8 22 7.0710678118654755 10.198039027185569 1.0376524712989261 
47 62 4 2 7 18 7.615773105863909 10.198039027185569 1.0373759930769373 
46 60 4 2 7 19 7.615773105863909 9.055385138137417 1.037765164401665 
44 59 4 2 8 19 7.615773105863909 9.055385138137417 1.038024700730943 
42 57 5 3 6 18 7.615773105863909 9.055385138137417 1.0505036703641837 
41 56 6 3 6 18 7.615773105863909 9.055385138137417 1.0508500970339416 
40 54 6 3 5 18 7.0710678118654755 9.055385138137417 1.0502197579970047 
39 53 6 3 5 17 7.0710678118654755 9.055385138137417 1.0619159660379591 
38 52 7 3 5 16 7.0710678118654755 9.055385138137417 1.0625690706722961 
37 51 7 3 4 16 7.211102550927978 9.055385138137417 1.0628794057585953 
35 50 7 3 4 16 8.48528137423857 9.055385138137417 1.0636040645256817 
34 49 7 3 3 16 8.48528137423857 9.055385138137417 1.0641769341593654 
33 48 7 3 4 17 7.0710678118654755 8.0 1.0545163110128095 
32 47 7 4 3 20 7.0710678118654755 8.0 1.0563846471239084 
31 46 7 4 4 22 5.656854249492381 8.0 1.0382398456287247 
30 44 7 5 3 15 5.656854249492381 8.0 1.0383922681840736 
29 43 7 5 3 15 5.656854249492381 8.0 1.0379123195183146 
28 42 7 5 4 14 4.242640687119285 8.0 1.037402942505522 
27 41 7 5 3 13 4.242640687119285 7.0710678118654755 1.036772603468585 
26 40 7 5 3 12 4.242640687119285 7.0710678118654755 1.0506065709058492 
25 39 8 5 2 13 4.242640687119285 7.0710678118654755 1.05012662224009 
24 38 8 5 3 12 2.8284271247461903 7.0710678118654755 1.0486811080986023 
23 36 8 5 1 10 2.8284271247461903 6.0 1.0503389188291528 
22 35 8 5 1 11 1.4142135623730951 6.0 1.0607245224670452 
21 34 9 5 0 10 5.0990195135927845 6.0 1.0457978191522 
21 32 9 6 1 7 1.4142135623730951 6.324555320336759 1 
