140 140 0 0 14 14 16.0 16.0 0.9715273959827121 
138 139 0 0 17 17 16.0 14.142135623730951 0.9821430290043888 
134 138 0 0 16 20 12.0 16.0 0.9856731260082535 
132 137 0 0 16 22 12.0 16.0 0.9872049997269364 
130 135 0 0 16 23 12.165525060596439 16.0 0.9875243248432093 
128 133 0 0 16 23 12.649110640673518 16.0 0.9893685257338282 
126 131 0 0 14 24 14.142135623730951 16.0 0.9868430410220056 
124 129 0 0 16 22 14.142135623730951 16.0 0.9908723207947906 
122 128 0 0 15 24 14.142135623730951 16.0 0.9876141659318316 
120 127 0 0 16 20 14.142135623730951 16.0 0.988548723800808 
118 126 0 0 17 20 14.142135623730951 16.0 0.9915796380357526 
116 125 0 0 18 22 14.142135623730951 16.0 0.9930133786736495 
114 124 0 0 18 22 14.142135623730951 16.0 0.9933989411285625 
112 123 0 0 18 21 14.142135623730951 16.0 1.0011217508643628 
110 122 0 0 18 27 14.142135623730951 16.0 0.999410956953308 
108 121 0 0 18 24 14.142135623730951 16.0 1.0029410539571726 
106 120 0 0 18 26 14.142135623730951 16.0 1.0022784382291017 
104 119 0 0 18 24 14.142135623730951 16.0 1.0041003153162753 
102 118 0 0 16 24 14.142135623730951 15.033296378372908 1.0082180477508955 
100 117 0 0 16 27 15.033296378372908 15.033296378372908 1.0049619216850914 
98 113 0 0 16 25 15.033296378372908 15.033296378372908 1.0058466669089248 
96 112 0 0 15 24 15.033296378372908 15.033296378372908 1.0080312906787252 
92 111 0 0 16 23 15.033296378372908 15.033296378372908 1.0280216082275386 
88 110 1 0 18 28 15.033296378372908 15.033296378372908 1.039912437477106 
82 108 2 0 16 22 15.033296378372908 15.033296378372908 1.05495915916208 
80 107 3 0 17 24 15.033296378372908 15.033296378372908 1.0591405140075614 
76 106 3 0 14 23 15.033296378372908 15.033296378372908 1.0689596801093297 
74 105 3 0 14 31 15.033296378372908 15.033296378372908 1.067949956685035 
70 104 3 0 13 26 15.033296378372908 15.033296378372908 1.0849920908770567 
69 103 4 0 14 31 15.033296378372908 15.033296378372908 1.0846546979920697 
67 102 4 0 13 28 13.341664064126334 15.033296378372908 1.1033068256482397 
61 101 5 0 10 27 13.038404810405298 15.033296378372908 1.1016092897565763 
60 99 5 0 8 26 13.038404810405298 13.341664064126334 1.1047022142549072 
58 98 5 0 8 28 13.038404810405298 12.649110640673518 1.1165545887457855 
56 97 6 0 7 26 13.038404810405298 12.649110640673518 1.1206841079000713 
55 96 6 0 6 29 12.649110640673518 12.649110640673518 1.1170259258398414 
54 95 6 0 6 25 12.165525060596439 12.649110640673518 1.118854375410885 
52 94 6 0 6 25 11.40175425099138 12.649110640673518 1.1224055240905102 
50 93 6 0 6 27 10.770329614269007 12.165525060596439 1.12207095906731 
49 91 6 0 6 27 10.295630140987 12.165525060596439 1.1196290212045472 
48 90 6 0 6 24 9.486832980505138 12.165525060596439 1.1235573571184119 
47 89 6 0 5 27 9.486832980505138 12.165525060596439 1.1233427929454847 
46 88 6 0 6 27 9.486832980505138 12.165525060596439 1.123577598896334 
45 87 6 0 4 26 9.486832980505138 12.165525060596439 1.1245121567653107 
43 86 6 0 5 26 9.486832980505138 12.165525060596439 1.1202058237193677 
41 85 6 0 6 21 9.486832980505138 12.165525060596439 1.1246922080208284 
39 84 6 0 5 23 8.602325267042627 12.165525060596439 1.1254633329306545 
35 82 6 0 5 21 8.602325267042627 12.165525060596439 1.13993895831969 
33 81 7 0 3 21 7.615773105863909 11.40175425099138 1.1381770331948584 
32 80 7 0 5 20 7.615773105863909 11.40175425099138 1.145712052188127 
28 79 7 0 2 22 7.211102550927978 11.40175425099138 1.1486420225641514 
27 78 7 0 3 25 7.211102550927978 11.40175425099138 1.1485147261773287 
26 76 7 0 2 25 5.830951894845301 10.198039027185569 1.146433827112934 
26 75 7 0 3 23 3.1622776601683795 10.198039027185569 1.147766623891911 
25 74 7 0 3 24 3.1622776601683795 10.198039027185569 1.1590209005521042 
24 70 8 0 2 25 3.1622776601683795 10.198039027185569 1.1477919925856903 
23 69 8 1 2 26 2.0 10.198039027185569 1.146965840754034 
22 67 8 1 1 25 1.4142135623730951 10.198039027185569 1.157861179586976 
21 66 9 1 0 25 5.0990195135927845 10.198039027185569 1.155257228805193 
21 65 9 1 1 22 1.4142135623730951 10.198039027185569 1 
