140 140 0 0 14 14 16.0 16.0 0.9848858210993953 
138 139 0 0 17 17 16.0 14.142135623730951 0.9923599791597018 
134 138 0 0 16 19 12.165525060596439 16.0 0.9948489732192737 
132 137 0 0 16 21 12.165525060596439 16.0 0.9955314412196024 
130 136 0 0 16 21 12.649110640673518 16.0 0.9934513102937329 
128 134 0 0 16 18 12.649110640673518 16.0 0.9948456848777155 
126 132 0 0 14 18 12.649110640673518 16.0 0.9967843612673113 
125 131 0 0 14 20 12.165525060596439 16.0 0.9972651021619015 
123 129 0 0 15 21 12.165525060596439 16.0 0.9967267447417228 
121 128 0 0 15 21 14.142135623730951 15.033296378372908 1.0002207204755158 
120 126 0 0 14 26 15.033296378372908 15.033296378372908 1.0008733199941569 
119 125 0 0 14 26 14.0 15.033296378372908 0.997326936723417 
117 124 0 0 15 21 14.0 15.033296378372908 0.9973907970745777 
115 123 0 0 16 20 13.038404810405298 15.033296378372908 0.999098313938625 
113 122 0 0 16 21 13.038404810405298 15.033296378372908 1.0029338221553608 
111 121 0 0 15 24 13.038404810405298 15.033296378372908 1.001731870471195 
109 120 0 0 16 22 13.038404810405298 15.033296378372908 1.001876432944193 
107 119 0 0 16 21 13.038404810405298 15.033296378372908 1.0037036879959471 
105 117 0 0 16 23 13.038404810405298 15.033296378372908 1.0057598015877476 
103 116 0 0 14 23 13.038404810405298 15.033296378372908 1.0063316026966858 
102 115 0 0 14 23 12.165525060596439 15.033296378372908 1.0163115962690428 
98 114 0 0 16 34 12.165525060596439 15.033296378372908 1.016239718508155 
96 113 0 0 15 32 12.165525060596439 15.033296378372908 1.0101200512743098 
95 112 0 0 15 24 12.165525060596439 15.033296378372908 1.0322532159017266 
87 111 1 0 16 30 12.165525060596439 15.033296378372908 1.042365365967951 
83 110 1 0 15 39 12.165525060596439 15.033296378372908 1.0434118455566934 
82 109 1 0 14 40 12.165525060596439 14.142135623730951 1.0340695674945704 
81 107 1 0 13 28 12.165525060596439 14.142135623730951 1.0402362607586528 
80 106 1 0 13 35 11.045361017187261 14.142135623730951 1.038023979502431 
79 105 1 0 13 32 11.045361017187261 14.142135623730951 1.0318093922026554 
75 104 1 0 16 23 11.045361017187261 14.142135623730951 1.052653726310902 
73 103 2 0 15 32 11.045361017187261 14.142135623730951 1.0534445590228063 
72 102 2 0 12 30 10.0 14.142135623730951 1.0570317384891705 
68 101 2 0 13 33 11.40175425099138 14.142135623730951 1.0563948237666438 
66 100 2 0 13 31 11.40175425099138 14.142135623730951 1.06845873331991 
65 99 3 0 13 31 11.40175425099138 13.341664064126334 1.0671600795895653 
63 97 3 0 13 29 11.40175425099138 13.341664064126334 1.0679139735198184 
61 95 3 0 12 28 10.0 13.341664064126334 1.064823513021893 
60 93 3 0 11 24 10.0 13.341664064126334 1.0598445375466923 
59 89 3 0 11 20 10.0 13.341664064126334 1.0622244174174398 
58 87 3 0 10 23 10.0 13.341664064126334 1.0566804049806 
57 83 3 0 11 19 10.0 13.341664064126334 1.0573775922725912 
56 82 3 0 10 19 10.0 13.341664064126334 1.0559467882118942 
55 81 3 0 10 17 10.0 13.341664064126334 1.0558624983083609 
54 80 3 0 9 16 10.0 13.341664064126334 1.0440392465482056 
53 79 3 1 9 17 10.0 13.341664064126334 1.0480787828561815 
52 78 3 1 9 22 10.0 13.341664064126334 1.0436648443426197 
51 74 3 1 8 18 10.0 13.341664064126334 1.043027929620093 
49 73 3 1 8 16 10.0 13.341664064126334 1.0572594372937434 
48 72 4 1 9 19 10.0 13.341664064126334 1.0587381017812596 
47 71 4 1 8 20 10.0 13.341664064126334 1.058101187058733 
45 70 4 1 8 18 10.0 13.341664064126334 1.0596304737876057 
44 69 4 1 7 19 9.899494936611665 13.341664064126334 1.0581029676807294 
43 67 4 1 6 17 9.899494936611665 13.341664064126334 1.0592968659309288 
41 65 5 2 5 18 9.899494936611665 13.341664064126334 1.0597776129890344 
40 64 5 2 3 17 9.899494936611665 13.341664064126334 1.0604748002810256 
39 63 5 2 2 17 9.899494936611665 13.341664064126334 1.0601616518374457 
38 61 5 2 3 18 9.899494936611665 13.341664064126334 1.0610007577463043 
37 60 5 2 2 18 8.48528137423857 12.165525060596439 1.0486124690245102 
36 59 5 3 3 19 8.48528137423857 12.165525060596439 1.0472540276272215 
35 57 5 3 2 17 7.0710678118654755 11.045361017187261 1.0468211409959347 
34 56 5 3 3 17 7.0710678118654755 11.045361017187261 1.0484470775127352 
33 55 5 3 3 18 5.656854249492381 11.045361017187261 1.0620636326165145 
31 54 6 3 3 19 5.656854249492381 10.198039027185569 1.0612089133748943 
29 53 6 3 2 17 7.211102550927978 10.198039027185569 1.073323315509345 
28 52 7 3 3 18 7.211102550927978 9.055385138137417 1.0735876223335648 
27 51 7 3 0 16 7.211102550927978 9.055385138137417 1.071580733453791 
27 50 7 3 1 14 5.656854249492381 9.055385138137417 1.0596883134890351 
26 49 7 4 1 14 4.242640687119285 9.055385138137417 1.0447206319074216 
25 48 7 5 1 12 5.830951894845301 9.055385138137417 1.045998820061154 
24 47 8 6 1 14 5.830951894845301 9.055385138137417 1.0458174593606164 
23 46 8 6 0 12 4.47213595499958 9.055385138137417 1.0446371070229221 
23 45 8 6 1 11 2.8284271247461903 9.055385138137417 1.0454815663441983 
22 44 8 6 1 11 1.4142135623730951 9.055385138137417 1.0546873805135701 
21 43 9 6 0 9 5.0990195135927845 8.246211251235321 1.0553165621439387 
21 42 9 6 1 9 1.4142135623730951 8.246211251235321 1 
