140 140 0 0 14 14 16.0 16.0 0.9681351829044004 
138 138 0 0 17 17 16.0 14.142135623730951 0.973920531588783 
134 137 0 0 16 16 13.341664064126334 16.0 0.9780998566540524 
132 136 0 0 16 19 14.142135623730951 16.0 0.9828840378144432 
130 134 0 0 16 23 14.142135623730951 16.0 0.9834875839528563 
128 132 0 0 16 23 14.142135623730951 16.0 0.9882304533505216 
126 130 0 0 14 26 14.142135623730951 16.0 0.9846946762296824 
124 128 0 0 16 23 14.142135623730951 16.0 0.9856113353128826 
122 127 0 0 15 22 14.142135623730951 16.0 0.985524147403314 
120 126 0 0 16 21 14.142135623730951 16.0 0.9866709288008371 
118 124 0 0 17 22 14.142135623730951 16.0 0.9909531864648436 
116 122 0 0 18 26 14.142135623730951 16.0 0.9924130808071537 
114 121 0 0 18 26 14.142135623730951 16.0 0.9886471813719917 
112 120 0 0 18 21 14.142135623730951 16.0 0.9894978854588963 
110 119 0 0 18 21 14.142135623730951 15.033296378372908 0.9925849160085202 
108 118 0 0 18 23 15.033296378372908 15.033296378372908 0.9921433033914387 
106 116 0 0 18 22 15.033296378372908 15.033296378372908 0.9990549165464397 
102 115 0 0 18 25 15.033296378372908 15.033296378372908 1.0005148108887498 
100 114 0 0 18 25 15.033296378372908 15.033296378372908 1.0189432886326824 
96 113 1 0 19 28 15.033296378372908 15.033296378372908 1.0185206751321783 
92 109 1 0 16 25 15.033296378372908 15.033296378372908 1.0194373342153784 
90 108 1 0 15 24 15.033296378372908 15.033296378372908 1.0260817105724354 
88 107 1 0 13 28 15.033296378372908 15.033296378372908 1.0245949391998597 
86 105 1 0 13 26 15.033296378372908 15.033296378372908 1.0317723301023607 
85 104 2 0 17 23 15.033296378372908 15.033296378372908 1.03423607143744 
83 103 2 0 15 23 15.033296378372908 15.033296378372908 1.0397223265213933 
82 102 2 0 13 27 15.033296378372908 15.033296378372908 1.0458260371893568 
80 101 2 0 13 31 14.142135623730951 15.033296378372908 1.0440177583137848 
74 100 2 0 10 22 14.142135623730951 15.033296378372908 1.041142743353782 
73 99 2 0 8 18 14.142135623730951 15.033296378372908 1.0429915986748677 
72 98 2 0 7 19 14.142135623730951 15.033296378372908 1.0437952952404586 
71 97 2 0 6 19 14.142135623730951 15.033296378372908 1.0422694364206866 
70 95 2 0 6 18 14.0 15.033296378372908 1.0452742791593659 
68 94 2 0 6 19 13.038404810405298 15.033296378372908 1.0482330119982974 
66 93 2 0 6 20 12.165525060596439 15.033296378372908 1.062296241447759 
64 92 3 0 9 22 12.165525060596439 15.033296378372908 1.0471055505565514 
62 90 3 1 8 19 12.165525060596439 15.033296378372908 1.0489624152069226 
60 89 3 1 8 19 11.40175425099138 15.033296378372908 1.0367334603960492 
58 87 3 2 8 19 10.770329614269007 15.033296378372908 1.0384400800567077 
56 86 3 2 8 19 10.295630140987 15.033296378372908 1.0425063038660665 
54 85 3 2 8 22 11.313708498984761 15.033296378372908 1.024392143655655 
52 79 3 3 6 19 11.313708498984761 15.033296378372908 1.0243049557460862 
50 78 3 3 7 18 11.313708498984761 15.033296378372908 1.0271906224311897 
48 76 3 3 6 19 9.899494936611665 15.033296378372908 1.0437205856998348 
44 75 4 3 6 19 8.48528137423857 15.033296378372908 1.059678546617225 
43 74 5 3 5 22 8.48528137423857 15.033296378372908 1.060636517463151 
41 73 5 3 6 22 8.48528137423857 15.033296378372908 1.061411004847772 
39 71 5 3 5 22 7.0710678118654755 13.341664064126334 1.0407974346514783 
37 67 5 4 5 16 7.211102550927978 13.341664064126334 1.0413608014067064 
36 65 5 4 5 17 7.0710678118654755 13.341664064126334 1.0569298013453217 
34 64 6 4 5 19 7.0710678118654755 13.341664064126334 1.056375226210631 
33 62 6 4 5 19 7.0710678118654755 13.341664064126334 1.0554759943439953 
31 61 6 4 7 17 5.656854249492381 13.341664064126334 1.0513002445453346 
29 59 7 5 8 14 5.656854249492381 13.341664064126334 1.0685866378232207 
25 58 8 5 3 14 7.615773105863909 13.341664064126334 1.07137663665992 
24 57 8 5 3 14 2.8284271247461903 13.341664064126334 1.0700900157145221 
23 56 8 5 2 12 2.8284271247461903 13.341664064126334 1.0705835918194306 
22 55 8 5 1 11 1.4142135623730951 13.341664064126334 1.08076453330791 
21 54 9 5 0 11 5.656854249492381 12.649110640673518 1.0774229863229392 
21 53 9 5 0 9 4.47213595499958 11.045361017187261 1.076566638119042 
21 52 9 5 0 9 4.47213595499958 11.045361017187261 1.0757102899151447 
21 51 9 5 0 9 4.47213595499958 11.045361017187261 1.0758991004667422 
21 50 9 5 0 10 4.47213595499958 11.045361017187261 1.074242986435629 
21 49 9 5 0 9 4.0 11.045361017187261 1.059980561043932 
21 48 9 6 0 9 4.47213595499958 11.045361017187261 1.0572792882573245 
21 47 9 6 0 7 4.0 11.045361017187261 1.0555187891244495 
21 46 9 6 0 7 4.47213595499958 10.0 1.0557498743084077 
21 45 9 6 1 7 1.4142135623730951 10.0 1 
