140 140 0 0 14 14 16.0 16.0 0.9763807900553794 
138 138 0 0 17 17 16.0 14.142135623730951 0.9828354398122725 
134 137 0 0 16 17 13.038404810405298 16.0 0.9847191337703844 
132 135 0 0 16 19 14.0 16.0 0.9880607207829432 
130 133 0 0 16 22 14.0 16.0 0.987394388856265 
128 132 0 0 16 20 14.0 16.0 0.9916209865909844 
126 131 0 0 14 22 14.0 16.0 0.9908790242717924 
124 130 0 0 16 21 14.0 16.0 0.9918497768461662 
122 128 0 0 15 21 14.0 16.0 0.9925949256949255 
121 127 0 0 14 21 14.0 16.0 0.9925265880230086 
119 125 0 0 15 21 14.0 16.0 0.9932717368717681 
118 124 0 0 14 21 14.0 16.0 0.9954957845064202 
116 123 0 0 14 22 14.0 16.0 0.9949120079023873 
115 121 0 0 14 22 14.0 16.0 0.9941741517742246 
114 120 0 0 14 21 14.0 16.0 0.9943956493088095 
112 119 0 0 16 21 14.0 16.0 0.9982567814445135 
110 117 0 0 15 24 14.0 16.0 0.9975694437863891 
109 116 0 0 14 22 13.038404810405298 16.0 1.0011293418039648 
108 115 0 0 15 26 13.038404810405298 16.0 1.002318405383356 
107 114 0 0 15 27 13.038404810405298 16.0 1.0016520734566776 
105 113 0 0 15 25 13.038404810405298 16.0 0.9985433828903303 
104 112 0 0 14 21 13.038404810405298 16.0 0.9978055267621676 
103 111 0 0 14 20 13.038404810405298 16.0 1.010156852190272 
102 110 1 0 14 20 13.038404810405298 16.0 1.011345915769663 
101 109 1 0 14 21 13.038404810405298 16.0 1.0106080596415004 
100 108 1 0 14 20 13.038404810405298 16.0 1.015207047905367 
99 107 1 0 13 24 13.038404810405298 16.0 1.015432651630981 
98 106 1 0 13 24 13.038404810405298 16.0 1.0156582553565954 
97 105 1 0 13 24 13.038404810405298 16.0 1.0250435708308554 
96 104 2 0 15 22 13.038404810405298 16.0 1.0359305447674396 
92 103 2 0 19 32 13.038404810405298 16.0 1.0359268063668758 
88 102 2 0 18 28 13.038404810405298 16.0 1.0437063771890394 
84 101 2 0 15 31 13.038404810405298 16.0 1.045414985891576 
83 100 2 0 14 32 13.038404810405298 16.0 1.0368664011558018 
82 94 2 0 13 26 12.0 16.0 1.0183640827785432 
80 93 2 1 13 19 12.0 16.0 1.0201008905343 
78 92 2 1 11 19 12.0 15.033296378372908 1.0221683042597782 
77 91 2 1 11 21 12.165525060596439 15.033296378372908 1.009890659735812 
75 90 2 2 12 21 12.165525060596439 15.033296378372908 1.0236387846806823 
73 89 3 2 12 22 12.165525060596439 14.0 1.0371102038717368 
71 88 4 2 12 22 12.0 14.0 1.0370771458660748 
69 86 4 2 10 21 12.0 13.038404810405298 1.0363392897379122 
68 85 4 2 10 20 12.0 13.038404810405298 1.0377539570429173 
66 83 4 2 10 21 12.0 13.038404810405298 1.0408699403298618 
65 82 4 2 10 24 12.0 13.038404810405298 1.036325186512881 
64 81 4 2 9 18 11.045361017187261 13.038404810405298 1.037220308694741 
62 79 4 2 10 19 11.045361017187261 13.038404810405298 1.0459056677851337 
58 78 4 2 10 24 10.0 13.038404810405298 1.0482053458122995 
56 77 4 2 8 24 10.0 13.038404810405298 1.0490820358035178 
55 75 4 2 7 25 9.055385138137417 12.165525060596439 1.0477967810073339 
54 74 4 2 7 23 8.246211251235321 12.165525060596439 1.0442532356757597 
53 73 4 2 8 19 7.0710678118654755 12.165525060596439 1.0474407431641886 
51 72 4 2 8 21 7.0710678118654755 12.165525060596439 1.0464130518295243 
50 70 4 2 7 20 7.0710678118654755 12.165525060596439 1.0473114837793063 
49 68 4 2 7 22 7.0710678118654755 11.40175425099138 1.0485005473586972 
48 67 4 2 7 23 7.0710678118654755 11.40175425099138 1.0464093520134017 
46 66 4 2 6 20 7.615773105863909 10.198039027185569 1.045109999516909 
45 65 4 2 9 19 6.324555320336759 10.770329614269007 1.0485798858973798 
41 64 4 2 6 18 7.211102550927978 10.770329614269007 1.0609312113254843 
40 63 5 2 6 18 7.211102550927978 10.770329614269007 1.0607598013390347 
39 62 5 2 7 17 5.0990195135927845 10.770329614269007 1.0610569292661334 
37 61 5 2 7 16 5.0990195135927845 10.770329614269007 1.0502663959101186 
36 60 5 3 5 17 5.0990195135927845 10.770329614269007 1.0620230651997726 
34 58 6 3 4 16 5.830951894845301 10.770329614269007 1.0632121287791636 
33 57 6 3 4 17 5.830951894845301 10.770329614269007 1.0655118068063296 
31 56 6 3 2 17 5.830951894845301 10.770329614269007 1.0639896219441471 
30 55 6 3 3 15 4.47213595499958 10.770329614269007 1.0473610229147161 
29 51 6 4 2 13 4.47213595499958 10.770329614269007 1.0460297995295207 
28 50 6 4 3 12 3.1622776601683795 9.486832980505138 1.0467749483782804 
27 49 6 4 2 12 3.1622776601683795 9.486832980505138 1.057797348353592 
26 47 7 4 3 12 3.1622776601683795 9.486832980505138 1.0591401173545765 
25 46 7 4 2 12 2.0 9.486832980505138 1.0590850709362591 
24 45 7 4 1 12 4.47213595499958 10.295630140987 1.0719669239935439 
23 44 8 4 0 13 6.324555320336759 10.295630140987 1.0681804317998673 
23 42 8 4 0 11 4.47213595499958 8.246211251235321 1.0667332090177217 
23 41 8 4 1 10 2.8284271247461903 8.246211251235321 1.0537038263110365 
22 40 8 5 1 9 1.4142135623730951 8.246211251235321 1.0636660544495908 
21 39 9 5 0 9 7.0710678118654755 8.246211251235321 1.0508843495610831 
21 38 9 6 0 8 3.1622776601683795 8.246211251235321 1.0504542440443736 
21 37 9 6 1 8 1.4142135623730951 8.246211251235321 1 
