140 140 0 0 14 14 16.0 16.0 0.9767299316979648 
138 139 0 0 17 19 16.0 14.142135623730951 0.984023421911159 
134 138 0 0 16 19 12.165525060596439 16.0 0.9875168963063887 
132 137 0 0 16 21 12.165525060596439 16.0 0.9857043498729163 
130 135 0 0 16 19 12.649110640673518 16.0 0.983204843250622 
128 134 0 0 16 16 14.142135623730951 16.0 0.9876876738869201 
126 133 0 0 14 18 14.142135623730951 16.0 0.9922849649942852 
124 132 0 0 16 22 14.142135623730951 16.0 0.9941799445568456 
122 131 0 0 15 22 14.142135623730951 16.0 1.0003185002613466 
120 130 0 0 16 27 14.142135623730951 16.0 0.9896207416552297 
118 126 0 0 17 19 14.142135623730951 15.033296378372908 0.9894204741980234 
116 125 0 0 18 19 15.033296378372908 14.0 0.9950071215464569 
114 124 0 0 18 23 15.033296378372908 14.0 0.9995471824182884 
112 123 0 0 18 26 15.033296378372908 14.0 0.9999008973837128 
110 122 0 0 18 25 15.033296378372908 14.0 1.0023477853023408 
108 121 0 0 18 26 15.033296378372908 14.0 1.002701500267765 
106 120 0 0 18 25 15.033296378372908 14.0 1.0030552152331895 
104 119 0 0 18 24 15.033296378372908 14.0 1.0085846323460894 
102 118 0 0 16 27 15.033296378372908 14.0 1.0278282086303623 
94 117 1 0 18 27 15.033296378372908 14.0 1.0289233938684907 
88 116 1 0 13 20 15.033296378372908 14.0 1.049076042659235 
87 115 2 0 14 28 15.033296378372908 14.0 1.0531214254105323 
85 114 2 0 15 31 15.033296378372908 14.0 1.052030613114108 
83 112 2 0 12 28 14.142135623730951 13.341664064126334 1.0506955200910537 
82 111 2 0 11 26 14.142135623730951 13.341664064126334 1.050175737233682 
80 109 2 0 11 25 14.142135623730951 13.341664064126334 1.0573608794147848 
78 108 2 0 12 31 14.142135623730951 13.341664064126334 1.065192787559085 
74 104 3 0 12 26 14.142135623730951 13.341664064126334 1.0746517290050097 
70 103 3 0 13 32 14.142135623730951 13.341664064126334 1.0832569841298658 
66 102 4 0 10 24 14.142135623730951 13.038404810405298 1.0833759706412989 
65 101 4 0 9 23 13.341664064126334 13.038404810405298 1.080827080727047 
64 99 4 0 9 21 13.038404810405298 13.038404810405298 1.094733293578456 
62 98 5 0 8 21 13.038404810405298 13.038404810405298 1.096537959985207 
61 97 5 0 7 22 13.038404810405298 13.038404810405298 1.096801361794822 
60 96 5 0 7 22 13.038404810405298 13.038404810405298 1.0998732296490645 
56 95 5 0 7 21 12.165525060596439 13.038404810405298 1.102066706000398 
55 94 5 0 6 22 11.40175425099138 13.038404810405298 1.1054698672398184 
54 93 5 0 6 25 11.40175425099138 13.038404810405298 1.1057332690494337 
53 92 5 0 6 25 11.40175425099138 13.038404810405298 1.1009368271298454 
52 90 5 0 6 21 11.40175425099138 13.038404810405298 1.1179827994110598 
50 89 6 0 5 24 11.40175425099138 13.038404810405298 1.118000473376565 
49 88 6 0 5 24 11.40175425099138 12.649110640673518 1.1008566928584105 
48 87 6 1 3 19 11.40175425099138 12.649110640673518 1.1012381873467618 
47 86 6 1 4 19 10.198039027185569 12.649110640673518 1.103220175323139 
45 85 6 1 4 19 9.055385138137417 12.649110640673518 1.105157737723442 
43 84 6 1 4 19 8.0 12.649110640673518 1.0917741480552101 
41 83 6 2 4 17 7.0710678118654755 12.649110640673518 1.090477206562451 
39 81 6 2 2 15 8.48528137423857 12.649110640673518 1.0923391032047358 
38 80 6 2 3 17 8.48528137423857 12.649110640673518 1.093097183134885 
37 79 6 2 2 17 8.48528137423857 12.649110640673518 1.091819320347364 
36 78 6 2 3 16 8.48528137423857 12.649110640673518 1.0764471233156852 
35 76 6 3 2 14 8.48528137423857 12.649110640673518 1.095091590429569 
33 75 7 3 2 19 8.48528137423857 12.649110640673518 1.0944830060426014 
29 73 7 3 4 16 7.0710678118654755 12.649110640673518 1.1098974005708706 
28 72 8 3 4 19 7.0710678118654755 12.649110640673518 1.1114350723156334 
26 71 8 3 3 19 7.0710678118654755 12.083045973594572 1.1087839649747628 
25 70 8 3 4 16 5.656854249492381 12.083045973594572 1.1287645026876076 
21 69 9 3 0 17 3.1622776601683795 12.083045973594572 1.126193034232226 
21 68 9 3 1 15 1.4142135623730951 12.083045973594572 1 
