140 140 0 0 14 14 16.0 16.0 0.9866752070608511 
138 139 0 0 17 17 16.0 14.142135623730951 0.9902992936763176 
134 135 0 0 16 17 12.649110640673518 16.0 0.9897912511927754 
132 133 0 0 16 17 14.142135623730951 16.0 0.9900314943515479 
130 131 0 0 16 17 14.142135623730951 16.0 0.9904695355775194 
128 130 0 0 16 17 14.142135623730951 15.033296378372908 0.9960872488575099 
126 128 0 0 14 23 15.033296378372908 15.033296378372908 0.9955402807626961 
125 126 0 0 14 23 15.033296378372908 15.033296378372908 0.9936517324634144 
123 124 0 0 15 21 15.033296378372908 15.033296378372908 0.9945590652963869 
121 123 0 0 15 21 15.033296378372908 15.033296378372908 0.9928916634702637 
120 122 0 0 14 18 15.033296378372908 15.033296378372908 0.9919631344599393 
119 121 0 0 14 16 14.0 15.033296378372908 0.9923082017802831 
117 120 0 0 15 16 14.0 15.033296378372908 0.9947017346533987 
115 119 0 0 16 18 13.038404810405298 15.033296378372908 0.996392330459084 
113 118 0 0 16 19 13.038404810405298 15.033296378372908 1.001111153994049 
111 116 0 0 15 24 13.038404810405298 15.033296378372908 0.9992226056947673 
109 114 0 0 16 22 13.038404810405298 15.033296378372908 0.9983298511541986 
108 112 0 0 16 21 12.165525060596439 15.033296378372908 0.997108392529117 
106 111 0 0 17 19 12.165525060596439 15.033296378372908 1.0038477307853706 
102 110 0 0 15 23 12.165525060596439 15.033296378372908 1.0021842772401208 
100 109 0 0 14 19 12.165525060596439 15.033296378372908 1.0025293445604646 
98 108 0 0 15 19 12.165525060596439 15.033296378372908 1.0027791127470718 
97 107 0 0 14 19 12.165525060596439 14.142135623730951 1.0042439096534395 
96 106 0 0 14 20 11.045361017187261 14.142135623730951 1.0038057140010705 
94 105 0 0 15 19 11.045361017187261 14.142135623730951 1.0039297838613304 
92 104 0 0 15 18 11.045361017187261 14.142135623730951 1.0163932044138482 
86 103 1 0 21 18 11.045361017187261 13.038404810405298 1.0249434090682477 
80 101 1 0 16 21 11.045361017187261 13.038404810405298 1.0396405935339503 
78 100 2 0 22 27 11.045361017187261 13.341664064126334 1.052324311244198 
74 99 2 0 15 35 11.045361017187261 13.341664064126334 1.0434051461835105 
73 93 2 0 14 27 11.045361017187261 13.341664064126334 1.0416329201958157 
72 91 2 0 12 24 11.045361017187261 13.341664064126334 1.040760626185026 
68 90 2 0 11 19 11.045361017187261 13.341664064126334 1.0448002098144988 
64 89 2 0 10 21 11.045361017187261 12.165525060596439 1.057690819150918 
60 88 3 0 12 20 11.045361017187261 12.165525060596439 1.0714731172098897 
59 87 4 0 11 21 11.045361017187261 12.165525060596439 1.0735028330574654 
57 86 4 0 9 20 9.486832980505138 12.165525060596439 1.0749684831221933 
56 85 4 0 8 21 9.486832980505138 12.165525060596439 1.0749820486647335 
55 84 4 0 9 22 9.055385138137417 11.045361017187261 1.0742140831098357 
54 82 4 0 8 21 9.055385138137417 11.045361017187261 1.0777752050887046 
53 81 4 0 7 24 8.0 11.045361017187261 1.0648189343879988 
51 80 4 1 9 24 8.0 11.045361017187261 1.0658384922386106 
50 78 4 1 9 26 8.0 11.045361017187261 1.060700718749965 
48 77 4 1 10 19 8.0 11.045361017187261 1.0690491013935708 
42 76 4 1 8 25 11.40175425099138 11.40175425099138 1.0818271390197456 
41 75 5 1 6 24 11.40175425099138 11.40175425099138 1.0795974716809933 
40 74 5 1 6 21 11.40175425099138 11.40175425099138 1.0949462956853906 
39 73 6 1 5 24 11.40175425099138 11.40175425099138 1.0924652816887215 
38 72 6 1 4 19 9.899494936611665 11.40175425099138 1.0918021402953948 
37 71 6 1 4 18 9.899494936611665 11.40175425099138 1.107277255328754 
36 70 7 1 3 21 9.899494936611665 11.661903789690601 1.1060557967036724 
34 69 7 1 4 19 9.899494936611665 11.661903789690601 1.1073730710550531 
33 68 7 1 2 20 9.899494936611665 10.198039027185569 1.1100639790126616 
32 67 7 1 3 24 9.899494936611665 10.198039027185569 1.1091053635202566 
31 66 7 1 2 21 8.48528137423857 10.198039027185569 1.1055301676961629 
30 65 7 1 3 17 8.48528137423857 10.198039027185569 1.1069213411218959 
29 64 7 1 2 17 7.0710678118654755 10.198039027185569 1.1069752273041495 
27 63 7 1 2 16 7.211102550927978 10.198039027185569 1.0936089872918249 
26 59 7 2 1 16 5.830951894845301 10.198039027185569 1.0909407856164421 
25 57 7 2 1 14 5.830951894845301 9.055385138137417 1.1033775551900724 
24 56 8 2 1 14 5.830951894845301 9.055385138137417 1.1030292913818556 
23 55 8 2 0 13 6.324555320336759 9.055385138137417 1.1022160033150101 
23 54 8 2 1 13 4.47213595499958 8.0 1.10280520158649 
22 53 8 2 1 14 5.0990195135927845 8.0 1.1030651641643276 
21 52 9 3 0 14 5.0990195135927845 8.0 1.102899325140636 
21 51 9 3 1 13 1.4142135623730951 8.0 1 
