0.9999997883304174 
0.9999996796442355 
0.9999895234772405 
0.9999893233759646 
0.9999891652326167 
0.9999823027297058 
0.9999821564697083 
0.9999820525280307 
0.9999818907186289 
0.9999817096196048 
0.9999815627191099 
0.9999813654669283 
0.9999812660706893 
0.9999711652142018 
0.9999710113499641 
0.9999708656489087 
0.9999707203523965 
0.9999602313303095 
0.9999602147976875 
0.999960074710851 
0.9999599143609357 
0.9999597687899507 
0.9999488879112925 
0.9999487874221503 
0.9999486177782909 
0.9999484979239378 
0.9999483490757761 
0.9999481589349789 
0.9999373952211293 
0.9999372153711199 
