-0.0125014879831015 
-0.012502668373461605 
-0.012631188902153116 
-0.012633141023560307 
-0.01263522748564054 
-0.012731709199478134 
-0.01273223876349801 
-0.012733566690500388 
-0.012735472708213243 
-0.012736879286032057 
-0.012739072508421177 
-0.012741082960274454 
-0.01274238033229284 
-0.012870097579614275 
-0.012871853579015581 
-0.012873821716375708 
-0.012875997594541184 
-0.013016539371898863 
-0.013016888634829462 
-0.01301868718169641 
-0.013020661185250727 
-0.013022555890605737 
-0.013160684259521447 
-0.01316235793807094 
-0.013163606185828708 
-0.013164972839968836 
-0.013166591347024505 
-0.013168550188526838 
-0.013298805336910491 
-0.013302159037380532 
