0.0006278019876598767 
0.000629817603646436 
0.0006737714749391053 
0.0006775928084896338 
0.0006817825761351092 
0.0006503367687966957 
0.0006531247645486836 
0.0006565624257674483 
0.000660797525328808 
0.0006617390078180647 
0.0006670896742000759 
0.0006700889737572536 
0.0006754341405189612 
0.0007169757752368208 
0.0007216575613920054 
0.0007241308227288137 
0.0007287898773457858 
0.0007994879558621773 
0.0008048392163963611 
0.0008093803296470131 
0.0008148915983293134 
0.0008175184115264198 
0.0008563482038971597 
0.0008645034459110596 
0.0008734978227959471 
0.0008783250998479929 
0.0008852606162696111 
0.0008928568972110316 
0.0009106969225582561 
0.0009193740870565948 
