140 140 0 0 14 14 14 14 0.010000000000000009 
138 138 0 0 17 17 25 25 0.1162500000000001 
134 137 0 0 16 22 30 35 0.12250000000000005 
132 136 0 0 16 21 32 32 0.10625000000000004 
130 134 0 0 16 20 32 35 0.12375000000000007 
128 132 0 0 16 22 32 41 0.10374999999999993 
126 128 0 0 14 21 30 45 0.14625000000000013 
125 127 0 0 14 25 28 49 0.1700000000000001 
123 126 0 0 15 26 36 48 0.11374999999999981 
121 125 0 0 16 20 42 39 0.11624999999999999 
119 124 0 0 17 21 45 50 0.11624999999999999 
118 123 0 0 16 20 44 49 0.18499999999999994 
116 122 0 0 16 25 46 56 0.16375000000000003 
115 120 0 0 16 24 49 56 0.19749999999999995 
113 119 0 0 15 25 46 56 0.17624999999999993 
111 118 0 0 15 22 43 50 0.1962500000000002 
110 117 0 0 15 24 48 59 0.21624999999999994 
109 115 0 0 14 26 47 62 0.17625000000000007 
108 113 0 0 14 24 44 61 0.11875000000000005 
108 112 0 0 14 19 47 50 0.11125000000000013 
108 111 0 0 13 19 41 50 0.12749999999999992 
108 110 0 0 14 22 44 50 0.175 
107 108 0 0 15 28 49 57 0.3600000000000001 
103 107 0 0 15 41 52 72 0.1800000000000001 
99 106 0 0 19 26 52 56 0.37625 
95 100 1 0 19 24 51 58 0.48 
89 99 1 0 15 23 58 62 0.48375 
88 98 1 0 16 23 71 62 0.4524999999999999 
87 97 1 0 16 20 71 57 0.5812500000000003 
86 96 1 0 15 32 55 68 0.81375 
82 94 2 0 14 27 57 64 0.8775000000000002 
81 93 2 0 14 33 57 73 0.7512500000000001 
79 92 2 0 14 22 47 64 0.79125 
77 91 2 0 12 23 42 67 0.7324999999999999 
76 89 2 0 12 18 43 55 0.7812500000000001 
74 88 2 0 11 20 45 58 0.7700000000000001 
73 87 2 0 11 19 46 58 0.4750000000000001 
72 83 2 1 10 18 45 63 0.21750000000000014 
70 82 2 2 12 16 54 48 0.21374999999999988 
69 81 2 2 11 15 53 50 0.2512499999999999 
68 80 2 2 11 18 55 52 0.35 
62 79 2 2 14 25 55 63 0.5437500000000001 
60 78 3 2 12 17 52 55 0.7887499999999998 
59 77 4 2 13 18 50 57 0.78625 
55 76 4 2 16 17 59 58 0.8937500000000002 
51 75 4 2 13 21 53 66 0.9275000000000001 
49 74 4 2 11 21 48 64 0.9250000000000002 
48 73 4 2 10 20 46 64 0.9499999999999998 
47 72 4 2 9 21 45 63 0.9550000000000001 
46 71 4 2 8 20 44 58 0.9524999999999999 
45 70 4 2 7 19 41 57 0.9537500000000001 
44 69 5 3 7 19 42 57 0.9525000000000002 
43 68 5 3 6 18 38 54 0.9512499999999999 
42 66 5 3 6 18 49 56 1.1925000000000001 
41 65 6 3 6 18 45 59 1.1900000000000002 
40 64 6 3 5 18 32 58 1.1725 
39 63 6 3 5 17 30 60 1.19375 
38 62 6 3 5 18 32 55 1.15625 
37 61 6 3 5 14 37 50 1.4437499999999999 
36 60 7 3 3 16 32 55 1.45375 
35 59 7 3 4 18 28 53 1.4450000000000003 
33 58 7 3 4 16 30 52 1.1937499999999996 
32 57 7 4 4 16 28 51 1.1850000000000003 
31 56 7 4 4 15 30 50 1.1899999999999997 
30 55 7 4 3 14 30 46 1.4449999999999998 
29 54 8 4 2 14 25 47 1.4112500000000001 
28 53 8 4 3 12 25 44 1.41125 
27 51 8 4 2 12 28 47 1.1275 
26 50 8 5 3 10 26 42 1.1375000000000002 
25 49 8 5 2 10 26 44 1.1325 
24 48 8 5 3 10 32 44 1.37625 
23 46 9 5 2 10 23 40 1.3725 
22 44 9 5 1 10 20 40 1.38125 
21 43 9 5 0 10 17 40 1.35125 
21 42 9 5 0 8 19 36 1.32875 
21 41 9 5 0 7 19 34 1.315 
21 40 9 5 0 7 19 35 1.3024999999999998 
21 39 9 5 0 7 19 35 1.28 
21 38 9 5 0 6 19 33 1.2674999999999998 
21 37 9 5 0 6 19 33 1.2462499999999996 
21 36 9 5 0 5 19 30 1.2237500000000001 
21 35 9 5 0 4 19 28 1.21125 
21 34 9 5 0 4 19 28 1.1987500000000002 
21 33 9 5 0 4 19 28 0.93625 
21 32 9 6 0 4 19 28 0.9124999999999999 
21 31 9 6 0 3 19 27 0.9000000000000001 
21 30 9 6 0 3 19 27 0.8875 
21 29 9 6 0 3 19 27 0.8725000000000002 
21 28 9 6 0 3 19 29 0.86 
21 27 9 6 0 3 19 29 0.5799999999999997 
21 26 9 7 0 1 19 23 0.5675 
21 25 9 7 0 1 19 23 0.3024999999999999 
21 24 9 8 0 1 19 25 0.2862500000000001 
21 23 9 8 0 0 19 18 0.5787500000000001 
21 25 9 7 0 2 19 24 0.5574999999999999 
21 24 9 7 0 1 19 21 0.2862500000000001 
21 23 9 8 0 0 19 18 0.3024999999999999 
21 24 9 8 0 1 19 25 0.2862500000000001 
21 23 9 8 0 0 19 18 0.6050000000000001 
21 25 9 7 0 5 19 33 0.32499999999999984 
21 24 9 8 0 3 19 27 0.3037500000000002 
21 23 9 8 0 2 19 24 0.012499999999999786 
21 21 9 9 0 0 19 17 0.3250000000000001 
21 23 9 8 0 4 19 27 0.012499999999999786 
21 21 9 9 0 0 19 17 0.3125000000000001 
21 23 9 8 0 3 19 27 0.28124999999999994 
21 22 9 8 0 1 19 22 0.009999999999999787 
21 21 9 9 0 0 19 19 0.31875000000000014 
21 23 9 8 0 4 19 32 0.009999999999999787 
21 21 9 9 0 0 19 19 0.31125000000000014 
21 23 9 8 0 3 19 28 0.28874999999999995 
21 22 9 8 0 2 19 26 0.009999999999999787 
21 21 9 9 0 0 19 19 0.3137500000000001 
21 23 9 8 0 3 19 26 0.28124999999999994 
21 22 9 8 0 1 19 22 0.012499999999999786 
21 21 9 9 0 0 19 17 0.3250000000000001 
21 23 9 8 0 4 19 27 0.012499999999999786 
21 21 9 9 0 0 19 17 0.05249999999999996 
21 22 9 9 0 3 19 25 0.01749999999999979 
21 21 9 9 0 1 19 23 -1 
