140 140 0 0 14 14 16.0 16.0 1.056816664200919 
138 138 0 0 17 17 16.0 14.142135623730951 1.056382838827102 
134 134 0 0 16 16 13.038404810405298 15.033296378372908 1.0551240091252454 
132 132 0 0 16 16 15.033296378372908 15.033296378372908 1.0545626909343586 
130 130 0 0 16 16 15.033296378372908 15.033296378372908 1.0540013727434718 
128 128 0 0 16 16 15.033296378372908 15.033296378372908 1.054328354891674 
126 126 0 0 13 16 15.033296378372908 15.033296378372908 1.051988634430904 
124 124 0 0 15 15 15.033296378372908 15.033296378372908 1.0529096183968705 
122 122 0 0 14 16 15.033296378372908 15.033296378372908 1.0532384021367778 
120 120 0 0 15 17 15.033296378372908 15.033296378372908 1.053567185876685 
118 118 0 0 16 18 15.033296378372908 15.033296378372908 1.0527097675727686 
116 116 0 0 17 18 15.033296378372908 15.033296378372908 1.0521484493818818 
114 114 0 0 17 18 15.033296378372908 15.033296378372908 1.0515871311909948 
112 112 0 0 17 18 15.033296378372908 15.033296378372908 1.051025813000108 
110 110 0 0 17 18 15.033296378372908 15.033296378372908 1.0504644948092214 
108 108 0 0 17 18 15.033296378372908 15.033296378372908 1.0499031766183344 
