140 138 0 0 14 17 16.0 16.0 0.09256917083926662 
138 137 0 0 17 22 14.142135623730951 14.142135623730951 0.1315124061927908 
134 135 0 0 16 23 13.038404810405298 16.0 0.13726281716888072 
133 134 0 0 15 23 13.038404810405298 16.0 0.12415135577065474 
131 133 0 0 16 21 13.038404810405298 16.0 0.16142865068395457 
129 132 0 0 16 26 13.038404810405298 16.0 0.13598887506304896 
127 128 0 0 16 25 13.038404810405298 15.033296378372908 0.1441709924749347 
125 127 0 0 14 25 15.033296378372908 15.033296378372908 0.118107355299109 
123 125 0 0 15 22 15.033296378372908 15.033296378372908 0.11120616862096423 
121 124 0 0 15 20 15.033296378372908 15.033296378372908 0.14818288541089886 
120 122 0 0 14 26 15.033296378372908 15.033296378372908 0.12132578491097036 
119 121 0 0 14 21 14.0 15.033296378372908 0.13345917013642689 
117 120 0 0 15 23 14.0 15.033296378372908 0.10666426543563835 
116 116 0 0 14 21 14.0 15.033296378372908 0.14220238030140575 
114 114 0 0 15 27 13.038404810405298 15.033296378372908 0.12270794465381299 
113 113 0 0 14 23 13.038404810405298 15.033296378372908 0.10972659453381992 
112 112 0 0 15 22 13.038404810405298 15.033296378372908 0.1153760685740702 
111 111 0 0 13 21 13.038404810405298 15.033296378372908 0.12761039073536648 
109 110 0 0 15 24 13.038404810405298 15.033296378372908 0.16458710752530112 
108 108 0 0 14 30 13.038404810405298 15.033296378372908 0.2638185515545606 
106 107 1 0 14 25 13.038404810405298 15.033296378372908 0.2570474761546486 
105 106 1 0 14 24 13.038404810405298 15.033296378372908 0.2616710012871588 
104 105 1 0 13 23 12.0 15.033296378372908 0.2610810262649347 
102 104 1 0 13 22 12.0 15.033296378372908 0.2606211625209435 
101 103 1 0 13 22 12.0 15.033296378372908 0.37878624151796475 
99 102 2 0 13 20 12.0 15.033296378372908 0.37832637777397354 
98 101 2 0 13 20 12.0 15.033296378372908 0.38706358238548405 
97 100 2 0 12 20 11.40175425099138 15.033296378372908 0.3929866928908596 
95 99 2 0 14 22 11.40175425099138 15.033296378372908 0.3811521035365769 
94 97 2 0 12 19 11.045361017187261 15.033296378372908 0.40593708641626824 
93 96 2 0 12 23 11.045361017187261 15.033296378372908 0.41775190040047255 
87 95 2 0 15 23 11.045361017187261 15.033296378372908 0.42132049109232944 
86 94 2 0 13 21 10.198039027185569 15.033296378372908 0.2814092209724793 
82 88 2 1 15 23 10.198039027185569 15.033296378372908 0.28084842029264856 
81 87 2 1 14 22 10.198039027185569 15.033296378372908 0.26829499646153776 
79 85 2 1 14 20 10.0 15.033296378372908 0.25511177246986566 
78 84 2 1 13 17 10.0 15.033296378372908 0.260761246510116 
77 83 2 1 11 16 10.0 15.033296378372908 0.37284616206528925 
76 82 3 1 12 15 10.0 15.033296378372908 0.378596573041379 
75 81 3 1 11 15 10.0 15.033296378372908 0.3719264345773066 
74 80 3 1 12 15 10.0 15.033296378372908 0.3980478110816901 
72 79 3 1 9 16 10.0 14.142135623730951 0.3899582562473066 
71 77 3 1 9 16 10.198039027185569 14.142135623730951 0.3827564914457968 
70 75 3 1 8 15 10.198039027185569 14.142135623730951 0.5073628933769718 
69 74 4 1 8 15 10.198039027185569 14.142135623730951 0.49539944456808493 
69 73 4 1 8 14 10.0 14.142135623730951 0.501221618137621 
67 72 4 1 9 15 10.0 14.142135623730951 0.5121644025226857 
65 71 4 1 8 15 10.198039027185569 14.142135623730951 0.5465219578492639 
61 70 4 1 9 18 9.486832980505138 14.142135623730951 0.5522723688253539 
60 69 4 1 8 18 9.486832980505138 14.142135623730951 0.5637148420927469 
56 67 4 1 8 18 9.486832980505138 14.142135623730951 0.5691355006030783 
55 65 4 1 7 19 9.486832980505138 14.142135623730951 0.5561541504830854 
54 64 4 1 8 18 9.486832980505138 14.142135623730951 0.4366839851570503 
53 62 4 2 8 20 9.486832980505138 14.142135623730951 0.43036779125088753 
51 61 4 2 7 18 9.486832980505138 13.038404810405298 0.4299079275068961 
50 60 4 2 7 18 9.486832980505138 13.038404810405298 0.41237691559879075 
49 59 4 2 7 16 9.486832980505138 12.165525060596439 0.4308506868225615 
48 58 4 2 7 19 9.486832980505138 12.165525060596439 0.26654253497356506 
47 54 4 3 7 16 9.486832980505138 12.165525060596439 0.2468937886990138 
46 52 5 4 7 14 9.486832980505138 12.165525060596439 0.13394728710528306 
45 51 5 5 7 15 8.246211251235321 12.165525060596439 0.13304321694733492 
44 50 5 5 7 14 7.0710678118654755 12.165525060596439 0.12627214154742297 
43 49 5 5 7 13 7.0710678118654755 12.165525060596439 0.12581227780343165 
42 48 5 5 7 13 7.0710678118654755 12.165525060596439 0.11809664932134328 
41 47 5 5 6 11 7.0710678118654755 12.0 0.252374938066433 
39 46 6 5 5 11 7.615773105863909 12.0 0.25205037911924183 
38 45 6 5 5 10 6.324555320336759 12.0 0.23591906872203383 
37 44 6 5 5 8 6.324555320336759 11.40175425099138 0.24177041663396315 
36 43 6 5 5 9 6.324555320336759 11.40175425099138 0.24131055288997183 
35 42 6 5 5 9 6.324555320336759 11.40175425099138 0.25327123858614287 
34 41 6 5 3 9 6.324555320336759 11.40175425099138 0.25294148612038436 
34 40 6 5 3 10 6.324555320336759 11.40175425099138 0.12130876122649947 
34 39 6 6 3 10 6.324555320336759 11.40175425099138 0.08942295048113788 
34 38 6 6 3 6 6.324555320336759 11.40175425099138 0.07050354259759753 
34 36 6 6 3 6 6.324555320336759 10.295630140987 0.18822260300454122 
33 35 7 6 3 6 6.324555320336759 8.94427190999916 0.17116558348499092 
32 33 7 6 5 6 5.830951894845301 8.94427190999916 0.058004397130723175 
30 32 7 7 3 5 5.830951894845301 8.94427190999916 0.051642894921992574 
29 31 7 7 3 5 5.656854249492381 7.615773105863909 0.05490528173937964 
27 30 7 7 3 4 4.47213595499958 7.211102550927978 0.17320047201463387 
26 29 8 7 3 3 4.47213595499958 7.211102550927978 0.17938295596054826 
25 28 8 7 2 3 4.242640687119285 7.0710678118654755 0.17271281749647593 
24 27 8 7 3 3 4.242640687119285 7.0710678118654755 0.3042431961484774 
23 26 9 7 2 3 4.242640687119285 7.211102550927978 0.17161955104791787 
22 25 9 8 2 2 2.8284271247461903 5.656854249492381 0.1853178527686731 
21 24 9 8 1 2 1.4142135623730951 5.830951894845301 1 
