140 140 0 0 14 14 16.0 16.0 0.046134973910823274 
138 138 0 0 17 17 16.0 14.142135623730951 0.09479976073670643 
134 137 0 0 16 17 13.038404810405298 16.0 0.1209833890433017 
132 136 0 0 16 21 14.0 16.0 0.11394137006748663 
130 134 0 0 16 20 14.0 16.0 0.08831736929994449 
128 133 0 0 16 15 14.0 16.0 0.10794968725233692 
126 132 0 0 14 16 14.0 15.033296378372908 0.14615574806760773 
125 130 0 0 14 24 15.033296378372908 15.033296378372908 0.15834780021576278 
123 129 0 0 15 26 15.033296378372908 15.033296378372908 0.12643390531455218 
121 128 0 0 15 20 15.033296378372908 15.033296378372908 0.13227104891346123 
120 127 0 0 14 20 15.033296378372908 15.033296378372908 0.1559241039834503 
119 126 0 0 14 23 14.0 15.033296378372908 0.14266887898765301 
117 124 0 0 15 22 14.0 15.033296378372908 0.14850602258656184 
116 123 0 0 14 22 14.0 15.033296378372908 0.16549949286359608 
114 122 0 0 15 24 13.038404810405298 15.033296378372908 0.1839164247298421 
113 121 0 0 14 26 13.038404810405298 15.033296378372908 0.17732715628878656 
112 120 0 0 15 26 13.038404810405298 15.033296378372908 0.20174628167942252 
111 118 0 0 14 30 13.038404810405298 15.033296378372908 0.19516868693647557 
111 117 0 0 14 30 13.038404810405298 15.033296378372908 0.17583458030260185 
109 116 0 0 14 26 13.038404810405298 15.033296378372908 0.36078101042795657 
101 115 1 0 13 27 12.165525060596439 15.033296378372908 0.32275394501666715 
101 114 1 0 13 22 12.165525060596439 15.033296378372908 0.4787892116465502 
99 113 2 0 13 26 12.165525060596439 15.033296378372908 0.43981068259563066 
98 109 2 0 13 23 12.165525060596439 15.033296378372908 0.4526915284884153 
92 108 2 0 14 22 12.165525060596439 14.0 0.4782248509551711 
91 107 2 0 13 25 12.0 14.0 0.4514983268096179 
90 105 2 0 12 21 12.165525060596439 14.0 0.45259365827201836 
88 104 2 0 14 23 12.165525060596439 13.038404810405298 0.46464400789090954 
87 103 2 0 12 23 12.165525060596439 13.038404810405298 0.476525012033569 
83 101 2 0 15 26 12.165525060596439 13.038404810405298 0.500525675761448 
79 99 2 0 12 25 12.165525060596439 13.038404810405298 0.49293160296329325 
79 95 2 0 10 26 12.165525060596439 13.038404810405298 0.35469775189441344 
79 93 2 1 9 25 12.165525060596439 13.038404810405298 0.33618060399859667 
78 91 2 1 9 24 12.165525060596439 12.0 0.3292269468345765 
77 89 2 1 9 24 12.165525060596439 12.0 0.20985110446859356 
76 87 2 2 9 26 12.165525060596439 12.0 0.22918535267724668 
75 86 2 2 9 29 12.165525060596439 12.165525060596439 0.35385951045058206 
74 85 3 2 9 29 12.165525060596439 12.165525060596439 0.3534834480295086 
73 84 3 2 9 29 12.165525060596439 12.165525060596439 0.47188603129231876 
67 83 4 2 15 29 12.165525060596439 12.165525060596439 0.5148907018031093 
63 82 4 2 10 28 12.165525060596439 12.165525060596439 0.5325225587251512 
61 81 4 2 9 28 11.045361017187261 12.165525060596439 0.6508301342511318 
60 80 5 2 8 26 11.045361017187261 12.165525060596439 0.6250324721898538 
59 76 5 2 8 26 11.045361017187261 11.045361017187261 0.618289827521426 
58 75 5 2 7 24 11.045361017187261 11.045361017187261 0.636706759387672 
57 74 5 2 6 26 11.045361017187261 11.045361017187261 0.640714904637197 
56 73 5 2 8 28 10.198039027185569 11.045361017187261 0.5832770444783479 
54 71 5 2 7 18 10.198039027185569 11.045361017187261 0.6202759581363209 
53 69 5 2 6 24 10.198039027185569 11.045361017187261 0.6007417804826402 
47 68 5 2 8 18 10.198039027185569 11.045361017187261 0.600200668136086 
45 67 5 2 7 16 10.198039027185569 11.045361017187261 0.6057501111257164 
44 65 5 2 6 17 10.198039027185569 11.045361017187261 0.6362391020941071 
43 64 5 2 6 21 9.055385138137417 11.045361017187261 0.604125868395413 
42 62 5 2 6 17 9.055385138137417 11.045361017187261 0.5910816558952078 
40 61 5 2 6 14 9.055385138137417 11.045361017187261 0.47191682602481694 
39 60 5 3 5 14 9.055385138137417 11.045361017187261 0.45334993697857406 
38 58 5 3 5 12 8.0 10.198039027185569 0.4576122004319141 
37 57 5 3 5 12 7.0710678118654755 10.198039027185569 0.4947126810836838 
35 56 5 3 4 15 5.830951894845301 10.198039027185569 0.5006265127962791 
34 55 5 3 4 16 5.830951894845301 10.198039027185569 0.49396055624153734 
33 54 5 3 4 15 5.830951894845301 10.198039027185569 0.6186347140148727 
32 53 6 3 4 15 5.830951894845301 10.198039027185569 0.6218366338055134 
31 52 6 3 3 14 5.0990195135927845 10.198039027185569 0.6120876138474496 
30 51 6 3 4 13 4.47213595499958 10.198039027185569 0.6304161839019006 
28 50 6 3 3 14 4.47213595499958 10.198039027185569 0.755090341675236 
27 49 7 3 3 14 4.47213595499958 10.198039027185569 0.7683516169534548 
25 48 7 3 3 15 4.242640687119285 10.198039027185569 0.8867358805931217 
24 47 8 3 3 14 4.242640687119285 10.198039027185569 0.8883908551405938 
23 46 8 3 1 14 6.324555320336759 10.198039027185569 0.8894449532331339 
23 45 8 3 2 14 2.8284271247461903 9.486832980505138 0.8744240561976686 
23 44 8 3 2 12 2.0 9.486832980505138 0.8647872367034527 
22 43 8 3 1 12 5.0990195135927845 9.486832980505138 1.0053451017083148 
21 42 9 3 0 12 3.1622776601683795 9.486832980505138 0.8699908325070749 
21 41 9 4 1 11 1.4142135623730951 9.486832980505138 1 
