140 139 0 0 14 18 16.0 16.0 0.11247184436729805 
138 137 0 0 17 18 13.341664064126334 14.142135623730951 0.14589909339161264 
134 136 0 0 16 18 13.341664064126334 16.0 0.1601738016700654 
133 134 0 0 15 21 14.0 16.0 0.14615709033576035 
131 132 0 0 16 20 14.0 16.0 0.1388657455284783 
129 131 0 0 16 18 14.0 16.0 0.1823306506157109 
127 130 0 0 16 24 14.0 16.0 0.17415593442444327 
125 128 0 0 14 21 14.0 16.0 0.18743486947319185 
123 127 0 0 15 24 14.0 15.033296378372908 0.20669378807532512 
121 126 0 0 15 27 15.033296378372908 15.033296378372908 0.23115682054535575 
120 125 0 0 14 30 15.033296378372908 15.033296378372908 0.2673042890581159 
119 124 0 0 14 35 14.0 15.033296378372908 0.27286951875572146 
117 123 0 0 15 36 14.0 15.033296378372908 0.20051954070913447 
116 119 0 0 14 27 14.0 15.033296378372908 0.19131630604512972 
114 117 0 0 15 26 13.038404810405298 15.033296378372908 0.18985286624643552 
113 115 0 0 14 26 13.038404810405298 15.033296378372908 0.18292826659491246 
112 114 0 0 15 26 13.038404810405298 15.033296378372908 0.17566864288087156 
111 113 0 0 14 24 13.038404810405298 15.033296378372908 0.15608670184896092 
111 112 0 0 14 22 13.038404810405298 15.033296378372908 0.14982179658962247 
109 111 0 0 14 21 13.038404810405298 14.0 0.14887498301915494 
107 110 0 0 14 20 13.038404810405298 14.0 0.16716099628363018 
106 109 0 0 14 23 13.038404810405298 14.0 0.2709579648482806 
105 105 1 0 15 24 13.038404810405298 14.0 0.29522176419381135 
103 104 1 0 14 26 13.038404810405298 14.0 0.298676063698936 
102 103 1 0 13 25 12.165525060596439 14.0 0.2929794178222985 
101 102 1 0 13 25 12.165525060596439 13.038404810405298 0.2480193518431307 
101 101 1 0 13 19 12.165525060596439 13.038404810405298 0.2596117196738239 
101 99 1 0 13 23 12.165525060596439 13.038404810405298 0.3275943750238315 
93 98 1 0 15 29 12.165525060596439 13.038404810405298 0.4517349552008102 
92 97 2 0 14 28 12.165525060596439 13.038404810405298 0.39371908159225477 
91 96 2 0 13 18 12.165525060596439 13.038404810405298 0.3993160323831014 
90 95 2 0 13 19 12.165525060596439 13.038404810405298 0.5103867147962429 
89 93 3 0 13 18 12.165525060596439 13.038404810405298 0.6785494539469753 
81 92 4 0 18 23 12.165525060596439 13.038404810405298 0.7156608398159107 
79 91 4 0 13 23 12.0 13.038404810405298 0.7145782353074251 
78 90 4 0 11 21 12.0 13.038404810405298 0.7184417986742082 
77 89 4 0 10 20 11.045361017187261 13.038404810405298 0.6924836053122423 
76 88 4 0 11 17 11.045361017187261 13.038404810405298 0.6915367917417747 
74 87 4 0 11 16 11.045361017187261 13.038404810405298 0.7350016968290071 
72 86 4 0 11 22 11.045361017187261 13.038404810405298 0.7209673545359108 
68 85 4 0 11 17 11.045361017187261 13.038404810405298 0.7704417667974399 
66 84 4 0 9 22 11.045361017187261 13.038404810405298 0.7760387175882866 
65 83 4 0 9 23 11.045361017187261 13.038404810405298 0.7875500122737064 
61 82 4 0 10 23 11.045361017187261 13.038404810405298 0.7907088647475761 
60 81 4 0 8 21 10.198039027185569 13.038404810405298 0.7955899561856962 
59 79 4 0 7 22 10.198039027185569 13.038404810405298 0.7903499042281649 
58 78 4 0 7 22 10.198039027185569 12.165525060596439 0.7832577925453829 
57 77 4 0 7 21 10.198039027185569 12.165525060596439 0.769686888040321 
56 76 5 1 6 18 10.198039027185569 12.165525060596439 0.7441405382633333 
55 75 5 1 6 15 10.198039027185569 11.045361017187261 0.7681733833911232 
51 74 5 1 6 16 10.198039027185569 11.045361017187261 0.8861369443625462 
50 73 6 1 6 15 10.198039027185569 11.045361017187261 0.8854566312703477 
48 72 6 1 8 15 8.94427190999916 11.045361017187261 0.8800536932873072 
47 71 6 1 6 14 10.0 10.0 0.9038236193277495 
47 70 6 1 6 18 8.94427190999916 10.0 0.9215119332187246 
43 69 6 1 6 18 8.94427190999916 10.0 0.9269413719783125 
42 68 6 1 5 18 8.94427190999916 10.0 1.0574264833921054 
41 67 7 1 4 18 8.94427190999916 10.0 1.0642436177452699 
37 66 7 1 6 19 8.94427190999916 9.055385138137417 1.0696730565048578 
36 65 7 1 5 19 8.94427190999916 9.055385138137417 1.1876366174762811 
35 64 8 1 5 18 8.94427190999916 9.055385138137417 1.2060606810561612 
34 63 8 1 4 19 7.615773105863909 9.055385138137417 1.2236308349679095 
33 61 8 1 3 22 7.615773105863909 9.055385138137417 1.2501195350956191 
32 60 8 1 2 25 7.211102550927978 9.055385138137417 1.2619781597732684 
32 59 8 1 2 27 6.0 9.055385138137417 1.248740749978172 
32 58 8 1 2 26 6.0 9.055385138137417 1.222814277709447 
32 57 8 1 2 23 6.0 9.055385138137417 1.181487606486248 
32 53 8 1 2 19 6.0 11.313708498984761 1.1456208914402977 
30 51 8 1 3 18 7.211102550927978 8.246211251235321 1.1519494713387672 
29 50 8 1 4 19 5.830951894845301 8.246211251235321 1.0449545244938794 
28 48 8 2 3 21 4.47213595499958 8.246211251235321 1.0346177214220438 
27 47 8 2 3 20 4.47213595499958 7.615773105863909 0.9154045031731965 
26 46 8 3 3 20 3.1622776601683795 7.615773105863909 0.789634500518817 
25 45 8 4 3 20 3.1622776601683795 7.615773105863909 0.6760270661111808 
24 44 8 5 3 21 2.0 7.615773105863909 0.6624229111603255 
23 43 8 5 2 18 2.0 7.615773105863909 0.7460498948107988 
22 42 9 5 2 15 6.324555320336759 7.615773105863909 0.7439080904966046 
21 40 9 5 0 14 5.0990195135927845 6.324555320336759 0.7429387698666134 
21 39 9 5 1 13 1.4142135623730951 6.324555320336759 1 
