140 140 0 0 14 14 16.0 16.0 0.11006092160703218 
138 138 0 0 17 17 16.0 14.142135623730951 0.1898289467373222 
134 137 0 0 16 22 13.038404810405298 16.0 0.18884924338132839 
133 136 0 0 15 21 13.038404810405298 16.0 0.21412360983533207 
131 135 0 0 16 26 14.142135623730951 16.0 0.2081145925969965 
129 134 0 0 16 25 14.142135623730951 15.033296378372908 0.18996801770412072 
127 133 0 0 16 22 15.033296378372908 15.033296378372908 0.19310780045789086 
125 129 0 0 14 23 15.033296378372908 15.033296378372908 0.16505838692954833 
123 125 0 0 15 22 15.033296378372908 15.033296378372908 0.18935943809333583 
121 124 0 0 15 25 15.033296378372908 15.033296378372908 0.14097106037166077 
120 118 0 0 14 22 15.033296378372908 15.033296378372908 0.13898081405963847 
119 117 0 0 14 21 14.0 15.033296378372908 0.15710698562272696 
117 116 0 0 15 24 14.0 15.033296378372908 0.14161309087534196 
116 112 0 0 14 24 14.0 15.033296378372908 0.12593502492230316 
114 110 0 0 15 22 13.038404810405298 15.033296378372908 0.16264651354629628 
110 109 0 0 16 26 13.038404810405298 15.033296378372908 0.1550927292490416 
104 108 0 0 20 24 13.038404810405298 15.033296378372908 0.2165037362758302 
100 107 0 0 17 28 13.038404810405298 15.033296378372908 0.20939751375938803 
100 106 0 0 16 27 13.038404810405298 15.033296378372908 0.29504244044944866 
96 104 1 0 20 23 13.038404810405298 15.033296378372908 0.3178130863418872 
92 103 1 0 19 23 12.165525060596439 14.0 0.336500101719715 
91 102 1 0 17 24 12.0 14.0 0.3226500813041455 
89 101 1 0 16 20 12.0 14.0 0.3337783349482967 
83 100 1 0 18 19 12.0 14.0 0.5084736312374767 
81 99 2 0 18 26 12.0 14.0 0.6139860588044965 
79 98 3 0 21 25 12.0 14.0 0.6368302317579408 
77 97 3 0 17 24 12.165525060596439 14.0 0.6474181430452481 
75 96 3 0 15 22 11.045361017187261 14.0 0.8028264404729009 
67 95 4 0 21 26 11.045361017187261 14.0 0.8065697159436848 
65 93 4 0 15 21 11.045361017187261 14.0 0.8233218057195029 
64 92 4 0 13 21 10.0 14.0 0.8074014742416914 
62 90 4 0 13 18 9.055385138137417 14.0 0.7891679205475447 
61 88 4 0 12 17 9.055385138137417 12.0 0.7891984864369453 
60 87 4 0 12 17 9.055385138137417 12.165525060596439 0.8049275300534525 
59 86 4 0 11 18 8.246211251235321 12.165525060596439 0.8163099037174139 
55 85 4 0 12 18 8.246211251235321 12.165525060596439 0.8848278673621984 
54 84 4 0 10 27 8.246211251235321 12.165525060596439 0.8965127214862205 
53 83 4 0 9 28 8.246211251235321 12.165525060596439 0.9142158105313805 
51 82 5 1 7 28 8.246211251235321 12.165525060596439 0.9070612275746878 
50 81 5 1 7 27 8.246211251235321 12.165525060596439 0.8997492454786858 
49 80 5 1 6 25 8.246211251235321 12.165525060596439 0.8793135604048523 
48 78 5 1 6 23 8.246211251235321 12.165525060596439 0.8602124375134125 
47 77 5 1 7 22 8.246211251235321 11.045361017187261 0.8782295703774425 
46 76 5 1 6 24 8.246211251235321 11.045361017187261 0.896355741940531 
44 75 5 1 7 27 8.246211251235321 11.045361017187261 0.8921946417061943 
43 74 5 1 6 25 7.615773105863909 11.045361017187261 0.9225738515901796 
39 73 5 1 7 28 7.615773105863909 11.045361017187261 1.0407991970774657 
38 72 6 1 9 29 7.615773105863909 11.045361017187261 1.2006033572347208 
32 70 7 1 4 26 7.615773105863909 11.045361017187261 1.1896331315549415 
30 69 7 1 4 23 7.0710678118654755 11.045361017187261 1.1670055809208257 
29 68 7 1 4 18 5.0990195135927845 11.045361017187261 1.1911492329453042 
27 67 7 1 3 20 5.0990195135927845 11.045361017187261 1.3153920588939803 
26 66 8 1 3 20 5.0990195135927845 11.045361017187261 1.3175454718455089 
25 65 8 1 2 19 4.47213595499958 11.045361017187261 1.3232697396800823 
24 64 8 1 2 19 3.1622776601683795 11.045361017187261 1.3219241319964288 
23 63 8 1 2 18 2.0 11.045361017187261 1.158482729633542 
23 59 8 2 1 16 2.8284271247461903 11.045361017187261 1.145201627516401 
23 58 8 2 1 15 2.8284271247461903 11.045361017187261 1.0195690676139137 
23 57 8 3 1 16 2.8284271247461903 11.045361017187261 1.0126202442367807 
23 56 8 3 1 16 2.8284271247461903 11.045361017187261 1.0056714208596476 
23 55 8 3 1 16 2.8284271247461903 11.045361017187261 0.8673743034771443 
23 54 8 4 1 15 2.8284271247461903 11.045361017187261 0.8857545950600432 
23 53 8 4 1 19 2.8284271247461903 11.045361017187261 0.8471443779828703 
23 52 8 4 1 14 2.8284271247461903 11.045361017187261 0.8168328804098973 
23 51 8 4 1 11 2.8284271247461903 10.198039027185569 0.8097122515687696 
23 49 8 4 1 13 2.8284271247461903 9.055385138137417 0.7900988707116207 
23 48 8 4 1 11 2.8284271247461903 9.055385138137417 0.7704854898544716 
23 47 8 4 1 9 2.8284271247461903 9.055385138137417 0.7565878431002054 
23 45 8 4 1 9 2.8284271247461903 9.055385138137417 0.7369744622430566 
23 44 8 4 1 7 2.8284271247461903 9.055385138137417 0.7426901963459395 
23 43 8 4 1 9 2.8284271247461903 9.055385138137417 0.7303034868174236 
23 42 8 4 1 9 2.8284271247461903 8.0 0.7233546634402905 
23 41 8 4 1 9 2.8284271247461903 8.0 0.711619504441315 
23 40 8 4 1 9 2.8284271247461903 7.0710678118654755 0.704670681064182 
23 39 8 4 1 9 2.8284271247461903 7.0710678118654755 0.6913895789470409 
23 38 8 4 1 8 2.8284271247461903 7.0710678118654755 0.6907730343099158 
23 37 8 4 1 9 2.8284271247461903 7.0710678118654755 0.5651404744074284 
23 36 8 5 1 10 2.8284271247461903 7.0710678118654755 0.42684335702492526 
23 35 8 6 1 9 2.8284271247461903 7.0710678118654755 0.4135622549077844 
23 34 8 6 1 8 2.8284271247461903 7.0710678118654755 0.4010947401914743 
23 33 8 6 1 8 2.8284271247461903 6.0 0.3958181924775475 
23 32 8 6 1 8 2.8284271247461903 6.324555320336759 0.3825547793353186 
23 31 8 6 1 8 2.8284271247461903 5.0990195135927845 0.37560595595818574 
23 30 8 6 1 8 2.8284271247461903 5.0990195135927845 0.34581372573754215 
23 28 8 6 1 6 2.8284271247461903 4.47213595499958 0.3321158398387337 
23 27 8 6 1 6 2.8284271247461903 3.1622776601683795 0.3244013227818016 
23 26 8 6 1 5 2.8284271247461903 4.242640687119285 0.18610420539929853 
23 25 8 7 1 4 2.8284271247461903 4.242640687119285 0.17393242438985146 
23 24 8 7 1 5 2.8284271247461903 2.0 0.1666399735848234 
23 23 8 7 1 4 2.8284271247461903 3.1622776601683795 0.006671374893618811 
23 22 8 8 1 1 2.8284271247461903 1.4142135623730951 -0.10247872471109556 
23 21 8 9 1 0 2.8284271247461903 7.0710678118654755 -0.11263973015216205 
23 21 8 9 1 0 2.8284271247461903 5.0990195135927845 0.0485727816965943 
23 24 8 8 1 4 2.8284271247461903 3.1622776601683795 0.02930302826734026 
23 23 8 8 1 3 2.8284271247461903 2.0 0.013003653633626763 
23 22 8 8 1 2 2.8284271247461903 1.4142135623730951 -0.10247872471109556 
23 21 8 9 1 0 2.8284271247461903 7.0710678118654755 0.03990378893522295 
23 23 8 8 1 4 2.8284271247461903 2.8284271247461903 -0.10247872471109556 
23 21 8 9 1 0 2.8284271247461903 7.0710678118654755 0.02723923145520705 
23 23 8 8 1 2 2.8284271247461903 2.8284271247461903 -0.10247872471109556 
23 21 8 9 1 0 2.8284271247461903 7.0710678118654755 0.03990378893522295 
23 23 8 8 1 4 2.8284271247461903 2.8284271247461903 -0.12261881866019889 
23 21 8 9 1 0 2.8284271247461903 3.1622776601683795 0.01567829872230425 
23 22 8 8 1 1 2.8284271247461903 3.1622776601683795 -0.12261881866019889 
23 21 8 9 1 0 2.8284271247461903 3.1622776601683795 -0.09839332844728019 
23 22 8 9 1 3 2.8284271247461903 2.8284271247461903 -0.1252934637488764 
23 21 8 9 1 1 2.8284271247461903 1.4142135623730951 -1 
