140 140 0 0 14 14 16.0 16.0 0.08698619133238017 
138 139 0 0 17 19 16.0 14.142135623730951 0.14688780495865944 
134 138 0 0 16 20 12.0 16.0 0.13994223939151715 
132 137 0 0 16 18 12.0 16.0 0.16437697252200562 
130 136 0 0 16 21 12.0 16.0 0.1459539339556089 
128 135 0 0 16 18 13.038404810405298 16.0 0.18910698435441542 
126 134 0 0 14 22 13.038404810405298 16.0 0.17450101463710055 
125 133 0 0 14 20 13.341664064126334 16.0 0.18168153784872654 
123 132 0 0 15 21 13.038404810405298 16.0 0.2071755420723253 
121 130 0 0 15 26 14.0 16.0 0.24424215762067525 
120 129 0 0 14 31 14.0 16.0 0.17963086622949465 
119 125 0 0 14 24 13.038404810405298 15.033296378372908 0.17379950273059283 
117 123 0 0 15 25 14.0 15.033296378372908 0.1606576403627337 
116 122 0 0 14 22 14.0 15.033296378372908 0.17113579589645225 
114 121 0 0 15 23 13.038404810405298 15.033296378372908 0.18309817248669746 
113 120 0 0 14 24 13.038404810405298 15.033296378372908 0.18889435128767704 
112 119 0 0 15 26 13.038404810405298 15.033296378372908 0.1945806681383961 
111 118 0 0 14 26 13.038404810405298 15.033296378372908 0.18750437239939496 
111 116 0 0 14 27 13.038404810405298 15.033296378372908 0.19284153848342633 
107 115 0 0 14 25 13.038404810405298 15.033296378372908 0.3174782478668667 
106 114 1 0 15 26 13.038404810405298 15.033296378372908 0.3099181074472384 
102 112 1 0 16 24 13.038404810405298 15.033296378372908 0.3281565437770099 
101 111 1 0 15 26 13.038404810405298 15.033296378372908 0.32762173186333315 
100 110 1 0 15 26 13.038404810405298 15.033296378372908 0.3572029472784197 
98 109 1 0 14 28 12.0 15.033296378372908 0.2998384106844003 
97 107 1 0 15 21 12.0 15.033296378372908 0.3054449645963102 
95 106 1 0 15 21 12.0 15.033296378372908 0.31043694365573427 
91 104 1 0 16 21 12.0 15.033296378372908 0.30444054658429165 
89 103 1 0 15 19 12.0 14.0 0.31485375917495295 
88 102 1 0 13 18 11.045361017187261 14.0 0.3281062974625528 
86 101 1 0 13 20 11.045361017187261 13.038404810405298 0.3275963175125549 
86 100 1 0 11 19 11.045361017187261 13.038404810405298 0.3395338621391213 
84 99 1 0 12 21 11.045361017187261 13.038404810405298 0.35753300965246537 
80 98 1 0 14 23 11.045361017187261 13.038404810405298 0.4321809650202174 
79 97 2 0 19 20 11.045361017187261 13.038404810405298 0.5809790559641872 
71 96 3 0 20 18 11.045361017187261 13.038404810405298 0.6400654027790701 
63 95 3 0 17 17 10.198039027185569 13.038404810405298 0.6828392033997377 
59 94 3 0 13 17 10.198039027185569 13.038404810405298 0.7319989257101915 
55 93 3 0 11 20 10.198039027185569 13.038404810405298 0.7626547876050761 
53 92 3 0 10 23 10.198039027185569 13.038404810405298 0.8935126257529125 
52 91 4 0 10 24 10.198039027185569 13.038404810405298 0.8991989426036315 
51 90 4 0 9 24 10.198039027185569 13.038404810405298 0.9299894984124553 
50 89 4 0 8 28 10.198039027185569 13.038404810405298 0.9981416701401604 
49 88 5 0 9 20 10.198039027185569 13.038404810405298 0.9823411399330995 
48 87 5 0 9 17 9.486832980505138 13.038404810405298 0.9963299629524444 
46 86 5 0 8 17 9.055385138137417 13.038404810405298 1.0136337389515373 
45 85 5 0 8 19 8.0 13.038404810405298 1.0037508637911132 
44 84 5 0 7 17 8.602325267042627 13.038404810405298 1.0376782876184971 
42 83 5 0 7 21 7.0710678118654755 12.165525060596439 1.124123826651104 
40 81 6 0 8 16 7.0710678118654755 12.165525060596439 1.1360862032413492 
39 80 6 0 7 17 7.0710678118654755 12.165525060596439 1.1480237478679156 
37 79 6 0 8 19 7.0710678118654755 12.165525060596439 1.026286572766548 
36 78 6 1 8 19 6.324555320336759 12.165525060596439 1.0206463633541794 
35 76 6 1 7 18 6.0 12.165525060596439 1.1387624571338941 
33 75 7 1 6 15 6.0 12.165525060596439 1.1452955430354426 
32 74 7 1 5 15 5.830951894845301 12.165525060596439 1.151036790861292 
31 73 7 1 5 16 5.830951894845301 12.165525060596439 1.1635844047365098 
30 72 7 1 5 17 4.47213595499958 12.165525060596439 1.0443839769860108 
29 71 7 2 5 18 4.47213595499958 12.165525060596439 1.1804287969909004 
27 70 8 2 3 17 4.47213595499958 12.0 1.1768416877057217 
26 69 8 2 3 17 4.47213595499958 11.40175425099138 1.189144070683132 
25 68 8 2 3 18 3.1622776601683795 11.40175425099138 1.1800598034432153 
24 66 8 2 2 17 3.1622776601683795 11.045361017187261 1.1737373143360104 
23 65 8 2 2 16 2.0 10.0 1.1687325211383797 
23 63 8 2 1 17 2.8284271247461903 10.0 1.1616562253993787 
23 61 8 2 1 18 2.8284271247461903 10.0 1.1487039879205887 
23 60 8 2 1 17 2.8284271247461903 10.0 1.135751750441799 
23 59 8 2 1 16 2.8284271247461903 10.0 1.1290755727025352 
23 58 8 2 1 16 2.8284271247461903 10.0 1.1223993949632716 
23 57 8 2 1 16 2.8284271247461903 10.0 1.115723217224008 
23 56 8 2 1 16 2.8284271247461903 10.0 1.1153230992242706 
23 55 8 2 1 17 2.8284271247461903 10.0 0.9711531264296065 
23 54 8 3 1 15 2.8284271247461903 10.0 0.953381388829466 
23 53 8 3 1 14 2.8284271247461903 9.055385138137417 0.9780855097878329 
23 52 8 3 1 19 2.8284271247461903 9.055385138137417 0.9776853917880954 
23 51 8 3 1 20 2.8284271247461903 9.055385138137417 0.9835613335278841 
23 50 8 3 1 22 2.8284271247461903 9.055385138137417 0.9455048570909899 
23 49 8 3 1 17 2.8284271247461903 9.055385138137417 0.9325526196122 
23 48 8 3 1 16 2.8284271247461903 9.055385138137417 0.9133243223938841 
23 47 8 3 1 14 2.8284271247461903 9.055385138137417 0.781706469078272 
23 46 8 4 1 14 2.8284271247461903 9.055385138137417 0.7504173352436387 
23 44 8 4 1 12 2.8284271247461903 8.0 0.7437411575043751 
23 43 8 4 1 12 2.8284271247461903 8.0 0.7370649797651114 
23 42 8 4 1 12 2.8284271247461903 8.0 0.7241127422863217 
23 41 8 4 1 11 2.8284271247461903 8.0 0.7174365645470581 
23 40 8 4 1 11 2.8284271247461903 8.0 0.57954265149192 
23 39 8 5 1 10 2.8284271247461903 8.0 0.5709061175930426 
23 38 8 5 1 10 2.8284271247461903 7.615773105863909 0.5454017606352004 
23 37 8 5 1 7 2.8284271247461903 7.615773105863909 0.5387255828959367 
23 36 8 5 1 7 2.8284271247461903 7.615773105863909 0.5320494051566731 
23 35 8 5 1 7 2.8284271247461903 7.615773105863909 0.5253732274174094 
23 34 8 5 1 7 2.8284271247461903 7.615773105863909 0.37452707688348175 
23 32 8 6 1 5 2.8284271247461903 7.615773105863909 0.24290922356786945 
23 31 8 7 1 5 2.8284271247461903 7.615773105863909 0.23623304582860602 
23 30 8 7 1 5 2.8284271247461903 7.615773105863909 0.22296897229679913 
23 29 8 7 1 5 2.8284271247461903 6.324555320336759 0.21377439063959955 
23 28 8 7 1 5 2.8284271247461903 5.830951894845301 0.20082215316080976 
23 27 8 7 1 4 2.8284271247461903 5.830951894845301 0.06292824010567165 
23 26 8 8 1 3 2.8284271247461903 5.830951894845301 0.04908774259966735 
23 25 8 8 1 2 2.8284271247461903 5.656854249492381 0.03519613483632629 
23 24 8 8 1 2 2.8284271247461903 4.242640687119285 0.021304527072985243 
23 23 8 8 1 2 2.8284271247461903 2.8284271247461903 0.029998579666427626 
23 22 8 8 1 1 2.8284271247461903 7.0710678118654755 -0.10789533338871043 
23 21 8 9 1 0 2.8284271247461903 7.0710678118654755 0.03596691993800474 
23 23 8 8 1 3 2.8284271247461903 4.47213595499958 0.023722519926901477 
23 22 8 8 1 0 2.8284271247461903 7.0710678118654755 0.03286599132676431 
23 23 8 8 1 1 2.8284271247461903 6.324555320336759 0.023722519926901477 
23 22 8 8 1 0 2.8284271247461903 7.0710678118654755 0.04774825431537859 
23 24 8 8 1 4 2.8284271247461903 4.242640687119285 0.027580586812511392 
23 23 8 8 1 3 2.8284271247461903 2.8284271247461903 0.03627463940595377 
23 22 8 8 1 2 2.8284271247461903 7.0710678118654755 -0.10789533338871043 
23 21 8 9 1 0 2.8284271247461903 7.0710678118654755 0.033856646552037545 
23 23 8 8 1 4 2.8284271247461903 2.8284271247461903 -0.12783829148836742 
23 21 8 9 1 0 2.8284271247461903 3.1622776601683795 -0.13048099374549388 
23 21 8 9 1 1 2.8284271247461903 1.4142135623730951 -1 
