140 140 0 0 14 14 16.0 16.0 0.002170692943315941 
138 138 0 0 17 17 16.0 14.142135623730951 0.08227852435879662 
134 137 0 0 16 22 13.038404810405298 16.0 0.1257991160784688 
132 136 0 0 16 28 13.038404810405298 16.0 0.107023734363271 
130 135 0 0 16 24 13.038404810405298 16.0 0.09440802146864175 
128 133 0 0 16 22 13.038404810405298 16.0 0.11921982038312966 
126 131 0 0 14 24 13.038404810405298 16.0 0.12537115862278903 
125 130 0 0 14 25 13.038404810405298 16.0 0.13771879975092857 
123 129 0 0 15 27 13.038404810405298 16.0 0.16255059944013975 
121 128 0 0 15 30 13.038404810405298 16.0 0.15768708328871556 
120 127 0 0 14 29 14.0 16.0 0.16241904510658223 
119 126 0 0 14 29 13.038404810405298 16.0 0.16853708889123478 
117 125 0 0 15 30 13.038404810405298 16.0 0.1497950016310438 
116 124 0 0 14 26 13.038404810405298 16.0 0.14782028733332242 
114 123 0 0 15 25 12.165525060596439 16.0 0.13530779741661847 
113 122 0 0 14 22 12.165525060596439 16.0 0.14143417178218018 
112 121 0 0 15 24 12.165525060596439 16.0 0.1351512792089632 
111 120 0 0 14 22 12.165525060596439 16.0 0.12262215599907073 
111 119 0 0 14 21 12.165525060596439 16.0 0.12876516365782092 
109 118 0 0 14 21 12.165525060596439 16.0 0.1300665723583805 
107 117 0 0 14 21 12.165525060596439 15.033296378372908 0.13189307116072585 
105 116 0 0 12 19 13.038404810405298 15.033296378372908 0.1317565537277937 
103 115 0 0 14 20 13.038404810405298 15.033296378372908 0.26287454378012 
99 114 1 0 16 20 13.038404810405298 15.033296378372908 0.43965704716839704 
95 113 2 0 14 22 11.40175425099138 15.033296378372908 0.44246599197057285 
94 112 2 0 12 21 11.045361017187261 14.0 0.48121949062357317 
93 111 2 0 12 28 12.0 14.0 0.43743082713741127 
91 109 2 0 13 22 12.0 14.0 0.431044711586269 
89 107 2 0 13 21 12.0 14.0 0.43722101370002586 
88 106 2 0 12 21 12.0 14.0 0.45573996597391825 
82 105 2 0 14 21 12.0 14.0 0.5807032781736803 
81 104 3 0 14 21 12.0 14.0 0.5742921987484403 
79 102 3 0 15 21 12.0 14.0 0.6427145186802423 
75 101 3 0 15 29 12.0 14.0 0.6862684048549211 
74 100 3 0 14 35 12.0 14.0 0.6737559149382173 
73 99 3 0 13 32 12.0 14.0 0.6861035560663568 
71 98 3 0 14 34 12.0 14.0 0.6797873690381329 
69 97 3 0 14 32 12.0 14.0 0.7484245918295613 
68 93 4 0 16 28 12.0 14.0 0.7733395858533448 
64 92 4 0 12 25 12.0 14.0 0.9045574592706915 
63 91 5 0 11 25 12.0 14.0 0.9404192438250685 
61 90 5 0 10 28 11.045361017187261 14.0 0.890129571616025 
57 84 5 0 10 22 11.045361017187261 14.0 0.8776503761543276 
57 83 5 0 8 19 11.045361017187261 14.0 0.8775721170505001 
56 82 5 0 8 19 11.045361017187261 14.0 0.9148714420075943 
55 81 5 0 8 25 11.045361017187261 14.0 0.9085885494343773 
54 80 5 0 7 23 11.045361017187261 14.0 1.0273222642906523 
53 79 6 0 7 22 11.045361017187261 14.0 0.9127665227010467 
52 78 6 1 6 22 10.198039027185569 14.0 0.912688263597219 
51 77 6 1 6 22 10.198039027185569 14.0 0.907785659816759 
49 76 6 1 6 21 10.198039027185569 13.038404810405298 0.9220876760829483 
48 74 6 1 6 25 11.045361017187261 13.038404810405298 0.8970161081142498 
44 73 6 1 8 20 11.045361017187261 13.038404810405298 0.9341020567371653 
40 72 6 1 6 19 8.602325267042627 13.038404810405298 0.9277942002898506 
39 71 6 1 6 18 8.602325267042627 13.038404810405298 0.9290846081035582 
39 69 6 1 6 19 7.0710678118654755 13.038404810405298 0.9477201049042893 
38 68 6 1 5 21 7.0710678118654755 13.038404810405298 0.9414455429119813 
38 67 6 1 4 20 7.0710678118654755 13.038404810405298 0.9351127225905692 
37 66 6 1 5 20 7.0710678118654755 13.038404810405298 0.9528764616594692 
36 65 6 1 4 21 6.0 13.038404810405298 0.9091294232092232 
36 63 6 1 4 16 6.0 13.038404810405298 0.9277316255549475 
34 62 6 1 4 18 6.0 13.038404810405298 0.9400343020342661 
32 60 6 1 4 20 6.0 13.038404810405298 0.9400913535145713 
31 59 6 1 4 20 5.0990195135927845 12.165525060596439 0.8211938008095149 
29 57 6 2 4 21 5.0990195135927845 12.165525060596439 0.8149285524692694 
27 55 7 3 2 18 5.0990195135927845 12.165525060596439 0.820347956742754 
26 54 7 3 2 18 4.0 12.165525060596439 0.8268895877854303 
25 53 7 3 1 18 3.1622776601683795 11.40175425099138 0.6577009776959494 
24 49 7 4 1 15 4.47213595499958 11.40175425099138 0.7826642898957114 
23 48 8 4 1 15 4.47213595499958 11.40175425099138 0.7857047106722478 
22 47 8 4 0 15 5.0990195135927845 11.40175425099138 0.7703796597535921 
22 46 8 4 1 13 3.1622776601683795 11.40175425099138 0.8922055344513348 
21 45 9 4 0 12 3.1622776601683795 10.770329614269007 0.8883958489478282 
21 44 9 4 1 12 1.4142135623730951 10.770329614269007 1 
