140 139 0 0 14 17 16.0 16.0 0.13900648409351385 
138 138 0 0 17 16 13.341664064126334 14.142135623730951 0.20388661044275397 
134 137 0 0 16 20 12.165525060596439 16.0 0.22204901706471333 
132 135 0 0 16 23 12.0 16.0 0.20585783465366012 
130 134 0 0 16 22 14.0 15.033296378372908 0.19951877306295918 
128 133 0 0 16 21 15.033296378372908 15.033296378372908 0.21054146846237023 
126 132 0 0 14 20 15.033296378372908 15.033296378372908 0.21600284752323465 
125 131 0 0 14 21 15.033296378372908 15.033296378372908 0.21510785531754786 
123 130 0 0 15 21 15.033296378372908 15.033296378372908 0.20749138750127308 
121 129 0 0 15 19 15.033296378372908 15.033296378372908 0.21264771383892192 
120 128 0 0 14 19 15.033296378372908 15.033296378372908 0.23608095533632953 
119 127 0 0 14 22 14.0 15.033296378372908 0.20097372052144055 
117 123 0 0 15 20 14.0 15.033296378372908 0.22525441766045426 
113 122 0 0 16 22 14.0 15.033296378372908 0.32821878407863714 
112 118 1 0 17 23 14.0 15.033296378372908 0.32029726353914667 
110 117 1 0 16 20 14.0 15.033296378372908 0.31408200205341846 
109 116 1 0 14 18 14.0 14.142135623730951 0.3176043220539339 
108 115 1 0 13 17 13.038404810405298 14.142135623730951 0.32276064839158264 
107 114 1 0 12 17 13.038404810405298 14.142135623730951 0.3190803880003391 
105 112 1 0 13 17 12.165525060596439 14.142135623730951 0.3306531372253602 
104 111 1 0 12 18 12.165525060596439 14.142135623730951 0.3493124664050059 
102 110 1 0 14 22 12.165525060596439 14.142135623730951 0.34245917258076847 
101 109 1 0 13 20 12.0 14.142135623730951 0.3543369745290051 
100 108 1 0 13 22 12.0 14.142135623730951 0.37269125098543526 
98 107 1 0 14 25 12.0 14.142135623730951 0.33086254055995845 
96 103 1 0 14 21 12.0 14.142135623730951 0.33184197450651065 
95 102 1 0 13 21 12.0 13.341664064126334 0.33992104580876936 
94 98 1 0 13 25 11.045361017187261 13.341664064126334 0.3194918981817098 
90 96 1 0 17 24 11.045361017187261 13.341664064126334 0.35642049161389483 
84 95 1 0 19 27 11.045361017187261 13.341664064126334 0.42861983668184506 
80 94 1 0 14 31 11.045361017187261 13.038404810405298 0.4298237293350098 
76 92 1 0 12 27 10.198039027185569 13.038404810405298 0.423603921580902 
75 90 1 0 12 28 10.198039027185569 12.165525060596439 0.5223420449048741 
73 89 2 0 14 25 10.198039027185569 12.165525060596439 0.5208369472527562 
71 88 2 0 13 23 10.198039027185569 12.165525060596439 0.5454226971149853 
67 87 2 0 15 26 10.198039027185569 12.165525060596439 0.5370111743707061 
63 86 2 0 14 21 10.198039027185569 12.165525060596439 0.5285309902139251 
61 85 2 0 14 19 10.198039027185569 12.0 0.6715739683030723 
59 84 3 0 14 21 10.198039027185569 12.0 0.6959795633028381 
58 83 3 0 13 24 10.198039027185569 12.0 0.7581736529027242 
57 81 3 0 12 34 10.198039027185569 12.0 0.7380293920349205 
55 80 3 0 13 31 10.198039027185569 12.0 0.8296410497474067 
53 78 4 0 15 28 10.198039027185569 12.0 0.9591411393376958 
51 76 5 0 15 29 10.198039027185569 12.0 1.0090401001087441 
47 75 5 0 13 33 11.313708498984761 12.0 0.994397103958666 
45 74 5 0 11 28 11.313708498984761 12.0 0.9982933337465913 
43 72 5 0 9 27 11.313708498984761 12.0 0.8921060923276117 
42 71 5 1 9 29 9.899494936611665 12.0 0.8718766746422701 
42 70 5 1 8 25 8.602325267042627 12.0 0.7048893915039808 
41 66 5 2 7 21 8.602325267042627 12.0 0.6115000494356414 
40 65 5 3 7 26 8.48528137423857 12.0 0.6030340905686621 
39 63 5 3 6 24 7.211102550927978 12.0 0.709013610092339 
37 62 6 3 6 21 7.211102550927978 11.045361017187261 0.699269787692443 
37 61 6 3 4 18 6.324555320336759 11.045361017187261 0.6721840106947267 
37 59 6 3 4 16 6.324555320336759 11.045361017187261 0.6450982336970105 
37 57 6 3 4 14 6.324555320336759 11.045361017187261 0.6379717680855247 
37 56 6 3 4 14 6.324555320336759 11.045361017187261 0.6372617253614111 
37 55 6 3 4 15 6.324555320336759 11.045361017187261 0.6057545885659837 
37 53 6 3 4 13 6.324555320336759 10.198039027185569 0.5922117000671256 
37 52 6 3 4 12 6.324555320336759 10.198039027185569 0.6043345031177568 
37 51 6 3 4 15 6.324555320336759 10.198039027185569 0.6100408832810157 
37 50 6 3 4 17 6.324555320336759 10.198039027185569 0.5829551062832993 
37 48 6 3 4 15 6.324555320336759 10.198039027185569 0.5694122177844412 
37 47 6 3 4 14 6.324555320336759 10.198039027185569 0.4307708081935916 
37 46 6 4 4 13 6.324555320336759 10.198039027185569 0.41768192920519637 
37 45 6 4 4 13 6.324555320336759 9.055385138137417 0.27262409672697446 
37 44 6 5 4 11 6.324555320336759 9.055385138137417 0.28694102118440457 
37 43 6 5 4 15 6.324555320336759 8.246211251235321 0.2644969247813227 
35 41 6 5 4 12 6.324555320336759 8.0 0.25749056241147905 
33 40 6 5 6 12 6.324555320336759 8.0 0.2559854647593611 
31 39 6 5 5 10 6.324555320336759 8.0 0.3847064225173001 
29 38 7 5 5 9 6.324555320336759 8.94427190999916 0.5096996188555653 
27 37 8 5 4 9 8.602325267042627 8.94427190999916 0.389452371378007 
26 36 8 6 2 8 8.602325267042627 8.94427190999916 0.396109108953794 
26 35 8 6 2 8 5.830951894845301 8.94427190999916 0.408328450106987 
25 34 8 6 2 9 4.47213595499958 8.94427190999916 0.41210359028763693 
24 33 8 6 2 9 3.1622776601683795 8.602325267042627 0.40966958579374735 
23 32 8 6 2 9 2.0 7.211102550927978 0.3966226508216028 
23 30 8 6 1 10 2.8284271247461903 5.830951894845301 0.2579812412307533 
23 29 8 7 1 9 2.8284271247461903 5.830951894845301 0.23093157430104075 
23 28 8 7 1 7 2.8284271247461903 4.47213595499958 0.215481127655191 
23 26 8 7 1 7 2.8284271247461903 4.242640687119285 0.05046398379073865 
23 24 8 8 1 3 2.8284271247461903 4.242640687119285 -0.08817742580011116 
23 23 8 9 1 2 2.8284271247461903 4.242640687119285 -0.09410637598871877 
23 22 8 9 1 2 2.8284271247461903 4.47213595499958 -0.1209005799822488 
23 21 8 9 1 0 2.8284271247461903 3.1622776601683795 0.04237451852851573 
23 23 8 8 1 4 2.8284271247461903 2.8284271247461903 -0.10268331394970619 
23 22 8 9 1 2 2.8284271247461903 2.8284271247461903 -0.1209005799822488 
23 21 8 9 1 0 2.8284271247461903 3.1622776601683795 0.06915718643439292 
23 25 8 8 1 5 2.8284271247461903 4.0 0.04453503360213083 
23 23 8 8 1 3 2.8284271247461903 4.47213595499958 -0.09410637598871877 
23 22 8 9 1 2 2.8284271247461903 4.47213595499958 -0.11079458406768761 
23 21 8 9 1 0 2.8284271247461903 5.0990195135927845 0.02784682552316199 
23 22 8 8 1 1 2.8284271247461903 5.0990195135927845 -0.11079458406768761 
23 21 8 9 1 0 2.8284271247461903 5.0990195135927845 0.035958095641143405 
23 23 8 8 1 3 2.8284271247461903 2.8284271247461903 -0.11079458406768761 
23 21 8 9 1 0 2.8284271247461903 5.0990195135927845 -0.1209005799822488 
23 21 8 9 1 0 2.8284271247461903 3.1622776601683795 -0.11079458406768761 
23 21 8 9 1 0 2.8284271247461903 5.0990195135927845 0.071386294827706 
23 25 8 8 1 4 2.8284271247461903 5.656854249492381 0.047784608537365214 
23 23 8 8 1 2 2.8284271247461903 6.324555320336759 0.03172062898186841 
23 22 8 8 1 0 2.8284271247461903 7.0710678118654755 0.04453503360213083 
23 23 8 8 1 3 2.8284271247461903 4.47213595499958 0.03172062898186841 
23 22 8 8 1 0 2.8284271247461903 7.0710678118654755 0.05688040667811098 
23 24 8 8 1 4 2.8284271247461903 4.242640687119285 0.035958095641143405 
23 23 8 8 1 3 2.8284271247461903 2.8284271247461903 0.03813705186924073 
23 22 8 8 1 1 2.8284271247461903 7.0710678118654755 -0.10050435772160887 
23 21 8 9 1 0 2.8284271247461903 7.0710678118654755 0.03813705186924073 
23 22 8 8 1 1 2.8284271247461903 7.0710678118654755 -0.10050435772160887 
23 21 8 9 1 0 2.8284271247461903 7.0710678118654755 -0.060838691875771275 
23 24 8 9 1 4 2.8284271247461903 5.656854249492381 -0.07534458002536652 
23 23 8 9 1 4 2.8284271247461903 4.242640687119285 -0.09410637598871877 
23 22 8 9 1 2 2.8284271247461903 4.47213595499958 -0.1209005799822488 
23 21 8 9 1 0 2.8284271247461903 3.1622776601683795 0.071386294827706 
23 25 8 8 1 4 2.8284271247461903 5.656854249492381 0.05688040667811098 
23 24 8 8 1 4 2.8284271247461903 4.242640687119285 0.03170218782738618 
23 23 8 8 1 1 2.8284271247461903 4.47213595499958 0.021430402635789672 
23 22 8 8 1 0 2.8284271247461903 5.0990195135927845 0.03170218782738618 
23 23 8 8 1 1 2.8284271247461903 4.47213595499958 0.021430402635789672 
23 22 8 8 1 0 2.8284271247461903 5.0990195135927845 0.06516827764447124 
23 24 8 8 1 4 2.8284271247461903 5.830951894845301 0.03170218782738618 
23 23 8 8 1 1 2.8284271247461903 4.47213595499958 0.021430402635789672 
23 22 8 8 1 0 2.8284271247461903 5.0990195135927845 0.054201031424737534 
23 23 8 8 1 3 2.8284271247461903 6.324555320336759 0.03813705186924073 
23 22 8 8 1 1 2.8284271247461903 7.0710678118654755 -0.1209005799822488 
23 21 8 9 1 0 2.8284271247461903 3.1622776601683795 0.03813705186924073 
23 22 8 8 1 1 2.8284271247461903 7.0710678118654755 -0.1209005799822488 
23 21 8 9 1 0 2.8284271247461903 3.1622776601683795 -0.09626689106233387 
23 22 8 9 1 3 2.8284271247461903 2.8284271247461903 -1 
