140 140 0 0 14 14 16.0 16.0 0.12661878549973732 
138 138 0 0 17 17 16.0 14.142135623730951 0.20688277424174573 
134 137 0 0 16 22 13.038404810405298 16.0 0.1986444002592297 
132 135 0 0 16 21 13.038404810405298 16.0 0.1888975432558504 
130 133 0 0 16 20 13.341664064126334 16.0 0.16783488700315552 
128 131 0 0 16 17 13.341664064126334 16.0 0.2102476420461657 
126 129 0 0 14 22 13.341664064126334 16.0 0.20372585623274592 
125 127 0 0 14 22 13.038404810405298 16.0 0.1907718728194076 
123 125 0 0 15 22 13.038404810405298 15.033296378372908 0.19255187256626505 
121 124 0 0 15 23 15.033296378372908 15.033296378372908 0.18490361497986796 
120 123 0 0 14 21 15.033296378372908 15.033296378372908 0.20195464061022889 
119 122 0 0 14 23 14.0 15.033296378372908 0.2203928424711447 
117 121 0 0 15 26 14.0 15.033296378372908 0.21845171474435687 
116 119 0 0 14 26 14.0 15.033296378372908 0.2281438242270929 
114 117 0 0 15 28 13.038404810405298 15.033296378372908 0.23261483763539448 
113 115 0 0 14 29 13.038404810405298 15.033296378372908 0.2121981814378882 
111 113 0 0 16 28 13.038404810405298 15.033296378372908 0.1978147826888076 
110 112 0 0 14 24 13.038404810405298 15.033296378372908 0.18978451385452466 
109 110 0 0 14 24 13.038404810405298 15.033296378372908 0.1953984334452616 
107 109 0 0 15 25 13.038404810405298 15.033296378372908 0.2060627284857665 
106 108 0 0 15 26 12.0 15.033296378372908 0.2172654285379339 
104 107 0 0 16 28 12.165525060596439 15.033296378372908 0.2234729190436079 
104 106 0 0 15 29 12.0 15.033296378372908 0.33379957732741133 
96 104 1 0 19 25 12.0 15.033296378372908 0.35408746576607153 
90 100 1 0 15 23 12.0 15.033296378372908 0.385349949897166 
88 99 1 0 16 28 12.0 15.033296378372908 0.4134927510946017 
80 95 2 0 28 21 12.0 15.033296378372908 0.5102573667600203 
74 94 2 0 16 20 12.0 15.033296378372908 0.5923000668194613 
73 93 3 0 25 22 12.0 15.033296378372908 0.8318011580492436 
65 92 4 0 15 23 11.045361017187261 15.033296378372908 0.8487609392620378 
59 91 4 0 14 20 11.045361017187261 15.033296378372908 0.8893583437508348 
57 90 4 0 11 22 10.198039027185569 15.033296378372908 0.8618835463630505 
55 88 4 0 11 18 10.198039027185569 15.033296378372908 0.8920838201424899 
51 87 4 0 10 19 10.198039027185569 15.033296378372908 1.0219855438584695 
49 86 5 0 9 18 10.198039027185569 15.033296378372908 1.1719777961831392 
48 85 6 0 10 23 10.198039027185569 15.033296378372908 1.1963902442721892 
47 84 6 0 9 26 10.198039027185569 15.033296378372908 1.181301834247628 
46 82 6 0 7 23 10.198039027185569 15.033296378372908 1.1676692215017213 
45 80 6 0 6 22 9.486832980505138 13.341664064126334 1.1605937953099301 
44 79 6 0 6 22 10.0 12.649110640673518 1.1593576788586222 
43 78 6 0 5 21 10.0 12.649110640673518 1.1517094212722252 
42 77 6 0 4 19 10.0 12.649110640673518 1.1636205871186907 
41 76 6 0 4 21 10.0 12.649110640673518 1.1495601883972044 
40 75 6 0 3 18 10.0 12.649110640673518 1.172582232393015 
39 74 6 0 3 21 9.055385138137417 12.649110640673518 1.1550550100880386 
38 73 6 0 4 19 8.0 12.083045973594572 1.1677339705064622 
34 72 6 0 3 18 8.94427190999916 12.083045973594572 1.1668208540827487 
33 71 6 0 3 18 8.94427190999916 12.083045973594572 1.1787320199292142 
32 70 6 0 3 20 8.94427190999916 12.083045973594572 1.314930989900922 
31 69 7 0 1 20 8.94427190999916 12.083045973594572 1.3209491397479116 
30 68 7 0 2 21 7.615773105863909 12.083045973594572 1.319522561594134 
28 67 7 0 2 18 5.0990195135927845 12.083045973594572 1.3176640861879279 
27 66 7 0 2 17 4.0 12.083045973594572 1.301356336629739 
27 65 7 0 2 17 4.47213595499958 10.770329614269007 1.3037112242234565 
26 64 7 0 1 18 5.830951894845301 10.295630140987 1.3020930965242627 
25 62 7 0 1 19 5.830951894845301 10.295630140987 1.2817172011237785 
24 61 8 1 1 16 5.830951894845301 10.295630140987 1.297262208273174 
23 60 8 1 0 18 6.324555320336759 10.295630140987 1.2868581442479308 
23 59 8 1 1 17 4.47213595499958 10.295630140987 1.157666601465105 
22 58 8 2 1 17 5.0990195135927845 10.295630140987 1.2941885714644075 
21 57 9 2 0 18 5.0990195135927845 10.295630140987 1.1613269294123503 
21 56 9 3 1 16 1.4142135623730951 10.295630140987 1 
