140 139 0 0 14 17 16.0 16.0 0.03910317434593599 
138 137 0 0 17 19 13.038404810405298 14.142135623730951 0.06056971955885279 
134 136 0 0 16 17 13.038404810405298 16.0 0.0727210829678842 
133 134 0 0 15 19 13.038404810405298 16.0 0.09741517525945528 
131 133 0 0 16 23 13.038404810405298 16.0 0.07352968884539467 
129 131 0 0 16 20 14.0 16.0 0.0684312529811703 
127 130 0 0 16 19 14.0 15.033296378372908 0.10669529996201109 
125 129 0 0 14 23 15.033296378372908 15.033296378372908 0.10007389228419182 
123 127 0 0 15 23 15.033296378372908 15.033296378372908 0.099694994823856 
121 125 0 0 15 23 15.033296378372908 15.033296378372908 0.11821932360820682 
120 124 0 0 14 25 15.033296378372908 15.033296378372908 0.11071618354418375 
119 123 0 0 14 23 14.0 15.033296378372908 0.09805546751698035 
118 122 0 0 14 21 14.0 15.033296378372908 0.08540850462770809 
117 121 0 0 12 17 14.0 15.033296378372908 0.09139569597372595 
115 120 0 0 13 18 14.0 15.033296378372908 0.0974487574610415 
114 119 0 0 12 18 14.0 15.033296378372908 0.1020000031667131 
112 118 0 0 13 18 13.038404810405298 15.033296378372908 0.08933241057054399 
111 117 0 0 14 17 13.038404810405298 15.033296378372908 0.10767975863789922 
107 116 0 0 16 19 13.038404810405298 15.033296378372908 0.12708505093992833 
103 115 0 0 16 20 13.038404810405298 14.0 0.13313811242724366 
102 114 0 0 15 20 13.038404810405298 14.0 0.1391911739145592 
101 113 0 0 14 20 13.038404810405298 14.0 0.13883849760532668 
97 112 0 0 15 18 13.038404810405298 14.0 0.14489155909264212 
96 111 0 0 14 18 13.038404810405298 14.0 0.20690209583755265 
92 110 0 0 14 25 13.038404810405298 14.0 0.3626903223023801 
86 109 1 0 13 24 13.038404810405298 14.0 0.3498922745483751 
85 107 1 0 13 23 13.038404810405298 14.0 0.3434081985973575 
83 106 1 0 14 22 13.038404810405298 14.0 0.32445973191827 
81 105 1 0 14 18 13.038404810405298 14.0 0.4742660331824456 
80 104 2 0 14 22 13.038404810405298 14.0 0.480319094669761 
79 103 2 0 13 22 13.038404810405298 14.0 0.4863131625847445 
77 102 2 0 13 22 13.038404810405298 14.0 0.521971716249723 
75 101 2 0 13 27 13.341664064126334 14.0 0.5065321646086984 
74 100 2 0 13 24 12.649110640673518 14.0 0.5248932658139848 
70 99 2 0 13 24 12.649110640673518 14.0 0.6620650722020602 
66 98 3 0 14 24 12.649110640673518 14.0 0.657357164652868 
64 97 3 0 14 21 11.045361017187261 14.0 0.6945952709517378 
63 96 3 0 12 25 11.045361017187261 14.0 0.6944126987905354 
62 95 3 0 11 24 11.045361017187261 14.0 0.7107343755523094 
60 93 3 0 11 26 10.198039027185569 14.0 0.8667694338960372 
59 92 4 0 12 32 10.198039027185569 14.0 0.8728224953833525 
58 91 4 0 11 32 10.198039027185569 14.0 0.8912878305953716 
56 90 4 0 11 34 10.198039027185569 14.0 0.9133030661922186 
54 89 4 0 11 36 9.486832980505138 14.0 0.7830611513847734 
52 88 4 1 9 31 8.0 14.0 0.7329935100354291 
51 87 4 1 8 22 8.0 14.0 0.7141040369286736 
50 86 4 1 7 18 8.0 14.0 0.7310225100171522 
49 85 4 1 7 20 7.0710678118654755 14.0 0.5996922363309487 
49 84 4 2 6 19 7.0710678118654755 14.0 0.5932671539522629 
48 83 4 2 6 18 7.0710678118654755 14.0 0.5944300172977454 
46 82 4 2 6 18 7.0710678118654755 13.038404810405298 0.5746441415540945 
45 81 4 2 6 14 6.0 13.038404810405298 0.593024262042678 
44 79 4 2 6 18 6.0 13.038404810405298 0.580356669446509 
43 78 4 2 7 17 6.0 13.038404810405298 0.6989916790370616 
42 77 5 2 6 15 6.0 13.038404810405298 0.7112734976039291 
41 76 5 2 6 17 6.0 13.038404810405298 0.7155221922286926 
39 75 5 2 7 17 5.0990195135927845 13.038404810405298 0.7278108873645258 
38 74 5 2 6 18 5.0990195135927845 13.038404810405298 0.7161686968728759 
37 73 5 2 6 17 5.0990195135927845 12.0 0.7159861247116734 
36 72 5 2 5 16 5.0990195135927845 12.0 0.7218949779032217 
35 70 5 2 5 18 5.0990195135927845 12.0 0.8467587445733263 
34 69 6 2 5 18 5.0990195135927845 12.0 0.8590474397091595 
33 68 6 2 4 19 5.0990195135927845 12.0 0.8238827631469012 
31 66 6 2 4 15 7.0710678118654755 12.0 0.8299358246342168 
30 65 6 2 3 15 7.0710678118654755 12.0 0.9610421015218047 
29 64 7 2 2 15 7.0710678118654755 12.0 0.9568727658525039 
28 63 7 2 3 15 5.656854249492381 11.045361017187261 0.9629258273398195 
27 62 7 2 2 15 5.656854249492381 11.045361017187261 0.9635527471696052 
26 61 7 2 3 15 4.242640687119285 11.045361017187261 0.9758483188744039 
25 60 7 2 1 15 4.242640687119285 11.045361017187261 0.9681404064375018 
24 58 7 2 1 15 4.47213595499958 11.045361017187261 1.086768539459089 
23 57 8 2 1 14 4.47213595499958 11.045361017187261 1.0896925862307962 
22 56 8 2 0 14 5.0990195135927845 11.045361017187261 1.0892268710224071 
22 55 8 2 2 14 1.4142135623730951 11.045361017187261 1.0928862192337856 
21 54 9 3 0 14 3.1622776601683795 11.045361017187261 1.0889959976548258 
21 53 9 3 1 14 1.4142135623730951 11.045361017187261 1 
