140 139 0 0 14 19 16.0 16.0 0.16230982412400308 
138 138 0 0 17 16 13.038404810405298 14.142135623730951 0.21928011712579593 
134 137 0 0 16 19 12.165525060596439 16.0 0.2378938842190811 
133 136 0 0 15 21 12.0 16.0 0.22975744438302165 
131 135 0 0 16 20 12.165525060596439 16.0 0.2284552511488544 
129 134 0 0 16 19 12.165525060596439 16.0 0.21339650185939812 
127 132 0 0 16 17 12.165525060596439 16.0 0.22150242916908097 
125 131 0 0 14 17 14.0 16.0 0.24636509684969982 
123 130 0 0 15 21 14.0 16.0 0.24642874442696738 
121 129 0 0 15 21 14.0 15.033296378372908 0.25912089980581987 
120 128 0 0 14 23 15.033296378372908 15.033296378372908 0.2566955212523814 
119 127 0 0 14 22 14.0 15.033296378372908 0.25581299541817215 
117 126 0 0 15 22 14.0 15.033296378372908 0.26073655013090014 
116 125 0 0 14 22 14.0 15.033296378372908 0.258167552000625 
114 124 0 0 15 21 13.038404810405298 15.033296378372908 0.2695274050920601 
113 123 0 0 14 22 13.038404810405298 15.033296378372908 0.2559813994685829 
112 122 0 0 15 21 13.038404810405298 15.033296378372908 0.2733578835387671 
111 121 0 0 13 22 13.038404810405298 15.033296378372908 0.2853479544619719 
109 120 0 0 14 24 13.038404810405298 15.033296378372908 0.2902715091746999 
108 119 0 0 13 24 13.038404810405298 15.033296378372908 0.28959810030863703 
107 118 0 0 14 25 13.038404810405298 15.033296378372908 0.40656566993943805 
106 117 1 0 13 23 13.038404810405298 15.033296378372908 0.3990362952947099 
105 116 1 0 13 22 13.038404810405298 15.033296378372908 0.3970592597308143 
104 114 1 0 13 23 13.038404810405298 15.033296378372908 0.3899495524860443 
103 113 1 0 14 23 13.038404810405298 15.033296378372908 0.5388909305058994 
99 112 2 0 14 24 13.038404810405298 15.033296378372908 0.5285048613903972 
91 108 2 0 17 22 13.038404810405298 15.033296378372908 0.6965431506508968 
90 107 3 0 15 27 13.038404810405298 15.033296378372908 0.7217947985390623 
88 106 3 0 13 27 11.40175425099138 15.033296378372908 0.7220424691263131 
87 105 3 0 12 26 11.045361017187261 15.033296378372908 0.720529725460334 
86 104 3 0 11 25 11.045361017187261 15.033296378372908 0.6796107078862954 
85 102 3 0 12 22 11.40175425099138 14.0 0.7231802617060411 
84 101 3 0 11 29 12.0 13.341664064126334 0.7403476288080789 
82 100 3 0 9 29 12.0 13.341664064126334 0.7519194657949911 
78 99 3 0 10 29 12.0 13.341664064126334 0.76155848621422 
77 98 3 0 9 29 11.045361017187261 13.341664064126334 0.7553876368047079 
76 97 3 0 9 28 10.770329614269007 13.341664064126334 0.7472294777918753 
74 96 3 0 8 25 10.770329614269007 13.341664064126334 0.6951051482215941 
72 88 3 0 9 25 10.770329614269007 13.341664064126334 0.6938029549874267 
70 87 3 0 9 24 10.770329614269007 13.341664064126334 0.7057930259106315 
68 86 3 0 10 26 10.770329614269007 13.341664064126334 0.7165240946339623 
66 85 3 0 8 25 10.770329614269007 13.341664064126334 0.7280944981572091 
64 84 3 0 8 26 10.770329614269007 13.341664064126334 0.720565123512481 
63 83 3 0 8 25 10.770329614269007 13.341664064126334 0.69649131233272 
62 82 3 0 9 22 10.295630140987 13.341664064126334 0.5478330818097457 
60 81 3 1 8 16 9.486832980505138 13.341664064126334 0.5530786413820998 
58 80 3 1 9 16 8.246211251235321 13.341664064126334 0.557748454628723 
56 78 3 1 10 18 8.246211251235321 13.341664064126334 0.7014697015673076 
52 77 4 1 10 18 8.0 13.341664064126334 0.7149394379438672 
48 76 4 1 11 18 7.615773105863909 13.341664064126334 0.7352184928017911 
44 75 4 1 11 18 7.0710678118654755 13.341664064126334 0.7438294666506061 
43 74 4 1 10 18 6.324555320336759 13.341664064126334 0.7553998701738529 
41 73 4 1 10 19 6.324555320336759 13.341664064126334 0.7540976769396855 
39 72 4 1 10 18 6.324555320336759 13.341664064126334 0.7646181952312046 
38 71 4 1 7 17 6.324555320336759 13.341664064126334 0.7698090811467696 
37 70 4 1 6 18 6.324555320336759 12.165525060596439 0.9062960963455036 
35 69 5 1 6 19 6.324555320336759 12.165525060596439 1.0301196317549697 
34 68 6 1 6 19 6.324555320336759 12.165525060596439 1.0929698718760614 
33 67 6 1 5 28 6.324555320336759 12.165525060596439 1.066342175760108 
32 65 6 1 4 26 6.324555320336759 10.0 1.0965466320897475 
31 63 6 1 4 32 6.324555320336759 10.0 1.1954643087843015 
30 62 7 1 6 30 6.324555320336759 10.0 1.177731680953984 
28 61 7 1 5 25 5.656854249492381 10.0 1.0441767191511704 
27 60 7 2 3 22 5.656854249492381 10.0 1.0629417867185798 
26 59 7 2 3 24 4.242640687119285 10.0 1.035390890509838 
26 57 7 2 2 21 3.1622776601683795 9.055385138137417 1.018070284037003 
26 56 7 2 1 20 4.242640687119285 8.246211251235321 0.9843246849728957 
26 55 7 2 2 16 3.1622776601683795 8.246211251235321 0.9712482767903042 
26 54 7 2 1 15 4.242640687119285 8.246211251235321 0.9632478712410252 
26 53 7 2 2 15 3.1622776601683795 8.246211251235321 0.9694803581945551 
26 52 7 2 1 17 4.242640687119285 8.246211251235321 0.9486073558878617 
26 51 7 2 2 15 3.1622776601683795 8.246211251235321 0.8094607360492261 
26 49 7 3 1 15 4.242640687119285 8.246211251235321 0.7877037744446581 
26 47 7 3 2 14 3.1622776601683795 8.246211251235321 0.7746273662620669 
26 46 7 3 1 13 4.242640687119285 8.246211251235321 0.6414407083546179 
26 45 7 4 2 13 3.1622776601683795 8.246211251235321 0.6348005985507337 
26 44 7 4 1 13 4.242640687119285 8.246211251235321 0.6203638946227474 
26 43 7 4 2 12 3.1622776601683795 8.246211251235321 0.6201600831975702 
26 42 7 4 1 13 4.242640687119285 8.246211251235321 0.46034427247741855 
26 40 7 5 2 10 3.1622776601683795 8.246211251235321 0.46237580161831726 
26 39 7 5 1 10 4.242640687119285 9.899494936611665 0.43596074736743695 
26 38 7 5 2 9 3.1622776601683795 7.615773105863909 0.290377829150094 
26 36 7 6 1 8 4.242640687119285 7.615773105863909 0.16362746962135222 
26 35 7 7 2 9 3.1622776601683795 7.615773105863909 0.16949286929008045 
26 34 7 7 1 9 4.242640687119285 10.0 0.15505616536209416 
26 33 7 7 2 8 3.1622776601683795 10.0 0.12582735892523048 
26 31 7 7 1 5 4.242640687119285 10.770329614269007 0.09915845002785965 
26 30 7 7 2 5 3.1622776601683795 7.211102550927978 0.0925183402239754 
26 29 7 7 1 5 4.242640687119285 7.211102550927978 0.0845179346746962 
26 28 7 7 2 5 3.1622776601683795 7.211102550927978 0.07356406418786077 
26 27 7 7 1 4 4.242640687119285 7.615773105863909 0.06556365863858157 
26 26 7 7 2 4 3.1622776601683795 7.615773105863909 0.05248725045599023 
26 25 7 7 1 3 4.242640687119285 7.615773105863909 -0.08713570583016564 
26 24 7 8 2 2 3.1622776601683795 7.615773105863909 -0.10698468095587352 
26 23 7 8 1 1 4.242640687119285 6.324555320336759 -0.11750585190451282 
26 22 7 8 2 0 3.1622776601683795 7.0710678118654755 -0.08294452767521135 
26 24 7 8 1 4 4.242640687119285 5.830951894845301 -0.10766482882857101 
26 23 7 8 2 1 3.1622776601683795 6.324555320336759 -0.11682570403181533 
26 22 7 8 1 0 4.242640687119285 7.0710678118654755 0.03224933127036019 
26 24 7 7 2 5 3.1622776601683795 2.8284271247461903 0.03498970113905734 
26 23 7 7 1 3 4.242640687119285 7.0710678118654755 -0.11106955352580575 
26 22 7 8 2 1 3.1622776601683795 7.0710678118654755 -0.2493322140665667 
26 21 7 9 1 0 4.242640687119285 7.0710678118654755 -0.260355953287534 
26 21 7 9 2 0 3.1622776601683795 5.0990195135927845 -0.2237818894852387 
26 23 7 9 1 4 4.242640687119285 4.242640687119285 -0.27324683213388445 
26 21 7 9 2 1 3.1622776601683795 1.4142135623730951 -1 
