140 139 0 0 14 17 16.0 16.0 0.14521182190674978 
138 138 0 0 17 16 13.341664064126334 14.142135623730951 0.2005122477232954 
134 136 0 0 16 20 12.649110640673518 16.0 0.19094841697932124 
132 135 0 0 16 18 13.038404810405298 16.0 0.21707873160487096 
130 134 0 0 16 22 14.0 16.0 0.2094428341380805 
128 133 0 0 16 20 14.0 16.0 0.25245021357585246 
126 132 0 0 14 24 14.0 16.0 0.23791378022436088 
125 131 0 0 14 22 14.142135623730951 16.0 0.25632744217350006 
123 130 0 0 15 25 14.142135623730951 16.0 0.25647995982684024 
121 129 0 0 15 25 14.142135623730951 15.033296378372908 0.2507129071958284 
120 128 0 0 14 24 15.033296378372908 15.033296378372908 0.22838991183384535 
119 126 0 0 14 21 14.0 15.033296378372908 0.27891057245061635 
117 125 0 0 15 29 14.0 15.033296378372908 0.25187128899573297 
116 124 0 0 14 24 14.0 15.033296378372908 0.24294013858605815 
114 123 0 0 15 22 13.038404810405298 15.033296378372908 0.25442925353233303 
113 122 0 0 14 23 13.038404810405298 15.033296378372908 0.2603640764962437 
111 121 0 0 16 25 13.038404810405298 15.033296378372908 0.24350878099265963 
110 117 0 0 14 24 13.038404810405298 15.033296378372908 0.23632243091449015 
110 116 0 0 14 24 13.038404810405298 15.033296378372908 0.26740771851708844 
104 115 0 0 17 27 13.038404810405298 15.033296378372908 0.31775720532026575 
98 114 0 0 20 33 13.038404810405298 15.033296378372908 0.4352798168177263 
97 113 1 0 20 32 13.038404810405298 15.033296378372908 0.4424295046266401 
95 109 1 0 14 30 13.038404810405298 15.033296378372908 0.5825556602757236 
91 107 2 0 13 29 12.0 15.033296378372908 0.532038889676947 
89 103 2 0 12 22 11.045361017187261 15.033296378372908 0.5247669526919806 
87 102 2 0 13 21 11.045361017187261 15.033296378372908 0.5544449558930843 
83 100 2 0 13 24 11.045361017187261 15.033296378372908 0.5596518578933464 
81 99 2 0 13 24 11.045361017187261 15.033296378372908 0.5711409728396211 
80 98 2 0 12 25 11.045361017187261 15.033296378372908 0.46357559964736805 
76 97 2 1 12 25 11.045361017187261 15.033296378372908 0.4934485011933285 
75 96 2 1 12 29 10.0 15.033296378372908 0.5167051046609056 
71 94 2 1 12 31 10.0 15.033296378372908 0.48890591321629373 
65 93 2 1 12 22 10.0 15.033296378372908 0.5247359017835778 
64 92 2 1 10 26 10.198039027185569 15.033296378372908 0.6123352775043522 
63 91 3 1 16 26 10.198039027185569 15.033296378372908 0.8039710149234554 
57 90 4 1 11 27 10.198039027185569 15.033296378372908 0.7894105704538005 
56 89 4 1 9 23 10.198039027185569 15.033296378372908 0.8005357249182509 
55 88 4 1 7 23 10.198039027185569 15.033296378372908 0.8334149888178445 
54 87 4 1 7 29 10.198039027185569 14.142135623730951 0.6998486137354637 
52 85 4 2 7 28 10.198039027185569 14.142135623730951 0.7848632367024737 
51 83 5 2 8 24 10.198039027185569 14.142135623730951 0.7355023613572838 
50 79 5 2 7 18 9.055385138137417 14.142135623730951 0.7527015255731588 
46 77 5 2 8 20 9.055385138137417 14.142135623730951 0.7896514657592286 
44 76 5 2 7 24 9.055385138137417 14.142135623730951 0.9273577766487902 
42 75 6 2 4 23 9.055385138137417 13.341664064126334 0.7603792759038022 
41 71 6 3 4 20 9.055385138137417 13.341664064126334 0.7710376215211792 
40 70 6 3 4 21 8.0 13.341664064126334 0.7470358033765438 
39 68 6 3 4 19 8.602325267042627 13.341664064126334 0.741150611574709 
38 67 6 3 5 18 7.0710678118654755 13.341664064126334 0.7526397265209839 
37 66 6 3 4 19 7.0710678118654755 13.341664064126334 0.7637992964861412 
36 65 6 3 4 21 7.211102550927978 13.341664064126334 0.7499667729801348 
35 64 6 3 4 19 7.211102550927978 13.341664064126334 0.7553984486747076 
34 63 6 3 4 20 7.211102550927978 13.341664064126334 0.741201964686877 
33 62 6 3 3 17 7.211102550927978 13.341664064126334 0.7273694411808707 
32 61 6 3 3 15 7.211102550927978 13.341664064126334 0.7318043745297942 
31 59 7 4 3 17 7.211102550927978 13.341664064126334 0.7113870339520071 
30 57 7 4 2 15 7.0710678118654755 12.165525060596439 0.6979184709278251 
29 56 7 4 3 14 7.0710678118654755 12.165525060596439 0.7164113110771307 
28 55 7 4 2 15 5.656854249492381 12.165525060596439 0.690099948585896 
27 54 7 4 3 12 5.656854249492381 12.165525060596439 0.7081615490077774 
26 53 7 4 2 13 4.242640687119285 12.083045973594572 0.7011143857171215 
25 52 7 4 3 13 4.242640687119285 12.083045973594572 0.6859211593836416 
24 50 8 5 2 11 4.242640687119285 12.083045973594572 0.5539268338097192 
23 49 8 6 2 9 2.8284271247461903 12.083045973594572 0.6880420762418851 
21 48 9 6 0 9 4.47213595499958 12.083045973594572 0.6831939235726973 
21 47 9 6 0 9 4.0 12.083045973594572 0.6672479763520198 
21 46 9 6 0 8 4.47213595499958 12.083045973594572 0.6623998236828322 
21 45 9 6 0 8 4.0 12.083045973594572 0.6528752761956811 
21 44 9 6 0 8 4.47213595499958 12.083045973594572 0.6458251927438508 
21 43 9 6 0 8 4.0 11.661903789690601 0.6453872045494694 
21 42 9 6 1 8 1.4142135623730951 11.661903789690601 1 
