140 139 0 0 14 18 16.0 16.0 0.20500695791912332 
138 138 0 0 17 16 13.341664064126334 14.142135623730951 0.2710536770239649 
134 137 0 0 16 20 12.165525060596439 16.0 0.27895504447243924 
133 133 0 0 15 24 12.165525060596439 16.0 0.25578752874297916 
131 132 0 0 16 22 14.0 16.0 0.260814503336949 
129 131 0 0 16 22 14.0 16.0 0.2724912309009064 
127 130 0 0 16 23 14.0 16.0 0.2825768940241595 
125 129 0 0 14 22 14.0 16.0 0.28839940083848137 
123 128 0 0 15 23 14.0 16.0 0.30151723485176996 
121 127 0 0 15 25 14.0 15.033296378372908 0.31979216807676075 
120 125 0 0 14 29 15.033296378372908 15.033296378372908 0.3235315263735563 
119 124 0 0 14 29 14.0 15.033296378372908 0.286205900725261 
117 120 0 0 15 27 14.0 15.033296378372908 0.31065638875640195 
116 119 0 0 14 30 14.0 15.033296378372908 0.3079183776833022 
114 118 0 0 15 29 13.038404810405298 15.033296378372908 0.31241960680448033 
113 117 0 0 14 29 13.038404810405298 15.033296378372908 0.28578888098921607 
111 116 0 0 16 26 13.038404810405298 15.033296378372908 0.30279408383001727 
110 115 0 0 14 27 13.038404810405298 15.033296378372908 0.28149183329159666 
109 114 0 0 14 24 13.038404810405298 15.033296378372908 0.21648308741181999 
107 108 0 0 15 21 13.038404810405298 14.0 0.22024762137362597 
106 107 0 0 15 21 12.0 14.0 0.21942037521796015 
104 106 0 0 16 21 12.0 14.0 0.21089188514672325 
104 105 0 0 15 20 12.0 14.0 0.209248888982059 
102 104 0 0 16 20 12.165525060596439 14.0 0.19591766910677005 
100 103 0 0 18 19 12.165525060596439 14.0 0.34624815602840286 
92 102 1 0 19 18 12.165525060596439 13.038404810405298 0.38770790479100037 
86 101 1 0 16 17 12.165525060596439 13.038404810405298 0.4177428268242165 
84 100 1 0 14 19 12.165525060596439 13.038404810405298 0.6216912138070331 
83 99 2 0 15 32 12.165525060596439 13.038404810405298 0.6267181884010028 
81 98 2 0 15 32 12.165525060596439 13.038404810405298 0.6367721375889424 
77 96 2 0 15 32 12.165525060596439 13.038404810405298 0.6523782568002233 
75 95 2 0 13 31 11.045361017187261 13.038404810405298 0.5432246261401348 
74 94 2 1 12 32 10.0 13.038404810405298 0.500094379590502 
73 92 2 1 11 26 10.0 13.038404810405298 0.5053911409320322 
72 91 2 1 11 27 10.0 13.038404810405298 0.6146063799366747 
66 89 3 1 13 23 10.0 13.038404810405298 0.6705533151872466 
60 88 3 1 14 27 9.055385138137417 13.038404810405298 0.6790479138697957 
58 87 3 1 10 24 9.055385138137417 13.038404810405298 0.6702496370509983 
57 86 3 1 9 22 9.055385138137417 13.038404810405298 0.6702571936117924 
53 85 3 1 9 21 11.313708498984761 13.038404810405298 0.6747584227329705 
52 84 3 1 8 21 11.313708498984761 13.038404810405298 0.6739311765773045 
50 83 3 1 9 21 11.313708498984761 13.038404810405298 0.6920517663041641 
49 82 3 1 8 22 9.899494936611665 13.038404810405298 0.6561098372474616 
48 80 3 1 8 17 8.602325267042627 13.038404810405298 0.6500537267208448 
47 79 3 1 8 17 8.602325267042627 12.165525060596439 0.7914979535651558 
45 78 4 1 6 17 8.602325267042627 12.165525060596439 0.7848675635501786 
44 77 4 1 7 17 8.48528137423857 12.165525060596439 0.7893687926713565 
43 76 4 1 6 17 8.48528137423857 12.165525060596439 0.9381439909389258 
39 75 5 1 6 17 7.211102550927978 12.165525060596439 0.9367909993104682 
38 74 5 1 6 17 7.211102550927978 12.165525060596439 0.9346424754616585 
37 73 5 1 5 16 7.211102550927978 12.165525060596439 0.9399392368031889 
36 72 5 1 5 17 7.211102550927978 12.165525060596439 0.8191360295247481 
35 71 5 2 4 16 5.830951894845301 12.165525060596439 0.8185785701166427 
34 70 5 2 5 17 5.830951894845301 12.165525060596439 0.8364261461323917 
33 69 5 2 4 18 4.47213595499958 12.165525060596439 0.8363944321970781 
31 68 5 2 6 19 4.47213595499958 12.165525060596439 0.9656044720693264 
30 67 6 2 5 19 4.47213595499958 12.165525060596439 1.1012101028973555 
28 66 7 2 3 19 5.656854249492381 12.165525060596439 1.1129465575821125 
27 65 7 2 4 20 3.1622776601683795 12.165525060596439 1.122506475232574 
26 64 7 2 1 19 3.1622776601683795 12.165525060596439 1.1034137121255745 
26 63 7 2 1 19 4.242640687119285 11.045361017187261 1.0951508399822223 
26 62 7 2 2 19 3.1622776601683795 11.045361017187261 1.087947796423805 
26 61 7 2 1 19 4.242640687119285 11.045361017187261 1.0653022134595804 
26 59 7 2 2 18 3.1622776601683795 11.045361017187261 1.0600194341224913 
26 58 7 2 1 18 4.242640687119285 11.40175425099138 1.031971379382875 
26 57 7 2 2 16 3.1622776601683795 10.198039027185569 1.024768335824457 
26 56 7 2 1 16 4.242640687119285 10.198039027185569 1.0165054636811055 
26 55 7 2 2 16 3.1622776601683795 10.198039027185569 1.0093024201226874 
26 54 7 2 1 16 4.242640687119285 10.198039027185569 1.001039547979336 
26 53 7 2 2 16 3.1622776601683795 10.198039027185569 0.8539973732850035 
26 51 7 3 1 15 4.242640687119285 10.198039027185569 0.8419024880844577 
26 50 7 3 2 15 3.1622776601683795 9.486832980505138 0.7092430242109979 
26 49 7 4 1 15 4.242640687119285 9.486832980505138 0.6810308931576831 
26 48 7 4 2 12 3.1622776601683795 9.486832980505138 0.5483714292842232 
26 47 7 5 1 12 4.242640687119285 9.486832980505138 0.5401085571408716 
26 46 7 5 2 12 3.1622776601683795 9.486832980505138 0.526255760612466 
26 45 7 5 1 11 4.242640687119285 9.486832980505138 0.503610177648242 
26 43 7 5 2 10 3.1622776601683795 9.486832980505138 0.4897573811198365 
26 42 7 5 1 9 4.242640687119285 9.486832980505138 0.3416553778405702 
26 40 7 6 2 8 3.1622776601683795 9.486832980505138 0.3344523342821523 
26 39 7 6 1 8 4.242640687119285 9.486832980505138 0.3062054254811939 
26 38 7 6 2 6 3.1622776601683795 8.246211251235321 0.2926706514421935 
26 37 7 6 1 6 4.242640687119285 7.0710678118654755 0.15230160601381199 
26 36 7 7 2 5 3.1622776601683795 7.0710678118654755 0.14509856245539415 
26 35 7 7 1 5 4.242640687119285 7.0710678118654755 0.13683569031204237 
26 34 7 7 2 5 3.1622776601683795 7.0710678118654755 0.1256104008401532 
26 33 7 7 1 5 4.242640687119285 6.324555320336759 0.11734752869680154 
26 32 7 7 2 5 3.1622776601683795 6.324555320336759 0.10748492567542986 
26 31 7 7 1 5 4.242640687119285 5.830951894845301 0.09257230056209043 
26 30 7 7 2 4 3.1622776601683795 5.830951894845301 0.09205106238009797 
26 29 7 7 1 4 4.242640687119285 7.0710678118654755 0.06978501793983996 
26 28 7 7 2 4 3.1622776601683795 4.47213595499958 -0.06287444593361996 
26 27 7 8 1 4 4.242640687119285 4.47213595499958 -0.07140375077742148 
26 26 7 8 2 3 3.1622776601683795 5.656854249492381 -0.09287639933319537 
26 25 7 8 1 2 4.242640687119285 4.242640687119285 -0.11649208135480027 
26 23 7 8 2 2 3.1622776601683795 2.8284271247461903 -0.26838520596217175 
26 21 7 9 1 0 4.242640687119285 3.1622776601683795 -0.12907598911872417 
26 22 7 8 2 1 3.1622776601683795 3.1622776601683795 -0.26838520596217175 
26 21 7 9 1 0 4.242640687119285 3.1622776601683795 -0.12907598911872417 
26 22 7 8 2 1 3.1622776601683795 3.1622776601683795 -0.26838520596217175 
26 21 7 9 1 0 4.242640687119285 3.1622776601683795 -0.2474748287055158 
26 22 7 9 2 1 3.1622776601683795 4.47213595499958 -0.26838520596217175 
26 21 7 9 1 0 4.242640687119285 3.1622776601683795 -0.10319257541482497 
26 23 7 8 2 4 3.1622776601683795 2.8284271247461903 -0.26838520596217175 
26 21 7 9 1 0 4.242640687119285 3.1622776601683795 -0.20567633382424552 
26 24 7 9 2 4 3.1622776601683795 5.656854249492381 -0.23031423505962623 
26 22 7 9 1 2 4.242640687119285 6.324555320336759 -0.258479860170199 
26 21 7 9 2 0 3.1622776601683795 5.0990195135927845 -0.26838520596217175 
26 21 7 9 1 0 4.242640687119285 3.1622776601683795 -0.12907598911872417 
26 22 7 8 2 1 3.1622776601683795 3.1622776601683795 -0.26838520596217175 
26 21 7 9 1 0 4.242640687119285 3.1622776601683795 -0.11430593435916894 
26 23 7 8 2 3 3.1622776601683795 2.0 -0.13796472991057415 
26 22 7 8 1 1 4.242640687119285 1.4142135623730951 -0.258479860170199 
26 21 7 9 2 0 3.1622776601683795 5.0990195135927845 -0.056604231487598404 
26 26 7 8 1 4 4.242640687119285 7.0710678118654755 -0.0896144215552831 
26 24 7 8 2 1 3.1622776601683795 7.615773105863909 -0.11042436283367463 
26 23 7 8 1 0 4.242640687119285 6.324555320336759 -0.06411258958955117 
26 25 7 8 2 4 3.1622776601683795 7.211102550927978 -0.12040528921710952 
26 23 7 8 1 0 4.242640687119285 4.47213595499958 -0.09923112576822317 
26 24 7 8 2 1 3.1622776601683795 5.830951894845301 -0.12040528921710952 
26 23 7 8 1 0 4.242640687119285 4.47213595499958 0.01890392762633794 
26 24 7 7 2 1 3.1622776601683795 4.47213595499958 -0.12040528921710952 
26 23 7 8 1 0 4.242640687119285 4.47213595499958 -0.09448951850655951 
26 24 7 8 2 3 3.1622776601683795 4.242640687119285 -0.10931241409234564 
26 23 7 8 1 3 4.242640687119285 2.8284271247461903 -0.2374939023220809 
26 22 7 9 2 1 3.1622776601683795 6.324555320336759 -0.257949945877732 
26 21 7 9 1 0 4.242640687119285 5.0990195135927845 -0.26891512025463876 
26 21 7 9 2 0 3.1622776601683795 3.1622776601683795 -0.10266266112235799 
26 23 7 8 1 4 4.242640687119285 2.8284271247461903 -0.26891512025463876 
26 21 7 9 2 0 3.1622776601683795 3.1622776601683795 -0.2711541080765011 
26 21 7 9 1 1 4.242640687119285 1.4142135623730951 -1 
