140 138 0 0 14 17 16.0 16.0 0.1551373185250962 
138 136 0 0 17 14 14.142135623730951 13.341664064126334 0.18904566104522702 
134 134 0 0 16 16 15.033296378372908 15.033296378372908 0.19971969338518925 
132 132 0 0 16 18 15.033296378372908 15.033296378372908 0.20480595196077644 
130 131 0 0 16 18 15.033296378372908 15.033296378372908 0.2363210151657027 
128 130 0 0 16 22 15.033296378372908 15.033296378372908 0.2531726742841736 
126 129 0 0 14 22 15.033296378372908 15.033296378372908 0.25190248929681985 
125 128 0 0 14 22 15.033296378372908 15.033296378372908 0.24144056426475125 
123 124 0 0 15 24 15.033296378372908 15.033296378372908 0.25211459660471347 
121 122 0 0 15 26 15.033296378372908 15.033296378372908 0.24351270957413218 
120 121 0 0 14 24 15.033296378372908 15.033296378372908 0.24731941466692547 
119 120 0 0 14 24 14.0 15.033296378372908 0.2322891432634414 
117 118 0 0 15 23 14.0 15.033296378372908 0.23384337636865044 
116 114 0 0 14 26 14.0 15.033296378372908 0.23116433449282797 
114 113 0 0 15 25 13.038404810405298 15.033296378372908 0.21595524630491175 
113 112 0 0 14 22 13.038404810405298 15.033296378372908 0.20927610433761523 
111 111 0 0 16 22 13.038404810405298 15.033296378372908 0.2197713198931454 
110 110 0 0 14 22 13.038404810405298 15.033296378372908 0.22583283694901946 
109 109 0 0 15 24 13.038404810405298 15.033296378372908 0.19317086174659376 
103 108 0 0 19 18 13.038404810405298 15.033296378372908 0.24183251057705768 
99 107 0 0 16 20 13.038404810405298 15.033296378372908 0.26623885743586123 
95 106 0 0 16 21 13.038404810405298 15.033296378372908 0.34893954243057473 
95 105 0 0 13 32 13.038404810405298 15.033296378372908 0.3532571312075961 
94 103 0 0 13 34 13.038404810405298 15.033296378372908 0.3515132029287435 
94 102 0 0 12 34 13.038404810405298 15.033296378372908 0.31441752922666183 
88 101 0 0 19 30 13.038404810405298 15.033296378372908 0.5300450541219295 
78 99 1 0 16 33 12.0 15.033296378372908 0.528524111540182 
76 98 1 0 16 32 12.0 15.033296378372908 0.6079216738748272 
75 97 2 0 19 28 12.0 15.033296378372908 0.7859846596677159 
69 96 3 0 14 27 12.0 15.033296378372908 0.775638844358282 
68 94 3 0 12 25 12.0 15.033296378372908 0.765293029048848 
67 92 3 0 10 23 12.0 15.033296378372908 0.781927669456515 
66 91 3 0 10 25 11.045361017187261 15.033296378372908 0.7811312277606602 
64 90 3 0 11 25 11.045361017187261 15.033296378372908 0.8942157113168635 
63 86 4 0 10 26 11.045361017187261 15.033296378372908 0.8760433029327923 
61 85 4 0 10 21 9.055385138137417 15.033296378372908 0.8610574484249786 
57 83 4 0 11 18 8.94427190999916 15.033296378372908 0.9163540703100661 
56 82 4 0 7 23 8.94427190999916 15.033296378372908 0.9062582120054679 
54 81 4 0 7 20 8.0 15.033296378372908 0.9061862711955062 
52 80 4 0 9 21 8.0 15.033296378372908 0.8931097053503296 
50 79 4 0 7 19 11.40175425099138 15.033296378372908 0.8869814199258346 
50 78 4 0 8 19 9.899494936611665 15.033296378372908 0.8666310662303452 
50 77 4 0 9 17 8.602325267042627 15.033296378372908 0.8570097518068042 
49 75 4 0 8 16 8.602325267042627 15.033296378372908 0.8623467679767853 
48 74 4 0 8 17 8.602325267042627 15.033296378372908 0.8600571555964719 
47 72 4 0 8 18 8.602325267042627 15.033296378372908 0.7541550133488066 
46 71 4 1 9 21 7.211102550927978 15.033296378372908 0.7389459251608903 
45 70 4 1 8 18 7.211102550927978 15.033296378372908 0.8624203929392003 
44 69 5 1 8 18 7.211102550927978 15.033296378372908 0.8658807824221968 
43 68 5 1 7 18 6.324555320336759 14.0 0.8602547292301584 
42 67 5 1 7 18 7.211102550927978 14.0 0.8589845442428047 
41 66 5 1 7 18 7.211102550927978 14.0 0.8775359627274555 
40 65 5 1 7 21 7.211102550927978 14.0 0.8911354772865264 
39 64 5 1 7 23 5.830951894845301 13.038404810405298 0.8830073335474442 
37 63 5 1 7 21 5.830951894845301 13.038404810405298 0.8650790586003887 
35 61 5 1 4 16 5.830951894845301 13.038404810405298 0.8564771715698072 
34 60 5 1 3 14 5.830951894845301 13.038404810405298 0.8496504797312059 
32 59 6 2 5 15 7.0710678118654755 13.038404810405298 0.732995418729042 
31 57 6 3 2 15 7.0710678118654755 13.038404810405298 0.7063621774721964 
30 56 6 3 3 11 5.656854249492381 13.038404810405298 0.706321800778398 
29 55 6 3 2 11 5.656854249492381 12.165525060596439 0.5780902672019059 
29 53 6 4 2 12 4.47213595499958 12.165525060596439 0.5709373819431104 
28 52 6 4 3 12 4.47213595499958 12.165525060596439 0.6878046485640855 
27 51 7 4 3 11 4.47213595499958 12.165525060596439 0.6988528842499989 
26 50 7 4 2 11 3.1622776601683795 12.165525060596439 0.6918008135550069 
26 49 7 4 1 11 4.242640687119285 12.165525060596439 0.5581932788705687 
26 48 7 5 2 11 3.1622776601683795 12.165525060596439 0.540462721055045 
26 47 7 5 1 10 4.242640687119285 11.40175425099138 0.5322615346494481 
26 46 7 5 2 10 3.1622776601683795 11.40175425099138 0.5318166651117908 
26 45 7 5 1 11 4.242640687119285 11.40175425099138 0.5104010763915243 
26 44 7 5 2 9 3.1622776601683795 11.40175425099138 0.5033490056965323 
26 43 7 5 1 9 4.242640687119285 11.40175425099138 0.4866408613585085 
26 42 7 5 2 8 3.1622776601683795 11.045361017187261 0.4740164860110926 
26 41 7 5 1 8 4.242640687119285 10.0 0.45818867105520134 
26 39 7 5 2 8 3.1622776601683795 10.0 0.31912305092403304 
26 38 7 6 1 7 4.242640687119285 10.0 0.1789083150822601 
26 37 7 7 2 6 3.1622776601683795 10.0 0.16422961583697343 
26 35 7 7 1 6 4.242640687119285 10.0 0.1509931529068434 
26 34 7 7 2 6 3.1622776601683795 9.055385138137417 0.13072667989718156 
26 33 7 7 1 4 4.242640687119285 9.055385138137417 0.11821218608823783 
26 32 7 7 2 4 3.1622776601683795 8.246211251235321 0.11116011539324563 
26 31 7 7 1 4 4.242640687119285 8.246211251235321 0.09959837377967792 
26 30 7 7 2 4 3.1622776601683795 7.615773105863909 0.0856634571058443 
26 29 7 7 1 4 4.242640687119285 6.324555320336759 0.07092954299627592 
26 28 7 7 2 4 3.1622776601683795 5.0990195135927845 0.058019140635946466 
26 27 7 7 1 4 4.242640687119285 4.0 0.04321075307301487 
26 26 7 7 2 3 3.1622776601683795 4.0 0.03169319723467661 
26 25 7 7 1 3 4.242640687119285 3.1622776601683795 0.017296481144425356 
26 24 7 7 2 3 3.1622776601683795 2.0 -0.11735320205632423 
26 23 7 8 1 2 4.242640687119285 2.8284271247461903 -0.24219893463463898 
26 22 7 9 2 2 3.1622776601683795 4.47213595499958 -0.269447616996188 
26 21 7 9 1 0 4.242640687119285 3.1622776601683795 -0.21411472532806552 
26 23 7 9 2 4 3.1622776601683795 5.830951894845301 -0.2486117821127955 
26 21 7 9 1 0 4.242640687119285 7.0710678118654755 -0.23232459947387152 
26 22 7 9 2 2 3.1622776601683795 6.324555320336759 -0.2486117821127955 
26 21 7 9 1 0 4.242640687119285 7.0710678118654755 -0.10471335759695703 
26 23 7 8 2 4 3.1622776601683795 2.8284271247461903 -0.13912550764316306 
26 22 7 8 1 1 4.242640687119285 1.4142135623730951 -0.2491863399680978 
26 21 7 9 2 0 3.1622776601683795 7.0710678118654755 -0.08236649415481603 
26 24 7 8 1 5 4.242640687119285 4.242640687119285 -0.11345097889900185 
26 22 7 8 2 2 3.1622776601683795 5.0990195135927845 -0.27215848447229873 
26 21 7 9 1 1 4.242640687119285 1.4142135623730951 -1 
