140 140 0 0 14 14 16.0 16.0 0.17526780859494145 
138 139 0 0 17 17 16.0 14.142135623730951 0.23141364682782073 
134 138 0 0 16 18 12.649110640673518 16.0 0.22480223637102797 
133 136 0 0 15 17 12.165525060596439 16.0 0.21609168966397346 
131 135 0 0 16 18 14.0 15.033296378372908 0.21508011317590792 
129 133 0 0 16 19 15.033296378372908 15.033296378372908 0.2191735224054443 
127 131 0 0 16 20 15.033296378372908 15.033296378372908 0.2555969196965903 
125 130 0 0 14 23 15.033296378372908 15.033296378372908 0.23895237501365457 
123 126 0 0 15 24 15.033296378372908 15.033296378372908 0.2374699301679502 
121 125 0 0 15 23 15.033296378372908 15.033296378372908 0.26170374109977573 
120 124 0 0 14 26 15.033296378372908 15.033296378372908 0.25268450518898533 
119 123 0 0 14 24 14.0 15.033296378372908 0.2442933638473609 
117 121 0 0 15 24 14.0 15.033296378372908 0.2491220632873936 
116 120 0 0 14 24 14.0 15.033296378372908 0.2334374444113264 
114 119 0 0 15 21 13.038404810405298 15.033296378372908 0.23179777335409502 
113 118 0 0 14 20 13.038404810405298 15.033296378372908 0.2635615618414469 
111 117 0 0 16 26 13.038404810405298 15.033296378372908 0.2679380708581121 
110 116 0 0 14 25 13.038404810405298 15.033296378372908 0.2861751899272544 
106 115 0 0 16 27 13.038404810405298 15.033296378372908 0.2989570351638956 
105 114 0 0 16 30 13.038404810405298 14.0 0.28914526323456724 
104 113 0 0 16 28 12.165525060596439 14.0 0.26558015763099996 
102 109 0 0 16 27 12.165525060596439 14.0 0.22484716380305422 
100 107 0 0 17 22 12.165525060596439 14.0 0.4116873052793629 
92 106 1 0 18 26 12.165525060596439 14.0 0.46045751514135635 
88 105 1 0 16 29 12.165525060596439 14.0 0.4382252519584681 
86 103 1 0 15 25 12.165525060596439 14.0 0.5053584544652057 
80 102 1 0 12 28 12.165525060596439 14.0 0.5991015977140584 
74 98 2 0 12 22 12.165525060596439 14.0 0.597619152868354 
72 97 2 0 12 21 12.165525060596439 14.0 0.613141811797099 
71 96 2 0 12 23 11.40175425099138 14.0 0.6239985557357403 
70 94 2 0 12 26 11.40175425099138 14.0 0.6616212980854617 
69 93 2 0 12 32 11.40175425099138 14.0 0.6969961212856189 
67 87 3 0 13 24 11.40175425099138 14.0 0.6969234544418398 
65 86 3 0 13 24 11.40175425099138 13.038404810405298 0.721484011248433 
63 85 3 0 11 24 10.198039027185569 13.341664064126334 0.7712203890028003 
62 84 3 0 11 31 9.055385138137417 13.341664064126334 0.6052782322056524 
61 82 3 1 10 25 8.94427190999916 13.341664064126334 0.5974278751685947 
60 81 3 1 10 24 8.246211251235321 12.649110640673518 0.46462332441680754 
59 80 3 2 10 23 8.246211251235321 12.649110640673518 0.4562203186504714 
57 79 3 2 9 20 8.246211251235321 12.649110640673518 0.4615012085138718 
56 78 3 2 9 21 8.246211251235321 12.649110640673518 0.5727856535058933 
55 77 4 2 10 20 8.246211251235321 12.649110640673518 0.5583664676656603 
53 76 4 2 10 17 8.246211251235321 12.649110640673518 0.5696635376029574 
52 75 4 2 9 18 8.246211251235321 12.649110640673518 0.6874163530922431 
51 74 5 2 10 18 8.246211251235321 12.649110640673518 0.7137653951503292 
50 73 5 2 7 20 8.94427190999916 12.649110640673518 0.7208687500430977 
49 69 5 2 7 26 8.94427190999916 11.045361017187261 0.66923122004542 
48 68 5 2 6 18 9.899494936611665 11.045361017187261 0.6672940737287343 
47 67 5 2 8 18 7.615773105863909 11.045361017187261 0.5594781123304826 
43 66 5 3 8 18 7.615773105863909 11.045361017187261 0.683247107893665 
42 65 6 3 8 18 7.615773105863909 11.045361017187261 0.6751390663391694 
41 64 6 3 7 16 7.615773105863909 11.045361017187261 0.6799677657792023 
40 63 6 3 6 16 7.615773105863909 11.045361017187261 0.6852486556426025 
39 62 6 3 6 17 7.615773105863909 11.045361017187261 0.5649286554619763 
38 61 6 4 5 17 7.615773105863909 11.045361017187261 0.5720843967778586 
37 60 6 4 5 18 7.615773105863909 11.40175425099138 0.5708077883223018 
36 59 6 4 5 17 6.324555320336759 11.40175425099138 0.5756364877623347 
35 58 6 4 4 17 6.324555320336759 11.40175425099138 0.5744490071284708 
34 57 6 4 4 17 6.324555320336759 11.40175425099138 0.5295750927190421 
33 51 6 4 4 15 5.0990195135927845 11.40175425099138 0.5542610940742352 
32 50 6 4 4 19 5.0990195135927845 11.40175425099138 0.5452605360977161 
31 48 6 4 3 18 5.0990195135927845 11.40175425099138 0.537740760061838 
30 47 6 4 3 18 5.0990195135927845 10.198039027185569 0.5126517234986356 
29 46 6 4 3 13 4.0 10.770329614269007 0.3798471727468484 
28 45 6 5 3 12 4.0 10.770329614269007 0.5096323483839277 
27 44 7 5 2 12 4.0 10.770329614269007 0.5125836227768555 
26 43 7 5 2 12 3.1622776601683795 10.770329614269007 0.4856037702078073 
26 41 7 5 1 10 4.242640687119285 10.770329614269007 0.4710958505271998 
26 40 7 5 2 9 3.1622776601683795 10.770329614269007 0.4511932598264653 
26 39 7 5 1 8 4.242640687119285 9.486832980505138 0.44962208114038626 
26 38 7 5 2 9 3.1622776601683795 9.486832980505138 0.44940822698241856 
26 37 7 5 1 10 4.242640687119285 9.486832980505138 0.3023907207618646 
26 35 7 6 2 9 3.1622776601683795 9.486832980505138 0.2892401256093684 
26 34 7 6 1 8 4.242640687119285 9.486832980505138 0.27898698516490644 
26 33 7 6 2 7 3.1622776601683795 10.295630140987 0.27230476050967445 
26 32 7 6 1 7 4.242640687119285 10.295630140987 0.13911651170567235 
26 31 7 7 2 7 3.1622776601683795 10.295630140987 0.1253252970307721 
26 30 7 7 1 7 4.242640687119285 8.94427190999916 0.08802641048637881 
26 29 7 7 2 4 3.1622776601683795 7.0710678118654755 -0.05674125478404053 
26 28 7 8 1 2 4.242640687119285 7.0710678118654755 -0.06870792686503033 
26 27 7 8 2 2 3.1622776601683795 6.324555320336759 -0.08183723684457361 
26 26 7 8 1 2 4.242640687119285 5.0990195135927845 -0.09565831647217259 
26 25 7 8 2 2 3.1622776601683795 4.0 -0.10674748490926378 
26 24 7 8 1 2 4.242640687119285 3.1622776601683795 -0.12301166734089804 
26 23 7 8 2 1 3.1622776601683795 2.8284271247461903 -0.1073749467970306 
26 22 7 8 1 1 4.242640687119285 7.0710678118654755 -0.2675942485463696 
26 21 7 9 2 0 3.1622776601683795 3.1622776601683795 -0.10721769744509965 
26 23 7 8 1 2 4.242640687119285 4.47213595499958 -0.2675942485463696 
26 21 7 9 2 0 3.1622776601683795 3.1622776601683795 -0.25672711205619897 
26 21 7 9 1 0 4.242640687119285 5.0990195135927845 -0.09168310404491661 
26 23 7 8 2 3 3.1622776601683795 6.324555320336759 -0.23645076931533582 
26 22 7 9 1 1 4.242640687119285 6.324555320336759 -0.25740577432025463 
26 21 7 9 2 0 3.1622776601683795 5.0990195135927845 -0.23972728398504603 
26 22 7 9 1 2 4.242640687119285 4.47213595499958 -0.25740577432025463 
26 21 7 9 2 0 3.1622776601683795 5.0990195135927845 -0.26691558628231393 
26 21 7 9 1 0 4.242640687119285 3.1622776601683795 -0.11195944678577976 
26 22 7 8 2 2 3.1622776601683795 5.0990195135927845 -0.25672711205619897 
26 21 7 9 1 0 4.242640687119285 5.0990195135927845 -0.11195944678577976 
26 22 7 8 2 2 3.1622776601683795 5.0990195135927845 -0.26691558628231393 
26 21 7 9 1 0 4.242640687119285 3.1622776601683795 -0.11195944678577976 
26 22 7 8 2 2 3.1622776601683795 5.0990195135927845 -0.26691558628231393 
26 21 7 9 1 0 4.242640687119285 3.1622776601683795 -0.10789635970915529 
26 23 7 8 2 2 3.1622776601683795 4.47213595499958 -0.11774915501898836 
26 22 7 8 1 1 4.242640687119285 5.0990195135927845 -0.2675942485463696 
26 21 7 9 2 0 3.1622776601683795 3.1622776601683795 -0.10939626408231394 
26 23 7 8 1 3 4.242640687119285 2.8284271247461903 -0.11842781728304402 
26 22 7 8 2 1 3.1622776601683795 5.0990195135927845 -0.25672711205619897 
26 21 7 9 1 0 4.242640687119285 5.0990195135927845 -0.08045050955979755 
26 24 7 8 2 4 3.1622776601683795 5.830951894845301 -0.11774915501898836 
26 22 7 8 1 1 4.242640687119285 5.0990195135927845 -0.25740577432025463 
26 21 7 9 2 0 3.1622776601683795 5.0990195135927845 -0.09645952308778545 
26 23 7 8 1 5 4.242640687119285 2.8284271247461903 -0.11195944678577976 
26 22 7 8 2 2 3.1622776601683795 5.0990195135927845 -0.26691558628231393 
26 21 7 9 1 0 4.242640687119285 3.1622776601683795 -0.212960096099744 
26 23 7 9 2 4 3.1622776601683795 5.830951894845301 -0.26691558628231393 
26 21 7 9 1 0 4.242640687119285 3.1622776601683795 -0.20651507175107678 
26 24 7 9 2 4 3.1622776601683795 5.656854249492381 -0.21228143383568837 
26 23 7 9 1 4 4.242640687119285 5.830951894845301 -0.2306610610821272 
26 22 7 9 2 2 3.1622776601683795 6.324555320336759 -0.2463529038342412 
26 21 7 9 1 0 4.242640687119285 7.0710678118654755 -0.22131560707006429 
26 23 7 9 2 4 3.1622776601683795 4.242640687119285 -0.23972728398504603 
26 22 7 9 1 2 4.242640687119285 4.47213595499958 -0.25740577432025463 
26 21 7 9 2 0 3.1622776601683795 5.0990195135927845 -0.09747281227812521 
26 23 7 8 1 2 4.242640687119285 6.324555320336759 -0.10805360906108626 
26 22 7 8 2 1 3.1622776601683795 7.0710678118654755 -0.25672711205619897 
26 21 7 9 1 0 4.242640687119285 5.0990195135927845 -0.10805360906108626 
26 22 7 8 2 1 3.1622776601683795 7.0710678118654755 -0.25672711205619897 
26 21 7 9 1 0 4.242640687119285 5.0990195135927845 -0.0739821390625333 
26 24 7 8 2 5 3.1622776601683795 5.830951894845301 -0.10721769744509965 
26 23 7 8 1 2 4.242640687119285 4.47213595499958 -0.24040594624910164 
26 22 7 9 2 2 3.1622776601683795 4.47213595499958 -0.26691558628231393 
26 21 7 9 1 0 4.242640687119285 3.1622776601683795 -0.0740054852111304 
26 25 7 8 2 4 3.1622776601683795 5.656854249492381 -0.09100444178086098 
26 23 7 8 1 3 4.242640687119285 6.324555320336759 -0.12489618778030825 
26 22 7 8 2 0 3.1622776601683795 5.0990195135927845 -0.10939626408231394 
26 23 7 8 1 3 4.242640687119285 2.8284271247461903 -0.2675942485463696 
26 21 7 9 2 0 3.1622776601683795 3.1622776601683795 -0.07309081211473162 
26 25 7 8 1 5 4.242640687119285 4.47213595499958 -0.12301166734089804 
26 23 7 8 2 1 3.1622776601683795 2.8284271247461903 -0.1371335403958298 
26 22 7 8 1 1 4.242640687119285 1.4142135623730951 -0.25740577432025463 
26 21 7 9 2 0 3.1622776601683795 5.0990195135927845 -0.22063694480600865 
26 23 7 9 1 4 4.242640687119285 4.242640687119285 -0.24040594624910164 
26 22 7 9 2 2 3.1622776601683795 4.47213595499958 -0.26691558628231393 
26 21 7 9 1 0 4.242640687119285 3.1622776601683795 -0.11842781728304402 
26 22 7 8 2 1 3.1622776601683795 5.0990195135927845 -0.26691558628231393 
26 21 7 9 1 0 4.242640687119285 3.1622776601683795 -0.07376947437878725 
26 25 7 8 2 5 3.1622776601683795 4.47213595499958 -0.20583640948702114 
26 24 7 9 1 4 4.242640687119285 5.656854249492381 -0.2425845128863159 
26 22 7 9 2 3 3.1622776601683795 2.8284271247461903 -1 
