140 140 0 0 14 14 16.0 16.0 1.056816664200919 
138 138 0 0 17 17 16.0 14.142135623730951 1.056382838827102 
134 134 0 0 16 16 13.038404810405298 15.033296378372908 1.0551240091252454 
132 132 0 0 16 16 15.033296378372908 15.033296378372908 1.0545626909343586 
130 130 0 0 16 16 15.033296378372908 15.033296378372908 1.0540013727434718 
128 128 0 0 16 16 15.033296378372908 15.033296378372908 1.054328354891674 
126 126 0 0 13 16 15.033296378372908 15.033296378372908 1.051988634430904 
124 124 0 0 15 15 15.033296378372908 15.033296378372908 1.0529096183968705 
122 122 0 0 14 16 15.033296378372908 15.033296378372908 1.0532384021367778 
120 120 0 0 15 17 15.033296378372908 15.033296378372908 1.053567185876685 
118 118 0 0 16 18 15.033296378372908 15.033296378372908 1.0527097675727686 
116 116 0 0 17 18 15.033296378372908 15.033296378372908 1.0521484493818818 
114 114 0 0 17 18 15.033296378372908 15.033296378372908 1.0515871311909948 
112 112 0 0 17 18 15.033296378372908 15.033296378372908 1.051025813000108 
110 110 0 0 17 18 15.033296378372908 15.033296378372908 1.0504644948092214 
108 108 0 0 17 18 15.033296378372908 15.033296378372908 1.0499031766183344 
106 106 0 0 17 18 15.033296378372908 15.033296378372908 1.0457832522959767 
104 104 0 0 17 15 15.033296378372908 15.033296378372908 1.044331832174296 
102 102 0 0 16 14 15.033296378372908 15.033296378372908 1.0426151939747579 
98 98 0 0 14 13 15.033296378372908 15.033296378372908 1.0416969208143914 
96 94 0 0 15 15 15.033296378372908 15.033296378372908 1.0423522320955532 
94 93 0 0 15 15 15.033296378372908 15.033296378372908 1.0417530508072215 
92 91 0 0 13 15 15.033296378372908 14.0 1.0417380643965826 
91 89 0 0 12 16 15.033296378372908 14.0 1.054292336558364 
90 87 1 0 12 18 15.033296378372908 14.0 1.0500656889337452 
89 83 1 0 13 18 15.033296378372908 14.0 1.031891846328994 
87 79 1 1 16 17 14.0 14.0 1.015364566883051 
81 75 1 2 12 13 13.038404810405298 13.038404810405298 1.0007643013860088 
80 73 1 3 12 13 12.0 13.038404810405298 0.998148926497251 
79 72 1 3 13 11 11.045361017187261 13.038404810405298 0.996721047077641 
78 70 1 3 14 11 10.0 13.038404810405298 0.9961033098516171 
77 69 1 3 13 11 10.0 12.0 0.9955954372601534 
75 68 1 3 13 11 11.661903789690601 11.045361017187261 0.9956567467235509 
73 67 1 3 11 10 11.661903789690601 11.045361017187261 0.9983579345511052 
71 65 1 3 12 13 11.661903789690601 11.045361017187261 0.9959096891963688 
70 61 1 3 11 14 11.661903789690601 11.045361017187261 0.9965997527280996 
62 59 2 4 12 12 11.40175425099138 11.045361017187261 0.9849752120922144 
60 58 2 5 12 13 11.40175425099138 11.045361017187261 0.9855266432952179 
58 57 2 5 10 12 10.0 11.045361017187261 0.9859631927949426 
56 56 2 5 13 13 10.0 10.198039027185569 0.9848607328717635 
54 54 2 5 12 12 10.0 10.770329614269007 0.9850295187078847 
52 53 2 5 11 12 10.0 9.486832980505138 0.996769984812909 
50 52 3 5 9 11 10.0 9.486832980505138 1.0069518528870434 
49 50 4 5 9 11 10.0 9.486832980505138 1.0057645817596597 
48 49 4 5 9 11 10.0 8.0 1.005233690996998 
46 48 4 5 9 10 10.0 8.0 1.004875301080479 
45 47 4 5 9 10 8.602325267042627 7.0710678118654755 1.0028144381234474 
44 46 4 5 7 8 8.602325267042627 7.0710678118654755 1.0028298791410337 
43 45 4 5 6 8 8.602325267042627 7.0710678118654755 1.003189090309166 
41 44 4 5 7 8 8.602325267042627 7.0710678118654755 1.0152274581189245 
39 43 5 5 8 8 8.602325267042627 7.0710678118654755 1.0284502263808017 
37 42 6 5 5 8 8.602325267042627 7.0710678118654755 1.0291055376619636 
35 41 6 5 5 8 8.602325267042627 7.0710678118654755 1.0286582231152956 
34 40 6 5 5 8 7.211102550927978 6.0 1.0288601320876851 
33 39 6 5 5 8 5.830951894845301 6.0 1.0151134190313709 
32 38 6 6 5 8 5.830951894845301 6.0 1.0150576366778832 
30 37 6 6 5 7 4.47213595499958 6.0 1.0016070237345989 
29 36 6 7 4 7 4.47213595499958 6.0 1.0004088159796656 
27 35 6 7 6 5 3.1622776601683795 7.0710678118654755 1.012133006958432 
25 34 7 7 4 5 3.1622776601683795 5.0990195135927845 1.0239539884101843 
23 33 8 7 2 5 6.324555320336759 5.0990195135927845 1.0243979365937916 
22 32 8 7 1 5 5.0990195135927845 5.0990195135927845 1.0360995750883246 
21 31 9 7 0 5 3.1622776601683795 4.0 1.0351980540770374 
21 30 9 7 1 5 1.4142135623730951 4.0 1 
