140 140 0 0 14 14 14 14 0.10121226272443194 
138 138 0 0 17 17 25 25 0.20235741870467727 
134 137 0 0 16 21 30 33 0.19194516644218934 
132 133 0 0 16 23 32 44 0.12540136375897348 
130 131 0 0 16 17 32 34 0.1565737200928249 
128 130 0 0 16 19 32 40 0.1659305251737151 
126 128 0 0 14 18 30 38 0.19030371950996677 
124 127 0 0 16 20 38 41 0.23046770209616735 
123 126 0 0 14 22 34 43 0.21523754218436597 
121 125 0 0 15 20 41 45 0.18041880967590734 
119 121 0 0 16 20 48 52 0.23136570333878112 
117 120 0 0 16 24 46 60 0.1531597281917917 
115 114 0 0 16 22 46 59 0.12538954637699123 
113 113 0 0 16 18 46 49 0.2102232493096283 
111 112 0 0 14 23 44 60 0.18598849743623452 
110 110 0 0 14 22 44 58 0.20521267276477345 
109 109 0 0 16 24 55 59 0.20461119978788805 
107 108 0 0 16 22 59 54 0.30559036245805027 
105 107 0 0 16 30 57 63 0.24929498978734954 
103 106 0 0 17 25 60 61 0.29260068346033136 
102 105 0 0 15 27 59 65 0.24852130103809028 
101 104 0 0 15 23 57 55 0.2782034255417746 
99 103 0 0 16 25 63 61 0.2664386023515553 
98 102 0 0 17 25 66 65 0.23717593626642036 
97 101 0 0 17 22 67 58 0.49749612060477705 
95 100 1 0 16 21 67 59 0.4692110746709951 
93 99 1 0 16 19 58 58 0.4870837689420342 
91 98 1 0 14 18 54 57 0.556613389032849 
89 97 1 0 14 23 54 63 0.5799835513368864 
83 95 1 0 15 21 59 61 0.5761308919197634 
81 94 1 0 15 20 59 64 0.5894259228638625 
79 93 1 0 15 19 63 58 0.5881452101963259 
78 92 1 0 14 18 61 55 0.5905491505086391 
76 91 1 0 15 19 62 66 0.9614151943955539 
74 90 2 0 18 31 70 86 0.969110127643786 
70 89 2 0 16 26 61 63 1.1005137856256657 
69 88 3 1 16 38 58 77 1.0905360643195054 
68 87 3 1 14 34 67 76 0.988272853661437 
66 86 3 1 14 24 67 64 1.0293378997135734 
62 85 3 1 14 24 67 61 0.9684793410790211 
61 83 3 1 13 20 63 62 0.9937888165380613 
60 81 3 1 12 23 59 66 0.9790444458609471 
59 80 3 1 13 22 65 66 0.9661061329164795 
58 78 3 1 12 21 62 60 1.0026385303941658 
57 77 3 1 13 25 69 73 0.9564761590706312 
55 76 3 1 13 20 64 60 1.2784745427823068 
54 75 4 1 12 27 54 70 1.1788933748554866 
52 74 4 1 11 18 44 62 1.1903984167736044 
51 73 4 1 10 18 42 59 1.1883855210921361 
50 72 4 1 10 18 43 62 1.1966652828407045 
49 71 4 1 10 18 51 67 1.1755832104000183 
48 70 4 1 10 17 46 66 1.1900700522451984 
46 69 4 1 10 17 46 64 1.2164123840874237 
44 67 4 1 8 17 42 55 1.2267688858801584 
43 65 4 1 8 19 43 58 1.4870332133584778 
42 64 5 1 8 20 42 58 1.48940903542832 
41 63 5 1 7 20 38 60 1.4808411190883297 
40 62 5 1 7 19 40 59 1.508138285523124 
39 61 5 1 5 19 40 56 1.446286252639018 
39 60 5 1 5 16 33 54 1.4225198850269165 
39 59 5 1 5 15 33 52 1.407096274659151 
39 58 5 1 5 15 33 54 1.4136732051714018 
37 57 5 1 7 15 41 50 1.6810610218470947 
36 56 6 1 5 14 44 49 1.4544479798135628 
35 54 6 2 4 17 41 56 1.445795833294215 
35 53 6 2 5 17 51 57 1.4382307822796756 
34 52 6 2 6 17 52 54 1.636128253223292 
33 50 7 2 6 14 49 49 1.3917015423923647 
32 49 7 3 5 14 47 51 1.1183625730868454 
31 47 7 4 3 14 30 54 1.1185711760760366 
30 46 7 4 3 14 31 55 1.3704384667200118 
29 45 8 4 2 14 25 54 1.3592673167743579 
29 44 8 4 2 14 28 57 1.1024350090227517 
28 43 8 5 3 14 29 53 1.1123955395206944 
27 42 8 5 2 14 28 53 1.0961350307427253 
26 41 8 5 3 14 26 53 1.0818954315437208 
25 39 8 5 2 13 26 53 1.0632513009635893 
24 38 8 5 3 11 32 45 1.0335626414407795 
23 37 9 6 2 9 21 41 1.0197568043266207 
22 35 9 6 1 8 20 39 1.0200206030792596 
21 34 9 6 0 7 17 33 1.010393964553781 
21 33 9 6 0 7 19 33 0.7373603402046124 
21 32 9 7 0 6 19 30 0.7241582285075064 
21 31 9 7 0 6 19 30 0.7109561168104005 
21 30 9 7 0 6 19 30 0.6955325064426348 
21 29 9 7 0 6 19 32 0.41082387684314164 
21 28 9 8 0 4 19 28 0.38372526122505146 
21 27 9 8 0 3 19 29 0.11624538355253174 
21 26 9 9 0 2 19 21 0.10304327185542535 
21 25 9 9 0 2 19 21 0.0898411601583194 
21 24 9 9 0 2 19 21 0.07663904846121346 
21 23 9 9 0 2 19 21 0.060104688758118 
21 22 9 9 0 2 19 24 0.02910631323701083 
21 21 9 9 0 0 19 17 0.03522757181068721 
21 21 9 9 0 1 19 23 -1 
