140 140 0 0 14 14 14 14 0.0962544734911531 
138 139 0 0 17 18 25 23 0.1793694633118486 
134 137 0 0 16 22 30 35 0.12254551172963682 
132 135 0 0 16 17 32 31 0.16675264681593352 
130 134 0 0 16 20 32 37 0.16537915556101457 
128 133 0 0 16 19 32 38 0.27561782488842235 
126 132 0 0 14 26 30 50 0.2599832913238548 
124 131 0 0 16 25 38 53 0.3014156727097182 
123 130 0 0 14 27 34 55 0.26128315740833075 
121 128 0 0 15 24 41 55 0.2957070422618267 
119 127 0 0 16 26 48 57 0.2168069102021607 
117 125 0 0 16 19 46 44 0.2173158078930452 
115 123 0 0 16 19 46 43 0.2403461997265068 
113 122 0 0 16 20 46 45 0.27297009022221963 
111 120 0 0 14 21 44 46 0.28740914601014866 
110 119 0 0 14 23 44 56 0.3025537063469378 
108 117 0 0 15 26 43 64 0.2852939002048114 
106 116 0 0 15 23 45 59 0.33390505952359667 
105 115 0 0 14 26 46 62 0.31943593153816296 
103 113 0 0 15 26 45 62 0.37500267304898516 
102 112 0 0 14 30 43 66 0.4209157038446257 
100 111 0 0 16 34 51 71 0.45142649475848773 
98 110 0 0 13 33 45 68 0.4794428364771698 
97 109 0 0 12 34 45 65 0.4239471938872716 
96 107 0 0 13 32 47 72 0.4511125723419949 
95 105 0 0 12 34 48 71 0.5023665771787638 
91 104 0 0 13 34 63 69 0.716689476265654 
90 102 1 0 16 37 57 82 0.9915944619700683 
84 100 2 0 14 32 61 75 0.910062148819069 
83 98 2 0 13 25 61 67 0.9286953717074676 
81 97 2 0 14 26 64 66 0.9410009971094664 
79 96 2 0 12 25 57 67 0.9449387877242039 
75 95 2 0 15 24 65 64 1.1728449333633373 
74 94 3 0 18 26 62 69 1.5630925937214102 
66 93 4 0 13 25 61 65 1.624438033027325 
64 92 4 0 13 30 55 70 1.5885118572838037 
62 90 4 0 10 25 44 62 1.571760208950049 
61 89 4 0 10 23 47 58 1.5425745780043623 
59 88 4 0 12 21 49 53 1.5354846439490504 
55 87 4 0 16 20 64 59 1.8701244582556198 
54 86 5 0 9 22 47 59 1.9224565450357343 
53 85 5 0 8 25 49 60 1.8146747378108392 
51 83 5 0 9 17 48 52 1.829044988834028 
49 82 5 0 8 17 40 50 1.822076590733075 
48 81 5 0 7 16 36 50 1.8502224719693754 
46 80 5 0 8 18 39 52 2.1135358832895363 
44 78 6 0 6 18 35 56 1.818539257681924 
43 74 6 1 6 18 35 61 1.8496078002733636 
42 73 6 1 6 20 36 57 1.8270575657656096 
40 72 6 1 6 17 36 54 1.815603860692645 
39 71 6 1 6 16 37 54 1.8163961661773447 
38 70 6 1 6 16 37 53 1.823277166133863 
36 69 6 1 7 16 42 54 1.8448392281814545 
35 68 6 1 6 17 42 57 1.834192198775778 
34 66 6 1 6 17 43 56 1.8415330997625707 
33 65 6 1 5 17 40 56 1.8529137768736879 
32 64 6 1 5 18 40 57 1.8257178837962873 
31 62 6 1 5 17 42 61 1.8381997852521816 
29 61 6 1 3 16 31 56 2.0974490292902996 
28 60 7 1 5 18 36 55 2.0934655394791375 
26 56 7 1 2 17 37 58 1.8504114954928934 
25 55 7 2 2 18 33 57 2.0639437183847504 
24 54 8 2 2 15 31 52 2.062849228575827 
23 52 8 2 0 15 21 49 1.9997760137415976 
23 50 8 2 0 12 19 45 1.9546448874294962 
23 48 8 2 0 10 21 42 1.9268329649212914 
23 47 8 2 0 9 19 41 1.652570437824827 
23 45 8 3 0 9 21 42 1.3731056203896836 
23 43 8 4 0 9 19 42 1.3515717014986737 
23 42 8 4 0 8 21 41 1.0721068840635297 
23 40 8 5 0 8 19 41 1.0749768482609003 
23 39 8 5 0 9 21 41 0.7990082082725285 
23 38 8 6 0 8 19 38 0.7742471495459734 
23 37 8 6 0 7 21 40 0.7624021650567615 
23 36 8 6 0 7 19 36 0.7525323310706844 
23 35 8 6 0 7 21 36 0.48450684852591686 
23 34 8 7 0 7 18 36 0.47306751363554056 
23 33 8 7 0 7 19 36 0.4383881469622475 
23 32 8 7 0 5 18 31 0.4291002386289014 
23 31 8 7 0 5 19 29 0.38168107377216054 
23 30 8 7 0 2 18 24 0.37024173888178474 
23 29 8 7 0 2 19 24 0.3556634021828111 
23 28 8 7 0 2 18 24 0.3442240672924353 
23 27 8 7 0 2 19 24 0.3296457305934617 
23 26 8 7 0 2 18 24 0.3182063957030859 
23 25 8 7 0 2 19 24 0.04273154334049767 
23 24 8 8 0 1 18 22 0.022855263380734524 
23 23 8 8 0 0 19 18 0.04273154334049767 
23 24 8 8 0 1 18 22 0.022855263380734524 
23 23 8 8 0 0 19 18 0.08965692057145543 
23 25 8 8 0 4 18 26 0.022855263380734524 
23 23 8 8 0 0 19 18 0.3754953945459043 
23 27 8 7 0 5 18 29 0.10638668382745878 
23 26 8 8 0 4 19 24 0.08965692057145543 
23 25 8 8 0 4 18 26 0.022855263380734524 
23 23 8 8 0 0 19 18 0.029722707545823183 
23 23 8 8 0 1 18 22 0.019359085933962024 
23 22 8 8 0 1 19 21 -0.25504005315011036 
23 21 8 9 0 0 18 18 -0.16563627868502703 
23 24 8 9 0 4 19 20 -0.1823660419410304 
23 23 8 9 0 4 18 22 -0.2534705522458117 
23 21 8 9 0 0 19 18 -0.2187030475455706 
23 22 8 9 0 2 18 20 -0.2534705522458117 
23 21 8 9 0 0 19 18 0.04767231096311296 
23 23 8 8 0 3 18 29 -0.2534705522458117 
23 21 8 9 0 0 19 18 -0.21026610247618327 
23 22 8 9 0 3 18 24 -0.2534705522458117 
23 21 8 9 0 0 19 18 0.027302243377565795 
23 22 8 8 0 2 18 24 -0.2534705522458117 
23 21 8 9 0 0 19 18 0.09073263384997053 
23 25 8 8 0 4 18 25 0.07714187240256407 
23 24 8 8 0 4 19 27 0.015638158472633147 
23 22 8 8 0 1 18 23 -0.2534705522458117 
23 21 8 9 0 0 19 18 0.03923536589372563 
23 23 8 8 0 2 18 25 0.01720765937693182 
23 22 8 8 0 1 19 23 -0.25504005315011036 
23 21 8 9 0 0 18 18 0.056603043658283864 
23 23 8 8 0 4 19 34 0.027302243377565795 
23 22 8 8 0 2 18 24 -0.2534705522458117 
23 21 8 9 0 0 19 18 -0.24552739480220795 
23 21 8 9 0 1 18 21 -1 
