140 140 0 0 14 14 14 14 0.18051666497922378 
138 138 0 0 17 17 25 24 0.2446545837749119 
134 136 0 0 16 19 30 30 0.2708280818894815 
132 135 0 0 16 20 32 32 0.2663696299844037 
130 134 0 0 16 19 32 35 0.23963542794782333 
128 132 0 0 16 17 32 34 0.2775155079479176 
126 130 0 0 14 19 30 40 0.2680478418534303 
124 129 0 0 16 18 38 39 0.31396848916884734 
123 128 0 0 14 21 34 47 0.3265732672057028 
121 127 0 0 15 21 41 47 0.3370287018902517 
119 126 0 0 16 21 48 49 0.3783918847536412 
117 125 0 0 16 24 46 54 0.40514954338408565 
115 124 0 0 16 25 46 52 0.41898582593715233 
113 123 0 0 16 25 46 50 0.4500495729219956 
111 122 0 0 14 25 44 51 0.5158480518457409 
110 121 0 0 14 31 44 61 0.3710251798981466 
108 115 0 0 15 25 43 58 0.36459049957956446 
106 114 0 0 15 23 46 56 0.31465339990081265 
104 112 0 0 15 19 48 56 0.3674494049489666 
103 111 0 0 14 22 49 55 0.34509498741521283 
101 109 0 0 15 22 48 61 0.34170837054690184 
100 108 0 0 14 21 46 59 0.4448817464445379 
98 107 0 0 15 29 49 64 0.37859945304648335 
92 101 0 0 17 26 55 72 0.6487961667009858 
91 100 1 0 15 27 49 76 0.6779015995860774 
89 99 1 0 15 28 52 77 0.6166991193825899 
88 97 1 0 14 23 50 68 0.6566295301880407 
87 96 1 0 14 26 50 66 0.6532429133197295 
86 95 1 0 13 25 48 64 0.6503283693513096 
82 94 1 0 14 20 62 54 0.7456963076451343 
78 93 1 0 13 26 55 71 1.096547078426368 
76 92 2 0 14 34 57 76 1.3465675868331937 
72 91 3 0 17 34 58 78 1.4217215489494057 
66 89 3 0 12 31 60 77 1.6808515273479139 
62 88 4 0 13 31 50 74 1.6903435439382386 
61 86 4 0 12 32 53 80 1.6679418907760555 
59 85 4 0 9 29 36 80 1.5659656199827598 
58 81 4 0 7 22 33 69 1.5668426589375268 
56 80 4 0 8 22 36 73 1.5858954670313021 
54 79 4 0 9 22 43 67 1.336646728228429 
52 78 4 1 9 19 56 63 1.5836331425909749 
51 77 5 1 9 19 54 61 1.5545483296603606 
50 75 5 1 8 17 49 53 1.578125514062041 
46 74 5 1 9 17 50 56 1.833640074539781 
44 73 6 1 8 17 41 57 2.078769225807958 
43 72 7 1 8 17 38 55 2.1000949075835744 
42 71 7 1 6 17 37 55 2.1028263729933236 
41 70 7 1 6 17 39 55 2.1230952974065396 
40 69 7 1 6 19 40 61 2.087979579518276 
38 68 7 1 6 15 38 53 2.141677141303781 
37 67 7 1 5 19 36 58 2.061570450162735 
36 65 7 1 4 12 36 46 2.056872863195009 
35 64 7 1 4 12 34 46 2.05588980241602 
34 63 7 1 4 12 34 46 2.070873690755277 
33 62 8 2 4 14 31 49 2.0796890420305894 
32 61 8 2 2 14 25 52 2.080855324603907 
31 60 8 2 2 14 25 50 2.0655841358134492 
30 59 8 2 2 13 26 53 1.8064893073717954 
29 57 8 3 2 13 27 49 1.8092207727815441 
28 56 8 3 2 13 29 49 2.038361365783941 
27 55 9 3 1 12 19 49 2.0535083079140195 
27 54 9 3 1 15 20 60 2.0226098684097518 
27 53 9 3 1 13 20 52 2.0089568076510136 
27 52 9 3 1 13 20 52 1.9996024335968885 
27 51 9 3 1 13 20 48 1.9913662720186118 
25 50 9 3 2 12 21 45 2.000608950969742 
24 49 9 3 1 12 20 45 1.988853857465681 
23 48 9 3 1 11 20 43 1.9886533881049075 
22 47 9 3 1 11 21 44 1.9791108214376145 
21 46 9 3 0 10 18 46 1.95473663469066 
21 44 9 3 0 10 19 45 1.9410835739319219 
21 43 9 3 0 10 19 45 1.9263558414970305 
21 42 9 3 0 10 19 46 1.654540106338772 
21 41 9 4 0 9 19 41 1.6505844066289517 
21 40 9 4 0 10 19 44 1.376619328118387 
21 39 9 5 0 9 19 41 1.354343577986884 
21 38 9 5 0 8 19 37 1.3406905172281458 
21 37 9 5 0 8 19 37 1.3259627847932545 
21 36 9 5 0 8 19 38 1.2993883479571384 
21 35 9 5 0 7 19 38 1.2857352871984002 
21 34 9 5 0 7 19 38 1.272082226439662 
21 33 9 5 0 7 19 38 1.258429165680924 
21 32 9 5 0 7 19 38 1.235078743873267 
21 31 9 5 0 6 19 35 1.225724369819142 
21 30 9 5 0 6 19 31 0.9603819806813417 
21 29 9 6 0 6 19 32 0.6831928871423169 
21 28 9 7 0 5 19 32 0.6663158113551189 
21 27 9 7 0 5 19 35 0.6515880789202274 
21 26 9 7 0 5 19 36 0.6390096898376425 
21 25 9 7 0 5 19 35 0.619957954734599 
21 24 9 7 0 4 19 28 0.6052302222997077 
21 23 9 7 0 4 19 29 0.31834376771176487 
21 22 9 8 0 2 19 26 0.036830671504588526 
21 21 9 9 0 0 19 18 0.31079575001515336 
21 22 9 8 0 1 19 21 0.036830671504588526 
21 21 9 9 0 0 19 18 0.3470675479001874 
21 23 9 8 0 3 19 24 0.04652803255350658 
21 21 9 9 0 1 19 21 -1 
