140 140 0 0 14 14 16.0 16.0 0.9790907056768506 
138 138 0 0 17 17 16.0 14.142135623730951 1.0061494794862738 
134 136 0 0 16 22 13.038404810405298 16.0 1.0227637409395038 
132 132 0 0 21 27 13.038404810405298 16.0 1.0263372926284362 
128 128 0 0 22 27 13.341664064126334 16.0 1.0377465571472597 
124 124 0 0 24 30 13.341664064126334 15.033296378372908 1.0269413579375943 
120 120 0 0 23 26 15.033296378372908 15.033296378372908 1.0209931936198844 
116 118 0 0 18 23 15.033296378372908 15.033296378372908 1.004151787116701 
115 112 0 0 23 19 15.033296378372908 15.033296378372908 1.016323094273827 
111 108 0 0 23 22 15.033296378372908 15.033296378372908 1.0335574068223012 
103 104 1 0 22 21 15.033296378372908 15.033296378372908 1.0465226604167601 
99 102 1 0 18 24 15.033296378372908 15.033296378372908 1.0294531042979487 
97 96 1 0 19 20 15.033296378372908 15.033296378372908 1.024061734283274 
96 90 1 0 23 20 15.033296378372908 15.033296378372908 1.0191197870410702 
92 89 2 1 19 20 15.033296378372908 15.033296378372908 1.0487994672450407 
88 88 2 1 19 27 15.033296378372908 15.033296378372908 0.9961986714499872 
87 82 2 2 24 18 15.033296378372908 14.0 1.0214353973578534 
81 81 2 2 19 23 15.033296378372908 14.0 1.04597672814254 
73 79 3 2 19 23 15.033296378372908 14.0 1.008361323467259 
72 75 3 3 24 17 15.033296378372908 14.0 1.0422550838501112 
68 74 4 3 19 24 15.033296378372908 14.0 1.0446930713418574 
64 72 5 3 15 21 15.033296378372908 14.0 1.031335478648464 
62 68 5 3 14 17 13.038404810405298 14.142135623730951 1.0384772187635514 
61 67 5 3 17 19 13.038404810405298 13.341664064126334 1.0313261399225948 
60 65 5 3 19 18 12.0 11.045361017187261 1.042490968396467 
59 64 5 3 21 21 12.165525060596439 11.045361017187261 1.0072276200203845 
57 58 5 4 20 17 11.045361017187261 11.40175425099138 0.9938713565588273 
55 56 5 4 24 12 10.0 10.0 1.0156947651790291 
49 55 5 4 22 15 9.055385138137417 10.0 0.9987078919132765 
45 51 5 4 15 10 9.055385138137417 10.0 1.0060719476697724 
44 49 6 4 16 10 9.055385138137417 10.0 1.0219469592038553 
43 48 6 4 18 15 8.0 9.055385138137417 1.0125759589367924 
39 46 6 4 16 10 7.0710678118654755 9.055385138137417 1.0099164069499216 
38 44 6 4 20 10 7.0710678118654755 7.0710678118654755 1.0105090470391527 
37 40 6 4 22 10 6.0 8.48528137423857 1.01496690101967 
36 38 6 4 21 12 5.830951894845301 8.48528137423857 1.0005228126128274 
32 36 7 5 14 10 5.0990195135927845 8.48528137423857 0.9763139317912843 
30 34 7 6 12 8 5.0990195135927845 8.48528137423857 0.9745972695791084 
29 33 7 6 12 8 4.0 7.0710678118654755 0.9723146828610818 
28 32 7 6 12 8 4.47213595499958 5.830951894845301 0.9835792529324463 
26 31 8 6 8 9 4.47213595499958 5.830951894845301 0.9503711180753712 
24 29 8 7 4 4 2.0 5.830951894845301 0.9475975231801677 
23 28 8 7 4 3 2.8284271247461903 5.830951894845301 0.9516372865329439 
22 27 9 7 2 3 2.8284271247461903 4.47213595499958 0.9664989170838617 
21 27 9 7 1 7 1.4142135623730951 4.47213595499958 1 
