140 140 0 0 14 14 16.0 16.0 1.0141162243319843 
138 138 0 0 17 17 16.0 14.142135623730951 1.015387488926958 
134 134 0 0 16 16 13.341664064126334 15.033296378372908 1.0155788372890184 
132 132 0 0 21 16 15.033296378372908 15.033296378372908 1.0194153497355272 
128 130 0 0 22 16 15.033296378372908 15.033296378372908 1.0231606078069313 
124 128 0 0 22 16 15.033296378372908 15.033296378372908 1.0232818956645 
120 126 0 0 22 14 15.033296378372908 15.033296378372908 1.0306511239497396 
116 124 0 0 22 16 15.033296378372908 15.033296378372908 1.0316192854973882 
112 120 0 0 23 16 15.033296378372908 15.033296378372908 1.0306363557912994 
110 116 0 0 19 17 15.033296378372908 15.033296378372908 1.0461482011114196 
106 114 1 0 19 18 15.033296378372908 15.033296378372908 1.0466779090727962 
104 112 1 0 20 18 15.033296378372908 15.033296378372908 1.0471163626590683 
102 110 1 0 20 18 15.033296378372908 15.033296378372908 1.0475548162453403 
100 108 1 0 20 18 15.033296378372908 15.033296378372908 1.044369299617777 
98 106 1 0 20 16 15.033296378372908 15.033296378372908 1.0426179584396433 
96 105 1 0 20 14 15.033296378372908 15.033296378372908 1.042834397379559 
94 104 1 0 17 14 15.033296378372908 14.0 1.0428950413083435 
92 103 1 0 17 13 15.033296378372908 14.0 1.0428644308620232 
90 102 1 0 16 12 15.033296378372908 14.0 1.0571865564379466 
86 100 2 0 13 13 14.142135623730951 13.038404810405298 1.0562746925664874 
84 98 2 0 11 13 14.142135623730951 12.165525060596439 1.0507444254048341 
83 94 2 0 15 12 14.142135623730951 12.165525060596439 1.0526260204590312 
79 92 2 0 11 12 14.142135623730951 11.045361017187261 1.0615481826947444 
78 90 3 0 13 12 14.142135623730951 11.045361017187261 1.0749742797826327 
74 88 4 0 10 12 14.142135623730951 11.045361017187261 1.074000911114395 
73 86 4 0 9 12 13.341664064126334 11.045361017187261 1.0796494086678219 
69 84 4 0 10 13 13.341664064126334 11.045361017187261 1.078651808935994 
68 82 4 0 11 13 13.038404810405298 11.045361017187261 1.0776412189491953 
66 80 4 0 11 12 12.165525060596439 11.045361017187261 1.078397246805241 
64 78 4 0 11 12 11.40175425099138 11.045361017187261 1.0632889819946567 
62 76 4 1 9 12 10.770329614269007 11.045361017187261 1.0421468304482508 
61 72 4 2 11 11 10.295630140987 11.045361017187261 1.0424940296594183 
59 70 4 2 10 11 10.295630140987 11.045361017187261 1.038904182870649 
58 68 4 2 13 10 8.94427190999916 10.0 1.0478116331374927 
54 66 4 2 10 13 8.94427190999916 10.0 1.0385661413868992 
53 62 4 2 13 10 8.94427190999916 10.0 1.058923013173755 
47 60 5 2 10 12 8.94427190999916 10.0 1.046859007834272 
43 58 5 3 8 12 8.94427190999916 10.0 1.0296762129027397 
41 56 5 4 6 11 8.94427190999916 10.0 1.022880366102671 
40 54 6 5 7 11 8.94427190999916 10.0 1.0179985324736753 
39 52 6 5 8 9 7.615773105863909 9.486832980505138 1.0185955689242991 
38 50 6 5 8 10 7.615773105863909 9.486832980505138 1.0285804878580391 
36 49 7 5 6 10 7.615773105863909 8.246211251235321 1.0256213756569716 
35 48 7 5 5 8 6.324555320336759 8.246211251235321 1.0278923712909773 
34 47 7 5 5 10 6.324555320336759 7.0710678118654755 1.0229176000553348 
32 45 7 5 3 7 5.830951894845301 7.0710678118654755 1.0237930739863605 
31 44 7 5 4 7 4.47213595499958 7.0710678118654755 1.0240123007794966 
30 43 7 5 4 7 4.47213595499958 7.0710678118654755 1.0085135185368503 
29 42 7 6 3 7 4.47213595499958 7.0710678118654755 1.0075566508768272 
28 41 7 6 4 6 3.1622776601683795 7.0710678118654755 1.0044396775569753 
27 40 7 6 3 5 3.1622776601683795 6.0 1.004750158725216 
26 39 7 6 4 5 3.1622776601683795 6.0 1.0131781165159393 
25 38 8 6 3 5 4.242640687119285 5.0990195135927845 1.0133060889339705 
24 37 8 6 2 5 4.242640687119285 5.0990195135927845 1.0141133427029039 
23 36 8 6 2 5 2.8284271247461903 5.0990195135927845 1.0132972076599362 
22 35 8 6 1 5 5.0990195135927845 5.0990195135927845 1.0067463355742778 
21 34 9 7 0 4 3.1622776601683795 5.0990195135927845 1.00794224092156 
21 33 9 7 1 5 1.4142135623730951 5.0990195135927845 1 
