140 140 0 0 14 14 16.0 16.0 0.988686933737662 
138 138 0 0 17 17 16.0 14.142135623730951 1.011782343096123 
134 136 0 0 16 22 13.038404810405298 16.0 1.0243636658095738 
132 132 0 0 21 27 13.038404810405298 16.0 1.0227061874905166 
128 128 0 0 22 26 13.038404810405298 15.033296378372908 1.0343051734826818 
124 124 0 0 22 30 15.033296378372908 15.033296378372908 1.0268163604733394 
120 120 0 0 23 26 15.033296378372908 15.033296378372908 1.022850749360367 
116 118 0 0 18 23 15.033296378372908 15.033296378372908 1.0073740002911256 
114 112 0 0 19 19 15.033296378372908 15.033296378372908 1.0187709627077488 
112 110 0 0 19 23 15.033296378372908 15.033296378372908 1.0404840417495576 
104 104 1 0 19 25 15.033296378372908 15.033296378372908 1.0260238793223937 
102 103 1 1 19 25 15.033296378372908 15.033296378372908 1.022705007484753 
96 99 1 1 19 21 15.033296378372908 15.033296378372908 1.061789879463207 
94 98 1 1 20 35 15.033296378372908 15.033296378372908 1.0371720335941774 
86 90 2 1 19 20 13.038404810405298 15.033296378372908 1.020717957104649 
85 89 2 2 26 19 13.038404810405298 15.033296378372908 1.0604352224517677 
75 88 2 2 15 28 13.038404810405298 15.033296378372908 1.0089082560045408 
74 78 3 3 14 18 13.038404810405298 14.0 1.010653464203138 
73 76 3 3 20 18 12.165525060596439 14.0 1.0380479754364398 
65 75 3 3 15 23 12.083045973594572 14.0 1.0000999814813871 
64 69 3 4 20 17 10.770329614269007 14.0 0.994677036012554 
60 67 3 4 15 13 9.055385138137417 14.142135623730951 0.9946320384179324 
58 66 3 4 13 13 9.055385138137417 13.038404810405298 0.9976324926805162 
57 64 3 4 16 15 10.198039027185569 12.165525060596439 1.003697120428922 
53 62 4 4 12 13 10.198039027185569 11.40175425099138 1.0091641018423054 
51 60 4 4 10 15 10.198039027185569 11.40175425099138 1.0088516290698955 
50 56 5 4 12 13 10.198039027185569 11.40175425099138 0.9995736715146422 
49 50 5 4 15 12 10.198039027185569 11.40175425099138 0.9853188354679084 
48 49 5 5 14 13 9.486832980505138 11.40175425099138 0.9936471551410676 
44 48 5 5 15 14 11.313708498984761 10.770329614269007 0.9870415314373362 
42 46 5 5 14 13 11.313708498984761 8.246211251235321 1.0019229771042621 
38 45 6 5 8 14 11.313708498984761 7.615773105863909 0.9994333481845478 
37 43 6 5 9 14 9.899494936611665 6.324555320336759 1.003703107712227 
36 41 6 5 8 16 8.48528137423857 6.324555320336759 0.9690508674789015 
35 37 6 6 8 11 8.48528137423857 6.324555320336759 0.9689997718201505 
34 35 7 6 8 9 8.48528137423857 5.0990195135927845 0.969175744961903 
33 34 7 6 7 9 8.48528137423857 5.0990195135927845 0.9640303801031871 
32 32 7 6 8 7 7.0710678118654755 5.0990195135927845 0.9468740376851509 
31 31 7 7 7 7 7.0710678118654755 5.0990195135927845 0.9574511982773614 
29 30 8 7 5 7 7.0710678118654755 5.0990195135927845 0.958367996733864 
28 29 8 7 3 8 5.656854249492381 4.0 0.9475078855255837 
27 27 8 7 2 4 5.656854249492381 4.47213595499958 0.9466880142064706 
26 26 8 7 3 4 4.242640687119285 3.1622776601683795 0.9494215049131622 
25 25 8 7 2 5 4.242640687119285 3.1622776601683795 0.9263079609239725 
24 23 8 8 3 3 2.8284271247461903 2.8284271247461903 0.9061866280043163 
23 22 8 9 1 2 2.8284271247461903 2.8284271247461903 0.9022030074397785 
22 21 8 9 1 1 1.4142135623730951 1.4142135623730951 -1 
