140 140 0 0 14 14 16.0 16.0 1.035459491063665 
138 138 0 0 17 17 16.0 14.0 1.029374331521071 
136 134 0 0 22 16 14.142135623730951 13.038404810405298 1.0649652341743618 
132 132 0 0 27 21 16.0 13.038404810405298 1.072491412891839 
128 128 0 0 27 22 16.0 13.038404810405298 1.0935401680633852 
124 124 0 0 28 24 15.033296378372908 15.033296378372908 1.0241871479306843 
120 112 0 1 32 19 15.033296378372908 13.038404810405298 1.0184558407443447 
112 108 0 1 23 16 15.033296378372908 13.038404810405298 1.0782668247407736 
111 107 0 1 31 26 15.033296378372908 14.142135623730951 1.1431232536799851 
97 106 1 1 23 30 13.038404810405298 14.0 1.0819788360758185 
96 100 1 1 34 18 14.0 14.0 1.1435106927304894 
86 98 1 1 31 25 13.038404810405298 14.0 1.093475751483843 
80 92 1 2 32 18 13.038404810405298 14.0 1.147383952532597 
76 91 2 2 17 29 13.038404810405298 14.0 1.0822219486727072 
75 81 2 2 23 20 12.165525060596439 13.038404810405298 1.0780348759378733 
74 77 2 3 30 24 12.165525060596439 13.038404810405298 1.084628557107115 
62 71 3 3 15 22 12.0 13.038404810405298 1.0307555720409036 
61 67 4 4 15 16 12.0 13.038404810405298 0.9994591636728274 
60 63 4 5 18 15 11.40175425099138 13.038404810405298 0.9389526785890218 
58 59 4 6 15 9 11.045361017187261 12.165525060596439 0.9450617217127593 
57 57 4 6 19 10 11.045361017187261 12.083045973594572 0.9540107580128719 
51 53 4 6 13 11 11.045361017187261 12.083045973594572 0.9480129411681507 
49 49 4 6 14 12 11.045361017187261 10.0 0.9569713495972018 
45 45 5 6 13 14 11.045361017187261 8.0 0.9461046690140731 
44 41 6 6 13 12 11.045361017187261 8.602325267042627 0.9319402637765185 
43 39 6 6 16 10 11.045361017187261 7.0710678118654755 0.9294041413628459 
41 37 6 6 11 10 10.0 7.0710678118654755 0.9404156112101969 
40 35 6 6 14 12 9.055385138137417 7.0710678118654755 0.9017325553417851 
34 31 6 7 13 6 6.0 7.0710678118654755 0.8898992457063247 
30 30 7 8 7 6 6.324555320336759 7.0710678118654755 0.887939436221388 
29 29 7 8 7 6 5.0990195135927845 6.0 0.8874295412251064 
28 28 7 8 8 6 4.0 5.0990195135927845 0.8971178608042132 
24 27 8 8 4 6 4.47213595499958 4.47213595499958 0.8990185527335858 
23 26 8 8 3 6 2.0 4.47213595499958 0.8987966583336956 
22 25 9 8 2 6 2.0 3.1622776601683795 0.8854827965654325 
21 24 9 8 1 4 1.4142135623730951 2.0 1 
