140 138 0 0 14 17 16.0 16.0 1.0400329088335059 
138 134 0 0 17 16 14.142135623730951 13.038404810405298 1.0388087117855498 
136 132 0 0 18 16 16.0 13.341664064126334 1.042144127411958 
132 130 0 0 18 16 15.033296378372908 15.033296378372908 1.0417563359130884 
130 128 0 0 18 16 15.033296378372908 15.033296378372908 1.0388697409000933 
128 126 0 0 18 14 15.033296378372908 15.033296378372908 1.0406597036806524 
126 124 0 0 19 16 15.033296378372908 15.033296378372908 1.0415213139388455 
124 122 0 0 19 17 15.033296378372908 15.033296378372908 1.0411335224399756 
122 120 0 0 19 17 15.033296378372908 15.033296378372908 1.0407457309411057 
120 118 0 0 19 17 15.033296378372908 15.033296378372908 1.0410000379116282 
118 116 0 0 17 17 15.033296378372908 15.033296378372908 1.0402911971780622 
116 114 0 0 18 17 15.033296378372908 15.033296378372908 1.0399034056791923 
114 112 0 0 18 17 15.033296378372908 15.033296378372908 1.0389083108926518 
112 110 0 0 16 16 15.033296378372908 15.033296378372908 1.0385205193937819 
110 108 0 0 16 16 15.033296378372908 15.033296378372908 1.0211985737065084 
106 102 0 1 17 16 15.033296378372908 15.033296378372908 1.0214528806770304 
104 100 0 1 15 16 15.033296378372908 15.033296378372908 1.0207440399434646 
102 98 0 1 16 16 15.033296378372908 15.033296378372908 1.0203562484445947 
100 96 0 1 16 16 15.033296378372908 15.033296378372908 1.0230128087532668 
96 94 0 1 17 17 15.033296378372908 15.033296378372908 1.0201212264703519 
94 90 0 1 17 17 15.033296378372908 15.033296378372908 1.0069402648230559 
92 88 0 2 18 18 15.033296378372908 15.033296378372908 0.997223748028933 
90 87 0 3 16 20 15.033296378372908 15.033296378372908 0.9930827639889555 
88 83 0 3 16 19 15.033296378372908 15.033296378372908 1.0035432048395756 
86 81 1 3 18 19 15.033296378372908 15.033296378372908 1.0162188000181211 
82 80 2 3 14 16 13.341664064126334 15.033296378372908 1.0174248714838068 
78 78 2 3 16 16 13.038404810405298 15.033296378372908 1.0231599383215944 
72 77 2 3 12 16 13.038404810405298 14.142135623730951 1.021109337527426 
71 76 2 3 10 14 13.038404810405298 14.142135623730951 1.021452135288592 
70 74 2 3 8 15 13.038404810405298 14.0 1.0193126081434336 
69 73 2 3 8 14 13.038404810405298 13.038404810405298 1.0136770147996366 
68 69 2 3 8 13 14.142135623730951 13.038404810405298 1.0114793810806004 
67 67 2 3 8 13 14.142135623730951 12.0 1.011841200359493 
66 65 2 3 8 15 14.142135623730951 11.045361017187261 1.0053928149198652 
65 61 2 3 8 13 14.142135623730951 11.045361017187261 1.0030124828277465 
64 59 2 3 9 13 14.142135623730951 10.198039027185569 1.0026246913288765 
62 57 2 3 9 13 14.142135623730951 10.198039027185569 1.0126692310063012 
61 55 3 3 9 13 14.142135623730951 10.198039027185569 1.0097826359933062 
59 53 3 3 9 11 14.142135623730951 10.198039027185569 1.0083368448518486 
58 51 3 3 9 11 14.142135623730951 10.198039027185569 0.9944189327966612 
57 49 3 4 9 12 14.142135623730951 10.198039027185569 0.9762610726091508 
56 47 3 5 8 9 13.038404810405298 10.198039027185569 0.9735448710796506 
55 45 3 5 7 9 13.038404810405298 8.0 0.9726783948840119 
54 44 3 5 7 9 13.038404810405298 7.0710678118654755 0.9717090073645416 
53 43 3 5 7 9 13.038404810405298 6.0 0.9801855896851672 
52 42 4 5 8 7 13.038404810405298 6.0 0.9801241689906846 
50 40 4 5 9 7 11.40175425099138 6.0 0.9804064343574752 
49 39 4 5 9 7 10.198039027185569 6.0 0.9821400302168278 
47 38 4 5 9 7 8.0 6.0 0.9660932717645778 
46 37 4 6 9 5 7.0710678118654755 6.0 0.9663230649697766 
45 36 4 6 9 5 6.0 6.0 0.9527286957842449 
44 35 4 7 8 5 6.0 6.0 0.9506330558728774 
43 34 4 7 8 4 6.0 5.0990195135927845 0.9509691055961714 
42 33 4 7 8 4 6.0 5.830951894845301 0.96285215985264 
41 32 5 7 7 5 6.0 4.47213595499958 0.9617299115808388 
40 31 5 7 6 4 6.0 4.47213595499958 0.9613779816989475 
39 30 5 7 5 4 7.211102550927978 4.47213595499958 0.9616985265356054 
38 29 5 7 6 4 5.0990195135927845 4.47213595499958 0.9613132286716954 
36 28 5 7 6 3 5.0990195135927845 4.47213595499958 0.9464694577291013 
35 27 5 8 5 2 5.0990195135927845 4.47213595499958 0.9584828110268288 
33 26 6 8 7 3 5.0990195135927845 3.1622776601683795 0.9704779226786583 
31 25 7 8 5 2 4.47213595499958 3.1622776601683795 0.9713085257563888 
29 24 7 8 3 3 7.211102550927978 2.0 0.9710394811683472 
28 23 7 8 3 2 4.242640687119285 2.0 0.9594239720113612 
26 22 7 9 1 2 4.242640687119285 2.8284271247461903 0.9575161620740814 
25 21 7 9 1 1 2.8284271247461903 1.4142135623730951 -1 
