140 140 0 0 14 14 16.0 16.0 1.056816664200919 
138 138 0 0 17 17 16.0 14.142135623730951 1.0617779595492387 
134 136 0 0 16 18 13.038404810405298 16.0 1.0580878904793578 
132 132 0 0 16 18 13.341664064126334 15.033296378372908 1.0557488929781824 
130 130 0 0 16 17 15.033296378372908 15.033296378372908 1.0551875747872956 
128 128 0 0 16 17 15.033296378372908 15.033296378372908 1.055218456822468 
126 126 0 0 14 17 15.033296378372908 15.033296378372908 1.0516925343178745 
124 124 0 0 16 15 15.033296378372908 15.033296378372908 1.0529096183968705 
122 122 0 0 14 16 15.033296378372908 15.033296378372908 1.0532384021367778 
120 120 0 0 15 17 15.033296378372908 15.033296378372908 1.0523809838328615 
118 118 0 0 16 17 15.033296378372908 15.033296378372908 1.051523565528945 
116 116 0 0 17 17 15.033296378372908 15.033296378372908 1.0509622473380582 
114 114 0 0 17 17 15.033296378372908 15.033296378372908 1.0515871311909948 
112 112 0 0 17 18 15.033296378372908 15.033296378372908 1.0465771049378432 
110 110 0 0 16 14 15.033296378372908 15.033296378372908 1.044470828141948 
108 106 0 0 13 14 15.033296378372908 15.033296378372908 1.044799611881855 
106 104 0 0 14 15 15.033296378372908 15.033296378372908 1.0466106977786156 
104 102 0 0 14 17 15.033296378372908 15.033296378372908 1.041243716555984 
102 98 0 0 14 15 15.033296378372908 15.033296378372908 1.0436470026788038 
100 96 0 0 12 17 15.033296378372908 15.033296378372908 1.042822268001765 
96 92 0 0 15 18 15.033296378372908 15.033296378372908 1.0279047939192132 
94 90 0 1 14 17 15.033296378372908 15.033296378372908 1.0147979511264746 
92 89 0 2 15 17 15.033296378372908 15.033296378372908 1.0133465310047935 
90 87 0 2 14 16 15.033296378372908 15.033296378372908 1.0110068105440237 
88 85 0 2 16 15 15.033296378372908 15.033296378372908 1.0209688743791652 
86 84 1 2 16 13 15.033296378372908 15.033296378372908 1.0317888111251703 
84 82 2 2 13 12 15.033296378372908 15.033296378372908 1.0321480222933024 
82 81 2 2 14 12 15.033296378372908 15.033296378372908 1.033500845085434 
80 80 2 2 14 12 13.038404810405298 15.033296378372908 1.0317866894256738 
79 79 2 2 13 11 13.038404810405298 14.142135623730951 1.0315060303302304 
78 78 2 2 13 11 13.038404810405298 14.142135623730951 1.0338725492810716 
77 76 2 2 13 14 12.165525060596439 14.142135623730951 1.0164759478086114 
76 72 2 3 13 14 12.165525060596439 14.142135623730951 1.0129979192052925 
75 70 2 3 13 12 11.045361017187261 14.142135623730951 0.9992512061489782 
74 69 2 4 13 12 11.045361017187261 14.142135623730951 0.997784345009711 
73 68 2 4 13 11 11.045361017187261 14.142135623730951 0.9939146523545719 
72 66 2 4 13 9 11.045361017187261 14.142135623730951 0.9939302584050713 
71 65 2 4 13 9 10.198039027185569 14.142135623730951 0.9945855696862331 
69 64 2 4 13 9 10.198039027185569 14.142135623730951 0.9949447808543652 
67 63 2 4 14 9 10.198039027185569 14.142135623730951 0.9959593033036594 
63 61 2 4 15 9 10.198039027185569 14.142135623730951 1.0101639103879532 
59 60 3 4 11 8 10.198039027185569 14.142135623730951 1.0069101519294419 
58 59 4 5 11 7 10.198039027185569 14.142135623730951 1.0070290204341266 
57 58 4 5 11 7 9.055385138137417 14.142135623730951 1.0057078443196097 
56 56 4 5 10 8 9.055385138137417 12.0 1.004963866589951 
54 55 4 5 10 7 8.0 11.045361017187261 1.0047874441779392 
53 54 4 5 9 7 7.0710678118654755 10.198039027185569 1.004075712552648 
52 52 4 5 8 8 7.0710678118654755 9.055385138137417 1.003065358451725 
51 50 4 5 7 7 7.0710678118654755 11.313708498984761 1.001568069884233 
50 48 4 5 7 7 7.0710678118654755 11.313708498984761 1.0012569833605647 
49 46 4 5 7 8 7.0710678118654755 11.313708498984761 1.006929288515984 
48 42 5 5 6 6 7.0710678118654755 11.313708498984761 0.9919659459876206 
47 40 5 6 6 6 7.0710678118654755 11.313708498984761 0.9738291518112875 
46 38 5 7 6 4 7.0710678118654755 10.0 0.9749652845537745 
45 36 5 7 6 6 6.324555320336759 10.0 0.9722847272972437 
43 35 5 7 8 4 7.211102550927978 9.899494936611665 0.9720499366476115 
41 34 5 7 7 3 7.211102550927978 9.899494936611665 0.9732974481548327 
39 33 5 7 5 3 7.211102550927978 9.899494936611665 0.9832136435441625 
38 32 6 7 6 2 7.211102550927978 9.899494936611665 0.9850551568691479 
36 31 6 7 6 3 7.211102550927978 9.899494936611665 0.9809431032134107 
35 29 6 7 5 2 7.211102550927978 7.0710678118654755 0.9929356025773581 
34 28 7 7 7 3 7.211102550927978 7.0710678118654755 0.9911986100854249 
33 27 7 7 5 2 7.211102550927978 5.656854249492381 0.991696619170844 
32 26 7 7 4 2 5.830951894845301 5.656854249492381 0.9893674264528511 
31 25 7 7 4 1 5.830951894845301 4.242640687119285 0.9892267045082926 
30 24 7 7 4 1 5.830951894845301 4.47213595499958 0.9870216431220538 
29 23 8 8 3 1 7.0710678118654755 4.47213595499958 0.9859370308192719 
28 22 8 8 3 0 7.0710678118654755 5.0990195135927845 0.9873727326686336 
27 22 8 8 3 1 5.656854249492381 3.1622776601683795 0.9724398175684955 
26 21 8 9 3 0 5.656854249492381 3.1622776601683795 0.9739905676617796 
25 21 8 9 3 1 4.242640687119285 1.4142135623730951 -1 
