140 138 0 0 14 17 16.0 16.0 0.9911572226477321 
138 134 0 0 17 16 14.142135623730951 13.341664064126334 1.0195733368733984 
134 132 0 0 16 21 15.033296378372908 15.033296378372908 1.024170555419591 
132 128 0 0 21 22 15.033296378372908 15.033296378372908 1.0277703738261244 
128 124 0 0 22 22 15.033296378372908 15.033296378372908 1.0205347770679636 
124 118 0 0 24 20 15.033296378372908 15.033296378372908 1.0636876231086343 
116 117 0 0 20 27 15.033296378372908 15.033296378372908 1.0863616158510379 
112 116 1 0 18 29 13.341664064126334 15.033296378372908 1.0166534172017645 
111 102 1 1 28 22 14.0 13.341664064126334 0.9771921302052465 
110 98 1 2 31 17 14.0 14.0 1.01512570070778 
108 97 1 2 30 27 13.038404810405298 13.341664064126334 0.9524753432282427 
98 85 1 3 19 17 13.038404810405298 13.038404810405298 0.9799723015786007 
97 84 1 3 30 22 13.038404810405298 13.038404810405298 0.9566454751605363 
91 76 1 3 19 18 13.038404810405298 13.038404810405298 0.9453975471502355 
90 75 2 4 25 17 13.038404810405298 13.038404810405298 0.9702806801329441 
86 74 3 4 18 21 13.038404810405298 13.038404810405298 0.9601705519199907 
82 70 3 4 20 17 13.038404810405298 13.038404810405298 0.9453306384698543 
78 66 3 4 16 13 13.038404810405298 13.038404810405298 0.9395320529799176 
77 65 3 5 28 14 13.038404810405298 13.038404810405298 0.9537722658309725 
69 63 4 5 14 14 13.038404810405298 13.038404810405298 0.9606319780772408 
67 61 4 5 16 15 12.649110640673518 13.038404810405298 0.9567219662728113 
63 57 4 5 15 14 12.649110640673518 12.165525060596439 0.9417179435238799 
62 51 4 6 20 17 12.649110640673518 12.165525060596439 0.910525278479845 
61 45 4 6 21 11 12.649110640673518 12.165525060596439 0.9178787123014955 
57 44 4 6 13 13 12.649110640673518 11.045361017187261 0.9147312518119329 
53 42 5 6 10 9 12.649110640673518 11.045361017187261 0.9023780996042037 
52 41 6 7 10 9 12.649110640673518 11.045361017187261 0.8567223045340348 
51 37 6 8 13 4 11.40175425099138 9.055385138137417 0.8615683869092388 
49 36 6 8 9 5 10.198039027185569 9.055385138137417 0.8587455001837218 
47 35 6 8 9 4 10.198039027185569 8.0 0.8594483804004724 
46 34 6 8 9 4 10.198039027185569 8.0 0.8634356010446628 
45 33 7 8 8 4 10.198039027185569 7.0710678118654755 0.8627394834885861 
44 31 7 8 9 4 10.198039027185569 7.0710678118654755 0.8598212057303013 
43 30 7 8 8 4 10.198039027185569 6.0 0.8591250881742244 
42 28 7 8 9 4 10.198039027185569 6.0 0.8589752727687688 
41 27 7 8 10 4 9.055385138137417 5.0990195135927845 0.8643907474846987 
37 26 7 8 8 4 8.246211251235321 4.0 0.8657681167481922 
35 25 7 8 8 4 8.246211251235321 3.1622776601683795 0.8641600163752363 
33 24 7 8 6 3 8.246211251235321 3.1622776601683795 0.8424410358709558 
32 23 7 9 7 2 8.246211251235321 3.1622776601683795 0.8458110825620071 
31 22 8 9 6 2 8.246211251235321 2.0 0.8421031610273718 
30 21 8 9 6 1 7.0710678118654755 1.4142135623730951 -1 
