140 138 0 0 14 17 16.0 16.0 1.0278575594828145 
138 134 0 0 17 16 14.142135623730951 13.038404810405298 1.056585540590578 
136 132 0 0 22 21 16.0 13.038404810405298 1.0690988487562696 
132 128 0 0 27 22 16.0 13.038404810405298 1.0716211753115854 
128 124 0 0 27 22 16.0 13.038404810405298 1.089938779484353 
124 120 0 0 30 23 15.033296378372908 15.033296378372908 1.0739425708765369 
120 116 0 0 26 20 15.033296378372908 15.033296378372908 1.0509974127644395 
116 110 0 0 21 17 15.033296378372908 15.033296378372908 1.0228819114486816 
112 104 0 1 23 16 15.033296378372908 15.033296378372908 1.0023730206924648 
110 98 0 2 30 17 15.033296378372908 15.033296378372908 0.9763835679464584 
104 96 0 3 25 14 15.033296378372908 15.033296378372908 0.985130974807055 
102 94 0 3 23 16 15.033296378372908 15.033296378372908 1.0000058745099558 
98 92 0 3 20 18 15.033296378372908 15.033296378372908 0.9857905347305758 
96 88 0 3 20 16 15.033296378372908 15.033296378372908 0.9913756582729131 
95 86 0 3 23 17 15.033296378372908 15.033296378372908 0.9842087543290527 
89 82 0 3 16 15 15.033296378372908 15.033296378372908 1.0106853943285439 
87 81 0 3 19 19 15.033296378372908 15.033296378372908 1.0244842104344045 
83 80 1 3 17 19 15.033296378372908 15.033296378372908 1.0148484186468678 
81 78 2 3 16 16 15.033296378372908 15.033296378372908 1.0262498340306152 
79 77 3 3 17 17 15.033296378372908 14.142135623730951 1.0607935560862554 
78 76 3 3 22 23 15.033296378372908 14.142135623730951 1.0330989018374028 
77 70 3 3 22 20 14.142135623730951 14.142135623730951 1.016925432238749 
75 68 3 3 21 18 13.341664064126334 12.0 1.0659410453507538 
69 67 4 3 17 25 13.341664064126334 11.045361017187261 1.0330784321006394 
68 63 4 3 22 18 13.341664064126334 12.083045973594572 1.0569188037423347 
67 61 4 3 23 23 12.0 12.083045973594572 1.0303943194454859 
63 59 4 3 17 17 12.0 12.083045973594572 1.0006390811588215 
62 57 4 4 21 15 12.0 12.083045973594572 1.0316073860830135 
56 56 5 4 14 18 11.045361017187261 12.083045973594572 1.0173920463036334 
54 52 5 4 14 16 11.045361017187261 12.083045973594572 0.969036375050478 
53 48 5 5 15 12 11.045361017187261 12.083045973594572 0.915316126651967 
52 42 5 6 17 10 12.083045973594572 9.486832980505138 0.9106023290655096 
50 41 5 6 11 10 10.198039027185569 8.246211251235321 0.9244083215311083 
49 40 5 6 12 13 10.198039027185569 7.615773105863909 0.9205044234050024 
45 38 5 6 11 10 10.198039027185569 8.48528137423857 0.9414570727845879 
41 37 5 6 11 12 10.198039027185569 8.48528137423857 0.8822128167732125 
39 33 5 7 10 7 10.198039027185569 6.324555320336759 0.8888428300669512 
37 32 6 7 8 7 10.198039027185569 6.324555320336759 0.8862007342491207 
36 31 6 7 9 7 10.198039027185569 5.0990195135927845 0.891789437573042 
34 30 7 7 6 7 10.198039027185569 5.0990195135927845 0.8943579344215778 
33 29 7 7 6 8 9.055385138137417 4.0 0.8473715077737006 
31 25 7 8 6 4 7.0710678118654755 3.1622776601683795 0.8441757457618047 
30 24 7 8 6 3 6.0 3.1622776601683795 0.8187994612713864 
29 23 7 9 6 2 5.0990195135927845 3.1622776601683795 0.8153387293929357 
28 22 7 9 6 2 5.0990195135927845 2.0 0.8101059539250715 
27 21 7 9 6 1 4.0 1.4142135623730951 -1 
