140 138 0 0 14 17 16.0 16.0 1.0502048636403 
138 136 0 0 17 22 14.0 14.0 1.0745732877309937 
136 132 0 0 22 27 14.0 14.0 1.082381242033599 
132 128 0 0 27 27 14.0 14.0 1.086730383739994 
128 124 0 0 27 28 14.0 13.038404810405298 1.091910693267848 
124 120 0 0 28 27 15.033296378372908 15.033296378372908 1.0489630176165106 
120 112 0 1 30 24 15.033296378372908 15.033296378372908 1.0393237712106829 
116 108 0 1 22 23 15.033296378372908 15.033296378372908 1.0283672839388336 
114 104 0 1 25 21 15.033296378372908 15.033296378372908 1.0395127177048387 
108 102 0 1 20 21 15.033296378372908 15.033296378372908 1.0532417023824272 
106 101 0 1 23 23 15.033296378372908 14.142135623730951 1.037814712737437 
102 97 1 1 19 19 15.033296378372908 14.142135623730951 1.0385672296261297 
101 95 1 1 22 19 15.033296378372908 14.142135623730951 1.0573390957645337 
95 93 1 1 19 20 14.0 14.142135623730951 1.0590669552779055 
94 91 1 1 23 20 14.0 14.142135623730951 1.04686539785168 
90 90 1 2 21 20 14.0 14.142135623730951 1.1116099065897584 
84 90 1 2 21 29 14.0 14.142135623730951 1.037129723538796 
80 82 1 3 20 20 14.0 14.142135623730951 1.0930805017832435 
78 81 1 3 24 30 14.0 14.142135623730951 1.009401482959324 
72 71 2 4 22 18 14.0 14.142135623730951 1.021640178272571 
71 69 2 4 27 20 14.0 14.142135623730951 0.9976976921039504 
67 65 2 4 19 16 14.0 14.142135623730951 0.9997418198816032 
65 63 2 4 19 16 13.341664064126334 14.142135623730951 0.9925946992779993 
63 61 2 4 19 15 13.341664064126334 13.038404810405298 0.9845248266924076 
61 59 2 4 19 13 13.341664064126334 13.038404810405298 1.0065982616803217 
57 58 3 4 14 16 13.341664064126334 12.0 1.007177451412438 
56 57 4 4 14 15 13.341664064126334 12.0 1.0104914161605747 
52 55 5 4 12 14 13.341664064126334 11.045361017187261 1.0010883283640397 
50 51 6 4 10 13 13.341664064126334 10.198039027185569 1.007289942890264 
48 50 6 4 9 14 11.045361017187261 9.055385138137417 1.0208103000737927 
46 49 6 4 9 16 11.045361017187261 8.94427190999916 0.9777673003865754 
45 43 6 5 11 14 10.770329614269007 8.94427190999916 0.9944917967697611 
43 42 6 5 9 17 10.770329614269007 8.94427190999916 0.9965303959903747 
41 41 6 5 9 16 8.0 8.94427190999916 0.9495924174952016 
40 39 6 6 10 11 8.0 8.94427190999916 0.9523222775068881 
40 38 6 6 17 11 8.0 8.602325267042627 0.9396253886503672 
38 36 6 6 12 10 7.0710678118654755 7.0710678118654755 0.9547486466058369 
34 35 6 6 10 11 6.324555320336759 7.0710678118654755 0.934657309026644 
33 34 6 7 10 11 5.0990195135927845 7.0710678118654755 0.937501377983899 
32 33 6 7 15 11 4.0 6.0 0.94107751682065 
28 31 7 7 6 11 4.47213595499958 5.830951894845301 0.9343379262916232 
27 29 7 7 6 10 4.242640687119285 5.830951894845301 0.9017031875592431 
26 27 7 8 7 8 4.242640687119285 5.830951894845301 0.9039789696166898 
24 26 8 8 4 8 3.1622776601683795 4.47213595499958 0.8979371334565223 
22 25 9 8 2 6 2.0 3.1622776601683795 0.8855628623944741 
21 23 9 8 1 3 1.4142135623730951 4.47213595499958 1 
