140 138 0 0 14 17 16.0 16.0 0.9752066795795794 
138 134 0 0 17 16 14.142135623730951 13.341664064126334 0.9980880545149098 
134 132 0 0 16 21 15.033296378372908 15.033296378372908 1.0017813727141132 
132 128 0 0 21 22 15.033296378372908 15.033296378372908 1.0050969742478248 
128 124 0 0 22 22 15.033296378372908 15.033296378372908 0.9998302811632569 
124 118 0 0 24 20 15.033296378372908 15.033296378372908 1.0349930021621718 
116 117 0 0 20 27 15.033296378372908 15.033296378372908 1.0563536612549849 
112 116 1 0 18 29 13.341664064126334 15.033296378372908 0.9986269230758262 
111 102 1 1 28 22 14.0 13.341664064126334 0.965156086746459 
110 98 1 2 31 17 14.0 14.0 0.9951435531316631 
108 97 1 2 30 27 13.038404810405298 13.341664064126334 0.9449085853031085 
98 85 1 3 19 17 13.038404810405298 13.038404810405298 0.972487474586565 
96 84 2 3 18 23 13.038404810405298 13.038404810405298 0.944634205715253 
95 76 2 3 24 16 13.038404810405298 13.038404810405298 0.9420621951927277 
87 75 2 4 20 16 13.038404810405298 13.038404810405298 0.9466112084791807 
86 73 3 4 19 16 13.038404810405298 12.165525060596439 0.9748703241863363 
82 72 3 4 18 24 12.0 11.045361017187261 0.9424656175123417 
81 64 3 4 26 15 12.165525060596439 11.045361017187261 0.9491983015385984 
71 63 4 5 16 15 12.165525060596439 11.045361017187261 0.9396652780654883 
69 57 4 5 19 13 12.165525060596439 11.045361017187261 0.9416003348100538 
68 55 4 5 24 13 12.165525060596439 11.045361017187261 0.9654422571944127 
62 54 4 5 14 19 12.165525060596439 11.045361017187261 0.9455371847515243 
61 48 5 5 14 12 12.165525060596439 11.045361017187261 0.9307687883563678 
59 47 5 6 14 12 12.165525060596439 11.045361017187261 0.932125286476726 
57 45 5 6 14 12 12.165525060596439 11.045361017187261 0.932276574011094 
55 43 5 6 12 12 12.165525060596439 11.045361017187261 0.9297535895226257 
54 41 5 6 15 12 12.165525060596439 9.486832980505138 0.9258064987176362 
53 39 5 6 14 11 11.045361017187261 9.486832980505138 0.9230069315739228 
51 37 5 6 13 9 10.198039027185569 10.295630140987 0.9129846583473467 
49 35 5 6 13 6 10.295630140987 8.94427190999916 0.9133246425653126 
47 34 5 6 13 6 10.295630140987 7.615773105863909 0.9137424366378512 
45 33 5 6 13 6 10.295630140987 6.324555320336759 0.9142973166969847 
43 32 5 6 13 6 10.295630140987 5.0990195135927845 0.9194524083874213 
41 31 5 6 11 7 9.486832980505138 5.0990195135927845 0.9006425702312264 
39 30 5 7 9 6 9.486832980505138 5.0990195135927845 0.9019517994486274 
38 29 5 7 9 6 8.246211251235321 5.0990195135927845 0.8825153093306494 
37 28 5 8 10 5 8.246211251235321 5.0990195135927845 0.8906423437230493 
36 27 6 8 9 5 8.246211251235321 5.0990195135927845 0.8896294155638961 
35 26 6 8 10 5 8.246211251235321 4.0 0.9040790979603814 
31 25 7 8 6 5 7.615773105863909 4.242640687119285 0.9071150569392685 
30 24 8 8 5 4 7.615773105863909 3.1622776601683795 0.8807144152048075 
29 22 8 9 5 2 6.324555320336759 2.0 0.8779571356075216 
28 21 8 9 5 1 5.0990195135927845 1.4142135623730951 -1 
