140 138 0 0 14 17 16.0 16.0 1.0139279377224248 
138 136 0 0 17 22 14.0 14.0 1.034067194862297 
136 132 0 0 22 27 14.0 14.0 1.041589833755411 
132 128 0 0 27 27 14.142135623730951 14.142135623730951 1.046292315640957 
128 124 0 0 27 28 14.142135623730951 13.341664064126334 1.05051723807148 
124 120 0 0 28 27 15.033296378372908 15.033296378372908 1.0147278337607968 
120 112 0 1 30 24 15.033296378372908 15.033296378372908 1.0074797521094794 
116 108 0 1 22 23 15.033296378372908 15.033296378372908 0.9992972020843116 
114 104 0 1 25 21 15.033296378372908 15.033296378372908 1.0090495403003459 
108 102 0 1 20 21 15.033296378372908 15.033296378372908 1.0201030570881404 
106 101 0 1 23 23 15.033296378372908 14.0 1.0112978202037752 
102 97 1 1 19 19 15.033296378372908 14.142135623730951 1.0122485136984318 
101 95 1 1 22 19 15.033296378372908 14.142135623730951 1.0207768437529512 
97 93 1 1 23 19 15.033296378372908 14.142135623730951 1.0075403684917286 
93 92 1 2 19 19 15.033296378372908 14.142135623730951 1.027461131298416 
91 91 1 2 20 23 15.033296378372908 14.142135623730951 1.0322269905399846 
87 87 1 2 22 23 15.033296378372908 14.142135623730951 1.0570325397775133 
81 86 2 2 25 23 15.033296378372908 14.142135623730951 1.0440680574065417 
77 80 3 2 22 19 15.033296378372908 14.142135623730951 1.0675989337486482 
76 78 3 2 20 26 15.033296378372908 14.142135623730951 0.9981163630332671 
74 72 3 3 18 17 15.033296378372908 12.0 1.0019405272573088 
70 70 4 3 15 15 15.033296378372908 12.0 1.0052218883893445 
69 68 5 3 13 15 15.033296378372908 12.083045973594572 1.004969376635299 
67 67 5 3 11 15 13.341664064126334 10.770329614269007 1.0113651677535827 
66 66 5 3 12 16 13.038404810405298 11.045361017187261 0.9899037139018028 
62 62 5 4 11 15 13.038404810405298 11.045361017187261 0.9876333978778721 
61 58 5 4 13 16 12.0 10.198039027185569 0.9815631730999296 
59 54 5 4 14 15 12.083045973594572 10.198039027185569 1.0101172751348868 
55 53 5 4 11 21 10.198039027185569 9.055385138137417 0.9926543955038385 
53 52 5 4 11 16 10.198039027185569 8.246211251235321 1.0193781671435271 
51 51 5 4 11 22 10.198039027185569 8.246211251235321 1.0176604263431497 
49 49 5 4 11 22 10.198039027185569 7.0710678118654755 0.9979617031773729 
48 45 5 4 13 18 10.198039027185569 7.0710678118654755 0.962648732144324 
44 41 5 5 11 13 7.0710678118654755 7.0710678118654755 0.9455459330342686 
42 40 5 6 11 13 8.48528137423857 7.0710678118654755 0.9430705004146062 
40 36 5 6 9 10 6.324555320336759 11.40175425099138 0.9309894013049264 
39 35 5 7 13 11 6.324555320336759 11.40175425099138 0.9289145829103879 
35 34 6 7 8 11 6.324555320336759 6.324555320336759 0.9143305219089551 
33 32 6 7 6 8 5.830951894845301 5.0990195135927845 0.9366836000567379 
32 31 6 7 7 12 5.830951894845301 7.0710678118654755 0.8801429345254258 
31 27 6 8 7 4 5.830951894845301 7.0710678118654755 0.8831764787378168 
30 26 7 8 7 4 5.830951894845301 5.656854249492381 0.8771365379060077 
29 25 7 8 6 4 4.47213595499958 3.1622776601683795 0.8708617429801733 
28 24 7 8 6 3 4.47213595499958 2.0 0.8748835886875721 
27 23 7 8 6 3 3.1622776601683795 2.8284271247461903 0.8480867000788552 
26 22 7 9 6 1 3.1622776601683795 2.8284271247461903 0.851732248372004 
24 21 8 9 3 1 3.1622776601683795 1.4142135623730951 -1 
