140 138 0 0 14 17 16.0 16.0 0.9755609197340614 
138 134 0 0 17 16 14.142135623730951 13.038404810405298 0.9907248850468933 
136 132 0 0 22 21 16.0 13.038404810405298 0.9977304121733744 
132 128 0 0 27 22 16.0 13.038404810405298 1.0040008419249478 
128 124 0 0 26 22 15.033296378372908 15.033296378372908 1.0106005923242005 
124 120 0 0 30 23 15.033296378372908 15.033296378372908 0.9985646203720154 
120 116 0 0 26 18 15.033296378372908 15.033296378372908 1.0166644086520134 
112 114 0 0 21 20 15.033296378372908 15.033296378372908 1.021103925405114 
111 110 1 0 22 20 15.033296378372908 15.033296378372908 1.0223097881058159 
109 108 1 0 22 20 15.033296378372908 15.033296378372908 1.0117948744946976 
108 107 1 1 31 21 15.033296378372908 15.033296378372908 1.052658132850203 
100 106 2 1 19 29 15.033296378372908 15.033296378372908 1.0383334877517545 
94 100 3 1 17 19 15.033296378372908 15.033296378372908 1.0309874758486348 
93 92 3 2 23 27 15.033296378372908 14.142135623730951 0.9814763914006589 
87 84 3 3 19 15 15.033296378372908 14.142135623730951 0.9856568048716363 
83 82 3 3 15 15 15.033296378372908 14.142135623730951 0.9868626675723382 
81 80 3 3 15 15 15.033296378372908 14.142135623730951 0.9903993435173923 
79 79 3 3 14 16 15.033296378372908 13.341664064126334 0.9928513920556481 
77 77 3 3 14 17 15.033296378372908 12.649110640673518 0.9801805348716237 
76 73 3 3 14 14 14.142135623730951 12.165525060596439 0.997549389534465 
74 72 3 3 14 20 13.038404810405298 11.40175425099138 0.993511207707836 
70 70 4 3 13 13 13.038404810405298 11.40175425099138 1.0147731712475547 
68 69 4 3 14 20 13.038404810405298 11.40175425099138 0.988793699700816 
66 61 4 3 18 13 13.038404810405298 11.045361017187261 0.9882961304804249 
58 60 5 4 10 11 13.038404810405298 11.045361017187261 1.006317454000528 
57 59 5 4 15 17 13.038404810405298 11.045361017187261 1.007106072493018 
53 55 5 4 11 17 13.038404810405298 11.045361017187261 0.9957381105632894 
52 51 5 4 13 14 13.038404810405298 11.045361017187261 0.9865271779544097 
48 49 6 5 8 12 11.045361017187261 11.045361017187261 0.9754102131898265 
46 48 6 6 8 13 9.486832980505138 11.045361017187261 0.9753209238800264 
45 46 6 6 9 13 8.246211251235321 11.045361017187261 0.9649197671708174 
44 44 6 6 9 10 8.246211251235321 10.198039027185569 0.9741895732810152 
43 43 6 6 10 13 7.0710678118654755 10.198039027185569 0.9412587713342415 
39 39 6 7 9 7 11.661903789690601 10.198039027185569 0.9408110588427969 
38 38 6 7 8 7 8.48528137423857 9.055385138137417 0.9396126641898883 
37 37 6 7 7 7 7.211102550927978 8.0 0.9418601846252407 
36 36 6 7 10 7 6.324555320336759 8.0 0.9569412411976875 
30 35 7 7 6 7 10.770329614269007 7.0710678118654755 0.9576126617863981 
29 34 7 7 4 7 8.94427190999916 7.0710678118654755 0.956726182895597 
28 33 7 7 6 7 9.486832980505138 6.0 0.9593123437564198 
26 32 7 7 3 7 7.615773105863909 6.0 0.9607150007302739 
24 31 7 7 2 7 6.324555320336759 5.0990195135927845 0.9709639374683062 
22 30 8 7 0 7 7.0710678118654755 5.0990195135927845 0.9689283200125519 
22 28 8 7 1 7 5.0990195135927845 5.0990195135927845 0.9534834885163531 
21 26 9 8 0 5 5.0990195135927845 5.0990195135927845 0.9283060089021763 
21 24 9 9 1 2 1.4142135623730951 5.656854249492381 1 
