140 138 0 0 14 17 16.0 16.0 1.01770893017926 
138 134 0 0 17 16 14.142135623730951 13.341664064126334 1.0218245274756126 
134 132 0 0 16 16 15.033296378372908 15.033296378372908 1.0218798715273836 
132 130 0 0 16 16 15.033296378372908 15.033296378372908 1.0219352155791548 
130 128 0 0 16 16 15.033296378372908 15.033296378372908 1.017614514981615 
128 126 0 0 16 13 15.033296378372908 15.033296378372908 1.0205872221329264 
126 124 0 0 16 15 15.033296378372908 15.033296378372908 1.0206425661846974 
124 122 0 0 16 15 15.033296378372908 15.033296378372908 1.0206979102364686 
122 120 0 0 16 15 15.033296378372908 15.033296378372908 1.0207532542882396 
120 118 0 0 16 15 15.033296378372908 15.033296378372908 1.0214045212056857 
118 116 0 0 13 15 15.033296378372908 15.033296378372908 1.0210625833470066 
116 114 0 0 15 15 15.033296378372908 15.033296378372908 1.0211179273987776 
114 112 0 0 15 15 15.033296378372908 15.033296378372908 1.0211732714505486 
112 110 0 0 15 15 15.033296378372908 15.033296378372908 1.0212286155023196 
110 108 0 0 15 15 15.033296378372908 15.033296378372908 1.0212839595540908 
108 106 0 0 15 15 15.033296378372908 15.033296378372908 1.0213393036058618 
106 104 0 0 15 15 15.033296378372908 15.033296378372908 1.0186734715958707 
102 98 0 0 16 15 15.033296378372908 15.033296378372908 1.0043564956629851 
100 97 0 1 15 14 15.033296378372908 15.033296378372908 1.0072437038800603 
96 95 0 1 14 14 15.033296378372908 15.033296378372908 1.0071004069766065 
94 93 0 1 15 14 15.033296378372908 15.033296378372908 1.018509324466074 
92 91 1 1 13 14 15.033296378372908 15.033296378372908 1.024889703430061 
91 89 2 1 15 12 15.033296378372908 15.033296378372908 1.0242243587424675 
90 87 2 1 12 12 15.033296378372908 15.033296378372908 1.0209000402061712 
89 85 2 1 13 12 15.033296378372908 13.038404810405298 1.0209277122320566 
88 84 2 1 13 12 15.033296378372908 13.038404810405298 1.0218747139525317 
86 83 2 1 15 12 15.033296378372908 13.038404810405298 1.0226233661305424 
85 81 2 1 14 13 14.142135623730951 13.038404810405298 1.0214472350324209 
84 80 2 1 13 12 14.0 13.038404810405298 1.024448841168341 
82 79 2 1 12 13 14.0 13.038404810405298 1.0246751541494517 
81 78 2 1 11 13 14.0 13.038404810405298 1.0247028261753373 
80 77 2 1 11 13 14.0 13.038404810405298 1.0239297551727917 
79 75 2 1 11 14 14.0 12.0 1.0214084470249778 
78 73 2 1 10 13 14.0 12.0 1.0188865984329147 
77 72 2 1 11 12 14.0 11.045361017187261 1.02168956361361 
75 71 2 1 11 13 14.0 11.045361017187261 1.0313845875875878 
74 69 3 1 11 13 14.0 11.045361017187261 1.0188381051198192 
73 67 3 2 10 15 14.0 11.045361017187261 0.9948209974930676 
72 63 3 3 9 12 13.341664064126334 9.055385138137417 0.9943928053648529 
71 62 3 3 9 11 13.038404810405298 10.0 0.9872318204885134 
67 61 3 4 9 13 12.165525060596439 10.0 0.9890318080333123 
63 60 3 4 9 11 10.295630140987 10.0 0.9864718439166039 
61 58 3 4 9 9 10.0 10.198039027185569 0.9882101668985859 
59 57 3 4 11 9 8.0 10.198039027185569 0.9898597177739756 
55 56 3 4 10 8 8.0 9.055385138137417 1.0008436813271075 
54 55 4 4 10 8 8.0 9.055385138137417 1.0025852468684826 
52 54 4 4 8 8 8.0 9.055385138137417 1.0030102008048183 
51 53 4 4 6 8 8.0 9.055385138137417 1.0034054147261882 
50 52 4 4 6 8 7.0710678118654755 9.055385138137417 1.0019744052023034 
49 51 4 4 6 7 7.0710678118654755 9.055385138137417 0.9970984682363994 
48 50 5 5 6 6 7.0710678118654755 9.055385138137417 0.99878346276728 
47 49 5 5 5 7 7.0710678118654755 9.055385138137417 0.9971538122881703 
46 48 5 5 6 6 7.0710678118654755 9.055385138137417 0.9988388068190512 
45 47 5 5 5 7 7.0710678118654755 9.055385138137417 1.0004949023653231 
44 45 5 5 5 9 7.0710678118654755 9.055385138137417 0.9990903902970107 
43 44 5 5 7 8 6.0 9.055385138137417 0.9851141252640807 
42 43 5 6 5 8 6.0 9.055385138137417 0.9862597679397809 
40 42 5 6 6 8 6.0 9.055385138137417 0.973543543501396 
39 41 5 7 5 9 6.0 9.055385138137417 0.9706249534431324 
38 39 5 7 6 8 6.0 9.055385138137417 0.9662765808197069 
37 38 5 7 6 5 6.0 9.055385138137417 0.9666345097703414 
35 37 5 7 6 5 6.0 8.0 0.9784641940948815 
33 36 6 7 4 5 6.0 7.0710678118654755 0.9788483486283157 
32 35 6 7 4 5 5.0990195135927845 7.0710678118654755 0.9788760206542011 
31 34 6 7 4 5 5.0990195135927845 7.0710678118654755 0.978761622735356 
29 33 6 7 4 4 5.0990195135927845 7.0710678118654755 0.9766609789242618 
27 32 7 8 4 4 5.0990195135927845 7.0710678118654755 0.9871471760030448 
25 31 8 8 2 3 4.47213595499958 6.0 0.9876931073880606 
24 30 8 8 2 3 3.1622776601683795 6.0 0.9873385976234074 
23 29 8 8 2 3 2.0 5.0990195135927845 0.9863387505890532 
22 28 8 8 1 3 5.0990195135927845 5.0990195135927845 0.9972605125750621 
21 27 9 8 0 3 3.1622776601683795 4.0 0.996464572184214 
21 26 9 8 1 3 1.4142135623730951 4.0 1 
