140 138 0 0 14 17 16.0 16.0 0.9712739895750686 
138 134 0 0 17 16 14.142135623730951 13.038404810405298 0.9897560675777118 
136 132 0 0 22 21 16.0 13.038404810405298 0.9989164825432336 
132 128 0 0 27 22 16.0 13.038404810405298 1.0018076901950967 
128 124 0 0 27 22 16.0 13.038404810405298 1.0145880674704342 
124 120 0 0 30 23 15.033296378372908 15.033296378372908 1.0059271163704167 
120 116 0 0 26 20 15.033296378372908 15.033296378372908 0.9929891040928045 
116 110 0 0 21 17 15.033296378372908 15.033296378372908 0.9724709437524605 
112 104 0 1 23 16 15.033296378372908 15.033296378372908 0.9561301827853275 
110 98 0 2 30 17 15.033296378372908 15.033296378372908 0.9373503951763819 
104 96 0 3 25 14 15.033296378372908 15.033296378372908 0.9434193628778901 
102 94 0 3 23 16 15.033296378372908 15.033296378372908 0.9538918204576343 
98 92 0 3 20 18 15.033296378372908 15.033296378372908 0.9457774116677493 
96 88 0 3 20 16 15.033296378372908 15.033296378372908 0.9496415089616088 
95 86 0 3 23 17 15.033296378372908 15.033296378372908 0.9470361421149708 
89 82 0 3 16 15 15.033296378372908 15.033296378372908 0.9641543234380459 
87 81 0 3 19 19 15.033296378372908 15.033296378372908 0.9789873870114789 
83 80 1 3 17 19 15.033296378372908 15.033296378372908 0.9786944153979007 
81 78 2 3 16 16 15.033296378372908 15.033296378372908 0.9914678424773148 
79 77 3 3 17 17 15.033296378372908 14.142135623730951 0.9866809140730186 
77 75 3 3 17 16 15.033296378372908 12.649110640673518 0.9959846052374313 
76 74 3 3 21 18 15.033296378372908 12.649110640673518 0.9783378498850256 
72 70 4 4 19 15 15.033296378372908 12.649110640673518 0.9771285072645796 
71 68 4 4 18 15 14.142135623730951 12.649110640673518 0.9861474146989607 
69 67 4 4 17 17 13.341664064126334 12.649110640673518 0.9887421677697221 
67 66 4 4 16 17 13.341664064126334 12.649110640673518 0.9734862398319486 
66 60 4 4 19 14 13.341664064126334 12.649110640673518 0.974212767647857 
65 59 4 4 18 15 12.649110640673518 11.40175425099138 0.9677971986449059 
64 55 4 4 22 14 12.649110640673518 10.770329614269007 0.9849294104014971 
60 53 4 4 24 17 12.0 10.770329614269007 0.9574690717367206 
56 49 4 5 19 14 12.0 10.770329614269007 0.97238861637452 
52 48 4 5 20 16 12.0 10.770329614269007 0.9745337553993716 
48 44 5 5 16 14 12.0 10.770329614269007 0.969142233578955 
46 42 5 5 13 12 10.198039027185569 10.770329614269007 0.9553839993311347 
45 41 5 6 13 13 9.055385138137417 10.770329614269007 0.9123730975389097 
44 33 5 7 13 9 8.0 10.0 0.9128056277781829 
42 32 5 7 13 9 7.615773105863909 8.602325267042627 0.9153275682189802 
40 31 5 7 16 9 7.0710678118654755 7.211102550927978 0.9191006660206075 
36 30 5 7 13 9 6.324555320336759 5.830951894845301 0.9397158554781151 
34 29 6 7 10 13 6.324555320336759 5.656854249492381 0.8929011695475857 
32 25 6 8 13 5 5.0990195135927845 3.1622776601683795 0.9017193310302374 
28 24 7 8 8 4 5.656854249492381 2.8284271247461903 0.9070294097416992 
27 23 7 8 8 4 4.0 4.47213595499958 0.8915046932761197 
26 22 8 9 8 2 4.0 4.47213595499958 0.883268230650171 
25 21 8 9 7 0 3.1622776601683795 3.1622776601683795 0.8926902664789748 
23 21 9 9 4 1 4.242640687119285 1.4142135623730951 -1 
