140 140 0 0 14 14 16.0 16.0 1.019331029897226 
138 138 0 0 17 17 16.0 14.142135623730951 1.0223664290129704 
134 134 0 0 16 16 13.038404810405298 15.033296378372908 1.0507004694396467 
132 132 0 0 21 21 15.033296378372908 15.033296378372908 1.0596088956439869 
128 128 0 0 22 22 15.033296378372908 15.033296378372908 1.0723137111044203 
124 124 0 0 22 24 15.033296378372908 15.033296378372908 1.0507606827913367 
118 116 0 0 20 20 15.033296378372908 15.033296378372908 1.0126033819549778 
117 112 0 1 27 18 15.033296378372908 13.341664064126334 1.0648509458174362 
116 111 0 1 29 28 15.033296378372908 14.0 1.1272498911811986 
102 110 1 1 22 31 13.038404810405298 14.142135623730951 1.126735403593193 
98 108 2 1 17 30 14.142135623730951 13.038404810405298 1.0601645739827108 
97 98 2 1 27 19 13.341664064126334 13.038404810405298 1.1484987989688655 
85 97 3 1 17 30 13.038404810405298 13.038404810405298 1.0878714519628936 
84 91 3 1 22 19 13.038404810405298 13.038404810405298 1.1169284488692641 
76 90 3 2 18 25 13.038404810405298 13.038404810405298 1.1813555012008092 
72 89 3 2 18 36 12.165525060596439 13.038404810405298 1.1492645898007594 
62 83 4 2 14 25 12.649110640673518 13.038404810405298 1.1509559952015067 
60 77 4 2 16 27 12.649110640673518 13.038404810405298 1.095961910013342 
52 73 5 3 10 16 10.198039027185569 13.038404810405298 1.1321721190473164 
50 72 5 3 10 23 10.198039027185569 12.649110640673518 1.1193534266488931 
49 71 6 3 9 20 11.40175425099138 12.0 1.1008248210046194 
47 65 6 3 9 18 11.40175425099138 12.165525060596439 1.0854884698433993 
45 61 6 3 7 16 11.40175425099138 12.165525060596439 1.0350568179054562 
44 57 6 4 7 11 10.198039027185569 12.649110640673518 1.01010761089174 
42 53 6 5 6 11 8.0 12.649110640673518 0.9929208378416156 
41 51 6 6 8 12 8.0 12.649110640673518 0.9731842712800219 
40 49 6 6 8 9 7.0710678118654755 11.40175425099138 0.9740824463673923 
38 48 6 6 8 9 6.324555320336759 10.198039027185569 0.983380470391417 
36 47 6 6 8 10 8.602325267042627 10.770329614269007 0.9860715287203666 
32 46 7 6 5 9 10.770329614269007 9.486832980505138 0.9997754027605629 
32 45 7 6 8 11 8.94427190999916 10.295630140987 0.995263694941491 
30 43 7 6 5 10 7.211102550927978 10.295630140987 0.991120705117228 
29 41 7 6 5 9 4.0 10.295630140987 0.982979828599365 
27 39 7 6 6 9 5.830951894845301 7.615773105863909 0.9946111638153622 
25 38 7 6 4 11 6.324555320336759 7.615773105863909 0.9350560025494654 
24 32 8 7 4 6 6.324555320336759 6.0 0.9346546317190833 
23 31 8 7 3 6 2.8284271247461903 5.0990195135927845 0.9392315076039608 
22 30 9 7 2 6 2.8284271247461903 5.0990195135927845 0.9374349059802745 
21 28 9 7 1 6 1.4142135623730951 5.0990195135927845 1 
