140 138 0 0 14 17 16.0 16.0 0.9805688874012884 
138 134 0 0 17 16 14.142135623730951 13.038404810405298 0.9947060875600388 
136 132 0 0 22 21 16.0 13.038404810405298 1.0015171649779608 
132 128 0 0 27 22 16.0 13.341664064126334 1.0068842915056597 
128 124 0 0 26 22 15.033296378372908 15.033296378372908 1.012811565989166 
124 120 0 0 30 23 15.033296378372908 15.033296378372908 0.9775668944410649 
120 112 0 1 26 18 15.033296378372908 15.033296378372908 0.9700347120132042 
118 108 0 1 25 16 15.033296378372908 15.033296378372908 0.9801868408649665 
112 106 0 1 18 17 15.033296378372908 15.033296378372908 0.9610934473171175 
111 100 0 2 21 19 15.033296378372908 15.033296378372908 0.9642964294189466 
109 98 0 2 20 20 15.033296378372908 15.033296378372908 0.9558489616859049 
108 94 0 2 23 18 15.033296378372908 15.033296378372908 0.9642071986058318 
102 92 0 2 18 18 15.033296378372908 15.033296378372908 0.9683965823664236 
100 90 0 2 20 19 15.033296378372908 15.033296378372908 0.9782338197945207 
98 88 1 2 20 19 15.033296378372908 15.033296378372908 0.9846331625261775 
96 86 2 2 17 18 15.033296378372908 15.033296378372908 0.9802239813156349 
95 84 2 2 22 16 15.033296378372908 15.033296378372908 0.9869609438077761 
91 83 2 2 18 17 15.033296378372908 14.142135623730951 0.9860212679253343 
89 81 2 2 18 17 15.033296378372908 13.038404810405298 0.9689120186191277 
88 73 2 2 21 15 15.033296378372908 12.0 0.9937669274194251 
84 72 3 2 16 20 15.033296378372908 11.045361017187261 0.9940860667071485 
82 71 3 2 16 19 15.033296378372908 11.045361017187261 0.9689114457275091 
81 67 4 3 17 15 15.033296378372908 9.486832980505138 0.9759274630224231 
79 66 4 3 15 17 15.033296378372908 9.486832980505138 0.9711958157145354 
77 65 4 3 14 15 15.033296378372908 8.246211251235321 0.942896841842035 
76 61 4 4 16 12 15.033296378372908 8.246211251235321 0.9560545156138098 
70 60 4 4 13 13 15.033296378372908 8.246211251235321 0.9575048128286551 
68 56 4 4 13 13 15.033296378372908 10.295630140987 0.9549658313728692 
67 54 4 4 15 12 14.142135623730951 10.295630140987 0.9525557611735884 
65 53 4 4 17 11 13.341664064126334 8.246211251235321 0.9612524599116337 
61 52 4 4 14 12 13.341664064126334 8.246211251235321 0.9689260783123896 
59 51 4 4 14 14 13.341664064126334 8.246211251235321 0.9621915719836374 
57 50 4 4 14 11 13.341664064126334 7.0710678118654755 0.9679745728998664 
55 48 4 4 12 11 13.341664064126334 10.0 0.9658836898342072 
54 47 4 4 17 12 13.341664064126334 6.324555320336759 0.9780104363793086 
48 45 5 4 10 10 12.083045973594572 6.324555320336759 0.9847079096298049 
47 44 5 4 12 12 10.770329614269007 6.324555320336759 0.9649388549332718 
45 40 5 5 10 12 10.198039027185569 6.324555320336759 0.9341138445753525 
44 36 5 6 12 8 9.055385138137417 6.0 0.9352746076866296 
42 35 5 6 11 8 8.246211251235321 5.0990195135927845 0.9407021351618228 
40 34 5 6 10 9 7.0710678118654755 5.0990195135927845 0.944288459478554 
38 33 5 6 11 9 6.0 5.0990195135927845 0.93207813297754 
34 32 5 7 10 8 5.0990195135927845 5.0990195135927845 0.9429481120081239 
32 31 6 7 8 8 5.0990195135927845 5.0990195135927845 0.9535494223104632 
31 30 7 7 8 9 5.0990195135927845 4.47213595499958 0.924809134883305 
30 26 7 8 8 5 4.0 5.656854249492381 0.923747493569263 
29 25 7 8 11 5 4.0 4.242640687119285 0.9348726509970617 
25 24 8 8 4 4 4.242640687119285 4.242640687119285 0.9087269410159114 
24 22 8 9 3 2 4.47213595499958 2.8284271247461903 0.9042274050054293 
23 21 8 9 3 1 4.47213595499958 1.4142135623730951 -1 
