140 138 0 0 14 17 16.0 16.0 1.0012349568517545 
138 136 0 0 17 18 14.0 14.142135623730951 1.003963288594975 
134 132 0 0 16 18 13.038404810405298 15.033296378372908 1.0019811832372973 
132 130 0 0 16 17 15.033296378372908 15.033296378372908 1.0025658080964677 
130 128 0 0 16 17 15.033296378372908 15.033296378372908 1.003150432955638 
128 126 0 0 16 17 15.033296378372908 15.033296378372908 1.0002103585265156 
126 124 0 0 14 15 15.033296378372908 15.033296378372908 1.0025573330298325 
124 122 0 0 15 16 15.033296378372908 15.033296378372908 1.0049043075331492 
122 120 0 0 16 17 15.033296378372908 15.033296378372908 1.0054889323923195 
120 118 0 0 16 17 15.033296378372908 15.033296378372908 1.00607355725149 
118 116 0 0 16 17 15.033296378372908 15.033296378372908 1.0066581821106604 
116 114 0 0 16 17 15.033296378372908 15.033296378372908 1.009021200844185 
114 112 0 0 16 18 15.033296378372908 15.033296378372908 1.0096058257033553 
112 110 0 0 16 18 15.033296378372908 15.033296378372908 1.0083960124579638 
110 108 0 0 17 17 15.033296378372908 15.033296378372908 1.007818956762366 
106 104 0 0 15 16 15.033296378372908 15.033296378372908 1.0084035816215364 
104 102 0 0 15 16 15.033296378372908 15.033296378372908 1.0089882064807068 
102 100 0 0 15 16 15.033296378372908 15.033296378372908 1.009572831339877 
100 98 0 0 15 16 15.033296378372908 15.033296378372908 1.0048222745759852 
98 96 0 0 15 13 15.033296378372908 15.033296378372908 1.0061155160363788 
96 92 0 0 15 15 15.033296378372908 15.033296378372908 1.0063458325949377 
94 91 0 0 15 14 15.033296378372908 15.033296378372908 1.0083705872580584 
92 90 0 0 14 14 15.033296378372908 15.033296378372908 1.0103953419211789 
90 89 0 0 13 14 15.033296378372908 15.033296378372908 1.0110419626513758 
89 87 0 0 13 15 15.033296378372908 15.033296378372908 1.0009960626541259 
88 85 1 1 13 13 15.033296378372908 15.033296378372908 0.9844186203896469 
87 83 1 2 11 13 15.033296378372908 15.033296378372908 0.9815405418315508 
86 81 1 2 9 12 15.033296378372908 15.033296378372908 0.9684375245789373 
85 80 1 3 12 13 14.142135623730951 15.033296378372908 0.9673159686001006 
83 78 1 3 11 12 14.0 15.033296378372908 0.9683425901518444 
82 76 1 3 11 13 13.038404810405298 15.033296378372908 0.9632232380696443 
81 74 1 3 12 12 12.0 13.038404810405298 0.9586035603571466 
80 73 1 3 12 10 12.0 12.0 0.9575107750274483 
79 72 1 3 11 9 11.045361017187261 12.0 0.9578191316872413 
78 71 1 3 10 9 11.045361017187261 12.0 0.9585245473120617 
77 70 1 3 10 9 10.0 12.0 0.9570384658672929 
76 69 1 3 10 8 10.0 12.0 0.9418530207161407 
75 68 1 4 10 8 10.0 12.0 0.9442780353206917 
74 66 1 4 10 10 10.0 12.0 0.9410135600015685 
73 65 1 4 10 8 10.0 12.0 0.9430062262042737 
71 64 1 4 11 8 10.0 12.0 0.9620009471268508 
65 63 2 4 11 8 10.0 12.0 0.9623093037866437 
64 62 2 4 10 8 10.0 12.0 0.9611775306424863 
63 60 2 4 10 8 10.0 12.0 0.9703443803454943 
62 59 3 4 10 8 10.0 11.045361017187261 0.9692884561985757 
61 58 3 4 9 8 10.0 10.0 0.9712971666314887 
59 57 3 4 9 8 10.0 10.0 0.9817259417676351 
58 56 4 4 8 8 10.0 10.0 0.9876649104778458 
54 55 4 4 11 9 10.0 9.055385138137417 0.9895817176291213 
50 54 4 4 9 7 10.0 9.055385138137417 0.9919126479022303 
48 52 4 4 11 8 10.0 9.055385138137417 1.00227942716735 
46 51 5 4 10 7 10.0 9.055385138137417 1.014408556076616 
44 50 6 4 10 7 10.0 9.055385138137417 1.0265376849858823 
42 49 7 4 10 7 10.0 9.055385138137417 1.0275437331130806 
40 47 7 4 7 7 9.055385138137417 9.055385138137417 1.0144450384960757 
38 45 7 5 6 8 9.055385138137417 9.055385138137417 0.9946957845251659 
37 43 7 6 6 6 8.0 9.055385138137417 0.9953712343219384 
36 42 7 6 5 6 7.0710678118654755 9.055385138137417 0.9788306572395509 
35 41 7 7 5 5 6.0 9.055385138137417 0.9794790169213867 
34 40 7 7 5 5 5.0990195135927845 9.055385138137417 0.9793631435227921 
32 39 7 7 3 5 7.0710678118654755 8.0 0.9806824954503288 
31 38 7 7 3 5 4.47213595499958 8.0 0.9814788741297407 
29 37 7 7 3 5 4.47213595499958 7.0710678118654755 0.9834715403324457 
27 36 7 7 4 5 4.47213595499958 7.0710678118654755 0.9937667533847179 
25 35 8 7 2 5 5.656854249492381 6.0 0.9946179312509857 
24 34 8 7 2 5 4.242640687119285 6.0 0.9954851533474615 
23 33 8 7 1 5 2.8284271247461903 6.0 0.9951604786952049 
22 32 8 7 1 5 1.4142135623730951 5.0990195135927845 1.00413310127999 
21 31 9 7 0 5 5.0990195135927845 5.0990195135927845 1.002370730153047 
21 30 9 7 1 4 1.4142135623730951 5.0990195135927845 1 
