140 140 0 0 14 14 16.0 16.0 1.0357295537379148 
138 138 0 0 17 17 16.0 14.0 1.031509020588789 
136 134 0 0 18 16 14.142135623730951 13.038404810405298 1.0348413611921938 
132 132 0 0 18 16 15.033296378372908 15.033296378372908 1.034894545450404 
130 130 0 0 17 16 15.033296378372908 15.033296378372908 1.0347187159504143 
128 128 0 0 17 16 15.033296378372908 15.033296378372908 1.0318712901229619 
126 126 0 0 17 14 15.033296378372908 15.033296378372908 1.0334892863031027 
124 124 0 0 15 15 15.033296378372908 15.033296378372908 1.0317486448811823 
122 122 0 0 16 14 15.033296378372908 15.033296378372908 1.0326795997867246 
120 120 0 0 17 15 15.033296378372908 15.033296378372908 1.0338395684504667 
118 118 0 0 17 16 15.033296378372908 15.033296378372908 1.033663738950477 
116 116 0 0 17 16 15.033296378372908 15.033296378372908 1.034823707614219 
114 114 0 0 17 17 15.033296378372908 15.033296378372908 1.0330830661922985 
112 112 0 0 18 16 15.033296378372908 15.033296378372908 1.0298158972339122 
110 110 0 0 14 13 15.033296378372908 15.033296378372908 1.0319051850604832 
106 108 0 0 14 13 15.033296378372908 15.033296378372908 1.0341719381297572 
104 106 0 0 15 15 15.033296378372908 15.033296378372908 1.0337670948715685 
102 104 0 0 16 15 15.033296378372908 15.033296378372908 1.0335912653715789 
100 102 0 0 16 15 15.033296378372908 15.033296378372908 1.0307438395441264 
98 100 0 0 16 13 15.033296378372908 15.033296378372908 1.0296902393968042 
96 98 0 0 14 12 15.033296378372908 15.033296378372908 1.0317296144505923 
94 94 0 0 17 16 15.033296378372908 15.033296378372908 1.0324831041134317 
90 92 0 0 17 15 15.033296378372908 15.033296378372908 1.0423406603408292 
88 91 1 0 16 13 15.033296378372908 15.033296378372908 1.0549593633883982 
87 89 2 0 16 15 15.033296378372908 15.033296378372908 1.053905763241076 
85 87 2 0 14 14 15.033296378372908 15.033296378372908 1.0390655150723025 
84 85 2 1 12 14 15.033296378372908 15.033296378372908 1.0241099421530722 
83 84 2 2 10 13 15.033296378372908 15.033296378372908 1.023476085136684 
81 82 2 2 12 13 15.033296378372908 15.033296378372908 1.022316194259288 
80 80 2 2 12 14 14.0 13.038404810405298 1.0183362097685553 
79 78 2 2 12 12 14.0 13.038404810405298 1.016592820661503 
78 77 2 2 12 11 13.038404810405298 12.165525060596439 1.0155764161942236 
77 76 2 2 12 10 12.0 12.165525060596439 1.0168633662840345 
75 75 2 2 12 10 11.045361017187261 12.0 1.0045964542116623 
73 71 2 3 12 13 10.198039027185569 12.0 0.9993080815576597 
71 67 2 3 12 11 10.198039027185569 12.0 0.9966638952306586 
70 65 2 3 12 10 10.198039027185569 12.0 0.9828151067169606 
69 64 2 4 11 10 10.198039027185569 12.0 0.9808329642696267 
67 60 2 4 12 11 11.40175425099138 12.0 0.9872713781454301 
63 56 3 4 14 8 11.40175425099138 12.0 0.9898190110639552 
59 55 3 4 14 8 11.40175425099138 11.045361017187261 1.0068889868796265 
53 54 4 4 10 8 11.40175425099138 10.198039027185569 1.0061178573847112 
52 53 4 4 9 8 11.40175425099138 9.055385138137417 1.005416398192217 
51 52 4 4 8 8 11.40175425099138 8.0 1.015019166403667 
50 51 5 4 9 7 11.40175425099138 8.0 1.0151602654118717 
49 50 5 4 8 7 11.40175425099138 8.0 1.0153358998710935 
48 49 5 4 7 7 11.313708498984761 8.0 1.014656495485433 
47 48 5 4 6 6 10.0 8.0 1.0005786932135357 
46 47 5 5 6 6 10.0 8.0 1.0007197922217403 
45 46 5 5 5 6 10.0 8.0 1.0006318774717455 
44 45 5 5 5 6 10.0 8.0 1.0093568750358628 
43 44 6 5 4 4 10.0 8.0 1.010530491987687 
42 42 6 5 5 6 9.899494936611665 8.0 1.0098446003392094 
41 41 6 5 4 5 8.602325267042627 8.0 1.010193548551719 
39 40 6 5 4 5 8.48528137423857 7.0710678118654755 1.0098766200435247 
38 39 6 5 5 5 8.48528137423857 7.0710678118654755 1.010133043802186 
37 37 6 5 4 6 8.48528137423857 7.0710678118654755 0.9913837266842295 
36 33 6 6 5 5 7.0710678118654755 7.0710678118654755 0.9870367837336566 
35 31 6 6 4 3 7.0710678118654755 6.324555320336759 0.9857414586127863 
34 30 6 6 5 3 7.0710678118654755 5.0990195135927845 0.9850051642690817 
33 29 6 6 4 3 7.0710678118654755 4.0 0.9852429530765839 
32 28 6 6 5 3 5.656854249492381 4.0 0.9700583663991544 
31 27 6 7 4 2 5.656854249492381 4.0 0.9714321773058329 
30 26 6 7 4 2 5.656854249492381 5.830951894845301 0.9704664919085054 
29 25 6 7 2 1 5.656854249492381 5.830951894845301 0.9561596758784089 
28 24 6 8 3 1 5.656854249492381 5.830951894845301 0.9666145359141698 
27 23 7 8 2 0 5.656854249492381 6.324555320336759 0.9681587460185301 
26 23 7 8 2 1 4.242640687119285 4.47213595499958 0.9684063200727198 
25 22 7 8 0 1 5.830951894845301 5.0990195135927845 0.9522541533534975 
25 21 7 9 1 0 4.242640687119285 5.0990195135927845 0.9516907568834402 
24 21 7 9 1 1 4.47213595499958 1.4142135623730951 -1 
