140 138 0 0 14 17 16.0 16.0 0.9921355649056868 
138 134 0 0 17 16 14.142135623730951 13.038404810405298 0.9984300712126702 
134 132 0 0 16 16 15.033296378372908 15.033296378372908 0.9993526250138264 
132 130 0 0 21 16 15.033296378372908 15.033296378372908 1.0034688732916315 
128 128 0 0 22 16 15.033296378372908 15.033296378372908 1.0038934236677286 
124 126 0 0 22 14 15.033296378372908 15.033296378372908 1.0115845583413967 
120 124 0 0 22 16 15.033296378372908 15.033296378372908 1.0192756930150648 
116 122 0 0 22 18 15.033296378372908 15.033296378372908 1.0224117949154676 
112 118 0 0 23 19 15.033296378372908 15.033296378372908 1.0269254395195253 
108 112 1 0 18 17 15.033296378372908 15.033296378372908 1.0276143703089917 
106 110 1 0 19 17 15.033296378372908 15.033296378372908 1.0282448953455359 
104 108 1 0 19 17 15.033296378372908 15.033296378372908 1.0288754203820798 
102 106 1 0 19 17 15.033296378372908 15.033296378372908 1.027689299344231 
100 104 1 0 19 16 15.033296378372908 15.033296378372908 1.0279015745322797 
98 103 1 0 19 15 15.033296378372908 15.033296378372908 1.0455528342305358 
92 102 2 0 17 14 13.341664064126334 15.033296378372908 1.0659049582739168 
84 101 3 0 15 13 13.341664064126334 15.033296378372908 1.0666213684143317 
82 99 3 0 15 14 14.142135623730951 14.0 1.0691269452781906 
80 97 3 0 16 15 14.142135623730951 14.0 1.070020900787279 
79 91 4 0 17 15 14.142135623730951 12.165525060596439 1.0758369836336317 
75 89 4 0 16 16 14.142135623730951 12.165525060596439 1.0745340510899384 
73 87 4 0 14 15 14.142135623730951 12.165525060596439 1.0770396279537975 
71 85 4 0 15 16 14.142135623730951 12.165525060596439 1.0729399029583093 
69 81 4 0 13 15 14.142135623730951 12.165525060596439 1.0619814341386382 
68 79 4 1 18 18 14.142135623730951 12.165525060596439 1.0523200223510816 
62 75 5 2 12 15 14.142135623730951 10.0 1.0511623926211502 
61 74 5 2 12 14 13.341664064126334 10.0 1.0526419099782707 
60 73 5 2 12 14 13.038404810405298 10.770329614269007 1.0510624445929808 
58 71 5 2 12 13 12.165525060596439 10.198039027185569 1.0532703400911705 
56 70 5 2 14 13 11.40175425099138 10.0 1.0605500029622836 
50 69 5 2 13 12 10.770329614269007 10.0 1.0640727841328261 
46 68 5 2 11 11 10.770329614269007 10.0 1.0744795660531046 
45 67 6 2 13 11 10.770329614269007 10.0 1.0659015257667515 
41 66 6 3 9 12 10.770329614269007 10.0 1.0649513259141161 
40 65 6 3 9 11 9.486832980505138 10.0 1.0657993599733295 
39 64 6 3 9 11 8.246211251235321 10.0 1.0528186190659385 
38 63 6 4 9 12 7.0710678118654755 10.0 1.0500773593920352 
37 62 6 4 11 10 6.0 10.0 1.0681836363119381 
31 61 7 4 6 10 7.0710678118654755 10.0 1.067947377349365 
30 59 7 4 6 10 5.0990195135927845 10.0 1.0672054736639545 
29 58 7 4 5 10 4.47213595499958 9.055385138137417 1.0685204387315654 
27 56 7 4 5 10 5.830951894845301 10.0 1.0698374798606038 
26 54 7 4 5 11 4.47213595499958 10.0 1.0680577377948115 
25 52 7 4 6 10 2.0 10.0 1.07848775346875 
23 50 8 4 3 10 2.0 10.0 1.0891375679787563 
22 48 9 4 2 11 2.0 10.0 1.0864309420736966 
21 46 9 4 1 10 1.4142135623730951 10.0 1 
