140 138 0 0 14 17 16.0 16.0 1.005006841472557 
138 134 0 0 17 16 14.142135623730951 13.038404810405298 1.042291022050115 
134 132 0 0 16 21 15.033296378372908 15.033296378372908 1.047385959293651 
132 128 0 0 21 22 15.033296378372908 15.033296378372908 1.0513749673656518 
128 124 0 0 22 22 15.033296378372908 15.033296378372908 1.0412557944431062 
124 118 0 0 24 20 15.033296378372908 15.033296378372908 1.09633756209401 
116 117 0 0 20 27 15.033296378372908 15.033296378372908 1.1216171140322626 
112 116 1 0 18 29 13.341664064126334 15.033296378372908 1.0329633119911172 
111 102 1 1 28 22 14.0 13.038404810405298 0.9865778371147832 
110 98 1 2 31 17 14.142135623730951 14.142135623730951 1.034944047587138 
108 97 1 2 30 27 13.038404810405298 13.341664064126334 0.957538568690019 
98 85 1 3 19 17 13.038404810405298 13.038404810405298 0.9916907789270452 
97 84 1 3 30 22 13.038404810405298 13.038404810405298 0.9619325610885278 
91 76 1 3 19 18 13.038404810405298 13.038404810405298 0.9718578381856163 
90 74 2 3 25 19 13.038404810405298 12.165525060596439 1.0052666282088925 
86 73 3 3 18 24 13.038404810405298 12.165525060596439 1.0323719841666614 
80 72 3 3 22 25 13.038404810405298 12.165525060596439 1.0249115224291316 
74 66 3 3 19 23 13.038404810405298 12.165525060596439 0.9579525054084058 
72 58 4 4 22 15 13.038404810405298 12.165525060596439 0.9727104750755724 
70 57 4 4 18 18 13.038404810405298 12.165525060596439 0.9120263854429951 
66 49 4 5 15 12 13.038404810405298 12.165525060596439 0.9017755644213746 
62 45 4 5 15 9 12.165525060596439 12.165525060596439 0.9035334169888093 
58 44 4 6 16 11 10.198039027185569 12.165525060596439 0.886170330084147 
57 43 4 7 25 10 10.198039027185569 12.165525060596439 0.8979399208501795 
51 42 4 7 15 11 10.198039027185569 11.40175425099138 0.9153801966576476 
47 41 5 7 11 12 10.198039027185569 11.40175425099138 0.9253387439805258 
45 40 5 7 12 13 10.198039027185569 11.40175425099138 0.9029827175598167 
41 38 5 7 11 7 10.198039027185569 10.770329614269007 0.9033023204762983 
40 37 6 7 10 7 10.198039027185569 9.486832980505138 0.9072218989059903 
38 36 6 7 8 8 9.055385138137417 8.246211251235321 0.9029264266112562 
36 35 6 7 8 7 9.055385138137417 7.0710678118654755 0.9029427656465437 
34 34 6 7 6 7 9.055385138137417 6.324555320336759 0.9176913654466008 
33 33 7 7 7 9 9.055385138137417 6.0 0.9115953219954316 
32 31 7 7 7 8 8.246211251235321 6.0 0.8638749733013151 
31 27 7 8 7 4 7.0710678118654755 5.830951894845301 0.8608769193915823 
30 26 7 8 7 4 6.0 4.47213595499958 0.8579100838231811 
29 25 7 8 7 4 5.0990195135927845 3.1622776601683795 0.8564940822076165 
28 23 7 8 8 4 4.0 2.8284271247461903 0.8255707550970074 
24 21 8 9 4 1 4.47213595499958 1.4142135623730951 -1 
