140 138 0 0 14 17 16.0 16.0 0.97775638758304 
138 134 0 0 17 16 14.142135623730951 13.038404810405298 0.9997613595751655 
134 132 0 0 16 21 15.033296378372908 15.033296378372908 1.002553652112042 
132 128 0 0 21 22 15.033296378372908 15.033296378372908 1.005466249081978 
128 124 0 0 22 22 15.033296378372908 15.033296378372908 1.0001774554059537 
124 118 0 0 24 20 15.033296378372908 15.033296378372908 1.0186793203163529 
116 116 0 0 20 22 15.033296378372908 15.033296378372908 1.0263715696454143 
115 106 1 0 22 27 15.033296378372908 15.033296378372908 0.9947798471518207 
111 100 1 1 22 22 15.033296378372908 15.033296378372908 0.9806685480236992 
103 96 2 2 17 18 15.033296378372908 13.038404810405298 0.9912354834165586 
102 94 2 2 25 21 15.033296378372908 13.038404810405298 0.9730240958578465 
92 86 2 3 21 17 15.033296378372908 14.142135623730951 1.0039491332821942 
91 85 2 3 24 28 15.033296378372908 14.142135623730951 0.9942120449388504 
83 75 2 3 17 25 15.033296378372908 14.142135623730951 0.985592215685036 
77 73 2 3 21 17 15.033296378372908 14.142135623730951 1.0078569429993056 
75 72 2 3 23 24 15.033296378372908 14.142135623730951 0.9781823247845438 
69 64 3 4 17 17 14.142135623730951 14.142135623730951 0.9895773285676193 
68 62 3 4 26 20 13.341664064126334 14.142135623730951 0.9653464021520822 
62 56 3 5 20 17 12.649110640673518 14.142135623730951 0.954165088902873 
60 54 3 5 16 13 12.649110640673518 14.142135623730951 0.9412996134685294 
58 53 3 6 14 14 12.649110640673518 14.142135623730951 0.9563275535858144 
57 52 3 6 20 19 12.649110640673518 13.341664064126334 0.9405927735614222 
55 48 3 6 16 15 12.165525060596439 12.649110640673518 0.9481760099245777 
51 46 4 6 13 13 12.165525060596439 12.649110640673518 0.9423198495611208 
50 44 5 6 14 9 12.165525060596439 11.045361017187261 0.9422935564841355 
48 43 5 6 11 9 11.045361017187261 10.0 0.9429136580292852 
46 42 5 6 10 9 11.045361017187261 9.055385138137417 0.9552581933764288 
44 40 6 6 9 11 11.045361017187261 8.0 0.934991399626423 
43 34 6 6 8 7 10.0 7.0710678118654755 0.9208644448045277 
41 33 6 7 8 7 9.055385138137417 7.0710678118654755 0.9253284713380006 
39 32 6 7 8 8 8.246211251235321 6.324555320336759 0.9119392144362342 
37 28 6 7 8 4 7.615773105863909 5.830951894845301 0.9114598509831913 
35 27 6 7 6 4 7.211102550927978 4.47213595499958 0.9106077249646105 
34 26 6 7 7 4 5.830951894845301 3.1622776601683795 0.9138443422710497 
33 25 6 7 7 5 5.830951894845301 3.1622776601683795 0.8898385497782151 
32 23 6 8 8 3 5.830951894845301 2.8284271247461903 0.8786959628079829 
30 22 7 9 3 2 5.830951894845301 2.8284271247461903 0.8734558021094665 
29 21 7 9 2 1 5.830951894845301 1.4142135623730951 -1 
