140 140 0 0 14 14 16.0 16.0 1.015998519163365 
138 138 0 0 17 17 16.0 14.142135623730951 1.0190933126747017 
134 134 0 0 16 16 13.038404810405298 15.033296378372908 1.0470360752796297 
132 132 0 0 21 21 15.033296378372908 15.033296378372908 1.0559004891272181 
128 128 0 0 22 22 15.033296378372908 15.033296378372908 1.0685524008834304 
124 124 0 0 22 24 15.033296378372908 15.033296378372908 1.0473327826066943 
118 116 0 0 20 20 15.033296378372908 15.033296378372908 1.0092003638742595 
117 112 0 1 27 18 15.033296378372908 13.341664064126334 1.060871941689519 
116 111 0 1 29 28 15.033296378372908 14.0 1.123671816393766 
102 110 1 1 22 31 13.038404810405298 14.142135623730951 1.1236305367733832 
98 108 2 1 17 30 14.142135623730951 13.038404810405298 1.0571810864905251 
97 98 2 1 27 19 13.341664064126334 13.038404810405298 1.145649528801579 
85 97 3 1 17 30 13.038404810405298 13.038404810405298 1.0853577806516652 
84 91 3 1 22 19 13.038404810405298 13.038404810405298 1.1136208404489436 
76 90 3 2 17 25 13.038404810405298 13.038404810405298 1.0567958121210665 
74 86 3 3 18 18 12.165525060596439 13.038404810405298 1.0620537857741943 
73 80 3 3 23 21 12.165525060596439 13.038404810405298 1.0347458961251934 
72 74 3 3 23 18 12.165525060596439 13.038404810405298 1.0415525670220502 
66 72 3 4 21 21 12.165525060596439 13.038404810405298 1.0641874751412368 
58 71 4 4 13 21 12.165525060596439 12.649110640673518 1.0698332531699681 
57 70 5 4 13 21 12.165525060596439 12.649110640673518 1.0461318037154281 
53 66 5 4 9 16 12.165525060596439 12.649110640673518 0.999910991635791 
52 62 5 5 10 12 11.045361017187261 12.649110640673518 0.9859505026048071 
51 60 5 5 9 10 10.770329614269007 12.083045973594572 0.988338905550838 
50 59 5 5 10 11 10.198039027185569 10.770329614269007 0.9851433481233621 
48 57 5 5 12 10 10.198039027185569 10.198039027185569 0.991380513530705 
44 55 5 5 9 10 10.198039027185569 10.198039027185569 0.9973167473580783 
43 53 5 5 12 11 9.486832980505138 10.198039027185569 1.009221628403595 
39 51 5 5 9 12 8.246211251235321 10.198039027185569 1.0038570761385257 
38 49 5 5 10 12 8.246211251235321 8.94427190999916 1.0008187860447686 
36 47 5 5 10 11 8.246211251235321 8.94427190999916 1.011918762399881 
32 45 6 5 6 11 7.0710678118654755 8.94427190999916 1.0091711049379142 
31 43 7 5 5 10 7.0710678118654755 8.94427190999916 1.0189228853303214 
30 41 7 5 7 12 6.324555320336759 8.94427190999916 1.0067482260980138 
29 39 7 5 5 10 5.0990195135927845 8.94427190999916 1.011782949722194 
27 37 7 5 3 11 4.47213595499958 8.94427190999916 0.9751700575166236 
26 35 7 6 4 8 4.242640687119285 8.94427190999916 0.9421623442707087 
25 33 7 7 4 6 4.242640687119285 8.94427190999916 0.9240389628680983 
23 32 8 8 3 5 4.47213595499958 8.94427190999916 0.9240561991586632 
21 31 9 8 0 5 7.0710678118654755 7.615773105863909 0.9199530029491781 
21 30 9 8 0 5 3.1622776601683795 6.324555320336759 0.9152512790353788 
21 29 9 8 1 5 1.4142135623730951 5.0990195135927845 1 
