140 140 0 0 14 14 16.0 16.0 1.0024926446549745 
138 138 0 0 17 17 16.0 14.142135623730951 1.0040127771050336 
134 134 0 0 16 16 13.341664064126334 15.033296378372908 1.003921330368504 
132 132 0 0 16 16 15.033296378372908 15.033296378372908 1.0044679490028732 
130 130 0 0 16 16 15.033296378372908 15.033296378372908 1.0050145676372424 
128 128 0 0 16 16 15.033296378372908 15.033296378372908 1.0056963984558704 
126 126 0 0 13 16 15.033296378372908 15.033296378372908 1.0061528756340672 
124 124 0 0 15 16 15.033296378372908 15.033296378372908 1.0067445649965225 
122 122 0 0 14 16 15.033296378372908 15.033296378372908 1.0072461129028056 
120 120 0 0 15 16 15.033296378372908 15.033296378372908 1.0042737059606566 
118 118 0 0 16 14 15.033296378372908 15.033296378372908 1.0082942794434575 
116 116 0 0 16 16 15.033296378372908 15.033296378372908 1.0088408980778267 
114 114 0 0 16 16 15.033296378372908 15.033296378372908 1.009387516712196 
112 112 0 0 16 16 15.033296378372908 15.033296378372908 1.0099341353465652 
110 110 0 0 16 16 15.033296378372908 15.033296378372908 1.0094463750522482 
108 106 0 0 16 17 15.033296378372908 15.033296378372908 1.0233683509292957 
102 104 1 0 16 15 15.033296378372908 15.033296378372908 1.0256519469878809 
100 102 1 0 16 16 15.033296378372908 15.033296378372908 1.0261985656222499 
98 100 1 0 16 16 15.033296378372908 15.033296378372908 1.025710805327933 
96 96 1 0 16 17 15.033296378372908 15.033296378372908 1.0262123532342158 
94 94 1 0 17 17 15.033296378372908 15.033296378372908 1.0283399694316404 
90 92 1 0 17 16 15.033296378372908 15.033296378372908 1.038964737998318 
88 90 2 0 20 16 15.033296378372908 15.033296378372908 1.048065731255619 
87 88 3 0 20 16 15.033296378372908 15.033296378372908 1.040103673946367 
83 86 3 1 19 18 15.033296378372908 15.033296378372908 1.0134667181059747 
81 82 3 2 19 14 15.033296378372908 13.341664064126334 1.005209871300947 
80 76 3 2 16 13 15.033296378372908 13.341664064126334 1.0040975024416805 
79 74 3 2 16 13 15.033296378372908 13.341664064126334 1.0029851335824138 
78 72 3 2 16 13 15.033296378372908 13.341664064126334 1.0002259287551043 
77 70 3 2 14 12 15.033296378372908 13.341664064126334 0.9761083857028138 
76 64 3 3 14 11 15.033296378372908 13.038404810405298 0.9801123967653569 
74 63 3 3 15 12 15.033296378372908 13.341664064126334 0.9758707505221094 
73 61 3 3 16 10 14.0 13.341664064126334 0.9747004703215262 
72 60 3 3 15 9 13.341664064126334 13.341664064126334 0.9799507421196179 
68 59 3 3 15 9 13.341664064126334 13.341664064126334 0.9802362029623948 
66 58 3 3 13 8 13.341664064126334 13.341664064126334 0.9906327329399741 
65 57 4 3 15 8 13.341664064126334 13.341664064126334 0.9909181937827513 
63 56 4 3 13 7 13.341664064126334 13.341664064126334 0.9916351299822055 
62 55 4 3 13 7 12.165525060596439 13.341664064126334 0.9905678318510254 
61 53 4 3 12 7 12.165525060596439 13.341664064126334 1.001360731804456 
60 51 5 3 13 8 12.165525060596439 13.341664064126334 0.9867279963331812 
58 49 5 4 10 8 12.083045973594572 13.341664064126334 0.9654954929385408 
57 47 5 5 9 5 11.045361017187261 13.341664064126334 0.9609191658544654 
56 43 5 5 9 6 11.045361017187261 11.40175425099138 0.9689101249163756 
55 42 6 5 12 6 12.649110640673518 10.0 0.9699222183899157 
53 41 6 5 7 6 11.045361017187261 8.602325267042627 0.968453134383204 
52 40 6 5 7 6 11.045361017187261 7.211102550927978 0.9669979172313515 
51 39 6 5 7 6 11.045361017187261 5.830951894845301 0.9680135282521357 
49 38 6 5 7 6 11.045361017187261 5.0990195135927845 0.9682868375693202 
48 37 6 5 7 6 11.045361017187261 5.0990195135927845 0.9718452026712823 
44 36 6 5 6 5 11.045361017187261 5.0990195135927845 0.95918242030406 
42 35 6 6 6 5 9.055385138137417 5.0990195135927845 0.9644119162618927 
41 33 6 6 6 7 8.0 7.0710678118654755 0.9635176353374687 
40 32 6 6 6 8 7.0710678118654755 4.47213595499958 0.9388240872488612 
39 28 6 7 6 4 7.0710678118654755 5.656854249492381 0.9377101196599953 
38 27 6 7 6 5 7.0710678118654755 3.1622776601683795 0.9328175674326185 
37 26 6 7 5 2 7.0710678118654755 3.1622776601683795 0.9346961967998128 
36 25 6 7 5 1 7.0710678118654755 5.830951894845301 0.9196689003376732 
35 24 6 8 4 1 7.0710678118654755 5.830951894845301 0.9165034257588476 
34 23 6 8 4 0 7.0710678118654755 4.47213595499958 0.9280992118705443 
33 23 7 8 3 1 7.0710678118654755 2.8284271247461903 0.9266013336984072 
32 22 7 8 3 1 7.0710678118654755 1.4142135623730951 0.9148109040736455 
31 21 7 9 3 0 6.0 5.0990195135927845 0.9135919491696086 
30 21 7 9 3 1 6.0 1.4142135623730951 -1 
