140 138 0 0 14 17 16.0 16.0 1.0451417388477606 
138 134 0 0 17 16 14.142135623730951 13.038404810405298 1.0479428223909255 
134 132 0 0 16 16 15.033296378372908 15.033296378372908 1.0474821019130778 
132 130 0 0 16 16 15.033296378372908 15.033296378372908 1.04702138143523 
130 128 0 0 16 16 15.033296378372908 15.033296378372908 1.0441249535583768 
128 126 0 0 16 14 15.033296378372908 15.033296378372908 1.0466663043694728 
126 124 0 0 14 16 15.033296378372908 15.033296378372908 1.0468570737011895 
124 122 0 0 16 17 15.033296378372908 15.033296378372908 1.0463963532233418 
122 120 0 0 16 17 15.033296378372908 15.033296378372908 1.045935632745494 
120 118 0 0 16 17 15.033296378372908 15.033296378372908 1.0448234224580817 
118 116 0 0 14 16 15.033296378372908 15.033296378372908 1.043796338090296 
116 114 0 0 16 16 15.033296378372908 15.033296378372908 1.0433356176124482 
114 112 0 0 16 16 15.033296378372908 15.033296378372908 1.0428748971346005 
112 110 0 0 16 16 15.033296378372908 15.033296378372908 1.042414176656753 
110 108 0 0 16 16 15.033296378372908 15.033296378372908 1.043171309878408 
108 106 0 0 16 17 15.033296378372908 15.033296378372908 1.0399996202589699 
106 102 0 0 17 17 15.033296378372908 15.033296378372908 1.0398220817260913 
104 100 0 0 16 17 15.033296378372908 15.033296378372908 1.0390781793032744 
102 98 0 0 17 17 15.033296378372908 15.033296378372908 1.038439920292548 
98 94 0 0 16 17 15.033296378372908 15.033296378372908 1.02194330202555 
96 92 0 1 16 15 15.033296378372908 15.033296378372908 1.0120983560448114 
94 91 0 2 14 17 15.033296378372908 15.033296378372908 1.0067741409713369 
92 87 0 2 14 15 15.033296378372908 15.033296378372908 1.0063134204934892 
90 85 0 2 14 15 15.033296378372908 15.033296378372908 1.0179746382371155 
88 83 1 2 12 15 15.033296378372908 15.033296378372908 1.0265809629857527 
87 82 2 2 13 13 15.033296378372908 15.033296378372908 1.0248569222481065 
86 80 2 2 10 13 15.033296378372908 13.341664064126334 1.0236638808070018 
85 78 2 2 11 13 15.033296378372908 14.142135623730951 1.023189556667217 
83 76 2 2 12 14 14.0 12.165525060596439 1.0227911974977015 
81 74 2 2 13 14 13.038404810405298 12.165525060596439 1.0038667920340825 
79 70 2 3 13 12 13.038404810405298 12.165525060596439 0.9882013399637133 
78 68 2 4 12 11 12.165525060596439 12.165525060596439 0.9843302163347948 
77 66 2 4 13 9 11.045361017187261 12.0 0.9831651843413375 
76 65 2 4 12 8 11.045361017187261 12.0 0.9835224859368281 
75 64 2 4 11 8 10.198039027185569 12.0 0.9837092951673528 
73 63 2 4 13 8 10.198039027185569 12.0 0.9840492589195591 
72 61 2 4 11 9 10.198039027185569 12.0 0.9801772178857036 
71 57 2 4 11 9 10.198039027185569 12.0 0.9675645209561375 
70 56 2 5 11 10 10.198039027185569 12.0 0.9661163070177111 
69 55 2 5 11 9 10.198039027185569 12.0 0.9644413822287128 
68 54 2 5 11 8 9.055385138137417 11.045361017187261 0.9629931682902862 
67 53 2 5 11 7 9.055385138137417 11.045361017187261 0.9630459899963314 
66 52 2 5 10 7 9.055385138137417 11.045361017187261 0.9621576752066137 
65 51 2 5 10 7 8.94427190999916 10.0 0.9621781587256879 
64 50 2 5 10 7 8.246211251235321 10.0 0.9616003561070581 
63 49 2 5 9 7 8.246211251235321 9.055385138137417 0.9610868139231651 
62 48 2 5 10 7 8.246211251235321 9.055385138137417 0.9473051248989494 
60 47 2 6 9 6 8.246211251235321 9.055385138137417 0.9477751160744432 
58 46 2 6 10 6 8.246211251235321 9.055385138137417 0.9600838635264417 
56 45 3 6 10 6 8.246211251235321 9.055385138137417 0.9723184318528659 
54 44 4 6 10 6 8.246211251235321 8.94427190999916 0.9746477076818202 
52 43 4 6 8 7 7.0710678118654755 8.0 0.9744662090477494 
50 42 4 6 7 6 7.0710678118654755 8.0 0.9609188403636498 
49 41 4 7 6 6 7.0710678118654755 8.0 0.959214116777303 
48 40 4 7 6 5 7.0710678118654755 7.615773105863909 0.9586201116053558 
47 39 4 7 6 5 7.0710678118654755 7.0710678118654755 0.9702285076429369 
46 38 5 7 5 5 7.0710678118654755 7.0710678118654755 0.970431432916458 
44 37 5 7 5 5 8.602325267042627 7.0710678118654755 0.970752743742371 
42 36 5 7 4 5 8.602325267042627 6.0 0.9709395529728957 
40 35 5 7 6 5 8.602325267042627 6.0 0.9714095441483894 
38 34 5 7 7 5 8.602325267042627 6.0 0.9825004379008849 
36 33 6 7 7 4 8.602325267042627 6.0 0.9949094193863527 
34 32 7 7 5 4 9.899494936611665 6.0 0.9798610150577813 
33 31 7 8 5 3 9.899494936611665 6.0 0.9811316904633292 
32 30 7 8 4 4 9.899494936611665 6.0 0.9915722285696166 
31 29 8 8 5 4 9.899494936611665 5.0990195135927845 0.9909153854278644 
30 28 8 8 4 3 8.48528137423857 5.0990195135927845 0.9904595092615389 
29 27 8 8 4 3 7.0710678118654755 4.0 0.991720871233707 
27 26 8 8 4 3 5.656854249492381 4.0 0.9917643795063723 
25 25 8 8 4 2 4.242640687119285 4.0 0.9927496604835004 
23 24 8 8 3 2 2.8284271247461903 3.1622776601683795 1.005012050775543 
21 23 9 8 0 2 3.1622776601683795 2.0 1.0049941810984453 
21 22 9 8 1 1 1.4142135623730951 5.0990195135927845 1 
