140 138 0 0 14 17 16.0 16.0 0.9868112406528619 
138 134 0 0 17 16 14.142135623730951 13.038404810405298 0.9999270395475969 
136 132 0 0 22 21 16.0 13.038404810405298 1.0054948735288551 
132 128 0 0 27 22 16.0 13.038404810405298 1.011009835989758 
128 124 0 0 26 22 15.033296378372908 15.033296378372908 1.0163046650934897 
124 120 0 0 30 23 15.033296378372908 15.033296378372908 0.9821327248134596 
120 112 0 1 26 18 15.033296378372908 15.033296378372908 0.974883086564374 
118 108 0 1 25 16 15.033296378372908 15.033296378372908 0.984628388931313 
112 106 0 1 18 17 15.033296378372908 15.033296378372908 0.9842870785540325 
111 104 0 1 21 17 15.033296378372908 15.033296378372908 0.9955841301023775 
105 102 0 1 18 18 14.0 15.033296378372908 1.0040515238440422 
103 100 0 1 20 21 14.0 15.033296378372908 0.9737601101644504 
101 92 0 2 20 19 14.0 15.033296378372908 0.9758758436849093 
100 90 0 2 32 19 14.0 15.033296378372908 1.0073830859918305 
94 89 0 2 22 29 14.0 15.033296378372908 0.9508652207984902 
90 79 0 3 22 16 14.0 14.142135623730951 0.9330673749343376 
86 75 0 4 20 15 14.0 14.142135623730951 0.9480003561919291 
82 73 1 4 23 15 14.0 14.142135623730951 0.9623844995680549 
78 71 2 4 21 15 12.165525060596439 14.142135623730951 0.9630867666850015 
74 69 2 4 20 13 11.045361017187261 14.142135623730951 0.9723641752833729 
72 68 2 4 19 16 11.045361017187261 14.142135623730951 0.9743121608503411 
70 66 3 4 18 13 12.649110640673518 14.142135623730951 0.9870630753878523 
68 65 4 4 19 14 12.649110640673518 13.341664064126334 0.9816053351626016 
66 63 4 4 18 13 12.165525060596439 11.045361017187261 0.9891007618401069 
64 62 4 4 19 15 12.165525060596439 11.045361017187261 0.9814637328265128 
62 58 4 4 22 13 12.165525060596439 10.198039027185569 0.9862305842934836 
58 57 4 4 22 13 12.165525060596439 9.055385138137417 0.9942144371676336 
54 55 4 4 18 13 12.165525060596439 11.313708498984761 0.9968151538342584 
52 54 4 4 18 14 12.165525060596439 10.0 1.0045835853892902 
50 53 4 4 20 16 12.165525060596439 10.0 1.014731531073223 
46 51 5 4 14 15 12.165525060596439 10.0 1.0303890328468812 
44 50 6 4 12 17 12.165525060596439 10.0 1.0451937725935119 
43 48 7 4 12 20 12.165525060596439 10.0 1.02109784068852 
41 44 7 5 9 18 11.045361017187261 10.0 0.9863779417109199 
40 40 7 6 9 12 10.0 10.0 0.9762135984325218 
39 38 7 6 9 9 9.055385138137417 8.602325267042627 0.9755228307276183 
38 36 7 6 9 9 8.0 8.602325267042627 0.9716477879396712 
37 35 7 6 9 8 7.0710678118654755 7.211102550927978 0.9721164924190977 
36 34 7 6 9 8 7.0710678118654755 7.211102550927978 0.9511305511957989 
35 33 7 7 9 6 7.0710678118654755 7.211102550927978 0.9515992556752254 
34 32 7 7 9 6 7.0710678118654755 7.211102550927978 0.9501347745534899 
33 31 7 7 9 6 6.0 5.830951894845301 0.9506034790329166 
32 30 7 7 9 6 6.0 5.830951894845301 0.9300183980773327 
31 29 7 8 9 4 5.0990195135927845 5.830951894845301 0.9316039375718729 
30 28 7 8 14 4 5.656854249492381 5.830951894845301 0.9433175240007704 
26 27 8 8 6 4 4.47213595499958 4.47213595499958 0.9443690048606579 
25 26 8 8 6 4 3.1622776601683795 4.47213595499958 0.9425507182758504 
24 25 8 8 6 4 3.1622776601683795 3.1622776601683795 0.950095458886236 
22 24 9 8 2 3 4.47213595499958 3.1622776601683795 0.9314742759642647 
21 23 9 9 0 2 3.1622776601683795 3.1622776601683795 0.9288666746272162 
21 22 9 9 1 2 1.4142135623730951 2.0 1 
