140 138 0 0 14 17 16.0 16.0 1.0612545206599815 
138 136 0 0 17 22 14.0 14.142135623730951 1.0938835874832227 
134 132 0 0 16 27 13.038404810405298 16.0 1.0941776526415812 
132 128 0 0 21 27 13.038404810405298 16.0 1.0991283084398258 
128 124 0 0 22 28 13.038404810405298 15.033296378372908 1.1208701017269769 
124 120 0 0 24 32 15.033296378372908 15.033296378372908 1.0993020224802588 
112 112 1 0 19 23 13.038404810405298 15.033296378372908 1.060446962188685 
111 106 1 1 28 22 13.038404810405298 13.038404810405298 1.0966181191295303 
110 104 1 1 30 29 13.038404810405298 14.0 1.0272094942900776 
98 92 2 2 18 19 14.0 14.0 1.0651127589696914 
94 91 2 2 16 25 14.0 14.0 0.982116424396267 
92 81 2 3 19 16 13.038404810405298 14.0 0.9800103886628979 
86 80 2 4 15 17 12.649110640673518 14.0 0.9845468887825033 
85 78 2 4 22 17 12.649110640673518 14.0 0.978252627747436 
77 74 2 4 15 15 12.649110640673518 12.0 1.0084969429785013 
73 72 3 4 18 18 12.649110640673518 12.0 1.0124499210239701 
67 68 4 4 17 16 12.649110640673518 12.0 1.0267978460206069 
63 64 4 4 14 20 12.649110640673518 10.770329614269007 0.9704565171605669 
61 56 5 5 15 15 12.649110640673518 10.770329614269007 0.991280140611334 
60 55 5 5 19 19 12.649110640673518 10.0 0.9675896339502444 
54 49 5 5 15 14 12.649110640673518 10.0 0.9499878352994656 
53 48 6 6 14 14 12.649110640673518 10.0 0.9506225864942477 
52 46 6 6 17 14 12.649110640673518 10.0 0.9316906679606006 
51 44 6 6 14 11 12.083045973594572 10.0 0.9112177021366571 
50 42 6 6 15 8 10.770329614269007 8.246211251235321 0.9292039049986873 
48 41 6 6 14 11 10.198039027185569 8.246211251235321 0.9257501221627621 
42 37 6 6 15 8 10.198039027185569 8.246211251235321 0.8900171160369994 
41 35 7 7 13 5 10.198039027185569 8.246211251235321 0.8650423262444185 
40 34 7 8 13 4 9.055385138137417 8.246211251235321 0.873689620050037 
39 33 7 8 13 6 8.246211251235321 7.615773105863909 0.8597296106566058 
37 29 7 8 10 4 8.246211251235321 8.48528137423857 0.8669125279463996 
35 28 7 8 6 5 6.324555320336759 8.602325267042627 0.8615759980939955 
33 27 7 8 6 4 6.324555320336759 7.211102550927978 0.8522988831122383 
32 25 7 8 6 2 5.0990195135927845 7.615773105863909 0.8586577599634247 
31 24 7 8 6 3 4.0 7.615773105863909 0.8348023834567166 
29 23 7 9 6 2 5.656854249492381 7.615773105863909 0.8331630852455235 
28 22 7 9 6 2 3.1622776601683795 6.324555320336759 0.8236650567040552 
26 21 7 9 6 0 3.1622776601683795 5.0990195135927845 0.8225295456989836 
24 21 8 9 2 1 4.242640687119285 1.4142135623730951 -1 
