140 138 0 0 14 17 16.0 16.0 1.0137726009704229 
138 136 0 0 17 18 14.0 14.0 1.0103624491214545 
136 132 0 0 18 18 14.142135623730951 13.341664064126334 1.0135455539698122 
132 130 0 0 18 17 15.033296378372908 15.033296378372908 1.0139601154366416 
130 128 0 0 17 17 15.033296378372908 15.033296378372908 1.014215284596783 
128 126 0 0 17 17 15.033296378372908 15.033296378372908 1.0144704537569245 
126 124 0 0 17 17 15.033296378372908 15.033296378372908 1.0116630752756446 
124 122 0 0 17 15 15.033296378372908 15.033296378372908 1.0137683028698727 
122 120 0 0 15 16 15.033296378372908 15.033296378372908 1.0153953535440365 
120 118 0 0 16 17 15.033296378372908 15.033296378372908 1.0170224042182003 
118 116 0 0 17 18 15.033296378372908 15.033296378372908 1.0171181810716536 
116 114 0 0 18 18 15.033296378372908 15.033296378372908 1.014310802590374 
114 112 0 0 18 16 15.033296378372908 15.033296378372908 1.0147253640572034 
112 110 0 0 17 16 15.033296378372908 15.033296378372908 1.0149805332173447 
110 108 0 0 17 16 15.033296378372908 15.033296378372908 1.0140232131701516 
108 106 0 0 15 15 15.033296378372908 15.033296378372908 1.014278382330293 
106 104 0 0 15 15 15.033296378372908 15.033296378372908 1.0118705999793807 
102 98 0 0 16 15 15.033296378372908 15.033296378372908 0.9989970810002765 
100 97 0 1 15 15 15.033296378372908 15.033296378372908 0.9966529141025992 
98 93 0 1 14 15 15.033296378372908 15.033296378372908 0.9950655074968844 
96 92 0 1 15 13 15.033296378372908 15.033296378372908 0.9965406485325913 
94 91 0 1 16 13 15.033296378372908 15.033296378372908 1.0013409890380918 
90 89 0 1 16 14 15.033296378372908 15.033296378372908 1.0037291920156843 
88 88 0 1 16 14 13.038404810405298 15.033296378372908 1.0030530809555325 
86 87 0 1 15 13 13.038404810405298 14.142135623730951 1.0157739417860316 
84 86 1 1 13 13 13.038404810405298 14.142135623730951 1.024828675190607 
83 85 2 1 14 12 13.038404810405298 14.0 1.0267745104781472 
81 83 2 1 13 13 13.038404810405298 14.0 1.0247501707264521 
80 82 2 1 13 12 12.0 13.038404810405298 1.0271408903881714 
78 81 2 1 11 13 12.0 12.0 1.0252663918834466 
77 80 2 1 10 12 12.0 11.40175425099138 1.0264227483057768 
75 79 2 1 13 12 12.0 11.40175425099138 1.0211569483134535 
71 78 2 2 12 15 12.0 11.40175425099138 1.0187345573072422 
70 76 2 2 12 14 11.045361017187261 11.40175425099138 1.0209402625295956 
69 74 2 2 12 16 10.0 11.40175425099138 1.0034972471467463 
68 73 2 3 11 14 10.0 11.40175425099138 1.0037524163068876 
66 71 2 3 11 14 10.0 11.40175425099138 0.9909413130785868 
65 70 2 4 12 15 9.055385138137417 11.40175425099138 0.9904033947716934 
63 69 2 4 15 14 9.486832980505138 11.40175425099138 1.0074047388462726 
57 68 3 4 12 13 9.486832980505138 11.045361017187261 1.0091986644953554 
55 67 3 4 11 13 9.486832980505138 11.045361017187261 1.0156659769566938 
54 63 4 4 11 13 9.486832980505138 10.770329614269007 1.0146008981104695 
53 62 4 4 10 13 9.486832980505138 9.486832980505138 1.0162010987407566 
52 60 4 4 10 14 8.246211251235321 10.295630140987 1.0149249940801872 
50 58 4 4 10 13 8.246211251235321 10.295630140987 1.0139919990913808 
49 56 4 4 8 13 8.246211251235321 10.295630140987 1.012740219489198 
48 54 4 4 8 13 8.246211251235321 10.295630140987 1.0084258922455938 
47 52 4 4 8 11 8.246211251235321 10.295630140987 0.9954173060181883 
46 51 4 5 8 12 8.246211251235321 10.295630140987 0.992268187474771 
45 49 4 5 8 10 8.246211251235321 11.40175425099138 1.0031389898711836 
43 48 5 5 8 9 8.246211251235321 11.40175425099138 1.013011339003031 
41 47 6 5 5 8 8.246211251235321 10.0 1.0122110110253255 
40 46 6 5 4 7 7.0710678118654755 10.0 0.9961398771564985 
39 45 6 6 4 6 7.0710678118654755 10.0 0.9983552944007379 
38 43 6 6 4 8 6.0 10.0 0.992509693336423 
37 41 6 6 4 5 6.0 10.0 0.9940437754372811 
35 40 6 6 5 6 6.0 8.602325267042627 0.9926400861966412 
34 39 6 6 5 5 6.0 8.602325267042627 0.993108061024189 
33 38 6 6 5 5 5.0990195135927845 8.602325267042627 0.9902388356849752 
32 37 6 6 5 4 5.0990195135927845 7.211102550927978 0.99187336902737 
30 36 6 6 5 4 5.0990195135927845 7.211102550927978 1.0062029048845536 
28 35 7 6 3 6 5.0990195135927845 5.830951894845301 1.0036101447904484 
27 33 7 6 3 4 4.0 7.0710678118654755 1.0013029750066023 
26 31 7 6 2 3 3.1622776601683795 7.0710678118654755 0.9987952427235601 
25 30 7 6 3 1 2.0 7.211102550927978 0.9990822196103188 
24 29 7 6 2 1 2.0 7.211102550927978 1.0096643674631582 
23 28 8 6 2 1 2.8284271247461903 7.211102550927978 0.9930541888575499 
22 27 8 7 0 0 5.0990195135927845 7.211102550927978 0.9935205012176289 
22 27 8 7 1 1 3.1622776601683795 5.656854249492381 1.003085265958052 
21 26 9 7 0 1 3.1622776601683795 4.242640687119285 1.0038800799804168 
21 25 9 7 1 1 1.4142135623730951 5.830951894845301 1 
