140 138 0 0 14 17 16.0 16.0 0.9934355529371726 
138 134 0 0 17 16 14.142135623730951 13.341664064126334 1.0267734933602528 
134 132 0 0 16 21 15.033296378372908 15.033296378372908 1.0322374037662034 
132 128 0 0 21 22 15.033296378372908 15.033296378372908 1.0363962539764147 
128 124 0 0 22 22 15.033296378372908 15.033296378372908 1.0278872685447198 
124 118 0 0 24 20 15.033296378372908 15.033296378372908 1.0782198119491555 
116 117 0 0 20 27 15.033296378372908 15.033296378372908 1.102364334503589 
112 116 1 0 18 29 13.341664064126334 15.033296378372908 1.023100498101195 
111 102 1 1 28 22 14.0 13.341664064126334 0.9789500506044122 
110 98 1 2 31 17 14.0 14.0 1.023459578008474 
108 97 1 2 30 27 13.038404810405298 13.341664064126334 0.9517762108926305 
98 85 1 3 19 17 13.038404810405298 13.038404810405298 0.9841375358163256 
97 84 1 3 30 22 13.038404810405298 13.038404810405298 0.9523653274963605 
91 76 1 3 19 17 13.038404810405298 13.038404810405298 0.954831525861399 
90 72 2 3 26 17 13.038404810405298 12.165525060596439 0.93948726005245 
86 71 3 4 19 16 13.038404810405298 12.165525060596439 0.9833129158699082 
82 70 3 4 17 24 12.0 12.165525060596439 0.9637284185401795 
78 66 3 4 20 18 12.0 12.165525060596439 0.9595966210912531 
76 64 3 4 23 16 12.0 12.165525060596439 0.9723311486324425 
70 62 3 4 16 17 12.0 12.165525060596439 0.9739460573850166 
68 60 3 4 16 17 12.0 12.165525060596439 0.9576971956322785 
66 56 3 4 16 14 12.0 12.165525060596439 0.920230899654855 
64 52 3 5 14 11 12.0 12.649110640673518 0.8991316902674323 
62 51 3 6 14 10 12.165525060596439 12.649110640673518 0.8898028410169536 
61 49 3 6 15 8 12.165525060596439 12.649110640673518 0.8958062302566474 
60 48 3 6 16 9 12.165525060596439 12.649110640673518 0.8945924569890181 
59 47 3 6 18 9 12.165525060596439 11.40175425099138 0.9012266739649518 
55 46 4 6 12 9 12.649110640673518 10.198039027185569 0.9004846739713337 
54 44 5 6 11 9 12.649110640673518 9.055385138137417 0.8973539798565036 
52 42 5 6 9 9 12.083045973594572 8.0 0.8984185115772859 
51 40 5 6 9 9 10.770329614269007 8.602325267042627 0.8925263653808235 
50 36 5 6 9 9 9.486832980505138 8.602325267042627 0.8475771523664521 
49 30 5 7 10 6 9.486832980505138 8.48528137423857 0.8231904445771283 
48 29 5 8 9 5 8.246211251235321 8.48528137423857 0.8157750437604777 
47 28 5 8 10 4 8.94427190999916 7.0710678118654755 0.8290082940592652 
43 27 5 8 8 5 8.94427190999916 7.0710678118654755 0.8244896118435164 
41 26 5 8 8 4 8.94427190999916 5.656854249492381 0.857966872813047 
39 26 6 8 8 9 8.94427190999916 5.656854249492381 0.7999035516853376 
37 22 7 9 6 2 7.0710678118654755 2.8284271247461903 0.7927927497370413 
36 21 7 9 6 1 6.0 1.4142135623730951 -1 
