140 140 0 0 14 14 16.0 16.0 1.0404153998050611 
138 138 0 0 17 17 16.0 14.142135623730951 1.040630241116887 
134 134 0 0 16 16 13.038404810405298 15.033296378372908 1.0396292116703822 
132 132 0 0 16 16 15.033296378372908 15.033296378372908 1.0393650746329919 
130 130 0 0 16 16 15.033296378372908 15.033296378372908 1.0391009375956015 
128 128 0 0 16 16 15.033296378372908 15.033296378372908 1.0396432656072339 
126 126 0 0 13 16 15.033296378372908 15.033296378372908 1.0375450919747906 
124 124 0 0 15 15 15.033296378372908 15.033296378372908 1.0388461698494456 
122 122 0 0 14 16 15.033296378372908 15.033296378372908 1.0396096043580856 
120 120 0 0 15 17 15.033296378372908 15.033296378372908 1.0390766456376876 
118 118 0 0 16 17 15.033296378372908 15.033296378372908 1.0388125086002973 
116 116 0 0 16 17 15.033296378372908 15.033296378372908 1.038548371562907 
114 114 0 0 16 17 15.033296378372908 15.033296378372908 1.0395806277545545 
112 112 0 0 16 18 15.033296378372908 15.033296378372908 1.0377512758051188 
110 110 0 0 17 17 15.033296378372908 15.033296378372908 1.0409883347975268 
106 108 0 0 17 18 15.033296378372908 15.033296378372908 1.040993019443144 
104 106 0 0 16 18 15.033296378372908 15.033296378372908 1.0382599425676027 
102 102 0 0 16 18 15.033296378372908 15.033296378372908 1.0379958055302123 
100 100 0 0 16 18 15.033296378372908 15.033296378372908 1.0345039787916486 
98 96 0 0 14 17 15.033296378372908 15.033296378372908 1.0342398417542582 
96 94 0 0 14 17 15.033296378372908 15.033296378372908 1.0448175036351997 
94 92 1 0 16 17 15.033296378372908 15.033296378372908 1.057244983519516 
90 90 2 0 12 15 13.341664064126334 15.033296378372908 1.056712024799118 
88 88 2 0 13 15 13.341664064126334 15.033296378372908 1.0451835121600404 
86 86 2 1 13 17 13.341664064126334 15.033296378372908 1.0221231569603073 
84 82 2 2 13 13 13.341664064126334 13.341664064126334 1.0202704230482376 
82 81 2 2 13 11 13.341664064126334 13.038404810405298 1.0204820060669 
80 80 2 2 11 10 13.341664064126334 13.038404810405298 1.0235664832963316 
78 78 2 2 10 12 14.0 14.0 1.021494214586323 
77 77 2 2 11 11 13.038404810405298 13.038404810405298 1.0235100699274582 
75 76 2 2 9 12 13.038404810405298 12.0 1.022351101123252 
74 75 2 2 9 11 12.649110640673518 12.165525060596439 1.0216082092702703 
73 74 2 2 9 11 12.0 11.045361017187261 1.0216971265727135 
72 73 2 2 9 11 11.40175425099138 11.045361017187261 1.0216967060457525 
71 72 2 2 9 11 11.045361017187261 11.045361017187261 1.021668784069592 
70 71 2 2 9 11 10.198039027185569 10.770329614269007 1.0215367155508968 
69 70 2 2 9 11 10.198039027185569 10.770329614269007 1.0214046470322016 
68 69 2 2 9 11 10.198039027185569 10.770329614269007 1.0219628630960853 
66 68 2 2 9 11 11.313708498984761 10.770329614269007 1.0215954167624237 
65 64 2 2 9 13 8.94427190999916 10.770329614269007 1.022632825739611 
64 62 2 2 11 15 8.0 10.770329614269007 1.0089743401541227 
63 60 2 3 10 16 8.0 10.770329614269007 0.989861459969476 
62 58 2 4 10 13 8.0 10.770329614269007 0.975740160872323 
60 56 2 5 10 13 8.0 10.770329614269007 0.9709639159226735 
59 54 2 5 10 10 8.0 11.40175425099138 0.9797296200148458 
58 53 3 5 9 9 8.0 9.486832980505138 0.978363081577075 
57 51 3 5 9 9 8.0 9.486832980505138 0.9772777578168949 
56 50 3 5 9 8 7.0710678118654755 9.486832980505138 0.9635573489214445 
55 49 3 6 8 8 7.0710678118654755 9.486832980505138 0.9634252804027493 
54 48 3 6 8 8 7.0710678118654755 9.486832980505138 0.9619968186550164 
53 47 3 6 8 7 7.0710678118654755 9.486832980505138 0.9732441924206682 
52 46 4 6 8 7 7.0710678118654755 9.486832980505138 0.9733809455849806 
51 45 4 6 7 7 7.0710678118654755 9.486832980505138 0.9580953217774851 
50 44 4 7 7 6 7.0710678118654755 9.486832980505138 0.9570565341190305 
49 43 4 7 7 5 7.0710678118654755 10.0 0.9581855101352177 
48 42 4 7 7 7 7.0710678118654755 8.246211251235321 0.9565630565588275 
46 41 4 7 7 5 7.0710678118654755 8.246211251235321 0.9598734169838036 
42 40 4 7 8 6 7.0710678118654755 7.0710678118654755 0.9714644422868132 
40 39 5 7 6 5 7.0710678118654755 7.0710678118654755 0.9700979038490424 
39 37 5 7 6 5 7.0710678118654755 7.0710678118654755 0.9810764559316866 
38 36 6 7 7 5 7.0710678118654755 7.0710678118654755 0.9803998922648535 
37 35 6 7 6 5 7.0710678118654755 6.0 0.9805366454291659 
36 34 6 7 5 5 7.0710678118654755 6.0 0.9806733985934785 
35 33 6 7 4 5 7.0710678118654755 6.0 0.9805158184106197 
34 31 6 7 4 5 6.0 7.0710678118654755 0.9771138541462648 
33 30 6 7 4 4 6.0 4.47213595499958 0.9886300495949242 
32 29 7 7 3 4 6.0 4.47213595499958 0.9875033383600537 
31 28 7 7 3 4 6.0 3.1622776601683795 0.9877040827580376 
30 27 7 7 3 4 5.0990195135927845 3.1622776601683795 0.986275621010305 
29 26 7 7 3 3 5.0990195135927845 3.1622776601683795 0.9865495189862501 
28 25 7 7 3 3 4.0 3.1622776601683795 0.9712638951787544 
27 24 7 8 3 2 4.0 3.1622776601683795 0.9705586955124075 
26 23 7 8 3 2 3.1622776601683795 2.0 0.9689542377023435 
25 22 7 8 2 1 3.1622776601683795 1.4142135623730951 0.9562516499268195 
24 21 7 9 1 0 4.47213595499958 5.0990195135927845 0.967231824321637 
23 21 8 9 1 1 4.47213595499958 1.4142135623730951 -1 
