140 138 0 0 14 17 16.0 16.0 1.000601816376466 
138 134 0 0 17 16 14.142135623730951 13.038404810405298 1.0363172459536851 
134 132 0 0 16 21 15.033296378372908 15.033296378372908 1.0418665202697297 
132 128 0 0 21 22 15.033296378372908 15.033296378372908 1.045968896532332 
128 124 0 0 22 22 15.033296378372908 15.033296378372908 1.0367539564900123 
124 118 0 0 24 20 15.033296378372908 15.033296378372908 1.0891491225450733 
116 117 0 0 20 27 15.033296378372908 15.033296378372908 1.1138997435728366 
112 116 1 0 18 29 13.038404810405298 15.033296378372908 1.0298113399926625 
111 102 1 1 28 22 14.142135623730951 13.038404810405298 0.9850924044256699 
110 98 1 2 31 17 14.0 14.0 1.0304692087585496 
108 97 1 2 30 27 13.341664064126334 13.038404810405298 0.9565282814246076 
98 85 1 3 19 17 13.038404810405298 13.038404810405298 0.9903392602631937 
97 84 1 3 30 22 13.038404810405298 13.038404810405298 0.9611550422254811 
91 76 1 3 19 18 13.038404810405298 13.038404810405298 0.9471561944074671 
90 75 2 4 25 17 13.038404810405298 13.038404810405298 0.974560816156106 
86 74 3 4 18 21 13.038404810405298 13.038404810405298 0.9617284277838589 
82 70 3 4 20 17 13.038404810405298 13.038404810405298 0.9432473282276247 
80 66 3 4 23 13 12.649110640673518 13.038404810405298 0.9331128716195346 
76 65 3 5 18 14 12.165525060596439 13.038404810405298 0.9299063675098216 
74 63 3 5 19 13 12.165525060596439 12.649110640673518 0.9899696869634554 
73 63 3 5 22 25 12.165525060596439 12.649110640673518 0.9339191049736638 
63 55 4 6 18 14 12.165525060596439 12.649110640673518 0.9687696600322458 
59 54 5 6 14 20 12.649110640673518 11.40175425099138 0.9374640834019125 
58 48 5 6 18 15 11.40175425099138 11.045361017187261 0.9433179472440196 
50 42 5 6 14 15 10.198039027185569 10.198039027185569 0.9593907323316355 
49 41 6 6 13 18 10.198039027185569 9.486832980505138 0.9420869622907178 
47 39 6 6 12 14 10.198039027185569 9.486832980505138 0.9584055197093365 
46 38 6 6 16 17 10.198039027185569 8.94427190999916 0.9396548516149764 
42 36 6 6 11 12 10.198039027185569 8.94427190999916 0.925170302848312 
40 35 6 7 9 13 10.198039027185569 8.94427190999916 0.9329338785718022 
38 34 6 7 7 15 9.055385138137417 7.615773105863909 0.9041910089271744 
36 30 7 7 5 10 9.055385138137417 5.830951894845301 0.8852323058588711 
35 28 7 7 5 7 8.0 4.47213595499958 0.8833488942232992 
34 26 7 7 5 7 8.0 4.47213595499958 0.8476745172303837 
33 24 7 8 5 5 7.0710678118654755 3.1622776601683795 0.8262375811136523 
32 23 7 9 5 4 7.0710678118654755 4.242640687119285 0.8025110216847668 
31 21 7 9 5 1 6.0 1.4142135623730951 -1 
