140 140 0 0 14 14 16.0 16.0 1.0414210957452876 
138 138 0 0 17 17 16.0 14.142135623730951 1.0414977769065066 
134 134 0 0 16 16 13.341664064126334 15.033296378372908 1.0405931333876561 
132 132 0 0 16 16 15.033296378372908 15.033296378372908 1.0403144783840148 
130 130 0 0 16 16 15.033296378372908 15.033296378372908 1.0400358233803735 
128 128 0 0 16 16 15.033296378372908 15.033296378372908 1.0405693915736383 
126 126 0 0 13 16 15.033296378372908 15.033296378372908 1.0397492544387261 
124 124 0 0 15 16 15.033296378372908 15.033296378372908 1.0397413405007203 
122 122 0 0 14 16 15.033296378372908 15.033296378372908 1.0391919444314437 
120 120 0 0 15 16 15.033296378372908 15.033296378372908 1.0360461595047457 
118 118 0 0 16 14 15.033296378372908 15.033296378372908 1.0380931522928902 
116 116 0 0 17 16 15.033296378372908 15.033296378372908 1.037814497289249 
114 114 0 0 17 16 15.033296378372908 15.033296378372908 1.0367791299881677 
112 112 0 0 15 15 15.033296378372908 15.033296378372908 1.0365004749845266 
110 110 0 0 15 15 15.033296378372908 15.033296378372908 1.0362218199808853 
108 108 0 0 15 15 15.033296378372908 15.033296378372908 1.035943164977244 
106 106 0 0 15 15 15.033296378372908 15.033296378372908 1.0344861210677003 
104 102 0 0 15 16 15.033296378372908 15.033296378372908 1.0373051282972918 
98 100 0 0 15 15 15.033296378372908 15.033296378372908 1.0457413634873762 
97 98 1 0 16 14 15.033296378372908 15.033296378372908 1.0458532550721786 
95 94 1 0 15 16 15.033296378372908 15.033296378372908 1.0436394988651951 
93 90 1 0 13 16 15.033296378372908 15.033296378372908 1.0247828217594408 
92 88 1 1 12 13 15.033296378372908 15.033296378372908 1.0120864729702004 
91 87 1 2 12 14 15.033296378372908 15.033296378372908 1.0097404333976712 
90 85 1 2 12 13 14.142135623730951 15.033296378372908 1.0120581672514513 
88 83 1 2 12 15 14.142135623730951 15.033296378372908 1.0078907129353178 
87 81 1 2 13 14 13.341664064126334 13.038404810405298 1.007975777351755 
86 79 1 2 14 15 12.165525060596439 13.038404810405298 1.0084538346455538 
84 77 1 2 16 16 12.165525060596439 13.038404810405298 1.005578790784491 
82 75 1 2 16 14 12.165525060596439 13.038404810405298 1.0045764083612767 
80 74 1 2 16 13 12.165525060596439 12.165525060596439 1.004779332727502 
78 73 1 2 14 12 12.165525060596439 12.165525060596439 1.0036125518626058 
77 72 1 2 13 11 12.165525060596439 12.165525060596439 1.0027284043755655 
76 71 1 2 12 10 11.40175425099138 12.165525060596439 1.0025950784508049 
75 70 1 2 12 10 11.045361017187261 12.0 1.001903972420012 
73 68 1 2 12 10 10.198039027185569 11.045361017187261 1.0018336890493484 
71 66 1 2 12 11 11.40175425099138 10.198039027185569 0.9981470322431862 
69 64 1 2 13 9 11.40175425099138 9.486832980505138 1.0015753383034587 
65 63 1 2 12 9 11.40175425099138 9.486832980505138 1.0019934928358532 
63 62 1 2 14 9 11.40175425099138 9.486832980505138 1.0010221857682164 
61 61 2 3 12 9 11.40175425099138 9.486832980505138 1.012066417856728 
59 60 3 3 12 8 11.40175425099138 9.486832980505138 1.0221565503632342 
57 59 4 3 14 7 11.40175425099138 8.94427190999916 1.0246084725015197 
55 58 4 3 10 7 10.295630140987 8.94427190999916 1.0250266270339143 
53 57 4 3 12 7 10.295630140987 8.94427190999916 1.0268583896558898 
51 55 4 3 9 8 10.295630140987 8.94427190999916 1.0269483911836947 
50 54 4 3 10 8 8.94427190999916 8.94427190999916 1.013482906368797 
49 53 4 4 9 8 8.246211251235321 8.94427190999916 1.0122201125000354 
48 52 4 4 8 7 7.0710678118654755 8.246211251235321 1.0123515260638503 
47 51 4 4 7 7 7.0710678118654755 8.246211251235321 1.0119414574963943 
46 50 4 4 8 7 7.0710678118654755 8.246211251235321 1.012072871060209 
45 49 4 4 7 7 7.0710678118654755 8.246211251235321 1.0130325077238742 
43 48 4 4 7 7 7.0710678118654755 8.246211251235321 1.0102215240962562 
41 47 5 5 7 6 7.0710678118654755 8.246211251235321 1.0244036271734602 
39 46 6 5 5 7 7.0710678118654755 8.246211251235321 1.022914285389616 
38 45 6 5 5 6 7.211102550927978 8.246211251235321 1.0227939877215797 
37 43 6 5 5 6 7.211102550927978 9.899494936611665 1.022654660219759 
36 42 6 5 5 6 7.211102550927978 9.899494936611665 1.0225153327179384 
35 41 6 5 5 6 7.211102550927978 9.899494936611665 1.022646746281753 
34 40 6 5 4 6 7.211102550927978 9.899494936611665 1.0338902086334898 
33 39 7 5 4 6 7.211102550927978 9.899494936611665 1.0189200319057765 
32 38 7 6 3 5 7.0710678118654755 9.899494936611665 1.0169410278439743 
31 37 7 6 5 4 7.0710678118654755 9.899494936611665 1.0186232244806621 
30 36 7 6 5 5 5.656854249492381 9.899494936611665 1.0042460352342175 
28 35 7 7 3 4 7.615773105863909 9.899494936611665 1.0045679505343823 
26 34 7 7 3 3 5.830951894845301 9.899494936611665 1.0158829236885298 
24 33 8 7 2 2 5.830951894845301 9.899494936611665 1.0178153615013794 
23 32 8 7 1 3 4.47213595499958 9.899494936611665 1.0150703525386042 
22 31 8 7 1 2 5.0990195135927845 8.48528137423857 1.0278827503846872 
21 30 9 7 0 3 5.0990195135927845 8.48528137423857 1.025363576836096 
21 29 9 7 1 2 1.4142135623730951 7.0710678118654755 1 
