140 140 0 0 14 14 16.0 16.0 1.0317885153340767 
138 138 0 0 17 17 16.0 14.0 1.0278835703821732 
136 134 0 0 18 16 14.142135623730951 13.341664064126334 1.0312125147137723 
132 132 0 0 18 16 15.033296378372908 15.033296378372908 1.0313053992469956 
130 130 0 0 17 16 15.033296378372908 15.033296378372908 1.0312125210946808 
128 128 0 0 17 16 15.033296378372908 15.033296378372908 1.028379230788169 
126 126 0 0 17 14 15.033296378372908 15.033296378372908 1.0310267647900508 
124 124 0 0 17 16 15.033296378372908 15.033296378372908 1.0299352059317144 
122 122 0 0 15 15 15.033296378372908 15.033296378372908 1.0310267711709593 
120 120 0 0 16 16 15.033296378372908 15.033296378372908 1.0321183364102042 
118 118 0 0 17 17 15.033296378372908 15.033296378372908 1.0318396955723508 
116 116 0 0 18 17 15.033296378372908 15.033296378372908 1.031746817420036 
114 114 0 0 18 17 15.033296378372908 15.033296378372908 1.0316539392677209 
112 112 0 0 18 17 15.033296378372908 15.033296378372908 1.0329312671925044 
110 110 0 0 18 18 15.033296378372908 15.033296378372908 1.029392685412791 
108 106 0 0 16 17 15.033296378372908 15.033296378372908 1.0312676846444033 
102 104 0 0 16 15 15.033296378372908 15.033296378372908 1.0325450125691866 
100 102 0 0 16 16 15.033296378372908 15.033296378372908 1.0324521344168718 
98 100 0 0 16 16 15.033296378372908 15.033296378372908 1.02961884411036 
96 98 0 0 16 14 15.033296378372908 15.033296378372908 1.0193611639629319 
94 97 0 1 16 16 15.033296378372908 15.033296378372908 1.0196398111816938 
92 95 0 1 14 16 15.033296378372908 15.033296378372908 1.0185556233303863 
91 93 0 1 13 16 15.033296378372908 15.033296378372908 1.0172856727935402 
90 91 0 1 13 16 15.033296378372908 15.033296378372908 1.0134472002883104 
89 89 0 1 14 14 14.142135623730951 15.033296378372908 1.0160799922761343 
85 87 0 1 12 14 14.142135623730951 15.033296378372908 1.0149205488436255 
84 86 0 1 13 13 13.038404810405298 15.033296378372908 0.9998721887842401 
83 84 0 2 13 13 12.165525060596439 15.033296378372908 0.987516789791024 
82 83 0 3 13 14 11.045361017187261 15.033296378372908 0.9864402035341061 
81 82 0 3 13 13 10.198039027185569 15.033296378372908 0.9853560156827985 
80 80 0 3 12 13 10.198039027185569 15.033296378372908 0.9837536078440041 
79 79 0 3 13 12 10.198039027185569 15.033296378372908 0.983660729691689 
77 77 0 3 13 12 10.198039027185569 15.033296378372908 0.9914821432970895 
75 75 1 3 11 10 10.198039027185569 14.0 1.000478847067333 
74 74 2 3 12 9 10.198039027185569 13.341664064126334 0.9980635212080555 
73 73 2 3 10 7 10.198039027185569 13.341664064126334 1.0011909885079084 
71 72 2 3 10 8 8.0 13.038404810405298 1.002080561283546 
69 71 2 3 9 8 8.246211251235321 12.649110640673518 1.0030531195524575 
68 69 2 3 9 10 9.486832980505138 12.649110640673518 1.0010895486623315 
67 68 2 3 9 9 9.486832980505138 12.0 1.0020344192851667 
65 67 2 3 10 9 9.486832980505138 12.0 1.0053334346770637 
61 66 2 3 11 9 9.486832980505138 12.0 1.0209402647223391 
57 65 3 3 9 9 8.0 12.0 1.031079859871555 
56 63 4 3 8 9 8.0 12.083045973594572 1.029927356101434 
55 62 4 3 8 9 8.0 10.770329614269007 1.0293987181035034 
54 61 4 3 8 9 8.0 10.198039027185569 1.0287530331256869 
53 60 4 3 8 9 8.0 9.486832980505138 1.0276688452743796 
52 58 4 3 7 9 8.0 9.486832980505138 1.0265770867858746 
51 57 4 3 7 9 8.0 8.246211251235321 1.0265306477097167 
50 56 4 3 7 9 8.0 8.246211251235321 1.0378237816871358 
49 55 5 3 6 9 8.0 8.246211251235321 1.03759157992544 
48 54 5 3 7 9 8.0 8.246211251235321 1.0377309035348208 
47 53 5 3 6 9 8.0 8.246211251235321 1.037638025382506 
45 51 5 3 6 9 8.0 8.246211251235321 1.0345702319882304 
43 49 6 4 6 9 8.0 8.246211251235321 1.0288272869777246 
41 47 7 5 4 7 8.246211251235321 8.0 1.0301119859095367 
40 45 7 5 5 9 8.246211251235321 8.0 1.027610996695642 
39 44 7 5 6 7 7.0710678118654755 8.0 1.0269676233506633 
38 43 7 5 5 7 7.0710678118654755 7.0710678118654755 1.0279124939734983 
36 42 7 5 6 7 7.0710678118654755 7.0710678118654755 1.0149144016718734 
34 41 7 6 6 7 7.0710678118654755 7.0710678118654755 1.016045034980247 
32 40 7 6 6 7 7.0710678118654755 7.0710678118654755 1.017361430974159 
30 39 7 6 5 7 7.0710678118654755 7.0710678118654755 1.029831637336109 
28 38 8 6 4 7 7.0710678118654755 7.0710678118654755 1.0414170009506074 
26 37 9 6 2 6 6.324555320336759 7.0710678118654755 1.040492204656205 
25 36 9 6 2 5 5.0990195135927845 7.0710678118654755 1.0424001178002709 
23 35 9 6 2 5 3.1622776601683795 7.0710678118654755 1.041917682784249 
22 34 9 6 2 5 2.0 6.0 1.0411953590420546 
21 33 9 6 1 4 1.4142135623730951 6.324555320336759 1 
