140 140 0 0 14 14 16.0 16.0 0.9807041395605005 
138 138 0 0 17 17 16.0 14.142135623730951 1.0064856881355961 
134 136 0 0 16 22 13.038404810405298 16.0 1.0220343631085527 
132 132 0 0 21 27 13.038404810405298 16.0 1.0254129468977928 
128 128 0 0 22 27 13.341664064126334 16.0 1.0362055471875022 
124 124 0 0 24 30 13.341664064126334 15.033296378372908 1.0260269947937612 
120 120 0 0 23 26 15.033296378372908 15.033296378372908 1.0043149289697968 
116 112 0 0 18 21 15.033296378372908 15.033296378372908 0.9965692417687325 
115 111 0 1 24 23 15.033296378372908 15.033296378372908 1.0100237193514516 
109 107 0 1 19 26 15.033296378372908 15.033296378372908 1.018186282138512 
108 103 1 1 22 27 15.033296378372908 15.033296378372908 1.0120524792237138 
104 99 2 1 18 22 15.033296378372908 15.033296378372908 1.0410205098810466 
100 99 2 1 16 29 15.033296378372908 15.033296378372908 1.0495119265502235 
92 93 3 1 15 26 14.0 15.033296378372908 1.0516015120655697 
90 89 3 1 17 27 14.0 15.033296378372908 1.0036126885511627 
88 81 3 2 16 20 14.0 15.033296378372908 1.01788829241134 
84 80 3 2 15 23 14.142135623730951 14.142135623730951 1.0010456360467215 
83 72 3 3 26 25 14.0 14.142135623730951 0.9596646021181957 
79 66 3 4 22 18 14.0 14.142135623730951 0.9498647998120895 
73 62 3 4 16 14 14.0 13.038404810405298 0.9609047020161676 
71 60 4 4 14 15 14.0 13.038404810405298 0.9593900104592392 
69 58 4 4 14 14 14.142135623730951 13.038404810405298 0.962151892715897 
68 56 5 4 12 13 14.142135623730951 13.038404810405298 0.9584473553719084 
67 54 5 4 17 11 14.142135623730951 13.038404810405298 0.9686802492793127 
63 53 5 4 11 13 14.142135623730951 13.038404810405298 0.9403840895387119 
62 47 5 5 13 13 14.142135623730951 11.40175425099138 0.9316982268181274 
58 45 5 5 12 8 14.142135623730951 11.40175425099138 0.9197984121674376 
56 44 5 6 12 9 14.142135623730951 11.40175425099138 0.9262412869556507 
54 43 5 6 12 11 14.142135623730951 10.198039027185569 0.9233773796923869 
52 41 5 6 14 10 14.142135623730951 8.94427190999916 0.9049843303766248 
51 35 5 7 17 12 14.142135623730951 8.94427190999916 0.8586935394114664 
49 27 5 8 14 6 12.649110640673518 8.602325267042627 0.8461901069989134 
48 25 5 8 19 3 12.649110640673518 5.830951894845301 0.8565116149947211 
42 24 6 8 12 3 12.649110640673518 2.8284271247461903 0.8526922329819884 
41 23 6 8 14 1 12.649110640673518 2.8284271247461903 0.8626757060223802 
37 22 7 8 9 1 12.649110640673518 1.4142135623730951 0.8583015497539526 
35 21 7 9 9 0 10.198039027185569 7.0710678118654755 0.8531775732063377 
33 21 7 9 6 0 10.0 3.1622776601683795 0.8560726178517006 
31 21 7 9 4 1 10.0 1.4142135623730951 -1 
