140 140 0 0 14 14 16.0 16.0 1.0003856851634858 
138 138 0 0 17 17 16.0 14.0 0.9960109516939022 
136 134 0 0 22 16 14.142135623730951 13.038404810405298 1.01278767464339 
132 132 0 0 27 21 16.0 13.341664064126334 1.019677004160184 
128 128 0 0 26 22 15.033296378372908 15.033296378372908 1.0217486101797846 
124 124 0 0 28 22 15.033296378372908 15.033296378372908 0.9830365040735495 
120 112 0 1 32 18 15.033296378372908 13.341664064126334 0.9963856847235992 
112 110 0 1 23 19 15.033296378372908 13.341664064126334 0.9819249344451758 
111 100 1 2 27 22 15.033296378372908 13.038404810405298 0.9762686383834622 
105 92 2 2 20 16 13.341664064126334 13.038404810405298 0.9702659672892135 
101 91 2 3 18 18 13.341664064126334 13.038404810405298 0.9988950360586815 
89 87 3 3 14 19 13.038404810405298 13.038404810405298 0.9578679237249303 
87 79 3 4 14 12 13.038404810405298 13.038404810405298 0.9665769998220388 
85 78 3 4 12 15 13.038404810405298 13.038404810405298 0.9664769398213306 
83 74 3 4 10 16 13.038404810405298 13.341664064126334 0.9472212088760897 
82 66 3 4 15 12 14.142135623730951 13.341664064126334 0.9427536883235156 
78 65 3 5 14 14 14.142135623730951 14.142135623730951 0.9361991346204069 
76 63 3 5 17 11 14.142135623730951 13.341664064126334 0.9695258442271376 
66 62 4 5 11 14 14.142135623730951 13.341664064126334 0.9403675364597552 
64 56 4 6 12 10 12.649110640673518 14.0 0.9301911144937323 
63 54 4 6 13 7 11.40175425099138 12.165525060596439 0.9371346852237896 
59 53 4 6 12 8 10.770329614269007 11.045361017187261 0.9362299536974217 
57 51 4 6 12 8 10.770329614269007 10.0 0.9343394218831729 
56 49 4 6 15 8 10.198039027185569 9.055385138137417 0.9391289605084957 
52 47 4 6 15 8 10.0 8.94427190999916 0.9438064916245759 
48 45 4 6 14 8 10.0 8.94427190999916 0.9438170098908318 
44 43 4 6 12 6 10.0 8.94427190999916 0.9554880287721467 
43 42 5 6 11 8 10.0 7.615773105863909 0.9517575747907284 
41 41 5 6 13 6 10.0 6.324555320336759 0.9556020141065988 
39 40 5 6 8 7 9.486832980505138 6.324555320336759 0.955564970743714 
38 38 5 6 11 7 8.246211251235321 6.324555320336759 0.9558571846727163 
37 37 5 6 8 7 7.0710678118654755 6.324555320336759 0.9570041196834167 
36 35 5 6 10 7 6.0 7.211102550927978 0.9553129249997245 
35 34 5 6 9 7 5.0990195135927845 5.830951894845301 0.955202360265677 
33 33 5 6 9 7 4.0 4.0 0.9507502714646329 
31 31 5 6 8 5 7.211102550927978 4.47213595499958 0.9630149193017903 
29 29 6 6 8 6 7.211102550927978 4.47213595499958 0.9549255025306584 
27 27 7 7 4 4 3.1622776601683795 5.656854249492381 0.9532073844215918 
26 26 7 7 5 4 3.1622776601683795 4.242640687119285 0.9575826402371334 
25 25 8 7 4 3 4.242640687119285 2.8284271247461903 0.9586087265051859 
24 24 8 7 4 3 2.8284271247461903 2.8284271247461903 0.9378094375518693 
23 23 8 8 3 1 2.8284271247461903 2.8284271247461903 0.94488162305597 
22 22 9 8 2 1 2.8284271247461903 1.4142135623730951 0.9362882429036962 
21 21 9 9 1 0 1.4142135623730951 7.0710678118654755 1 
