140 138 0 0 14 17 16.0 16.0 0.9898080322324286 
138 134 0 0 17 16 14.142135623730951 13.038404810405298 1.021062873633691 
134 132 0 0 16 21 15.033296378372908 15.033296378372908 1.0261204609391177 
132 128 0 0 21 22 15.033296378372908 15.033296378372908 1.0300006111099236 
128 124 0 0 22 22 15.033296378372908 15.033296378372908 1.02232752710421 
124 118 0 0 24 20 15.033296378372908 15.033296378372908 1.0683704616379102 
116 117 0 0 20 27 15.033296378372908 15.033296378372908 1.0916583257677916 
112 116 1 0 18 29 13.341664064126334 15.033296378372908 1.0174450262396464 
111 102 1 1 28 22 14.0 13.038404810405298 0.9773245423888283 
110 98 1 2 31 17 14.142135623730951 14.142135623730951 1.0176484029375854 
108 97 1 2 30 27 13.038404810405298 13.341664064126334 0.9512712843325761 
98 85 1 3 19 17 13.038404810405298 13.038404810405298 0.9809281472067837 
97 84 1 3 30 22 13.038404810405298 13.038404810405298 0.9557948457871865 
91 76 1 3 19 18 13.038404810405298 13.038404810405298 0.9438186022582673 
90 75 2 4 25 17 13.038404810405298 13.038404810405298 0.9702539424320762 
86 74 3 4 19 21 13.038404810405298 13.038404810405298 1.0019335316997011 
80 73 3 4 19 25 13.038404810405298 13.038404810405298 0.9799201866638735 
74 65 3 4 19 20 13.038404810405298 12.165525060596439 0.983209729108723 
70 61 3 4 19 20 12.649110640673518 12.165525060596439 0.9565668484709611 
68 57 4 5 17 18 12.649110640673518 12.165525060596439 0.9572272359445669 
66 56 4 5 17 18 12.649110640673518 11.045361017187261 0.9668210206283813 
62 55 5 5 14 17 12.649110640673518 11.045361017187261 0.9559156502818271 
60 51 5 5 14 15 12.649110640673518 11.045361017187261 0.9175161448174529 
59 47 5 6 18 11 12.649110640673518 11.045361017187261 0.915579586136543 
57 45 5 6 14 11 12.649110640673518 11.045361017187261 0.9153659757962166 
55 43 5 6 12 11 12.649110640673518 11.045361017187261 0.8876646525206183 
54 41 5 7 13 9 11.40175425099138 11.045361017187261 0.8696695623868955 
53 39 5 7 14 6 11.40175425099138 9.055385138137417 0.8828659288866766 
51 38 5 7 14 9 11.40175425099138 8.246211251235321 0.8931139374277366 
50 37 5 7 16 11 11.40175425099138 8.246211251235321 0.8793304673755706 
48 35 5 7 16 7 11.045361017187261 8.246211251235321 0.8795699905212948 
47 33 5 7 16 6 10.0 10.0 0.8853941971156832 
43 32 5 7 15 6 9.055385138137417 8.602325267042627 0.8854225066578579 
42 30 5 7 16 6 8.0 8.602325267042627 0.8884932020435803 
41 29 5 7 18 7 7.0710678118654755 7.211102550927978 0.8959463619475964 
35 27 6 7 12 6 6.324555320336759 5.830951894845301 0.893811298227305 
33 26 6 7 9 6 5.656854249492381 4.47213595499958 0.8951146521762569 
31 25 6 7 6 7 4.47213595499958 2.8284271247461903 0.8605478999835215 
30 23 6 8 8 3 3.1622776601683795 2.8284271247461903 0.8404013879315572 
28 22 6 9 8 2 3.1622776601683795 2.8284271247461903 0.8389764997788136 
26 21 7 9 4 1 3.1622776601683795 1.4142135623730951 -1 
