140 138 0 0 14 17 16.0 16.0 0.9912454697617586 
138 134 0 0 17 16 14.142135623730951 13.341664064126334 1.009452555892044 
134 132 0 0 16 21 15.033296378372908 15.033296378372908 1.010318057280251 
132 128 0 0 21 22 15.033296378372908 15.033296378372908 1.0121813728394922 
128 124 0 0 22 22 15.033296378372908 15.033296378372908 1.0065743670677654 
124 118 0 0 24 20 15.033296378372908 15.033296378372908 1.0231898002766826 
116 116 0 0 20 22 15.033296378372908 15.033296378372908 1.028165318351918 
115 108 1 0 20 25 15.033296378372908 15.033296378372908 0.9870869887931419 
114 96 1 1 31 22 15.033296378372908 13.341664064126334 0.9569228614217306 
113 92 1 2 35 17 15.033296378372908 14.0 0.9407799672989439 
111 91 1 3 22 17 14.0 14.142135623730951 0.997188782412193 
97 90 2 3 20 26 12.165525060596439 14.142135623730951 0.9467128589271471 
93 78 2 4 18 16 12.165525060596439 14.142135623730951 0.9374649549960661 
91 72 2 4 22 14 12.165525060596439 14.142135623730951 0.9374514561299581 
89 70 2 4 18 14 12.165525060596439 14.142135623730951 0.9382780965044978 
87 68 2 4 18 14 12.165525060596439 14.142135623730951 0.9391047368790374 
85 66 2 4 18 14 12.165525060596439 14.142135623730951 0.9354853485175851 
83 64 2 4 18 12 12.165525060596439 14.142135623730951 0.9356805450173676 
81 63 2 4 16 12 12.165525060596439 13.038404810405298 0.9399272938421486 
79 62 2 4 14 13 12.165525060596439 13.038404810405298 0.9540174477993763 
77 61 3 4 15 14 12.165525060596439 13.038404810405298 0.9540282026983271 
75 60 3 4 14 13 12.165525060596439 13.038404810405298 0.962814456918389 
74 56 4 4 15 15 12.165525060596439 12.649110640673518 0.9533176571634787 
72 52 4 4 13 12 12.165525060596439 12.649110640673518 0.9257077504797344 
71 48 4 5 17 9 12.165525060596439 12.165525060596439 0.9218608229761155 
70 46 4 5 15 8 12.165525060596439 12.165525060596439 0.9289431862673733 
69 45 4 5 15 11 12.165525060596439 12.165525060596439 0.9248751641008357 
67 44 4 5 14 9 12.165525060596439 11.045361017187261 0.8963167914675039 
66 40 4 6 14 6 11.40175425099138 10.295630140987 0.8965218161347824 
64 39 4 6 14 6 11.40175425099138 8.94427190999916 0.8971847813680635 
62 38 4 6 16 6 11.40175425099138 7.615773105863909 0.900710268548479 
58 37 4 6 12 6 11.40175425099138 6.324555320336759 0.9015438113778763 
56 36 4 6 14 6 11.40175425099138 5.0990195135927845 0.916437234447507 
52 34 5 6 12 6 11.40175425099138 5.830951894845301 0.9183195635477245 
50 33 5 6 10 7 11.661903789690601 4.47213595499958 0.9175006453575271 
49 31 5 6 9 7 10.295630140987 4.47213595499958 0.8932430632712707 
48 27 5 7 13 4 8.94427190999916 5.656854249492381 0.8901642080963917 
42 26 5 8 10 3 8.246211251235321 8.94427190999916 0.8996204044113096 
40 25 6 8 10 3 8.246211251235321 7.615773105863909 0.9011058502756741 
39 24 7 8 9 3 8.246211251235321 2.8284271247461903 0.899296156094948 
38 23 7 8 9 2 8.246211251235321 2.8284271247461903 0.8989769794479696 
36 22 7 8 7 2 8.246211251235321 1.4142135623730951 0.8850188948095503 
35 21 7 9 7 0 7.0710678118654755 5.0990195135927845 0.8836342272898213 
34 21 7 9 7 1 6.0 1.4142135623730951 -1 
