140 140 0 0 14 14 16.0 16.0 1.0023050464701846 
138 138 0 0 17 17 16.0 14.0 0.9981066025836375 
136 134 0 0 22 16 14.142135623730951 13.038404810405298 1.0016403301859538 
132 132 0 0 27 16 16.0 13.038404810405298 1.0086678405394949 
128 130 0 0 26 16 15.033296378372908 15.033296378372908 1.0128008853347406 
124 128 0 0 28 16 15.033296378372908 15.033296378372908 1.0130470524405237 
120 126 0 0 26 14 15.033296378372908 15.033296378372908 1.0206816215642411 
116 124 0 0 26 16 15.033296378372908 15.033296378372908 1.0200649431100273 
112 120 0 0 26 15 15.033296378372908 15.033296378372908 1.0254349455881884 
108 118 0 0 19 16 15.033296378372908 15.033296378372908 1.0241157324227927 
106 112 0 0 20 18 15.033296378372908 15.033296378372908 1.0307026369691907 
102 110 1 0 18 14 15.033296378372908 15.033296378372908 1.0349959926132515 
100 108 1 0 19 16 15.033296378372908 15.033296378372908 1.0288909592838238 
98 106 1 0 18 13 15.033296378372908 14.142135623730951 1.0386292781010875 
96 104 1 0 19 18 15.033296378372908 14.142135623730951 1.0473269591928012 
92 98 2 0 19 19 15.033296378372908 13.038404810405298 1.0459826749831636 
90 96 2 0 17 18 15.033296378372908 13.038404810405298 1.0453874564720262 
89 94 2 0 19 18 14.142135623730951 13.038404810405298 1.0463041047152815 
87 92 2 0 23 18 14.0 13.038404810405298 1.0496988086202266 
81 90 2 0 17 16 14.0 13.038404810405298 1.0491978413491012 
80 88 2 0 20 16 13.038404810405298 13.038404810405298 1.049314731272936 
76 86 2 0 18 14 13.341664064126334 13.038404810405298 1.048307036795594 
75 85 2 0 17 13 12.0 13.038404810405298 1.0657838676883982 
71 83 3 0 15 15 12.0 13.038404810405298 1.063031551307939 
69 81 3 0 13 13 11.045361017187261 13.038404810405298 1.0654563901818603 
67 80 3 0 13 14 11.045361017187261 12.0 1.064772828887737 
66 79 3 0 12 14 10.198039027185569 11.045361017187261 1.0637990837339137 
65 78 3 0 14 14 10.198039027185569 10.0 1.060854038963649 
64 77 3 0 20 12 10.198039027185569 10.0 1.067948311444999 
60 76 3 0 18 13 10.198039027185569 10.0 1.0713483829173824 
56 75 3 0 15 12 10.198039027185569 10.0 1.0733506797548402 
54 74 3 0 15 12 10.198039027185569 10.0 1.0683017594303266 
52 72 4 1 15 12 10.198039027185569 10.0 1.078395555872635 
50 71 5 1 14 11 10.198039027185569 10.0 1.0902603114948672 
48 70 6 1 11 11 10.0 10.0 1.0910359598946162 
47 68 6 1 12 12 10.0 10.0 1.076055206147765 
46 67 6 2 11 12 9.055385138137417 10.0 1.0776550102926998 
45 63 6 2 11 14 9.055385138137417 11.40175425099138 1.0783664331322835 
44 61 6 2 11 15 9.055385138137417 11.40175425099138 1.0772628682474663 
43 59 6 2 11 15 9.055385138137417 11.40175425099138 1.0605405155136247 
42 57 6 3 11 15 9.055385138137417 11.40175425099138 1.0353899567360851 
40 53 6 4 11 12 9.055385138137417 10.0 1.0325094615009638 
39 52 6 4 11 10 8.0 10.0 1.031390048030822 
38 51 6 4 11 9 7.0710678118654755 10.0 1.0338264294260748 
37 50 6 4 11 10 6.0 9.899494936611665 1.0327228645412576 
36 48 6 4 11 10 6.0 9.899494936611665 1.0316192996564404 
35 46 6 4 11 10 6.0 9.899494936611665 1.0399789216778983 
33 44 7 4 7 9 6.324555320336759 9.899494936611665 1.0234027628816138 
32 42 7 5 6 9 5.830951894845301 9.899494936611665 1.0069924275205777 
31 40 7 6 6 9 5.0990195135927845 9.899494936611665 0.9985475142021883 
30 38 7 6 6 6 5.0990195135927845 8.48528137423857 1.000549811039646 
28 37 7 6 6 6 5.0990195135927845 8.48528137423857 0.9948963685126001 
26 36 8 7 3 5 5.0990195135927845 8.48528137423857 1.003608999769478 
25 35 9 7 2 5 8.602325267042627 8.48528137423857 1.004501645064325 
24 34 9 7 2 5 7.211102550927978 8.48528137423857 1.0034931851613174 
23 33 9 7 2 5 5.830951894845301 7.0710678118654755 1.0043720156865876 
22 32 9 7 2 5 4.47213595499958 7.0710678118654755 1.0032865370843418 
21 31 9 7 0 4 3.1622776601683795 7.0710678118654755 1.0008778195427281 
21 30 9 7 1 3 1.4142135623730951 7.0710678118654755 1 
