140 138 0 0 14 17 16.0 16.0 1.0117135645491744 
138 134 0 0 17 16 14.142135623730951 13.341664064126334 1.0162557027042076 
134 132 0 0 16 16 15.033296378372908 15.033296378372908 1.0164180431136731 
132 130 0 0 16 16 15.033296378372908 15.033296378372908 1.0165803835231388 
130 128 0 0 16 16 15.033296378372908 15.033296378372908 1.0137631507171392 
128 126 0 0 16 14 15.033296378372908 15.033296378372908 1.017275341986709 
126 124 0 0 14 16 15.033296378372908 15.033296378372908 1.0185571913592684 
124 122 0 0 16 17 15.033296378372908 15.033296378372908 1.0189046705910534 
122 120 0 0 15 17 15.033296378372908 15.033296378372908 1.0188818721781996 
120 118 0 0 16 17 15.033296378372908 15.033296378372908 1.0188590737653456 
118 116 0 0 17 17 15.033296378372908 15.033296378372908 1.0190214141748113 
116 114 0 0 17 17 15.033296378372908 15.033296378372908 1.0191837545842768 
114 112 0 0 17 17 15.033296378372908 15.033296378372908 1.015142383607163 
110 106 0 0 18 16 15.033296378372908 15.033296378372908 1.0037915679560991 
108 105 0 1 17 17 15.033296378372908 15.033296378372908 1.0037687695432451 
106 103 0 1 18 17 15.033296378372908 15.033296378372908 1.0067845767281691 
102 101 0 1 18 17 15.033296378372908 15.033296378372908 1.0069469171376346 
100 99 0 1 18 17 15.033296378372908 15.033296378372908 1.0183412819904043 
98 97 1 1 16 17 15.033296378372908 15.033296378372908 1.0262637103807535 
97 95 2 1 17 16 15.033296378372908 15.033296378372908 1.0246069019354305 
95 94 2 1 18 14 15.033296378372908 15.033296378372908 1.023505509957066 
93 93 2 1 16 12 15.033296378372908 15.033296378372908 1.0268325624043166 
91 91 2 1 15 14 15.033296378372908 15.033296378372908 1.0295404263666348 
89 90 2 1 16 15 13.038404810405298 14.142135623730951 1.0276601472316482 
88 88 2 1 15 15 13.038404810405298 13.341664064126334 1.027129455409236 
86 86 2 1 15 15 13.038404810405298 12.649110640673518 1.0280717786786773 
84 84 2 1 13 15 12.0 12.649110640673518 1.0238278124849485 
83 82 2 1 13 13 12.0 12.649110640673518 1.0248712954855281 
81 81 2 1 12 13 12.0 12.0 1.0248894124702574 
79 80 2 1 12 12 12.0 12.0 1.023952230466502 
77 79 2 1 12 11 12.0 11.045361017187261 1.0243406250958704 
75 78 2 1 10 10 12.0 11.045361017187261 1.0340523195318891 
74 77 3 1 11 10 12.0 10.0 1.0343186285589416 
73 76 3 1 10 10 12.0 10.0 1.0450764067400196 
72 75 4 1 11 10 12.0 10.0 1.0438529291593392 
71 74 4 1 10 9 12.0 10.0 1.0308271880782234 
69 73 4 2 10 9 12.0 10.0 1.0313295364619557 
68 72 4 2 9 9 11.40175425099138 10.0 1.0303042348260643 
67 71 4 2 8 8 11.40175425099138 10.198039027185569 1.0306682024381713 
66 70 4 2 7 8 11.40175425099138 10.295630140987 1.031138672625457 
65 69 4 2 7 9 11.045361017187261 9.055385138137417 1.0283487839426895 
64 68 4 2 7 7 10.770329614269007 9.055385138137417 1.0327953453530334 
62 66 4 2 8 10 10.770329614269007 9.055385138137417 1.0317567510573902 
61 64 4 2 8 10 10.198039027185569 9.055385138137417 1.0336894861992658 
59 62 4 2 8 11 9.486832980505138 9.055385138137417 1.017932363945007 
58 61 4 3 7 10 9.486832980505138 9.055385138137417 1.0165237475420072 
57 60 4 3 7 9 9.486832980505138 9.055385138137417 1.0151151311390074 
56 59 4 3 7 8 9.486832980505138 9.055385138137417 1.000662656670162 
55 58 4 4 7 8 9.486832980505138 9.055385138137417 1.0116055736735596 
54 57 5 4 7 8 9.486832980505138 9.055385138137417 1.0120421115260105 
53 56 5 4 6 8 9.055385138137417 9.055385138137417 0.9962440738741687 
52 54 5 5 6 8 9.055385138137417 9.055385138137417 0.9909439928840865 
51 52 5 5 6 6 9.055385138137417 8.0 0.992514949696552 
50 51 5 5 6 7 9.055385138137417 8.0 0.9919776502143226 
48 50 5 5 9 6 9.055385138137417 8.0 0.995530756881476 
46 49 5 5 6 7 9.055385138137417 8.0 0.9968535216516186 
44 48 5 5 7 7 9.055385138137417 8.0 0.9973510967024677 
43 47 5 5 7 7 8.0 8.0 0.9977987794255928 
42 46 5 5 7 7 7.0710678118654755 8.0 0.9965753018449124 
41 45 5 5 6 6 7.0710678118654755 8.0 0.9966564720496451 
40 44 5 5 6 6 7.0710678118654755 8.0 0.9821409443607965 
38 43 5 6 6 5 7.0710678118654755 8.0 0.9834637091309388 
36 42 5 6 7 5 7.0710678118654755 8.0 0.9962036371667047 
34 41 6 6 5 5 7.0710678118654755 8.0 0.9952176132479682 
33 40 6 6 5 4 6.0 8.0 0.9969737088827532 
32 39 6 6 4 5 6.0 8.0 0.9979656081933436 
31 37 6 6 4 5 5.0990195135927845 9.899494936611665 0.9953269393100248 
30 36 6 6 3 4 5.0990195135927845 8.48528137423857 0.9951692971124875 
29 35 6 6 3 5 4.0 6.324555320336759 0.9937606807094876 
28 34 6 6 3 4 4.0 6.324555320336759 1.0035431733522087 
27 32 7 6 2 4 4.0 6.324555320336759 1.001556373724023 
26 30 7 6 2 4 5.830951894845301 6.324555320336759 0.9829639016790352 
25 28 7 7 1 2 5.830951894845301 6.324555320336759 0.9926804355809542 
24 27 8 7 1 2 5.830951894845301 5.0990195135927845 0.9916522128026487 
23 26 8 7 0 2 6.324555320336759 4.0 0.9900140859782132 
23 25 8 7 1 2 4.47213595499958 3.1622776601683795 0.9896688949864616 
22 24 8 7 1 1 5.0990195135927845 4.47213595499958 0.9862633061386007 
21 23 9 8 0 1 5.0990195135927845 4.47213595499958 0.985323983895569 
21 22 9 8 1 0 1.4142135623730951 5.0990195135927845 1 
