140 140 0 0 14 14 16.0 16.0 1.0110255209185175 
138 138 0 0 17 17 16.0 14.142135623730951 1.0139766212675354 
134 134 0 0 16 16 13.038404810405298 15.033296378372908 1.0413917758331912 
132 132 0 0 21 21 15.033296378372908 15.033296378372908 1.0501670329901076 
128 128 0 0 22 22 15.033296378372908 15.033296378372908 1.0624665052382307 
124 124 0 0 22 24 15.033296378372908 15.033296378372908 1.0423278377789178 
118 116 0 0 20 20 15.033296378372908 15.033296378372908 1.0052109384782608 
117 112 0 1 27 18 15.033296378372908 13.038404810405298 1.0563727441886144 
116 111 0 1 29 28 15.033296378372908 14.142135623730951 1.1153463382073778 
102 110 1 1 22 31 13.038404810405298 14.0 1.1170066739794242 
98 108 2 1 17 30 14.0 13.341664064126334 1.053996892518775 
97 98 2 1 27 19 13.038404810405298 13.038404810405298 1.137999195060714 
85 97 3 1 17 30 13.038404810405298 13.038404810405298 1.0810777475173605 
84 91 3 1 22 19 13.038404810405298 13.038404810405298 1.1071287639661538 
76 90 3 2 17 25 13.038404810405298 13.038404810405298 1.0581124212984263 
72 86 3 3 17 18 12.649110640673518 13.038404810405298 1.0645499619297123 
70 80 3 3 19 21 12.649110640673518 13.038404810405298 1.0444442820432034 
69 74 3 3 25 18 12.649110640673518 13.038404810405298 1.051745181541158 
59 70 4 3 16 15 12.649110640673518 13.038404810405298 1.0555865103737996 
55 68 4 3 11 15 12.649110640673518 13.038404810405298 1.0278771475110307 
54 64 5 4 11 14 12.649110640673518 13.038404810405298 1.0411572655733612 
52 63 5 4 11 16 12.649110640673518 13.038404810405298 1.0330462378208853 
50 59 5 4 11 15 12.649110640673518 13.038404810405298 1.0327977432113427 
48 57 5 4 9 15 12.649110640673518 13.038404810405298 1.0229769040912289 
47 55 5 4 10 13 12.649110640673518 13.038404810405298 1.0057556896654902 
46 53 5 5 11 14 12.083045973594572 13.038404810405298 0.9994575127042118 
45 51 5 5 10 13 10.770329614269007 13.038404810405298 0.9844491795316715 
44 50 5 6 10 14 9.486832980505138 13.038404810405298 0.9736703351974255 
43 48 5 6 10 12 9.486832980505138 13.038404810405298 0.972060404330184 
42 47 5 6 10 12 8.94427190999916 12.165525060596439 0.9728644102950885 
41 46 5 6 10 12 8.246211251235321 12.0 0.9842241486688367 
37 44 6 6 7 12 7.615773105863909 12.0 0.9928162207919433 
36 43 6 6 8 14 6.324555320336759 11.045361017187261 0.9934347419645106 
34 42 7 6 7 13 6.324555320336759 10.0 0.9790815398309853 
33 38 7 6 8 12 7.211102550927978 9.055385138137417 0.9790066198610007 
31 37 7 6 7 12 7.211102550927978 8.0 0.9797406637425563 
30 36 7 6 9 12 5.830951894845301 7.0710678118654755 0.9572192795245162 
28 34 7 6 5 8 5.830951894845301 6.324555320336759 0.9641541010979838 
27 33 8 6 6 8 5.830951894845301 6.324555320336759 0.9357539850656428 
26 32 8 7 6 6 4.47213595499958 6.324555320336759 0.9375421128554247 
25 31 8 7 6 6 3.1622776601683795 6.324555320336759 0.9126341764414707 
24 30 8 8 6 5 3.1622776601683795 6.324555320336759 0.9173065216061461 
22 29 9 8 2 5 4.47213595499958 6.324555320336759 0.913192639441773 
21 28 9 8 0 5 3.1622776601683795 5.0990195135927845 0.9127761320356697 
21 27 9 8 1 5 1.4142135623730951 5.0990195135927845 1 
