140 138 0 0 14 17 16.0 16.0 1.0044385492118195 
138 134 0 0 17 16 14.142135623730951 13.038404810405298 1.0045471576453437 
136 132 0 0 22 16 16.0 13.038404810405298 1.008754776867058 
132 130 0 0 27 16 16.0 13.038404810405298 1.0155228437080004 
128 128 0 0 26 16 15.033296378372908 15.033296378372908 1.0158486701346359 
124 126 0 0 28 14 15.033296378372908 15.033296378372908 1.0230824388302546 
120 124 0 0 26 16 15.033296378372908 15.033296378372908 1.0304873361901081 
116 122 0 0 26 18 15.033296378372908 15.033296378372908 1.0296754316736207 
112 118 0 0 27 17 15.033296378372908 15.033296378372908 1.0327707145778087 
108 116 0 0 19 17 15.033296378372908 15.033296378372908 1.0275843864145673 
106 110 0 0 20 17 15.033296378372908 15.033296378372908 1.0433915070567994 
102 108 1 0 23 18 15.033296378372908 15.033296378372908 1.0435923545858263 
100 106 1 0 20 18 15.033296378372908 15.033296378372908 1.0420662165476073 
98 104 1 0 18 17 15.033296378372908 15.033296378372908 1.0414063422524846 
97 102 1 0 20 17 14.142135623730951 15.033296378372908 1.0384693370677995 
95 100 1 0 22 15 14.0 15.033296378372908 1.0397141357569153 
91 99 1 0 18 13 14.0 15.033296378372908 1.0432848703380986 
87 98 1 0 20 12 14.0 15.033296378372908 1.0567491239079918 
83 97 2 0 14 12 14.0 14.142135623730951 1.0587245870206727 
81 96 2 0 15 12 14.0 14.142135623730951 1.0607000501333537 
79 95 2 0 16 12 14.0 14.142135623730951 1.066239035403191 
75 87 3 0 12 13 13.038404810405298 13.038404810405298 1.0694960231714197 
74 86 3 0 17 15 12.165525060596439 12.0 1.070246167123827 
72 82 4 0 16 12 12.165525060596439 11.045361017187261 1.0767516211819372 
66 81 4 0 11 12 12.649110640673518 10.0 1.070308940286791 
62 75 4 1 14 18 12.649110640673518 10.0 1.0649274682403647 
61 71 4 1 12 17 11.045361017187261 10.0 1.0631386135900318 
59 69 4 1 12 16 12.083045973594572 10.0 1.043575978341615 
58 67 4 2 16 14 10.770329614269007 10.0 1.0381541128439158 
52 66 4 3 12 15 10.295630140987 10.0 1.0356472532882455 
51 64 4 3 14 14 9.486832980505138 10.0 1.0356390378373284 
49 63 4 3 13 13 9.486832980505138 10.0 1.0350570792337241 
48 61 4 3 13 13 8.0 10.0 1.0293065173393383 
47 59 4 3 17 11 8.0 9.055385138137417 1.045387510152603 
41 58 5 3 10 10 8.0 9.055385138137417 1.0431092299302462 
40 57 5 3 10 9 7.0710678118654755 8.246211251235321 1.0439068022896325 
39 56 5 3 13 9 6.324555320336759 8.246211251235321 1.0463920306227228 
35 54 5 3 9 9 8.602325267042627 8.246211251235321 1.056722087001374 
33 52 6 3 8 9 8.602325267042627 8.246211251235321 1.052067308351181 
31 50 7 4 7 9 7.0710678118654755 8.246211251235321 1.0321085832318273 
30 48 7 5 7 7 5.0990195135927845 8.0 1.0325084821587518 
29 47 7 5 9 7 5.0990195135927845 8.0 1.0452906860374733 
25 46 8 5 5 6 5.656854249492381 8.0 1.0579249285066232 
23 45 9 5 2 6 3.1622776601683795 8.0 1.0586396349578993 
22 44 9 5 2 6 2.0 8.0 1.057215202199726 
21 43 9 5 1 5 1.4142135623730951 8.0 1 
