140 140 0 0 14 14 16.0 16.0 0.9923522655694027 
138 138 0 0 17 17 16.0 14.142135623730951 0.9956088106064624 
134 134 0 0 16 16 13.038404810405298 15.033296378372908 1.0190081110287836 
132 132 0 0 21 21 15.033296378372908 15.033296378372908 1.0269426158758843 
128 128 0 0 22 22 15.033296378372908 15.033296378372908 1.037875647605163 
124 124 0 0 22 24 15.033296378372908 15.033296378372908 1.0213884132287459 
118 116 0 0 20 20 15.033296378372908 15.033296378372908 0.9888027977479438 
117 112 0 1 27 18 15.033296378372908 13.341664064126334 1.0312545554367452 
116 111 0 1 29 28 15.033296378372908 14.0 1.0860933968418447 
102 110 1 1 22 31 13.038404810405298 14.142135623730951 1.08837617565452 
98 108 2 1 17 30 14.142135623730951 13.038404810405298 1.0355148465780062 
97 98 2 1 27 19 13.341664064126334 13.038404810405298 1.0426202973515215 
85 96 3 2 17 18 13.038404810405298 13.038404810405298 1.0712395718861862 
84 95 3 2 23 24 13.038404810405298 13.038404810405298 1.0484165284789122 
76 87 3 2 15 18 13.038404810405298 13.038404810405298 1.0268131150754645 
75 77 3 3 23 21 13.038404810405298 13.038404810405298 0.9907464317060876 
69 76 3 4 16 14 13.038404810405298 13.038404810405298 1.0153111592506534 
65 75 3 4 15 18 13.038404810405298 13.038404810405298 1.0062834616443 
61 71 4 4 11 14 13.038404810405298 13.038404810405298 1.0110356596741288 
60 69 5 4 11 14 13.038404810405298 13.038404810405298 1.0066103962660442 
59 65 6 4 10 13 13.038404810405298 13.038404810405298 1.0000703014438417 
58 61 6 4 14 12 13.038404810405298 13.038404810405298 0.9835462375073037 
56 60 6 5 7 13 11.045361017187261 13.038404810405298 1.0227375612878642 
48 59 6 5 8 17 10.198039027185569 13.038404810405298 1.016508826813781 
44 58 6 5 8 13 10.198039027185569 12.649110640673518 1.0097778602441438 
42 54 6 5 6 13 11.40175425099138 12.165525060596439 1.0153469381653086 
41 52 7 5 7 13 11.40175425099138 12.165525060596439 0.9871648994108517 
40 50 7 6 7 11 10.198039027185569 12.165525060596439 0.9788965438670989 
39 48 7 6 7 9 9.055385138137417 12.165525060596439 0.9835375051861759 
38 47 7 6 7 10 9.055385138137417 12.165525060596439 0.9889261335063128 
37 46 7 6 7 11 8.0 12.165525060596439 0.9921808789805656 
35 45 7 6 7 11 8.94427190999916 12.165525060596439 0.9993058087334583 
34 43 7 6 7 13 7.615773105863909 12.165525060596439 0.9590097711407995 
33 39 7 7 7 9 6.324555320336759 12.165525060596439 0.9468039134113784 
32 37 7 7 7 7 6.324555320336759 11.045361017187261 0.949393954638934 
31 36 7 7 7 8 5.0990195135927845 10.0 0.9522467977440773 
29 35 8 7 6 7 5.0990195135927845 9.055385138137417 0.9454953422426897 
28 33 8 7 8 7 7.0710678118654755 7.0710678118654755 0.9438718628888926 
27 32 8 7 6 7 4.0 6.0 0.9421814670283827 
26 31 8 7 6 7 4.0 5.0990195135927845 0.943600489614104 
25 30 8 7 6 7 3.1622776601683795 5.0990195135927845 0.9089997493566087 
24 28 8 8 6 4 3.1622776601683795 4.47213595499958 0.916908546926449 
22 27 9 8 3 4 2.8284271247461903 4.47213595499958 1 
