140 140 0 0 14 14 16.0 16.0 1.0005395796922198 
138 138 0 0 17 17 16.0 14.142135623730951 1.0023087023320874 
134 134 0 0 16 16 13.038404810405298 15.033296378372908 1.002118952823191 
132 132 0 0 16 16 15.033296378372908 15.033296378372908 1.0027175715622514 
130 130 0 0 16 16 15.033296378372908 15.033296378372908 1.003316190301312 
128 128 0 0 16 16 15.033296378372908 15.033296378372908 1.0039671908127688 
126 126 0 0 13 16 15.033296378372908 15.033296378372908 1.006310041861815 
124 124 0 0 15 17 15.033296378372908 15.033296378372908 1.006926121191674 
122 122 0 0 14 17 15.033296378372908 15.033296378372908 1.0075072793399356 
120 120 0 0 15 17 15.033296378372908 15.033296378372908 1.008088437488197 
118 118 0 0 16 17 15.033296378372908 15.033296378372908 1.0086695956364586 
116 116 0 0 17 17 15.033296378372908 15.033296378372908 1.009268214375519 
114 114 0 0 17 17 15.033296378372908 15.033296378372908 1.0098668331145795 
112 112 0 0 17 17 15.033296378372908 15.033296378372908 1.0105003730352373 
110 110 0 0 15 17 15.033296378372908 15.033296378372908 1.0093023776919152 
108 108 0 0 16 16 15.033296378372908 15.033296378372908 1.0046333783194206 
106 106 0 0 12 13 15.033296378372908 15.033296378372908 1.0104515915357297 
102 104 0 0 12 14 15.033296378372908 15.033296378372908 1.0111091432735408 
101 102 0 0 12 15 15.033296378372908 15.033296378372908 1.0099875415197686 
100 100 0 0 12 15 15.033296378372908 15.033296378372908 1.0109945123058866 
98 98 0 0 12 15 14.0 15.033296378372908 1.0084323008534777 
96 96 0 0 11 13 13.038404810405298 15.033296378372908 1.0147307970908495 
94 94 0 0 10 16 12.165525060596439 15.033296378372908 1.0048835990344047 
88 92 0 1 14 15 12.165525060596439 15.033296378372908 1.0054258126903164 
86 91 0 1 14 14 11.40175425099138 15.033296378372908 1.006089507761481 
84 90 0 1 17 13 10.198039027185569 15.033296378372908 1.0100013760399755 
82 89 0 1 15 14 10.0 15.033296378372908 1.0102766735923525 
80 88 0 1 13 13 10.0 15.033296378372908 1.0080509306756067 
78 84 0 1 12 13 10.0 15.033296378372908 1.0106689786443843 
76 83 0 1 13 14 10.0 14.142135623730951 1.0108918944243648 
74 82 0 1 14 13 10.0 14.142135623730951 1.0216678806589443 
73 81 1 1 13 14 10.0 13.038404810405298 1.0236524893397096 
71 80 1 1 15 14 10.0 13.038404810405298 1.0242188481390055 
69 79 1 1 19 13 10.0 13.341664064126334 1.0383516749718769 
65 78 2 1 14 13 10.0 12.165525060596439 1.0539323374174552 
61 77 3 1 14 13 10.0 12.165525060596439 1.0548805555030258 
59 76 3 1 13 13 9.055385138137417 11.045361017187261 1.0577867640679164 
57 75 3 1 13 14 11.313708498984761 11.045361017187261 1.062939008807211 
56 73 3 1 13 17 8.94427190999916 11.045361017187261 1.0579183182927898 
55 72 3 1 12 14 8.94427190999916 11.045361017187261 1.0582525488439176 
54 71 3 1 10 14 8.94427190999916 11.045361017187261 1.0556842104371238 
53 70 3 1 9 13 8.94427190999916 10.198039027185569 1.0524547317641066 
52 64 3 1 8 15 8.94427190999916 10.198039027185569 1.0409637068043789 
48 62 3 2 11 15 8.94427190999916 10.198039027185569 1.0309442473437307 
47 60 4 3 10 13 8.94427190999916 10.198039027185569 1.0319838348600154 
46 59 4 3 10 13 7.0710678118654755 10.198039027185569 1.0287597584279764 
45 58 4 3 8 11 7.0710678118654755 10.198039027185569 1.0311375306586201 
43 56 4 3 8 12 7.0710678118654755 10.198039027185569 1.0145556865835892 
42 54 4 4 7 12 7.0710678118654755 10.198039027185569 0.9979738425085581 
41 52 4 5 6 12 7.0710678118654755 10.198039027185569 1.0031561377691214 
40 50 5 5 6 10 7.0710678118654755 10.0 1.0020345360153489 
39 48 5 5 6 10 7.0710678118654755 10.0 1.0112041313904252 
38 47 6 5 7 10 7.0710678118654755 9.055385138137417 1.010143375035059 
37 46 6 5 6 10 7.0710678118654755 8.0 1.009230208988354 
36 45 6 5 6 10 7.0710678118654755 7.0710678118654755 1.00769143186755 
34 44 6 5 6 8 7.0710678118654755 7.0710678118654755 1.0066523274096253 
33 43 6 5 5 7 6.0 7.0710678118654755 1.0073076984413116 
32 42 6 5 5 7 5.0990195135927845 7.0710678118654755 1.006203557278338 
31 40 6 5 4 7 5.0990195135927845 7.0710678118654755 1.0055162809296725 
30 38 6 5 4 7 4.0 7.0710678118654755 0.9853761298714744 
29 36 6 6 3 5 4.0 7.0710678118654755 0.9842774433403394 
28 35 6 6 3 5 4.0 6.0 0.992935751406635 
27 34 7 6 2 4 4.0 6.0 0.9918061306256495 
26 33 7 6 2 4 7.615773105863909 6.0 0.9766451976739209 
25 32 7 7 1 4 7.615773105863909 6.0 0.9850653975345763 
24 31 8 7 1 3 7.615773105863909 5.830951894845301 0.9851330224164998 
23 30 8 7 0 3 8.246211251235321 5.830951894845301 0.982680501682197 
23 29 8 7 1 3 6.324555320336759 4.47213595499958 0.9827022547330986 
22 28 8 7 0 3 7.0710678118654755 4.47213595499958 0.980333550000553 
22 27 8 7 1 3 5.0990195135927845 3.1622776601683795 0.9907710115584318 
21 26 9 7 0 3 5.0990195135927845 3.1622776601683795 0.9892718050818672 
21 25 9 7 1 3 1.4142135623730951 2.0 1 
