140 138 0 0 14 17 16.0 16.0 1.0038391449011952 
138 134 0 0 17 16 14.142135623730951 13.038404810405298 1.0036985349805603 
136 132 0 0 18 16 16.0 13.341664064126334 1.0093227563195328 
132 130 0 0 18 16 15.033296378372908 15.033296378372908 1.0097696053126004 
130 128 0 0 17 16 15.033296378372908 15.033296378372908 1.0069551615146843 
128 126 0 0 17 14 15.033296378372908 15.033296378372908 1.010426275144259 
126 124 0 0 17 16 15.033296378372908 15.033296378372908 1.0109916382145652 
124 122 0 0 15 16 15.033296378372908 15.033296378372908 1.011201459053156 
122 120 0 0 16 16 15.033296378372908 15.033296378372908 1.0114112798917467 
120 118 0 0 17 16 15.033296378372908 15.033296378372908 1.0116211007303373 
118 116 0 0 18 16 15.033296378372908 15.033296378372908 1.0119494356461665 
116 114 0 0 18 16 15.033296378372908 15.033296378372908 1.0122777705619959 
114 112 0 0 18 16 15.033296378372908 15.033296378372908 1.0141774948346978 
112 110 0 0 18 17 15.033296378372908 15.033296378372908 1.0083387864002744 
110 108 0 0 17 13 15.033296378372908 15.033296378372908 1.006261355774439 
108 104 0 0 14 13 15.033296378372908 15.033296378372908 1.0080425659699026 
106 102 0 0 15 14 15.033296378372908 15.033296378372908 1.008370900885732 
104 100 0 0 15 14 15.033296378372908 15.033296378372908 1.008936263956038 
102 98 0 0 13 14 15.033296378372908 15.033296378372908 1.0108619169373902 
100 94 0 0 16 17 15.033296378372908 15.033296378372908 1.003859858098728 
99 90 0 0 15 15 15.033296378372908 15.033296378372908 0.9879601363497209 
98 88 0 1 14 15 15.033296378372908 15.033296378372908 0.9790052172138202 
97 86 0 1 13 10 15.033296378372908 15.033296378372908 0.9798581117871125 
96 84 0 1 12 11 14.0 15.033296378372908 0.9651020157703182 
95 83 0 2 13 11 14.0 15.033296378372908 0.9751046990347179 
87 82 0 2 13 11 14.0 14.142135623730951 0.975123784403126 
85 81 0 2 14 10 14.0 14.142135623730951 0.9667451918787933 
83 80 0 3 14 13 14.0 14.142135623730951 0.965985111953445 
81 79 0 3 14 11 12.165525060596439 14.142135623730951 0.9630521540782903 
79 77 0 3 15 9 12.165525060596439 14.142135623730951 0.9735976822984831 
77 76 1 3 17 8 12.165525060596439 14.142135623730951 0.9848345703100806 
76 74 2 3 15 9 12.165525060596439 14.142135623730951 0.9829627393685769 
75 73 2 3 15 8 11.045361017187261 13.341664064126334 0.9849087563255728 
73 72 2 3 13 8 11.045361017187261 13.341664064126334 0.9863913201093389 
71 71 2 3 13 8 11.661903789690601 13.341664064126334 0.9898624337389136 
69 69 2 3 13 10 11.661903789690601 13.341664064126334 0.9916669623268388 
67 68 2 3 13 10 11.40175425099138 13.341664064126334 0.9938821117576445 
65 67 2 3 16 10 9.055385138137417 13.341664064126334 0.9950849399318771 
63 66 2 3 13 10 11.40175425099138 13.341664064126334 0.9952225393775234 
61 65 2 3 13 9 11.40175425099138 13.341664064126334 0.982248292859811 
59 64 2 4 12 9 11.40175425099138 13.341664064126334 0.9839572816623302 
57 63 2 4 12 9 11.40175425099138 13.341664064126334 0.9939819485442142 
55 62 3 4 12 8 11.40175425099138 12.649110640673518 1.006217380198518 
53 61 4 4 13 8 11.40175425099138 12.649110640673518 1.0079263690010372 
51 60 4 4 13 8 11.40175425099138 12.649110640673518 0.9941694652479535 
49 59 4 5 10 7 9.899494936611665 12.649110640673518 0.9972901382064738 
48 57 4 5 11 9 6.324555320336759 12.649110640673518 0.9969536813431662 
46 56 4 5 15 8 6.324555320336759 12.649110640673518 1.0121002348491275 
42 54 5 5 10 9 6.324555320336759 11.661903789690601 1.0107809493954663 
41 53 5 5 9 9 6.324555320336759 10.198039027185569 1.0111555769955898 
39 52 5 5 7 8 6.324555320336759 10.198039027185569 1.0114382585307427 
38 51 5 5 6 8 6.324555320336759 10.198039027185569 1.0104704872530528 
37 50 5 5 5 8 6.324555320336759 9.055385138137417 1.021158015896957 
36 49 6 5 5 8 6.324555320336759 8.94427190999916 1.0204073421201787 
35 48 6 5 4 8 6.324555320336759 8.0 1.0205715095780934 
34 47 6 5 4 8 6.324555320336759 8.0 1.0207356770360079 
33 46 6 5 4 8 6.324555320336759 8.0 1.0316633155001842 
32 45 7 5 3 8 6.324555320336759 8.0 1.0317089688808605 
31 44 7 5 4 8 6.324555320336759 8.0 1.0307518243818818 
30 43 7 5 4 7 5.0990195135927845 8.0 1.0307200110247698 
28 42 7 5 4 7 7.0710678118654755 7.0710678118654755 1.0314035476921894 
27 41 7 5 4 7 5.656854249492381 7.0710678118654755 1.0309434586273962 
26 39 7 5 2 7 4.242640687119285 7.0710678118654755 1.02938069387213 
25 37 7 5 0 7 5.830951894845301 7.0710678118654755 1.009139650391264 
25 35 7 6 1 5 4.242640687119285 7.0710678118654755 1.0080474225838445 
24 34 7 6 1 5 4.47213595499958 6.0 1.0188565469707824 
23 33 8 6 1 5 4.47213595499958 6.0 1.0157662271250194 
22 32 8 6 0 3 5.0990195135927845 6.0 1.0139923468797634 
22 31 8 6 1 3 3.1622776601683795 5.0990195135927845 1.0237172834100359 
21 30 9 6 0 3 3.1622776601683795 4.0 1.0228600910944763 
21 29 9 6 1 3 1.4142135623730951 4.0 1 
