140 138 0 0 14 17 16.0 16.0 1.0020182952762164 
138 136 0 0 17 18 14.0 14.142135623730951 1.0046423861834946 
134 132 0 0 16 18 13.038404810405298 15.033296378372908 1.0027015067834302 
132 130 0 0 16 17 15.033296378372908 15.033296378372908 1.0032518685067964 
130 128 0 0 16 17 15.033296378372908 15.033296378372908 1.0038022302301628 
128 126 0 0 16 17 15.033296378372908 15.033296378372908 1.004440404825566 
126 124 0 0 14 17 15.033296378372908 15.033296378372908 1.0014256663890795 
124 122 0 0 16 15 15.033296378372908 15.033296378372908 1.0036707653203352 
122 120 0 0 17 16 15.033296378372908 15.033296378372908 1.0059597706876093 
120 118 0 0 17 17 15.033296378372908 15.033296378372908 1.0082487760548835 
118 116 0 0 17 18 15.033296378372908 15.033296378372908 1.00879913777825 
116 114 0 0 17 18 15.033296378372908 15.033296378372908 1.0093494995016161 
114 112 0 0 17 18 15.033296378372908 15.033296378372908 1.0098998612249823 
112 110 0 0 17 18 15.033296378372908 15.033296378372908 1.0069290292245145 
110 108 0 0 18 16 15.033296378372908 15.033296378372908 1.0053084195379978 
106 102 0 0 17 16 15.033296378372908 15.033296378372908 1.0059465941334012 
104 100 0 0 15 16 15.033296378372908 15.033296378372908 1.006453049420749 
102 98 0 0 16 16 15.033296378372908 15.033296378372908 1.0070034111441153 
100 96 0 0 16 16 15.033296378372908 15.033296378372908 1.0076415857395187 
98 94 0 0 14 16 15.033296378372908 15.033296378372908 1.0131802762425193 
97 92 1 0 16 14 15.033296378372908 15.033296378372908 1.0133746141066116 
95 91 1 0 16 13 15.033296378372908 15.033296378372908 1.0153075956146118 
93 90 1 0 16 13 15.033296378372908 15.033296378372908 1.0180404512866328 
91 88 1 0 16 15 15.033296378372908 14.0 1.0128819831111333 
89 84 1 0 16 14 15.033296378372908 13.038404810405298 1.010331710229287 
87 83 1 0 14 12 15.033296378372908 12.165525060596439 1.0228109203084768 
85 82 2 0 14 13 15.033296378372908 11.045361017187261 1.0231300076061784 
84 81 2 0 13 13 15.033296378372908 11.045361017187261 1.022066475119246 
83 79 2 0 12 13 15.033296378372908 11.045361017187261 1.0345228036363059 
81 77 3 0 13 14 15.033296378372908 11.045361017187261 1.0323079257904046 
79 73 3 0 13 14 15.033296378372908 11.045361017187261 1.0214119287358534 
77 71 3 1 11 16 14.142135623730951 11.045361017187261 0.9966366074827796 
75 67 3 2 12 13 14.142135623730951 9.486832980505138 0.9932397606560862 
74 66 3 2 11 11 13.341664064126334 9.055385138137417 0.997025794106499 
72 65 3 2 11 12 13.038404810405298 9.055385138137417 0.9942154387186602 
71 64 3 2 11 10 12.0 9.055385138137417 0.9933089794421663 
70 60 3 2 10 11 12.0 10.0 0.9939401841631236 
69 58 3 2 10 12 12.0 10.0 0.9914542509416506 
68 56 3 2 10 11 11.045361017187261 10.0 0.9886520748108105 
67 54 3 2 9 10 11.045361017187261 10.0 0.970646275282788 
66 52 3 3 12 9 10.198039027185569 10.0 0.9586478429718679 
64 51 3 4 9 10 11.40175425099138 10.0 0.9571843801896432 
63 50 3 4 9 9 11.40175425099138 10.0 0.9525996539788769 
62 48 3 4 9 7 11.40175425099138 10.0 0.9493848060447982 
61 47 3 4 9 6 11.40175425099138 8.602325267042627 0.9496599869064815 
60 46 3 4 9 6 11.40175425099138 8.602325267042627 0.9499351677681647 
59 45 3 4 9 6 11.40175425099138 8.602325267042627 0.9501295056322568 
57 44 3 4 9 5 11.40175425099138 8.602325267042627 0.9350639960307193 
55 43 3 5 7 4 11.40175425099138 8.602325267042627 0.9455065000421881 
54 42 4 5 8 4 11.40175425099138 8.602325267042627 0.928739283358315 
53 41 4 6 7 3 11.40175425099138 8.602325267042627 0.9273197270121087 
52 40 4 6 6 2 11.40175425099138 8.602325267042627 0.9413273311834304 
51 39 5 6 5 4 11.40175425099138 8.602325267042627 0.9322387217594882 
50 35 5 6 5 1 11.40175425099138 8.602325267042627 0.940937925451884 
49 34 6 6 6 1 11.40175425099138 7.211102550927978 0.942739187651829 
47 33 6 6 9 1 11.40175425099138 7.211102550927978 0.9498234443664323 
43 32 6 6 7 3 11.40175425099138 5.830951894845301 0.9492009281093282 
42 30 6 6 8 3 10.0 5.830951894845301 0.9515793714157169 
38 29 6 6 7 2 8.602325267042627 4.47213595499958 0.9551631836955883 
36 28 6 6 9 3 8.602325267042627 4.47213595499958 0.9418802241739771 
34 27 6 7 6 3 8.602325267042627 4.47213595499958 0.9404771235212847 
32 26 6 7 5 2 8.602325267042627 3.1622776601683795 0.9540039543997229 
30 26 7 7 5 2 8.602325267042627 3.1622776601683795 0.967618598150198 
28 26 8 7 3 2 8.602325267042627 3.1622776601683795 0.9698451611828094 
27 26 8 7 2 2 7.211102550927978 3.1622776601683795 0.9720236407080229 
26 26 8 7 2 2 5.830951894845301 3.1622776601683795 0.9741940714480674 
25 26 8 7 2 2 4.47213595499958 3.1622776601683795 0.9763460323119377 
24 26 8 7 2 2 3.1622776601683795 3.1622776601683795 0.9784423165588644 
23 26 8 7 2 2 2.0 3.1622776601683795 0.9784423165588644 
23 26 8 7 2 2 2.0 3.1622776601683795 0.9789748802589869 
22 26 8 7 1 2 5.0990195135927845 3.1622776601683795 0.9916184767087302 
21 26 9 7 0 2 3.1622776601683795 3.1622776601683795 0.9922340490409663 
21 26 9 7 1 2 1.4142135623730951 3.1622776601683795 1 
