140 138 0 0 14 17 16.0 16.0 1.0017872535933292 
138 134 0 0 17 16 14.142135623730951 13.341664064126334 1.0071113500415465 
134 132 0 0 16 16 15.033296378372908 15.033296378372908 1.0074734560676297 
132 130 0 0 16 16 15.033296378372908 15.033296378372908 1.0078355620937127 
130 128 0 0 16 16 15.033296378372908 15.033296378372908 1.0033294293111528 
128 126 0 0 16 13 15.033296378372908 15.033296378372908 1.0069370278763314 
126 124 0 0 16 15 15.033296378372908 15.033296378372908 1.0071221558302401 
124 122 0 0 17 15 15.033296378372908 15.033296378372908 1.0074842618563231 
122 120 0 0 17 15 15.033296378372908 15.033296378372908 1.0078463678824063 
120 118 0 0 17 15 15.033296378372908 15.033296378372908 1.0049629813693939 
118 116 0 0 17 13 15.033296378372908 15.033296378372908 1.0085705799345726 
116 114 0 0 17 15 15.033296378372908 15.033296378372908 1.0076638958354571 
114 112 0 0 15 14 15.033296378372908 15.033296378372908 1.0080260018615403 
112 110 0 0 15 14 15.033296378372908 15.033296378372908 1.008565085959798 
110 108 0 0 14 14 15.033296378372908 15.033296378372908 1.0091041700580556 
108 106 0 0 13 14 15.033296378372908 15.033296378372908 1.0096432541563134 
106 104 0 0 12 14 15.033296378372908 15.033296378372908 1.0116281064519443 
104 102 0 0 12 15 15.033296378372908 15.033296378372908 1.0134359806754007 
102 100 0 0 13 16 15.033296378372908 15.033296378372908 1.0136211086293094 
100 98 0 0 14 16 15.033296378372908 15.033296378372908 1.0139832146553924 
98 96 0 0 14 16 15.033296378372908 15.033296378372908 1.0143453206814756 
96 94 0 0 14 16 15.033296378372908 15.033296378372908 1.0134386365823602 
94 92 0 0 12 15 15.033296378372908 15.033296378372908 1.0134467864640944 
92 90 0 0 14 15 15.033296378372908 15.033296378372908 1.0157855949040742 
90 88 0 0 12 16 15.033296378372908 15.033296378372908 1.0141709985162606 
88 86 0 0 14 15 15.033296378372908 15.033296378372908 1.0145331045423438 
86 84 0 0 14 15 15.033296378372908 15.033296378372908 1.0247507191227914 
84 82 1 0 18 15 15.033296378372908 15.033296378372908 1.0398898670008891 
80 80 2 0 16 15 13.341664064126334 15.033296378372908 1.0336136204740536 
78 78 2 1 15 20 13.341664064126334 15.033296378372908 1.0151067491671482 
76 74 3 2 15 14 13.341664064126334 13.341664064126334 1.0004987821584814 
74 70 4 3 13 9 13.341664064126334 13.341664064126334 1.0036872342929715 
72 68 4 3 12 10 13.038404810405298 14.142135623730951 1.0041360970282933 
70 67 4 3 12 10 14.142135623730951 13.341664064126334 1.0025074234328906 
68 66 4 3 11 8 14.142135623730951 13.038404810405298 1.0035572790446745 
67 65 4 3 11 9 13.038404810405298 12.0 1.0031885848905944 
65 63 4 3 9 9 13.038404810405298 11.045361017187261 1.0022842060812007 
64 61 4 3 9 9 12.165525060596439 11.045361017187261 1.0021158384218292 
62 59 4 3 9 9 11.045361017187261 10.198039027185569 1.0020732683517324 
60 57 4 3 9 9 10.0 9.486832980505138 1.0001375769496723 
58 55 4 3 9 7 9.055385138137417 10.0 0.9993427835555259 
56 54 4 3 7 5 8.246211251235321 10.0 1.0041957323993254 
54 53 4 3 8 7 8.246211251235321 10.0 1.0079415792252573 
50 51 4 3 7 7 8.246211251235321 10.0 1.0102223765279712 
49 49 4 3 8 9 7.0710678118654755 10.0 1.0075699013925545 
48 47 4 3 7 9 7.0710678118654755 8.602325267042627 1.0033614444313395 
47 45 4 3 8 8 6.0 7.211102550927978 1.005221031407542 
45 43 4 3 8 9 6.324555320336759 7.211102550927978 0.9917458875138174 
43 41 4 4 11 10 6.324555320336759 7.211102550927978 0.9775328877114177 
41 39 4 5 9 10 6.324555320336759 7.211102550927978 0.9832734411243684 
40 37 5 5 10 8 6.324555320336759 7.0710678118654755 0.9838125252226262 
38 35 5 5 9 8 6.324555320336759 7.0710678118654755 0.9947380520917719 
36 33 6 5 9 8 6.324555320336759 7.0710678118654755 0.9894657268628873 
34 31 7 6 7 7 6.324555320336759 7.0710678118654755 0.9656509624152673 
33 29 7 7 6 4 6.324555320336759 4.47213595499958 0.9650362329066936 
32 28 7 7 4 3 5.0990195135927845 4.47213595499958 0.948488499605181 
31 27 7 8 5 2 5.0990195135927845 4.47213595499958 0.9489808849131974 
30 26 7 8 4 3 5.0990195135927845 3.1622776601683795 0.9479633690520436 
29 25 7 8 4 2 4.0 3.1622776601683795 0.9482694940983519 
28 24 7 8 5 3 4.0 2.0 0.9471511280218853 
27 23 7 8 5 2 3.1622776601683795 2.0 0.937494089563762 
26 22 7 9 4 2 3.1622776601683795 6.324555320336759 0.9455578319896929 
24 21 8 9 2 0 3.1622776601683795 5.0990195135927845 0.9450455069335775 
23 21 8 9 2 1 2.0 1.4142135623730951 -1 
