140 138 0 0 14 17 16.0 16.0 1.003914647321394 
138 134 0 0 17 16 14.142135623730951 13.341664064126334 1.008979373751724 
134 132 0 0 16 16 15.033296378372908 15.033296378372908 1.0093112291627433 
132 130 0 0 16 16 15.033296378372908 15.033296378372908 1.0096430845737625 
130 128 0 0 16 16 15.033296378372908 15.033296378372908 1.0068353506724057 
128 126 0 0 16 14 15.033296378372908 15.033296378372908 1.0105406002621873 
126 124 0 0 14 16 15.033296378372908 15.033296378372908 1.01063865080682 
124 122 0 0 16 16 15.033296378372908 15.033296378372908 1.0110874086510322 
122 120 0 0 15 16 15.033296378372908 15.033296378372908 1.0081627723164823 
120 118 0 0 16 14 15.033296378372908 15.033296378372908 1.0116342170398775 
118 116 0 0 16 16 15.033296378372908 15.033296378372908 1.0118491700177032 
116 114 0 0 17 16 15.033296378372908 15.033296378372908 1.0121810254287225 
114 112 0 0 17 16 15.033296378372908 15.033296378372908 1.0125128808397417 
112 110 0 0 17 16 15.033296378372908 15.033296378372908 1.0128447362507609 
110 108 0 0 17 16 15.033296378372908 15.033296378372908 1.0118406018719788 
108 106 0 0 15 15 15.033296378372908 15.033296378372908 1.012172457282998 
106 104 0 0 15 15 15.033296378372908 15.033296378372908 1.0099581562846773 
102 98 0 0 16 15 15.033296378372908 15.033296378372908 0.9971042273012403 
100 97 0 1 14 15 15.033296378372908 15.033296378372908 0.9974360827122595 
98 95 0 1 14 15 15.033296378372908 15.033296378372908 0.9742860324035376 
96 87 0 2 15 16 15.033296378372908 13.341664064126334 0.9775939501795483 
92 85 0 2 16 16 15.033296378372908 13.341664064126334 0.9781596104569541 
90 83 0 2 14 16 15.033296378372908 13.341664064126334 0.9784914658679733 
88 81 0 2 14 16 15.033296378372908 13.341664064126334 0.9859778215656856 
86 79 1 2 17 14 15.033296378372908 13.341664064126334 0.9989304561176836 
82 78 2 2 14 12 13.341664064126334 13.038404810405298 1.0010864807393136 
80 77 2 2 14 12 13.038404810405298 13.341664064126334 1.0007856677606346 
79 76 2 2 14 11 12.0 14.0 1.0055910426634214 
75 75 2 2 14 11 12.0 14.0 1.0074203552012166 
73 74 2 2 13 11 12.0 14.0 1.0183970075108846 
71 72 3 2 13 11 12.0 14.0 1.0130482861137204 
69 71 4 3 11 9 12.0 14.0 1.0181678586403442 
65 69 4 3 11 10 12.083045973594572 14.142135623730951 1.0179850217338304 
63 68 4 3 12 9 12.649110640673518 14.142135623730951 1.0169197119473392 
61 67 4 3 12 8 12.649110640673518 13.038404810405298 1.02063527903916 
59 66 4 3 12 10 12.649110640673518 12.0 1.0184694833931993 
57 64 4 3 11 9 12.649110640673518 11.045361017187261 1.0204156983641879 
55 63 4 3 9 9 12.649110640673518 11.045361017187261 1.0210411779417226 
54 62 4 3 9 9 11.40175425099138 11.045361017187261 1.0205065339999215 
53 61 4 3 9 9 10.198039027185569 10.0 1.021093439012424 
52 60 4 3 9 9 9.055385138137417 10.0 1.0216743855335784 
51 59 4 3 8 9 8.246211251235321 10.0 1.0072477810310518 
50 58 4 4 7 9 8.0 10.0 1.0063566922673222 
49 56 4 4 7 9 8.0 10.295630140987 1.0051605932242904 
48 55 4 4 6 9 8.0 8.94427190999916 1.01520735883135 
47 54 5 4 6 9 8.0 8.246211251235321 1.0139203943138648 
46 53 5 4 5 8 8.0 8.246211251235321 1.013084247251002 
45 49 5 4 5 10 8.0 8.246211251235321 1.0151176425244877 
44 47 5 4 7 12 7.0710678118654755 8.246211251235321 0.9946272924798116 
43 45 5 5 5 9 7.0710678118654755 8.246211251235321 0.9816118961593998 
41 43 5 6 6 10 7.0710678118654755 8.246211251235321 0.9625744383377186 
40 41 5 7 5 8 7.0710678118654755 8.246211251235321 0.9601846202102069 
39 39 5 7 5 7 6.0 8.246211251235321 0.9558079768128345 
38 38 5 7 6 5 6.0 7.0710678118654755 0.9575203869174365 
36 37 5 7 6 5 6.0 7.0710678118654755 0.9689392200070428 
34 36 6 7 4 5 6.0 6.0 0.9694370875435513 
33 35 6 7 4 5 5.0990195135927845 6.0 0.9685000779488976 
32 34 6 7 5 5 5.0990195135927845 5.0990195135927845 0.9672131134314124 
31 33 6 7 4 4 5.0990195135927845 5.0990195135927845 0.9689255235360144 
29 32 6 7 4 4 5.0990195135927845 5.0990195135927845 0.9815165354056516 
27 31 7 7 2 4 5.0990195135927845 5.0990195135927845 0.9808845954335349 
26 30 7 7 2 4 4.0 4.0 0.9813591573615419 
25 29 7 7 2 4 3.1622776601683795 4.0 0.9802426036112991 
24 28 7 7 1 4 4.47213595499958 3.1622776601683795 0.9894835335592697 
23 27 8 7 1 3 4.47213595499958 3.1622776601683795 0.9895354068397111 
22 26 8 7 0 3 5.0990195135927845 3.1622776601683795 0.9723815468261391 
22 25 8 8 1 2 3.1622776601683795 3.1622776601683795 0.9836069694971512 
21 24 9 8 0 3 3.1622776601683795 2.0 0.9811837406535865 
21 23 9 8 1 2 1.4142135623730951 2.0 1 
