140 138 0 0 14 17 16.0 16.0 1.0300266053211928 
138 134 0 0 17 16 14.142135623730951 13.038404810405298 1.0288855580376925 
136 132 0 0 18 16 16.0 13.038404810405298 1.0329371020005342 
132 130 0 0 18 16 15.033296378372908 15.033296378372908 1.0329831474527156 
130 128 0 0 17 16 15.033296378372908 15.033296378372908 1.0301261177497396 
128 126 0 0 17 14 15.033296378372908 15.033296378372908 1.0326158713334233 
126 124 0 0 17 16 15.033296378372908 15.033296378372908 1.033768929095442 
124 122 0 0 17 17 15.033296378372908 15.033296378372908 1.0340446580594507 
122 120 0 0 15 17 15.033296378372908 15.033296378372908 1.0336313364879772 
120 118 0 0 16 17 15.033296378372908 15.033296378372908 1.0332180149165036 
118 116 0 0 17 17 15.033296378372908 15.033296378372908 1.0328046933450301 
116 114 0 0 18 17 15.033296378372908 15.033296378372908 1.032621055285384 
114 112 0 0 18 17 15.033296378372908 15.033296378372908 1.032437417225738 
112 110 0 0 18 17 15.033296378372908 15.033296378372908 1.031376450368082 
110 108 0 0 16 16 15.033296378372908 15.033296378372908 1.0325295081301005 
108 106 0 0 16 17 15.033296378372908 15.033296378372908 1.0307794907369623 
106 104 0 0 17 16 15.033296378372908 15.033296378372908 1.0341944371160936 
102 102 0 0 17 17 15.033296378372908 15.033296378372908 1.0365023711853876 
98 100 0 0 16 17 15.033296378372908 15.033296378372908 1.0363187331257415 
96 98 0 0 16 17 15.033296378372908 15.033296378372908 1.0361350950660955 
94 96 0 0 16 17 15.033296378372908 15.033296378372908 1.0332780653631195 
92 94 0 0 16 15 15.033296378372908 15.033296378372908 1.0333241108153008 
90 92 0 0 15 15 15.033296378372908 15.033296378372908 1.0326222960422975 
88 90 1 1 17 17 15.033296378372908 15.033296378372908 1.0244051596262673 
84 86 2 2 13 13 13.341664064126334 13.341664064126334 1.024221521566621 
82 84 2 2 13 13 13.341664064126334 13.341664064126334 1.0244972505306298 
80 82 2 2 11 13 13.341664064126334 13.341664064126334 1.0209686435427527 
79 80 2 2 9 11 13.341664064126334 13.341664064126334 1.0190732959319995 
78 78 2 2 8 10 13.341664064126334 14.0 1.0199632195143227 
76 77 2 2 10 11 14.0 13.038404810405298 1.0165815859724499 
75 75 2 2 9 9 13.038404810405298 13.038404810405298 1.0157719318167633 
74 74 2 2 10 9 12.165525060596439 12.0 1.015979281910018 
73 73 2 2 10 9 11.40175425099138 12.0 1.0153540466770479 
72 72 2 2 9 9 11.40175425099138 11.045361017187261 1.0154018269221474 
71 71 2 2 9 9 11.045361017187261 11.045361017187261 1.0151459659445912 
69 70 2 2 11 9 11.045361017187261 10.0 1.0279013646818758 
67 69 3 2 9 9 11.045361017187261 10.0 1.0388367685751219 
66 68 4 2 10 9 11.045361017187261 10.0 1.039434000080781 
65 67 4 2 7 9 11.045361017187261 10.0 1.0401276908191448 
63 65 4 2 9 10 11.045361017187261 10.0 1.0398301202762135 
61 64 4 2 9 9 11.045361017187261 10.0 1.0413286125786014 
59 63 4 2 7 9 11.045361017187261 10.0 1.0430193179847738 
58 61 4 2 7 11 10.198039027185569 10.0 1.0250422362053129 
57 59 4 3 7 9 10.198039027185569 10.0 1.0125765847279933 
56 58 4 4 7 10 9.486832980505138 10.0 1.014165077514948 
55 56 4 4 6 12 9.486832980505138 10.0 1.0113998668417952 
54 55 4 4 6 10 9.486832980505138 10.0 1.0100470987604733 
53 54 4 4 6 9 8.246211251235321 9.486832980505138 1.0114059080356006 
52 52 4 4 6 11 8.246211251235321 9.486832980505138 1.005734178238841 
50 48 4 4 7 9 8.602325267042627 9.486832980505138 1.005781600784874 
48 47 4 4 7 9 8.602325267042627 8.246211251235321 1.0058813640222681 
46 46 4 4 7 9 8.602325267042627 7.0710678118654755 1.0051244264556818 
44 45 4 4 9 8 8.602325267042627 7.0710678118654755 1.0060261869256528 
42 44 4 4 7 8 8.602325267042627 6.324555320336759 1.016961590818899 
41 43 5 4 8 8 8.602325267042627 6.324555320336759 1.0182303996094595 
39 42 5 4 7 8 8.602325267042627 6.324555320336759 1.0152006277334962 
37 41 6 5 7 7 8.602325267042627 6.324555320336759 1.0259005272553758 
35 40 7 5 7 6 8.602325267042627 6.0 1.0290112449989253 
33 39 7 5 4 7 8.48528137423857 6.0 1.0277665675515955 
32 38 7 5 3 6 8.602325267042627 6.0 1.0259926181597385 
31 36 7 5 5 6 8.602325267042627 6.0 1.008560478494786 
30 34 7 6 5 4 7.211102550927978 6.0 1.0105042627206857 
28 33 7 6 3 5 9.486832980505138 6.0 1.0113989535918235 
26 32 7 6 1 4 7.615773105863909 6.0 1.0103399845729064 
25 31 7 6 1 4 8.246211251235321 5.0990195135927845 1.010694076024042 
24 30 7 6 1 4 8.246211251235321 5.656854249492381 1.020752151119278 
23 29 8 6 0 3 8.246211251235321 5.656854249492381 1.0200524171411443 
23 28 8 6 1 3 6.324555320336759 5.656854249492381 1.0059087648175238 
22 27 8 7 0 3 7.0710678118654755 5.656854249492381 1.0040312403166027 
22 26 8 7 1 2 5.0990195135927845 5.830951894845301 1.0167627070551681 
21 25 9 7 0 3 5.0990195135927845 5.830951894845301 1.0014277955742203 
21 24 9 8 1 2 1.4142135623730951 5.830951894845301 1 
