140 140 0 0 14 14 16.0 16.0 1.0064128198340043 
138 138 0 0 17 17 16.0 14.0 1.002093435043758 
136 134 0 0 18 16 14.142135623730951 13.341664064126334 1.0074656191943019 
132 132 0 0 18 16 15.033296378372908 15.033296378372908 1.008047641135379 
130 130 0 0 17 16 15.033296378372908 15.033296378372908 1.00848178689771 
128 128 0 0 17 16 15.033296378372908 15.033296378372908 1.00558583570556 
126 126 0 0 17 14 15.033296378372908 15.033296378372908 1.0079807823026243 
124 124 0 0 15 15 15.033296378372908 15.033296378372908 1.0066020034089684 
122 122 0 0 16 14 15.033296378372908 15.033296378372908 1.0085533214697933 
120 120 0 0 17 15 15.033296378372908 15.033296378372908 1.0106525157093647 
118 118 0 0 17 16 15.033296378372908 15.033296378372908 1.0127517099489358 
116 116 0 0 17 17 15.033296378372908 15.033296378372908 1.0131858557112667 
114 114 0 0 17 17 15.033296378372908 15.033296378372908 1.0136200014735977 
112 112 0 0 17 17 15.033296378372908 15.033296378372908 1.009994762235952 
108 106 0 0 17 16 15.033296378372908 15.033296378372908 1.010724660355776 
106 104 0 0 15 16 15.033296378372908 15.033296378372908 1.0110109299393604 
104 102 0 0 16 16 15.033296378372908 15.033296378372908 1.0131101241789315 
102 100 0 0 16 17 15.033296378372908 15.033296378372908 1.013692146120009 
100 98 0 0 15 17 15.033296378372908 15.033296378372908 1.0194563576750821 
99 96 1 0 16 15 15.033296378372908 15.033296378372908 1.0197426272586665 
97 94 1 0 17 15 15.033296378372908 15.033296378372908 1.0201767730209974 
95 92 1 0 17 15 15.033296378372908 15.033296378372908 1.0168821383153945 
93 91 1 0 18 12 15.033296378372908 15.033296378372908 1.0222889056251498 
89 90 1 0 16 12 15.033296378372908 15.033296378372908 1.0248352655706265 
87 88 1 0 16 14 15.033296378372908 14.0 1.0196425075724302 
85 84 1 0 16 13 15.033296378372908 13.038404810405298 1.0176320110119381 
84 83 1 0 15 12 14.142135623730951 12.165525060596439 1.0302645310082263 
82 82 2 0 15 13 14.142135623730951 11.045361017187261 1.029397377450434 
81 81 2 0 14 13 14.142135623730951 10.0 1.0383887548040274 
80 80 3 0 14 12 14.142135623730951 10.0 1.041902190186132 
78 79 3 0 14 13 14.142135623730951 10.0 1.0467174527809016 
74 78 3 0 16 13 14.142135623730951 10.0 1.0474810853542669 
73 76 3 0 14 14 14.142135623730951 10.0 1.0561767103503672 
72 75 4 0 16 13 14.142135623730951 10.0 1.0598380219112185 
70 74 4 0 15 14 14.142135623730951 10.0 1.0451287759087338 
69 73 4 1 14 14 14.142135623730951 10.0 1.0454937249686458 
68 72 4 1 13 14 14.142135623730951 10.0 1.0291194304889206 
67 71 4 2 12 13 14.142135623730951 10.0 1.0313143549204906 
65 70 4 2 10 13 14.0 10.0 1.0331119566561422 
63 69 4 2 10 13 14.142135623730951 10.0 1.0337233934177277 
62 68 4 2 10 13 13.038404810405298 10.0 1.034252346914274 
61 67 4 2 10 13 12.165525060596439 10.0 1.0329522474969457 
60 66 4 2 9 12 12.165525060596439 10.0 1.0197264393394134 
58 65 4 3 9 12 12.165525060596439 10.0 1.0204916238856707 
57 64 4 3 8 12 11.045361017187261 10.0 1.021011445574705 
56 63 4 3 8 12 10.198039027185569 10.0 1.021636789581603 
55 62 4 3 8 12 9.055385138137417 10.0 1.0203366901642745 
54 61 4 3 7 11 9.055385138137417 10.0 1.0209238415581738 
52 60 4 3 8 11 9.055385138137417 9.055385138137417 1.0202516394085221 
51 58 4 3 7 11 8.0 9.055385138137417 1.0186557876337008 
50 57 4 3 8 10 8.0 9.055385138137417 1.0072766385856966 
49 56 4 4 7 12 8.0 9.055385138137417 0.9994192764153672 
48 54 4 4 7 8 8.0 9.055385138137417 0.9996363492965327 
47 53 4 4 7 8 8.0 9.055385138137417 0.9998534221776979 
46 52 4 4 7 8 8.0 9.055385138137417 0.9849625655429255 
44 51 4 5 7 7 8.0 9.055385138137417 0.9971024292187117 
42 50 5 5 8 7 8.0 9.055385138137417 1.006776955522097 
40 49 6 5 6 6 8.0 8.0 1.008806953059249 
39 48 6 5 5 7 8.0 8.0 1.0157663549163758 
33 46 6 5 5 7 8.0 8.0 1.026935605985868 
31 44 7 5 3 7 8.0 8.0 1.0277353943970513 
30 42 7 5 3 8 7.0710678118654755 8.0 1.0118467244378102 
29 40 7 6 3 8 6.0 8.0 0.9925671851900485 
28 38 7 7 3 6 5.0990195135927845 8.0 0.9924890036070043 
26 37 7 7 3 5 5.830951894845301 8.0 0.9921424235750713 
25 36 7 7 2 4 3.1622776601683795 8.0 0.9909444841136252 
24 35 7 7 1 4 4.47213595499958 7.0710678118654755 1.001600909944459 
23 34 8 7 1 4 4.47213595499958 7.0710678118654755 1.0003276318774346 
22 32 8 7 0 4 5.0990195135927845 7.0710678118654755 0.9947131758338676 
22 30 8 7 1 2 3.1622776601683795 7.0710678118654755 1.0042550762108622 
21 29 9 7 0 2 3.1622776601683795 6.0 1.0022556133725293 
21 28 9 7 1 2 1.4142135623730951 5.0990195135927845 1 
