140 140 0 0 14 14 16.0 16.0 0.9958053556021439 
138 138 0 0 17 17 16.0 14.0 0.9918549965191096 
136 134 0 0 22 16 14.142135623730951 13.038404810405298 1.0073091716293066 
132 132 0 0 27 21 16.0 13.038404810405298 1.0143828996890623 
128 128 0 0 26 22 15.033296378372908 15.033296378372908 1.020696978533944 
124 124 0 0 28 24 15.033296378372908 15.033296378372908 0.9814637898454426 
120 112 0 1 32 19 15.033296378372908 13.038404810405298 0.9826135205555621 
112 108 0 1 23 16 15.033296378372908 13.038404810405298 0.9702333384607752 
111 96 1 2 22 21 15.033296378372908 13.038404810405298 0.9507862671173791 
109 88 1 2 30 14 15.033296378372908 14.142135623730951 0.9368128586821612 
107 87 1 3 30 14 15.033296378372908 14.142135623730951 0.9863586176445134 
93 86 2 3 17 22 13.038404810405298 14.142135623730951 0.9402520170406707 
91 74 2 4 24 14 14.142135623730951 14.142135623730951 0.9384934912410638 
81 70 3 5 16 11 14.142135623730951 14.142135623730951 0.9401304218130697 
79 68 3 5 16 11 12.165525060596439 14.142135623730951 0.9560922770870722 
78 67 3 5 26 18 12.165525060596439 13.341664064126334 0.9658472702748612 
68 65 4 5 16 12 12.0 12.649110640673518 0.9654760757703016 
66 63 4 5 14 12 12.165525060596439 12.165525060596439 0.9673389616963535 
65 61 4 5 18 13 12.165525060596439 12.165525060596439 0.9717827153087337 
61 59 4 5 17 13 12.165525060596439 12.165525060596439 0.9695122547315104 
59 57 4 5 12 12 12.165525060596439 12.165525060596439 0.9738317440257552 
58 55 5 5 13 10 12.165525060596439 12.165525060596439 0.9729808799519751 
57 53 5 5 14 10 12.165525060596439 12.165525060596439 0.9718810441753288 
56 52 5 5 16 10 12.649110640673518 11.045361017187261 0.9786010727814416 
50 50 5 5 13 10 11.40175425099138 10.0 0.9779861123118186 
48 48 5 5 13 10 11.40175425099138 9.055385138137417 0.9819239942745692 
46 46 5 5 11 10 11.40175425099138 11.313708498984761 0.9815543260746284 
45 44 5 5 12 10 10.198039027185569 11.313708498984761 0.9828578750439139 
43 42 5 5 12 10 9.055385138137417 11.313708498984761 0.9881418803559978 
41 40 5 5 11 12 8.0 11.313708498984761 0.9584029159722564 
39 36 5 6 13 6 7.0710678118654755 11.661903789690601 0.9539153808350548 
33 35 6 7 8 4 6.324555320336759 10.0 0.9566490388037637 
32 34 6 7 9 5 6.324555320336759 10.0 0.9621885125432338 
31 33 7 7 9 4 6.324555320336759 8.602325267042627 0.9669438489438626 
29 32 7 7 6 5 4.0 8.602325267042627 0.9652144135735302 
28 31 7 7 6 5 4.0 7.211102550927978 0.9602796201733403 
27 29 7 7 6 3 3.1622776601683795 7.211102550927978 0.9621060851149104 
25 27 7 7 3 4 4.47213595499958 7.211102550927978 0.9411973383749632 
24 25 7 8 3 2 2.8284271247461903 7.211102550927978 0.9484689956473283 
23 24 8 8 1 2 2.8284271247461903 5.830951894845301 0.9452465121118097 
22 23 8 8 1 1 1.4142135623730951 4.47213595499958 0.9535642690024503 
21 22 9 8 0 1 7.0710678118654755 5.0990195135927845 0.9352461669988996 
21 21 9 9 0 0 3.1622776601683795 5.0990195135927845 0.932553276217998 
21 21 9 9 1 1 1.4142135623730951 1.4142135623730951 1 
