140 138 0 0 14 17 16.0 16.0 1.0068388061846523 
138 136 0 0 17 18 14.0 14.142135623730951 1.0092268484809035 
134 132 0 0 16 18 13.038404810405298 15.033296378372908 1.0072749628462248 
132 130 0 0 16 17 15.033296378372908 15.033296378372908 1.0076988530379094 
130 128 0 0 16 17 15.033296378372908 15.033296378372908 1.008122743229594 
128 126 0 0 16 17 15.033296378372908 15.033296378372908 1.008840325957517 
126 124 0 0 14 17 15.033296378372908 15.033296378372908 1.0056426231890658 
124 122 0 0 16 15 15.033296378372908 15.033296378372908 1.0077304635926994 
122 120 0 0 16 16 15.033296378372908 15.033296378372908 1.009818303996333 
120 118 0 0 16 17 15.033296378372908 15.033296378372908 1.0105358867242558 
118 116 0 0 14 17 15.033296378372908 15.033296378372908 1.0106660843797026 
116 114 0 0 16 17 15.033296378372908 15.033296378372908 1.0110899745713873 
114 112 0 0 16 17 15.033296378372908 15.033296378372908 1.0115138647630721 
112 110 0 0 16 17 15.033296378372908 15.033296378372908 1.008609854530859 
110 108 0 0 16 15 15.033296378372908 15.033296378372908 1.0091805909906628 
108 106 0 0 15 15 15.033296378372908 15.033296378372908 1.0096044811823475 
106 104 0 0 15 15 15.033296378372908 15.033296378372908 1.0116923215859812 
104 102 0 0 15 16 15.033296378372908 15.033296378372908 1.0094308265441054 
102 98 0 0 14 16 15.033296378372908 15.033296378372908 1.0080439202557223 
100 96 0 0 15 15 15.033296378372908 15.033296378372908 1.008467810447407 
98 94 0 0 15 15 15.033296378372908 15.033296378372908 1.0072277504271427 
96 92 0 0 15 14 15.033296378372908 15.033296378372908 1.0061345366749979 
94 90 0 0 14 13 15.033296378372908 15.033296378372908 1.0065584268666825 
92 88 0 0 14 13 15.033296378372908 15.033296378372908 1.0104570637503838 
90 86 0 0 13 15 15.033296378372908 15.033296378372908 0.9924784653367016 
88 84 0 1 13 13 15.033296378372908 15.033296378372908 0.977827767346917 
86 82 0 2 13 13 15.033296378372908 15.033296378372908 0.9699940603925985 
84 80 1 3 15 11 15.033296378372908 15.033296378372908 0.9852026685225062 
80 79 2 3 10 10 13.341664064126334 15.033296378372908 0.9863484239730873 
78 77 2 3 10 11 13.038404810405298 14.142135623730951 0.9869343793054134 
77 75 2 3 8 12 13.038404810405298 14.0 0.984349067090113 
76 74 2 3 8 11 13.038404810405298 13.038404810405298 0.9800406777226878 
75 72 2 3 9 9 12.0 13.038404810405298 0.9809974893667291 
73 71 2 3 9 9 11.045361017187261 12.0 0.9802962708348095 
71 69 2 3 9 9 11.045361017187261 11.045361017187261 0.9800945429977044 
69 67 2 3 9 9 10.0 10.198039027185569 0.9795747391925244 
67 65 2 3 9 9 10.295630140987 9.486832980505138 0.982004883523455 
65 63 2 3 10 9 10.295630140987 11.313708498984761 0.9825756199832589 
63 61 2 3 9 9 10.295630140987 11.313708498984761 0.9832932027111815 
61 59 2 3 7 9 10.295630140987 11.313708498984761 0.9854865311073088 
59 57 2 3 7 10 10.0 11.313708498984761 0.9824715639722434 
58 55 2 3 8 9 10.0 11.313708498984761 0.9784382170804244 
57 53 2 3 8 7 8.602325267042627 11.313708498984761 0.9806302487217685 
55 52 2 3 8 7 7.615773105863909 11.313708498984761 0.9820297158599359 
53 51 2 3 11 7 7.615773105863909 11.313708498984761 0.9690888261572291 
51 50 2 4 9 7 7.615773105863909 11.313708498984761 0.9747163113269268 
50 49 3 4 10 5 7.615773105863909 10.0 0.9783671137495192 
48 48 3 4 9 6 7.615773105863909 10.0 0.9906457036876454 
46 47 4 4 9 6 7.615773105863909 10.0 0.9878497054443022 
44 46 5 5 9 6 7.615773105863909 10.0 0.9881560383753897 
42 45 5 5 6 5 8.48528137423857 10.0 0.9888226413274991 
41 44 5 5 6 5 7.211102550927978 10.0 0.9894292671525695 
40 42 5 5 5 6 7.211102550927978 10.0 0.9832742358349907 
39 40 5 5 5 5 7.211102550927978 7.211102550927978 0.9850032848746628 
38 39 5 5 6 6 7.211102550927978 7.211102550927978 0.9838969046625683 
37 38 5 5 7 5 5.830951894845301 7.211102550927978 0.9838782914677268 
35 36 5 5 7 5 7.0710678118654755 7.211102550927978 0.9656060005178067 
33 34 5 6 9 3 7.0710678118654755 7.211102550927978 0.9814879889626544 
31 33 6 6 6 5 7.0710678118654755 7.0710678118654755 0.9873945018793608 
30 31 7 6 6 3 7.0710678118654755 7.0710678118654755 0.9886525996144218 
29 29 7 6 4 4 5.656854249492381 7.0710678118654755 0.9690459403540574 
28 27 7 7 4 2 5.656854249492381 7.0710678118654755 0.9680957616244731 
27 26 7 7 4 2 4.242640687119285 5.656854249492381 0.9657153440684173 
25 25 7 7 5 1 6.324555320336759 4.242640687119285 0.979952452207626 
23 24 8 7 2 1 2.8284271247461903 4.47213595499958 0.9655944347638705 
22 23 8 8 2 1 1.4142135623730951 4.47213595499958 0.9742987042569548 
21 22 9 8 0 0 5.0990195135927845 5.0990195135927845 0.974848050628239 
21 22 9 8 1 1 1.4142135623730951 3.1622776601683795 1 
