140 140 0 0 14 14 16.0 16.0 1.0516256571703118 
138 138 0 0 17 17 16.0 14.142135623730951 1.0569341296270365 
134 136 0 0 16 18 13.038404810405298 16.0 1.0533913147437584 
132 132 0 0 16 18 13.038404810405298 15.033296378372908 1.0509897613183012 
130 130 0 0 16 17 15.033296378372908 15.033296378372908 1.0505241033679036 
128 128 0 0 16 17 15.033296378372908 15.033296378372908 1.0506257662280616 
126 126 0 0 14 17 15.033296378372908 15.033296378372908 1.047156151893904 
124 124 0 0 16 15 15.033296378372908 15.033296378372908 1.0481924721353861 
122 122 0 0 15 16 15.033296378372908 15.033296378372908 1.0489451319715906 
120 120 0 0 15 17 15.033296378372908 15.033296378372908 1.049697791807795 
118 118 0 0 15 18 15.033296378372908 15.033296378372908 1.049799454667953 
116 116 0 0 13 18 15.033296378372908 15.033296378372908 1.0463298403337955 
114 114 0 0 15 16 15.033296378372908 15.033296378372908 1.0461478427886757 
112 112 0 0 14 16 15.033296378372908 15.033296378372908 1.045682184838278 
110 110 0 0 14 16 15.033296378372908 15.033296378372908 1.0452165268878804 
108 108 0 0 14 16 15.033296378372908 15.033296378372908 1.0447508689374827 
106 106 0 0 14 16 15.033296378372908 15.033296378372908 1.0427832327952051 
104 104 0 0 15 15 15.033296378372908 15.033296378372908 1.0397972631061123 
102 102 0 0 11 12 15.033296378372908 15.033296378372908 1.042515610203106 
98 100 0 0 11 13 15.033296378372908 15.033296378372908 1.04472206198212 
97 98 0 0 11 16 15.033296378372908 15.033296378372908 1.0441501471090673 
93 97 0 0 14 14 15.033296378372908 15.033296378372908 1.0480868119926627 
89 95 0 0 14 16 15.033296378372908 15.033296378372908 1.0476185088612564 
87 94 0 0 14 15 15.033296378372908 15.033296378372908 1.0604936049618634 
85 93 1 0 12 15 15.033296378372908 15.033296378372908 1.0703192036106493 
84 91 2 0 13 15 15.033296378372908 15.033296378372908 1.0586915090782334 
82 89 2 1 13 17 15.033296378372908 15.033296378372908 1.0442459078762825 
81 88 2 2 12 16 14.142135623730951 15.033296378372908 1.0413436143526806 
79 86 2 2 12 14 14.142135623730951 15.033296378372908 1.0386461257248527 
78 85 2 2 10 12 14.142135623730951 14.142135623730951 1.0401666828766543 
76 84 2 2 10 12 12.0 14.142135623730951 1.0406330371265722 
74 83 2 2 11 12 12.0 14.142135623730951 1.029805492379911 
73 82 2 3 9 14 12.0 14.142135623730951 1.029704353108415 
71 80 2 3 10 14 10.198039027185569 14.142135623730951 1.0283805672467423 
70 79 2 3 11 13 9.055385138137417 14.142135623730951 1.0272140960634888 
69 78 2 3 11 12 8.0 14.0 1.026055645318551 
68 76 2 3 10 12 8.246211251235321 14.142135623730951 1.0251740269074638 
67 75 2 3 10 12 8.0 13.038404810405298 1.0238232406234729 
66 74 2 3 10 12 9.486832980505138 12.165525060596439 1.022372093861672 
65 73 2 3 10 11 9.486832980505138 12.165525060596439 1.0208658464878646 
64 72 2 3 10 10 9.486832980505138 12.083045973594572 1.0202234467214522 
63 71 2 3 9 10 9.486832980505138 11.045361017187261 1.030330060594507 
62 70 3 3 9 9 9.486832980505138 11.045361017187261 1.0293988723877945 
61 69 3 3 9 9 9.486832980505138 10.0 1.0303870063802063 
60 67 3 3 9 11 9.486832980505138 10.0 1.0277175418318034 
59 66 3 3 9 9 9.486832980505138 10.0 1.0281838960817211 
57 65 3 3 10 9 9.486832980505138 10.0 1.0444230458933508 
51 64 4 3 10 9 9.486832980505138 10.0 1.0462752065046914 
49 63 4 3 8 9 8.0 10.0 1.046376521511551 
48 62 4 3 8 9 7.0710678118654755 10.0 1.0329770590440952 
46 61 4 4 8 9 8.602325267042627 10.0 1.032477544549404 
45 60 4 4 8 8 6.324555320336759 10.198039027185569 1.0314718795080728 
43 59 4 4 9 7 7.211102550927978 10.295630140987 1.0364468135146387 
41 57 4 4 7 11 7.211102550927978 10.295630140987 1.0433436414056823 
39 55 5 4 7 8 7.211102550927978 9.486832980505138 1.0430889451172676 
38 53 5 4 4 8 7.211102550927978 10.0 1.0428561161420689 
37 52 5 4 4 8 7.211102550927978 10.0 1.0426259323478786 
36 50 5 4 4 9 7.211102550927978 10.0 1.0511634250634398 
35 49 6 4 5 7 7.211102550927978 9.899494936611665 1.0515258714660292 
33 48 6 4 4 8 7.211102550927978 7.0710678118654755 1.0517894931919198 
32 47 6 4 4 8 5.830951894845301 7.0710678118654755 1.0506220068353966 
31 46 6 4 3 7 5.830951894845301 7.0710678118654755 1.0357773039542872 
30 45 6 5 4 6 4.47213595499958 7.0710678118654755 1.0358281353843661 
29 44 6 5 3 6 4.47213595499958 7.0710678118654755 1.034379633803574 
28 42 6 5 3 6 4.47213595499958 7.0710678118654755 1.0459908710495172 
27 40 7 5 2 7 4.47213595499958 7.0710678118654755 1.0311312029116828 
26 38 7 6 3 7 3.1622776601683795 7.0710678118654755 1.013931054007742 
25 36 7 7 2 5 3.1622776601683795 7.0710678118654755 1.0242567924636947 
24 35 8 7 3 5 3.1622776601683795 6.0 1.0235073862324886 
23 34 8 7 2 4 2.0 6.0 1.0222917136268952 
23 33 8 7 2 4 2.0 6.0 1.0198577232346997 
23 32 8 7 2 3 2.0 6.0 1.0186420506291063 
23 31 8 7 2 3 2.0 6.0 1.0168244730072062 
23 30 8 7 2 3 2.0 5.0990195135927845 1.0156088004016128 
23 29 8 7 2 3 2.0 5.0990195135927845 1.013658921708063 
23 28 8 7 2 3 2.0 4.0 1.0124432491024695 
23 27 8 7 2 3 2.0 4.0 1.010009258710274 
23 26 8 7 2 2 2.0 4.0 1.0082339410444114 
23 25 8 7 2 2 2.0 3.1622776601683795 1.0068267718756232 
22 24 8 7 1 1 5.0990195135927845 4.47213595499958 1.0055333525786514 
21 23 9 8 0 1 3.1622776601683795 4.47213595499958 1.0038632867908368 
21 22 9 8 1 0 1.4142135623730951 5.0990195135927845 1 
