140 138 0 0 14 17 16.0 16.0 1.0211837686368195 
138 134 0 0 17 16 14.142135623730951 13.038404810405298 1.025244622171648 
134 132 0 0 16 16 15.033296378372908 15.033296378372908 1.0252306323176552 
132 130 0 0 16 16 15.033296378372908 15.033296378372908 1.0252166424636624 
130 128 0 0 16 16 15.033296378372908 15.033296378372908 1.0209893269580361 
128 126 0 0 16 13 15.033296378372908 15.033296378372908 1.0237842208717989 
126 124 0 0 16 15 15.033296378372908 15.033296378372908 1.023770231017806 
124 122 0 0 16 15 15.033296378372908 15.033296378372908 1.0237562411638133 
122 120 0 0 16 15 15.033296378372908 15.033296378372908 1.0237422513098202 
120 118 0 0 16 15 15.033296378372908 15.033296378372908 1.024243421266635 
118 116 0 0 13 15 15.033296378372908 15.033296378372908 1.0238859915387706 
116 114 0 0 15 15 15.033296378372908 15.033296378372908 1.0238720016847778 
114 112 0 0 15 15 15.033296378372908 15.033296378372908 1.023858011830785 
112 110 0 0 15 15 15.033296378372908 15.033296378372908 1.023844021976792 
110 108 0 0 15 15 15.033296378372908 15.033296378372908 1.023830032122799 
108 106 0 0 15 15 15.033296378372908 15.033296378372908 1.0238160422688063 
106 104 0 0 15 15 15.033296378372908 15.033296378372908 1.0211137077008368 
102 98 0 0 16 15 15.033296378372908 15.033296378372908 1.0082554537313695 
100 97 0 1 15 15 15.033296378372908 15.033296378372908 1.0059105488912647 
98 93 0 1 14 15 15.033296378372908 15.033296378372908 1.0041672727941044 
96 92 0 1 15 13 15.033296378372908 15.033296378372908 1.0052328804646997 
94 91 0 1 16 13 15.033296378372908 15.033296378372908 1.008958853141286 
90 90 0 1 16 13 15.033296378372908 15.033296378372908 1.0104209833180762 
88 88 0 1 15 14 13.038404810405298 14.0 1.0232447239269205 
84 86 1 1 14 14 13.038404810405298 13.038404810405298 1.0238553787982252 
82 84 1 1 14 15 13.038404810405298 12.165525060596439 1.0257962293424523 
80 82 1 1 15 17 13.038404810405298 11.40175425099138 1.0350078548032164 
76 78 2 1 14 16 13.038404810405298 10.770329614269007 1.0467055616827585 
75 76 3 1 11 17 13.038404810405298 10.770329614269007 1.0491802168978208 
71 74 3 1 11 17 13.038404810405298 10.770329614269007 1.044386566724906 
69 70 3 1 10 15 12.165525060596439 10.770329614269007 1.0329141591247344 
67 68 3 2 10 17 12.165525060596439 10.770329614269007 1.0172284258729294 
65 66 3 3 10 16 12.165525060596439 10.770329614269007 1.0268464117084364 
63 64 4 3 10 15 12.165525060596439 10.770329614269007 1.0346358774287556 
61 62 5 3 10 13 12.165525060596439 10.295630140987 1.0350102630472415 
59 61 5 3 8 12 11.045361017187261 10.0 1.0342299194403644 
58 57 5 3 7 14 11.045361017187261 10.0 1.0105839030793506 
57 53 5 4 7 10 11.045361017187261 10.0 1.009805481264087 
56 52 5 4 6 10 11.045361017187261 8.94427190999916 1.008394044453213 
55 51 5 4 6 9 11.045361017187261 8.94427190999916 0.9953640705468098 
53 50 5 5 6 9 11.045361017187261 8.94427190999916 0.994383935620033 
52 49 5 5 6 8 10.0 8.94427190999916 0.9935153586080661 
51 47 5 5 6 8 9.055385138137417 8.94427190999916 0.9764321783993797 
50 46 5 6 6 6 9.055385138137417 8.94427190999916 0.977982749778615 
49 44 5 6 6 8 9.055385138137417 8.94427190999916 0.9749533869471645 
48 43 5 6 8 6 8.0 8.602325267042627 0.9763989099255334 
46 42 5 6 7 7 8.0 7.0710678118654755 0.9763919149985368 
45 41 5 6 7 7 8.0 7.0710678118654755 0.9768040695280479 
43 40 5 6 7 7 10.0 7.0710678118654755 0.9747179770363825 
42 38 5 6 7 6 8.602325267042627 7.0710678118654755 0.9737541313673195 
41 37 5 6 7 6 8.602325267042627 6.0 0.9746869136592955 
40 36 5 6 7 6 6.324555320336759 6.0 0.9740467373945858 
39 35 5 6 6 6 6.324555320336759 5.0990195135927845 0.9740397424675893 
38 34 5 6 6 6 6.324555320336759 5.0990195135927845 0.9838364431670281 
37 33 6 6 5 5 6.324555320336759 5.0990195135927845 0.9681577048422196 
36 32 6 7 5 4 6.324555320336759 5.0990195135927845 0.9700607913760385 
35 31 6 7 5 5 5.0990195135927845 5.0990195135927845 0.9686493545651641 
34 30 6 7 5 4 5.0990195135927845 5.0990195135927845 0.9692366997428613 
33 29 6 7 4 5 5.0990195135927845 4.0 0.9654195717324326 
32 27 6 7 5 3 5.0990195135927845 4.47213595499958 0.9514701196507918 
31 25 6 8 4 4 5.0990195135927845 4.47213595499958 0.9333840404023019 
30 23 6 9 4 2 4.0 4.242640687119285 0.9319419215954947 
29 22 6 9 5 2 4.0 2.8284271247461903 0.9296127138025881 
28 21 6 9 5 1 3.1622776601683795 1.4142135623730951 -1 
