140 140 0 0 14 14 16.0 16.0 1.0240001071290972 
138 138 0 0 17 17 16.0 14.142135623730951 1.0312680521658448 
134 136 0 0 16 18 13.038404810405298 16.0 1.0277273295664668 
132 132 0 0 16 18 13.341664064126334 15.033296378372908 1.0256603740318786 
130 130 0 0 16 17 15.033296378372908 15.033296378372908 1.0257215310988674 
128 128 0 0 16 17 15.033296378372908 15.033296378372908 1.0261809168605536 
126 126 0 0 14 17 15.033296378372908 15.033296378372908 1.0258438452328449 
124 124 0 0 16 17 15.033296378372908 15.033296378372908 1.0229844559550447 
122 122 0 0 16 15 15.033296378372908 15.033296378372908 1.0245058861944278 
120 120 0 0 16 16 15.033296378372908 15.033296378372908 1.024965271956114 
118 118 0 0 14 16 15.033296378372908 15.033296378372908 1.0260884735007996 
116 116 0 0 16 17 15.033296378372908 15.033296378372908 1.0261496305677882 
114 114 0 0 16 17 15.033296378372908 15.033296378372908 1.0262107876347768 
112 112 0 0 16 17 15.033296378372908 15.033296378372908 1.0262719447017656 
110 110 0 0 16 17 15.033296378372908 15.033296378372908 1.0234125554239655 
108 108 0 0 16 15 15.033296378372908 15.033296378372908 1.023672826838303 
106 106 0 0 15 15 15.033296378372908 15.033296378372908 1.02261775248339 
104 102 0 0 15 16 15.033296378372908 15.033296378372908 1.0250336865281595 
98 100 0 0 15 14 15.033296378372908 15.033296378372908 1.0347321299165813 
97 98 1 0 15 14 15.033296378372908 15.033296378372908 1.0362535601559644 
95 96 1 0 15 15 15.033296378372908 15.033296378372908 1.0545363130188143 
87 92 2 0 16 16 13.341664064126334 15.033296378372908 1.0516769237410146 
85 90 2 0 16 14 13.341664064126334 15.033296378372908 1.0517380808080032 
83 88 2 0 16 14 13.341664064126334 15.033296378372908 1.0417783759773498 
81 86 2 1 16 17 13.341664064126334 15.033296378372908 1.0192939590888115 
79 82 2 2 14 14 13.341664064126334 13.341664064126334 1.0182701308357207 
78 80 2 2 12 14 13.038404810405298 13.038404810405298 1.017208161403366 
77 79 2 2 12 14 13.341664064126334 12.0 1.0142574035311624 
76 78 2 2 11 12 14.0 12.0 1.015606812895299 
74 77 2 2 11 12 14.0 12.0 1.015792462739362 
73 76 2 2 11 12 14.0 12.165525060596439 1.0175215002160116 
71 75 2 2 11 12 13.038404810405298 12.165525060596439 1.0183008645859593 
69 74 2 2 12 12 12.165525060596439 11.40175425099138 1.0227885789950437 
65 73 2 2 11 12 11.40175425099138 11.40175425099138 1.0205190265042763 
64 71 2 2 10 11 10.770329614269007 11.40175425099138 1.0064555208417165 
63 70 2 3 11 11 9.486832980505138 11.40175425099138 1.0064860993752107 
62 69 2 3 11 11 9.486832980505138 11.40175425099138 1.0068457330874165 
60 68 2 3 13 11 9.486832980505138 10.770329614269007 1.01901334077453 
58 67 3 3 11 11 9.486832980505138 10.198039027185569 1.029800922112751 
57 66 4 3 12 11 9.486832980505138 10.198039027185569 1.0147389099763187 
56 64 4 4 9 11 9.486832980505138 10.198039027185569 1.0110968373916722 
55 62 4 4 9 9 9.486832980505138 10.770329614269007 1.0088358406864717 
54 60 4 4 8 9 9.486832980505138 9.486832980505138 1.007578166922818 
53 58 4 4 8 9 9.486832980505138 9.486832980505138 1.0076087454563125 
52 57 4 4 8 9 9.486832980505138 9.486832980505138 1.0076393239898067 
51 56 4 4 8 9 9.486832980505138 9.486832980505138 1.0080681312179984 
50 55 4 4 6 9 9.486832980505138 9.486832980505138 1.0078995954041443 
49 54 4 4 7 9 9.486832980505138 9.486832980505138 1.008129288284987 
48 53 4 4 6 9 9.486832980505138 9.486832980505138 1.018466246051304 
46 52 5 4 6 8 9.486832980505138 8.94427190999916 1.030771772567516 
44 51 6 4 6 8 9.486832980505138 8.94427190999916 1.0315489224388663 
42 50 6 4 4 7 8.246211251235321 8.94427190999916 1.0169787052101864 
41 49 6 5 5 7 8.246211251235321 8.94427190999916 1.0159201457938816 
40 47 6 5 4 7 8.246211251235321 8.94427190999916 1.014927292497287 
39 45 6 5 5 7 7.0710678118654755 8.94427190999916 1.0132491687951903 
38 41 6 5 6 8 7.0710678118654755 9.899494936611665 1.0106936897254688 
37 40 6 5 5 7 7.0710678118654755 8.48528137423857 1.0139532050147664 
33 39 6 5 2 7 7.0710678118654755 7.0710678118654755 1.0174734751524372 
32 37 6 5 2 9 6.0 8.602325267042627 1.0136509530811388 
31 35 6 5 2 7 5.0990195135927845 8.602325267042627 1.0011740052260996 
30 34 6 6 2 8 4.0 8.602325267042627 0.9971883472889096 
29 32 6 6 2 7 7.211102550927978 8.602325267042627 0.9815289921104305 
28 30 6 7 2 7 7.211102550927978 8.602325267042627 0.9756906861395481 
27 28 7 8 1 5 7.211102550927978 10.295630140987 0.9710095377336561 
26 27 7 8 0 5 5.830951894845301 4.47213595499958 0.9660015399626414 
26 26 7 8 1 3 4.242640687119285 3.1622776601683795 0.9665904357913798 
25 25 7 8 1 3 2.8284271247461903 3.1622776601683795 0.9648832206948914 
24 24 7 8 1 3 4.47213595499958 2.0 0.973877441015093 
23 23 8 8 0 2 6.324555320336759 2.0 0.9715621320680337 
23 22 8 8 2 1 2.8284271247461903 1.4142135623730951 0.9720285759186728 
21 21 9 9 0 0 7.0710678118654755 7.0710678118654755 0.9699097968101572 
21 21 9 9 0 0 3.1622776601683795 3.1622776601683795 0.9702234088120133 
21 21 9 9 1 1 1.4142135623730951 1.4142135623730951 1 
