140 138 0 0 14 17 16.0 16.0 1.0008655324020572 
138 134 0 0 17 16 14.142135623730951 13.341664064126334 1.0065435460654715 
134 132 0 0 16 16 15.033296378372908 15.033296378372908 1.0074443798778914 
132 130 0 0 21 16 15.033296378372908 15.033296378372908 1.011390325314348 
128 128 0 0 22 16 15.033296378372908 15.033296378372908 1.011632817844953 
124 126 0 0 22 14 15.033296378372908 15.033296378372908 1.0191270743130108 
120 124 0 0 22 16 15.033296378372908 15.033296378372908 1.026621330781069 
116 122 0 0 22 18 15.033296378372908 15.033296378372908 1.0259119189874228 
112 118 0 0 23 17 15.033296378372908 15.033296378372908 1.025085139104344 
110 114 0 0 19 18 15.033296378372908 15.033296378372908 1.0389179398301356 
106 112 1 0 19 18 15.033296378372908 15.033296378372908 1.0395084898940565 
104 110 1 0 20 18 15.033296378372908 15.033296378372908 1.0400214690208527 
102 108 1 0 20 18 15.033296378372908 15.033296378372908 1.0369085661789221 
100 106 1 0 20 16 15.033296378372908 15.033296378372908 1.0352168714598615 
98 105 1 0 20 14 15.033296378372908 15.033296378372908 1.050683760759356 
92 104 2 0 17 12 13.341664064126334 15.033296378372908 1.0655723053881532 
90 103 2 0 16 20 14.0 14.142135623730951 1.0563610108890633 
88 102 2 0 15 14 14.0 14.0 1.0536187012265463 
86 100 2 0 13 13 14.0 13.038404810405298 1.0528080883839792 
84 98 2 0 11 13 14.0 12.165525060596439 1.047298296342904 
83 94 2 0 15 12 14.0 12.165525060596439 1.049833991883717 
79 92 2 0 11 12 14.0 11.40175425099138 1.0583117680273562 
78 90 3 0 13 12 14.0 11.045361017187261 1.071911855941773 
74 88 4 0 10 12 14.0 11.045361017187261 1.0709482446778928 
73 86 4 0 9 12 13.341664064126334 11.045361017187261 1.0767071310987124 
69 84 4 0 10 13 13.341664064126334 11.045361017187261 1.0757483552517415 
68 82 4 0 11 13 13.038404810405298 11.045361017187261 1.0748178895325364 
66 80 4 0 11 12 12.165525060596439 11.045361017187261 1.0720282962470538 
64 78 4 0 11 10 11.40175425099138 11.045361017187261 1.074621502848691 
62 76 4 0 11 11 10.770329614269007 11.045361017187261 1.0615266078253054 
60 74 4 1 11 12 10.295630140987 11.045361017187261 1.045986868460638 
58 72 4 2 11 12 11.313708498984761 11.045361017187261 1.0509145444164305 
56 70 4 2 14 14 10.0 11.045361017187261 1.051660236354601 
54 68 4 2 17 14 10.0 11.045361017187261 1.0632802177841232 
48 66 5 2 10 12 10.0 10.0 1.0593506539160373 
47 62 5 2 11 12 10.0 10.0 1.0601540182151787 
46 60 5 2 13 13 10.0 10.0 1.0673379909347376 
42 58 5 2 9 15 10.0 10.0 1.0570451997463925 
41 56 6 3 11 13 10.0 10.0 1.0405504776788261 
40 54 6 4 9 13 8.94427190999916 10.0 1.0237640003584985 
39 52 6 5 9 13 8.94427190999916 10.0 1.0142381839298138 
38 50 6 5 11 9 8.94427190999916 9.055385138137417 1.0214306101914328 
34 49 6 5 7 11 8.94427190999916 8.0 1.0324216716333163 
30 48 7 5 4 9 9.899494936611665 8.0 1.0408296464388114 
29 47 8 5 4 8 9.899494936611665 8.0 1.0398718415670767 
28 46 8 5 4 7 8.48528137423857 8.0 1.040726977679705 
27 45 8 5 4 7 7.0710678118654755 8.0 1.0409671874233017 
26 43 8 5 4 7 5.656854249492381 8.602325267042627 1.0399600116707226 
25 42 8 5 4 7 4.242640687119285 7.211102550927978 1.0412285289399492 
23 41 8 5 3 7 2.8284271247461903 6.324555320336759 1.0534044444757107 
21 39 9 5 0 7 5.0990195135927845 8.48528137423857 1.0521994034469955 
21 37 9 5 1 7 1.4142135623730951 8.48528137423857 1 
