140 140 0 0 14 14 16.0 16.0 1.0307862944295951 
138 138 0 0 17 17 16.0 14.142135623730951 1.031262109848409 
134 134 0 0 16 16 13.341664064126334 15.033296378372908 1.0305087692842168 
132 132 0 0 16 16 15.033296378372908 15.033296378372908 1.0304322994114306 
130 130 0 0 16 16 15.033296378372908 15.033296378372908 1.0303558295386441 
128 128 0 0 16 16 15.033296378372908 15.033296378372908 1.0308316720433095 
126 126 0 0 13 16 15.033296378372908 15.033296378372908 1.0303869939188888 
124 124 0 0 15 16 15.033296378372908 15.033296378372908 1.030126419920285 
122 122 0 0 16 16 15.033296378372908 15.033296378372908 1.0300499500474987 
120 120 0 0 16 16 15.033296378372908 15.033296378372908 1.027235620791128 
118 118 0 0 16 14 15.033296378372908 15.033296378372908 1.029897010301926 
116 116 0 0 16 16 15.033296378372908 15.033296378372908 1.0298205404291396 
114 114 0 0 16 16 15.033296378372908 15.033296378372908 1.0297440705563532 
112 112 0 0 16 16 15.033296378372908 15.033296378372908 1.029667600683567 
110 110 0 0 16 16 15.033296378372908 15.033296378372908 1.0285231997664233 
108 106 0 0 16 17 15.033296378372908 15.033296378372908 1.0415807632527736 
102 104 1 0 16 15 15.033296378372908 15.033296378372908 1.0428732230717794 
100 102 1 0 16 16 15.033296378372908 15.033296378372908 1.0427967531989932 
98 100 1 0 16 16 15.033296378372908 15.033296378372908 1.044089213017999 
96 98 1 0 16 17 15.033296378372908 15.033296378372908 1.0402741623214709 
94 96 1 0 14 14 15.033296378372908 15.033296378372908 1.0398630889991496 
92 95 1 0 15 13 15.033296378372908 15.033296378372908 1.0404392494747816 
90 94 1 0 14 13 15.033296378372908 14.142135623730951 1.0402122802782778 
88 93 1 0 14 12 15.033296378372908 14.142135623730951 1.0403535193334088 
86 92 1 0 12 11 15.033296378372908 14.142135623730951 1.04064988784655 
85 90 1 0 11 12 15.033296378372908 14.142135623730951 1.039242723218365 
84 89 1 0 11 11 15.033296378372908 14.142135623730951 1.0494643004057758 
83 87 2 0 13 12 15.033296378372908 13.341664064126334 1.0448258796674963 
82 83 2 0 12 12 15.033296378372908 12.0 1.045122248180638 
81 81 2 0 11 13 15.033296378372908 12.0 1.040059792448228 
80 77 2 0 11 12 15.033296378372908 12.0 1.0446354249328997 
79 75 2 0 11 16 14.142135623730951 12.0 1.0225882792649772 
78 73 2 1 10 11 14.142135623730951 12.0 1.0103811717236066 
77 71 2 2 10 13 13.038404810405298 12.0 1.0116782616769056 
76 69 2 2 11 15 13.038404810405298 12.0 1.006314807297061 
75 67 2 2 11 12 13.038404810405298 12.0 1.0078382728273056 
73 66 2 2 12 13 13.038404810405298 11.045361017187261 1.0053967819568626 
72 64 2 2 11 12 13.038404810405298 11.045361017187261 1.0042947805484121 
71 63 2 2 12 12 13.038404810405298 10.0 1.0039950286854804 
70 62 2 2 11 12 12.165525060596439 9.055385138137417 1.0014030384913202 
69 61 2 2 10 10 12.165525060596439 9.055385138137417 0.9911529223398821 
67 60 2 3 10 12 12.165525060596439 9.055385138137417 0.9874640042967364 
66 58 2 3 10 10 11.40175425099138 9.055385138137417 0.9870193128472643 
65 57 2 3 10 10 10.198039027185569 8.0 0.9842432185272867 
64 56 2 3 10 8 10.198039027185569 8.0 0.9939871649150961 
63 55 3 3 10 7 10.198039027185569 8.0 0.9939489299787031 
62 54 3 3 10 7 10.198039027185569 8.0 0.9957141433939279 
58 53 3 3 12 6 10.198039027185569 8.0 0.9980409294551914 
56 52 3 3 13 7 10.198039027185569 8.0 1.0093332795263168 
54 51 4 3 11 6 10.198039027185569 8.0 1.0231457800531099 
52 49 5 3 11 8 10.198039027185569 8.0 1.0159836960906303 
50 47 6 4 11 5 10.198039027185569 8.0 1.0041893457096007 
48 46 6 5 7 5 9.055385138137417 8.0 1.0043796744940094 
47 45 6 5 6 5 8.94427190999916 8.0 1.0039375813954055 
46 44 6 5 6 5 8.0 7.0710678118654755 1.0050610133011988 
45 42 6 5 6 5 8.0 9.899494936611665 1.0050227783648056 
44 41 6 5 6 5 8.0 9.899494936611665 1.0036156137366201 
43 40 6 5 6 4 8.0 9.899494936611665 0.9908163724617083 
42 39 6 6 6 5 8.0 9.899494936611665 0.9894092078335229 
41 38 6 6 6 4 8.0 9.899494936611665 0.9842246345403398 
40 36 6 6 6 2 8.0 8.48528137423857 0.9841863996039466 
39 35 6 6 6 2 8.0 8.48528137423857 0.9843322687933707 
38 34 6 6 5 2 8.0 8.48528137423857 0.9942603193069974 
37 33 7 6 4 1 8.0 8.48528137423857 0.9969599437541886 
36 32 7 6 4 3 8.0 8.48528137423857 0.9903731806295302 
35 28 8 7 3 3 8.246211251235321 8.48528137423857 0.9723472113449051 
34 26 8 8 3 1 8.246211251235321 8.602325267042627 0.969228667727756 
33 24 8 8 3 1 7.0710678118654755 5.830951894845301 0.9680470008113097 
32 23 8 8 3 1 7.0710678118654755 4.47213595499958 0.9675959183351933 
31 22 8 8 3 0 6.0 5.0990195135927845 0.9685152917701753 
30 22 8 8 3 1 6.0 3.1622776601683795 0.9533386992904609 
29 21 8 9 3 0 5.0990195135927845 3.1622776601683795 0.9544168434414646 
28 21 8 9 3 1 5.0990195135927845 1.4142135623730951 -1 
