140 138 0 0 14 17 16.0 16.0 1.0118015172196533 
138 134 0 0 17 16 14.142135623730951 13.038404810405298 1.0113409017294732 
136 132 0 0 18 16 16.0 13.341664064126334 1.0164243589821702 
132 130 0 0 18 16 15.033296378372908 15.033296378372908 1.0165807302245704 
130 128 0 0 18 16 15.033296378372908 15.033296378372908 1.0137552857590568 
128 126 0 0 18 14 15.033296378372908 15.033296378372908 1.0157796403588628 
126 124 0 0 16 15 15.033296378372908 15.033296378372908 1.0142565659955818 
124 122 0 0 17 14 15.033296378372908 15.033296378372908 1.0159038450919387 
122 120 0 0 17 15 15.033296378372908 15.033296378372908 1.017551124188296 
120 118 0 0 17 16 15.033296378372908 15.033296378372908 1.0191984032846528 
118 116 0 0 17 17 15.033296378372908 15.033296378372908 1.019354774527053 
116 114 0 0 17 17 15.033296378372908 15.033296378372908 1.0195111457694532 
114 112 0 0 17 17 15.033296378372908 15.033296378372908 1.0194789792601289 
112 110 0 0 18 17 15.033296378372908 15.033296378372908 1.019635350502529 
110 108 0 0 18 17 15.033296378372908 15.033296378372908 1.0168099060370155 
108 106 0 0 18 15 15.033296378372908 15.033296378372908 1.0173433527828648 
106 104 0 0 16 15 15.033296378372908 15.033296378372908 1.0117246303611624 
104 102 0 0 15 11 15.033296378372908 15.033296378372908 1.0097524579609884 
102 98 0 0 12 11 15.033296378372908 15.033296378372908 1.011067369900538 
100 97 0 0 13 11 15.033296378372908 15.033296378372908 1.0139276024058443 
98 93 0 0 16 15 15.033296378372908 15.033296378372908 1.008662182578191 
97 89 0 0 15 14 15.033296378372908 15.033296378372908 1.003297641692096 
96 87 0 0 13 11 15.033296378372908 15.033296378372908 0.9903330046139798 
95 86 0 1 13 12 15.033296378372908 15.033296378372908 0.9893755498405171 
94 85 0 1 13 12 15.033296378372908 14.0 0.998969679054438 
93 83 1 1 13 12 15.033296378372908 14.0 0.9980840881227523 
92 82 1 1 13 12 15.033296378372908 13.038404810405298 0.9975288532418876 
91 81 1 1 13 12 14.0 12.0 0.9979204693787906 
89 80 1 1 13 11 13.038404810405298 12.0 0.983133060490979 
87 78 1 2 17 11 12.165525060596439 12.0 1.001721493412675 
81 76 2 2 15 12 12.165525060596439 12.0 0.9982403335377737 
79 74 2 2 15 10 11.40175425099138 11.045361017187261 0.9996412286351426 
77 73 2 2 15 10 11.661903789690601 11.045361017187261 1.0000308459759086 
75 72 2 2 13 9 11.661903789690601 11.045361017187261 1.000097800525026 
73 68 2 2 15 11 11.661903789690601 11.045361017187261 0.9823615500027907 
71 66 2 3 17 9 11.661903789690601 11.045361017187261 0.9723130848487052 
69 65 2 4 17 11 11.661903789690601 11.045361017187261 0.9723256266860224 
67 64 2 4 17 10 11.661903789690601 11.045361017187261 0.9713003866452459 
65 63 2 4 18 9 11.661903789690601 10.198039027185569 0.9850165281404819 
61 62 3 4 17 8 11.661903789690601 10.0 0.9849636992448703 
60 60 3 4 16 8 9.055385138137417 10.0 0.9859015356809706 
58 59 3 4 19 8 9.055385138137417 10.0 1.0014956110574358 
54 58 4 4 17 8 9.055385138137417 10.0 0.988842405698886 
52 57 4 5 15 8 9.055385138137417 10.0 0.989232023039652 
50 56 4 5 13 7 9.055385138137417 10.0 0.9909240104826504 
48 55 4 5 12 7 9.055385138137417 10.0 0.9995986961778212 
47 54 5 5 19 7 9.055385138137417 9.055385138137417 1.025906752447574 
39 52 6 5 10 10 7.615773105863909 9.055385138137417 1.0248972984269655 
38 51 6 5 9 9 7.0710678118654755 9.055385138137417 1.0236731139459336 
37 50 6 5 8 8 7.0710678118654755 9.055385138137417 1.0256644373625308 
36 49 6 5 8 9 6.0 9.055385138137417 1.0259311607354553 
35 48 6 5 7 9 6.0 9.055385138137417 1.0360031268875491 
34 47 7 5 6 9 6.0 8.0 1.0348455835386186 
33 46 7 5 5 8 5.830951894845301 8.0 1.0339927297038891 
32 45 7 5 5 8 5.830951894845301 7.0710678118654755 1.034070915325089 
31 44 7 5 5 8 5.830951894845301 7.0710678118654755 1.043898290637376 
30 43 8 5 3 7 5.830951894845301 7.0710678118654755 1.0279518378513464 
29 42 8 6 3 6 5.830951894845301 7.0710678118654755 1.028565687758555 
28 41 8 6 3 6 4.47213595499958 7.0710678118654755 1.028643873379755 
27 40 8 6 3 6 4.47213595499958 7.0710678118654755 1.0292384234972034 
26 39 8 6 3 6 3.1622776601683795 7.0710678118654755 1.0118010628572167 
25 38 8 7 3 4 3.1622776601683795 7.0710678118654755 1.0138283424742347 
24 37 8 7 3 5 2.0 7.0710678118654755 1.0130215683351123 
23 36 8 7 2 5 2.0 6.0 1.0120283090770354 
22 35 8 7 1 4 1.4142135623730951 6.0 1.0231963602004681 
21 34 9 7 0 5 5.0990195135927845 6.0 1.0216224382909562 
21 33 9 7 1 4 1.4142135623730951 6.0 1 
