140 138 0 0 14 17 16.0 16.0 0.9795453472509059 
138 134 0 0 17 16 14.142135623730951 13.341664064126334 1.0060656992579253 
134 132 0 0 16 21 15.033296378372908 15.033296378372908 1.0106281905779508 
132 128 0 0 21 22 15.033296378372908 15.033296378372908 1.0143471522849101 
128 124 0 0 22 22 15.033296378372908 15.033296378372908 1.00815526317889 
124 118 0 0 24 20 15.033296378372908 15.033296378372908 1.0484147186451889 
116 117 0 0 20 27 15.033296378372908 15.033296378372908 1.0706335915419505 
112 116 1 0 18 29 13.341664064126334 15.033296378372908 1.0061088388778956 
111 102 1 1 28 22 14.0 13.341664064126334 0.9691200113983238 
110 98 1 2 31 17 14.0 14.0 1.0041298361628441 
108 97 1 2 30 27 13.038404810405298 13.341664064126334 0.9463450048768679 
98 85 1 3 19 17 13.038404810405298 13.038404810405298 0.9761941006743009 
96 84 2 3 18 23 13.038404810405298 13.038404810405298 0.9441156644693555 
95 76 2 3 24 16 13.038404810405298 13.038404810405298 0.9454402459541204 
87 75 2 4 20 17 13.038404810405298 13.038404810405298 0.9801718171521372 
83 74 2 4 18 25 12.0 13.038404810405298 0.9687101393148967 
75 68 3 4 20 16 12.0 13.038404810405298 0.9596288882358456 
73 62 3 4 21 15 12.0 13.038404810405298 0.9906241856553433 
65 60 4 4 14 19 12.0 12.165525060596439 0.9704236598711778 
63 52 5 4 13 15 12.0 11.045361017187261 0.9886356086389971 
59 51 5 4 12 18 12.0 11.045361017187261 0.9945400926432126 
58 47 5 4 18 20 12.0 11.045361017187261 0.9522034637383866 
57 43 5 5 16 15 12.0 11.045361017187261 0.9448726820583712 
55 39 5 5 14 14 12.0 11.045361017187261 0.9044798290348331 
51 35 5 6 14 7 10.295630140987 10.198039027185569 0.8875347666275929 
49 34 5 7 12 7 10.295630140987 10.198039027185569 0.8904528449987584 
47 33 5 7 15 7 10.295630140987 9.055385138137417 0.8986621120278011 
43 32 5 7 13 8 10.295630140987 8.0 0.8926470310033902 
39 28 6 7 8 7 8.94427190999916 4.0 0.9005028327567454 
38 27 7 7 8 7 8.94427190999916 4.0 0.8797443544350597 
37 26 7 8 8 6 7.615773105863909 4.0 0.878746261878463 
36 25 7 8 8 6 7.0710678118654755 3.1622776601683795 0.8699710450337336 
35 24 7 8 8 4 7.0710678118654755 2.0 0.8727462874523596 
34 23 7 8 8 4 7.0710678118654755 2.8284271247461903 0.8397081063621055 
33 21 7 9 8 1 6.0 1.4142135623730951 -1 
