140 140 0 0 14 14 16.0 16.0 1.0070608939601329 
138 138 0 0 17 17 16.0 14.0 1.0023799947998042 
136 134 0 0 18 16 14.142135623730951 13.038404810405298 1.0080895014655116 
132 132 0 0 18 16 15.033296378372908 15.033296378372908 1.0086578964318997 
130 130 0 0 17 16 15.033296378372908 15.033296378372908 1.0090817617633396 
128 128 0 0 17 16 15.033296378372908 15.033296378372908 1.0061845358724335 
126 126 0 0 17 14 15.033296378372908 15.033296378372908 1.0099294924262194 
124 124 0 0 17 16 15.033296378372908 15.033296378372908 1.0106424170275559 
122 122 0 0 15 16 15.033296378372908 15.033296378372908 1.0109217527240477 
120 120 0 0 16 16 15.033296378372908 15.033296378372908 1.0078799971981933 
118 118 0 0 17 14 15.033296378372908 15.033296378372908 1.0116249537519793 
116 116 0 0 17 16 15.033296378372908 15.033296378372908 1.0120488190834191 
114 114 0 0 17 16 15.033296378372908 15.033296378372908 1.0124726844148593 
112 112 0 0 17 16 15.033296378372908 15.033296378372908 1.0128965497462994 
110 110 0 0 17 16 15.033296378372908 15.033296378372908 1.0119489287364625 
108 108 0 0 15 15 15.033296378372908 15.033296378372908 1.0123727940679024 
106 106 0 0 15 15 15.033296378372908 15.033296378372908 1.0127966593993425 
104 104 0 0 15 15 15.033296378372908 15.033296378372908 1.011415449484661 
102 102 0 0 16 14 15.033296378372908 15.033296378372908 1.016757387375243 
98 100 0 0 16 15 15.033296378372908 15.033296378372908 1.017325782341631 
96 98 0 0 15 15 15.033296378372908 15.033296378372908 1.0149159860565422 
94 94 0 0 15 15 15.033296378372908 15.033296378372908 1.015339851387982 
92 92 0 0 15 15 15.033296378372908 15.033296378372908 1.0040134263740175 
90 90 0 1 15 17 15.033296378372908 15.033296378372908 0.9880507298341628 
88 86 1 2 17 13 15.033296378372908 13.341664064126334 1.003356338870815 
84 84 2 2 13 13 13.341664064126334 13.341664064126334 1.003780204202255 
82 82 2 2 13 13 13.341664064126334 13.341664064126334 1.0011720375812452 
80 80 2 2 11 11 13.341664064126334 13.341664064126334 1.0015599116965115 
79 78 2 2 9 12 13.341664064126334 13.038404810405298 0.9988894507515158 
78 77 2 2 9 11 13.341664064126334 12.0 0.9961275032655261 
77 75 2 2 8 10 14.0 12.165525060596439 0.9967493338651391 
75 73 2 2 9 11 14.0 11.045361017187261 0.9950363765336894 
74 71 2 2 8 11 13.038404810405298 10.198039027185569 0.9953307123020375 
73 69 2 2 10 11 12.0 11.40175425099138 0.9994344755138553 
71 67 2 2 9 13 11.40175425099138 11.40175425099138 0.9941347294148208 
69 63 2 2 9 11 10.198039027185569 11.40175425099138 0.994279925188756 
67 62 2 2 9 10 10.295630140987 11.40175425099138 0.9944600757172873 
65 61 2 2 9 9 10.295630140987 11.40175425099138 0.9949292855157152 
63 60 2 2 7 8 10.295630140987 11.40175425099138 0.994211816978988 
62 56 2 2 7 10 10.295630140987 11.40175425099138 0.9963280100587898 
61 54 2 2 7 12 10.295630140987 11.40175425099138 0.9798754185763575 
59 52 2 3 8 11 10.295630140987 11.40175425099138 0.9637436685010109 
58 50 2 4 7 11 10.295630140987 11.40175425099138 0.9489834047669407 
57 48 2 5 8 12 10.295630140987 11.40175425099138 0.9450971279167306 
56 46 2 5 7 11 8.94427190999916 10.0 0.9371214772450971 
55 44 2 5 8 8 8.94427190999916 8.602325267042627 0.9463567759207058 
54 42 3 5 8 8 8.94427190999916 8.602325267042627 0.9450526926102009 
53 41 3 5 7 7 8.94427190999916 8.602325267042627 0.9452646252759208 
52 40 3 5 7 7 8.94427190999916 8.602325267042627 0.9454765579416408 
51 39 3 5 7 7 8.94427190999916 8.602325267042627 0.928956563428437 
50 38 3 6 7 6 8.94427190999916 8.602325267042627 0.9364556826968737 
49 37 4 6 6 5 8.94427190999916 7.211102550927978 0.9380391017038704 
48 36 4 6 8 6 8.94427190999916 7.211102550927978 0.9398797978435748 
46 35 4 6 8 6 8.94427190999916 7.211102550927978 0.9259097217951945 
44 34 4 7 12 5 8.94427190999916 8.48528137423857 0.9384796740229484 
42 33 5 7 10 5 8.94427190999916 8.48528137423857 0.949096520363536 
40 32 6 7 10 5 8.94427190999916 7.0710678118654755 0.9621647043133219 
38 30 7 7 10 5 8.94427190999916 8.94427190999916 0.9633516355927736 
36 29 7 7 7 5 7.615773105863909 7.615773105863909 0.9612233063035351 
34 28 7 7 7 5 7.615773105863909 4.242640687119285 0.9616925161019627 
32 27 7 7 5 4 7.615773105863909 4.242640687119285 0.9607063858464303 
31 26 7 7 5 3 6.324555320336759 4.242640687119285 0.9615018051556294 
30 25 7 7 4 3 5.0990195135927845 4.242640687119285 0.9449265374926837 
29 24 7 8 3 2 5.656854249492381 4.242640687119285 0.9431853642712374 
28 23 7 8 5 2 5.656854249492381 2.8284271247461903 0.9422397870943352 
27 22 7 8 5 2 4.242640687119285 1.4142135623730951 0.9272882534520251 
25 21 7 9 3 0 6.324555320336759 3.1622776601683795 0.9415421987584516 
23 21 8 9 1 1 4.47213595499958 1.4142135623730951 -1 
