140 140 0 0 14 14 16.0 16.0 1.0184319226205083 
138 138 0 0 17 17 16.0 14.142135623730951 1.0261574478877045 
134 136 0 0 16 18 13.038404810405298 16.0 1.0225458310263669 
132 132 0 0 16 18 13.341664064126334 15.033296378372908 1.0205547536550201 
130 130 0 0 16 17 15.033296378372908 15.033296378372908 1.0207206487494596 
128 128 0 0 16 17 15.033296378372908 15.033296378372908 1.021257808496169 
126 126 0 0 14 17 15.033296378372908 15.033296378372908 1.0210524389383384 
124 124 0 0 16 17 15.033296378372908 15.033296378372908 1.018237604844005 
122 122 0 0 16 15 15.033296378372908 15.033296378372908 1.019893864532831 
120 120 0 0 16 16 15.033296378372908 15.033296378372908 1.0204310242795405 
118 118 0 0 14 16 15.033296378372908 15.033296378372908 1.02022565472171 
116 116 0 0 16 16 15.033296378372908 15.033296378372908 1.0203915498161495 
114 114 0 0 16 16 15.033296378372908 15.033296378372908 1.020557444910589 
112 112 0 0 16 16 15.033296378372908 15.033296378372908 1.0207233400050284 
110 110 0 0 16 16 15.033296378372908 15.033296378372908 1.0196899393285306 
108 106 0 0 16 17 15.033296378372908 15.033296378372908 1.0225862161537231 
102 104 0 0 16 15 15.033296378372908 15.033296378372908 1.0242424758425492 
100 102 0 0 16 16 15.033296378372908 15.033296378372908 1.0214276417482158 
98 100 0 0 16 14 15.033296378372908 15.033296378372908 1.0230839014370416 
96 98 0 0 16 15 15.033296378372908 15.033296378372908 1.023249796531481 
94 96 0 0 16 15 15.033296378372908 15.033296378372908 1.0234156916259207 
92 94 0 0 16 15 15.033296378372908 15.033296378372908 1.020972122183857 
90 92 0 0 14 13 15.033296378372908 15.033296378372908 1.0245525979838446 
89 90 0 0 12 16 15.033296378372908 15.033296378372908 1.020167203466304 
87 86 0 0 14 15 15.033296378372908 15.033296378372908 1.02207168234577 
86 84 0 0 13 17 15.033296378372908 15.033296378372908 1.001804814873201 
85 82 0 1 13 14 15.033296378372908 15.033296378372908 0.9892155006131098 
84 81 0 2 11 15 15.033296378372908 15.033296378372908 0.9973251231537605 
83 79 1 2 11 14 15.033296378372908 15.033296378372908 0.9977575388557249 
81 78 1 2 12 14 15.033296378372908 14.142135623730951 0.9941077421085958 
80 76 1 2 11 12 14.0 14.142135623730951 0.9942416078758861 
79 75 1 2 12 12 13.038404810405298 14.0 0.9772994382589851 
78 73 1 3 12 11 12.165525060596439 14.0 0.97672292957556 
77 72 1 3 12 11 12.165525060596439 13.341664064126334 0.9767432902582747 
75 71 1 3 12 10 12.165525060596439 13.341664064126334 0.977009067808394 
74 70 1 3 11 10 11.40175425099138 13.038404810405298 0.9771763970490801 
73 69 1 3 11 10 10.198039027185569 12.649110640673518 0.9766091293596031 
72 68 1 3 11 10 10.198039027185569 12.0 0.976543089500093 
71 67 1 3 11 10 9.055385138137417 11.40175425099138 0.9762690373367017 
70 66 1 3 11 10 9.055385138137417 11.045361017187261 0.9771329985357927 
68 65 1 3 13 10 9.055385138137417 10.770329614269007 0.9885320280529816 
66 63 2 3 11 10 9.055385138137417 10.770329614269007 0.9994367474562704 
65 61 3 3 12 11 9.055385138137417 10.770329614269007 0.9965417175331163 
63 57 3 3 14 11 9.055385138137417 10.770329614269007 0.9967667620414408 
61 56 3 3 14 11 9.055385138137417 9.486832980505138 1.0012785771900299 
57 54 3 3 14 12 9.055385138137417 9.486832980505138 1.0026170827690053 
55 53 3 3 12 12 9.055385138137417 8.94427190999916 1.0163548686819626 
51 52 4 3 12 11 9.055385138137417 8.94427190999916 1.0196109023837712 
47 51 4 3 13 11 11.40175425099138 8.94427190999916 1.0220848754973222 
45 50 4 3 11 11 9.899494936611665 8.94427190999916 1.009247342046591 
43 49 4 4 10 11 9.899494936611665 8.94427190999916 1.0083972127058478 
42 48 4 4 10 10 8.48528137423857 8.94427190999916 0.99736651687217 
40 47 4 5 10 11 7.211102550927978 8.94427190999916 0.99720124522875 
38 46 4 5 11 10 7.211102550927978 8.94427190999916 1.0039175213852463 
36 44 5 5 11 8 7.211102550927978 7.615773105863909 1.0162901164328266 
34 43 6 5 11 8 7.211102550927978 7.615773105863909 1.0168824585371574 
32 41 6 5 9 8 7.0710678118654755 7.615773105863909 1.016177863608139 
31 39 6 5 9 8 5.656854249492381 7.615773105863909 0.9977726253822267 
30 37 6 6 7 6 5.656854249492381 7.615773105863909 1.0072383953141137 
29 36 7 6 8 6 5.656854249492381 6.324555320336759 1.0072358332050275 
28 34 7 6 6 6 5.656854249492381 7.211102550927978 1.0061595828957206 
27 32 7 6 5 6 5.656854249492381 7.211102550927978 1.0060663502175198 
26 30 7 6 4 6 3.1622776601683795 7.211102550927978 0.996846984841565 
25 28 8 7 3 3 3.1622776601683795 7.211102550927978 0.9823960413348172 
24 27 8 8 3 3 3.1622776601683795 7.211102550927978 0.9906536271163576 
23 26 9 8 2 2 3.1622776601683795 5.830951894845301 0.9898334557793597 
22 25 9 8 2 2 2.0 4.47213595499958 0.989020784489196 
21 24 9 8 1 2 1.4142135623730951 3.1622776601683795 1 
