140 140 0 0 14 14 16.0 16.0 1.0142453626216972 
138 138 0 0 17 17 16.0 14.142135623730951 1.01533092344944 
134 134 0 0 16 16 13.341664064126334 15.033296378372908 1.0149491832700597 
132 132 0 0 16 16 15.033296378372908 15.033296378372908 1.0152064791572817 
130 130 0 0 16 16 15.033296378372908 15.033296378372908 1.0154637750445037 
128 128 0 0 16 16 15.033296378372908 15.033296378372908 1.0129773398273565 
126 126 0 0 14 14 15.033296378372908 15.033296378372908 1.0159783668189475 
124 124 0 0 16 16 15.033296378372908 15.033296378372908 1.0147052066581554 
122 122 0 0 16 15 15.033296378372908 15.033296378372908 1.0164929585933915 
120 120 0 0 16 16 15.033296378372908 15.033296378372908 1.0170674354722729 
118 118 0 0 14 16 15.033296378372908 15.033296378372908 1.0170075503678355 
116 116 0 0 16 16 15.033296378372908 15.033296378372908 1.0172648462550575 
114 114 0 0 16 16 15.033296378372908 15.033296378372908 1.0175221421422795 
112 112 0 0 16 16 15.033296378372908 15.033296378372908 1.0177794380295015 
110 110 0 0 16 16 15.033296378372908 15.033296378372908 1.0168093746721274 
108 106 0 0 16 17 15.033296378372908 15.033296378372908 1.0215664368709996 
102 104 0 0 16 16 15.033296378372908 15.033296378372908 1.025141940741472 
98 100 0 0 16 18 15.033296378372908 15.033296378372908 1.0228229122900117 
97 96 0 0 15 19 15.033296378372908 15.033296378372908 1.0051933410650866 
95 94 0 1 16 17 15.033296378372908 15.033296378372908 0.9787729587155681 
94 90 0 2 15 13 15.033296378372908 13.341664064126334 0.9790531550608882 
93 88 0 2 15 14 15.033296378372908 13.341664064126334 0.9887285162936704 
92 86 1 2 14 14 15.033296378372908 13.341664064126334 0.9883213520321096 
91 84 1 2 14 14 15.033296378372908 14.142135623730951 0.9840296467853816 
90 82 1 2 16 12 14.142135623730951 14.142135623730951 0.9876262769382158 
86 81 1 2 13 11 14.142135623730951 14.142135623730951 0.9921119590616247 
82 79 1 2 15 12 14.142135623730951 14.142135623730951 0.9920591160513078 
80 78 1 2 16 11 14.142135623730951 14.142135623730951 0.998712625960048 
74 77 2 3 11 12 12.649110640673518 14.142135623730951 0.9977820229243827 
73 76 2 3 11 11 11.40175425099138 14.142135623730951 0.9807310620025652 
72 74 2 4 10 10 10.770329614269007 14.142135623730951 0.9810362728379765 
71 73 2 4 11 10 9.486832980505138 14.0 0.9819742111394643 
69 71 2 4 11 11 9.055385138137417 13.038404810405298 0.977182466925599 
67 67 2 4 10 10 9.055385138137417 12.165525060596439 0.9766423644743962 
65 66 2 4 9 9 9.055385138137417 11.40175425099138 0.9889910622926 
63 65 3 4 11 10 9.055385138137417 10.198039027185569 1.0000453311716873 
62 64 4 4 10 10 9.055385138137417 10.198039027185569 1.004379464893387 
58 63 4 4 12 10 9.055385138137417 10.198039027185569 1.0052940232220262 
57 61 4 4 8 11 9.055385138137417 10.198039027185569 1.0041962183241486 
55 60 4 4 10 10 11.40175425099138 10.198039027185569 1.0091647140291673 
51 59 4 4 8 10 11.40175425099138 10.198039027185569 1.011640587325394 
49 57 4 4 7 11 10.0 10.198039027185569 1.010724327310592 
48 56 4 4 6 11 10.0 9.055385138137417 1.0081811289561329 
47 52 4 4 5 11 10.0 10.295630140987 1.006810245850009 
46 50 4 4 6 11 9.899494936611665 10.295630140987 1.0024990740512865 
45 48 4 4 6 9 9.899494936611665 10.295630140987 1.0034773465541273 
44 47 5 5 5 12 9.899494936611665 10.295630140987 0.9961052626593765 
43 45 5 5 5 8 9.899494936611665 10.295630140987 0.9976045430606181 
42 43 5 5 5 10 9.899494936611665 10.0 0.9962076402594445 
40 41 5 5 6 10 7.211102550927978 7.615773105863909 0.9945839660055232 
39 39 5 5 7 8 6.324555320336759 10.0 0.9919338024887195 
38 38 5 5 6 8 6.324555320336759 7.211102550927978 0.9922139988340398 
37 36 5 5 6 9 6.324555320336759 7.211102550927978 0.9723265590231134 
36 34 5 6 5 6 5.0990195135927845 7.211102550927978 0.97092475091871 
35 33 5 6 5 5 5.0990195135927845 7.211102550927978 0.9580750808858759 
34 32 5 7 4 6 5.0990195135927845 7.211102550927978 0.9581219528221948 
33 31 5 7 5 7 5.0990195135927845 5.830951894845301 0.9571353136059543 
32 30 5 7 5 6 4.0 5.830951894845301 0.951551561500705 
31 28 5 7 4 4 4.0 4.47213595499958 0.959378587102205 
30 27 6 7 5 3 4.0 3.1622776601683795 0.9581353694936314 
29 26 6 7 4 2 4.0 3.1622776601683795 0.958728896820041 
28 25 6 7 3 3 4.0 2.0 0.9682527096511142 
27 24 7 7 2 2 4.0 2.0 0.9549029931603822 
26 23 7 8 2 2 3.1622776601683795 2.8284271247461903 0.9535126911156485 
25 22 7 8 1 0 5.830951894845301 5.0990195135927845 0.9652778628097224 
24 22 8 8 1 1 5.830951894845301 3.1622776601683795 0.9498805910415824 
23 21 8 9 0 0 4.47213595499958 3.1622776601683795 0.9500322431150963 
23 21 8 9 1 1 2.8284271247461903 1.4142135623730951 -1 
