140 138 0 0 14 17 16.0 16.0 0.9828437358084211 
138 134 0 0 17 16 14.142135623730951 13.038404810405298 1.0047013860047018 
136 132 0 0 22 21 16.0 13.038404810405298 1.0149630821855238 
132 128 0 0 27 22 16.0 13.038404810405298 1.0251118514068862 
128 124 0 0 27 24 16.0 13.038404810405298 1.032615040476986 
124 120 0 0 30 23 15.033296378372908 15.033296378372908 1.01467906948071 
120 116 0 0 26 18 15.033296378372908 15.033296378372908 1.0340434656572672 
118 115 0 0 23 23 15.033296378372908 15.033296378372908 1.0398481434444944 
112 111 0 0 19 23 15.033296378372908 15.033296378372908 1.0133838436505938 
108 103 0 1 22 22 15.033296378372908 15.033296378372908 1.0012580695787259 
104 99 0 1 21 18 15.033296378372908 15.033296378372908 1.007813235160374 
102 97 0 1 23 19 15.033296378372908 15.033296378372908 1.028643736827204 
98 96 0 1 19 23 15.033296378372908 15.033296378372908 1.0453091643253136 
92 94 0 1 19 24 15.033296378372908 15.033296378372908 1.0267955095654466 
91 90 1 2 19 24 15.033296378372908 15.033296378372908 1.040639363956592 
90 89 1 2 27 26 15.033296378372908 15.033296378372908 1.0285919434398298 
84 83 2 2 19 21 14.0 15.033296378372908 1.055447131672147 
83 82 2 2 24 28 14.0 14.0 1.0171166251104662 
79 76 2 2 20 19 14.0 13.341664064126334 1.0546028768063491 
78 75 2 2 26 28 14.0 13.341664064126334 1.0091716165606228 
68 67 3 3 19 18 14.0 12.083045973594572 0.990572575402526 
62 63 3 4 18 16 14.0 12.083045973594572 1.0292010955194546 
58 62 4 4 16 23 14.0 11.661903789690601 1.0048279009704462 
56 58 5 4 15 16 14.0 10.770329614269007 0.9682639576945659 
55 54 5 5 19 12 14.0 10.770329614269007 0.9588525305488039 
54 52 5 5 17 10 13.038404810405298 10.770329614269007 0.9731521575987094 
50 50 5 5 19 11 10.198039027185569 10.770329614269007 0.9570786922584607 
46 49 5 6 15 10 9.486832980505138 10.770329614269007 0.9746182198734353 
45 48 5 6 18 15 9.486832980505138 9.486832980505138 0.955564282308827 
43 44 5 6 17 11 9.486832980505138 9.055385138137417 0.9636907145569724 
39 42 6 6 14 10 9.486832980505138 9.055385138137417 0.9668336705679846 
37 40 6 6 14 10 7.0710678118654755 9.055385138137417 0.9539420995063617 
36 36 6 6 14 10 7.0710678118654755 6.324555320336759 0.9600625184699705 
34 35 6 6 12 12 7.0710678118654755 5.0990195135927845 0.9753793880488476 
33 34 7 6 13 14 7.0710678118654755 5.0990195135927845 0.9365888046991521 
32 30 7 7 13 10 6.0 5.0990195135927845 0.8984610255797771 
30 28 7 8 10 5 6.0 5.0990195135927845 0.8988665179213866 
28 27 7 8 6 5 4.0 4.47213595499958 0.8989445505020471 
27 26 7 8 6 5 3.1622776601683795 4.0 0.8881548992558259 
26 24 7 8 6 3 3.1622776601683795 3.1622776601683795 0.8782147324444357 
25 23 8 9 4 4 3.1622776601683795 3.1622776601683795 0.875289464364709 
24 22 8 9 4 3 2.0 2.8284271247461903 -1 
