140 140 0 0 14 14 16.0 16.0 1.0398285445359072 
138 138 0 0 17 17 16.0 14.142135623730951 1.0425127394121498 
134 134 0 0 16 16 13.038404810405298 15.033296378372908 1.0711846720874467 
132 132 0 0 21 21 15.033296378372908 15.033296378372908 1.0797216827712075 
128 128 0 0 22 22 15.033296378372908 15.033296378372908 1.0920239802297462 
124 124 0 0 22 24 15.033296378372908 15.033296378372908 1.0689992914803161 
118 116 0 0 20 20 15.033296378372908 15.033296378372908 1.0294219946829004 
117 112 0 1 27 18 15.033296378372908 13.038404810405298 1.083965024117868 
116 111 0 1 29 28 15.033296378372908 14.142135623730951 1.1446414363475472 
102 110 1 1 22 31 13.038404810405298 14.0 1.1446291190510947 
98 108 2 1 17 30 14.0 13.341664064126334 1.0762152313695617 
97 98 2 1 27 19 13.038404810405298 13.038404810405298 1.1636302444217552 
85 97 3 1 17 30 13.038404810405298 13.038404810405298 1.102038224281007 
84 91 3 1 22 19 13.038404810405298 13.038404810405298 1.1306556115514115 
76 90 3 2 18 25 13.038404810405298 13.038404810405298 1.0781447163779105 
72 86 3 3 18 18 12.649110640673518 13.038404810405298 1.0889762523006772 
70 80 3 3 20 22 12.649110640673518 13.038404810405298 1.0677790402263037 
69 74 3 3 27 19 12.649110640673518 13.038404810405298 1.0730774972541943 
59 70 4 3 18 16 12.649110640673518 13.038404810405298 1.0875340888628362 
53 68 4 3 12 17 12.649110640673518 13.038404810405298 1.0561954902002701 
51 64 4 4 12 16 12.649110640673518 13.038404810405298 1.0527615626063533 
49 62 4 4 12 15 12.649110640673518 13.038404810405298 1.0778054789763738 
48 61 5 4 11 20 12.649110640673518 12.165525060596439 1.0646661903490033 
47 60 6 4 11 17 12.649110640673518 11.045361017187261 1.0538497381802427 
46 58 6 4 12 15 12.649110640673518 11.045361017187261 1.042006034624667 
45 56 6 4 12 13 12.649110640673518 11.045361017187261 1.051277538764024 
41 55 7 4 9 13 12.649110640673518 10.0 1.0533759756450438 
39 54 7 4 6 13 11.661903789690601 10.0 1.0552782312335167 
38 53 7 4 6 13 10.295630140987 10.0 1.062986925593519 
37 52 7 4 7 14 8.94427190999916 10.0 1.063140382419479 
35 51 7 4 6 13 7.0710678118654755 10.0 1.0604957497325938 
34 50 7 4 6 13 7.0710678118654755 9.055385138137417 1.063621238301059 
33 49 8 4 4 13 7.0710678118654755 9.055385138137417 1.0374791993871106 
32 48 8 5 4 12 7.0710678118654755 9.055385138137417 1.0189543251288005 
31 46 8 5 4 9 6.0 8.246211251235321 1.0166956978964106 
30 44 8 5 4 9 6.0 8.246211251235321 1.016270788867617 
29 42 8 5 5 9 5.0990195135927845 8.246211251235321 1.0165802523602203 
28 41 8 5 4 10 5.0990195135927845 7.0710678118654755 1.000868049052618 
27 37 8 5 4 9 4.0 6.0 0.9986094218202282 
26 35 8 5 4 9 4.0 6.0 0.9606942185739809 
25 33 8 6 4 6 3.1622776601683795 6.0 0.9383174664348101 
24 32 8 7 3 6 3.1622776601683795 6.0 0.942470206390091 
23 31 9 7 2 6 3.1622776601683795 6.0 0.917368521156331 
22 30 9 8 2 5 2.0 6.0 0.917544911962747 
21 29 9 8 1 5 1.4142135623730951 6.0 1 
