140 140 0 0 14 14 16.0 16.0 1.0017854300845956 
138 138 0 0 17 17 16.0 14.142135623730951 1.0360381389916358 
134 136 0 0 16 22 13.038404810405298 16.0 1.0574905401444585 
132 132 0 0 21 27 13.038404810405298 16.0 1.061627620661954 
128 128 0 0 22 27 13.038404810405298 16.0 1.0739951647941073 
124 124 0 0 22 30 13.038404810405298 15.033296378372908 1.0608724757079133 
120 120 0 0 23 26 15.033296378372908 15.033296378372908 1.041451019589087 
116 116 0 0 20 21 15.033296378372908 15.033296378372908 1.0561731429044388 
110 112 0 0 17 23 15.033296378372908 15.033296378372908 1.1031458445645286 
104 110 1 0 16 30 15.033296378372908 15.033296378372908 1.0948474266863926 
98 104 2 0 17 25 15.033296378372908 15.033296378372908 1.0916469476955193 
96 102 3 0 14 23 15.033296378372908 15.033296378372908 1.0784909400009532 
94 98 3 0 16 20 15.033296378372908 15.033296378372908 1.0819206198644329 
92 96 3 0 18 20 15.033296378372908 15.033296378372908 1.1062210694071624 
88 95 3 0 16 24 15.033296378372908 15.033296378372908 1.0826360537577226 
86 89 3 0 16 20 15.033296378372908 15.033296378372908 1.084250880814893 
84 87 3 0 16 20 15.033296378372908 15.033296378372908 1.1006452985703186 
83 86 3 0 20 23 15.033296378372908 15.033296378372908 1.1000459440301464 
82 84 3 0 21 23 15.033296378372908 15.033296378372908 1.0744738363627917 
81 80 3 1 22 23 15.033296378372908 15.033296378372908 1.0520011042726678 
75 76 3 2 18 21 15.033296378372908 15.033296378372908 1.0162210501752227 
71 72 3 3 15 17 15.033296378372908 15.033296378372908 0.9676242533557693 
70 68 3 4 19 12 15.033296378372908 13.038404810405298 0.9749309306029009 
66 66 3 4 14 13 15.033296378372908 13.038404810405298 0.9706885000819118 
65 62 4 4 14 12 15.033296378372908 13.038404810405298 0.9858692442333681 
64 61 4 4 20 15 15.033296378372908 12.0 0.9852952996331859 
58 57 4 4 14 16 15.033296378372908 9.055385138137417 0.9668653970241408 
57 51 5 4 17 12 15.033296378372908 8.94427190999916 0.9769510981563949 
55 50 5 4 15 14 15.033296378372908 8.94427190999916 0.9874012918090068 
54 48 5 4 17 16 14.142135623730951 9.486832980505138 0.9756591756113976 
52 44 5 4 19 13 12.0 9.486832980505138 0.9544381287499708 
51 42 5 5 19 13 11.045361017187261 9.486832980505138 0.9313313957596696 
50 40 5 6 17 13 10.198039027185569 9.486832980505138 0.9306676273493141 
49 38 5 6 18 13 10.295630140987 9.486832980505138 0.9345905300492741 
47 37 5 6 17 14 9.486832980505138 8.246211251235321 0.9430637568931103 
45 36 5 6 17 16 9.486832980505138 7.0710678118654755 0.8845119638920813 
44 30 5 7 19 9 8.246211251235321 6.324555320336759 0.8678475069189884 
42 28 5 7 14 6 8.0 5.656854249492381 0.8651832742618125 
40 27 5 7 11 6 7.615773105863909 4.242640687119285 0.8659906877903977 
39 26 5 7 11 6 7.615773105863909 4.242640687119285 0.8353313064184468 
38 25 5 8 11 4 7.615773105863909 3.1622776601683795 0.8371240329100382 
37 24 6 8 10 3 7.615773105863909 3.1622776601683795 0.8136013160505238 
36 23 6 9 10 2 7.615773105863909 3.1622776601683795 0.811871178918942 
35 22 6 9 10 2 6.324555320336759 2.0 0.8069843695028341 
34 21 6 9 10 1 6.324555320336759 1.4142135623730951 -1 
