140 140 0 0 14 14 16.0 16.0 1.0080541536854624 
138 138 0 0 17 17 16.0 14.0 1.0039179772394566 
136 134 0 0 22 16 14.142135623730951 13.038404810405298 1.0190667293454643 
132 132 0 0 27 21 16.0 13.038404810405298 1.025758460924173 
128 128 0 0 26 22 15.033296378372908 15.033296378372908 1.0317073351347075 
124 124 0 0 28 24 15.033296378372908 15.033296378372908 0.9919381733176641 
120 112 0 1 32 19 15.033296378372908 13.038404810405298 0.9924703157398104 
112 108 0 1 23 16 15.033296378372908 13.038404810405298 0.9795263748202079 
111 96 1 2 22 21 15.033296378372908 13.038404810405298 0.9598545333158202 
109 88 1 2 30 14 15.033296378372908 14.142135623730951 0.9457435329654715 
107 87 1 3 30 14 15.033296378372908 14.142135623730951 0.9942780525563435 
93 86 2 3 17 22 13.038404810405298 14.142135623730951 0.9478086423214335 
91 74 2 4 24 14 14.142135623730951 14.142135623730951 0.945342386812537 
81 70 3 5 16 11 14.142135623730951 14.142135623730951 0.970121571552998 
79 69 3 5 16 22 12.165525060596439 13.341664064126334 0.9442200058069778 
78 61 3 5 26 14 12.0 12.649110640673518 0.9434646760940094 
77 59 3 5 28 14 12.0 12.649110640673518 0.9462704129520307 
71 57 3 5 23 12 12.0 12.649110640673518 0.9597261602189563 
67 56 4 5 18 12 12.0 12.165525060596439 0.9599043990422939 
65 54 4 5 16 12 12.165525060596439 12.165525060596439 0.9626590367348404 
63 53 4 5 17 13 12.165525060596439 11.045361017187261 0.9679950421685963 
61 51 4 5 17 16 12.165525060596439 10.0 0.9530161724610025 
59 45 4 5 15 12 12.165525060596439 9.486832980505138 0.9484537628193211 
57 43 4 5 11 10 12.649110640673518 9.486832980505138 0.9350913274572293 
56 42 4 6 11 11 11.40175425099138 9.486832980505138 0.9499051399298252 
55 41 4 6 11 18 10.198039027185569 9.055385138137417 0.9318766575965994 
51 35 4 6 9 11 10.198039027185569 8.246211251235321 0.9232126861024498 
50 34 5 7 9 10 10.198039027185569 8.246211251235321 0.9227425046843697 
49 32 5 7 11 10 9.486832980505138 8.246211251235321 0.910074852207969 
48 30 5 7 8 6 8.246211251235321 6.324555320336759 0.9087251303988767 
47 29 5 7 9 6 8.246211251235321 5.0990195135927845 0.8996148895626029 
46 25 5 7 9 4 7.615773105863909 4.47213595499958 0.8838758076854303 
45 24 5 8 9 4 7.0710678118654755 4.47213595499958 0.8797844521831901 
44 23 5 8 10 3 7.0710678118654755 2.8284271247461903 0.863578523622562 
42 22 5 9 10 2 7.0710678118654755 2.8284271247461903 0.8614769216550827 
40 21 5 9 10 1 7.0710678118654755 1.4142135623730951 -1 
