140 140 0 0 14 14 16.0 16.0 0.9922162881192492 
138 138 0 0 17 17 16.0 14.0 1.0071103552758482 
136 136 0 0 22 22 14.0 14.0 1.0223611857455972 
132 132 0 0 27 27 14.0 14.142135623730951 1.023607879038859 
128 128 0 0 26 26 13.341664064126334 15.033296378372908 1.0300548314323432 
124 124 0 0 28 28 15.033296378372908 15.033296378372908 1.0364415222616439 
120 120 0 0 27 30 15.033296378372908 15.033296378372908 1.0364221688987771 
112 116 1 0 24 22 15.033296378372908 15.033296378372908 1.0483654364271027 
108 114 1 0 23 25 15.033296378372908 15.033296378372908 1.034946813510304 
104 108 1 0 21 20 15.033296378372908 15.033296378372908 1.0429349399134973 
102 106 1 0 21 23 15.033296378372908 15.033296378372908 1.0066857552388506 
100 100 1 1 19 18 15.033296378372908 14.0 1.0186169637590534 
98 99 1 1 19 22 15.033296378372908 14.0 1.0038439990892272 
96 93 1 1 19 18 15.033296378372908 14.0 1.0090166324989696 
95 91 1 1 25 20 15.033296378372908 14.0 0.996686061313641 
89 87 2 2 17 16 13.341664064126334 14.0 1.0054740467875176 
87 86 2 2 14 19 13.341664064126334 14.0 1.0101452808656282 
85 85 2 2 13 20 13.341664064126334 14.0 0.9955126005292713 
84 81 2 2 18 15 13.341664064126334 14.0 1.0027867579142284 
80 80 2 2 15 16 12.0 13.038404810405298 1.0119259219434165 
78 79 2 2 15 19 13.038404810405298 13.038404810405298 1.009427084740486 
76 75 2 2 14 19 13.038404810405298 13.038404810405298 1.0104829667544621 
75 73 2 2 22 19 13.038404810405298 13.038404810405298 0.994796099684609 
71 67 3 3 13 17 12.0 13.038404810405298 1.0064560963677012 
69 66 3 3 12 21 12.0 13.038404810405298 0.9981371100259373 
67 64 3 3 12 17 12.0 13.038404810405298 1.0017372731962535 
65 62 3 3 13 18 12.0 13.038404810405298 1.0028547758859874 
61 58 4 3 11 14 12.0 13.038404810405298 0.9799262804164847 
60 54 4 4 13 13 12.0 13.038404810405298 0.9670929507879502 
56 53 4 5 11 12 12.0 13.038404810405298 0.9829621810899047 
54 52 4 5 11 18 10.198039027185569 12.165525060596439 0.9649008247934497 
53 46 4 5 12 14 9.055385138137417 11.045361017187261 0.9545310023061936 
52 44 4 5 14 10 9.055385138137417 10.770329614269007 0.9767961014869316 
48 43 5 5 12 13 9.055385138137417 10.770329614269007 0.971690424848329 
46 41 5 5 12 10 7.0710678118654755 10.770329614269007 0.9661886489325422 
45 39 5 5 13 8 7.0710678118654755 10.770329614269007 0.9526943921346935 
44 38 5 6 13 9 6.0 10.770329614269007 0.9509567110945714 
43 37 5 6 15 9 7.211102550927978 9.486832980505138 0.9637962583195283 
39 36 6 6 12 9 7.211102550927978 8.246211251235321 0.9664162110540857 
37 35 6 6 11 10 7.211102550927978 7.0710678118654755 0.9638412471307527 
35 33 6 6 15 8 7.211102550927978 7.0710678118654755 0.97559682993202 
31 32 7 6 8 8 7.211102550927978 5.830951894845301 0.9862439174823883 
27 31 8 6 4 7 5.830951894845301 4.47213595499958 0.9873487524750052 
26 30 8 6 4 7 4.47213595499958 4.47213595499958 0.9861453500483867 
25 29 8 6 4 7 3.1622776601683795 3.1622776601683795 0.9867937133681007 
24 28 8 6 4 7 2.8284271247461903 3.1622776601683795 0.965660209472717 
23 27 8 7 2 5 2.0 3.1622776601683795 0.9653710554025952 
22 26 8 7 1 5 3.1622776601683795 3.1622776601683795 0.9531193695403208 
21 25 9 8 0 3 3.1622776601683795 3.1622776601683795 0.9525555928207106 
21 24 9 8 1 3 1.4142135623730951 3.1622776601683795 1 
