140 140 0 0 14 14 16.0 16.0 1.0107353923716234 
138 138 0 0 17 17 16.0 14.0 1.0134162130423598 
136 136 0 0 18 18 14.0 14.142135623730951 1.0153067347458604 
132 132 0 0 18 18 13.341664064126334 15.033296378372908 1.0134507339226735 
130 130 0 0 18 17 15.033296378372908 15.033296378372908 1.0137873482459328 
128 128 0 0 18 17 15.033296378372908 15.033296378372908 1.0141239625691922 
126 126 0 0 18 17 15.033296378372908 15.033296378372908 1.0146952240299019 
124 124 0 0 16 17 15.033296378372908 15.033296378372908 1.0117730589639446 
122 122 0 0 17 15 15.033296378372908 15.033296378372908 1.0136804011974498 
120 120 0 0 17 16 15.033296378372908 15.033296378372908 1.0155877434309553 
118 118 0 0 17 17 15.033296378372908 15.033296378372908 1.0159243577542147 
116 116 0 0 17 17 15.033296378372908 15.033296378372908 1.0162609720774742 
114 114 0 0 17 17 15.033296378372908 15.033296378372908 1.0165975864007337 
112 112 0 0 17 17 15.033296378372908 15.033296378372908 1.016816877155268 
110 110 0 0 18 17 15.033296378372908 15.033296378372908 1.0141293592267608 
108 108 0 0 17 15 15.033296378372908 15.033296378372908 1.0145832971187454 
106 106 0 0 16 15 15.033296378372908 15.033296378372908 1.0180154364384106 
102 104 0 0 16 15 15.033296378372908 15.033296378372908 1.0214475757580759 
98 102 0 0 16 15 15.033296378372908 15.033296378372908 1.0038410384964855 
96 100 0 1 16 13 15.033296378372908 15.033296378372908 1.0063462808810066 
94 99 1 2 14 16 15.033296378372908 15.033296378372908 1.014091118847951 
93 97 2 2 15 15 15.033296378372908 15.033296378372908 1.0126657326872919 
91 96 2 2 15 13 15.033296378372908 15.033296378372908 1.0114749936640828 
89 95 2 2 13 11 15.033296378372908 15.033296378372908 1.013499659466313 
87 93 2 2 12 12 15.033296378372908 15.033296378372908 1.0152896781310936 
85 91 2 2 13 13 15.033296378372908 15.033296378372908 1.017930393446488 
83 89 2 2 13 14 13.038404810405298 15.033296378372908 1.014016005905645 
82 87 2 2 12 12 12.165525060596439 15.033296378372908 1.0132881373150184 
81 86 2 2 10 12 12.165525060596439 14.0 1.0125822650192648 
80 85 2 2 9 12 12.0 13.038404810405298 1.0118054312792428 
79 83 2 2 9 13 12.0 12.0 1.0083297633570472 
78 81 2 2 9 12 11.045361017187261 11.045361017187261 1.0061913196633157 
77 79 2 2 9 12 11.045361017187261 10.198039027185569 1.0049801714883722 
76 77 2 2 9 12 11.045361017187261 10.198039027185569 1.0051994622429066 
74 75 2 2 10 12 11.045361017187261 10.198039027185569 1.001231159651704 
73 73 2 2 10 10 10.0 10.198039027185569 0.9999460624718131 
72 72 2 2 9 9 10.0 10.198039027185569 0.9978098286624785 
71 71 2 2 8 8 10.198039027185569 9.486832980505138 0.9983982045725056 
70 70 2 2 8 8 9.055385138137417 9.486832980505138 1.0016416275788065 
68 68 2 2 10 10 9.055385138137417 9.486832980505138 1.0003565303989157 
67 67 2 2 9 9 9.055385138137417 9.486832980505138 1.0005018721485024 
65 66 2 2 9 8 9.055385138137417 9.486832980505138 1.0128619794291933 
63 65 3 2 9 8 9.055385138137417 9.486832980505138 1.0234138363775358 
61 64 4 2 7 7 9.055385138137417 9.055385138137417 1.0268179575163392 
59 63 4 2 6 8 9.055385138137417 9.055385138137417 1.025606809341396 
58 61 4 2 6 8 9.055385138137417 9.055385138137417 1.009593965402095 
57 59 4 3 6 8 9.055385138137417 9.055385138137417 0.9935811214627939 
56 57 4 4 6 8 9.055385138137417 9.055385138137417 0.9906546794409126 
54 55 4 4 6 6 9.055385138137417 8.94427190999916 0.9925110380815133 
53 54 4 4 5 7 9.055385138137417 8.94427190999916 1.0017526549537557 
52 53 5 4 5 6 9.055385138137417 8.94427190999916 1.0005415067788122 
51 51 5 4 5 6 9.055385138137417 8.94427190999916 0.9849434593921068 
50 49 5 5 4 6 8.246211251235321 8.94427190999916 0.9650252133068883 
49 47 5 6 4 4 8.246211251235321 8.246211251235321 0.9667642483787638 
48 46 5 6 4 5 8.246211251235321 8.246211251235321 0.9683629944698714 
46 45 5 6 5 5 8.246211251235321 8.246211251235321 0.968531301631501 
45 44 5 6 5 5 8.246211251235321 8.246211251235321 0.96724620445161 
44 43 5 6 4 4 8.246211251235321 8.246211251235321 0.9689852395234856 
43 42 5 6 4 5 8.246211251235321 8.246211251235321 0.9675828187748693 
42 41 5 6 4 4 8.246211251235321 8.246211251235321 0.9770157082207845 
41 39 6 6 4 4 8.246211251235321 8.246211251235321 0.9727804277940743 
40 37 6 6 3 2 8.246211251235321 8.246211251235321 0.9751627203248868 
39 36 6 6 7 4 7.615773105863909 7.615773105863909 0.9751468400997734 
37 35 6 6 5 3 7.0710678118654755 7.0710678118654755 0.9783163141011267 
35 34 6 6 6 4 7.0710678118654755 7.0710678118654755 0.9788602244236818 
33 33 6 6 6 4 7.0710678118654755 6.0 0.9811162658765569 
31 32 6 6 6 4 5.0990195135927845 5.830951894845301 0.9822659676816641 
29 31 6 6 4 4 5.0990195135927845 5.0990195135927845 0.9910128058725133 
28 29 7 6 4 4 5.0990195135927845 4.47213595499958 0.9868130735953385 
27 27 7 6 4 2 4.0 4.242640687119285 0.9724143321300606 
26 26 7 7 2 2 4.0 4.242640687119285 0.9714873737620932 
25 25 7 7 2 0 3.1622776601683795 5.830951894845301 0.9725034282148618 
24 25 7 7 1 1 4.47213595499958 4.242640687119285 0.9835669289168228 
23 24 8 7 1 1 4.47213595499958 4.47213595499958 0.968820405478597 
22 23 8 8 0 1 5.0990195135927845 4.47213595499958 0.9671509456800323 
22 22 8 8 1 0 3.1622776601683795 5.0990195135927845 0.9789112582327884 
21 22 9 8 0 1 3.1622776601683795 3.1622776601683795 0.9616846886537601 
21 21 9 9 1 0 1.4142135623730951 3.1622776601683795 1 
