140 138 0 0 14 17 16.0 16.0 1.0292815561765565 
138 134 0 0 17 16 14.142135623730951 13.038404810405298 1.069672670554807 
134 132 0 0 16 21 15.033296378372908 15.033296378372908 1.0743972280729137 
132 128 0 0 21 22 15.033296378372908 15.033296378372908 1.0779479791891908 
128 124 0 0 22 22 15.033296378372908 15.033296378372908 1.065811287188478 
124 118 0 0 24 20 15.033296378372908 15.033296378372908 1.1255096099330588 
116 117 0 0 20 27 15.033296378372908 15.033296378372908 1.151597392790626 
112 116 1 0 18 29 13.341664064126334 15.033296378372908 1.0533635281900122 
111 102 1 1 28 22 14.0 13.038404810405298 1.002835206174323 
110 98 1 2 31 17 14.142135623730951 14.142135623730951 1.0557816014189014 
108 97 1 2 30 27 13.038404810405298 13.341664064126334 0.9705565560185856 
98 85 1 3 19 17 13.038404810405298 13.038404810405298 1.007046772040879 
97 84 1 3 30 22 13.038404810405298 13.038404810405298 0.9739464764384448 
91 76 1 3 19 18 13.038404810405298 13.038404810405298 0.9712370400964712 
90 72 2 3 25 18 13.038404810405298 12.165525060596439 0.9120027263476207 
89 62 2 4 36 14 13.038404810405298 12.649110640673518 0.9287358365730811 
83 60 2 4 25 16 13.038404810405298 12.649110640673518 0.8653229819436671 
77 52 2 5 27 10 13.038404810405298 10.198039027185569 0.8680307992783294 
73 50 3 5 16 10 13.038404810405298 10.198039027185569 0.8521369122153581 
72 49 3 6 23 9 12.649110640673518 11.40175425099138 0.8474757572477012 
71 47 3 6 20 9 12.0 11.40175425099138 0.8518246650905564 
65 45 3 6 18 7 12.165525060596439 11.40175425099138 0.8575738606232087 
61 44 3 6 16 7 12.165525060596439 10.198039027185569 0.851927667014885 
57 42 4 6 11 6 12.649110640673518 8.0 0.8782362332431034 
53 41 5 6 11 8 12.649110640673518 8.0 0.8840375288158882 
51 40 6 6 12 8 12.649110640673518 7.0710678118654755 0.8869503862566396 
49 39 6 6 9 8 11.40175425099138 7.0710678118654755 0.8914349158664245 
47 38 6 6 9 8 11.40175425099138 7.0710678118654755 0.893249121443709 
46 37 6 6 9 8 10.198039027185569 7.0710678118654755 0.8874477028630021 
45 35 6 6 11 7 10.198039027185569 7.0710678118654755 0.8511159375668953 
44 33 6 7 9 5 9.055385138137417 7.0710678118654755 0.8517727023062207 
43 32 6 7 9 5 9.055385138137417 7.0710678118654755 0.8534495733788753 
41 31 7 7 6 5 8.94427190999916 6.0 0.8550143094133674 
40 30 7 7 6 5 8.0 6.0 0.8555188758748542 
38 29 7 7 6 5 8.602325267042627 5.0990195135927845 0.85961895394225 
37 28 7 7 6 5 7.211102550927978 5.656854249492381 0.8535675077891688 
35 27 7 7 6 4 6.324555320336759 4.0 0.8580520373989536 
33 26 7 7 6 4 6.324555320336759 4.0 0.837889445235997 
31 25 7 8 4 4 6.324555320336759 4.0 0.8365626103335847 
30 24 7 8 4 4 5.0990195135927845 3.1622776601683795 0.8380856990015887 
29 23 7 8 4 3 4.0 4.47213595499958 0.8081015058337042 
28 21 7 9 5 0 4.0 7.0710678118654755 0.800151038874778 
27 21 8 9 4 0 4.0 3.1622776601683795 0.8025152214271755 
26 21 8 9 4 1 4.0 1.4142135623730951 -1 
