140 140 0 0 14 14 16.0 16.0 1.0427325361794761 
138 138 0 0 17 17 16.0 14.142135623730951 1.0457117039897281 
134 134 0 0 16 16 13.038404810405298 15.033296378372908 1.0754736345413027 
132 132 0 0 21 21 15.033296378372908 15.033296378372908 1.0843487445858335 
128 128 0 0 22 22 15.033296378372908 15.033296378372908 1.0974553230813553 
124 124 0 0 22 24 15.033296378372908 15.033296378372908 1.0729870425389672 
118 116 0 0 20 20 15.033296378372908 15.033296378372908 1.0299870794037649 
117 112 0 1 27 18 15.033296378372908 13.038404810405298 1.088108283981661 
116 111 0 1 29 28 15.033296378372908 14.142135623730951 1.1533169356901591 
102 110 1 1 22 31 13.038404810405298 14.0 1.1532378127158585 
98 108 2 1 17 30 14.0 13.341664064126334 1.0778771933120916 
97 98 2 1 27 19 13.038404810405298 13.038404810405298 1.1723938347005463 
85 97 3 1 17 30 13.038404810405298 13.038404810405298 1.1053159009211695 
84 91 3 1 22 19 13.038404810405298 13.038404810405298 1.1365366886657047 
76 90 3 2 17 25 13.038404810405298 13.038404810405298 1.0809333193906805 
72 86 3 3 17 18 12.649110640673518 13.038404810405298 1.0869771569897932 
70 80 3 3 19 21 12.649110640673518 13.038404810405298 1.0619505229711412 
69 74 3 3 25 18 12.649110640673518 13.038404810405298 1.0682012566053818 
59 70 4 3 16 15 12.649110640673518 13.038404810405298 1.072775785722682 
55 68 4 3 11 15 12.649110640673518 13.038404810405298 1.0399740556982073 
54 64 5 4 11 14 12.649110640673518 13.038404810405298 1.0548240332352383 
52 63 5 4 11 16 12.649110640673518 13.038404810405298 1.0510922628803956 
50 61 5 4 11 15 12.649110640673518 13.038404810405298 1.0506808996262331 
48 59 5 4 9 15 12.649110640673518 13.038404810405298 1.0494306389277845 
47 57 5 4 9 15 11.40175425099138 13.038404810405298 1.067631255008457 
46 56 5 4 10 18 10.198039027185569 13.038404810405298 1.0585292533683979 
44 54 5 4 9 16 9.486832980505138 13.038404810405298 0.9970268086568875 
43 50 5 5 10 10 9.486832980505138 13.038404810405298 0.9866602573693912 
42 48 5 5 10 9 8.94427190999916 12.165525060596439 0.9542793459766817 
41 47 5 6 10 7 8.94427190999916 12.165525060596439 0.954673231118392 
40 46 5 6 10 7 8.94427190999916 12.083045973594572 0.9531710330967761 
39 45 5 6 9 7 7.615773105863909 11.40175425099138 0.9575698582237621 
37 43 6 6 8 7 7.615773105863909 11.40175425099138 0.9619441597220834 
36 42 6 6 9 8 7.615773105863909 10.770329614269007 0.9604183582952784 
34 41 7 6 9 7 7.615773105863909 9.486832980505138 0.9508528618347516 
33 37 7 6 9 7 6.324555320336759 8.94427190999916 0.9465409675545295 
32 36 7 6 9 7 6.324555320336759 7.615773105863909 0.9435474224397844 
31 35 7 6 9 7 5.0990195135927845 6.324555320336759 0.9453791563232791 
29 34 7 6 6 7 5.0990195135927845 6.324555320336759 0.9191967638245976 
28 33 7 7 6 6 4.0 6.324555320336759 0.920813204898138 
27 32 7 7 7 6 4.0 6.324555320336759 0.9260904156155481 
25 31 8 7 4 6 4.47213595499958 6.324555320336759 0.9260665034923563 
24 30 9 7 4 6 4.47213595499958 5.0990195135927845 0.9280304560209374 
23 29 9 7 4 6 3.1622776601683795 5.0990195135927845 0.9002017922097493 
22 28 9 8 3 5 2.8284271247461903 5.0990195135927845 1 
