140 140 0 0 14 14 16.0 16.0 0.9841503858084425 
138 138 0 0 17 17 16.0 14.0 0.9814765196360815 
136 134 0 0 22 16 14.142135623730951 13.038404810405298 1.0068423293969053 
132 132 0 0 27 21 16.0 13.341664064126334 1.0129215610138866 
128 128 0 0 27 22 16.0 13.341664064126334 1.0210503045685828 
124 124 0 0 28 22 15.033296378372908 15.033296378372908 0.977734357840311 
120 112 0 1 32 18 15.033296378372908 13.341664064126334 1.017747386002324 
112 111 0 1 23 27 15.033296378372908 13.341664064126334 1.0448375427912184 
106 110 1 1 22 29 13.038404810405298 13.038404810405298 0.9798490988886999 
105 98 1 2 33 17 14.142135623730951 14.142135623730951 1.0077451749841515 
101 97 1 2 24 26 13.038404810405298 13.038404810405298 0.9795750152576802 
95 87 1 2 19 19 13.038404810405298 13.038404810405298 0.941731571930365 
94 77 1 3 35 14 13.038404810405298 13.038404810405298 0.9525215730307988 
82 76 2 4 25 14 13.038404810405298 13.038404810405298 0.9906379949338702 
74 75 3 4 17 20 13.038404810405298 12.649110640673518 1.014433666899927 
73 74 4 4 17 25 13.038404810405298 12.649110640673518 0.952746345038045 
69 64 4 5 15 14 12.649110640673518 12.649110640673518 0.998921876511492 
68 64 4 5 28 25 12.649110640673518 12.649110640673518 0.927315873970331 
64 54 4 6 17 13 12.649110640673518 12.649110640673518 0.9372887992669148 
60 50 5 6 12 14 12.649110640673518 12.649110640673518 0.8939408407157279 
58 42 5 7 12 9 12.649110640673518 12.649110640673518 0.881864164819162 
56 40 5 7 12 6 12.649110640673518 10.770329614269007 0.8961369220886573 
55 39 5 7 14 9 11.40175425099138 11.661903789690601 0.8890687345713516 
51 35 5 7 12 6 10.198039027185569 11.661903789690601 0.8663021844997453 
49 34 5 8 10 4 10.198039027185569 11.661903789690601 0.8660756221847584 
48 32 5 8 11 4 10.0 11.661903789690601 0.8637164614768944 
47 31 5 8 11 4 10.0 10.295630140987 0.8768206957732058 
43 29 6 8 10 4 9.055385138137417 9.899494936611665 0.8741006205879768 
42 28 6 8 9 4 8.246211251235321 8.48528137423857 0.8723645830850847 
41 27 6 8 10 4 8.246211251235321 7.0710678118654755 0.8724276461598127 
39 26 6 8 9 4 7.0710678118654755 5.656854249492381 0.8744325461010014 
37 25 6 8 11 4 6.324555320336759 4.242640687119285 0.8767343807306296 
33 24 6 8 7 4 6.324555320336759 2.8284271247461903 0.8850332475400846 
32 23 7 8 7 4 6.324555320336759 2.8284271247461903 0.8537583405888796 
31 21 7 9 7 1 5.0990195135927845 1.4142135623730951 -1 
