140 140 0 0 14 14 16.0 16.0 0.9862507848688699 
138 138 0 0 17 17 16.0 14.142135623730951 0.9887498935735031 
134 134 0 0 16 16 13.038404810405298 15.033296378372908 1.003407571390719 
132 132 0 0 21 21 15.033296378372908 15.033296378372908 1.0086426711021732 
128 128 0 0 22 22 15.033296378372908 15.033296378372908 1.0160221511383432 
124 124 0 0 22 24 15.033296378372908 15.033296378372908 1.0054542246403217 
118 116 0 0 20 20 15.033296378372908 15.033296378372908 0.9918140304926507 
116 115 0 1 22 20 15.033296378372908 15.033296378372908 1.0368667309424253 
108 114 0 1 25 31 15.033296378372908 15.033296378372908 1.0806659119931898 
96 113 1 1 22 35 13.038404810405298 15.033296378372908 1.0892539618295765 
92 112 2 1 17 33 14.142135623730951 15.033296378372908 1.0929959745020172 
82 106 3 1 15 26 12.165525060596439 15.033296378372908 1.0489343351685079 
81 98 4 2 13 18 12.0 13.038404810405298 1.0414038957175997 
79 94 4 2 12 16 12.0 13.038404810405298 1.0624282713288038 
77 92 4 2 13 24 13.341664064126334 13.038404810405298 1.0506090712284635 
75 88 4 2 14 20 13.341664064126334 13.038404810405298 1.048538493969581 
73 86 4 2 12 19 13.341664064126334 13.038404810405298 1.0472537015476002 
72 84 4 2 13 18 13.038404810405298 14.0 1.060093043775796 
68 82 4 2 12 21 13.038404810405298 14.0 1.0467980658924467 
67 78 4 2 14 17 12.165525060596439 14.0 1.0467462333164692 
63 76 4 2 12 15 12.083045973594572 14.0 1.0394209663560587 
62 70 4 3 12 22 12.083045973594572 14.0 1.0016826723367465 
60 64 4 4 12 16 12.083045973594572 14.0 1.017079231214886 
58 63 4 4 12 21 12.083045973594572 14.0 1.0042794876111867 
56 61 5 4 12 12 12.083045973594572 14.0 1.0060618293763925 
54 60 5 4 14 12 12.083045973594572 13.038404810405298 1.0221980026277893 
50 59 6 4 13 13 12.165525060596439 12.0 1.023222710079585 
48 58 6 4 11 13 12.083045973594572 11.40175425099138 1.008301541314381 
47 56 6 5 12 14 11.045361017187261 11.40175425099138 1.017111164089942 
43 55 6 5 11 15 11.045361017187261 11.045361017187261 1.014675214843788 
42 53 6 5 11 14 10.0 11.40175425099138 1.019535160677122 
38 49 7 5 8 12 10.0 11.40175425099138 1.018320797259412 
37 48 7 5 8 12 9.055385138137417 10.198039027185569 1.0190305762847731 
35 47 7 5 8 12 9.055385138137417 9.055385138137417 1.030029013915063 
34 46 8 5 6 13 9.055385138137417 9.055385138137417 1.0012950808721046 
32 42 8 6 6 9 7.615773105863909 9.055385138137417 1.0049919460292813 
31 41 8 6 6 10 6.324555320336759 9.055385138137417 1.004174809321584 
29 39 8 6 7 9 6.0 9.055385138137417 1.0028483271682684 
28 38 8 6 6 9 5.0990195135927845 8.0 1.0051985912192691 
26 37 8 6 8 9 4.0 7.0710678118654755 1.016742477672295 
22 36 9 6 2 9 4.47213595499958 6.0 1.019712166582367 
21 35 9 6 0 10 3.1622776601683795 6.0 1.0175712559026828 
21 33 9 6 1 10 1.4142135623730951 6.0 1 
