140 138 0 0 14 17 16.0 16.0 0.9815518678241358 
138 134 0 0 17 16 14.142135623730951 13.038404810405298 0.9962378148846581 
136 132 0 0 22 21 16.0 13.038404810405298 1.0033853737933642 
132 128 0 0 27 22 16.0 13.341664064126334 1.008798215589289 
128 124 0 0 26 22 15.033296378372908 15.033296378372908 1.0150062969095452 
124 120 0 0 30 23 15.033296378372908 15.033296378372908 1.0081611144067824 
120 116 0 0 26 20 15.033296378372908 15.033296378372908 0.997589894660969 
116 110 0 0 21 17 15.033296378372908 15.033296378372908 0.9774586130767055 
112 104 0 1 23 16 15.033296378372908 15.033296378372908 0.9645801470882737 
108 103 0 2 22 15 15.033296378372908 15.033296378372908 0.96521484893563 
106 99 0 2 23 16 15.033296378372908 15.033296378372908 0.9725242506657444 
102 97 0 2 21 17 15.033296378372908 15.033296378372908 0.9809585310386555 
98 95 0 2 22 18 15.033296378372908 15.033296378372908 0.9857545359082128 
94 93 0 2 20 18 15.033296378372908 15.033296378372908 0.9883517972332603 
92 91 0 2 24 18 15.033296378372908 15.033296378372908 0.9935227616504165 
88 89 0 2 23 18 15.033296378372908 15.033296378372908 1.0084497657326514 
84 87 1 2 25 18 15.033296378372908 15.033296378372908 1.025977466819017 
78 85 2 2 20 18 13.341664064126334 15.033296378372908 1.0303042977072376 
76 83 3 2 19 16 13.341664064126334 15.033296378372908 1.0284794562315478 
74 81 4 2 15 12 13.341664064126334 15.033296378372908 1.0297675899873042 
73 79 4 2 20 12 12.165525060596439 15.033296378372908 1.0315036122445185 
71 77 4 2 15 13 12.165525060596439 15.033296378372908 1.036440518410396 
70 76 4 2 20 14 12.165525060596439 15.033296378372908 1.0532354620313322 
62 75 4 2 15 15 12.083045973594572 15.033296378372908 1.054295005140298 
60 73 4 2 15 15 12.165525060596439 15.033296378372908 1.0561589877106692 
58 72 4 2 17 15 12.165525060596439 14.142135623730951 1.0683884820861291 
56 71 4 2 16 19 12.649110640673518 14.142135623730951 1.0558858143259124 
55 65 5 2 16 16 12.649110640673518 11.045361017187261 1.0563378739867664 
53 64 5 2 15 16 12.649110640673518 10.0 1.0666476994910368 
52 63 6 2 16 17 12.649110640673518 9.055385138137417 1.0712101128613383 
50 61 6 2 13 17 12.165525060596439 11.40175425099138 1.0603292691017574 
48 57 6 2 10 14 12.083045973594572 11.40175425099138 1.0466563808875586 
47 56 6 3 10 15 11.045361017187261 11.40175425099138 1.0284097822437872 
46 54 6 4 11 15 11.661903789690601 11.40175425099138 1.0217106302988606 
45 53 6 4 10 13 10.0 10.0 1.0222593418661865 
44 52 6 4 10 13 10.0 10.0 0.9907554630663924 
43 48 6 5 11 9 10.295630140987 10.0 0.9965256139553134 
42 47 6 5 10 11 9.055385138137417 10.0 0.9933113801394404 
41 45 6 5 11 10 8.94427190999916 10.0 1.0053880104688484 
39 44 6 5 9 14 8.94427190999916 10.0 0.9940760252508463 
38 40 6 5 9 10 7.615773105863909 11.40175425099138 0.9933241575180454 
37 38 6 5 10 10 7.615773105863909 11.40175425099138 0.9772100082599405 
35 36 6 6 10 10 7.615773105863909 11.40175425099138 0.9556941057331227 
33 34 6 7 9 8 7.615773105863909 11.40175425099138 0.9601302462464498 
31 32 7 7 7 6 7.615773105863909 11.661903789690601 0.9587286505101271 
30 31 7 7 7 6 6.324555320336759 10.295630140987 0.9541747226264807 
29 30 7 7 7 5 5.0990195135927845 8.602325267042627 0.9592414140099825 
28 29 7 7 11 6 4.0 8.602325267042627 0.9673759384751419 
24 28 8 7 3 5 3.1622776601683795 7.211102550927978 0.9713501800711428 
23 27 8 7 2 6 2.0 7.615773105863909 0.9621263664415661 
22 26 8 7 2 4 5.0990195135927845 5.830951894845301 0.968991455471828 
21 25 9 7 0 5 3.1622776601683795 3.1622776601683795 0.9439583377370544 
21 23 9 8 1 3 1.4142135623730951 2.8284271247461903 1 
