140 138 0 0 14 17 16.0 16.0 1.0050677321183787 
138 134 0 0 17 16 14.142135623730951 13.341664064126334 1.0199871125468594 
134 132 0 0 16 21 15.033296378372908 15.033296378372908 1.0203457264273976 
132 128 0 0 21 22 15.033296378372908 15.033296378372908 1.0215066402254669 
128 124 0 0 22 22 15.033296378372908 15.033296378372908 1.0162834089586334 
124 118 0 0 24 20 15.033296378372908 15.033296378372908 1.0298229621180048 
116 116 0 0 20 22 15.033296378372908 15.033296378372908 1.03551060110438 
115 108 1 0 20 25 15.033296378372908 15.033296378372908 0.9983253913419267 
114 96 1 1 31 22 15.033296378372908 13.341664064126334 0.9708470675991031 
113 92 1 2 35 17 15.033296378372908 14.0 0.9554160911742883 
111 91 1 3 22 17 14.0 14.142135623730951 0.9842855032701102 
97 89 2 3 20 16 12.165525060596439 14.142135623730951 0.9883194748096232 
93 87 2 3 21 16 12.083045973594572 14.142135623730951 0.9916436550694975 
89 85 2 3 18 16 12.083045973594572 14.142135623730951 0.9897177078554079 
88 83 2 3 33 14 11.045361017187261 14.142135623730951 0.9969922730833612 
84 82 2 3 23 16 11.045361017187261 14.142135623730951 0.9904371633960616 
80 76 2 3 21 14 12.649110640673518 14.142135623730951 1.0049726337489822 
76 75 2 3 21 19 12.649110640673518 14.142135623730951 1.012154087893124 
70 73 3 3 18 14 12.649110640673518 14.142135623730951 1.0134951161542394 
68 71 3 3 23 14 12.649110640673518 14.142135623730951 1.0167546648495087 
66 70 3 3 18 16 12.649110640673518 13.038404810405298 1.0157671042220044 
64 66 3 3 21 17 12.165525060596439 12.165525060596439 1.0174794348820724 
60 60 4 3 17 14 12.165525060596439 12.165525060596439 1.0220537215687129 
58 59 4 3 17 16 12.165525060596439 11.40175425099138 1.0154252874253888 
56 57 4 3 16 14 12.165525060596439 9.055385138137417 1.0245995475412006 
54 56 4 3 15 18 12.165525060596439 9.055385138137417 1.0177286914055812 
52 54 4 3 13 15 12.165525060596439 8.0 1.018182945568577 
50 52 4 3 9 15 12.649110640673518 8.602325267042627 1.0146820017240379 
49 48 4 3 9 15 11.40175425099138 8.602325267042627 0.9868823133749521 
47 44 4 4 9 10 9.055385138137417 7.615773105863909 0.9737188235059985 
46 43 4 5 10 11 8.246211251235321 7.615773105863909 0.9745528041923932 
44 41 4 5 12 11 8.246211251235321 7.615773105863909 0.9843077577309013 
40 39 5 5 11 9 8.246211251235321 7.615773105863909 0.9825023946011883 
38 38 5 5 9 8 7.615773105863909 6.324555320336759 0.9859477615684691 
37 37 5 5 9 10 7.211102550927978 5.830951894845301 0.9810622400776663 
36 35 5 5 9 8 7.211102550927978 5.830951894845301 0.96654355667396 
35 33 5 6 9 9 5.830951894845301 5.830951894845301 0.947746662695331 
34 31 5 7 9 8 5.830951894845301 5.830951894845301 0.9439502309979135 
32 29 5 7 7 6 5.830951894845301 5.656854249492381 0.9571913013034502 
30 28 6 7 5 7 5.830951894845301 5.656854249492381 0.9403697274976596 
29 27 6 8 5 6 4.47213595499958 5.656854249492381 0.9371533930668736 
27 26 6 8 5 4 3.1622776601683795 4.242640687119285 0.9474462574633609 
25 25 7 8 3 4 5.830951894845301 4.242640687119285 0.9555470520497382 
24 24 8 8 3 4 5.830951894845301 2.8284271247461903 0.9529709743631041 
23 23 8 8 1 2 2.8284271247461903 2.8284271247461903 0.9518435051149781 
22 22 8 8 1 2 1.4142135623730951 1.4142135623730951 0.9431550750727045 
21 21 9 9 0 0 5.0990195135927845 3.1622776601683795 0.9442728486742626 
21 21 9 9 1 1 1.4142135623730951 1.4142135623730951 1 
