140 138 0 0 14 17 16.0 16.0 1.0081521910264017 
138 134 0 0 17 16 14.142135623730951 13.038404810405298 1.0173143905080968 
136 132 0 0 22 21 16.0 13.038404810405298 1.020812628412871 
132 128 0 0 27 22 16.0 13.341664064126334 1.0241944485994567 
128 124 0 0 26 22 15.033296378372908 15.033296378372908 1.0271929730306917 
124 120 0 0 30 23 15.033296378372908 15.033296378372908 0.997180225496307 
120 112 0 1 26 18 15.033296378372908 15.033296378372908 0.9909875458056127 
118 108 0 1 25 16 15.033296378372908 15.033296378372908 0.999122007761528 
112 106 0 1 18 17 15.033296378372908 15.033296378372908 0.9981657931500403 
111 104 0 1 21 17 15.033296378372908 15.033296378372908 1.0071042671656745 
105 102 0 1 18 18 14.0 15.033296378372908 1.0131320325726445 
103 100 0 1 20 21 14.0 15.033296378372908 1.011820271742788 
101 98 0 1 21 20 14.0 15.033296378372908 1.0121320699281477 
99 96 0 1 20 20 14.0 15.033296378372908 1.01253778924417 
97 94 0 1 20 20 14.0 15.033296378372908 1.0129435085601923 
95 92 0 1 20 20 14.0 15.033296378372908 1.0216783882041414 
93 90 1 1 22 19 14.0 15.033296378372908 1.0320861707825426 
89 88 2 1 18 17 12.165525060596439 15.033296378372908 1.0278231066819015 
88 86 2 1 24 15 12.083045973594572 15.033296378372908 1.029859919642636 
84 85 2 1 20 14 11.40175425099138 14.142135623730951 1.0407392032950944 
80 84 2 1 18 17 10.198039027185569 14.142135623730951 1.0393335213345756 
78 82 2 1 18 16 10.198039027185569 14.142135623730951 1.0465203610110445 
76 81 2 1 17 19 10.198039027185569 14.142135623730951 1.03234460002964 
70 79 2 2 16 16 10.198039027185569 14.142135623730951 1.0449632935867539 
68 78 2 2 17 22 10.198039027185569 14.0 1.0373491034099405 
66 72 2 2 16 21 11.045361017187261 14.0 1.0412030641930514 
64 68 3 2 16 19 11.045361017187261 14.0 1.0175639814817365 
63 62 4 3 15 13 11.045361017187261 14.0 1.01453709045498 
61 60 4 3 15 11 11.045361017187261 14.142135623730951 1.0134869547128296 
60 58 4 3 17 11 11.045361017187261 14.142135623730951 1.0002243074719397 
59 57 4 4 17 12 10.198039027185569 14.142135623730951 1.0006300267879618 
57 55 4 4 17 12 10.198039027185569 14.142135623730951 0.9768506535050365 
56 49 4 5 19 11 9.055385138137417 14.142135623730951 0.9631227255595416 
54 48 4 6 16 11 8.246211251235321 14.142135623730951 0.9550672660247718 
52 46 4 6 16 7 7.615773105863909 13.038404810405298 0.9557859969692478 
50 45 4 6 17 7 7.211102550927978 12.0 0.9480839741647 
48 41 4 6 13 7 6.0 8.0 0.9489692868951154 
46 40 4 6 16 7 6.0 7.0710678118654755 0.9607174355981746 
42 39 5 6 15 6 6.0 6.0 0.964093630460237 
40 38 5 6 12 7 6.0 6.0 0.9648262979298055 
38 37 5 6 9 7 5.0990195135927845 5.0990195135927845 0.9650291575878167 
37 36 5 6 9 7 5.0990195135927845 5.0990195135927845 0.9459810700776154 
36 35 5 7 9 5 5.0990195135927845 5.0990195135927845 0.9461839297356265 
35 34 5 7 9 5 5.0990195135927845 5.0990195135927845 0.9537111250402631 
33 32 6 7 7 3 5.0990195135927845 5.830951894845301 0.9542845483133293 
32 30 6 7 7 4 5.0990195135927845 5.830951894845301 0.9535021417521831 
31 28 6 7 7 4 4.0 5.830951894845301 0.9354416673121915 
29 26 6 8 5 2 5.656854249492381 7.0710678118654755 0.9437988029810536 
28 25 7 8 6 2 5.656854249492381 5.656854249492381 0.9426016044093876 
27 24 7 8 5 2 4.242640687119285 4.242640687119285 0.9391006983279033 
26 23 7 8 5 1 4.242640687119285 2.8284271247461903 0.9471760706047787 
25 22 8 8 3 1 4.242640687119285 1.4142135623730951 0.9374149210922731 
24 21 8 9 2 0 4.242640687119285 7.0710678118654755 0.9436870498868504 
23 21 9 9 1 0 4.242640687119285 3.1622776601683795 0.9453892847324114 
22 21 9 9 1 1 2.8284271247461903 1.4142135623730951 -1 
