140 140 0 0 14 14 16.0 16.0 1.0015377515726038 
138 138 0 0 17 17 16.0 14.142135623730951 1.0032773463777198 
134 134 0 0 16 16 13.038404810405298 15.033296378372908 1.003072327579883 
132 132 0 0 16 16 15.033296378372908 15.033296378372908 1.003656560112713 
130 130 0 0 16 16 15.033296378372908 15.033296378372908 1.004240792645543 
128 128 0 0 16 16 15.033296378372908 15.033296378372908 1.004870062638536 
126 126 0 0 13 16 15.033296378372908 15.033296378372908 1.0036461845931868 
124 124 0 0 15 15 15.033296378372908 15.033296378372908 1.0060085027307542 
122 122 0 0 15 16 15.033296378372908 15.033296378372908 1.008370820868322 
120 120 0 0 15 17 15.033296378372908 15.033296378372908 1.008955053401152 
118 118 0 0 15 17 15.033296378372908 15.033296378372908 1.009569310907424 
116 116 0 0 13 17 15.033296378372908 15.033296378372908 1.010123518466812 
114 114 0 0 15 17 15.033296378372908 15.033296378372908 1.010707750999642 
112 112 0 0 15 17 15.033296378372908 15.033296378372908 1.011291983532472 
110 110 0 0 15 17 15.033296378372908 15.033296378372908 1.0100831179738436 
108 108 0 0 16 16 15.033296378372908 15.033296378372908 1.005393143639345 
106 106 0 0 12 13 15.033296378372908 15.033296378372908 1.0111894730071582 
102 104 0 0 12 14 15.033296378372908 15.033296378372908 1.011834785529603 
101 102 0 0 12 15 15.033296378372908 15.033296378372908 1.0128278275209015 
99 100 0 0 12 15 14.0 15.033296378372908 1.0138075144126508 
97 98 0 0 11 15 13.038404810405298 15.033296378372908 1.0111809185682237 
95 96 0 0 11 13 12.165525060596439 15.033296378372908 1.0173865708136565 
93 94 0 0 12 16 11.40175425099138 15.033296378372908 1.0210215933472602 
89 93 0 0 14 15 11.40175425099138 15.033296378372908 1.0264347014856017 
85 92 0 0 16 15 11.40175425099138 15.033296378372908 1.0132013082139304 
83 91 0 1 17 15 10.770329614269007 15.033296378372908 1.0119407277092896 
81 90 0 1 13 13 10.198039027185569 15.033296378372908 1.0020437161730977 
79 89 0 2 12 15 10.198039027185569 15.033296378372908 1.0015412431265287 
77 85 0 2 13 16 10.198039027185569 15.033296378372908 0.9992606844752223 
75 81 0 2 14 16 10.198039027185569 15.033296378372908 1.0095672941137999 
73 80 1 2 17 15 10.198039027185569 15.033296378372908 1.0181869231106961 
72 79 2 2 18 14 10.198039027185569 15.033296378372908 1.018493021821101 
70 78 2 2 13 13 10.198039027185569 15.033296378372908 1.0208703524453897 
68 76 2 2 12 14 10.198039027185569 15.033296378372908 1.0197384766257789 
66 75 2 2 13 13 10.198039027185569 14.0 1.0222713162386514 
64 74 2 2 13 14 10.198039027185569 13.038404810405298 1.0181607359305254 
62 72 2 2 13 12 10.198039027185569 12.165525060596439 1.034086387436187 
58 71 3 2 10 13 10.198039027185569 11.045361017187261 1.036080496831004 
56 70 3 2 11 13 10.198039027185569 11.045361017187261 1.0390042799933272 
54 69 3 2 8 13 8.0 11.045361017187261 1.0427614625061608 
52 68 3 2 10 14 8.0 11.045361017187261 1.0531892020812363 
51 67 4 2 9 14 8.0 11.045361017187261 1.0394827051656188 
49 66 4 3 9 14 8.602325267042627 11.045361017187261 1.042807271551897 
48 64 4 3 9 16 6.324555320336759 11.045361017187261 1.0596311534685106 
42 63 5 3 12 15 7.211102550927978 11.045361017187261 1.06553257024337 
38 61 5 3 5 16 7.211102550927978 11.045361017187261 1.0640616133917689 
37 60 5 3 4 15 7.211102550927978 11.045361017187261 1.0529936338092747 
36 59 5 4 3 17 5.830951894845301 11.045361017187261 1.0483046895175072 
35 57 5 4 3 15 5.830951894845301 11.045361017187261 1.0440301933141327 
34 55 5 4 3 14 5.830951894845301 10.0 1.0407661383710727 
33 54 5 4 3 12 5.830951894845301 10.0 1.04940077985469 
32 53 6 4 3 11 5.830951894845301 10.0 1.0499974875579492 
31 52 6 4 2 11 5.0990195135927845 10.0 1.049822196048171 
30 50 6 4 1 12 7.211102550927978 10.0 1.047027916613998 
28 49 6 4 2 10 7.211102550927978 9.055385138137417 1.0596351137609687 
27 48 7 4 1 12 7.211102550927978 8.0 1.0499992817955555 
26 44 7 4 0 10 9.486832980505138 7.0710678118654755 1.0496528352455345 
26 42 7 4 1 11 7.615773105863909 7.0710678118654755 1.0429363811932872 
25 40 7 4 1 8 8.246211251235321 7.0710678118654755 1.027751180345777 
24 39 7 5 1 8 8.246211251235321 7.0710678118654755 1.0367817487744304 
23 38 8 5 0 8 8.246211251235321 6.0 1.032545952390624 
23 37 8 5 1 6 6.324555320336759 6.0 1.0307796481693914 
22 36 8 5 0 5 7.0710678118654755 6.0 1.0283418744353452 
22 35 8 5 1 4 5.0990195135927845 6.0 1.0375943159339105 
21 34 9 5 0 4 5.0990195135927845 5.0990195135927845 1.03761225674364 
21 33 9 5 1 4 1.4142135623730951 5.0990195135927845 1 
