140 138 0 0 14 17 16.0 16.0 1.0031760901710047 
138 134 0 0 17 16 14.142135623730951 13.038404810405298 1.013037014477399 
136 132 0 0 22 21 16.0 13.038404810405298 1.016949238542983 
132 128 0 0 27 22 16.0 13.341664064126334 1.020733020536949 
128 124 0 0 26 22 15.033296378372908 15.033296378372908 1.0241082628777456 
124 120 0 0 30 23 15.033296378372908 15.033296378372908 0.9930978409681948 
120 112 0 1 26 18 15.033296378372908 15.033296378372908 0.9866088628116111 
118 108 0 1 25 16 15.033296378372908 15.033296378372908 0.9954176808084765 
112 106 0 1 18 17 15.033296378372908 15.033296378372908 0.9763955163998187 
111 100 0 2 21 19 15.033296378372908 15.033296378372908 0.9787413321447681 
109 98 0 2 20 20 15.033296378372908 15.033296378372908 0.9708946372640629 
108 94 0 2 23 18 15.033296378372908 15.033296378372908 0.9779742119696543 
102 92 0 2 18 18 15.033296378372908 15.033296378372908 0.9806296683212327 
100 90 0 2 20 19 15.033296378372908 15.033296378372908 0.9908812678681445 
98 88 1 2 20 19 15.033296378372908 15.033296378372908 0.9988875564460676 
96 86 2 2 17 18 15.033296378372908 15.033296378372908 0.994275071450902 
95 84 2 2 22 16 15.033296378372908 15.033296378372908 1.0000916040773506 
91 83 2 2 18 17 15.033296378372908 14.142135623730951 0.9990262368381282 
89 81 2 2 18 17 15.033296378372908 13.038404810405298 0.9966899480921109 
88 79 2 2 18 17 14.142135623730951 12.0 0.9905055640151106 
87 77 2 2 21 15 14.142135623730951 11.045361017187261 1.0017983120100975 
85 76 2 2 17 20 14.142135623730951 11.045361017187261 0.9935800905622397 
83 72 2 2 18 17 14.142135623730951 11.045361017187261 0.9901188952201101 
81 70 2 2 17 15 14.142135623730951 11.045361017187261 0.9896589316649448 
79 69 3 3 15 17 14.142135623730951 11.045361017187261 1.0036697335880718 
77 68 4 3 18 18 14.142135623730951 11.045361017187261 1.0076326542757914 
75 67 4 3 18 19 14.142135623730951 11.045361017187261 0.9838059816233401 
71 63 4 4 15 16 14.142135623730951 9.055385138137417 0.9855817970244649 
70 62 4 4 16 16 14.0 10.0 0.9859919424070547 
68 60 4 4 15 16 14.0 10.0 0.9851730460003589 
67 58 4 4 15 16 13.038404810405298 10.0 0.9819925127569944 
65 56 4 4 15 14 12.649110640673518 10.0 0.9825654155809528 
63 55 4 4 14 14 12.649110640673518 9.055385138137417 0.9679220774070925 
62 53 4 5 14 15 11.40175425099138 9.055385138137417 0.9443474659802416 
61 49 4 6 17 13 11.045361017187261 9.055385138137417 0.9407830571025688 
59 47 4 6 15 11 11.045361017187261 9.055385138137417 0.9447459777902881 
57 46 4 6 15 12 11.045361017187261 9.055385138137417 0.9452593367084209 
55 44 4 6 15 12 11.045361017187261 9.055385138137417 0.9167256776687959 
54 38 4 7 15 9 10.0 9.055385138137417 0.9107245529027952 
53 36 4 7 17 7 9.055385138137417 8.0 0.9111346982853851 
51 34 4 7 16 7 9.055385138137417 8.0 0.9123761993808281 
50 33 4 7 15 8 8.0 7.0710678118654755 0.9128714432146792 
48 32 4 7 15 8 8.0 6.0 0.9156383347140877 
44 31 4 7 15 7 9.899494936611665 6.0 0.8922768453292232 
42 29 4 8 15 3 9.899494936611665 5.830951894845301 0.9069641968026912 
38 28 5 8 9 3 9.899494936611665 5.830951894845301 0.9152219556868676 
37 27 6 8 11 3 9.899494936611665 4.47213595499958 0.9168937530598674 
35 26 6 8 8 3 10.0 4.47213595499958 0.9159139608972846 
34 25 6 8 8 3 8.602325267042627 3.1622776601683795 0.9168686200757287 
33 24 6 8 8 3 7.0710678118654755 3.1622776601683795 0.9007995739919675 
31 23 6 9 6 2 7.211102550927978 3.1622776601683795 0.9002054575289752 
30 22 6 9 7 2 5.656854249492381 2.0 0.8982299995410581 
29 21 6 9 6 1 4.242640687119285 1.4142135623730951 -1 
