140 138 0 0 14 17 16.0 16.0 1.0041427379519408 
138 136 0 0 17 22 14.0 14.142135623730951 1.0194058213917534 
134 132 0 0 16 27 13.038404810405298 16.0 1.0147183638721122 
132 128 0 0 21 26 13.038404810405298 15.033296378372908 1.0200199119481177 
128 124 0 0 22 28 15.033296378372908 15.033296378372908 1.0305304977789234 
124 120 0 0 24 32 15.033296378372908 15.033296378372908 1.031775221614386 
112 112 1 0 19 23 13.038404810405298 15.033296378372908 1.0188942554953333 
108 111 1 1 16 22 13.038404810405298 15.033296378372908 1.065952005722771 
96 109 2 1 21 30 13.038404810405298 15.033296378372908 1.0763351166647512 
88 107 2 1 14 30 14.142135623730951 15.033296378372908 1.0202681057227585 
87 93 3 2 14 17 14.142135623730951 13.038404810405298 1.017382434669298 
86 91 3 2 22 16 14.142135623730951 12.165525060596439 1.0639168472252918 
74 89 4 2 14 25 14.142135623730951 12.165525060596439 1.0372932261588033 
73 81 4 2 19 16 13.038404810405298 12.649110640673518 1.047267566032359 
69 79 5 2 13 15 13.038404810405298 12.165525060596439 1.033014932677021 
68 78 5 3 21 15 13.038404810405298 12.165525060596439 1.0419446880983692 
62 76 5 3 13 16 13.038404810405298 12.165525060596439 1.0561664366006973 
61 75 6 3 14 18 13.038404810405298 12.165525060596439 1.0565258182616484 
59 71 6 3 15 19 12.649110640673518 12.165525060596439 1.0276180298205366 
57 67 6 4 15 14 12.649110640673518 12.165525060596439 1.0320434668608864 
55 66 6 4 15 15 12.649110640673518 12.165525060596439 1.0202762032313974 
51 60 6 4 15 10 12.649110640673518 12.165525060596439 1.0075151785765952 
49 58 6 5 13 11 10.198039027185569 12.165525060596439 1.0106145738738603 
47 57 6 5 15 12 10.198039027185569 11.045361017187261 1.0190947763092952 
43 56 6 5 14 13 9.055385138137417 11.045361017187261 1.038667274810263 
37 55 6 5 12 17 6.324555320336759 11.40175425099138 1.0228288494359699 
35 49 6 5 10 12 6.0 11.40175425099138 1.0309663880858875 
34 47 7 5 9 12 6.0 11.40175425099138 1.0276169105836321 
32 45 7 5 6 10 4.47213595499958 11.40175425099138 1.0146466860102186 
31 44 7 6 9 11 4.0 11.40175425099138 1.0145043440050407 
29 43 7 6 6 11 4.0 10.198039027185569 1.0284729004881314 
25 41 8 6 4 11 3.1622776601683795 10.198039027185569 1.0290939371724508 
23 40 8 6 2 11 2.0 9.055385138137417 1.036945403361643 
22 39 9 6 2 11 2.8284271247461903 8.0 1.0348261441079232 
21 37 9 6 1 11 1.4142135623730951 7.0710678118654755 1 
