140 138 0 0 14 17 16.0 16.0 1.0254347618543873 
138 134 0 0 17 16 14.142135623730951 13.341664064126334 1.0289529015944263 
134 132 0 0 16 16 15.033296378372908 15.033296378372908 1.0288644530756126 
132 130 0 0 16 16 15.033296378372908 15.033296378372908 1.0287760045567989 
130 128 0 0 16 16 15.033296378372908 15.033296378372908 1.0245773701898293 
128 126 0 0 16 13 15.033296378372908 15.033296378372908 1.0272290455697863 
126 124 0 0 16 15 15.033296378372908 15.033296378372908 1.0283257274850393 
124 122 0 0 17 16 15.033296378372908 15.033296378372908 1.0282372789662255 
122 120 0 0 17 16 15.033296378372908 15.033296378372908 1.0281488304474118 
120 118 0 0 17 16 15.033296378372908 15.033296378372908 1.0280603819285983 
118 116 0 0 17 16 15.033296378372908 15.033296378372908 1.0279719334097845 
116 114 0 0 17 16 15.033296378372908 15.033296378372908 1.0268832859722228 
114 112 0 0 15 15 15.033296378372908 15.033296378372908 1.0243521134810634 
112 108 0 0 15 15 15.033296378372908 15.033296378372908 1.025448795396316 
110 106 0 0 16 16 15.033296378372908 15.033296378372908 1.0255452783928212 
108 104 0 0 15 16 15.033296378372908 15.033296378372908 1.0260116244199635 
106 102 0 0 12 16 15.033296378372908 15.033296378372908 1.0257382443858312 
104 100 0 0 13 16 15.033296378372908 15.033296378372908 1.022909671968247 
102 98 0 0 13 14 15.033296378372908 15.033296378372908 1.025561347348204 
100 96 0 0 13 16 15.033296378372908 15.033296378372908 1.0220299759382963 
98 92 0 0 11 15 15.033296378372908 15.033296378372908 1.0179438099824327 
96 88 0 0 12 14 15.033296378372908 15.033296378372908 1.0192254234130043 
94 86 0 0 12 15 15.033296378372908 15.033296378372908 1.0018973410194294 
92 84 0 1 14 13 15.033296378372908 15.033296378372908 0.9894191705352856 
90 82 0 2 12 14 15.033296378372908 15.033296378372908 0.9707210261923256 
88 80 0 3 14 11 15.033296378372908 15.033296378372908 0.9723725026535347 
86 78 0 3 12 12 15.033296378372908 15.033296378372908 0.9811775254509814 
84 77 1 3 16 10 15.033296378372908 15.033296378372908 0.9956785850689562 
80 76 2 3 13 9 13.341664064126334 15.033296378372908 0.9943509454348014 
78 74 2 3 12 9 13.341664064126334 13.341664064126334 1.0037107627782045 
76 73 3 3 13 7 13.341664064126334 13.341664064126334 1.0035881745860582 
74 72 3 3 11 6 13.341664064126334 13.038404810405298 1.0162146715293825 
73 70 4 3 11 8 13.341664064126334 13.038404810405298 1.01728405145836 
71 69 4 3 12 8 13.038404810405298 13.038404810405298 1.016920427170929 
70 68 4 3 9 8 13.038404810405298 12.0 1.0168762029115224 
69 67 4 3 9 8 13.038404810405298 12.0 1.016184142117215 
68 66 4 3 9 8 12.649110640673518 11.045361017187261 1.0163997639057665 
67 65 4 3 9 8 12.0 11.045361017187261 1.0166891711248907 
66 63 4 3 8 9 12.0 11.045361017187261 1.0027125207704757 
65 62 4 4 9 9 11.045361017187261 11.045361017187261 1.000113104127617 
64 61 4 4 8 7 11.045361017187261 11.045361017187261 1.000876154564339 
62 60 4 4 10 7 11.045361017187261 11.045361017187261 1.001584031166008 
61 58 4 4 9 8 10.0 11.045361017187261 1.000169744957216 
60 57 4 4 9 7 10.0 11.045361017187261 1.0028576518892791 
58 56 4 4 8 8 10.0 11.045361017187261 1.0019333768828815 
57 55 4 4 8 8 10.0 10.0 1.0018891526234748 
56 54 4 4 8 8 10.0 10.0 0.9888924191454813 
54 53 4 5 8 8 10.0 10.0 0.9900253326128405 
52 52 4 5 8 8 10.0 10.0 1.000903911868841 
50 50 5 5 9 8 10.0 10.0 1.0125784798537742 
48 49 6 5 8 8 10.0 9.055385138137417 1.0135709062694327 
46 48 6 5 6 8 9.055385138137417 8.0 1.012744648384675 
45 47 6 5 6 8 9.055385138137417 7.0710678118654755 1.0113303621758831 
44 46 6 5 6 7 9.055385138137417 7.0710678118654755 1.0134634745619902 
42 45 6 5 8 8 9.055385138137417 7.0710678118654755 1.0145963880293494 
40 44 6 5 8 8 9.055385138137417 7.0710678118654755 1.014974645917107 
39 43 6 5 8 8 8.0 7.0710678118654755 1.015487214829235 
38 42 6 5 7 8 7.0710678118654755 7.0710678118654755 1.013072729701695 
37 41 6 5 5 6 7.0710678118654755 7.0710678118654755 1.013028505442288 
36 40 6 5 5 6 7.0710678118654755 7.0710678118654755 1.0110446550599232 
35 39 6 5 7 5 6.0 6.324555320336759 1.0124301718373412 
33 38 6 5 6 5 5.830951894845301 6.324555320336759 1.0135630853047004 
31 37 6 5 6 5 5.830951894845301 6.324555320336759 1.0136642655387975 
29 36 6 5 6 5 5.830951894845301 5.0990195135927845 1.0263190013269277 
27 35 7 5 4 5 5.830951894845301 5.0990195135927845 1.0232970894123008 
26 34 8 6 4 5 5.830951894845301 5.0990195135927845 1.0224267520001353 
25 33 8 6 4 4 4.47213595499958 5.0990195135927845 1.0229068782596853 
24 32 8 6 4 4 3.1622776601683795 5.0990195135927845 1.022708166511959 
23 31 8 6 2 4 4.47213595499958 5.0990195135927845 1.008015152099045 
23 30 8 7 2 4 2.8284271247461903 5.0990195135927845 1.005349104517378 
22 29 8 7 1 3 5.0990195135927845 4.47213595499958 1.016641771063423 
21 28 9 7 0 3 5.0990195135927845 4.47213595499958 1.01560782423833 
21 27 9 7 1 3 1.4142135623730951 3.1622776601683795 1 
