140 138 0 0 14 17 16.0 16.0 0.992063996626521 
138 134 0 0 17 16 14.142135623730951 13.038404810405298 0.9923134156844606 
136 132 0 0 18 16 16.0 13.341664064126334 0.9989529864258092 
132 130 0 0 18 16 15.033296378372908 15.033296378372908 0.9995735889316135 
130 128 0 0 17 16 15.033296378372908 15.033296378372908 0.9966177727795579 
128 126 0 0 17 14 15.033296378372908 15.033296378372908 1.0007809716433127 
126 124 0 0 17 16 15.033296378372908 15.033296378372908 0.9996049092452096 
124 122 0 0 17 15 15.033296378372908 15.033296378372908 1.0020221766549215 
122 120 0 0 15 16 15.033296378372908 15.033296378372908 1.0043887106147689 
120 118 0 0 16 17 15.033296378372908 15.033296378372908 1.0067552445746162 
118 116 0 0 17 18 15.033296378372908 15.033296378372908 1.007358935930466 
116 114 0 0 17 18 15.033296378372908 15.033296378372908 1.0079626272863154 
114 112 0 0 17 18 15.033296378372908 15.033296378372908 1.0085663186421652 
112 110 0 0 17 18 15.033296378372908 15.033296378372908 1.00915309884806 
110 108 0 0 18 18 15.033296378372908 15.033296378372908 1.0097567902039095 
108 106 0 0 18 18 15.033296378372908 15.033296378372908 1.006800974051854 
106 104 0 0 18 16 15.033296378372908 15.033296378372908 1.0074553988575676 
104 102 0 0 15 16 15.033296378372908 15.033296378372908 1.0016761758799748 
102 98 0 0 14 14 15.033296378372908 15.033296378372908 1.0075205414710733 
98 96 0 0 13 15 15.033296378372908 15.033296378372908 1.011534419858355 
94 94 0 0 15 15 15.033296378372908 15.033296378372908 1.010056511782327 
93 93 0 0 15 14 15.033296378372908 15.033296378372908 1.0203702126454446 
91 92 1 0 18 13 15.033296378372908 15.033296378372908 1.0311858131128244 
90 90 2 0 16 14 15.033296378372908 15.033296378372908 1.032062247120786 
88 89 2 0 15 14 15.033296378372908 14.142135623730951 1.0323401660103384 
86 88 2 0 13 13 15.033296378372908 14.142135623730951 1.017532782115457 
85 87 2 1 12 13 14.142135623730951 14.142135623730951 1.0161109963247303 
84 86 2 1 12 12 14.0 14.142135623730951 1.004816270753141 
82 85 2 2 12 13 13.038404810405298 14.142135623730951 1.005405024122461 
80 84 2 2 12 12 12.165525060596439 14.142135623730951 1.0063102905666403 
78 82 2 2 12 12 11.40175425099138 14.142135623730951 1.0025579531741586 
76 80 2 2 12 10 10.770329614269007 13.341664064126334 1.0047185052693726 
74 79 2 2 15 10 10.295630140987 13.341664064126334 1.0050471576087894 
72 78 2 2 10 9 10.295630140987 13.341664064126334 1.0027936198391925 
70 74 2 2 11 9 10.295630140987 13.341664064126334 1.0065803127867856 
68 73 2 2 12 10 10.295630140987 13.341664064126334 1.012031261311768 
64 72 2 2 13 10 10.295630140987 13.341664064126334 1.0126518638175723 
62 70 2 2 12 10 10.295630140987 13.341664064126334 1.0146757141611678 
60 69 2 2 12 10 10.295630140987 13.341664064126334 1.0268029910781473 
58 68 3 2 13 10 10.295630140987 13.341664064126334 1.0216894096295246 
56 67 4 3 13 9 10.295630140987 13.341664064126334 1.0237470822730295 
54 66 4 3 11 9 10.295630140987 13.341664064126334 1.0260967050829222 
52 64 4 3 13 10 10.295630140987 13.341664064126334 1.020234300602222 
48 60 5 4 9 9 10.295630140987 13.341664064126334 1.0192505986389868 
46 58 5 4 12 9 10.295630140987 12.165525060596439 1.0216847771986535 
44 56 5 4 9 10 10.295630140987 12.165525060596439 1.021066225712262 
43 54 5 4 11 10 8.94427190999916 12.165525060596439 1.0207213697921576 
42 52 5 4 9 10 7.0710678118654755 12.165525060596439 1.0175673877733842 
40 50 5 4 8 8 7.615773105863909 12.165525060596439 1.005825331509509 
38 49 5 5 12 9 7.615773105863909 12.165525060596439 1.0064966674651776 
36 47 5 5 8 9 7.615773105863909 12.165525060596439 1.000003764967136 
35 45 6 6 9 9 7.615773105863909 12.165525060596439 0.9806014790487303 
33 43 6 7 7 6 5.0990195135927845 12.0 0.977886267322326 
32 42 6 7 7 4 4.0 12.083045973594572 0.9785188878681214 
31 41 6 7 7 4 3.1622776601683795 12.083045973594572 0.9620020819126721 
29 40 6 8 5 3 4.242640687119285 11.40175425099138 0.9655460603597598 
28 36 7 8 5 4 7.615773105863909 9.055385138137417 0.9658008967600343 
27 35 7 8 5 4 4.242640687119285 8.0 0.9656176499581369 
26 34 7 8 4 4 4.242640687119285 7.615773105863909 0.9740131890265415 
25 33 8 8 3 4 7.615773105863909 7.0710678118654755 0.9762053194194149 
24 32 8 8 3 4 2.8284271247461903 7.0710678118654755 0.9751246949507234 
23 31 8 8 2 4 2.8284271247461903 6.0 0.9759849431947402 
22 30 8 8 2 4 1.4142135623730951 6.0 0.9838088451264198 
21 29 9 8 0 4 5.0990195135927845 5.0990195135927845 0.9820469677530701 
21 28 9 8 1 3 1.4142135623730951 5.0990195135927845 1 
