140 140 0 0 14 14 16.0 16.0 0.9980059458104538 
138 138 0 0 17 17 16.0 14.142135623730951 1.0008499931118433 
134 134 0 0 16 16 13.341664064126334 15.033296378372908 1.0249740428300018 
132 132 0 0 21 21 15.033296378372908 15.033296378372908 1.0329247897263443 
128 128 0 0 22 22 15.033296378372908 15.033296378372908 1.0439102974299348 
124 124 0 0 22 24 15.033296378372908 15.033296378372908 1.0268739966903342 
118 116 0 0 20 20 15.033296378372908 15.033296378372908 0.9940850391343071 
117 112 0 1 27 18 15.033296378372908 13.341664064126334 1.0373242283866928 
116 111 0 1 29 28 15.033296378372908 14.0 1.091429229529855 
102 110 1 1 22 31 13.341664064126334 14.0 1.0939952743094505 
98 108 2 1 17 30 14.0 13.038404810405298 1.0403133898376569 
97 98 2 1 27 19 13.341664064126334 13.038404810405298 1.0467458719784064 
85 96 3 2 17 18 13.038404810405298 13.038404810405298 1.0759831879573507 
84 95 3 2 23 24 13.038404810405298 13.038404810405298 1.0608938282806568 
76 87 3 2 16 20 13.038404810405298 13.038404810405298 1.0501610647189268 
75 83 4 2 16 18 13.038404810405298 12.0 1.032389596820588 
74 75 4 3 23 21 13.038404810405298 12.0 1.0443326905233747 
68 73 4 3 16 22 13.038404810405298 12.0 0.9886203012823828 
62 65 4 4 15 13 13.038404810405298 12.0 0.9741484703283249 
60 63 4 5 19 13 12.165525060596439 12.0 0.9832595004137439 
52 59 4 5 15 12 11.045361017187261 12.0 1.0099403586675098 
51 58 4 5 18 18 11.045361017187261 12.0 1.0139853131950638 
47 57 4 5 20 16 11.045361017187261 12.0 1.015843480613269 
43 55 5 5 15 14 11.045361017187261 12.0 1.0133803170850715 
39 51 5 5 14 14 11.045361017187261 10.295630140987 1.014123787454438 
35 49 6 5 7 12 10.198039027185569 10.295630140987 1.0303657287521708 
34 47 7 5 7 15 10.198039027185569 10.295630140987 1.0172871415068618 
33 43 7 5 7 13 9.055385138137417 10.295630140987 0.9694217579054841 
32 39 7 6 8 8 8.0 8.94427190999916 0.9613738030330944 
28 38 7 7 7 8 4.0 8.94427190999916 0.958417597642901 
27 37 7 7 7 8 4.0 7.615773105863909 0.9629062776354385 
26 36 8 7 6 8 4.0 7.0710678118654755 0.9642921260651505 
25 35 8 7 6 8 3.1622776601683795 7.0710678118654755 0.9613125790009601 
24 34 8 7 6 8 4.242640687119285 6.0 0.9672201728427763 
23 32 9 7 4 8 4.242640687119285 7.0710678118654755 0.9658540877642283 
22 30 9 7 3 8 2.8284271247461903 7.0710678118654755 1 
