140 138 0 0 14 17 16.0 16.0 0.9970186443490171 
138 134 0 0 17 16 14.142135623730951 13.341664064126334 1.0026177300560193 
134 132 0 0 16 16 15.033296378372908 15.033296378372908 1.0031075051449732 
132 130 0 0 16 16 15.033296378372908 15.033296378372908 1.0035972802339272 
130 128 0 0 16 16 15.033296378372908 15.033296378372908 1.0006867237709096 
128 126 0 0 16 14 15.033296378372908 15.033296378372908 1.004770052846325 
126 124 0 0 14 16 15.033296378372908 15.033296378372908 1.0033664397248034 
124 122 0 0 16 15 15.033296378372908 15.033296378372908 1.0054597693724983 
122 120 0 0 17 16 15.033296378372908 15.033296378372908 1.0076497102374382 
120 118 0 0 17 17 15.033296378372908 15.033296378372908 1.0081394853263923 
118 116 0 0 17 17 15.033296378372908 15.033296378372908 1.0086292604153462 
116 114 0 0 17 17 15.033296378372908 15.033296378372908 1.0091190355043003 
114 112 0 0 17 17 15.033296378372908 15.033296378372908 1.0072125754978674 
110 106 0 0 18 17 15.033296378372908 15.033296378372908 0.9923819674000731 
108 105 0 1 16 16 15.033296378372908 15.033296378372908 0.9927751312717822 
106 103 0 1 17 16 15.033296378372908 15.033296378372908 0.9931682951434913 
104 101 0 1 18 16 15.033296378372908 15.033296378372908 0.9936580702324452 
102 99 0 1 18 16 15.033296378372908 15.033296378372908 0.9962411749690943 
98 95 0 1 19 17 15.033296378372908 15.033296378372908 0.9906378307562256 
96 91 0 1 18 15 15.033296378372908 15.033296378372908 1.001345619957047 
94 89 1 1 19 15 15.033296378372908 15.033296378372908 1.0090395224748763 
92 87 2 1 16 13 15.033296378372908 15.033296378372908 1.0078291317878445 
90 85 2 1 16 12 15.033296378372908 15.033296378372908 1.0104241289204237 
88 84 2 1 15 13 15.033296378372908 14.142135623730951 1.015164349179809 
87 80 3 1 18 13 15.033296378372908 13.038404810405298 1.0159763129026143 
85 79 3 1 16 13 15.033296378372908 12.0 1.015386011647462 
84 78 3 1 16 13 14.142135623730951 11.045361017187261 1.0134489883006985 
83 76 3 1 14 13 14.0 10.198039027185569 1.0138630211742736 
82 74 3 1 13 13 14.0 11.40175425099138 1.0229312233470698 
81 72 4 1 14 13 14.0 11.40175425099138 1.0186709135077618 
80 70 4 1 11 11 14.0 11.40175425099138 1.0175653281796466 
79 68 4 1 10 11 14.142135623730951 11.40175425099138 1.0184293861779303 
77 67 4 1 14 12 14.142135623730951 9.486832980505138 1.025767343030719 
71 65 4 1 11 12 14.142135623730951 9.486832980505138 1.0250243151376701 
70 63 4 1 11 12 13.038404810405298 9.486832980505138 1.0124958917627642 
66 59 4 2 11 13 13.038404810405298 9.486832980505138 0.9902699130143121 
65 55 4 3 11 11 12.165525060596439 9.486832980505138 0.9902557230130654 
63 54 4 3 15 11 12.165525060596439 8.246211251235321 0.9924054849586255 
59 53 4 3 11 9 12.165525060596439 8.246211251235321 0.9913630473004569 
58 52 4 3 11 8 11.045361017187261 8.246211251235321 0.9767120791483519 
57 51 4 4 11 8 10.198039027185569 8.246211251235321 0.9756779302054145 
56 50 4 4 11 7 9.055385138137417 8.246211251235321 0.9760194289671363 
55 49 4 4 10 7 9.055385138137417 8.246211251235321 0.9749662282453103 
54 47 4 4 9 7 9.055385138137417 8.246211251235321 0.9738164163062392 
53 45 4 4 9 7 9.055385138137417 8.246211251235321 0.9544470995562206 
52 43 4 5 9 5 8.0 8.246211251235321 0.955983559247325 
50 42 4 5 9 5 8.94427190999916 8.246211251235321 0.9547354611924871 
48 41 4 5 9 4 8.94427190999916 7.0710678118654755 0.9587147204189549 
46 40 4 5 9 6 8.94427190999916 6.0 0.9581897706337337 
44 38 4 5 6 5 8.94427190999916 6.324555320336759 0.9622370672398652 
43 36 4 5 5 8 8.94427190999916 6.324555320336759 0.9576869237488226 
42 34 4 5 5 6 8.94427190999916 6.324555320336759 0.9460634247685102 
40 33 4 6 5 7 8.94427190999916 6.324555320336759 0.9448530340814785 
38 31 4 6 5 6 8.94427190999916 6.324555320336759 0.9404492951707447 
36 29 5 7 5 6 8.94427190999916 6.324555320336759 0.9326452247080392 
34 27 6 8 5 4 8.94427190999916 6.324555320336759 0.9303183821187089 
32 26 6 8 3 2 7.615773105863909 5.0990195135927845 0.9296995349112785 
31 25 6 8 3 2 6.324555320336759 4.0 0.929374980944943 
30 24 6 8 3 2 5.0990195135927845 3.1622776601683795 0.9286081916839081 
29 23 6 8 3 2 4.0 2.0 0.9305565243578149 
28 23 6 8 3 2 3.1622776601683795 2.0 0.9322927226030849 
27 23 6 8 2 2 3.1622776601683795 2.0 0.9448329180130911 
26 22 7 8 3 1 3.1622776601683795 5.0990195135927845 0.9263337383265985 
25 21 7 9 2 0 2.0 3.1622776601683795 0.9267282357669184 
24 21 7 9 1 1 4.47213595499958 1.4142135623730951 -1 
