140 138 0 0 14 17 16.0 16.0 1.0101628016035797 
138 136 0 0 17 18 14.0 14.0 1.0065713577602984 
136 132 0 0 18 18 14.0 13.038404810405298 1.0118156380507384 
132 130 0 0 18 18 15.033296378372908 15.033296378372908 1.0122754080860088 
130 128 0 0 17 18 15.033296378372908 15.033296378372908 1.0126150060594628 
128 126 0 0 17 18 15.033296378372908 15.033296378372908 1.0098032877964453 
126 124 0 0 17 16 15.033296378372908 15.033296378372908 1.011718543888135 
124 122 0 0 17 17 15.033296378372908 15.033296378372908 1.0122984859852224 
122 120 0 0 15 17 15.033296378372908 15.033296378372908 1.0125179118968597 
120 118 0 0 16 17 15.033296378372908 15.033296378372908 1.012737337808497 
118 116 0 0 17 17 15.033296378372908 15.033296378372908 1.0129567637201342 
116 114 0 0 18 17 15.033296378372908 15.033296378372908 1.0132963616935882 
114 112 0 0 18 17 15.033296378372908 15.033296378372908 1.0136359596670421 
112 110 0 0 18 17 15.033296378372908 15.033296378372908 1.013975557640496 
110 108 0 0 18 17 15.033296378372908 15.033296378372908 1.0114041835011118 
108 106 0 0 16 15 15.033296378372908 15.033296378372908 1.0164161342776639 
104 104 0 0 16 16 15.033296378372908 15.033296378372908 1.0166355601893011 
102 102 0 0 17 16 15.033296378372908 15.033296378372908 1.0201920249094343 
98 100 0 0 16 16 15.033296378372908 15.033296378372908 1.0222274530629405 
96 98 0 0 15 17 15.033296378372908 15.033296378372908 1.019415734799923 
94 96 0 0 15 15 15.033296378372908 15.033296378372908 1.0198755048351935 
92 94 0 0 14 15 15.033296378372908 15.033296378372908 1.0231260749214857 
90 92 0 0 16 17 15.033296378372908 15.033296378372908 1.033748474788893 
88 90 1 0 19 17 15.033296378372908 15.033296378372908 1.0489278234443769 
84 88 2 0 15 17 13.341664064126334 15.033296378372908 1.0376140697449039 
82 86 2 1 15 19 13.341664064126334 15.033296378372908 1.0122354795994726 
80 82 2 2 15 15 13.341664064126334 13.341664064126334 1.0125750775729265 
78 80 2 2 15 15 13.341664064126334 13.341664064126334 1.0100037034335425 
76 78 2 2 13 13 13.341664064126334 13.341664064126334 1.0208937582003874 
75 76 3 2 14 14 13.341664064126334 13.341664064126334 1.005231662200379 
74 74 3 3 12 14 13.038404810405298 13.341664064126334 0.9870643049604473 
73 72 3 4 11 12 13.038404810405298 14.142135623730951 0.9844985390634147 
71 70 3 4 12 11 13.038404810405298 13.038404810405298 0.9822143059294801 
70 68 3 4 11 10 12.0 13.038404810405298 0.9812347328427545 
69 66 3 4 12 10 11.045361017187261 13.038404810405298 0.9802665862477055 
68 65 3 4 12 10 11.045361017187261 12.0 0.979780792059132 
67 64 3 4 12 10 11.045361017187261 11.40175425099138 0.9784951049894401 
66 63 3 4 11 9 11.045361017187261 11.40175425099138 0.9892809112797659 
64 62 4 4 11 8 11.045361017187261 11.40175425099138 0.9939455395731924 
60 61 4 4 9 8 11.045361017187261 11.045361017187261 0.9944290191334598 
58 60 4 4 7 7 10.770329614269007 11.045361017187261 0.9963369108514616 
56 59 4 4 9 8 10.770329614269007 10.0 0.9967197431860174 
54 58 4 4 7 7 10.770329614269007 10.0 0.9973592353569692 
53 57 4 4 7 7 9.486832980505138 10.0 0.9966044891813861 
52 55 4 4 7 7 8.246211251235321 10.0 0.9778697972026357 
51 53 4 5 7 5 7.0710678118654755 10.0 0.9793515517830755 
49 52 4 5 7 5 8.602325267042627 10.295630140987 0.9815071519983984 
47 50 4 5 5 6 8.602325267042627 10.295630140987 0.9847031005330814 
43 48 4 5 7 6 8.602325267042627 10.295630140987 0.9923649013627404 
42 47 5 5 7 4 8.602325267042627 10.295630140987 0.9964116560097206 
41 46 5 5 7 7 7.211102550927978 9.055385138137417 0.9949784861024075 
39 45 5 5 7 5 7.211102550927978 9.055385138137417 0.99376973673343 
38 43 5 5 7 5 7.211102550927978 9.055385138137417 1.0046285362227776 
36 42 6 5 6 5 8.48528137423857 8.0 1.0044180570810566 
35 41 6 5 5 5 7.0710678118654755 7.0710678118654755 1.0047080281296001 
34 40 6 5 4 5 7.0710678118654755 7.0710678118654755 1.0036194508224396 
33 38 6 5 3 5 7.0710678118654755 7.0710678118654755 1.0039863595716978 
32 36 6 5 3 6 7.0710678118654755 7.0710678118654755 0.9880931143551386 
31 34 6 6 2 6 7.0710678118654755 7.0710678118654755 0.9688082087784747 
30 32 6 7 3 4 7.0710678118654755 7.0710678118654755 0.9684419689898297 
29 31 6 7 2 4 5.656854249492381 6.0 0.9669159377965042 
28 30 6 7 3 3 5.656854249492381 6.0 0.9768618790679121 
27 29 7 7 2 3 5.656854249492381 5.0990195135927845 0.9775492068535556 
26 28 7 7 2 3 4.242640687119285 5.0990195135927845 0.9761737396896862 
25 27 7 7 0 3 5.830951894845301 4.0 0.973680600659412 
25 26 7 7 1 2 4.242640687119285 4.0 0.972848390456067 
24 25 7 7 1 2 4.47213595499958 3.1622776601683795 0.9835212698145956 
23 24 8 7 1 1 4.47213595499958 4.47213595499958 0.9687771660920254 
22 23 8 8 0 1 5.0990195135927845 4.47213595499958 0.9670985107882277 
22 22 8 8 1 0 3.1622776601683795 5.0990195135927845 0.9788636097938536 
21 22 9 8 0 1 3.1622776601683795 3.1622776601683795 0.9616242641244728 
21 21 9 9 1 0 1.4142135623730951 3.1622776601683795 1 
