140 140 0 0 14 14 16.0 16.0 0.99481015421187 
138 138 0 0 17 17 16.0 14.0 1.0196590889257802 
136 136 0 0 22 22 14.0 14.0 1.0451219741127493 
132 132 0 0 27 27 14.0 14.142135623730951 1.0481036082699582 
128 128 0 0 27 27 14.142135623730951 14.142135623730951 1.058455077797382 
124 124 0 0 28 28 13.341664064126334 15.033296378372908 1.0669085706938928 
120 120 0 0 27 30 15.033296378372908 15.033296378372908 1.0568795870825618 
112 116 1 0 24 22 15.033296378372908 15.033296378372908 1.074375646737151 
108 114 1 0 23 25 15.033296378372908 15.033296378372908 1.0534463219493504 
104 108 1 0 21 20 15.033296378372908 15.033296378372908 1.0658639298720858 
102 106 1 0 21 23 15.033296378372908 15.033296378372908 1.0282846708236337 
101 102 1 1 23 19 14.0 15.033296378372908 1.045519722247729 
97 101 1 1 19 22 14.142135623730951 15.033296378372908 1.0248107496653533 
95 95 1 1 19 19 14.142135623730951 14.0 1.0437896603353325 
93 94 1 1 20 23 14.142135623730951 14.0 1.0337555865672747 
91 90 1 1 20 21 14.142135623730951 14.0 1.030261909858307 
90 84 2 1 20 21 14.142135623730951 14.0 1.0249825414403047 
90 80 2 1 29 20 14.142135623730951 14.0 1.0581387047445108 
82 78 3 1 20 24 14.142135623730951 14.0 1.029031270502559 
81 72 3 2 30 22 14.142135623730951 14.0 1.0714998350109288 
71 71 4 2 18 27 14.142135623730951 14.0 1.0412560400003037 
69 67 4 2 20 19 14.142135623730951 14.0 1.043804284136056 
65 65 4 2 16 19 14.142135623730951 13.341664064126334 1.028866943352944 
64 61 4 3 20 21 14.142135623730951 13.341664064126334 1.0332383284943853 
60 60 4 3 18 20 14.142135623730951 13.341664064126334 1.0470221136401798 
56 60 4 3 16 21 14.142135623730951 13.341664064126334 1.0218285616865141 
52 52 5 3 15 14 14.142135623730951 13.341664064126334 0.9947000931134684 
51 48 5 4 19 13 13.341664064126334 12.649110640673518 0.9897707156191463 
50 47 5 4 20 12 12.649110640673518 11.40175425099138 1.007603726668653 
42 45 5 4 18 13 8.246211251235321 9.055385138137417 1.029348761448475 
36 44 6 4 12 15 8.246211251235321 8.0 1.0334888974915888 
32 43 6 4 12 14 7.211102550927978 7.0710678118654755 1.0381334329096188 
30 39 7 4 8 15 7.211102550927978 7.211102550927978 0.9920272188875079 
29 35 8 5 8 9 7.211102550927978 5.0990195135927845 0.9697489535480043 
27 34 8 6 9 7 7.0710678118654755 5.0990195135927845 0.9832094207183352 
25 33 9 6 6 8 7.0710678118654755 5.830951894845301 0.9834798020370021 
23 31 9 6 2 8 4.242640687119285 5.830951894845301 0.9525404664949527 
22 29 9 7 2 5 2.8284271247461903 5.830951894845301 0.9338646282143654 
21 28 9 8 1 5 1.4142135623730951 5.830951894845301 1 
