140 140 0 0 14 14 16.0 16.0 1.0460281987821396 
138 138 0 0 17 17 16.0 14.0 1.0386117505773573 
136 134 0 0 22 16 14.142135623730951 13.038404810405298 1.0749031635583841 
132 132 0 0 27 21 16.0 13.038404810405298 1.0898459725248038 
128 128 0 0 26 22 15.033296378372908 15.033296378372908 1.1041304088551813 
124 124 0 0 28 24 15.033296378372908 15.033296378372908 1.0306132418737968 
120 112 0 1 32 19 15.033296378372908 13.038404810405298 1.0947808664422463 
112 111 0 1 23 28 15.033296378372908 13.038404810405298 1.1293608858047848 
106 110 1 1 22 30 13.038404810405298 13.038404810405298 1.025835780068639 
104 98 1 2 29 18 14.0 14.0 1.0440116135797268 
92 94 2 2 19 16 14.0 14.0 1.0581570227610695 
91 92 2 2 25 19 14.0 13.038404810405298 1.0520812049034431 
81 86 3 2 16 15 14.0 12.649110640673518 1.0927908316719994 
80 85 4 2 17 22 14.0 12.649110640673518 1.0354865569976903 
78 77 4 2 17 14 14.0 12.649110640673518 1.0349783492304052 
74 73 4 3 14 18 12.0 12.649110640673518 1.0062513289946997 
73 67 4 4 24 18 12.0 12.649110640673518 1.0134613516275621 
67 63 4 4 20 18 11.40175425099138 12.649110640673518 1.0225969242884154 
57 62 5 5 17 17 10.770329614269007 12.649110640673518 1.0843994976347355 
51 61 5 5 14 26 10.770329614269007 12.649110640673518 0.9842846208170727 
50 53 6 6 13 14 10.770329614269007 12.649110640673518 0.9607964043906219 
49 52 6 7 16 13 10.0 12.649110640673518 0.9568612501109115 
43 50 6 7 12 10 10.0 12.165525060596439 0.9564437090017363 
41 48 6 7 10 10 10.0 12.165525060596439 0.9755396646268325 
40 47 6 7 13 13 9.055385138137417 12.165525060596439 0.9687969537389473 
34 43 6 7 10 10 8.246211251235321 12.165525060596439 0.9824356261097471 
32 42 6 7 7 12 6.324555320336759 12.165525060596439 0.9740198712098114 
30 41 6 7 7 10 6.324555320336759 11.40175425099138 0.9769185224936339 
29 40 7 7 5 11 7.211102550927978 10.198039027185569 0.9686287608315629 
28 38 8 7 4 10 7.211102550927978 9.055385138137417 0.9629872248477597 
27 34 8 7 6 10 5.830951894845301 9.055385138137417 0.9536918090917712 
26 32 8 7 5 10 4.47213595499958 7.0710678118654755 0.9416167206785132 
25 30 8 7 4 8 3.1622776601683795 7.0710678118654755 0.9221958439119777 
23 29 8 8 2 8 2.8284271247461903 7.0710678118654755 0.8967164131448994 
22 27 9 8 2 4 2.8284271247461903 5.0990195135927845 0.8938131665858602 
21 26 9 8 1 4 1.4142135623730951 4.0 1 
