140 138 0 0 14 17 16.0 16.0 0.9911474480116241 
138 134 0 0 17 16 14.142135623730951 13.341664064126334 1.0230941941843832 
134 132 0 0 16 21 15.033296378372908 15.033296378372908 1.0281682083429737 
132 128 0 0 21 22 15.033296378372908 15.033296378372908 1.0321633464367228 
128 124 0 0 22 22 15.033296378372908 15.033296378372908 1.0240128384420553 
124 118 0 0 24 20 15.033296378372908 15.033296378372908 1.0723776972967927 
116 117 0 0 20 27 15.033296378372908 15.033296378372908 1.0963808527993784 
112 116 1 0 18 29 13.038404810405298 15.033296378372908 1.0185235231043908 
111 102 1 1 28 22 14.142135623730951 13.038404810405298 0.9770223327558271 
110 98 1 2 31 17 14.142135623730951 14.142135623730951 1.0184012514872574 
108 97 1 2 30 27 13.038404810405298 13.038404810405298 0.950763431864279 
98 85 1 3 19 17 13.038404810405298 13.038404810405298 0.9813315530509643 
97 84 1 3 30 22 13.038404810405298 13.038404810405298 0.9514158083341697 
91 76 1 3 19 17 13.038404810405298 13.038404810405298 0.9555567781623763 
90 72 2 3 26 17 13.038404810405298 12.649110640673518 0.9412346371118492 
86 71 3 4 19 16 13.038404810405298 12.649110640673518 0.9832563752787427 
82 70 3 4 17 24 12.0 12.649110640673518 0.9976569555232709 
76 68 3 4 17 24 12.0 12.649110640673518 0.9624785509558862 
72 62 3 4 16 16 12.0 12.649110640673518 0.9777652636811643 
68 60 3 4 15 18 12.0 12.649110640673518 0.9633213113068596 
67 56 3 4 20 15 12.0 12.649110640673518 0.9962773352624267 
61 55 4 4 13 19 12.0 12.649110640673518 0.9824941676704363 
59 51 5 4 13 15 12.0 12.649110640673518 0.9423686343251647 
55 47 5 5 12 10 12.165525060596439 12.165525060596439 0.9250322682176859 
53 46 5 6 11 10 12.165525060596439 12.165525060596439 0.9469036750252185 
51 46 5 6 10 14 12.165525060596439 12.165525060596439 0.9125793419147207 
47 40 5 6 10 6 12.165525060596439 12.165525060596439 0.9289227065670269 
46 39 6 6 11 9 12.165525060596439 11.045361017187261 0.9265997483044428 
44 38 7 6 10 7 12.165525060596439 10.0 0.9309101934677539 
42 37 7 6 8 8 11.045361017187261 9.055385138137417 0.927687876307471 
40 36 7 6 8 7 11.045361017187261 8.0 0.9304950648037127 
39 35 7 6 8 8 10.0 7.0710678118654755 0.915260061131783 
38 33 7 6 9 5 10.0 6.324555320336759 0.928496239226845 
37 32 7 6 8 9 9.055385138137417 5.0990195135927845 0.8909185888743802 
35 28 7 7 8 5 8.602325267042627 5.830951894845301 0.869781408156301 
34 26 7 7 8 2 7.615773105863909 3.1622776601683795 0.8711890332422586 
33 25 7 7 8 3 7.615773105863909 2.0 0.8915788781411674 
32 25 7 7 8 7 6.324555320336759 2.0 0.8556191458761907 
31 23 7 8 8 3 6.324555320336759 2.8284271247461903 0.8430726521661104 
30 22 7 9 8 2 5.0990195135927845 6.324555320336759 0.8361687507117558 
29 22 7 9 10 2 7.211102550927978 2.8284271247461903 0.8409759520493529 
25 21 8 9 4 1 4.242640687119285 1.4142135623730951 -1 
