140 140 0 0 14 14 16.0 16.0 0.9896569560985851 
138 138 0 0 17 17 16.0 14.142135623730951 0.9926724240239905 
134 134 0 0 16 16 13.341664064126334 15.033296378372908 1.0147156936702544 
132 132 0 0 21 21 15.033296378372908 15.033296378372908 1.0222106871863528 
128 128 0 0 22 22 15.033296378372908 15.033296378372908 1.032566716745963 
124 124 0 0 22 24 15.033296378372908 15.033296378372908 1.017219271897177 
118 116 0 0 20 20 15.033296378372908 15.033296378372908 0.9848641245775394 
117 112 0 1 27 18 15.033296378372908 13.038404810405298 1.0259454273958482 
116 111 0 1 29 28 15.033296378372908 14.142135623730951 1.0784727145677275 
102 110 1 1 22 31 13.038404810405298 14.142135623730951 1.0816608418819547 
98 108 2 1 17 30 14.142135623730951 13.038404810405298 1.0318038416351587 
97 98 2 1 27 19 13.038404810405298 13.038404810405298 1.0389565800313367 
85 96 3 2 17 18 13.038404810405298 13.038404810405298 1.0656968813248244 
84 95 3 2 23 24 13.038404810405298 13.038404810405298 1.0446263433170258 
76 87 3 2 15 18 13.038404810405298 13.038404810405298 1.0240642317017743 
75 77 3 3 19 22 13.038404810405298 13.038404810405298 0.9962911131729184 
69 76 3 4 16 16 13.038404810405298 13.038404810405298 1.0195031835533817 
65 75 3 4 15 20 13.038404810405298 13.038404810405298 1.0224642508284272 
55 69 4 4 12 15 13.038404810405298 13.038404810405298 1.0599994498834633 
51 68 5 4 8 22 11.045361017187261 12.165525060596439 1.062468375829828 
50 67 6 4 7 21 12.0 12.165525060596439 1.0364960087405628 
48 59 6 4 14 15 11.40175425099138 12.649110640673518 1.0444126253268022 
38 57 7 5 7 15 10.198039027185569 12.649110640673518 1.0655031349783812 
37 56 8 5 6 19 10.198039027185569 12.649110640673518 1.0599596787421615 
36 52 8 5 11 18 10.198039027185569 12.649110640673518 1.0170846755862037 
32 46 8 6 7 12 7.0710678118654755 12.649110640673518 1.0043998883448224 
30 44 8 6 6 9 6.324555320336759 11.40175425099138 1.0052997974766609 
28 43 8 6 6 9 5.830951894845301 10.198039027185569 1.0112681887099277 
26 42 8 6 4 10 5.656854249492381 10.198039027185569 0.969573429111183 
25 38 8 7 5 6 5.656854249492381 9.055385138137417 0.9735226618268052 
24 37 9 7 4 6 5.656854249492381 8.0 1 
