140 138 0 0 14 17 16.0 16.0 1.0314891553154495 
138 134 0 0 17 16 14.142135623730951 13.038404810405298 1.0706533489484849 
134 132 0 0 16 21 15.033296378372908 15.033296378372908 1.074920755196568 
132 128 0 0 21 22 15.033296378372908 15.033296378372908 1.0782106966417735 
128 124 0 0 22 22 15.033296378372908 15.033296378372908 1.0661766811499904 
124 118 0 0 24 20 15.033296378372908 15.033296378372908 1.1242468752011368 
116 117 0 0 20 27 15.033296378372908 15.033296378372908 1.1503380185169367 
112 116 1 0 18 29 13.038404810405298 15.033296378372908 1.0534773817454135 
111 102 1 1 28 22 14.142135623730951 13.038404810405298 1.0036625752018242 
110 98 1 2 31 17 14.0 14.0 1.054048961272971 
108 97 1 2 30 27 13.341664064126334 13.038404810405298 0.9725354207327079 
98 85 1 3 19 17 13.038404810405298 13.038404810405298 1.0074841851649503 
97 84 1 3 30 22 13.038404810405298 13.038404810405298 0.9755564084904852 
91 76 1 3 19 18 13.038404810405298 13.038404810405298 0.9352031234727723 
90 66 1 4 30 18 13.038404810405298 13.038404810405298 0.8886340204994876 
80 60 2 5 16 11 13.038404810405298 13.038404810405298 0.8913142407287938 
78 56 2 5 24 11 12.165525060596439 13.038404810405298 0.9516904465177944 
68 54 3 5 17 18 12.649110640673518 12.165525060596439 0.8591750492229198 
66 44 4 6 15 9 12.649110640673518 11.045361017187261 0.88045853120715 
64 43 4 6 16 13 12.649110640673518 10.0 0.8682128799434319 
60 41 5 6 14 9 12.649110640673518 9.055385138137417 0.8559641176338797 
58 40 5 7 15 10 12.649110640673518 9.055385138137417 0.8562029159298601 
54 38 5 7 11 9 12.649110640673518 9.055385138137417 0.8422439192152084 
53 36 5 7 12 7 11.045361017187261 8.0 0.8264435078161377 
52 32 5 7 13 7 11.045361017187261 5.830951894845301 0.8139791402412425 
51 30 5 7 13 5 11.045361017187261 5.830951894845301 0.8373333866705207 
47 29 6 7 10 7 11.045361017187261 5.830951894845301 0.8313672782943872 
45 28 6 7 10 6 11.40175425099138 4.47213595499958 0.8250361974161212 
44 26 6 7 11 5 10.198039027185569 4.242640687119285 0.803043847803185 
43 25 6 8 10 5 9.486832980505138 4.242640687119285 0.7889184128936029 
42 24 6 8 10 3 9.055385138137417 2.8284271247461903 0.7811826945925509 
41 23 6 8 11 1 8.246211251235321 2.8284271247461903 0.7797059549611187 
39 22 6 8 10 1 8.0 1.4142135623730951 0.7773418625417032 
37 21 6 9 10 0 8.0 7.0710678118654755 0.7687537467060692 
35 21 6 9 8 0 8.0 3.1622776601683795 0.7719293386281862 
34 21 6 9 8 1 7.0710678118654755 1.4142135623730951 -1 
