140 138 0 0 14 17 16.0 16.0 1.0034622956429022 
138 134 0 0 17 16 14.142135623730951 13.038404810405298 1.0187580172874924 
134 132 0 0 16 21 15.033296378372908 15.033296378372908 1.0191113270062573 
132 128 0 0 21 22 15.033296378372908 15.033296378372908 1.0202956340049403 
128 124 0 0 22 22 15.033296378372908 15.033296378372908 1.015121337602638 
124 118 0 0 24 20 15.033296378372908 15.033296378372908 1.02868397384949 
116 116 0 0 20 22 15.033296378372908 15.033296378372908 1.0343649927919716 
115 108 1 0 20 25 15.033296378372908 15.033296378372908 1.0354586034036146 
113 107 1 1 21 33 15.033296378372908 15.033296378372908 1.0144276018434168 
101 101 2 2 26 19 13.341664064126334 13.341664064126334 1.0347335744435324 
91 99 3 2 16 18 13.038404810405298 13.341664064126334 1.035075625556507 
89 97 3 2 15 18 13.038404810405298 13.341664064126334 1.0330833347073534 
87 93 3 2 17 18 13.038404810405298 13.341664064126334 1.028578708366037 
85 89 3 2 15 17 13.038404810405298 13.341664064126334 1.0240740820247203 
83 85 3 2 13 16 13.038404810405298 13.341664064126334 1.0250900673195722 
82 83 3 2 15 17 13.038404810405298 13.341664064126334 1.031047382647978 
81 82 3 2 16 20 13.038404810405298 13.341664064126334 1.0074230844860599 
79 78 3 3 16 17 13.038404810405298 13.341664064126334 1.0115464488558705 
75 74 3 3 15 19 13.038404810405298 13.038404810405298 1.0143113993416113 
73 70 3 3 17 21 14.142135623730951 14.142135623730951 1.0201043409135706 
69 66 4 3 20 18 14.142135623730951 14.142135623730951 0.9968108352588362 
65 62 4 4 13 14 14.142135623730951 14.142135623730951 1.000612629566062 
64 58 5 4 12 13 14.142135623730951 14.142135623730951 0.9717308852965151 
62 54 5 5 9 8 13.038404810405298 13.038404810405298 0.9560491988272578 
60 53 5 6 9 7 13.038404810405298 13.038404810405298 0.9542780203132728 
59 51 5 6 10 7 12.0 12.165525060596439 0.9517699489420017 
58 49 5 6 13 6 12.0 12.165525060596439 0.9535355090283867 
57 48 5 6 10 7 11.045361017187261 12.0 0.9542584914443366 
55 47 5 6 10 7 10.770329614269007 11.045361017187261 0.9534741861410778 
54 46 5 6 11 7 10.198039027185569 10.0 0.9704431564991983 
50 45 5 6 13 13 9.486832980505138 10.0 0.9757106457228361 
44 43 6 6 9 7 9.486832980505138 10.0 0.9825561667293129 
43 42 6 6 9 11 8.246211251235321 9.055385138137417 0.9754782888012549 
41 41 6 6 8 7 8.246211251235321 8.0 0.9846909448784287 
40 39 7 6 8 8 8.246211251235321 7.0710678118654755 0.984910919397665 
39 35 7 6 10 10 8.246211251235321 7.211102550927978 0.9815899645043313 
37 34 7 6 8 8 8.246211251235321 6.324555320336759 0.9851268267183145 
33 33 7 6 8 7 6.324555320336759 5.830951894845301 0.9860433827586972 
31 32 7 6 8 7 6.324555320336759 5.0990195135927845 0.9860519640231822 
29 30 7 6 5 7 6.324555320336759 5.0990195135927845 0.9677874935049833 
28 28 7 7 5 6 5.0990195135927845 5.0990195135927845 0.9445976479605039 
27 26 7 8 7 3 4.0 4.0 0.9565625114069025 
23 25 8 8 1 3 6.324555320336759 3.1622776601683795 0.9547388054667274 
22 24 8 8 0 3 7.0710678118654755 2.0 0.9524573423276813 
22 23 8 8 1 2 5.0990195135927845 2.0 0.9500036474255479 
21 22 9 9 0 2 5.0990195135927845 4.47213595499958 0.9447775742297345 
21 21 9 9 1 0 1.4142135623730951 3.1622776601683795 1 
