140 140 0 0 14 14 16.0 16.0 1.0005760633511405 
138 138 0 0 17 17 16.0 14.142135623730951 1.0033115348995756 
134 134 0 0 16 16 13.341664064126334 15.033296378372908 1.028003143768665 
132 132 0 0 21 21 15.033296378372908 15.033296378372908 1.0360652938085537 
128 128 0 0 22 22 15.033296378372908 15.033296378372908 1.0471718879115077 
124 124 0 0 22 24 15.033296378372908 15.033296378372908 1.0297974520388418 
118 116 0 0 20 20 15.033296378372908 15.033296378372908 0.9961415405928062 
117 112 0 1 27 18 15.033296378372908 13.038404810405298 1.0413742771555328 
116 111 0 1 29 28 15.033296378372908 14.142135623730951 1.0954771581272151 
102 110 1 1 22 31 13.038404810405298 14.142135623730951 1.0969092849189555 
98 108 2 1 17 30 14.142135623730951 13.038404810405298 1.043311075920752 
97 98 2 1 27 19 13.038404810405298 13.038404810405298 1.0488225519127656 
85 96 3 2 17 18 13.038404810405298 13.038404810405298 1.0787057578742387 
84 95 3 2 23 24 13.038404810405298 13.038404810405298 1.0630475912857866 
76 87 3 2 16 20 13.038404810405298 13.038404810405298 1.0458571602097886 
75 77 3 3 24 24 13.038404810405298 13.038404810405298 0.9794133004916451 
69 67 3 4 17 15 13.038404810405298 13.038404810405298 0.9642026134518678 
65 65 4 5 16 13 13.038404810405298 13.038404810405298 0.9644822381754389 
61 63 4 5 12 12 13.038404810405298 13.038404810405298 0.9583752362158214 
60 59 5 5 11 11 13.038404810405298 12.649110640673518 0.9537193535163083 
59 55 5 5 17 10 13.038404810405298 12.649110640673518 0.9330668507073425 
58 54 6 6 9 10 13.038404810405298 12.649110640673518 0.9587786657099849 
50 52 6 6 10 11 12.165525060596439 12.649110640673518 0.9608799107992849 
49 50 6 6 14 11 12.165525060596439 12.649110640673518 0.9536295516063347 
45 48 6 6 10 9 12.165525060596439 11.40175425099138 0.945136641139558 
44 46 6 6 11 7 12.165525060596439 11.40175425099138 0.9559866195686129 
40 45 7 6 9 7 12.165525060596439 10.198039027185569 0.956285757685934 
39 43 7 6 11 7 12.165525060596439 10.198039027185569 0.9605882637041442 
37 42 7 6 6 8 10.770329614269007 10.198039027185569 0.958980299838917 
36 41 7 6 6 8 9.486832980505138 9.055385138137417 0.957593996906556 
35 40 7 6 6 8 8.246211251235321 8.0 0.9577902314181779 
34 38 7 6 7 8 7.0710678118654755 8.0 0.9612782673145479 
33 37 7 6 8 9 6.324555320336759 7.0710678118654755 0.9629358700825209 
31 35 7 6 7 8 5.0990195135927845 8.48528137423857 0.9768629659666107 
27 34 7 6 6 9 4.0 8.48528137423857 0.9463262416757707 
25 30 8 7 3 5 4.0 10.295630140987 0.9432498694251301 
24 29 9 7 2 4 5.656854249492381 8.94427190999916 0.9544644286622499 
23 28 9 7 2 6 4.242640687119285 9.486832980505138 0.9485451823541691 
22 26 9 7 2 6 2.8284271247461903 7.615773105863909 0.9150422606809816 
21 24 9 8 1 3 1.4142135623730951 7.615773105863909 1 
