0.0012197994680360257 
0.0012183177866020702 
0.0012178536995027039 
0.0012165917658358498 
0.0012494017570626097 
0.0012981944287107042 
0.001297359131549147 
0.0012963932290377238 
0.0013366958216648266 
0.0013357981637314746 
0.0013704731698468062 
0.0013702060770983983 
0.0013700619493852758 
0.0013689296917921863 
0.0014044418838778186 
0.0014602731723943664 
0.0014586815497702747 
0.0014571003533022401 
0.0014909078539568018 
0.001490364594386515 
0.0014897866077326527 
0.0014889206885537467 
0.0015312738207106478 
0.0015304560480142312 
0.0015756581182356732 
0.0015735225652671856 
0.0015713893568727474 
0.001570727910245886 
0.0015697946561879636 
0.0015676887711702997 
0.001622746269547763 
0.0016650484772403405 
0.0016639502119488716 
0.0016625438733322531 
0.0016617645870984341 
0.0016605456111730657 
0.0017001657759858288 
0.0017398055632193848 
0.0017386436439078806 
0.001736977424215874 
0.0017797537539526221 
0.001779153491583448 
0.0017783938743541566 
0.0017780856047374834 
0.0017789473742249973 
0.0017776953547608703 
0.0018166460743926814 
0.001814987724401009 
0.0018140521987923734 
0.0018117822777123016 
0.0018129409843632772 
0.0018115415680983152 
0.001812549899363188 
0.00181198510691775 
0.001811401276541064 
0.0018591672007882557 
0.0018569155141886717 
0.0018516933812397303 
0.001845395795183913 
0.0018412896856922433 
0.001935670362359811 
0.002001565657971775 
0.0020382412349364302 
0.002108539772549277 
0.0021026867010165203 
0.0020993190530794667 
0.002098316231299424 
0.0020949282102792808 
0.0021739335135826784 
0.0021727525421399055 
0.002232172851770138 
0.0022284716356340832 
0.0022230143679959824 
0.00227472430896666 
0.0023311154742270794 
0.002329587534993888 
0.002327991675919482 
0.002319743987775283 
0.0023872208155913204 
0.002384453912557346 
0.002451493037677508 
0.0025122694815999306 
0.002513396860557036 
0.002511089181990121 
0.0025649180889349764 
0.002557517564939164 
0.002626819858425964 
0.002700417385442782 
0.0027841855224697335 
0.0028368660575024125 
0.0028362311750480297 
0.0028972063036352192 
0.0029712695004333787 
0.0030363454400677376 
0.003032346100117884 
0.0030993610313204078 
0.0031536673554316817 
0.003210469592927692 
0.0032934482731924123 
0.003282680655425308 
0.0033455270813177425 
0.0033410580442188136 
0.0033336123897525654 
0.00341290515185327 
0.0034874179975731947 
0.003565418132200229 
0.003564533432142564 
0.003592826970839685 
0.0035890254679577945 
0.003626881682087156 
0.003624561039754371 
0.0036784722164722975 
0.0037444757718011717 
0.0038154067735143185 
0.003811620439185676 
0.0038869133823072385 
0.0038851956001739805 
0.00394549754905428 
0.003940690965332912 
0.003985766204740639 
0.004077613700342759 
0.0041312171686659896 
0.004219351661491476 
0.004277026474014994 
0.004266902158344118 
0.004332386862468692 
0.004408077397205691 
0.004482220305339 
0.004475710512449282 
0.004553643240517929 
0.004615246434803615 
0.004682122985931538 
0.004674593146155445 
0.0047303731530741865 
0.004720981785598023 
0.004778123635533739 
0.004767746587597697 
0.004752272423388919 
0.004738000704605327 
0.004792538161592989 
0.0047844317612870686 
0.004854407678793337 
0.004936053631709001 
0.0050013769264300855 
0.004981813032084541 
0.005029906519160213 
0.0050969356170416855 
0.0051425298013017375 
0.0051345675068485185 
0.00517161552070502 
