0.001219520401723824 
0.0012156726055934082 
0.0012138935983105434 
0.0012099890332867946 
0.0012518953920225954 
0.0012382916673065287 
0.0012366065409948881 
0.0012344699190755134 
0.0012227633383793473 
0.0012204734132750007 
0.0012246426823400234 
0.0012235114606885026 
0.0012213619861729836 
0.0012184303680747958 
0.0012513174615239949 
0.0012882522971480411 
0.00128893957915409 
0.0012880235433435634 
0.0013470784488737503 
0.0013448301826617804 
0.001345563182996384 
0.0013450796950389247 
0.0013793641822535002 
0.0013789076463050812 
0.0013785483557042268 
0.0013785471416829546 
0.0013806538866899466 
0.0013794553365731573 
0.001380554693582804 
0.0013791978298119492 
0.0014223283507954563 
0.0014142411425335476 
0.0014161157508397575 
0.0014161886287226858 
0.0014185838085397711 
0.0014168308082643977 
0.001394699483547997 
0.0013797668694808447 
0.0013826197846338846 
0.001385678176451076 
0.0014201589877459468 
0.0014209111233025751 
0.0014240855737425043 
0.00142488934870776 
0.0014273315775163112 
0.0014275578200890922 
0.0013983962258972828 
0.0014031422023640728 
0.0014117787902641619 
0.0014170154108714473 
0.0014212081228695802 
0.0014264036783348216 
0.0014323582551844512 
0.0014341754494300207 
0.0014408376614860412 
0.0014143072509766863 
0.0014196649473827187 
0.0014203421414895187 
0.0014172733674311113 
0.001421588707247307 
0.0015138914072269707 
0.0015186777787947665 
0.001464581591330954 
0.0014759822699399537 
0.001474832700768368 
0.0014903543849353032 
0.0015000151175010724 
0.0015125366966374557 
0.0015963363137637806 
0.001597465448965723 
0.0016110226252111688 
0.0016180669160736994 
0.0016171637025690646 
0.0016330086628406119 
0.0016108334854113581 
0.0016134945820156146 
0.0016290294892865817 
0.0016280583204079718 
0.0016327745769436147 
0.0016388585827391223 
0.0016903427083285673 
0.001657740933654792 
0.0016755388477256996 
0.001680192225855771 
0.0016958974892438189 
0.0017052609757580647 
0.0017105790534955203 
0.0017350021311823111 
0.0017574031162109686 
0.0017398411933293957 
0.0017562187805894374 
0.0017554195743255318 
0.0018087368074748585 
0.0017876637621910504 
0.0018125028111690314 
0.0018210582255706344 
0.0018599747685922854 
0.0018737086893342737 
0.001955749427372274 
0.001962766885925828 
0.0019647006795845525 
0.0019829377249453114 
0.001995102175346978 
0.0020486353346789226 
0.0020640577801795995 
0.002125402514834453 
0.0021477050375066507 
0.0021340592688337988 
0.002155081150495358 
0.002158636640178724 
0.0021872953123580233 
0.0022059614828848504 
0.0021940510184005136 
0.0022725873865315207 
0.00229135142916045 
0.0023009317343580054 
0.0023221585732315993 
0.002306868605868803 
0.002326817137988868 
0.002314194471911818 
0.0024222450723088485 
0.0024078031768828933 
0.00247908561076854 
0.0025012727766363413 
0.0025315320151399873 
0.0025961679627462407 
0.0026314074917455866 
0.0026481616329296583 
0.0026669863474855105 
0.0027068660908829483 
0.002773620117605087 
0.002816687427458705 
0.0028344737459201643 
0.002814835819126331 
0.002835615155176404 
0.002882724983582584 
0.002906321280148142 
0.002923840842263621 
0.002941768129962208 
0.0029379325162280354 
0.00295381976723188 
0.0029653285952688417 
0.0030368610445606022 
0.003096884397608195 
0.003108873060154789 
0.0031397748296770017 
0.0031593747482913533 
0.0031541584879683547 
0.0031710001311339164 
0.003142772554821591 
