0.0006695801316198717 
0.0006680555521315581 
0.0006675994102311989 
0.0006663908066182173 
0.0007240361081196693 
0.0007604995514151357 
0.0007595278348594063 
0.0007593513894596446 
0.0007993594738045401 
0.0007983419230120301 
0.000842667769475914 
0.000842577062520877 
0.0008418629856301111 
0.0008414914386293878 
0.0008933614953847119 
0.0009368449104298729 
0.0009345921641757663 
0.0009341710526650804 
0.0010022684839886397 
0.0010017017068493052 
0.0010006913667719064 
0.0010006513565112213 
0.0010534158777013283 
0.001053248464629569 
0.0010958593126432301 
0.001095442944882473 
0.001094340836562784 
0.001094383870276154 
0.0010944020229584077 
0.0010936827325297865 
0.001136300050639572 
0.0011786383818094372 
0.0011785698508657437 
0.001177697535703156 
0.0011767443200305545 
0.001176658647281917 
0.001218920859671648 
0.0012533766369049017 
0.001253070625486609 
0.0012524186844522466 
0.0013065291301526862 
0.001305235658450197 
0.0013050810048209082 
0.0013044656285475474 
0.0013051367816496252 
0.001304652816883 
0.0013423129833444497 
0.0013409468773493325 
0.0013403686954565485 
0.0013405743188315562 
0.0013386151934094714 
0.0013372866975558547 
0.001338250627500453 
0.0013378803985061231 
0.0013381037442313658 
0.0013809307785006169 
0.001381511633810435 
0.0013804948994584163 
0.0013792303635207686 
0.0013777039877406077 
0.001430354338480689 
0.0014717730207367808 
0.0015030791595937486 
0.001547427884211678 
0.0015444572630888016 
0.0015454913826595275 
0.001546657030440494 
0.0015465021570283185 
0.0016070296643023536 
0.0016074138571626978 
0.0016566820801744927 
0.0016553754436609406 
0.0016566883291883434 
0.001709371225658193 
0.0017463366026156744 
0.0017455582653408692 
0.0017459835718555018 
0.001743614811737846 
0.0017842258171910771 
0.0017853352936555847 
0.0018301251311703506 
0.0018600841997302052 
0.0018615030998199063 
0.0018600683935777109 
0.001904159602311176 
0.0019046354677282043 
0.0019443535144766206 
0.001994933862053212 
0.0020471287828245717 
0.002087766514197135 
0.0020871171839605537 
0.0021295177416856335 
0.002184332323171205 
0.0022268802285076005 
0.0022287913543495284 
0.0022719667888088887 
0.002325571648992263 
0.002367285416800803 
0.002419003994304052 
0.00241792057493828 
0.002454371986401297 
0.0024527610286972576 
0.0024530179064496042 
0.0025040793012464863 
0.002549543748836942 
0.0025999067235515103 
0.0026005951283441958 
0.0026246049451542322 
0.002625211990424354 
0.0026427498528286096 
0.0026448936324312607 
0.0026915496082966376 
0.0027354233163818355 
0.0027924582652228574 
0.002791521669517165 
0.002829604071329132 
0.002830932771446217 
0.0028736665776654866 
0.002875277178373501 
0.0029165180861368146 
0.0029728311848479863 
0.003015022962003961 
0.0030616179629241345 
0.003111226053374255 
0.0031100117705974285 
0.003167317837011063 
0.0032077562355702083 
0.003252454562286385 
0.003252091951212855 
0.003303030127267952 
0.003347811012326058 
0.0034012746885366037 
0.003399483332723359 
0.0034402607024302343 
0.0034385701823531566 
0.0034836316395792577 
0.0034836343782269673 
0.003484315931631522 
0.003479466288139283 
0.0035188287893007184 
0.0035200827284994746 
0.0035626276580144624 
0.0036171376431993253 
0.0036633143506906852 
0.0036602872000199987 
0.003701590577349214 
0.003742718636178727 
0.0037766492433671706 
0.003774546844839541 
0.003807633164249591 
