-0.0009784514135939958 
-0.0009828436303945705 
-0.0009835333593866825 
-0.0009897573463149292 
-0.0010579996425876738 
-0.0010989641654858874 
-0.001100711582883503 
-0.0011024014003803513 
-0.0011309443085563016 
-0.0011325586632802325 
-0.0011758603579765754 
-0.0011770723845310218 
-0.0011771377267661386 
-0.0011801954316816197 
-0.0012443225345275782 
-0.0013188308306423843 
-0.0013166116050396127 
-0.0013193574694045794 
-0.0014252640700738461 
-0.0014277777298815164 
-0.0014267333877291861 
-0.0014271422831089794 
-0.0015069487623241837 
-0.0015075555899160735 
-0.0015483473424311993 
-0.001547312561674709 
-0.0015448213446045535 
-0.0015477624982028907 
-0.0015464823990923937 
-0.0015476230603226483 
-0.0016033813638370357 
-0.0016313140236990057 
-0.001628060846682129 
-0.0016285687161217415 
-0.0016268514205219498 
-0.00162876347398437 
-0.0016395870280250034 
-0.0016620649328441684 
-0.001657800646317036 
-0.0016589874936356777 
-0.001722004665670737 
-0.001720220492832744 
-0.001716398003327702 
-0.0017170056151227897 
-0.0017125697937852569 
-0.0017128733215075434 
-0.001713658744169305 
-0.0017027195199108773 
-0.0016934815509301088 
-0.001688815913845263 
-0.001677697686267676 
-0.0016691186502449172 
-0.001661128517874017 
-0.0016534022425660454 
-0.0016436973194971455 
-0.0016770346137648352 
-0.001667639432340001 
-0.0016693655314147916 
-0.001671666386040673 
-0.0016682261236030409 
-0.0017705708662933376 
-0.0018286471010691826 
-0.001848617167741642 
-0.0018993637236719631 
-0.0018987915200509224 
-0.0018737220665036526 
-0.0018632567190389523 
-0.0018464736320730755 
-0.0019851139346603974 
-0.00198303552683902 
-0.0020401693192861757 
-0.0020309336316958614 
-0.0020304838898388845 
-0.0021013199665966095 
-0.0021158618572701265 
-0.002113176481121457 
-0.0020977339687131085 
-0.00209835175103391 
-0.0021484894512745186 
-0.0021378782121119684 
-0.0022304875168647886 
-0.0022464762018973546 
-0.0022242504150516342 
-0.0022199140862477554 
-0.0022988288395947515 
-0.0022887070541913884 
-0.0023203765015087532 
-0.002402308868277904 
-0.0024292078660165064 
-0.002457487849717976 
-0.0024344678407685946 
-0.0024836073401498055 
-0.0025315387204406146 
-0.0025532314714218087 
-0.0025253671299459955 
-0.002566025871985854 
-0.0026338745033234632 
-0.0026857968689260425 
-0.0027619824569748114 
-0.002752878905127112 
-0.002778336125221643 
-0.0027558643804776015 
-0.00273819802278195 
-0.002823944054196998 
-0.0028358415440379436 
-0.002930407344628235 
-0.0029074050106391055 
-0.0029266531733164987 
-0.0028977607218570686 
-0.0029271180784157178 
-0.002890175529108785 
-0.0029506917904058615 
-0.0029871999368166003 
-0.003098141932094051 
-0.0030727002168675823 
-0.00310385196910194 
-0.0030768275733601197 
-0.0031107683570801145 
-0.0030863835579896938 
-0.003121608000496972 
-0.0032075117315243313 
-0.0032386359768330018 
-0.0033080576046075573 
-0.0033709335811424874 
-0.0033389863914271125 
-0.003444120553640688 
-0.0034578137668011552 
-0.0034819195422909205 
-0.0034505610593991067 
-0.003528716431847479 
-0.003561111063604873 
-0.0036386038735459463 
-0.0036042375665192574 
-0.003625853107697596 
-0.003586457827195194 
-0.0036708931666650903 
-0.003639131574949895 
-0.0036173174157857276 
-0.003591975761088947 
-0.0036172378000661797 
-0.003584401406060864 
-0.003642817962930923 
-0.003676329927383215 
-0.0037409079589985823 
-0.003717004609583671 
-0.0037963859962975295 
-0.0038139113799354244 
-0.0038595382111979233 
-0.0038277648704594246 
-0.003866782707082528 
