0.011558437886907363 
0.011557760634855647 
0.011555574331535671 
0.011556380323254746 
0.01149033081888196 
0.011382789853557477 
0.01138137830447258 
0.011379442284346997 
0.01125690643489651 
0.011255494883375666 
0.011154390851374743 
0.011153810368038058 
0.011151959290133106 
0.011151111015994822 
0.011036417573377193 
0.01095611715207545 
0.010956291527246323 
0.010956775477751209 
0.010863022041594492 
0.010861869770479433 
0.010861746798664808 
0.010861665213018772 
0.010767542874728465 
0.010767030439646599 
0.010643318079403425 
0.010643884516762073 
0.010644956929023208 
0.010644037620858497 
0.010644796898648782 
0.010645637621479282 
0.010563420843062638 
0.010439352949668234 
0.01043858399560167 
0.01044004016827062 
0.010440795945928906 
0.01044019681815307 
0.010314625329112245 
0.01021163152193114 
0.010211229585804152 
0.010213362116567423 
0.01012033772333885 
0.01012069159755001 
0.01012041847635323 
0.010120610821939812 
0.01011785338338516 
0.010119199913155803 
0.009974707896161391 
0.009970712889416903 
0.00996858585632183 
0.00996813397559263 
0.009964426226459813 
0.009961361884263357 
0.009958080185389377 
0.009954602141798169 
0.009952719343143075 
0.009808244703749984 
0.009806572590530825 
0.009808831606078264 
0.00981135211033839 
0.009812719904651724 
0.00973824062877902 
0.00965568230367299 
0.009512538599017432 
0.009387432913123796 
0.009390414406207984 
0.009387922919614145 
0.009387686285814196 
0.00938843069855147 
0.009326805129141497 
0.0093256598364387 
0.009208587532777824 
0.00921044277027895 
0.009213300701960985 
0.009115831122902762 
0.008978474449284497 
0.008979548907507441 
0.00898108972873268 
0.008982816521200289 
0.008858353546982636 
0.00885587140637972 
0.00875694781102473 
0.00863321119421487 
0.008631161022281855 
0.00863168987457326 
0.008518501143252725 
0.008519953332947632 
0.008396749714612213 
0.008292318969331374 
0.008174809984712253 
0.008054117541760058 
0.008051390625215916 
0.007933163197507436 
0.007834820624435499 
0.007690806537693899 
0.007690870269998353 
0.007553899163039756 
0.007451803785949623 
0.007339935240890799 
0.00724518410763876 
0.007248445753226801 
0.007109744911585788 
0.007112512235266351 
0.007112705905920029 
0.007011768971078734 
0.006893195675819463 
0.00679456381760464 
0.006795530832387565 
0.006658398791065212 
0.006655748586116337 
0.006531025053688847 
0.006529564796327444 
0.006417561302416337 
0.006296158717714052 
0.006199230870797732 
0.0062000032293736225 
0.006079212650425165 
0.006078251074654661 
0.005974956786259796 
0.005976811818775807 
0.005878505570901639 
0.005801244035567435 
0.0056828092323025865 
0.005561573157949921 
0.00546221057989389 
0.005464777394955646 
0.005365859241562256 
0.00526344910053731 
0.005143058449973806 
0.005143063713365594 
0.00504190108551575 
0.004921533556345661 
0.004823861582644026 
0.004823017299573941 
0.004699842493287135 
0.004697828542816279 
0.00461336108103152 
0.004614126024912268 
0.0046172186929371115 
0.0046196346392006265 
0.004500686058257912 
0.00449765018848438 
0.004395483524284707 
0.0042978322846798 
0.004203170606177371 
0.004203720729399357 
0.0041237786130323036 
0.00400274391875191 
0.0038991270308379074 
0.0038993718638177053 
0.0037848244201701877 
