140 140 0 0 14 14 14 14 0.2719999999999998 
139 139 0 0 19 17 25 23 0.9104999999999996 
137 138 0 0 23 17 38 24 1.8484999999999994 
136 137 0 0 28 15 42 22 1.7779999999999996 
134 136 0 0 31 19 51 27 2.5594999999999994 
133 135 0 0 35 17 53 26 2.8309999999999995 
127 134 0 0 39 20 69 34 2.1115 
126 133 0 0 41 27 68 42 2.3695 
126 127 0 0 45 28 72 50 3.362 
124 126 0 0 52 28 85 53 4.0584999999999996 
123 116 0 1 52 21 93 53 2.7034999999999996 
122 115 0 1 41 20 74 44 2.6909999999999994 
122 114 0 1 45 24 80 50 1.3674999999999993 
121 113 0 1 37 26 77 54 1.5505000000000002 
121 111 0 1 43 30 81 62 2.4609999999999994 
121 103 0 1 45 24 81 61 2.2959999999999994 
119 102 0 1 45 25 80 65 3.8034999999999997 
120 101 0 1 58 27 91 61 3.8829999999999996 
116 100 0 1 55 24 98 64 2.749 
118 98 0 1 54 31 95 69 3.231 
116 97 0 1 55 29 100 65 2.605 
115 96 0 1 52 30 91 68 3.9654999999999996 
107 95 0 1 51 21 103 54 3.1895 
108 94 0 1 46 21 91 54 3.3665 
112 93 0 1 48 21 91 55 2.6345 
112 92 0 1 52 30 94 67 3.395 
111 91 0 1 60 32 101 73 5.1485 
111 89 0 2 67 25 114 69 2.9155 
111 88 0 2 56 30 93 69 1.3410000000000002 
110 87 0 2 50 35 81 76 1.339 
110 86 0 2 51 36 82 76 1.6870000000000003 
111 84 0 2 47 29 82 75 0.6865000000000001 
105 83 0 2 42 32 76 75 1.3074999999999997 
106 82 0 2 44 29 80 77 1.0784999999999996 
105 81 0 2 43 30 78 73 0.6719999999999997 
104 80 0 2 41 31 78 76 2.4964999999999997 
103 79 0 2 48 25 87 66 3.1005 
102 78 0 2 53 25 85 66 1.4704999999999995 
103 77 0 2 45 29 86 77 3.369999999999999 
105 75 0 2 53 23 93 65 2.0164999999999997 
105 71 0 2 44 23 79 68 4.221 
107 65 0 2 55 18 101 61 2.59 
108 64 0 2 50 24 94 76 3.0515 
110 62 0 2 48 19 86 55 1.408 
109 58 0 2 34 16 64 55 1.3515000000000001 
110 57 0 2 34 16 64 58 2.2769999999999997 
110 56 0 2 37 12 71 59 1.6154999999999997 
111 55 0 2 35 14 61 62 2.183 
111 54 0 3 41 15 72 63 2.6369999999999996 
112 53 0 3 45 15 72 65 3.5280000000000005 
112 52 0 4 49 12 77 53 3.4219999999999997 
112 51 0 4 50 14 81 54 2.8714999999999997 
110 50 0 4 45 13 77 56 1.708 
109 48 0 5 40 15 71 62 1.7040000000000002 
110 47 0 5 40 15 70 59 1.9299999999999997 
109 46 0 6 40 13 72 49 2.076 
105 42 0 6 40 12 85 60 2.145 
106 38 0 7 37 7 82 54 1.6669999999999998 
104 37 0 7 36 9 76 59 2.4705 
103 36 0 7 37 5 75 41 2.8919999999999995 
105 35 0 7 39 4 75 33 3.576 
106 34 0 7 44 4 82 32 3.543 
100 32 0 7 43 4 90 36 3.0555 
98 31 0 7 43 8 91 37 3.9915 
98 30 0 7 46 4 93 32 4.281499999999999 
98 29 0 7 47 3 97 31 3.88 
94 28 0 7 45 3 90 42 3.6290000000000004 
93 27 0 7 44 3 89 53 3.46 
92 26 0 8 41 2 91 33 3.2275 
88 25 0 8 40 4 101 33 2.837 
89 24 0 8 38 4 97 40 3.0355000000000003 
88 23 0 8 37 2 94 30 3.1205 
86 22 0 8 37 1 88 29 3.4115 
84 21 0 9 38 0 93 17 3.0309999999999997 
85 23 0 8 39 4 91 31 3.5029999999999997 
85 21 0 9 39 0 91 17 2.9784999999999995 
85 23 0 8 39 4 91 36 3.4145000000000003 
85 22 0 8 39 1 92 30 3.5135 
85 21 0 9 39 0 93 18 2.803 
85 24 0 8 39 5 91 42 2.9860000000000007 
85 23 0 9 39 4 92 22 3.4924999999999997 
85 21 0 9 39 0 91 18 3.4355 
85 22 0 8 39 1 91 27 3.503 
85 21 0 9 39 0 92 18 3.3000000000000003 
85 22 0 8 39 2 91 28 3.5135 
85 21 0 9 39 0 93 18 3.4355 
85 22 0 8 39 1 91 27 3.503 
85 21 0 9 39 0 92 18 3.296 
85 22 0 9 39 1 91 26 3.3790000000000004 
89 24 0 8 40 2 84 23 3.5565 
88 23 0 8 40 1 85 19 3.538 
89 22 0 9 40 0 85 16 3.3790000000000004 
88 23 0 8 40 2 85 24 3.5589999999999997 
89 22 0 9 40 0 86 15 3.5145000000000004 
88 23 0 8 40 1 85 23 3.5085 
88 22 0 9 41 1 91 26 3.2525 
90 21 0 9 38 0 84 16 2.9835000000000003 
90 22 0 9 38 2 86 21 3.5404999999999998 
92 21 0 9 40 0 90 16 2.8919999999999995 
92 24 0 8 40 4 88 46 3.225 
92 23 0 8 40 3 83 20 3.4824999999999995 
92 22 0 8 40 0 87 34 3.2355 
92 23 0 8 40 3 85 21 3.0675 
94 25 0 8 41 4 84 36 2.9625 
92 23 0 8 40 3 85 47 2.8979999999999997 
94 27 0 7 41 6 84 45 3.2405 
94 26 0 7 41 4 86 37 3.4459999999999997 
98 24 0 7 41 1 76 36 3.428 
94 23 0 8 41 1 86 37 3.494 
90 22 0 9 40 0 86 20 3.814 
89 23 0 8 43 1 85 29 3.5199999999999996 
87 22 0 9 43 2 88 35 3.9065000000000003 
86 21 0 9 43 0 90 24 2.2945 
85 25 0 8 37 7 83 36 3.4775000000000005 
84 23 0 9 42 3 91 23 3.6435000000000004 
83 22 0 9 43 2 92 32 3.4059999999999997 
81 21 0 9 40 1 100 40 -1 
