140 140 0 0 14 14 14 14 0.7225986198351627 
139 139 0 0 19 17 25 23 0.91494395599395 
137 138 0 0 23 20 38 30 1.0442052212485622 
136 134 0 0 28 23 42 43 1.3843573585441187 
134 133 0 0 31 24 51 43 1.8718014843966377 
133 132 0 0 35 24 53 46 2.576637674391156 
127 131 0 0 39 24 69 45 3.245121912358554 
126 130 0 0 40 20 67 37 2.68108424750272 
127 129 0 0 39 23 69 44 2.426326760523612 
126 127 0 0 40 25 67 55 2.1220460638292162 
127 125 0 0 39 26 69 59 2.8256775592786623 
126 124 0 0 40 22 67 47 2.0142177001836576 
127 123 0 0 39 27 69 54 2.3737720433183007 
126 122 0 0 40 25 67 53 2.078278160994417 
127 120 0 0 39 26 69 56 2.0139783265472335 
126 119 0 0 40 27 67 61 2.015079565133836 
127 118 0 0 39 26 69 60 2.1799326002523802 
126 117 0 0 40 26 67 53 2.1055004690561314 
127 115 0 0 39 25 69 59 2.680485797153175 
126 114 0 0 43 25 70 51 2.5313943870486804 
126 113 0 0 41 24 68 50 3.1702117450175757 
127 112 0 0 42 20 69 46 1.6946623563740473 
119 110 0 0 41 31 79 62 2.6180725178125117 
117 109 0 0 52 35 91 70 3.4907047042813577 
113 101 0 1 54 29 100 68 1.4970692993721735 
112 100 0 1 44 34 93 75 3.7525073514918588 
111 99 0 1 50 23 94 59 3.1760131099986224 
111 98 0 1 46 23 87 59 3.033347347414081 
109 97 0 1 52 30 95 71 4.636184589295553 
109 96 0 1 59 25 103 65 5.505635569292536 
107 92 0 1 61 20 105 63 5.216616184656365 
103 91 0 1 60 22 107 59 5.6557778510568975 
99 90 0 2 63 21 108 53 5.6721940532473 
98 89 0 2 64 22 111 54 4.608617362567079 
90 88 0 2 56 23 116 61 5.309929889052444 
94 87 0 2 63 24 120 64 5.450910830327118 
94 86 0 2 60 20 117 57 4.635908700976322 
104 85 0 2 55 19 94 55 5.362296492021526 
103 83 0 2 56 15 97 44 4.70884134556347 
103 82 0 2 59 23 105 55 4.465117450167817 
102 80 0 2 60 26 112 60 4.7289492630938215 
101 78 0 2 61 24 102 60 4.334636735095392 
99 74 0 3 61 26 109 63 4.051945480659042 
98 73 0 3 58 25 100 57 4.697326677525392 
100 71 0 3 62 24 108 57 4.105510691898418 
100 70 0 4 59 24 105 60 5.125835730223897 
106 69 0 4 65 21 100 57 5.538782619675493 
107 68 0 4 62 15 98 47 5.398581355228796 
106 67 0 4 65 19 102 53 6.288575394244399 
106 66 0 4 67 14 105 52 3.850392972379379 
105 65 0 4 49 14 85 53 4.295168979210494 
104 64 0 4 53 15 93 53 4.5185920325074775 
105 63 0 4 54 14 93 53 3.6818009705852983 
97 62 0 4 51 19 103 54 4.555578701772781 
98 61 0 4 57 18 105 53 5.731307022636742 
98 57 0 4 59 11 112 47 4.690021804308179 
98 56 0 4 51 10 99 51 5.156562013402889 
99 55 0 4 56 11 101 54 5.330788983153901 
100 54 0 4 60 13 103 62 4.767695758760524 
98 53 0 4 56 13 97 64 4.792347072416029 
100 52 0 5 55 11 97 54 3.2230986195498894 
98 51 0 5 44 12 88 54 4.627237527990223 
100 50 0 6 52 9 94 35 3.938942764508917 
99 48 0 6 46 8 85 31 4.469690930422622 
98 47 0 6 49 7 88 30 4.489655216835967 
92 46 0 6 49 8 101 33 4.830873472637932 
93 45 0 6 53 9 101 34 3.725592019739403 
94 44 0 6 44 8 92 34 3.9991742037914575 
93 43 0 6 46 8 95 34 3.6438389707560113 
94 42 0 6 44 8 89 37 3.485088175872128 
95 41 0 7 43 7 88 34 2.9138262809753335 
91 40 0 7 42 11 91 35 3.4028990401737027 
92 39 0 7 43 8 93 35 4.207132702393277 
94 37 0 7 49 7 93 37 3.857774882248494 
94 36 0 7 49 10 95 35 3.8405812769296683 
92 35 0 7 48 9 102 45 2.9333749011774186 
94 34 0 7 39 6 83 39 3.6722372307414353 
94 32 0 7 44 5 90 44 3.782461891965352 
98 31 0 7 44 4 91 40 3.4961910353981986 
97 30 0 7 42 4 95 48 3.5952491086544063 
98 29 0 7 43 4 93 46 3.2275665195172505 
97 28 0 7 41 5 92 44 3.2358198651713863 
98 27 0 7 40 4 89 37 3.5738327849717524 
97 25 0 8 42 2 88 35 3.8367576892627495 
99 24 0 8 43 1 81 22 3.094853092804774 
101 23 0 8 38 1 70 20 3.087494458481459 
102 22 0 8 37 0 73 21 3.4283566666622267 
100 23 0 8 40 1 79 21 3.388681319501795 
100 25 0 8 42 3 81 31 3.4998564951452997 
99 24 0 8 42 2 79 30 3.652838488351709 
97 22 0 9 42 0 80 24 2.8506809998521137 
96 23 0 9 37 1 77 30 3.2775802876114253 
95 22 0 9 40 1 87 34 3.601359009574816 
97 21 0 9 41 0 78 12 3.5626766470280744 
97 22 0 8 41 1 78 21 3.8176062293456337 
93 21 0 9 42 0 90 19 3.2248335488666084 
97 25 0 8 41 4 78 22 3.309648281398577 
96 24 0 8 41 3 76 24 3.287162739299394 
96 23 0 8 41 3 77 26 3.9272640119808533 
97 22 0 8 43 0 79 23 3.616515551253575 
95 26 0 7 42 4 84 19 3.5668272424184786 
91 25 0 7 41 3 86 30 3.984394978140527 
93 24 0 7 44 2 85 34 4.086456397952923 
92 23 0 7 44 1 82 33 4.177023781930741 
93 22 0 8 44 0 86 21 4.104683909615138 
92 23 0 7 44 1 84 33 4.177023781930741 
93 22 0 8 44 0 86 21 3.928239071785417 
92 23 0 8 44 1 84 36 3.7998039324268844 
91 22 0 8 42 1 87 25 3.5474699555930354 
92 28 0 7 44 6 84 34 3.619192650604328 
93 27 0 7 43 5 87 26 3.146152691864122 
93 26 0 8 43 7 87 33 4.0768590903859625 
93 25 0 8 43 0 86 23 3.431336286759786 
93 24 0 8 39 1 85 23 4.099062347319303 
94 22 0 8 46 1 88 45 3.383487377604389 
96 21 0 9 40 0 82 28 3.357826702990471 
96 24 0 8 43 4 81 38 3.758964960087517 
97 22 0 8 43 1 77 26 4.031141229685503 
93 21 0 9 44 0 88 21 3.46144602168561 
92 25 0 8 44 5 84 36 4.225476187692813 
90 24 0 8 46 2 96 33 4.121414198779072 
91 22 0 8 45 1 88 32 3.680487656293805 
90 21 0 9 41 0 86 20 3.6810339794972453 
89 22 0 8 42 2 89 29 3.529791588644464 
83 21 0 9 40 1 97 29 -1 
