140 140 0 0 14 14 14 14 0.9478824508645951 
139 138 0 0 19 17 25 25 1.5677636851180723 
137 137 0 0 23 17 38 24 1.7923888594381143 
136 136 0 0 28 20 42 32 2.239658723737932 
134 135 0 0 31 20 51 33 2.60444134902523 
133 134 0 0 35 21 53 36 3.38373117415947 
127 132 0 0 39 20 69 37 3.1904469085480316 
126 131 0 0 40 22 67 44 3.332381420901919 
127 130 0 0 39 20 69 40 3.1679576013626964 
126 129 0 0 40 22 67 43 3.165611760801086 
127 128 0 0 39 21 69 42 2.9791206203921154 
126 126 0 0 40 23 67 46 2.8469246499511156 
127 125 0 0 39 23 69 46 3.072051220050062 
126 124 0 0 40 22 67 46 2.939855249609062 
127 123 0 0 39 22 69 46 3.005849257440816 
126 121 0 0 40 22 67 49 3.474365474592679 
126 117 0 0 43 21 70 48 3.961334383718829 
127 116 0 0 48 22 75 52 4.258218885426842 
125 114 0 0 49 21 82 52 4.456962788300392 
125 113 0 0 51 21 83 58 3.730959644503732 
117 112 0 0 52 29 94 62 4.237346807226679 
117 111 0 0 54 27 93 57 5.5763508333328256 
111 110 0 0 55 19 110 51 5.012404100722462 
110 109 0 0 64 32 113 66 4.816609715831684 
111 108 0 0 62 31 106 64 4.1683604405097645 
109 107 0 0 57 31 103 65 4.574401152892646 
107 106 0 0 57 28 106 64 5.366872012088737 
105 105 0 0 55 20 109 60 3.851430408562077 
103 104 0 0 52 29 108 65 4.6773191249792765 
99 98 0 0 53 23 108 63 3.9543193063311626 
103 97 0 0 47 22 101 61 3.7065107787344505 
107 96 0 0 51 27 98 68 4.259780798431656 
105 94 0 0 51 23 98 58 3.4146720034841542 
105 93 0 1 53 30 94 63 3.7720134473652194 
106 92 0 1 53 27 94 61 4.369248669007983 
107 91 0 1 55 24 93 59 1.9868392505430865 
108 90 0 1 53 40 91 77 4.296253581196272 
107 89 0 1 55 24 93 65 3.7974382531165176 
105 88 0 1 53 26 96 70 2.8839994241307547 
104 87 0 1 48 28 91 70 4.264216268203784 
103 83 0 2 53 21 96 62 4.053738284596804 
104 77 0 3 54 22 97 58 2.4555876793468174 
102 76 0 3 47 27 87 63 3.8751559634576696 
102 74 0 3 56 25 98 64 3.721171403291521 
103 72 0 3 56 26 99 64 4.310912782271631 
104 71 0 3 57 22 99 64 5.146783038342758 
104 70 0 3 58 17 103 53 4.722824655245267 
104 69 0 3 58 20 99 54 4.083904537454677 
104 68 0 3 54 21 101 57 2.0860120069784402 
103 67 0 3 44 25 89 79 3.254325289342805 
103 66 0 3 53 25 95 77 3.2036981309910195 
103 65 0 3 54 27 94 64 2.5314309323464306 
104 64 0 3 49 27 96 70 3.424219306703939 
105 63 0 3 56 27 100 68 4.820384230649646 
107 61 0 3 56 16 97 51 2.809254036017315 
101 60 0 3 46 22 97 62 3.405622843999382 
101 58 0 3 48 19 99 63 3.078616244449766 
100 57 0 3 46 19 92 65 4.035706772846363 
96 56 0 3 50 16 99 64 3.934796498502505 
96 55 0 3 46 13 93 51 3.5267197320868853 
94 54 0 3 44 14 88 51 2.4262112768562085 
93 53 0 3 35 13 77 52 2.209955429104072 
94 51 0 4 38 16 81 61 3.014093507195728 
93 49 0 4 41 13 84 53 2.216830853464449 
89 48 0 4 36 14 84 64 3.7693121106964402 
89 47 0 4 44 11 87 39 3.3406066285972718 
91 45 0 5 43 11 90 57 3.5241332562126697 
92 44 0 5 48 15 89 45 4.805162596685319 
93 43 0 5 52 9 90 36 5.052767157083823 
94 42 0 5 54 9 92 35 2.433717957391795 
96 41 0 6 35 8 68 34 2.8182220629872314 
96 40 0 6 38 8 72 35 3.8740427213665845 
94 39 0 6 44 6 85 42 2.4027876993715385 
93 38 0 6 34 7 73 42 3.1913854525853425 
92 37 0 6 39 6 78 41 2.7434922992219275 
91 36 0 6 34 5 76 31 2.573104744110655 
87 35 0 6 35 8 85 35 2.4526385532246398 
87 34 0 6 38 12 89 38 2.804096028675898 
88 30 0 6 37 7 81 38 3.4356752656357856 
89 28 0 6 43 8 91 43 3.797139611465091 
90 27 0 6 44 6 93 43 3.7584718226011327 
88 26 0 6 44 6 98 55 2.9929238857313787 
88 25 0 7 38 5 87 39 2.720871132515366 
88 23 0 8 35 2 75 37 3.4566411965239783 
89 22 0 8 40 2 94 40 4.092389852456359 
93 21 0 9 44 0 87 18 -1 
