140 140 0 0 14 14 14 14 1.3209933661159505 
139 138 0 0 19 17 25 25 1.295284194654209 
137 137 0 0 23 22 38 30 2.0656798124084492 
136 131 0 0 28 20 42 38 2.7710219483345986 
134 130 0 0 31 18 51 33 3.229417061310535 
133 128 0 0 35 18 53 40 3.7724818256761536 
127 127 0 0 39 19 69 39 4.49978600431387 
126 125 0 0 46 20 73 45 2.8839734675369675 
124 123 0 0 45 32 78 62 2.0388498328593188 
126 122 0 0 46 39 73 74 3.0295626004525977 
124 118 0 0 47 32 80 71 2.918591426266161 
124 117 0 0 48 34 81 67 3.6846767054211838 
123 116 0 0 48 28 84 61 2.62378684162805 
124 115 0 0 51 39 84 80 3.008877891235569 
123 114 0 0 50 35 86 76 1.9619216665192156 
122 112 0 0 43 36 81 76 2.0838585479654417 
128 111 0 0 48 39 78 85 3.1857157866507584 
124 110 0 0 49 32 86 73 1.2273474861875275 
124 109 0 0 45 43 80 91 3.3507848531419704 
122 107 0 0 60 42 99 87 5.021066440959647 
121 106 0 0 61 30 105 73 4.1654664611782675 
120 104 0 0 56 31 96 79 3.9959333908772776 
114 102 0 0 58 35 103 82 4.905191342026768 
112 101 0 0 60 30 105 72 4.134235920511294 
110 100 0 0 50 26 100 68 5.078634510016255 
110 99 0 0 58 27 113 70 3.478870622581924 
109 98 0 0 50 31 100 75 3.1806497269735075 
109 97 0 0 53 36 98 83 2.5178487631049 
108 96 0 0 53 41 95 90 3.2739274991320944 
108 95 0 0 56 38 98 86 3.776264901831436 
109 94 0 0 58 36 103 86 3.668585952963009 
113 93 0 0 57 35 96 85 3.120510163841571 
115 92 0 1 57 38 97 87 3.1484279959914203 
109 90 0 1 57 38 99 90 3.4047998215708946 
108 89 0 1 56 35 97 80 2.7903151609537424 
109 88 0 1 56 40 101 84 4.31700715635554 
107 86 0 1 57 29 107 74 2.794731675165919 
107 85 0 1 49 33 103 75 3.8093936710583707 
111 83 0 2 58 32 103 74 2.4530444933113675 
111 82 0 2 48 32 88 71 3.285012577463929 
112 81 0 2 51 28 89 72 3.3085019761134604 
111 80 0 2 57 34 96 82 3.172886679153348 
111 79 0 2 56 34 95 79 3.8895024557223477 
113 78 0 2 57 29 94 71 5.060388736776553 
109 76 0 2 58 21 101 66 5.020119948843625 
113 75 0 2 62 25 104 71 5.130769640954438 
107 74 0 2 65 28 116 79 5.651357788006123 
106 73 0 2 70 29 121 81 6.3176394212199645 
110 72 0 2 71 24 113 67 4.877390832716238 
109 71 0 2 61 25 103 67 3.564208849024744 
107 70 0 2 53 27 101 85 5.137035732733467 
108 69 0 2 60 22 111 72 4.821003175569973 
107 68 0 2 55 19 100 64 5.027470660994482 
106 67 0 2 53 15 95 60 3.925007626896432 
104 66 0 2 51 22 98 69 3.5385836522252543 
103 65 0 2 49 23 101 78 0.5466174210150703 
105 63 0 3 40 35 83 100 2.8318342644383754 
107 62 0 3 52 29 94 93 4.085753286087008 
105 61 0 3 54 22 102 69 4.580395746526614 
106 60 0 3 56 20 99 55 3.1630641964816566 
105 58 0 3 40 14 79 52 2.8864974734171076 
107 57 0 3 45 21 79 55 3.1454703411730676 
108 56 0 3 48 22 85 58 1.798511611946279 
107 55 0 3 38 22 71 57 1.734974922647893 
106 51 0 3 38 22 72 61 2.7602156835569187 
105 50 0 3 37 13 76 52 2.141035404109447 
101 49 0 3 32 13 78 62 3.4682434466197147 
103 48 0 3 43 14 95 64 4.091476134292965 
102 47 0 3 47 13 99 68 4.751969809641281 
101 46 0 3 50 11 100 56 4.080989059030256 
100 45 0 3 45 11 94 56 4.203297054608915 
100 44 0 3 49 14 96 58 4.294675449833003 
101 40 0 4 46 8 87 50 4.116320602289576 
101 39 0 4 47 10 89 65 3.2301669781840925 
102 38 0 5 50 19 91 67 1.9325846336475496 
103 36 0 5 38 16 72 64 2.5131338387259774 
102 35 0 5 40 14 79 53 2.8650405502403857 
101 34 0 5 40 11 80 56 3.475214006793699 
100 32 0 6 46 11 88 61 3.30407628329387 
101 31 0 6 44 10 83 56 3.432564878307927 
101 30 0 6 44 9 81 46 3.505113614814178 
101 28 0 7 43 6 79 38 3.7038298268565697 
99 24 0 7 41 2 78 34 3.046309054478636 
98 23 0 7 35 1 70 26 3.567236976621077 
94 22 0 8 39 0 79 35 3.726565575363733 
94 21 0 9 41 0 84 25 2.187001907386375 
93 29 0 8 37 10 81 51 2.846502113001359 
93 28 0 8 37 5 85 41 3.4948459625064743 
99 27 0 8 40 2 78 30 3.4943575077338895 
99 26 0 8 40 2 81 32 3.494019409362934 
98 25 0 8 41 3 78 25 2.7954905276679587 
99 24 0 8 34 1 67 16 3.005708812143825 
99 22 0 8 36 1 68 19 3.7246408860687357 
101 24 0 7 41 2 77 22 3.4338336530621167 
99 23 0 8 40 2 77 27 3.3363385413969286 
97 21 0 9 38 0 78 11 3.167775428082869 
99 27 0 8 40 5 78 21 2.9171372211443303 
100 25 0 8 38 4 68 22 3.2122843772232104 
99 24 0 8 40 4 75 22 3.334363997118414 
97 22 0 8 38 1 78 23 3.708390131792041 
101 23 0 7 41 2 77 22 4.084621759518601 
99 22 0 8 43 0 88 35 3.4678069325731773 
101 26 0 7 41 4 76 32 3.986014104133596 
103 25 0 7 42 1 81 25 3.8214043509289977 
101 23 0 7 41 1 76 22 3.8284992828692745 
99 22 0 8 42 1 87 36 3.4897520629425935 
98 21 0 9 39 0 83 11 3.4649803003338877 
98 22 0 9 40 1 79 14 3.598839988899226 
97 21 0 9 40 0 80 11 3.645942361744031 
95 23 0 8 41 2 92 44 3.7053445636690103 
99 22 0 8 41 1 80 22 3.7130125353420342 
95 21 0 9 41 0 90 38 3.4835964334043275 
95 22 0 9 41 2 86 31 3.7209080087473447 
95 21 0 9 41 0 91 38 3.5370907341085602 
95 23 0 8 41 3 86 29 3.7445944289632758 
95 21 0 9 41 0 94 38 3.304000495441953 
95 25 0 8 41 5 86 35 2.532587850044305 
95 24 0 8 36 5 76 50 3.6658457253121917 
94 23 0 8 42 3 88 34 4.131861516966155 
96 22 0 9 45 1 94 36 3.966159301499705 
95 21 0 9 44 1 89 35 -1 
