140 138 0 0 14 17 16.0 16.0 0.022182042502329566 
138 137 0 0 17 14 14.142135623730951 14.142135623730951 0.07275079911102783 
134 136 0 0 16 14 13.038404810405298 16.0 0.07995310025646203 
132 134 0 0 16 16 14.0 16.0 0.09820795906698897 
130 132 0 0 16 19 14.0 16.0 0.1141393109929671 
128 131 0 0 16 20 14.0 16.0 0.13540938531282956 
126 130 0 0 14 20 14.142135623730951 16.0 0.13718750834821408 
125 129 0 0 14 21 14.0 15.033296378372908 0.15446371296714312 
123 128 0 0 15 24 15.033296378372908 15.033296378372908 0.1601016650037289 
121 126 0 0 15 25 15.033296378372908 15.033296378372908 0.165940620768179 
120 125 0 0 14 25 15.033296378372908 15.033296378372908 0.1477929110710009 
119 123 0 0 14 23 14.0 15.033296378372908 0.15231645002312713 
117 122 0 0 15 24 14.0 14.0 0.17943460656152643 
115 121 0 0 16 27 13.038404810405298 14.0 0.17644059832659337 
113 120 0 0 16 25 13.038404810405298 14.0 0.1620774151210036 
111 116 0 0 15 25 13.038404810405298 14.142135623730951 0.12369044039612453 
109 114 0 0 16 20 13.038404810405298 14.142135623730951 0.13563684581968055 
107 112 0 0 16 22 13.038404810405298 14.142135623730951 0.14525974435868866 
105 111 0 0 16 22 13.038404810405298 14.142135623730951 0.16723105577698105 
103 110 0 0 14 22 13.038404810405298 14.142135623730951 0.17120222489274012 
102 109 0 0 14 22 12.165525060596439 14.142135623730951 0.18713357681871856 
100 108 0 0 14 23 12.165525060596439 14.142135623730951 0.17165690875717288 
98 107 0 0 15 20 12.165525060596439 14.142135623730951 0.3712733544020713 
92 106 1 0 15 24 12.165525060596439 14.142135623730951 0.3950410857718222 
88 105 1 0 19 27 12.165525060596439 14.142135623730951 0.5317072444943445 
82 104 2 0 20 22 12.165525060596439 14.142135623730951 0.5674206479013951 
78 103 2 0 19 22 12.165525060596439 14.142135623730951 0.6055044225969206 
74 101 2 0 13 20 12.165525060596439 13.038404810405298 0.6276099809625412 
72 100 2 0 12 21 12.165525060596439 13.038404810405298 0.6992668820784337 
70 99 2 0 10 28 11.045361017187261 13.038404810405298 0.7726538828777647 
66 95 3 0 12 22 11.045361017187261 13.038404810405298 0.8840687269284612 
62 94 3 0 11 34 11.045361017187261 13.038404810405298 0.9457103260320999 
61 93 4 0 12 25 11.045361017187261 13.038404810405298 0.9751152760521801 
57 92 4 0 11 24 11.045361017187261 13.038404810405298 0.9683373250426891 
56 91 4 0 10 22 11.045361017187261 13.038404810405298 0.9982590104385762 
55 90 4 0 9 25 10.0 13.038404810405298 0.9851726060421145 
54 89 4 0 8 22 10.0 13.038404810405298 0.9912507898620606 
53 88 4 0 7 22 9.055385138137417 12.165525060596439 0.9909155391868684 
52 87 4 0 7 22 9.055385138137417 12.165525060596439 1.1533581455347062 
51 86 5 0 7 28 9.055385138137417 12.165525060596439 1.1867544217315862 
50 84 5 0 6 34 9.055385138137417 12.165525060596439 1.1802449646167514 
49 83 5 0 7 34 9.055385138137417 12.165525060596439 1.1900021101030878 
47 82 5 0 8 35 9.055385138137417 12.165525060596439 1.1242899395641281 
45 81 5 0 6 22 9.055385138137417 11.045361017187261 1.1377934734073756 
44 79 5 0 6 25 8.0 11.045361017187261 1.009985795848772 
42 78 5 1 8 25 8.0 11.045361017187261 1.1407518883144296 
41 77 6 1 7 25 8.0 11.045361017187261 1.1645196196841807 
37 76 6 1 11 28 8.0 11.045361017187261 1.193753826449096 
36 70 7 1 13 23 8.0 11.045361017187261 1.1332621103872904 
32 69 7 2 5 20 7.0710678118654755 11.045361017187261 1.1443852620830568 
31 68 7 2 4 20 6.0 11.045361017187261 1.161680243064733 
29 67 7 2 5 21 4.47213595499958 11.045361017187261 1.1494097398051129 
28 63 7 2 4 22 3.1622776601683795 11.045361017187261 1.1472598834155983 
26 62 7 2 3 20 4.242640687119285 11.045361017187261 1.2648952061639003 
25 61 8 2 2 20 5.830951894845301 10.0 1.130068847126639 
25 60 8 3 2 18 3.1622776601683795 10.0 1.1229851234007624 
24 59 8 3 3 17 2.0 10.0 1.1288240791652124 
23 58 8 3 2 17 2.0 10.0 1.2320804368751674 
22 57 9 3 2 17 6.324555320336759 10.0 1.2564483282033378 
21 56 9 3 0 18 5.0990195135927845 10.0 1.2455430903987326 
21 55 9 3 1 16 1.4142135623730951 10.0 1 
