140 139 0 0 14 17 16.0 16.0 0.13246382454994032 
138 138 0 0 17 19 13.341664064126334 14.142135623730951 0.16973310734637964 
134 136 0 0 16 19 12.649110640673518 16.0 0.1843755795143464 
132 135 0 0 16 21 14.142135623730951 16.0 0.18284456281897138 
130 133 0 0 16 21 14.142135623730951 16.0 0.16850845488289318 
128 131 0 0 16 19 14.142135623730951 16.0 0.15788598798138653 
126 127 0 0 14 19 14.142135623730951 16.0 0.17061817488168185 
125 126 0 0 14 21 14.0 16.0 0.16225007893480925 
123 125 0 0 15 20 14.0 15.033296378372908 0.1599250977052839 
121 124 0 0 15 19 15.033296378372908 15.033296378372908 0.16101640987488208 
120 122 0 0 14 20 15.033296378372908 15.033296378372908 0.16528598839410663 
119 121 0 0 14 20 14.0 15.033296378372908 0.16405957446903685 
117 119 0 0 15 21 14.0 15.033296378372908 0.16111631344318028 
115 117 0 0 16 21 13.038404810405298 15.033296378372908 0.1702289647009187 
113 116 0 0 16 21 13.038404810405298 15.033296378372908 0.17903701318835205 
111 115 0 0 15 20 13.038404810405298 15.033296378372908 0.1948568128367471 
109 114 0 0 16 22 13.038404810405298 15.033296378372908 0.1748959477619937 
108 112 0 0 16 20 12.165525060596439 15.033296378372908 0.1779106561696851 
106 111 0 0 17 20 12.165525060596439 15.033296378372908 0.18671870465711848 
104 110 0 0 16 19 12.165525060596439 15.033296378372908 0.1833308674444581 
102 109 0 0 17 18 12.165525060596439 15.033296378372908 0.2049440071725951 
100 108 0 0 16 19 12.165525060596439 15.033296378372908 0.03362140189923022 
98 100 0 1 16 22 12.165525060596439 15.033296378372908 0.030477644266060887 
94 99 0 1 16 17 12.165525060596439 15.033296378372908 0.01876386519495566 
93 97 0 1 15 16 12.165525060596439 15.033296378372908 0.1937886226098689 
87 96 1 1 20 21 12.165525060596439 15.033296378372908 0.26221460630797055 
81 95 1 1 16 21 12.165525060596439 14.142135623730951 0.3285850421877565 
77 94 1 1 13 24 12.165525060596439 14.142135623730951 0.46897669294979466 
75 93 2 1 13 25 12.165525060596439 14.142135623730951 0.5542114591865621 
73 91 3 1 14 20 12.165525060596439 14.142135623730951 0.5701384042007164 
71 90 3 1 13 21 12.165525060596439 13.038404810405298 0.5859582038491113 
69 89 3 1 14 23 12.165525060596439 13.038404810405298 0.7141539689110555 
67 88 4 1 16 24 12.165525060596439 13.038404810405298 0.7432386109744629 
66 87 4 1 12 24 11.045361017187261 13.038404810405298 0.724118219342124 
65 85 4 1 12 22 10.0 13.038404810405298 0.7396334162202142 
63 84 4 1 12 23 10.0 13.038404810405298 0.5406955079849293 
62 78 4 2 10 18 10.0 13.038404810405298 0.5655401821186491 
61 77 4 2 10 22 10.0 13.038404810405298 0.5316918345512106 
59 75 4 2 9 16 10.0 13.038404810405298 0.5252720748843028 
58 74 4 2 8 15 10.0 12.0 0.543714203397671 
57 73 4 2 8 18 10.0 12.0 0.5532546904740434 
55 72 4 2 8 18 10.0 12.083045973594572 0.5506895926227608 
54 71 4 2 8 17 9.055385138137417 12.083045973594572 0.5550668061115107 
53 70 4 2 8 17 8.0 12.083045973594572 0.5550533006050705 
52 69 4 2 7 17 8.0 11.045361017187261 0.4481413854001799 
48 67 4 3 7 17 8.0 11.045361017187261 0.5786548765567925 
47 66 5 3 7 18 8.0 11.045361017187261 0.7808691882229873 
39 65 6 3 4 17 8.602325267042627 11.045361017187261 0.7801036798752999 
38 64 6 3 4 17 8.602325267042627 11.045361017187261 0.6573719650220144 
36 63 6 4 3 15 8.602325267042627 11.045361017187261 0.65748139548746 
35 62 6 4 4 16 8.48528137423857 11.045361017187261 0.6391713934090335 
34 60 6 4 3 13 7.211102550927978 11.045361017187261 0.6346256683059674 
34 59 6 4 2 13 7.211102550927978 11.045361017187261 0.6315424338636119 
32 58 6 4 4 13 7.211102550927978 11.045361017187261 0.6436551779505998 
31 57 6 4 2 13 7.0710678118654755 11.045361017187261 0.6423046572984338 
29 56 6 4 3 13 7.0710678118654755 10.198039027185569 0.7698912168197684 
27 55 7 4 3 12 7.0710678118654755 10.198039027185569 0.906948385721042 
25 54 8 4 1 12 8.94427190999916 10.198039027185569 0.9126564381265073 
24 53 8 4 1 12 7.615773105863909 10.198039027185569 0.9181828261314118 
23 52 8 4 1 12 6.324555320336759 10.198039027185569 0.9294870992800885 
22 51 8 4 0 12 5.0990195135927845 10.198039027185569 0.9221829196679017 
22 50 8 4 1 12 3.1622776601683795 10.198039027185569 1.0423252747890788 
21 49 9 4 0 11 3.1622776601683795 9.486832980505138 1.0341016988552456 
21 48 9 4 1 11 1.4142135623730951 9.486832980505138 1 
