140 138 0 0 14 17 16.0 16.0 0.07613749140981917 
138 136 0 0 17 22 14.142135623730951 14.142135623730951 0.09227662699203028 
134 134 0 0 16 19 13.038404810405298 15.033296378372908 0.09426862206684822 
132 132 0 0 16 21 15.033296378372908 15.033296378372908 0.10607822642338183 
130 130 0 0 16 23 15.033296378372908 15.033296378372908 0.10925710123031854 
128 129 0 0 16 22 15.033296378372908 15.033296378372908 0.11842186448280903 
126 128 0 0 14 20 15.033296378372908 15.033296378372908 0.12432666666107572 
125 127 0 0 14 21 15.033296378372908 15.033296378372908 0.1236439124458768 
123 125 0 0 15 22 15.033296378372908 15.033296378372908 0.11415690145420584 
121 124 0 0 15 19 15.033296378372908 15.033296378372908 0.10903219342710273 
120 123 0 0 14 18 15.033296378372908 14.142135623730951 0.11368929156213681 
119 122 0 0 14 18 14.0 14.142135623730951 0.13200536604484917 
117 120 0 0 15 22 14.0 14.142135623730951 0.14009013850430546 
115 119 0 0 16 22 13.038404810405298 14.142135623730951 0.14467068314851034 
111 118 0 0 19 21 13.038404810405298 14.142135623730951 0.1880525610419755 
110 117 0 0 16 25 13.038404810405298 14.142135623730951 0.16607319147857158 
108 116 0 0 17 21 13.038404810405298 14.142135623730951 0.18421573873440902 
106 114 0 0 17 24 13.038404810405298 14.142135623730951 0.1937275564406498 
104 113 0 0 17 24 13.038404810405298 14.142135623730951 0.20519010634343357 
102 111 0 0 15 24 13.038404810405298 14.142135623730951 0.23009373721961177 
101 110 0 0 15 28 13.038404810405298 14.142135623730951 0.19132088464900182 
100 109 0 0 13 20 13.038404810405298 14.142135623730951 0.24312612823851062 
98 108 0 0 13 26 12.165525060596439 14.142135623730951 0.20214792997719516 
96 107 0 0 14 19 12.165525060596439 14.142135623730951 0.21256428944898348 
94 106 0 0 15 21 12.165525060596439 13.038404810405298 0.2597267100972971 
92 105 0 0 13 25 12.165525060596439 13.038404810405298 0.2923432134434574 
90 104 0 0 15 30 11.40175425099138 13.038404810405298 0.2865608793620771 
88 102 0 0 13 27 11.045361017187261 13.038404810405298 0.20609405788451385 
87 98 0 0 12 19 11.045361017187261 12.165525060596439 0.2565029875847825 
86 97 0 0 13 28 11.045361017187261 12.165525060596439 0.26772709159598457 
85 96 0 0 12 29 11.045361017187261 12.0 0.3152365666980481 
83 95 0 0 12 35 11.045361017187261 12.0 0.3184552546827287 
79 94 0 0 14 32 10.0 12.0 0.4190871526465892 
75 92 1 0 15 26 10.0 12.165525060596439 0.5025760973453366 
74 91 1 0 10 35 10.0 11.40175425099138 0.48494728812489174 
72 90 1 0 10 31 10.0 11.045361017187261 0.4824761947851486 
71 84 2 0 15 24 10.0 11.045361017187261 0.6742586153730273 
65 83 3 0 13 24 10.0 12.083045973594572 0.6959157371972506 
63 82 3 0 10 23 10.0 12.083045973594572 0.6768284397125348 
62 80 3 0 9 22 10.295630140987 10.770329614269007 0.6407004282459681 
61 78 3 0 9 18 10.295630140987 10.770329614269007 0.6765986329329421 
57 77 3 0 10 20 10.295630140987 10.770329614269007 0.5198089039025566 
56 73 3 1 9 19 10.295630140987 10.770329614269007 0.619147740591317 
55 72 4 1 10 16 10.295630140987 10.770329614269007 0.6403647198311282 
51 71 4 1 11 17 11.40175425099138 10.198039027185569 0.6634657227063075 
49 70 4 1 10 17 11.40175425099138 11.661903789690601 0.6865245143677992 
45 69 4 1 10 16 11.40175425099138 11.661903789690601 0.852105686670072 
43 68 5 1 7 18 11.40175425099138 11.661903789690601 0.8482080049811224 
42 66 5 1 7 18 10.0 11.661903789690601 0.8579183066770729 
40 65 5 1 5 15 8.602325267042627 11.661903789690601 0.8532964678496329 
39 63 6 2 5 16 8.602325267042627 11.661903789690601 0.8651871584734538 
38 62 6 2 3 16 8.602325267042627 11.661903789690601 0.8470083665655963 
38 61 6 2 3 14 7.615773105863909 11.661903789690601 0.8655790545424709 
37 60 6 2 3 17 7.615773105863909 11.661903789690601 0.8778167996200413 
36 59 6 2 3 19 7.615773105863909 11.661903789690601 0.866887835837256 
35 58 6 2 4 18 7.211102550927978 11.661903789690601 0.8307598243706893 
34 56 6 2 4 14 7.211102550927978 11.661903789690601 0.8366646265489561 
33 55 6 2 4 15 7.211102550927978 11.661903789690601 0.9801605363059684 
32 54 7 2 4 18 7.211102550927978 11.661903789690601 1.0053499358467353 
31 53 7 2 3 20 5.830951894845301 11.661903789690601 0.9789836136739435 
31 52 7 2 3 18 5.0990195135927845 10.295630140987 0.974948457424933 
31 51 7 2 3 19 5.0990195135927845 10.295630140987 0.9519144724780108 
31 50 7 2 3 17 5.0990195135927845 10.295630140987 0.7870956818459401 
31 48 7 3 3 14 5.0990195135927845 10.295630140987 0.7767275826976255 
31 47 7 3 3 14 5.0990195135927845 10.295630140987 0.7726924264486149 
31 46 7 3 3 15 5.0990195135927845 10.295630140987 0.7575703035654835 
31 44 7 3 3 15 5.0990195135927845 11.40175425099138 0.7345363186185613 
31 43 7 3 3 13 5.0990195135927845 11.40175425099138 0.5800856271348049 
31 42 7 4 3 10 5.0990195135927845 11.40175425099138 0.4383008214496566 
31 41 7 5 3 9 5.0990195135927845 11.40175425099138 0.2924808595154975 
31 39 7 6 3 9 5.0990195135927845 11.40175425099138 0.26541171831956467 
31 37 7 6 3 8 5.0990195135927845 11.40175425099138 0.25882416192609875 
30 36 7 6 4 8 5.0990195135927845 11.40175425099138 0.24209109876055673 
29 34 7 6 4 6 4.0 11.661903789690601 0.24544350079436833 
27 33 7 6 5 6 4.0 11.661903789690601 0.3914243364259101 
25 32 8 6 2 6 4.0 10.295630140987 0.38878599849816387 
24 31 8 6 2 5 3.1622776601683795 10.295630140987 0.3645210198949277 
23 30 8 6 2 5 2.0 4.47213595499958 0.36856533035182987 
23 28 8 6 1 5 2.8284271247461903 8.94427190999916 0.2267805246666815 
23 27 8 7 1 4 2.8284271247461903 8.94427190999916 0.18073327140698595 
23 26 8 7 1 3 2.8284271247461903 3.1622776601683795 0.186635713959033 
23 25 8 7 1 2 2.8284271247461903 7.615773105863909 0.1539793049882988 
23 24 8 7 1 1 2.8284271247461903 4.47213595499958 0.012194499303150419 
23 23 8 8 1 0 2.8284271247461903 4.47213595499958 0.24518714036174202 
23 29 8 7 1 4 2.8284271247461903 8.48528137423857 0.20778169596877 
23 27 8 7 1 1 2.8284271247461903 8.94427190999916 0.17527916004416158 
23 26 8 7 1 0 2.8284271247461903 5.830951894845301 0.19898508499339732 
23 27 8 7 1 1 2.8284271247461903 7.211102550927978 0.17527916004416158 
23 26 8 7 1 0 2.8284271247461903 5.830951894845301 0.1862165977827512 
23 26 8 7 1 3 2.8284271247461903 4.242640687119285 0.06155195032150286 
23 25 8 8 1 2 2.8284271247461903 7.615773105863909 0.02159635748557904 
23 23 8 8 1 0 2.8284271247461903 6.324555320336759 0.0415614271493763 
23 24 8 8 1 3 2.8284271247461903 4.47213595499958 0.02159635748557904 
23 23 8 8 1 0 2.8284271247461903 6.324555320336759 0.2172731746535319 
23 27 8 7 1 4 2.8284271247461903 7.0710678118654755 0.17396982816042533 
23 25 8 7 1 0 2.8284271247461903 7.615773105863909 0.3470002321658112 
23 27 8 6 1 7 2.8284271247461903 4.242640687119285 0.1948473273323481 
23 25 8 7 1 6 2.8284271247461903 4.242640687119285 0.024860385101758087 
23 23 8 8 1 2 2.8284271247461903 4.47213595499958 -0.004821717521713686 
23 22 8 8 1 0 2.8284271247461903 3.1622776601683795 0.018527442202454253 
23 23 8 8 1 1 2.8284271247461903 4.47213595499958 -0.004821717521713686 
23 22 8 8 1 0 2.8284271247461903 3.1622776601683795 0.17096851787314876 
23 24 8 7 1 5 2.8284271247461903 2.8284271247461903 0.14075676551464558 
23 23 8 7 1 3 2.8284271247461903 1.4142135623730951 -0.007360983069806842 
23 22 8 8 1 1 2.8284271247461903 1.4142135623730951 -0.1204347191086308 
23 21 8 9 1 0 2.8284271247461903 7.0710678118654755 -0.08066089307862676 
23 23 8 9 1 4 2.8284271247461903 5.830951894845301 -0.1204347191086308 
23 21 8 9 1 0 2.8284271247461903 7.0710678118654755 0.02285076928869656 
23 23 8 8 1 3 2.8284271247461903 2.8284271247461903 -0.007360983069806842 
23 22 8 8 1 1 2.8284271247461903 1.4142135623730951 -0.1204347191086308 
23 21 8 9 1 0 2.8284271247461903 7.0710678118654755 -0.13044374772072626 
23 21 8 9 1 0 2.8284271247461903 5.0990195135927845 -0.08872228403794863 
23 23 8 9 1 4 2.8284271247461903 4.242640687119285 -0.11059147768408667 
23 22 8 9 1 2 2.8284271247461903 4.47213595499958 -0.14027358030755832 
23 21 8 9 1 0 2.8284271247461903 3.1622776601683795 -0.1126010934971482 
23 22 8 9 1 3 2.8284271247461903 2.8284271247461903 -0.14027358030755832 
23 21 8 9 1 0 2.8284271247461903 3.1622776601683795 -0.11893403639645203 
23 22 8 9 1 2 2.8284271247461903 2.8284271247461903 -0.14027358030755832 
23 21 8 9 1 0 2.8284271247461903 3.1622776601683795 -0.1126010934971482 
23 22 8 9 1 3 2.8284271247461903 2.8284271247461903 -0.1428128458556515 
23 21 8 9 1 1 2.8284271247461903 1.4142135623730951 -1 
