140 139 0 0 14 18 16.0 16.0 0.270696143727462 
138 138 0 0 17 22 13.341664064126334 14.142135623730951 0.3059423702589692 
134 136 0 0 16 22 12.649110640673518 16.0 0.3271549278638979 
132 135 0 0 16 24 12.649110640673518 16.0 0.3875623510733591 
130 134 0 0 16 32 12.649110640673518 16.0 0.35321802677930414 
128 133 0 0 16 26 13.341664064126334 16.0 0.3927893694908692 
126 132 0 0 14 29 13.341664064126334 16.0 0.36653887589099077 
125 131 0 0 14 25 13.038404810405298 16.0 0.37530580214222364 
123 130 0 0 15 26 13.038404810405298 16.0 0.37870964141523633 
121 128 0 0 15 27 13.038404810405298 16.0 0.40265590880657154 
120 127 0 0 14 30 13.038404810405298 16.0 0.3987146584076854 
119 126 0 0 14 29 12.165525060596439 16.0 0.37739593154199336 
117 124 0 0 15 27 12.0 16.0 0.3498160797387335 
115 123 0 0 16 22 11.40175425099138 16.0 0.3775611149444177 
113 122 0 0 16 25 11.40175425099138 16.0 0.39815434870153155 
111 121 0 0 15 26 11.40175425099138 16.0 0.3338976871547501 
109 117 0 0 16 21 11.40175425099138 16.0 0.32530162925419426 
105 115 0 0 18 19 11.40175425099138 16.0 0.344656215315678 
103 114 0 0 15 18 11.40175425099138 16.0 0.3761217624983805 
102 112 0 0 14 23 10.198039027185569 16.0 0.39330044737692915 
100 111 0 0 14 25 11.045361017187261 16.0 0.41451300498185795 
98 110 0 0 14 27 11.045361017187261 16.0 0.4313232010419158 
92 109 0 0 18 26 11.045361017187261 16.0 0.425167200548193 
90 108 0 0 16 22 11.045361017187261 16.0 0.39357392205164016 
89 106 0 0 15 19 11.045361017187261 15.033296378372908 0.38321662713121313 
88 104 0 0 14 20 12.0 14.0 0.5064929786317401 
87 103 1 0 14 20 12.0 14.0 0.5342380138374242 
85 102 1 0 14 23 12.0 14.0 0.5196087394720421 
84 101 1 0 14 21 12.0 14.0 0.5605454183617499 
83 100 1 0 12 25 11.045361017187261 14.0 0.5686930207651678 
81 99 1 0 12 25 11.045361017187261 14.0 0.5968837901509794 
77 98 1 0 13 26 11.045361017187261 14.0 0.6155977428815329 
75 97 1 0 13 27 10.198039027185569 14.0 0.7836677619990715 
69 96 2 0 12 25 9.486832980505138 14.0 0.7650661301516529 
67 95 2 0 11 20 9.486832980505138 14.0 0.9399829786104081 
66 94 3 0 10 27 9.486832980505138 14.0 0.939155052874498 
64 93 3 0 10 26 10.0 14.0 0.8953673219057384 
62 89 3 0 10 24 10.0 13.038404810405298 0.8524244941256484 
60 87 3 0 9 17 10.0 13.038404810405298 0.8514102417364972 
59 85 3 0 7 17 10.0 13.038404810405298 0.8758349345648229 
58 84 3 0 7 22 11.40175425099138 13.038404810405298 0.8739358710534705 
57 83 3 0 9 21 7.615773105863909 13.038404810405298 0.90697473616428 
55 82 3 0 7 23 7.615773105863909 13.038404810405298 0.8700143192102251 
53 81 3 0 8 17 7.615773105863909 13.038404810405298 0.9992038244636926 
52 80 4 0 7 17 7.615773105863909 13.038404810405298 0.8783738686468968 
51 79 4 1 6 17 7.615773105863909 13.038404810405298 0.8768095494830256 
50 78 4 1 6 17 7.615773105863909 13.038404810405298 0.888310185520665 
49 77 4 1 6 19 7.615773105863909 13.038404810405298 0.9259407319613262 
48 76 4 1 6 25 7.615773105863909 13.038404810405298 0.9085777478095375 
46 75 4 1 7 22 7.615773105863909 13.038404810405298 0.8939484734441555 
45 74 4 1 7 20 7.615773105863909 13.038404810405298 0.895563598246818 
43 73 4 1 7 19 7.615773105863909 13.038404810405298 0.8939992790829465 
42 72 4 1 7 19 7.615773105863909 13.038404810405298 0.8849574870022635 
40 70 4 1 8 19 7.615773105863909 13.038404810405298 0.8814907289330545 
38 68 5 2 8 19 7.615773105863909 13.038404810405298 1.0047670804335813 
37 67 6 2 8 19 7.615773105863909 13.038404810405298 1.0117091108269642 
36 66 6 2 7 19 7.0710678118654755 13.038404810405298 0.884346677409413 
35 65 6 3 6 18 7.0710678118654755 13.038404810405298 0.8880288441658098 
34 64 6 3 5 18 7.211102550927978 13.038404810405298 0.892997002602694 
33 63 6 3 5 19 7.211102550927978 13.038404810405298 1.0156540302554058 
32 62 7 3 4 18 7.211102550927978 13.038404810405298 1.002813470360374 
31 60 7 3 4 18 7.211102550927978 13.038404810405298 1.1201272350338007 
30 59 8 3 3 16 6.0 12.165525060596439 0.9874709717111241 
29 58 8 4 4 16 6.0 12.165525060596439 0.9826755683802512 
27 57 8 4 3 12 4.47213595499958 12.165525060596439 0.9973556483844245 
25 56 8 4 3 13 4.47213595499958 12.165525060596439 1.1082993016285407 
24 55 9 4 2 13 7.0710678118654755 11.045361017187261 1.1085866019419386 
23 53 9 4 2 13 3.1622776601683795 10.0 1.112555574972956 
22 52 9 4 2 13 2.0 10.0 1.11474055377245 
21 51 9 4 1 13 1.4142135623730951 9.055385138137417 1 
