140 139 0 0 14 19 16.0 16.0 0.1949346747608642 
138 135 0 0 17 22 13.038404810405298 14.142135623730951 0.2268725841133135 
134 134 0 0 16 21 14.142135623730951 16.0 0.24190952820404293 
132 133 0 0 16 22 14.142135623730951 16.0 0.2634586873920837 
130 132 0 0 16 24 14.142135623730951 16.0 0.25244677109356656 
128 131 0 0 16 21 14.142135623730951 16.0 0.2533893460205897 
126 130 0 0 14 18 14.142135623730951 16.0 0.28536906365956144 
125 129 0 0 14 23 14.0 16.0 0.29442876213752034 
123 128 0 0 15 24 14.0 16.0 0.32900235152018426 
121 127 0 0 15 28 14.0 16.0 0.3272032640318989 
120 126 0 0 14 27 14.0 16.0 0.32404603249436825 
119 125 0 0 14 26 13.038404810405298 16.0 0.3135690856803924 
117 124 0 0 15 24 13.038404810405298 16.0 0.3152767162437744 
115 123 0 0 16 24 12.165525060596439 15.033296378372908 0.32612071068090653 
113 122 0 0 16 25 13.038404810405298 15.033296378372908 0.3275982550924712 
111 121 0 0 15 23 13.038404810405298 15.033296378372908 0.33014573847311834 
109 120 0 0 16 23 13.038404810405298 15.033296378372908 0.3658520487111506 
107 119 0 0 16 28 13.038404810405298 14.0 0.3086568072152926 
105 115 0 0 16 23 13.038404810405298 14.0 0.30959938214231597 
103 114 0 0 14 20 13.038404810405298 14.0 0.3320648590841037 
102 113 0 0 14 23 12.165525060596439 14.0 0.5802509388882139 
92 112 1 0 20 34 12.165525060596439 14.142135623730951 0.8232078222252837 
84 110 2 0 14 38 12.165525060596439 14.142135623730951 0.83810200081911 
83 109 2 0 13 39 11.40175425099138 14.142135623730951 0.8173012375234312 
82 108 2 0 13 36 11.40175425099138 14.142135623730951 0.7563572446748 
81 107 2 0 11 25 11.40175425099138 14.142135623730951 0.7357875406321849 
80 106 2 0 10 22 11.40175425099138 13.038404810405298 0.7345234226284406 
79 105 2 0 10 22 11.40175425099138 13.038404810405298 0.7327243351401552 
78 104 2 0 9 21 11.40175425099138 13.038404810405298 0.7184357869417878 
77 103 2 0 9 19 11.40175425099138 13.038404810405298 0.9001165739512897 
71 102 3 0 11 22 11.40175425099138 13.341664064126334 0.9269267599507164 
70 101 3 0 10 26 10.770329614269007 12.0 0.9146096769460664 
69 99 3 0 10 26 10.770329614269007 12.0 0.9193791356696565 
63 98 3 0 15 24 10.770329614269007 12.0 1.0329716949298082 
62 96 4 0 17 26 10.770329614269007 12.0 1.201310692610048 
58 94 5 0 11 24 10.198039027185569 12.165525060596439 1.2914775765712303 
54 93 5 0 8 30 9.055385138137417 12.083045973594572 1.2851377391793504 
53 91 5 0 7 30 9.055385138137417 12.083045973594572 1.3072218678519325 
51 90 5 0 8 33 9.055385138137417 12.083045973594572 1.2714191190733128 
50 89 5 0 7 26 8.0 12.083045973594572 1.2456739653925413 
50 85 5 0 5 27 8.0 12.083045973594572 1.2078429914831859 
49 83 5 0 6 24 8.0 12.083045973594572 1.224525892729928 
45 82 5 0 9 25 8.0 12.083045973594572 1.229960410543407 
44 81 6 1 10 27 8.0 12.083045973594572 1.3005422534072948 
38 80 6 1 9 31 9.899494936611665 12.083045973594572 1.351350683628141 
37 76 7 1 8 24 9.899494936611665 12.083045973594572 1.3311702926315758 
36 74 7 1 6 20 8.602325267042627 12.083045973594572 1.327245495212877 
34 73 7 1 5 18 8.602325267042627 11.045361017187261 1.3391764450211356 
33 72 7 1 5 19 7.211102550927978 11.045361017187261 1.3308651424355387 
32 71 7 1 4 17 7.211102550927978 11.045361017187261 1.2058492680806212 
31 69 7 2 3 18 7.211102550927978 11.045361017187261 1.2038795429749558 
30 68 7 2 2 18 8.602325267042627 11.045361017187261 1.1966381793584415 
29 67 7 2 3 18 8.602325267042627 11.045361017187261 1.2080341596821589 
28 66 7 2 2 18 7.211102550927978 11.045361017187261 1.1723041168845239 
27 64 7 2 3 16 7.211102550927978 10.198039027185569 1.1966713418520647 
26 63 7 2 2 18 5.830951894845301 10.198039027185569 1.1922395491418727 
25 62 7 2 3 19 5.830951894845301 9.486832980505138 1.3152801649493064 
24 61 8 2 2 18 5.830951894845301 9.486832980505138 1.3167026395834844 
23 60 8 2 2 17 4.47213595499958 10.0 1.3091870719639218 
22 59 8 2 1 15 3.1622776601683795 8.94427190999916 1.4387399028686674 
21 58 9 2 0 15 3.1622776601683795 8.94427190999916 1.445102557277375 
21 56 9 2 1 19 1.4142135623730951 8.94427190999916 1 
