140 139 0 0 14 18 16.0 16.0 0.266865169371198 
138 137 0 0 17 21 13.341664064126334 14.142135623730951 0.30480948691975296 
134 136 0 0 16 20 13.038404810405298 16.0 0.30826154114064264 
132 135 0 0 16 20 14.0 16.0 0.31628045435340035 
130 134 0 0 16 20 14.0 16.0 0.35047713325452357 
128 133 0 0 16 24 14.0 16.0 0.36550742274593806 
126 131 0 0 14 25 14.0 16.0 0.36971636960606746 
125 130 0 0 14 26 14.142135623730951 16.0 0.3277698689550966 
123 128 0 0 15 21 14.142135623730951 16.0 0.3226998993236713 
121 127 0 0 15 19 14.142135623730951 16.0 0.3276178614183441 
120 126 0 0 14 19 14.0 16.0 0.33052426390826145 
119 125 0 0 14 19 13.038404810405298 16.0 0.34572867942858954 
117 124 0 0 15 21 13.038404810405298 16.0 0.3519897390139473 
115 123 0 0 16 21 12.165525060596439 16.0 0.36655309364879607 
113 122 0 0 16 22 12.165525060596439 16.0 0.38321963697378336 
111 121 0 0 17 25 12.165525060596439 15.033296378372908 0.38709302327732886 
109 120 0 0 17 25 13.038404810405298 15.033296378372908 0.40266391484627795 
105 119 0 0 19 25 13.038404810405298 15.033296378372908 0.4228560651808809 
101 118 0 0 18 23 13.038404810405298 15.033296378372908 0.4350205053028505 
99 117 0 0 18 23 12.165525060596439 15.033296378372908 0.6989533814795573 
89 116 1 0 20 33 12.165525060596439 15.033296378372908 0.6864233247037026 
85 115 1 0 19 26 12.165525060596439 15.033296378372908 0.7517855041074666 
81 114 1 0 17 30 12.165525060596439 15.033296378372908 0.8933176021994259 
80 113 2 0 15 31 12.165525060596439 15.033296378372908 0.8673321865307672 
78 112 2 0 13 24 12.165525060596439 15.033296378372908 0.8378335078385001 
76 110 2 0 13 20 12.165525060596439 15.033296378372908 0.8652111604806737 
72 109 2 0 13 20 12.165525060596439 15.033296378372908 0.8850368347666555 
70 108 2 0 11 20 12.165525060596439 15.033296378372908 0.8983756906011792 
68 107 2 0 11 20 11.045361017187261 15.033296378372908 1.0776881067526503 
66 106 3 0 12 28 11.045361017187261 15.033296378372908 1.2177338743715727 
64 105 4 0 13 30 11.045361017187261 15.033296378372908 1.3925845523982099 
56 104 5 0 14 27 9.055385138137417 15.033296378372908 1.600800803118983 
50 103 6 0 7 27 9.055385138137417 14.142135623730951 1.5711887683909795 
48 101 6 0 6 22 8.94427190999916 14.142135623730951 1.5740128982405535 
47 100 6 0 6 22 8.0 14.142135623730951 1.5683018677236487 
45 99 6 0 5 19 8.0 14.142135623730951 1.5597133191340398 
44 97 6 0 5 19 7.0710678118654755 14.142135623730951 1.7701912357881513 
40 96 7 0 4 27 7.0710678118654755 14.142135623730951 1.7474397857868467 
39 95 7 0 4 23 6.0 14.142135623730951 1.7089027982653506 
38 93 7 0 5 20 6.0 14.142135623730951 1.7458679294104695 
37 92 7 0 4 25 6.0 14.142135623730951 1.616765646468284 
36 91 7 1 4 24 5.0990195135927845 14.142135623730951 1.5892410373823913 
34 90 7 1 4 20 7.0710678118654755 14.142135623730951 1.6196617271054186 
33 89 7 1 3 24 7.0710678118654755 14.142135623730951 1.6173602097179889 
32 88 7 1 2 23 7.0710678118654755 14.142135623730951 1.5887940996435117 
31 87 7 1 2 20 8.602325267042627 14.142135623730951 1.5878375314843378 
30 86 7 1 3 20 7.211102550927978 14.142135623730951 1.545713819891668 
29 82 7 1 2 19 7.211102550927978 13.038404810405298 1.6785740852030195 
27 81 8 1 2 19 7.211102550927978 13.038404810405298 1.6846711155043907 
25 80 8 1 2 19 7.615773105863909 13.038404810405298 1.6979405876719516 
24 79 8 1 2 19 4.47213595499958 13.038404810405298 1.5770071422671974 
23 78 8 2 1 19 4.47213595499958 13.038404810405298 1.6005597977906194 
22 77 8 2 0 21 3.1622776601683795 13.038404810405298 1.5981630313980395 
22 76 8 2 1 22 1.4142135623730951 13.038404810405298 1.6874646085791911 
21 75 9 2 0 19 5.656854249492381 13.038404810405298 1.6817513094651848 
21 74 9 2 0 19 4.47213595499958 13.038404810405298 1.6549758462862016 
21 73 9 2 0 17 4.0 12.165525060596439 1.6479381683158723 
21 72 9 2 0 18 4.47213595499958 12.165525060596439 1.6519295181191584 
21 71 9 2 0 20 4.0 12.165525060596439 1.6193694048414742 
21 70 9 2 0 18 4.47213595499958 11.045361017187261 1 
