140 138 0 0 14 17 16.0 16.0 0.19540355898112216 
138 136 0 0 17 19 14.142135623730951 14.142135623730951 0.26233174608307963 
134 135 0 0 16 22 13.341664064126334 16.0 0.2772501680157871 
132 134 0 0 16 23 13.341664064126334 16.0 0.26800743910074587 
130 132 0 0 16 22 13.341664064126334 16.0 0.26335726866375603 
128 131 0 0 16 20 13.341664064126334 16.0 0.29016407869108607 
126 130 0 0 14 21 13.341664064126334 16.0 0.30329974262687004 
125 129 0 0 14 23 13.038404810405298 16.0 0.29463568378774996 
123 127 0 0 15 23 13.038404810405298 16.0 0.3095541057204574 
121 126 0 0 15 24 13.038404810405298 16.0 0.3206612314950965 
120 125 0 0 14 25 13.038404810405298 16.0 0.2367681658290689 
119 119 0 0 14 21 12.165525060596439 15.033296378372908 0.23044899205561437 
117 118 0 0 15 21 14.0 15.033296378372908 0.21333654588936207 
115 116 0 0 16 19 13.038404810405298 15.033296378372908 0.24782356019176677 
113 115 0 0 16 23 13.038404810405298 15.033296378372908 0.2575192264696843 
111 114 0 0 15 23 13.038404810405298 14.142135623730951 0.22928657526086696 
109 112 0 0 16 20 13.038404810405298 14.142135623730951 0.2305805988711884 
107 111 0 0 15 18 13.038404810405298 14.142135623730951 0.22786073407937943 
105 109 0 0 15 18 13.038404810405298 14.142135623730951 0.24756600990755592 
103 108 0 0 12 17 13.038404810405298 14.142135623730951 0.2574808083270908 
102 107 0 0 13 19 12.165525060596439 14.142135623730951 0.2723992302597981 
100 106 0 0 13 20 12.165525060596439 14.142135623730951 0.2712577850388125 
98 105 0 0 15 21 12.165525060596439 13.341664064126334 0.27067081813624705 
97 103 0 0 13 21 12.165525060596439 13.341664064126334 0.2731221818984106 
95 102 0 0 14 21 12.165525060596439 13.341664064126334 0.3005076620016617 
93 101 0 0 13 23 12.165525060596439 13.341664064126334 0.3187163219754548 
92 100 0 0 13 26 12.165525060596439 13.341664064126334 0.3146448216143859 
90 99 0 0 14 25 12.165525060596439 13.341664064126334 0.2820222041715794 
89 97 0 0 13 21 12.165525060596439 13.341664064126334 0.236932528558229 
88 95 0 0 13 16 12.165525060596439 13.341664064126334 0.23557259616232462 
87 94 0 0 13 16 12.165525060596439 13.341664064126334 0.24454682404772066 
85 93 0 0 14 17 12.165525060596439 13.341664064126334 0.37125077184272043 
83 92 1 0 14 16 12.165525060596439 13.341664064126334 0.5115791179601066 
81 91 2 0 15 18 12.165525060596439 13.341664064126334 0.5090618454123599 
80 90 2 0 13 16 12.165525060596439 13.341664064126334 0.5245589374209884 
78 89 2 0 14 18 12.165525060596439 13.341664064126334 0.5329544952304632 
76 88 2 0 14 18 12.165525060596439 13.341664064126334 0.556889993091127 
74 87 2 0 12 18 11.40175425099138 13.341664064126334 0.5688366428556692 
68 85 2 0 15 17 11.40175425099138 13.341664064126334 0.7297091390801532 
67 84 3 0 12 20 11.40175425099138 13.341664064126334 0.7241614488542945 
66 83 3 0 11 19 11.40175425099138 12.649110640673518 0.7222228463824691 
65 82 3 0 10 18 11.40175425099138 12.649110640673518 0.7233030551019746 
64 81 3 0 9 17 10.770329614269007 12.649110640673518 0.7518458753570679 
62 80 3 0 10 21 10.770329614269007 12.649110640673518 0.7466170348441568 
60 79 3 0 9 18 10.770329614269007 12.649110640673518 0.7508147688037929 
59 78 3 0 8 17 9.486832980505138 12.649110640673518 0.7344105083862289 
58 76 3 0 8 16 8.94427190999916 12.649110640673518 0.7638240704221618 
52 75 3 0 11 15 7.615773105863909 12.649110640673518 0.8938182562582474 
51 74 4 0 11 16 7.615773105863909 12.649110640673518 0.9172850823717752 
49 73 4 0 10 17 7.0710678118654755 12.649110640673518 0.9408592663169582 
48 72 4 0 8 19 7.0710678118654755 12.649110640673518 0.9264536056745889 
47 71 4 0 8 17 7.0710678118654755 12.649110640673518 1.0662032817160536 
45 70 5 0 8 18 7.0710678118654755 12.649110640673518 1.0812290614804165 
44 69 5 0 7 20 7.615773105863909 12.649110640673518 1.0872533695635827 
42 68 5 0 8 21 7.615773105863909 12.083045973594572 1.0519191841556117 
40 66 5 0 8 16 7.615773105863909 12.083045973594572 0.9560488548179747 
38 65 5 1 7 18 7.211102550927978 12.083045973594572 0.9532255239677103 
36 64 5 1 9 18 7.0710678118654755 12.083045973594572 0.9637539796664286 
35 63 5 1 7 18 7.0710678118654755 12.083045973594572 0.9718223164992528 
34 62 5 1 7 18 5.0990195135927845 12.083045973594572 0.9733769456864412 
32 61 5 1 7 18 5.0990195135927845 10.770329614269007 0.9814132374651595 
30 60 6 2 7 18 5.0990195135927845 10.770329614269007 1.1198470550750839 
28 59 7 2 5 18 5.656854249492381 10.0 1.111385588480026 
27 58 7 2 4 16 5.656854249492381 10.0 1.2603696966098876 
26 57 8 2 3 19 5.656854249492381 10.0 1.1338192440744694 
25 56 8 3 3 19 5.656854249492381 10.0 1.2567118957114012 
24 55 9 3 2 18 5.656854249492381 10.0 1.2721071651120943 
22 54 9 3 2 17 2.8284271247461903 10.0 1.2834527146207269 
21 53 9 3 1 17 1.4142135623730951 10.0 1 
