140 139 0 0 14 17 16.0 16.0 0.13722162145570155 
138 137 0 0 17 20 13.038404810405298 14.142135623730951 0.15173975786401284 
134 135 0 0 16 18 13.341664064126334 15.033296378372908 0.15257947377957132 
132 134 0 0 16 18 15.033296378372908 15.033296378372908 0.18091352954568748 
130 133 0 0 16 21 15.033296378372908 15.033296378372908 0.20924758531180365 
128 132 0 0 16 24 15.033296378372908 15.033296378372908 0.21125526198727546 
126 128 0 0 14 26 15.033296378372908 15.033296378372908 0.1398131672890268 
125 124 0 0 14 20 15.033296378372908 15.033296378372908 0.15562962549856083 
123 123 0 0 15 22 15.033296378372908 15.033296378372908 0.1732649780326232 
121 121 0 0 15 25 15.033296378372908 15.033296378372908 0.14215970885761323 
120 119 0 0 14 21 15.033296378372908 15.033296378372908 0.13994925881252301 
119 118 0 0 14 20 14.0 15.033296378372908 0.15791065679510158 
117 116 0 0 15 24 14.0 15.033296378372908 0.1591392904775422 
115 115 0 0 16 23 13.038404810405298 15.033296378372908 0.1575091785039571 
113 113 0 0 16 23 13.038404810405298 15.033296378372908 0.17909536731900794 
111 112 0 0 15 24 13.038404810405298 15.033296378372908 0.18470213283476475 
110 111 0 0 15 25 13.038404810405298 15.033296378372908 0.16873552898006922 
108 110 0 0 17 23 13.038404810405298 15.033296378372908 0.20449506621448466 
102 109 0 0 17 21 13.038404810405298 15.033296378372908 0.2257552095810194 
100 108 0 0 15 21 13.038404810405298 15.033296378372908 0.2028895704867734 
99 106 0 0 14 19 13.038404810405298 14.142135623730951 0.20125945851318852 
97 104 0 0 14 19 13.038404810405298 14.142135623730951 0.19781045221507526 
95 103 0 0 15 18 13.038404810405298 14.142135623730951 0.20386556775314593 
94 101 0 0 14 19 12.0 14.142135623730951 0.20041656145503253 
92 100 0 0 15 18 12.0 14.142135623730951 0.3391546036492413 
91 98 1 0 14 21 12.0 14.142135623730951 0.3383395476624488 
90 97 1 0 14 21 12.0 14.142135623730951 0.35036813468075456 
89 96 1 0 14 23 12.0 14.142135623730951 0.4057418674997727 
81 95 1 0 16 23 12.165525060596439 14.142135623730951 0.5033150303673656 
79 93 2 0 16 19 12.165525060596439 14.142135623730951 0.6376002279257251 
77 92 3 0 17 20 12.165525060596439 14.142135623730951 0.6521125043411945 
75 91 3 0 14 18 12.165525060596439 14.142135623730951 0.680953696536854 
71 90 3 0 17 20 11.045361017187261 14.142135623730951 0.7669338849117552 
67 89 3 0 15 27 11.045361017187261 14.142135623730951 0.7569127961969353 
63 88 3 0 14 20 11.045361017187261 14.142135623730951 0.8844501268042294 
61 87 4 0 14 19 11.045361017187261 14.142135623730951 1.0123135028600396 
59 86 5 0 15 19 11.045361017187261 14.142135623730951 1.0286162834955017 
55 82 5 0 13 20 10.0 13.341664064126334 1.0330819475759498 
53 80 5 0 12 20 10.0 13.341664064126334 0.9227940292408644 
51 79 5 1 10 19 10.0 13.341664064126334 0.9590072268547016 
49 78 5 1 8 20 8.246211251235321 13.341664064126334 0.9680758181131703 
47 77 5 1 8 20 8.246211251235321 13.341664064126334 0.9990438241906073 
46 76 5 1 7 24 8.246211251235321 13.341664064126334 1.014710021485984 
42 75 5 1 6 21 8.246211251235321 13.341664064126334 1.0911861213457985 
41 73 6 1 11 20 8.246211251235321 13.341664064126334 1.129829166422452 
37 72 6 1 7 18 8.602325267042627 13.341664064126334 1.165330183395286 
33 71 6 1 6 18 8.48528137423857 13.341664064126334 1.2020679200782396 
32 70 6 1 3 21 8.48528137423857 13.341664064126334 1.0637405426969377 
31 69 6 2 3 18 7.0710678118654755 13.341664064126334 1.0698048700223541 
30 68 6 2 3 18 5.656854249492381 13.341664064126334 1.0686765281532358 
29 67 6 2 3 18 4.47213595499958 12.165525060596439 1.0625560208912006 
28 66 6 2 3 17 4.242640687119285 12.165525060596439 1.061414919455892 
27 65 6 2 2 16 4.242640687119285 12.165525060596439 1.1980080218770561 
26 64 7 2 1 17 4.242640687119285 12.165525060596439 1.1864689237982189 
26 63 7 2 2 17 3.1622776601683795 12.165525060596439 1.1797337675847055 
24 62 8 3 1 17 7.615773105863909 12.165525060596439 1.1912955631008886 
23 61 8 3 0 17 6.324555320336759 12.165525060596439 1.1896078771636547 
23 60 8 3 0 17 4.47213595499958 12.165525060596439 1.1872309729196329 
23 59 8 3 1 18 2.8284271247461903 12.165525060596439 1.1639658390498304 
22 57 8 3 1 16 1.4142135623730951 11.045361017187261 1.273041408222159 
21 56 9 3 0 17 7.0710678118654755 11.045361017187261 1.274935031319224 
21 55 9 3 0 16 3.1622776601683795 11.045361017187261 1.236679769710604 
21 53 9 3 1 13 1.4142135623730951 11.045361017187261 1 
