140 138 0 0 14 17 16.0 16.0 0.2817503722547943 
138 136 0 0 17 19 14.142135623730951 14.142135623730951 0.35423493944567597 
134 135 0 0 16 23 13.341664064126334 16.0 0.368431592802701 
132 134 0 0 16 24 13.341664064126334 16.0 0.39196689643757654 
130 133 0 0 16 27 14.142135623730951 16.0 0.3865003396107019 
128 132 0 0 16 25 14.142135623730951 16.0 0.35289924826892616 
126 128 0 0 14 23 14.142135623730951 15.033296378372908 0.3532985511979264 
125 127 0 0 14 24 15.033296378372908 15.033296378372908 0.3682231784643434 
123 126 0 0 15 26 15.033296378372908 15.033296378372908 0.3608550577815298 
121 122 0 0 15 29 15.033296378372908 15.033296378372908 0.30728499807098153 
120 120 0 0 14 22 15.033296378372908 15.033296378372908 0.30363953215674944 
119 119 0 0 14 21 14.0 15.033296378372908 0.30045189575216524 
117 117 0 0 15 22 14.0 15.033296378372908 0.3264599622320371 
115 116 0 0 16 25 13.038404810405298 15.033296378372908 0.309435545128794 
113 114 0 0 16 23 13.038404810405298 15.033296378372908 0.30979541778716035 
111 113 0 0 15 21 13.038404810405298 15.033296378372908 0.30505683486967816 
109 112 0 0 16 20 13.038404810405298 15.033296378372908 0.3126990848320702 
107 111 0 0 16 20 13.038404810405298 15.033296378372908 0.32142965325965694 
105 110 0 0 16 21 13.038404810405298 14.0 0.37349677916569696 
103 109 0 0 14 26 13.038404810405298 14.0 0.32131337624540607 
102 105 0 0 14 23 12.165525060596439 14.0 0.32895562620779806 
100 104 0 0 14 23 12.165525060596439 14.0 0.3303083467398096 
96 103 0 0 15 20 12.165525060596439 14.0 0.48880566146327753 
90 102 1 0 16 19 12.165525060596439 14.0 0.5159464611766109 
89 101 1 0 13 21 11.40175425099138 13.038404810405298 0.5067062787155971 
88 100 1 0 12 19 11.40175425099138 13.038404810405298 0.5281853093766478 
86 99 1 0 13 22 11.40175425099138 13.038404810405298 0.5351945841237612 
84 97 1 0 10 21 11.40175425099138 13.038404810405298 0.6163912192459032 
82 96 1 0 12 34 11.40175425099138 13.038404810405298 0.6162879919591304 
78 95 1 0 11 29 11.40175425099138 13.038404810405298 0.8072924496915119 
74 94 2 0 11 35 11.40175425099138 13.038404810405298 0.8972297685985223 
72 92 3 0 12 32 11.40175425099138 12.0 0.8837528605582301 
70 91 3 0 10 27 11.40175425099138 12.0 0.8256280961170099 
68 87 3 0 10 22 11.045361017187261 12.0 0.9871044145818584 
67 86 4 0 9 27 11.045361017187261 12.0 0.9899130829326545 
63 85 4 0 12 26 11.045361017187261 12.0 1.0071142546393053 
59 84 4 0 10 22 10.0 12.0 0.9978740721782915 
58 83 4 0 9 20 10.0 12.0 0.9865285461668081 
57 82 4 0 8 17 9.055385138137417 12.0 0.9941707961291999 
55 81 4 0 8 17 9.055385138137417 12.0 1.0177026306413526 
54 80 4 0 7 20 9.055385138137417 12.0 1.0195184511185034 
52 79 4 0 8 20 9.055385138137417 12.0 0.9985927317203483 
51 77 4 0 9 19 8.0 12.0 0.9981393386232478 
50 76 4 0 9 20 8.0 11.045361017187261 1.0035589094643984 
49 74 4 0 8 22 8.0 11.045361017187261 0.995046700912777 
48 73 4 0 8 21 8.0 11.045361017187261 1.1179245729192182 
47 72 5 0 8 21 8.0 11.045361017187261 1.1094123643675968 
46 71 5 0 8 20 8.0 11.045361017187261 1.1373193945949969 
45 70 5 0 7 23 7.0710678118654755 11.045361017187261 0.9614080044605158 
43 68 5 1 6 17 9.899494936611665 11.045361017187261 0.9733934084718951 
42 67 5 1 7 19 8.48528137423857 11.045361017187261 0.9641532260108816 
41 66 5 1 6 17 8.48528137423857 11.045361017187261 0.9621954208538934 
40 65 5 1 6 17 8.48528137423857 11.045361017187261 1.0785188894657014 
39 64 6 1 6 16 8.48528137423857 11.045361017187261 1.0700066809140798 
38 63 6 1 6 15 8.48528137423857 11.045361017187261 0.9400939727873356 
36 62 6 2 7 14 8.48528137423857 11.045361017187261 0.9717699146000842 
34 61 6 2 4 15 8.48528137423857 11.045361017187261 0.9706465118221971 
33 60 6 2 5 15 7.0710678118654755 11.045361017187261 1.0138415565182493 
32 59 6 2 4 21 7.0710678118654755 11.045361017187261 1.0008277484230963 
32 58 6 2 2 19 7.0710678118654755 11.045361017187261 1.0010484851922787 
31 57 6 2 2 19 5.656854249492381 10.198039027185569 0.9938344817567482 
30 56 6 2 1 19 7.211102550927978 9.486832980505138 0.9555058149358092 
30 54 6 2 1 16 5.656854249492381 8.94427190999916 0.9527820289777815 
29 53 6 2 1 17 7.211102550927978 8.94427190999916 0.9514055144743444 
28 51 6 2 1 18 7.211102550927978 10.0 1.0490850527764033 
27 49 7 2 1 16 7.211102550927978 9.899494936611665 0.8668343524150018 
26 45 7 3 0 11 5.830951894845301 9.899494936611665 0.8569308803915285 
26 44 7 3 1 11 4.242640687119285 9.899494936611665 0.8616339070988824 
25 43 7 3 1 11 2.8284271247461903 9.899494936611665 0.8453799624731982 
24 42 7 3 1 10 4.47213595499958 9.899494936611665 0.9719139214915293 
23 41 8 3 0 11 6.324555320336759 9.899494936611665 0.976166877116526 
23 40 8 3 0 12 4.47213595499958 10.0 0.9665243234289791 
23 39 8 3 1 12 2.8284271247461903 10.0 0.9777817535309664 
22 38 8 3 1 13 1.4142135623730951 10.0 1.0470707105921133 
21 37 9 3 0 8 7.0710678118654755 10.0 0.9287488115928288 
21 36 9 4 0 8 3.1622776601683795 10.0 0.781314830803715 
21 35 9 5 1 6 1.4142135623730951 10.0 1 
