140 138 0 0 14 17 16.0 16.0 0.3455441587063455 
138 137 0 0 17 22 14.142135623730951 14.142135623730951 0.4308486970261149 
134 136 0 0 16 28 13.341664064126334 16.0 0.4381868695251147 
132 135 0 0 16 28 13.341664064126334 16.0 0.4338170455932319 
130 133 0 0 16 28 13.341664064126334 16.0 0.40826394995602694 
128 132 0 0 16 23 13.341664064126334 16.0 0.4220781762946925 
126 130 0 0 14 24 13.341664064126334 16.0 0.42789868730258207 
125 129 0 0 14 25 13.038404810405298 16.0 0.46232522961613254 
123 128 0 0 15 30 13.038404810405298 16.0 0.4630851484878912 
121 127 0 0 15 29 13.038404810405298 16.0 0.4601248812163628 
120 126 0 0 14 28 13.038404810405298 16.0 0.46204783144061207 
119 125 0 0 14 28 12.165525060596439 16.0 0.4389075650739157 
115 124 0 0 18 24 12.165525060596439 16.0 0.47023268616511743 
113 123 0 0 15 25 12.165525060596439 16.0 0.4687840909719715 
111 122 0 0 16 24 11.40175425099138 16.0 0.39357212894936583 
109 118 0 0 16 18 12.0 15.033296378372908 0.3836423092907133 
107 117 0 0 17 17 13.038404810405298 15.033296378372908 0.4355643099229715 
103 116 0 0 16 20 13.038404810405298 15.033296378372908 0.4552836343708659 
101 115 0 0 15 21 13.038404810405298 15.033296378372908 0.4647045190482321 
100 114 0 0 13 21 13.038404810405298 15.033296378372908 0.427395617789643 
99 110 0 0 13 21 13.038404810405298 15.033296378372908 0.5966033292981249 
91 109 1 0 21 25 13.038404810405298 15.033296378372908 0.6655669046724854 
83 108 1 0 12 17 12.0 15.033296378372908 0.6473674179681087 
81 107 1 0 13 14 12.0 15.033296378372908 0.6927111649731261 
77 106 1 0 12 16 12.0 15.033296378372908 0.8520656749245249 
73 105 2 0 14 19 12.0 15.033296378372908 0.8850282699806477 
69 104 2 0 14 20 12.0 15.033296378372908 0.8973939854957139 
67 103 2 0 12 19 12.0 15.033296378372908 0.9178886652491957 
65 102 2 0 12 21 12.0 15.033296378372908 0.9270265986470292 
63 100 2 0 10 20 10.198039027185569 15.033296378372908 0.9073307919285512 
62 98 2 0 11 20 10.198039027185569 15.033296378372908 0.9380371480988146 
61 97 2 0 11 25 10.198039027185569 15.033296378372908 1.0703731616773435 
59 96 3 0 10 24 10.0 15.033296378372908 1.080569401660297 
58 95 3 0 9 25 10.0 15.033296378372908 1.159036150217173 
57 94 4 0 10 20 10.0 14.0 1.1770481272584652 
55 93 4 0 8 20 10.198039027185569 14.0 1.1736624087974032 
54 92 4 0 8 19 9.055385138137417 14.0 1.1780557504587026 
53 91 4 0 8 20 9.055385138137417 14.0 1.1911968212793564 
51 90 4 0 7 20 9.055385138137417 14.0 1.1874004070697333 
50 89 4 0 7 19 8.0 14.0 1.1684490276726367 
49 88 4 0 6 16 8.602325267042627 14.0 1.2021002146806 
47 87 4 0 6 20 8.602325267042627 14.0 1.1684725454020535 
46 85 4 0 6 17 8.602325267042627 14.0 1.167062988741699 
45 84 4 0 7 18 8.602325267042627 14.0 1.170358610194132 
44 83 5 1 6 18 8.602325267042627 14.0 1.168862547482622 
43 82 5 1 5 18 8.602325267042627 13.038404810405298 1.1663759194959216 
42 81 5 1 4 18 9.899494936611665 13.038404810405298 1.1810677009277488 
40 80 5 1 5 20 9.899494936611665 13.038404810405298 1.0479163214527731 
39 79 5 2 6 20 9.899494936611665 13.038404810405298 1.0568642189289739 
38 78 5 2 4 20 10.0 13.038404810405298 1.051821239479079 
36 77 5 2 5 19 10.0 13.038404810405298 1.043730577320246 
35 75 5 2 4 18 8.602325267042627 13.038404810405298 1.0452658514975923 
33 74 5 2 5 18 8.602325267042627 13.038404810405298 1.1774452282806935 
31 73 6 2 5 18 8.602325267042627 13.038404810405298 1.327808655334343 
29 72 7 2 3 19 8.602325267042627 13.038404810405298 1.3190144738003402 
28 71 7 2 3 17 7.211102550927978 13.038404810405298 1.3297194213162735 
27 70 7 2 3 17 4.47213595499958 13.038404810405298 1.3333374076719857 
26 69 7 2 2 17 4.47213595499958 13.038404810405298 1.3314571688166963 
25 68 7 2 1 16 4.242640687119285 13.038404810405298 1.3281922284345156 
24 67 7 2 1 16 4.47213595499958 13.038404810405298 1.4396280331390225 
23 66 8 2 1 15 4.47213595499958 12.165525060596439 1.4574371122680314 
22 64 8 2 0 18 3.1622776601683795 12.165525060596439 1.4415745339455113 
22 63 8 2 1 17 1.4142135623730951 12.165525060596439 1.5369109123856328 
21 62 9 2 0 15 5.656854249492381 12.165525060596439 1.5330002430523684 
21 61 9 2 0 15 4.0 12.165525060596439 1.5116117609850026 
21 60 9 2 0 14 4.47213595499958 12.0 1.3652541194679773 
21 58 9 3 0 14 4.0 12.0 1.3513242025049743 
21 57 9 3 0 14 4.47213595499958 12.0 1.3316313299108546 
21 55 9 3 0 15 4.0 11.045361017187261 1 
