140 138 0 0 14 17 16.0 16.0 0.02604811450643904 
138 137 0 0 17 17 14.0 14.142135623730951 0.09895590077663677 
134 135 0 0 16 23 14.0 16.0 0.07960400874644757 
132 133 0 0 16 20 14.0 16.0 0.10196894004111806 
130 132 0 0 16 22 14.0 16.0 0.10054816731633787 
128 131 0 0 16 21 14.0 15.033296378372908 0.1262416114094851 
126 129 0 0 14 24 15.033296378372908 15.033296378372908 0.12601491127423614 
125 128 0 0 14 24 15.033296378372908 15.033296378372908 0.12329493590034993 
123 127 0 0 15 23 15.033296378372908 15.033296378372908 0.12676137543532956 
121 126 0 0 15 22 15.033296378372908 15.033296378372908 0.1264215929557157 
120 125 0 0 14 21 15.033296378372908 15.033296378372908 0.10850103846907426 
119 123 0 0 14 19 14.0 15.033296378372908 0.11208056034841879 
117 122 0 0 15 19 14.0 15.033296378372908 0.1456269572457955 
115 121 0 0 16 23 13.038404810405298 15.033296378372908 0.14909339678077535 
113 120 0 0 16 22 13.038404810405298 15.033296378372908 0.15874625122462016 
111 119 0 0 15 21 13.038404810405298 15.033296378372908 0.2012095387105733 
107 118 0 0 16 24 13.038404810405298 15.033296378372908 0.1944571766333647 
106 117 0 0 14 21 13.038404810405298 15.033296378372908 0.34447159569923647 
105 116 1 0 15 26 13.038404810405298 15.033296378372908 0.3605370297406765 
103 115 1 0 15 27 13.038404810405298 15.033296378372908 0.29689206427589765 
102 111 1 0 14 20 12.0 15.033296378372908 0.33924226941748625 
98 110 1 0 14 22 12.0 15.033296378372908 0.46133925954307065 
96 109 2 0 14 20 12.0 15.033296378372908 0.5224293400914827 
95 108 2 0 13 28 11.045361017187261 15.033296378372908 0.47799254139273706 
93 106 2 0 14 22 11.045361017187261 15.033296378372908 0.487758478180947 
91 105 2 0 14 22 11.045361017187261 15.033296378372908 0.4810055806572184 
89 103 2 0 14 21 11.045361017187261 15.033296378372908 0.4986390452573883 
87 102 2 0 12 21 11.045361017187261 14.142135623730951 0.5155433585048621 
86 101 2 0 12 24 11.40175425099138 14.142135623730951 0.5002243886245155 
84 100 2 0 13 21 11.40175425099138 14.142135623730951 0.542574593766104 
80 99 2 0 13 23 11.40175425099138 14.142135623730951 0.5485343085397203 
79 98 2 0 12 23 11.40175425099138 14.142135623730951 0.5427276492094487 
78 97 2 0 12 23 11.40175425099138 13.038404810405298 0.5362014518209693 
77 96 2 0 12 22 11.40175425099138 13.038404810405298 0.5360878340300849 
76 95 2 0 13 23 11.40175425099138 13.038404810405298 0.5170757244795096 
75 94 2 0 14 21 11.40175425099138 13.038404810405298 0.7235594541357245 
74 93 3 0 13 33 11.40175425099138 13.038404810405298 0.7358186661625713 
73 92 3 0 12 34 11.40175425099138 13.038404810405298 0.7330986907886852 
71 91 3 0 13 33 11.40175425099138 13.038404810405298 0.7124539233979706 
67 90 3 0 13 25 11.40175425099138 13.038404810405298 0.6532646374337414 
65 89 3 0 16 17 11.40175425099138 13.038404810405298 0.7580444033858093 
61 88 3 0 11 24 11.40175425099138 13.038404810405298 0.7534048216608732 
60 87 3 0 11 24 11.40175425099138 12.165525060596439 0.9178068912985169 
54 86 4 0 13 24 10.198039027185569 11.40175425099138 0.7646280038820175 
50 80 4 1 9 19 10.198039027185569 11.40175425099138 0.7831867131620946 
49 79 4 1 8 21 10.198039027185569 11.40175425099138 0.7663280963705423 
48 77 4 1 7 19 10.198039027185569 11.40175425099138 0.7787003907417537 
47 76 4 1 7 21 10.198039027185569 11.40175425099138 0.8011784043807888 
45 75 4 1 8 24 10.198039027185569 11.40175425099138 0.9358743890128338 
43 74 5 1 8 24 10.198039027185569 11.40175425099138 0.9529135227971363 
39 73 5 1 7 21 10.198039027185569 11.40175425099138 1.078117815426013 
37 72 6 1 7 20 10.198039027185569 10.770329614269007 1.231373044784655 
35 71 7 1 4 20 10.198039027185569 10.770329614269007 1.240859878453484 
34 70 7 1 3 20 9.486832980505138 10.770329614269007 1.2244254361838047 
33 69 7 1 3 17 8.94427190999916 10.770329614269007 1.2534829587017542 
31 68 7 1 3 18 6.324555320336759 10.770329614269007 1.278232609929474 
30 67 7 1 3 21 5.0990195135927845 10.770329614269007 1.3026088967876088 
28 66 7 1 2 24 7.211102550927978 10.770329614269007 1.3161622344962525 
27 65 7 1 2 23 3.1622776601683795 10.770329614269007 1.3095229547634082 
26 64 7 1 1 21 3.1622776601683795 10.770329614269007 1.2647774993329985 
25 63 7 1 2 14 2.0 10.770329614269007 1.2647765267352737 
24 62 7 1 1 15 4.47213595499958 10.770329614269007 1.2613979093618126 
23 61 8 2 0 15 6.324555320336759 10.770329614269007 1.291862852432771 
23 60 8 2 0 20 4.47213595499958 10.770329614269007 1.3107411377795408 
23 59 8 2 0 25 4.47213595499958 10.295630140987 1.2772891223087979 
23 58 8 2 1 21 2.8284271247461903 10.295630140987 1.284076000588685 
22 57 8 2 1 21 1.4142135623730951 10.295630140987 1.3840925305145508 
21 56 9 2 0 19 5.0990195135927845 10.295630140987 1.379661519478872 
21 55 9 2 1 18 1.4142135623730951 10.295630140987 1 
