140 139 0 0 14 17 16.0 16.0 0.031356856610776154 
138 138 0 0 17 17 13.341664064126334 14.142135623730951 0.07190855734716126 
134 137 0 0 16 16 13.038404810405298 16.0 0.07304155481431356 
132 135 0 0 16 17 14.0 16.0 0.08909817892789336 
130 134 0 0 16 18 14.0 16.0 0.11767936453773178 
128 133 0 0 16 21 14.0 16.0 0.1586805437713603 
126 132 0 0 14 24 14.0 16.0 0.1765843660740173 
125 131 0 0 14 27 14.142135623730951 16.0 0.16764415113131392 
123 130 0 0 15 25 14.142135623730951 16.0 0.15865165225237599 
121 129 0 0 15 22 14.142135623730951 16.0 0.17720896324593977 
120 128 0 0 14 24 14.142135623730951 16.0 0.18251227721028812 
119 127 0 0 14 24 13.038404810405298 16.0 0.18748828261540587 
117 126 0 0 15 25 13.038404810405298 15.033296378372908 0.20359719066522017 
115 125 0 0 16 27 13.038404810405298 15.033296378372908 0.20324269603604014 
113 123 0 0 16 27 13.038404810405298 15.033296378372908 0.21924703621338523 
111 122 0 0 15 27 13.038404810405298 15.033296378372908 0.18763342177979256 
109 120 0 0 16 23 13.038404810405298 15.033296378372908 0.17864092290085487 
107 119 0 0 16 20 13.038404810405298 15.033296378372908 0.18843526626630502 
105 118 0 0 16 20 13.038404810405298 15.033296378372908 0.21064960325554524 
103 117 0 0 14 20 13.038404810405298 15.033296378372908 0.20465779121315295 
102 115 0 0 14 20 12.165525060596439 15.033296378372908 0.22697669607486196 
100 114 0 0 14 22 12.165525060596439 15.033296378372908 0.23677103944031244 
98 113 0 0 14 22 12.165525060596439 15.033296378372908 0.2113151378823802 
96 111 0 0 13 17 12.165525060596439 15.033296378372908 0.23358175880785473 
94 110 0 0 12 18 12.165525060596439 15.033296378372908 0.24587678905328905 
93 109 0 0 11 19 12.165525060596439 15.033296378372908 0.2807725393474917 
91 108 0 0 12 24 12.165525060596439 15.033296378372908 0.46161542856294724 
81 107 1 0 13 19 11.40175425099138 15.033296378372908 0.47373321149379144 
79 105 1 0 12 20 11.40175425099138 15.033296378372908 0.5291880766872199 
77 104 1 0 13 29 11.40175425099138 14.142135623730951 0.4669291402730065 
75 100 1 0 13 23 11.40175425099138 13.341664064126334 0.633039614125739 
73 99 2 0 13 28 11.40175425099138 13.341664064126334 0.6239948313105664 
71 98 2 0 12 24 11.40175425099138 13.341664064126334 0.6284996449147336 
70 97 2 0 11 24 11.40175425099138 13.038404810405298 0.6366751536959616 
69 95 2 0 11 26 10.198039027185569 13.038404810405298 0.6552847486257597 
68 94 2 0 11 29 10.198039027185569 13.038404810405298 0.7213555823171249 
66 93 3 0 14 21 10.198039027185569 13.038404810405298 0.7560421968663894 
64 92 3 0 11 22 10.198039027185569 13.038404810405298 0.76560643091928 
63 91 3 0 10 22 9.486832980505138 13.038404810405298 0.7737815291760954 
62 90 3 0 9 22 9.055385138137417 13.038404810405298 0.807291409103781 
61 88 3 0 9 29 9.055385138137417 13.038404810405298 0.9231990690990092 
59 87 4 0 7 24 9.055385138137417 13.038404810405298 0.9354214199023223 
57 85 4 0 8 27 9.055385138137417 13.038404810405298 0.9014320819671011 
55 84 4 0 9 21 9.055385138137417 13.038404810405298 0.9074648314644062 
54 83 4 0 8 21 9.055385138137417 13.038404810405298 0.9149038090967333 
53 81 4 0 8 23 8.0 13.038404810405298 0.895939719537755 
52 80 4 0 8 20 8.0 13.038404810405298 0.9182586243994642 
50 79 4 0 8 22 8.0 13.038404810405298 0.7992985467107749 
49 78 4 1 7 22 8.0 13.038404810405298 0.9241260261428199 
48 77 5 1 7 22 8.0 13.038404810405298 0.9301587756401248 
47 76 5 1 6 22 8.0 13.038404810405298 0.925583626913587 
46 75 5 1 6 22 8.0 12.165525060596439 0.9066195373546087 
45 74 5 1 6 19 8.0 12.165525060596439 0.7851587727859356 
43 73 5 2 6 18 8.0 12.165525060596439 0.7912438062194749 
42 72 5 2 6 19 8.0 12.165525060596439 0.9160190017152853 
41 71 6 2 5 18 8.0 12.165525060596439 0.9095794736525659 
40 70 6 2 5 17 8.0 12.165525060596439 1.0344069530846107 
39 69 7 2 5 17 8.0 12.165525060596439 0.9263217570786116 
38 68 7 3 4 18 7.0710678118654755 12.165525060596439 0.9099106383358521 
38 67 7 3 4 17 7.0710678118654755 12.165525060596439 0.8997618003412214 
38 66 7 3 4 17 7.0710678118654755 12.165525060596439 0.9108139164215663 
38 65 7 3 4 21 7.0710678118654755 11.40175425099138 0.8748103205622406 
38 63 7 3 4 19 7.0710678118654755 10.770329614269007 0.8583992018194807 
38 62 7 3 4 18 7.0710678118654755 10.770329614269007 0.8243805301656882 
38 61 7 3 4 16 7.615773105863909 9.055385138137417 0.8079694114229282 
38 60 7 3 4 15 7.615773105863909 9.055385138137417 0.8005253006196368 
38 59 7 3 4 15 7.0710678118654755 9.055385138137417 0.7903764626250064 
38 58 7 3 4 15 7.0710678118654755 9.055385138137417 0.7739653438822462 
38 57 7 3 4 14 7.0710678118654755 9.055385138137417 0.7638165058876161 
38 56 7 3 4 14 7.0710678118654755 9.055385138137417 0.759929948641115 
38 55 7 3 4 15 7.0710678118654755 9.055385138137417 0.7598049852627594 
37 54 7 3 5 16 7.0710678118654755 9.055385138137417 0.7306920577091507 
36 52 7 3 5 13 7.0710678118654755 9.055385138137417 0.7342216086518172 
35 51 7 3 5 13 6.324555320336759 9.055385138137417 0.7424919958793469 
34 50 7 3 5 15 6.324555320336759 8.246211251235321 0.719930524612984 
33 48 7 3 4 13 6.324555320336759 7.0710678118654755 0.7041921371624883 
31 47 7 3 4 11 8.94427190999916 7.0710678118654755 0.7161456153445042 
30 46 7 3 6 11 4.0 7.0710678118654755 0.7346506424018332 
29 45 7 3 4 12 4.0 7.0710678118654755 0.5970082903412248 
28 44 7 4 5 11 4.0 7.0710678118654755 0.6030410398385296 
27 43 7 4 4 11 4.0 7.0710678118654755 0.6028756920845807 
26 42 8 5 4 11 4.0 7.0710678118654755 0.6176195042194076 
25 41 8 5 2 12 4.0 6.324555320336759 0.48408456781847353 
24 40 8 6 2 10 3.1622776601683795 6.324555320336759 0.4834163146561083 
23 39 8 6 2 9 2.0 6.324555320336759 0.47536392914943937 
23 38 8 6 1 9 2.8284271247461903 6.324555320336759 0.46521509115480897 
23 37 8 6 1 9 2.8284271247461903 6.324555320336759 0.4525792906634696 
23 36 8 6 1 9 2.8284271247461903 5.830951894845301 0.4424304526688392 
23 35 8 6 1 9 2.8284271247461903 5.830951894845301 0.41606929841715307 
23 34 8 6 1 7 2.8284271247461903 5.0990195135927845 0.39965817967439327 
23 33 8 6 1 6 2.8284271247461903 5.0990195135927845 0.38950934167976264 
23 32 8 6 1 6 2.8284271247461903 5.0990195135927845 0.25436767649913816 
23 31 8 7 1 6 2.8284271247461903 5.0990195135927845 0.2407671421160036 
23 30 8 7 1 5 2.8284271247461903 5.656854249492381 0.2306183041213732 
23 29 8 7 1 5 2.8284271247461903 5.656854249492381 0.2204694661267426 
23 28 8 7 1 5 2.8284271247461903 5.656854249492381 0.07280323944985932 
23 27 8 8 1 3 2.8284271247461903 5.656854249492381 0.06265440145522892 
23 26 8 8 1 3 2.8284271247461903 5.656854249492381 0.04538021564021621 
23 25 8 8 1 3 2.8284271247461903 4.242640687119285 0.03523137764558558 
23 24 8 8 1 3 2.8284271247461903 4.242640687119285 0.01795719183057287 
23 23 8 8 1 3 2.8284271247461903 2.8284271247461903 -0.12142740225375073 
23 22 8 9 1 1 2.8284271247461903 4.47213595499958 -0.1444380871401303 
23 21 8 9 1 0 2.8284271247461903 3.1622776601683795 -0.12344675409818111 
23 22 8 9 1 2 2.8284271247461903 2.8284271247461903 -0.1444380871401303 
23 21 8 9 1 0 2.8284271247461903 3.1622776601683795 -0.005579274732569268 
23 22 8 8 1 2 2.8284271247461903 1.4142135623730951 -0.1346800423079311 
23 21 8 9 1 0 2.8284271247461903 5.0990195135927845 -0.09364800678690954 
23 23 8 9 1 4 2.8284271247461903 4.242640687119285 -0.11718447335005168 
23 22 8 9 1 3 2.8284271247461903 2.8284271247461903 -1 
