140 139 0 0 14 19 16.0 16.0 0.1985133332659132 
138 137 0 0 17 22 13.038404810405298 14.142135623730951 0.22803159470792742 
134 136 0 0 16 20 13.341664064126334 16.0 0.23670730340067744 
132 135 0 0 16 20 13.341664064126334 16.0 0.23122731935933546 
130 133 0 0 16 20 14.0 16.0 0.2399030280520855 
128 132 0 0 16 20 14.0 16.0 0.20972254739601043 
126 128 0 0 14 18 14.0 15.033296378372908 0.2230653946767212 
125 127 0 0 14 21 15.033296378372908 15.033296378372908 0.22108655719985287 
123 126 0 0 15 21 15.033296378372908 14.142135623730951 0.2297622658926029 
121 125 0 0 15 21 15.033296378372908 14.142135623730951 0.22368302146982105 
120 123 0 0 14 21 15.033296378372908 14.142135623730951 0.24705373764587574 
119 122 0 0 14 24 14.0 14.142135623730951 0.27570411128431416 
117 121 0 0 15 28 14.0 14.142135623730951 0.23956070566040372 
115 119 0 0 16 23 13.038404810405298 14.142135623730951 0.22950252657729137 
113 118 0 0 16 21 13.038404810405298 13.038404810405298 0.2442029430999469 
111 117 0 0 15 21 13.038404810405298 13.038404810405298 0.2533537871566899 
109 116 0 0 16 22 13.038404810405298 13.038404810405298 0.2620294958494397 
107 115 0 0 16 22 13.038404810405298 13.038404810405298 0.29020473412388514 
105 114 0 0 16 25 13.038404810405298 13.038404810405298 0.32392954486424314 
103 113 0 0 14 27 13.038404810405298 13.038404810405298 0.33352217411150303 
102 112 0 0 14 28 12.165525060596439 13.038404810405298 0.3377365215987766 
100 110 0 0 14 29 12.165525060596439 13.038404810405298 0.3078883064921288 
98 109 0 0 15 24 12.165525060596439 13.038404810405298 0.31927010966262004 
97 108 0 0 14 25 12.165525060596439 13.038404810405298 0.31056312376125694 
96 107 0 0 14 23 11.045361017187261 13.038404810405298 0.32127731444242863 
94 105 0 0 14 25 11.045361017187261 13.038404810405298 0.36587051743357046 
88 103 0 0 14 27 11.045361017187261 12.0 0.5285725412423063 
87 102 1 0 14 33 11.045361017187261 12.0 0.5079302638072984 
86 101 1 0 14 30 11.045361017187261 12.0 0.6636492788773998 
80 99 2 0 13 28 11.045361017187261 12.165525060596439 0.6450454834308137 
79 97 2 0 13 27 11.045361017187261 12.165525060596439 0.6443778709414941 
78 96 2 0 14 28 11.045361017187261 12.165525060596439 0.6053242751852267 
77 94 2 0 12 22 11.045361017187261 12.165525060596439 0.5840143852608992 
75 92 2 0 13 20 11.045361017187261 12.165525060596439 0.6018960316252892 
74 91 2 0 12 22 11.045361017187261 12.165525060596439 0.7580982122401266 
73 90 3 0 12 27 11.045361017187261 12.165525060596439 0.7434255490201273 
69 88 3 0 13 23 11.045361017187261 12.165525060596439 0.6967838988095254 
68 87 3 0 13 16 11.045361017187261 12.165525060596439 0.7139979326845957 
66 85 3 0 13 19 11.045361017187261 12.165525060596439 0.7231487767413386 
64 84 3 0 14 20 11.045361017187261 12.165525060596439 0.7405552877417355 
63 83 3 0 12 21 11.045361017187261 12.165525060596439 0.7372080533437924 
62 82 3 0 11 20 11.40175425099138 12.165525060596439 0.7173428957764499 
61 81 3 0 12 17 10.0 12.165525060596439 0.8579766790361787 
57 80 4 0 13 16 10.0 12.165525060596439 0.8983280289386274 
53 79 4 0 13 18 10.198039027185569 12.165525060596439 0.9117483140975408 
52 77 4 0 12 21 10.198039027185569 12.165525060596439 0.9391367715505 
51 76 4 0 12 26 10.198039027185569 11.40175425099138 0.8958137346920622 
49 75 4 0 12 18 10.198039027185569 11.40175425099138 1.013967126871495 
48 74 5 0 14 19 10.198039027185569 11.40175425099138 1.0224138940225382 
46 73 5 0 13 19 10.198039027185569 10.198039027185569 1.0600648737039726 
44 72 5 0 12 22 9.486832980505138 10.198039027185569 1.0880046590724066 
42 71 5 0 10 22 8.0 10.198039027185569 1.1054111700728035 
41 70 5 0 8 23 8.0 10.198039027185569 1.115617134645033 
35 69 5 0 7 19 11.661903789690601 10.198039027185569 1.2426387126425424 
33 68 6 0 7 18 11.661903789690601 10.198039027185569 1.3948392122464448 
31 67 7 0 5 18 10.295630140987 10.198039027185569 1.400253752047778 
30 66 7 0 5 18 8.94427190999916 10.198039027185569 1.421316414355035 
29 65 7 0 5 18 5.656854249492381 11.40175425099138 1.4037252524473505 
28 64 7 0 5 17 5.656854249492381 9.486832980505138 1.5329777895586083 
27 63 8 0 3 16 5.656854249492381 9.486832980505138 1.5253351985113972 
26 62 8 0 3 15 5.656854249492381 9.486832980505138 1.4253668395721273 
25 61 8 1 3 18 4.242640687119285 9.486832980505138 1.4177242485249164 
24 60 8 1 3 17 4.242640687119285 9.486832980505138 1.5501179723597647 
23 59 9 1 2 17 4.242640687119285 10.0 1.5623373525637823 
22 58 9 1 2 18 2.8284271247461903 10.0 1.5740815974038076 
21 57 9 1 1 18 1.4142135623730951 10.0 1 
