140 139 0 0 14 17 16.0 16.0 0.2104328869422468 
138 138 0 0 17 21 13.341664064126334 14.142135623730951 0.25111853460716216 
134 137 0 0 16 20 12.649110640673518 16.0 0.2682110350671638 
132 135 0 0 16 23 12.649110640673518 16.0 0.25662389691629395 
130 134 0 0 16 21 14.142135623730951 16.0 0.2607204559998049 
128 132 0 0 16 22 14.142135623730951 16.0 0.29430968145561354 
126 131 0 0 14 24 14.142135623730951 16.0 0.28028736347206173 
125 127 0 0 14 27 14.0 16.0 0.21090078501518533 
123 123 0 0 15 21 14.0 16.0 0.20650342862105625 
121 122 0 0 15 19 14.0 16.0 0.20627677215592427 
120 121 0 0 14 19 14.0 15.033296378372908 0.20507606635355696 
119 120 0 0 14 19 14.0 15.033296378372908 0.21417527247568552 
117 119 0 0 15 20 14.0 15.033296378372908 0.20953983870652026 
115 118 0 0 16 19 13.038404810405298 14.0 0.1956437012437489 
113 116 0 0 16 18 13.038404810405298 13.038404810405298 0.20573760987573836 
111 114 0 0 15 19 13.038404810405298 13.038404810405298 0.21033479009901612 
109 112 0 0 16 21 13.038404810405298 13.038404810405298 0.22543134576962298 
107 111 0 0 16 22 13.038404810405298 13.038404810405298 0.19453197030245162 
105 107 0 0 16 21 13.038404810405298 13.038404810405298 0.22162322507001492 
103 106 0 0 14 22 13.038404810405298 13.038404810405298 0.2006300038671267 
102 104 0 0 14 20 12.165525060596439 13.038404810405298 0.2293277915587123 
98 103 0 0 15 21 12.165525060596439 13.038404810405298 0.2704162299823003 
96 102 0 0 15 26 12.165525060596439 13.038404810405298 0.3903546066260951 
94 101 1 0 14 23 12.165525060596439 13.038404810405298 0.3761579594472373 
93 100 1 0 14 21 12.165525060596439 13.038404810405298 0.3749572536448701 
92 99 1 0 14 21 12.165525060596439 13.038404810405298 0.4008505188366513 
91 98 1 0 14 26 12.165525060596439 12.0 0.4305495488077707 
87 97 1 0 17 29 12.165525060596439 12.0 0.3762690412017949 
83 95 1 0 17 18 12.165525060596439 12.0 0.6168681619655348 
82 94 2 0 17 36 12.165525060596439 12.0 0.6119701844316386 
80 93 2 0 16 33 12.165525060596439 12.0 0.7711057242143475 
74 92 3 0 15 30 12.165525060596439 12.0 0.8116935414981686 
72 91 3 0 14 34 12.165525060596439 12.0 0.7974776222833958 
70 90 3 0 13 29 11.40175425099138 12.0 0.7995782365775117 
68 89 3 0 13 28 11.40175425099138 12.0 0.7668823798437787 
67 87 3 0 11 23 11.40175425099138 12.0 0.7434917325246805 
65 86 3 0 12 19 11.40175425099138 12.0 0.6383102392030576 
64 85 3 1 12 22 11.045361017187261 12.0 0.4672470982456151 
63 81 3 2 12 20 10.770329614269007 12.0 0.48284427505598887 
61 80 3 2 13 22 10.770329614269007 12.0 0.5120426838873413 
57 79 3 2 15 24 10.770329614269007 12.0 0.663073720057783 
53 78 4 2 11 20 10.770329614269007 12.0 0.6615558247242118 
52 77 4 2 11 19 9.486832980505138 12.0 0.6636564390183278 
50 76 4 2 11 18 9.486832980505138 12.0 0.6657570533124436 
48 75 4 2 11 17 9.486832980505138 12.0 0.8116873127092199 
46 74 5 2 10 18 9.486832980505138 12.0 0.9163296701595748 
45 73 6 2 11 16 9.486832980505138 12.0 0.9134466400134036 
43 72 6 2 12 15 8.246211251235321 11.045361017187261 0.960637097490191 
39 71 6 2 11 17 8.246211251235321 11.045361017187261 0.9654337412363021 
38 70 6 2 10 17 8.246211251235321 11.045361017187261 0.9916860229598744 
36 69 6 2 8 17 7.0710678118654755 11.045361017187261 1.0211343918692088 
35 68 6 2 7 20 6.0 11.045361017187261 0.9934411821740929 
34 67 6 2 6 15 6.0 11.045361017187261 1.1215112578777784 
33 66 7 2 5 15 6.324555320336759 11.045361017187261 1.1262122182133187 
32 65 7 2 5 15 5.0990195135927845 11.045361017187261 1.2656445069218498 
30 64 8 2 4 15 5.0990195135927845 11.045361017187261 1.254143889194987 
30 63 8 2 3 14 5.0990195135927845 11.045361017187261 1.2469458338441415 
29 62 8 2 4 14 5.0990195135927845 11.045361017187261 1.2700308357305605 
28 61 8 2 3 16 4.0 11.045361017187261 1.2558341885517026 
27 60 8 2 3 14 4.0 11.045361017187261 1.2586676019800809 
26 59 8 2 3 14 3.1622776601683795 11.045361017187261 1.2509689254894683 
25 58 8 2 3 13 3.1622776601683795 11.045361017187261 1.263457626181241 
24 57 8 2 2 14 2.0 10.198039027185569 1.1325639546457293 
23 55 8 3 2 15 2.0 10.198039027185569 0.9974925929351508 
22 53 8 4 1 14 1.4142135623730951 10.198039027185569 1.0923575101342904 
21 52 9 4 0 13 7.0710678118654755 10.0 1.1001806065580353 
21 51 9 4 0 13 3.1622776601683795 10.0 1.085103232838024 
21 50 9 4 1 12 1.4142135623730951 10.0 1 
