140 138 0 0 14 17 16.0 16.0 0.2535794829206095 
138 137 0 0 17 16 14.142135623730951 14.142135623730951 0.3018106540552003 
134 135 0 0 16 18 13.341664064126334 16.0 0.33581233725306103 
132 134 0 0 16 22 13.341664064126334 16.0 0.33708783411544035 
130 133 0 0 16 21 13.341664064126334 16.0 0.34490856824491595 
128 132 0 0 16 21 13.341664064126334 16.0 0.32826809192978573 
126 130 0 0 14 18 13.341664064126334 15.033296378372908 0.3118667140581874 
125 129 0 0 14 17 15.033296378372908 15.033296378372908 0.3399922141984603 
123 128 0 0 15 21 15.033296378372908 15.033296378372908 0.32980049150807333 
121 126 0 0 15 20 15.033296378372908 15.033296378372908 0.3338534318540158 
120 125 0 0 14 20 15.033296378372908 15.033296378372908 0.3451054003218473 
119 123 0 0 14 23 14.0 15.033296378372908 0.3423386765662172 
117 122 0 0 15 23 14.0 14.142135623730951 0.33738224621357915 
115 120 0 0 16 23 13.038404810405298 14.142135623730951 0.3271905235231922 
113 118 0 0 16 22 13.038404810405298 14.142135623730951 0.3277969661760628 
111 117 0 0 15 20 13.038404810405298 14.142135623730951 0.35592246631633573 
109 116 0 0 16 24 13.038404810405298 14.142135623730951 0.3637432004458113 
107 115 0 0 16 24 13.038404810405298 14.142135623730951 0.3453829855069017 
105 114 0 0 16 20 13.038404810405298 14.142135623730951 0.37804656028574546 
103 113 0 0 14 22 13.038404810405298 14.142135623730951 0.37382304363260677 
102 112 0 0 14 21 12.165525060596439 14.142135623730951 0.38164377776208214 
100 111 0 0 14 21 12.165525060596439 14.142135623730951 0.38358832883397 
98 110 0 0 15 21 12.165525060596439 14.142135623730951 0.3876412691799124 
97 109 0 0 14 21 12.165525060596439 14.142135623730951 0.3845920085777308 
96 108 0 0 14 20 11.045361017187261 14.142135623730951 0.3881598146310449 
94 106 0 0 15 22 11.045361017187261 14.142135623730951 0.43423516003454266 
90 105 0 0 14 24 11.045361017187261 14.142135623730951 0.44375641867417703 
86 104 0 0 16 24 11.045361017187261 13.038404810405298 0.532617944945723 
82 103 0 0 13 31 11.40175425099138 13.038404810405298 0.48508918484521635 
81 102 0 0 13 23 10.0 13.038404810405298 0.4708445218088868 
80 101 0 0 14 22 10.0 13.038404810405298 0.5227960502699724 
76 100 0 0 12 24 10.0 13.038404810405298 0.6095154698329652 
75 98 1 0 14 22 10.0 13.038404810405298 0.612179015804758 
71 97 1 0 18 22 10.198039027185569 13.038404810405298 0.7638191300027867 
69 96 2 0 17 24 10.198039027185569 13.038404810405298 0.785644134458342 
65 95 2 0 16 23 10.198039027185569 12.165525060596439 0.9127265545694117 
63 93 3 0 15 23 10.198039027185569 12.165525060596439 0.9226556779729418 
62 92 3 0 13 23 10.198039027185569 12.165525060596439 1.0147035347442561 
58 88 4 0 14 20 10.198039027185569 12.165525060596439 1.0466980553135914 
56 87 4 0 11 21 10.198039027185569 12.165525060596439 1.0830270137636382 
55 86 4 0 11 26 9.055385138137417 12.165525060596439 1.0880341548814985 
54 84 4 0 9 27 9.055385138137417 12.165525060596439 1.0759004078288403 
50 83 4 0 12 25 10.0 11.40175425099138 1.2703332079394618 
46 82 5 0 7 27 10.0 11.40175425099138 1.2692707908882093 
45 81 5 0 8 27 8.602325267042627 11.40175425099138 1.2609023109094677 
44 80 5 0 8 26 8.602325267042627 11.40175425099138 1.2584100139883136 
43 79 5 0 7 25 8.602325267042627 11.40175425099138 1.2762224830779572 
42 78 5 0 7 28 8.602325267042627 11.40175425099138 1.2650765596156524 
40 77 5 0 8 26 8.602325267042627 11.40175425099138 1.2411253081815643 
38 75 5 0 7 22 8.602325267042627 11.40175425099138 1.373129710578304 
36 74 6 0 6 21 8.602325267042627 11.40175425099138 1.4868365095927718 
34 73 7 0 7 19 8.602325267042627 11.40175425099138 1.5064707431927447 
32 72 7 0 5 18 7.211102550927978 11.40175425099138 1.5236227145609051 
31 71 7 0 4 19 5.830951894845301 11.40175425099138 1.534220892173944 
30 70 7 0 3 20 5.830951894845301 11.40175425099138 1.6696717922637552 
29 69 8 0 2 21 5.830951894845301 11.40175425099138 1.6635028677704633 
28 67 8 0 3 22 4.47213595499958 11.40175425099138 1.654465333582213 
27 66 8 0 2 20 4.47213595499958 11.40175425099138 1.6340192531425652 
26 65 8 0 4 18 3.1622776601683795 11.40175425099138 1.6477161703296288 
24 64 8 0 3 18 3.1622776601683795 11.40175425099138 1.7780368504480988 
23 63 9 0 2 19 4.242640687119285 11.40175425099138 1.6930906876979175 
21 62 9 1 1 21 1.4142135623730951 11.40175425099138 1 
