140 140 0 0 14 14 14 14 0.0320928054570032 
138 138 0 0 17 17 25 25 0.11619113460028563 
134 136 0 0 16 21 30 34 0.11881001931496585 
132 135 0 0 16 20 32 34 0.08559785256871943 
130 134 0 0 16 16 32 30 0.1209413762061198 
128 133 0 0 16 18 32 32 0.1658583866737437 
126 132 0 0 14 19 30 34 0.15174961840085166 
124 131 0 0 16 18 38 34 0.19044505589913233 
123 130 0 0 14 20 34 39 0.17715811139529253 
121 129 0 0 15 18 41 37 0.17401827854413654 
119 127 0 0 16 18 48 37 0.18495669911788448 
117 126 0 0 16 18 46 36 0.20421279555113594 
115 125 0 0 16 19 46 41 0.20399963725212203 
113 123 0 0 16 19 46 41 0.22723012062691564 
111 122 0 0 14 18 44 40 0.2579136209461085 
107 121 0 0 15 18 48 40 0.2718504194198895 
106 119 0 0 14 20 46 47 0.30602857335557127 
104 118 0 0 14 22 46 50 0.30223196681721604 
103 117 0 0 14 22 45 52 0.30434266002827404 
102 115 0 0 14 23 45 50 0.2949200111583835 
100 114 0 0 14 22 45 58 0.25790978238511486 
99 112 0 0 13 20 40 62 0.2975077400705757 
98 111 0 0 14 23 42 52 0.5578801926362902 
96 110 1 0 12 21 39 50 0.849093567668645 
94 109 2 0 13 25 40 59 0.8302659942084701 
92 108 2 0 12 21 38 51 0.8489777385319976 
91 107 2 0 11 22 36 54 0.8486772410987984 
90 106 2 0 11 22 35 53 0.8544418010926029 
89 105 2 0 10 21 36 49 0.8488464869624709 
87 104 2 0 12 21 41 49 0.8645029972758757 
85 103 2 0 10 20 36 51 0.8643448350873878 
83 102 2 0 12 20 45 51 0.9092618455550115 
81 101 2 0 10 21 43 53 0.8980728639408962 
80 100 2 0 11 21 44 53 0.9103258773544398 
76 99 2 0 13 20 52 52 0.9277103040292114 
75 98 2 0 12 20 54 50 0.6666230082234229 
73 97 2 1 12 19 46 50 0.6753926373407707 
71 96 2 1 12 20 40 57 0.7051936720222718 
69 95 2 1 10 20 37 60 0.7165377192024324 
67 94 2 1 11 19 52 57 0.7037704488759239 
65 93 2 1 12 19 46 61 1.0190054401869864 
61 92 3 1 11 18 63 57 1.0845863478013307 
60 91 3 1 10 23 61 63 1.084830202477855 
58 90 3 1 11 23 62 64 1.2318351857232706 
56 89 3 1 9 32 67 73 1.4961703830438235 
55 88 4 1 8 34 56 80 1.7713119666583241 
51 87 5 1 9 35 51 85 1.7118455507696053 
47 86 5 1 8 25 45 64 1.8503175779861865 
46 82 6 1 12 24 43 71 2.138297228669978 
40 80 7 1 11 21 51 69 2.197687413693111 
38 79 7 1 6 20 49 69 1.938806312085076 
37 78 7 2 5 18 46 62 1.961985616931785 
36 77 7 2 4 19 43 60 2.0004286652140273 
35 76 7 2 4 22 47 64 1.95250568435072 
33 72 7 2 4 21 39 63 2.0835216895128763 
32 71 7 2 4 32 43 74 1.9845003644381638 
28 70 7 2 3 20 35 63 1.9615418884941074 
27 69 7 2 3 18 35 61 2.2035946235731263 
26 68 8 2 3 18 31 63 2.2184685728583955 
25 67 8 2 1 18 22 61 2.21719662400717 
24 66 8 2 1 18 22 62 2.271339262926176 
23 65 8 2 1 22 24 61 2.28448620796756 
22 63 8 2 1 24 28 65 2.5234768211430887 
21 62 9 2 0 23 21 66 2.4600993782786866 
21 60 9 2 0 20 20 65 2.427067354029402 
21 59 9 2 0 18 21 62 2.411837911200407 
21 58 9 2 0 18 20 63 2.3977738380731313 
21 57 9 2 0 18 19 63 2.38973053173814 
21 56 9 2 0 18 19 59 2.390782434396986 
21 55 9 2 0 19 19 58 2.367817070559565 
21 54 9 2 0 18 19 56 2.3893901306095233 
21 53 9 2 0 21 19 59 2.115146096404025 
21 52 9 3 0 20 19 58 1.8420674319002448 
21 51 9 4 0 19 19 56 1.8270319073549421 
21 50 9 4 0 19 19 58 1.814327122213077 
21 49 9 4 0 19 19 58 1.814213655170205 
21 48 9 4 0 20 19 58 1.7798223429355091 
21 47 9 4 0 18 19 55 1.764673351347334 
21 45 9 4 0 19 19 57 1.7314474088143572 
21 44 9 4 0 17 19 53 1.6867955178841056 
21 43 9 4 0 14 19 48 1.413716853380326 
21 42 9 5 0 13 19 46 1.391916859244623 
21 41 9 5 0 12 19 43 1.4099938101894254 
21 40 9 5 0 15 19 49 1.3618458101540178 
21 39 9 5 0 12 19 47 1.3538025038190271 
21 38 9 5 0 12 19 43 1.3182458218826127 
21 37 9 5 0 10 19 41 1.2987765671503475 
21 36 9 5 0 9 19 36 1.289567891113638 
21 35 9 5 0 9 19 33 1.280131466457017 
21 34 9 5 0 10 19 41 0.9680000109116672 
21 32 9 6 0 7 19 40 0.9552952257698016 
21 31 9 6 0 7 19 40 0.6718425155275941 
21 29 9 7 0 6 19 36 0.6591377303857285 
21 28 9 7 0 6 19 36 0.6464329452438634 
21 27 9 7 0 6 19 36 0.6313974206985606 
21 26 9 7 0 6 19 38 0.351554286604381 
21 25 9 8 0 4 19 31 0.3285889227669595 
21 24 9 8 0 3 19 29 0.317049507326813 
21 23 9 8 0 3 19 28 0.04630158222647003 
21 22 9 9 0 2 19 24 0.014241009395211796 
21 21 9 9 0 0 19 19 0.04630158222647003 
21 22 9 9 0 2 19 24 0.014241009395211796 
21 21 9 9 0 0 19 19 0.0577275306237445 
21 22 9 9 0 3 19 25 0.019840109283893247 
21 21 9 9 0 1 19 25 -1 
