140 140 0 0 14 14 14 14 4.36461699632812 
138 139 0 0 17 19 25 25 4.4111099960407145 
136 138 0 0 22 18 38 24 4.474526669367647 
132 137 0 0 22 23 44 35 4.513939820366491 
128 136 0 0 22 22 51 34 4.48817529223422 
127 134 0 0 27 22 61 37 4.5671413264283425 
121 133 0 0 25 24 66 39 4.602965773799864 
119 132 0 0 25 26 72 44 4.593599475382344 
118 131 0 0 25 25 76 44 4.552602697688553 
116 129 0 0 28 28 82 56 4.51363328625107 
115 128 0 0 30 31 83 66 4.462830953592429 
111 127 0 0 33 24 86 53 4.442909014033422 
105 125 0 0 28 22 88 54 4.415876982540871 
99 123 0 0 24 23 87 59 4.403720933477123 
99 122 0 0 25 23 88 55 4.330816368660017 
99 121 0 0 27 23 90 63 4.43624161259923 
93 120 0 0 31 30 95 67 4.388967507483335 
91 119 0 0 25 28 90 65 4.717506869102184 
83 118 1 0 19 40 81 80 4.614460539099741 
83 116 1 0 19 38 82 82 4.608775530300705 
85 115 1 0 27 39 87 75 4.494682339947039 
84 113 1 0 26 32 89 68 4.3703295619209515 
82 111 1 0 26 26 90 64 4.419822897860707 
81 103 2 0 29 38 88 78 4.762492639024951 
69 102 3 0 26 35 92 67 4.698669333806606 
63 101 4 0 14 19 68 52 4.818237735035204 
64 100 4 0 19 30 79 67 4.526239136003818 
64 94 4 0 19 30 75 76 4.39428874123166 
63 93 4 1 21 30 85 61 4.354293699295632 
59 91 5 1 12 20 64 52 4.254964584946089 
57 89 5 1 13 20 62 55 4.4135338769702726 
57 88 5 1 14 33 70 70 3.603130219091716 
57 76 5 2 15 26 71 75 3.6954956500491667 
57 75 5 2 17 27 85 75 3.615131716699295 
56 74 5 2 14 18 90 70 3.3670110803295263 
55 73 5 3 13 17 94 68 3.2946971602290374 
55 72 5 3 12 15 92 67 3.3366993151193185 
54 71 5 3 18 23 94 73 3.3396100292447315 
52 70 6 3 14 23 66 72 3.552336083564085 
46 69 7 3 11 22 58 65 3.4994877607852763 
44 68 7 3 12 21 55 61 3.5470500414267248 
43 67 7 3 11 25 58 65 3.445910217515315 
43 66 7 3 11 20 56 59 3.408348567507966 
41 65 7 3 12 20 57 62 3.3696277765839096 
40 63 7 3 12 23 58 68 3.446698858300956 
40 62 7 3 11 30 59 71 3.1909334352953618 
41 60 7 3 12 21 51 63 3.2058599201312092 
41 59 7 3 12 23 53 63 3.13096422420587 
37 58 7 3 12 19 52 61 3.210123596386962 
36 57 7 3 14 20 61 56 3.2664466625315005 
34 56 7 3 13 25 62 59 3.0931291070141267 
34 54 7 3 16 16 63 49 3.1441005129987882 
28 53 8 3 8 17 37 55 3.136698772859954 
28 52 8 3 8 19 40 61 3.1404982019205994 
29 51 8 3 10 17 46 54 2.860579418421934 
29 50 8 4 10 17 49 57 2.820200233129946 
27 49 8 4 6 16 44 54 2.787065692663443 
27 48 8 4 6 14 46 51 2.7343241381381613 
26 47 8 4 6 13 44 49 2.6959155519912192 
27 46 8 4 6 12 46 49 2.6486692315137357 
26 45 8 4 6 12 44 49 2.625908698833487 
27 44 8 4 6 11 46 46 2.5734463605337727 
26 43 8 4 6 11 44 47 2.5561810619013223 
27 42 8 4 6 11 46 46 2.2366969142895763 
26 41 8 5 6 10 44 46 2.224647633479357 
27 40 8 5 6 10 46 44 2.1648886633623103 
27 39 8 5 6 9 45 44 2.1671957303050666 
27 38 8 5 7 10 47 42 2.0866565133007864 
27 36 8 5 6 10 45 42 2.0465766770124736 
27 35 8 5 6 10 45 43 2.0206807405050955 
27 34 8 5 6 10 46 43 1.681738647431975 
27 33 8 6 6 10 43 47 1.6309475592736322 
27 32 8 6 6 9 43 47 1.5903092905341834 
27 31 8 6 6 7 43 42 1.581246344953688 
27 30 8 6 6 6 43 34 1.5463825264876059 
27 29 8 6 6 6 43 34 1.288791967963622 
27 28 8 7 6 6 45 31 1.2660894631415809 
27 27 8 7 6 4 47 26 1.202857845113629 
27 26 8 7 6 4 45 28 1.162778008825316 
27 25 8 7 6 4 45 29 1.0920426625244182 
27 24 8 7 6 4 41 29 0.8040617183016712 
27 23 8 8 6 2 42 24 0.7547347838290862 
27 22 8 8 6 1 41 22 0.4774650914763687 
27 21 8 9 6 0 42 18 0.7849410169240733 
27 23 8 8 6 3 41 29 0.4774650914763687 
27 21 8 9 6 0 42 18 0.44791235445430877 
27 21 8 9 6 1 41 25 -1 
