140 140 0 0 14 14 14 14 2.152803020819771 
138 139 0 0 17 17 25 21 2.1952850038408163 
134 138 0 0 16 16 30 22 2.263813426796607 
132 137 0 0 18 19 39 29 2.2857847241776437 
130 135 0 0 22 21 50 38 2.354421336435384 
126 134 0 0 23 23 56 41 2.4037843917590322 
124 133 0 0 22 25 59 44 2.3347305888757868 
123 131 0 0 21 22 60 48 2.41705847515864 
122 130 0 0 23 28 65 50 2.3828523135693835 
118 129 0 0 19 24 60 48 2.3589012065688544 
117 128 0 0 22 21 69 48 2.415140783206795 
117 127 0 0 21 25 73 57 2.372583342451616 
113 126 0 0 23 21 74 49 2.387988097382439 
112 125 0 0 23 21 78 48 2.539706760759722 
106 124 0 0 26 32 79 56 2.6580155397309064 
105 123 1 0 26 28 70 54 2.5987326224009872 
99 122 1 0 19 17 68 49 2.6508794374466103 
97 121 1 0 16 19 69 54 2.7214284147382606 
97 120 1 0 17 24 74 55 2.762553421405066 
95 118 1 0 20 29 79 59 2.5819004706911266 
89 110 1 0 22 22 89 60 2.814110314441759 
83 109 2 0 17 25 69 61 2.8325763167401474 
82 107 2 0 19 23 84 61 2.851704191227175 
81 106 2 0 18 28 79 69 2.987639853140226 
77 105 3 0 16 24 64 60 3.0349717896900064 
73 104 3 0 16 23 69 52 3.0207937040160044 
72 103 3 0 16 22 71 52 2.934090092197859 
71 102 3 0 19 22 65 53 2.9572937928732435 
65 100 3 0 12 21 59 53 3.017572251085672 
65 99 3 0 14 25 66 54 3.0958898184559693 
64 98 4 0 17 22 53 50 3.1252963301894208 
58 97 4 0 11 17 53 45 3.10960101036696 
56 95 4 0 9 18 51 50 3.1288848212414546 
54 94 4 0 10 17 57 46 3.07928003983687 
53 93 4 0 9 14 57 48 3.192478659207721 
57 92 4 0 19 25 78 65 3.182956487828437 
53 91 4 0 19 24 75 58 3.206086154749656 
51 90 4 0 17 23 77 53 2.9985934668336798 
49 82 4 0 17 21 77 61 3.245373731808785 
45 81 5 0 14 20 70 50 3.229309606118432 
43 80 5 0 13 17 74 54 3.226066157584438 
42 79 5 0 12 18 73 58 3.1879404219898517 
40 77 5 0 11 18 71 62 3.2935451533382847 
38 76 6 0 10 17 51 59 3.5457667441868725 
34 75 7 0 9 17 48 58 3.318653224658362 
34 73 7 1 9 19 55 61 3.3830364518736586 
33 72 7 1 9 21 62 60 3.2322457385286265 
32 66 7 1 8 19 62 62 3.2055779726254827 
31 65 7 1 8 18 61 57 3.1949367197849634 
30 64 7 1 9 17 64 53 3.202512492248349 
30 63 7 1 8 17 67 53 3.1472603383257156 
29 62 7 1 8 17 61 53 3.3065166792942784 
27 61 8 1 6 17 46 53 3.3318897247683577 
25 60 8 1 5 19 46 58 3.314083607521187 
25 59 8 1 5 19 47 59 3.2764733158923947 
25 58 8 1 6 18 46 49 3.1548157319515275 
23 57 9 2 4 16 31 49 2.832450268410309 
23 55 9 3 3 14 30 48 2.8093856549324316 
23 54 9 3 3 14 30 48 2.7740653950336522 
24 53 9 3 4 14 31 48 2.7478107228207924 
23 52 9 3 3 14 28 49 2.7247461093429144 
23 51 9 3 3 14 28 49 2.699955281479501 
23 50 9 3 4 13 31 48 2.6657095574794245 
23 49 9 3 4 12 30 42 2.410884000270323 
22 48 9 4 2 12 30 47 2.3806669619597454 
22 47 9 4 1 12 28 49 2.0824788888991836 
22 45 9 5 2 12 30 51 2.0713276987320173 
22 44 9 5 1 13 28 50 1.8201987999872147 
22 43 9 6 2 14 30 46 1.76363133973578 
22 41 9 6 1 14 28 50 1.7427904383961321 
22 40 9 6 2 14 30 51 1.6863483324321684 
23 39 9 6 4 12 33 49 1.65023623483037 
22 38 9 6 3 12 30 56 1 
