140 140 0 0 14 14 14 14 3.261793563552396 
138 139 0 0 17 19 25 25 3.3345876298437527 
136 138 0 0 22 20 38 28 3.353640573609862 
132 136 0 0 22 20 44 32 3.480084564893825 
128 135 0 0 22 25 51 38 3.3934173484255057 
127 131 0 0 27 24 61 45 3.472461608317801 
121 130 0 0 25 24 66 45 3.421557520825678 
119 128 0 0 25 19 72 41 3.4450586381844457 
118 127 0 0 25 19 76 38 3.461606357951194 
116 126 0 0 28 19 82 38 3.4489143166145584 
112 125 0 0 22 20 74 40 3.445637970351114 
111 124 0 0 33 20 86 40 3.5035050680143747 
105 123 0 0 28 20 88 48 3.5199068764137476 
99 121 0 0 24 20 87 46 3.574566709772852 
99 120 0 0 24 27 87 55 3.4787160414392675 
100 119 0 0 28 21 92 48 3.4949521835714066 
96 118 0 0 22 23 86 52 3.471436103498523 
95 117 0 0 25 23 89 54 3.451305090630479 
93 116 0 0 25 21 90 48 3.964556975530575 
85 115 1 0 30 38 98 68 3.9417306056258696 
81 114 1 0 25 46 82 83 4.062778793027577 
75 113 2 0 15 36 71 72 3.95218770204613 
75 112 2 0 21 27 79 60 3.913736085888235 
75 111 2 0 26 27 81 54 3.917503040739243 
71 110 2 0 17 28 72 56 4.156020937536059 
67 108 3 0 17 27 77 61 4.274695488097434 
66 107 4 0 16 27 65 62 4.229918556864585 
65 105 4 0 15 25 68 63 4.097095580410628 
66 103 4 0 17 19 72 63 4.238023542202074 
64 102 4 0 22 26 84 71 4.371241401476853 
58 98 5 0 14 27 71 73 4.368775526129205 
57 97 5 0 18 20 85 62 4.337565370142419 
56 96 5 0 18 19 84 56 4.410120574541951 
52 95 5 0 13 26 79 68 4.491550774581055 
51 94 5 0 12 32 81 74 4.4598565140280515 
51 93 5 0 16 33 87 91 4.439026690787295 
47 91 5 0 19 33 91 93 4.475946024100377 
41 90 6 0 11 27 63 68 4.524829222252605 
42 89 6 0 13 28 73 71 4.609277322343043 
41 88 6 0 13 28 84 70 4.657681686373111 
39 86 6 0 13 30 93 80 4.656129015137424 
38 85 6 0 13 31 94 82 4.584859050219486 
38 84 6 0 13 24 96 64 4.43224848338418 
38 83 6 0 13 21 86 58 4.4016361942293525 
37 82 7 0 11 20 58 56 4.355339320346122 
37 81 7 0 12 20 57 56 4.334239268619771 
36 80 7 0 12 20 57 56 4.341460899243144 
34 79 7 0 12 23 56 62 4.531416448315205 
33 78 7 0 17 27 78 67 4.401947287180076 
29 77 7 0 14 17 76 62 4.440276896913169 
28 76 8 0 11 18 50 55 4.463834723560914 
27 75 8 0 8 18 51 51 4.451347938223148 
26 74 8 0 7 18 51 51 4.424630527343015 
25 73 8 0 7 17 54 59 4.181278533728572 
24 72 9 1 6 17 30 58 4.182067179642389 
23 71 9 1 4 17 31 60 4.1874111967097445 
23 70 9 1 4 18 33 60 4.145065424352101 
23 69 9 1 4 18 31 58 4.121424784698565 
23 68 9 1 4 18 32 60 4.081381858146363 
23 67 9 1 4 18 31 61 4.15396504058362 
23 66 9 1 4 18 41 58 4.1280215551246435 
23 65 9 1 4 18 41 57 3.8189178663911885 
23 64 9 2 4 17 40 58 3.523913618750961 
23 63 9 3 4 16 40 57 3.517573987034762 
23 62 9 3 4 17 40 54 3.446083162374031 
23 60 9 3 4 16 40 54 3.3722330186557423 
23 58 9 3 4 15 40 55 3.3393245225283255 
23 57 9 3 4 15 38 49 3.285913451619462 
23 56 9 3 4 13 39 51 3.2709223182074747 
23 55 9 3 4 15 38 54 3.253517387940056 
23 54 9 3 4 14 41 55 3.170399387747886 
23 52 9 3 4 13 38 48 3.0928332492832356 
23 51 9 3 4 13 33 49 3.0503815591412677 
23 49 9 3 4 16 30 50 3.0283144640108515 
23 48 9 3 4 15 32 49 2.7433144028467353 
23 46 9 4 4 18 32 57 2.714225823795763 
23 45 9 4 4 17 33 55 2.6836201734737886 
23 44 9 4 4 17 32 52 2.6271204822250436 
23 43 9 4 4 14 33 49 2.295324319408932 
23 42 9 5 4 11 32 47 2.261517102242846 
23 41 9 5 4 10 33 47 2.242708047208655 
23 40 9 5 4 10 32 39 2.198734252530018 
23 39 9 5 4 8 33 37 2.1610506450353726 
23 38 9 5 4 8 32 37 2.129602746926844 
23 37 9 5 4 7 33 36 2.1068043550598623 
23 36 9 5 4 8 32 36 1.803207074430202 
23 35 9 6 4 5 33 30 1.712168869278808 
23 33 9 6 4 3 32 28 1.6979655058554997 
23 32 9 6 4 3 33 26 1.660281898360854 
23 31 9 6 4 3 32 26 1.6413598968224328 
23 30 9 6 4 3 33 26 1.5849146833715628 
23 29 9 6 4 3 30 26 1.3024363323014425 
23 28 9 7 4 3 30 26 1.268685588387472 
23 27 9 7 4 2 30 22 1.2302162063583877 
23 26 9 7 4 1 30 20 1.2019134018418538 
23 25 9 7 4 1 30 20 1.1712512782677635 
23 24 9 7 4 1 30 21 0.8809656687426493 
23 23 9 8 4 0 30 18 0.9279716105090509 
23 24 9 8 4 3 30 29 0.8809656687426493 
23 23 9 8 4 0 30 18 0.9170757317141766 
23 24 9 8 4 1 30 21 0.8809656687426493 
23 23 9 8 4 0 30 18 0.9170757317141766 
23 24 9 8 4 1 30 21 0.8809656687426493 
23 23 9 8 4 0 30 18 1.1790585367227575 
23 24 9 7 4 2 30 24 0.8809656687426493 
23 23 9 8 4 0 30 18 1.1712512782677635 
23 24 9 7 4 1 30 21 0.8809656687426493 
23 23 9 8 4 0 30 18 0.978237587825919 
23 25 9 8 4 4 30 26 0.9225236711116138 
23 24 9 8 4 2 30 25 0.6062945761275224 
23 22 9 9 4 1 30 21 0.570184513155995 
23 21 9 9 4 0 30 18 0.8581108036235524 
23 22 9 8 4 1 30 22 0.570184513155995 
23 21 9 9 4 0 30 18 0.8942208665950804 
23 23 9 8 4 2 30 25 0.8557514845659957 
23 22 9 8 4 1 30 23 0.570184513155995 
23 21 9 9 4 0 30 18 0.9027574263323977 
23 23 9 8 4 4 30 34 0.616461153640073 
23 22 9 9 4 2 30 23 0.570184513155995 
23 21 9 9 4 0 30 18 0.9200019610176189 
23 23 9 8 4 5 30 33 0.570184513155995 
23 21 9 9 4 0 30 18 0.8942208665950804 
23 23 9 8 4 2 30 25 0.8604701226811092 
23 22 9 8 4 1 30 21 0.570184513155995 
23 21 9 9 4 0 30 18 0.9829562259410325 
23 25 9 8 4 4 30 24 0.8942208665950804 
23 23 9 8 4 2 30 25 0.8604701226811092 
23 22 9 8 4 1 30 21 0.570184513155995 
23 21 9 9 4 0 30 18 0.8682773811361032 
23 22 9 8 4 2 30 24 0.570184513155995 
23 21 9 9 4 0 30 18 0.6235391108127433 
23 22 9 9 4 2 30 20 0.570184513155995 
23 21 9 9 4 0 30 18 0.6235391108127433 
23 22 9 9 4 2 30 20 0.570184513155995 
23 21 9 9 4 0 30 18 0.9027574263323977 
23 23 9 8 4 4 30 34 0.616461153640073 
23 22 9 9 4 2 30 23 0.570184513155995 
23 21 9 9 4 0 30 18 0.9200019610176189 
23 23 9 8 4 5 30 33 0.8682773811361032 
23 22 9 8 4 2 30 24 0.570184513155995 
23 21 9 9 4 0 30 18 0.6289870502101805 
23 22 9 9 4 3 30 24 -1 
