140 140 0 0 14 14 14 14 1.3432226129035367 
138 139 0 0 17 18 25 23 1.4054958869646201 
134 138 0 0 16 18 30 24 1.4575527836289652 
132 136 0 0 18 22 39 35 1.4401074086009102 
130 135 0 0 22 18 50 31 1.4795283373997807 
126 134 0 0 23 17 56 29 1.5300178709402885 
124 133 0 0 22 19 59 33 1.5595388344134202 
123 132 0 0 21 21 60 36 1.5951017627851087 
122 131 0 0 23 25 65 47 1.5847339576083233 
118 130 0 0 19 21 60 42 1.564110164485352 
117 128 0 0 22 20 69 45 1.5283134979645314 
117 124 0 0 21 21 73 51 1.5985077892342614 
113 122 0 0 26 29 78 61 2.0432501770850693 
103 121 1 0 22 41 67 72 2.1573213777794606 
95 120 1 0 18 46 60 80 2.0868736976237634 
96 119 1 0 19 40 66 74 2.1438769039748347 
95 118 1 0 19 45 66 74 2.2451443880716506 
89 117 2 0 18 29 63 58 2.2369769979927687 
88 116 2 0 17 27 65 56 2.164271516226887 
86 114 2 0 16 21 65 49 2.133843590254764 
85 112 2 0 16 22 65 59 2.1427680689065403 
84 111 2 0 16 21 68 52 2.462921457723636 
78 110 3 0 15 26 62 58 2.415110616561139 
78 109 3 0 16 20 70 52 2.400431563442929 
77 107 3 0 17 20 75 57 2.600787812258127 
75 106 4 0 21 22 70 59 2.6840328307429626 
73 105 4 0 19 27 70 62 2.8349910895377564 
69 104 5 0 15 19 58 52 2.8641987060150575 
65 103 5 0 12 19 54 52 2.8701177712948565 
64 102 5 0 15 20 59 51 2.8421338108961534 
62 101 5 0 15 19 56 50 2.8801271030110573 
60 100 5 0 12 19 57 51 2.916592870383638 
58 99 5 0 12 20 61 53 2.9586326427318634 
57 98 5 0 11 19 69 51 3.0446366331165335 
56 97 5 0 11 25 74 60 3.026537419083085 
55 96 5 0 12 26 72 60 2.9997941548209277 
54 95 5 0 11 24 71 58 3.1355850576541857 
53 94 6 0 10 23 54 56 3.2950503445112846 
45 93 6 0 8 24 64 56 3.351362399906399 
44 89 7 0 8 19 53 53 3.3682906736443172 
44 88 7 0 7 20 56 57 3.2514169848023977 
43 87 7 0 7 20 39 59 3.2857624003200527 
43 86 7 0 7 20 47 57 3.288695326770125 
43 85 7 0 8 19 54 56 3.0071448256523365 
43 84 7 1 8 17 55 51 3.0293312410470183 
43 83 7 1 8 17 64 60 3.0816203779666536 
42 82 7 1 8 21 64 55 2.9722506656591356 
40 81 7 1 7 19 48 53 2.9947991407366192 
38 80 7 1 7 17 55 51 3.0176754473865355 
37 79 7 1 7 18 59 55 2.972955868709689 
36 78 7 1 7 18 55 62 2.9661353832478103 
36 77 7 1 8 17 58 52 2.966908897566635 
35 76 7 1 8 17 60 54 3.1259512995713035 
33 75 8 1 5 19 37 58 3.168800021134166 
33 74 8 1 4 21 41 58 3.0945456117616126 
33 73 8 1 4 21 32 58 3.024349608675629 
31 72 8 1 4 16 29 51 3.030852356730202 
29 71 8 1 4 16 30 52 3.0459648847028125 
27 70 8 1 2 16 29 53 2.7717260808542346 
26 68 8 2 2 17 27 51 2.755411635182659 
26 67 8 2 3 15 33 50 2.9323623221724873 
25 66 9 2 2 15 20 46 2.93647237434296 
24 65 9 2 2 15 22 46 2.691267230900439 
24 64 9 3 2 15 26 46 2.7098921924442627 
24 63 9 3 2 15 32 46 2.654213657254984 
24 62 9 3 2 15 26 46 2.6236282273591516 
24 61 9 3 2 13 28 45 2.582998648205332 
24 60 9 3 2 12 26 43 2.5768557775047882 
24 59 9 3 2 12 28 43 2.545945074559877 
24 58 9 3 2 12 26 43 2.5091292421596525 
23 57 9 3 0 12 18 43 2.4869790888794987 
24 56 9 3 2 12 23 45 2.2156246728725644 
23 55 9 4 0 12 18 46 2.200147595295707 
24 54 9 4 2 12 23 44 2.1721887608698496 
23 53 9 4 0 11 18 42 2.14532453815826 
24 52 9 4 2 10 23 39 2.1270845799413105 
23 51 9 4 0 10 18 39 2.1082709645128053 
24 50 9 4 2 10 23 39 1.8385848174316948 
23 49 9 5 0 10 18 39 1.8100523257942813 
24 48 9 5 2 9 23 37 1.7837617602942473 
23 47 9 5 0 8 18 34 1.764948144865742 
24 46 9 5 2 8 23 34 1.7467081866487923 
23 45 9 5 0 8 18 34 1.718175695011379 
24 44 9 5 2 7 23 32 1.6999357367944292 
23 43 9 5 0 7 18 32 1.681122121365924 
24 42 9 5 2 7 23 32 1.6612138942231502 
23 41 9 5 0 7 18 33 1.3829034826474 
24 40 9 6 2 6 23 30 1.1001619215057334 
23 39 9 7 0 5 18 30 1.0783025055716162 
24 38 9 7 2 4 23 24 1.0600625473546665 
23 37 9 7 0 4 18 24 1.0281935178656048 
24 36 9 7 2 3 23 24 0.9985664145139228 
23 35 9 7 0 2 18 23 0.9911399442201498 
24 34 9 7 2 3 23 24 0.6956337063639628 
23 33 9 8 0 0 18 16 0.7931392809136486 
24 36 9 8 2 4 23 22 0.7155380247664782 
23 34 9 8 0 1 18 23 0.695346877758185 
24 33 9 8 2 0 23 16 1.0243865052889995 
23 35 9 7 0 5 18 31 0.9780845301595935 
24 34 9 7 2 2 23 24 0.7003477757953989 
23 33 9 8 0 1 18 21 0.42704217099712083 
24 32 9 9 2 0 23 15 0.7366440461101188 
23 34 9 8 0 3 18 26 0.7000609471896211 
24 33 9 8 2 1 23 21 0.4273289996028986 
23 32 9 9 0 0 18 15 0.507976056255681 
24 34 9 9 2 4 23 20 0.42566073067707455 
23 32 9 9 0 0 18 16 0.7914710119878245 
24 36 9 8 2 4 23 23 0.7698945159192268 
23 35 9 8 0 4 18 25 0.7283066102212569 
24 34 9 8 2 2 23 23 0.42566073067707455 
23 32 9 9 0 0 18 16 0.42704217099712083 
24 32 9 9 2 0 23 15 0.743026384467379 
23 34 9 8 0 4 18 30 0.7081115544727054 
24 33 9 8 2 2 23 24 0.42566073067707455 
23 32 9 9 0 0 18 16 0.734688948578517 
24 34 9 8 2 3 23 27 0.7020160447212229 
23 33 9 8 0 1 18 20 0.42537390207129677 
24 32 9 9 2 0 23 16 0.5082628848614588 
23 34 9 9 0 4 18 20 0.4666749791634888 
24 33 9 9 2 2 23 18 0.42566073067707455 
23 32 9 9 0 0 18 16 0.42704217099712083 
24 32 9 9 2 0 23 15 0.6953429690179267 
23 33 9 8 0 1 18 24 0.42704217099712083 
24 32 9 9 2 0 23 15 0.7083983830784831 
23 33 9 8 0 2 18 24 0.42704217099712083 
24 32 9 9 2 0 23 15 0.7366440461101188 
23 34 9 8 0 3 18 26 0.6920103399065369 
24 33 9 8 2 0 23 18 0.7366440461101188 
23 34 9 8 0 3 18 26 0.42704217099712083 
24 32 9 9 2 0 23 15 0.7319299766786828 
23 34 9 8 0 2 18 21 0.42704217099712083 
24 32 9 9 2 0 23 15 0.42566073067707455 
23 32 9 9 0 0 18 16 0.7759900256707092 
24 35 9 8 2 5 23 29 0.5082628848614588 
23 34 9 9 0 4 18 20 0.42704217099712083 
24 32 9 9 2 0 23 15 0.5082628848614588 
23 34 9 9 0 4 18 20 0.42537390207129677 
24 32 9 9 2 0 23 16 0.4669618077692666 
23 33 9 9 0 2 18 18 0.42537390207129677 
24 32 9 9 2 0 23 16 0.5082628848614588 
23 34 9 9 0 4 18 20 0.46167017238601665 
24 33 9 9 2 2 23 21 0.4273289996028986 
23 32 9 9 0 0 18 15 0.7081115544727054 
24 33 9 8 2 2 23 24 0.42566073067707455 
23 32 9 9 0 0 18 16 0.507976056255681 
24 34 9 9 2 4 23 20 0.42566073067707455 
23 32 9 9 0 0 18 16 0.7033974850412693 
24 33 9 8 2 1 23 19 0.42566073067707455 
23 32 9 9 0 0 18 16 0.507976056255681 
24 34 9 9 2 4 23 20 0.4273289996028986 
23 32 9 9 0 0 18 15 0.7729442251650971 
24 35 9 8 2 4 23 23 0.6956337063639628 
23 33 9 8 0 0 18 16 0.7931392809136486 
24 36 9 8 2 4 23 22 0.7349757771842947 
23 34 9 8 0 3 18 27 0.7017292161154451 
24 33 9 8 2 1 23 20 0.42566073067707455 
23 32 9 9 0 0 18 16 0.507976056255681 
24 34 9 9 2 4 23 20 0.42566073067707455 
23 32 9 9 0 0 18 16 0.46167017238601665 
24 33 9 9 2 2 23 21 0.42566073067707455 
23 32 9 9 0 0 18 16 0.507976056255681 
24 34 9 9 2 4 23 20 0.42566073067707455 
23 32 9 9 0 0 18 16 0.4666749791634888 
24 33 9 9 2 2 23 18 0.42566073067707455 
23 32 9 9 0 0 18 16 0.42704217099712083 
24 32 9 9 2 0 23 15 0.5082628848614588 
23 34 9 9 0 4 18 20 0.46167017238601665 
24 33 9 9 2 2 23 21 0.42566073067707455 
23 32 9 9 0 0 18 16 0.5298393809300567 
24 35 9 9 2 4 23 18 0.46195700099179443 
23 33 9 9 0 2 18 21 0.42704217099712083 
24 32 9 9 2 0 23 15 0.7917578405936023 
23 36 9 8 0 4 18 23 0.7249700723696088 
24 34 9 8 2 2 23 25 0.6953429690179267 
23 33 9 8 0 1 18 24 0.42704217099712083 
24 32 9 9 2 0 23 15 0.42566073067707455 
23 32 9 9 0 0 18 16 0.7017292161154451 
24 33 9 8 2 1 23 20 0.42566073067707455 
23 32 9 9 0 0 18 16 0.7114480923243535 
24 33 9 8 2 2 23 22 0.42566073067707455 
23 32 9 9 0 0 18 16 0.42537390207129677 
24 32 9 9 2 0 23 16 0.7934261095194264 
23 36 9 8 0 4 18 22 0.7615570800303647 
24 35 9 8 2 3 23 22 0.7235886320495625 
23 34 9 8 0 2 18 26 0.695346877758185 
24 33 9 8 2 0 23 16 1.0681131546377507 
23 37 9 7 0 5 18 27 1.034575856222865 
24 36 9 7 2 4 23 28 1.0032804839453588 
23 35 9 7 0 3 18 28 0.7000609471896211 
24 33 9 8 2 1 23 21 0.42566073067707455 
23 32 9 9 0 0 18 16 0.7283066102212569 
24 34 9 8 2 2 23 23 0.7003477757953989 
23 33 9 8 0 1 18 21 0.42537390207129677 
24 32 9 9 2 0 23 16 -1 
