140 140 0 0 14 14 14 14 0.5963225403708048 
138 139 0 0 17 19 25 25 0.6657757572998525 
134 137 0 0 16 22 30 36 0.6624145286408394 
132 135 0 0 16 22 32 38 0.7197504782682845 
130 134 0 0 18 26 40 42 0.7002337175604851 
128 132 0 0 18 25 41 44 0.7367672286321904 
126 130 0 0 18 29 41 51 0.7560744635636956 
124 129 0 0 18 30 41 53 0.6955682104376858 
122 125 0 0 16 27 39 53 0.6807093579755406 
120 124 0 0 16 25 39 51 0.6961429638660573 
118 123 0 0 16 26 39 56 0.7152591812710407 
116 122 0 0 14 25 37 51 0.7231019171532406 
114 121 0 0 16 25 43 48 1.0429625881990787 
108 120 1 0 16 25 49 52 1.040783198660367 
107 118 1 0 15 26 49 58 1.04594514636058 
106 117 1 0 14 27 45 61 1.0435675449201747 
105 115 1 0 13 27 45 57 1.0186904493895081 
103 113 1 0 16 27 53 63 1.0097447436272786 
101 112 1 0 15 25 52 63 1.023291162359178 
99 110 1 0 14 27 48 67 0.9988228341438057 
97 109 1 0 16 25 52 64 1.0361948363089797 
96 108 1 0 15 27 53 64 1.0960148364757563 
95 107 1 0 14 32 51 70 1.1056849408065186 
91 106 1 0 14 31 48 71 1.1398234179015188 
90 105 1 0 14 33 53 74 1.193730271368379 
89 104 1 0 14 38 52 78 1.0570961109776322 
87 103 1 0 13 27 44 69 1.0460778073515138 
86 102 1 0 13 25 48 64 1.0099527960080676 
85 101 1 0 12 21 49 60 1.0637557488212113 
83 99 1 0 11 26 47 68 1.1302935288899703 
79 98 1 0 13 30 50 72 1.0781259832148988 
78 96 2 1 12 28 45 73 1.0540304510887526 
76 95 2 1 12 25 45 68 1.2704626296774566 
75 94 3 1 13 25 43 77 1.3613731982352884 
71 93 3 1 13 29 46 80 1.2642545028712244 
70 91 3 1 13 21 51 71 1.2569325282984174 
69 90 3 1 12 19 52 65 1.2215164666958582 
68 88 3 1 11 18 48 67 1.2031606331943443 
67 86 3 1 11 17 50 61 1.206211326444452 
65 85 3 1 11 16 52 60 1.201750080852593 
64 84 3 1 11 15 53 53 1.2653856908080245 
62 83 3 1 11 20 55 66 1.2223024688420832 
61 81 3 1 11 19 51 65 1.2408962450176786 
61 80 3 1 12 21 57 64 1.2558670469250577 
59 79 3 1 12 22 56 67 1.2712713799741413 
58 78 3 1 12 24 54 68 1.4869487274205742 
57 77 4 1 11 21 52 65 1.4511020256974168 
56 76 4 1 11 18 53 62 1.4593854870964924 
55 75 4 1 11 18 56 60 1.4532674301102486 
54 74 4 1 11 17 59 59 1.4148824355189598 
53 72 4 1 11 15 60 56 1.4362982840892866 
51 71 4 1 13 16 67 55 1.7267014256433286 
45 70 5 1 16 16 73 55 2.011144297554964 
41 68 6 1 9 17 48 55 1.9927774177658846 
39 67 6 1 9 15 46 51 1.9903556898329522 
38 66 6 1 8 14 46 49 2.3561601749107406 
30 65 7 1 5 14 46 49 2.599450359080094 
29 64 8 1 4 14 41 48 2.343617420273515 
28 63 8 2 4 13 44 46 2.0772244282600663 
27 61 8 3 3 13 41 45 2.0653052359452184 
26 60 8 3 2 13 34 44 2.0496897145770587 
25 59 8 3 2 13 30 44 2.075738501905672 
23 58 8 3 1 14 28 45 2.0458987621398705 
22 57 8 3 2 13 27 44 2.2933480793456726 
21 56 9 3 0 13 20 44 2.277699477772551 
21 55 9 3 0 13 20 44 2.2508718811455837 
21 54 9 3 1 12 24 43 1 
