140 140 0 0 14 14 14 14 4.101866137741142 
138 138 0 0 17 17 25 25 4.1250633562525305 
136 136 0 0 22 18 38 29 4.214834880630049 
132 135 0 0 22 23 44 36 4.293554475262788 
128 134 0 0 22 27 51 44 4.091248631976015 
127 128 0 0 27 26 61 54 4.114989949657017 
121 126 0 0 25 29 66 65 4.076778341690565 
119 122 0 0 25 35 72 79 4.088917232494391 
118 121 0 0 27 35 78 79 4.063981950650191 
116 120 0 0 32 29 86 67 4.324296048712117 
106 119 1 0 23 26 76 53 4.333074459150454 
106 117 1 0 38 31 93 63 4.501570296014425 
98 116 1 0 29 40 95 78 4.3942897003975645 
99 114 1 0 25 47 80 86 4.21954751316979 
100 113 1 0 29 32 88 74 4.159368883997983 
99 112 1 0 36 28 96 72 4.468952088647216 
95 111 2 0 37 31 98 68 4.435790353282305 
89 110 2 0 32 25 97 61 4.189604162621381 
83 104 2 0 22 21 87 61 4.1392284351318205 
79 103 2 0 22 22 82 63 4.129893780873141 
78 102 2 0 21 23 82 64 4.10983532296096 
77 101 2 0 18 20 81 55 4.2359630438825215 
76 100 2 0 19 28 87 59 3.943358742312973 
75 96 2 0 20 15 88 51 3.9726907590797245 
75 95 2 0 18 21 86 57 4.01142248958745 
71 94 3 0 11 21 60 59 4.013152340675275 
70 92 3 0 13 26 64 67 4.011081410639956 
69 90 3 0 15 29 72 77 4.123328628943799 
65 88 4 0 15 31 63 85 4.335009457860732 
59 87 5 0 10 30 54 79 4.140034035143249 
59 81 5 0 14 27 66 85 4.140269356407368 
55 80 5 0 12 25 66 79 4.048669989811952 
47 78 6 1 10 20 63 72 3.7621574205626667 
48 76 6 2 13 20 71 74 3.8157619985759075 
48 75 6 2 13 20 78 69 3.792562937065413 
47 74 6 2 13 20 77 66 3.8388534962840883 
46 73 6 2 20 19 87 55 3.565316590244458 
40 72 6 3 12 19 78 54 3.6318076779394475 
39 71 6 3 13 27 82 67 3.6162413114190057 
38 70 7 3 12 26 57 66 3.7386076502959735 
37 69 7 3 12 28 70 66 3.5716036839105203 
38 67 7 3 12 19 70 56 3.553566427297372 
37 66 8 3 10 20 40 54 3.4879397865074053 
36 65 8 3 11 16 41 49 3.459556014840105 
34 63 8 3 12 15 46 48 3.42032447657548 
30 62 8 3 10 14 45 52 3.4977192517715574 
29 61 8 3 11 18 53 57 3.468276036636429 
27 60 8 3 10 15 53 50 3.4800040778495975 
26 59 8 3 9 15 55 47 3.365408195970664 
24 55 9 3 6 11 31 42 3.366238253531137 
23 54 9 3 4 11 33 43 3.334651971329756 
23 53 9 3 4 12 33 46 3.281591258344542 
23 51 9 3 4 12 33 43 3.188157302733513 
23 49 9 3 4 10 32 40 3.143719785916261 
23 48 9 3 4 9 32 39 3.1103005036136278 
23 47 9 3 4 9 32 39 3.0741889946658825 
23 46 9 3 4 10 30 39 3.0453623295699335 
23 45 9 3 4 10 30 38 3.0119430472673003 
23 44 9 3 4 10 30 38 2.973931147757983 
23 43 9 3 4 10 30 39 2.945104482662035 
23 42 9 3 4 10 30 38 2.9006669658447826 
23 41 9 3 4 9 30 37 2.6087983466178195 
23 40 9 4 4 10 30 41 2.5763056813193668 
23 39 9 4 4 8 30 34 2.53829378181005 
23 38 9 4 4 8 30 35 2.4892636477861134 
23 37 9 4 4 7 30 35 2.476047834411468 
23 36 9 4 4 8 30 34 2.177753597876569 
23 35 9 5 4 8 30 36 2.144334315573936 
23 34 9 5 4 8 30 36 1.8442070789377853 
23 33 9 6 4 7 30 35 1.5550980768162546 
23 32 9 7 4 7 30 35 1.517086177306938 
23 31 9 7 4 7 30 36 1.449685574456265 
23 30 9 7 4 6 30 40 1.40248844053358 
23 29 9 7 4 6 30 43 1.15930561047889 
23 28 9 8 4 6 30 33 1.1130350935603852 
23 27 9 8 4 4 30 29 1.0888010456711201 
23 26 9 8 4 4 30 27 1.0471231459593 
23 25 9 8 4 2 30 22 0.9674333467381626 
23 23 9 8 4 0 30 18 1.2991266316685843 
23 25 9 7 4 5 30 33 0.961914112527298 
23 23 9 8 4 2 30 26 0.9266618301234131 
23 22 9 8 4 1 30 23 0.6494976795206827 
23 21 9 9 4 0 30 17 1.0311477154792223 
23 24 9 8 4 4 30 25 0.9885431987632216 
23 23 9 8 4 4 30 27 0.6494976795206827 
23 21 9 9 4 0 30 17 0.6865829620258193 
23 22 9 9 4 2 30 23 0.6449050623139987 
23 21 9 9 4 0 30 18 0.966506729733982 
23 23 9 8 4 2 30 25 0.9358470645367811 
23 22 9 8 4 1 30 21 0.6449050623139987 
23 21 9 9 4 0 30 18 0.6865829620258193 
23 22 9 9 4 2 30 23 0.6494976795206827 
23 21 9 9 4 0 30 17 0.9885431987632216 
23 23 9 8 4 4 30 27 0.6494976795206827 
23 21 9 9 4 0 30 17 1.0691596149885396 
23 25 9 8 4 4 30 24 1.0265550982725382 
23 24 9 8 4 4 30 26 0.9266618301234131 
23 22 9 8 4 1 30 23 0.6494976795206827 
23 21 9 9 4 0 30 17 1.0311477154792223 
23 24 9 8 4 4 30 25 0.922069212916729 
23 22 9 8 4 1 30 24 0.6494976795206827 
23 21 9 9 4 0 30 17 1.104411897392424 
23 26 9 8 4 5 30 27 1.0063516293445505 
23 24 9 8 4 3 30 27 0.9729323470419178 
23 23 9 8 4 3 30 27 0.6819903448191352 
23 22 9 9 4 2 30 24 0.6494976795206827 
23 21 9 9 4 0 30 17 0.9885431987632216 
23 23 9 8 4 4 30 27 0.9266618301234131 
23 22 9 8 4 1 30 23 0.6494976795206827 
23 21 9 9 4 0 30 17 0.97569196414735 
23 23 9 8 4 2 30 23 0.6494976795206827 
23 21 9 9 4 0 30 17 0.6449050623139987 
23 21 9 9 4 0 30 18 0.6449050623139987 
23 21 9 9 4 0 30 18 1.0192028639604218 
23 24 9 8 4 5 30 31 0.9266618301234131 
23 22 9 8 4 1 30 23 0.6494976795206827 
23 21 9 9 4 0 30 17 0.6847499619245676 
23 22 9 9 4 1 30 20 0.6494976795206827 
23 21 9 9 4 0 30 17 0.6847499619245676 
23 22 9 9 4 1 30 20 0.6494976795206827 
23 21 9 9 4 0 30 17 0.9312544473300971 
23 22 9 8 4 1 30 22 0.6494976795206827 
23 21 9 9 4 0 30 17 0.971099346940666 
23 23 9 8 4 2 30 24 0.6847499619245676 
23 22 9 9 4 1 30 20 0.6494976795206827 
23 21 9 9 4 0 30 17 0.6865829620258193 
23 22 9 9 4 2 30 23 0.6494976795206827 
23 21 9 9 4 0 30 17 0.9239022130179808 
23 22 9 8 4 2 30 27 0.6403124451073147 
23 21 9 9 4 0 30 19 0.9545618782151816 
23 23 9 8 4 3 30 31 0.6403124451073147 
23 21 9 9 4 0 30 19 0.6283675935885142 
23 21 9 9 4 1 30 25 -1 
