140 140 0 0 14 14 14 14 0.3517667557541349 
138 138 0 0 17 17 25 24 0.4119614177097759 
134 136 0 0 16 19 30 30 0.42508833597185924 
132 135 0 0 16 19 32 31 0.44254473160331265 
130 134 0 0 16 20 32 35 0.49460954915761746 
128 133 0 0 16 24 32 42 0.5116122486212055 
126 132 0 0 14 23 30 42 0.5365472249227048 
124 131 0 0 16 25 38 45 0.542093770052153 
123 130 0 0 14 25 34 50 0.550677310621355 
121 129 0 0 15 25 41 53 0.5407770169160703 
119 128 0 0 16 23 48 51 0.5009934577502155 
117 127 0 0 16 19 46 47 0.5115021597481331 
115 126 0 0 16 19 46 47 0.5070662296801665 
113 124 0 0 16 19 46 47 0.5567983419774767 
111 122 0 0 14 22 44 50 0.5315080956615925 
110 121 0 0 14 20 44 48 0.5155039033985643 
108 119 0 0 15 21 43 55 0.5301603039964526 
106 118 0 0 15 21 45 55 0.5664716114013585 
105 117 0 0 14 23 46 56 0.5691707339213113 
103 116 0 0 15 23 45 52 0.601619740052383 
102 115 0 0 14 26 43 60 0.5994468443329327 
101 114 0 0 15 26 48 59 0.5929522079107223 
97 112 0 0 16 24 56 63 0.5699873742537362 
95 110 0 0 15 22 51 59 0.5549627558810418 
94 109 0 0 15 20 53 53 0.5591717497663402 
92 108 0 0 15 19 57 54 0.557952380031652 
91 107 0 0 13 19 49 58 0.5462270543421707 
90 106 0 0 12 18 45 58 0.5336737904565199 
90 105 0 0 11 17 46 57 0.6187343967617224 
89 104 0 0 12 23 56 57 0.9276667132706446 
81 103 1 0 12 21 54 55 0.9828244431448176 
80 102 1 0 11 24 60 59 1.0004711068498555 
79 101 1 0 10 26 52 60 1.0349156389921728 
75 100 1 0 12 25 69 60 1.314107649105965 
74 99 2 0 15 31 69 67 1.326919775840369 
70 98 2 0 11 26 65 65 1.3348451785663982 
69 97 2 0 10 28 56 71 1.3618174241575345 
68 96 2 0 10 30 56 69 1.3608681457271643 
66 95 2 0 10 30 49 67 1.5819257564683396 
65 94 3 0 11 29 47 65 1.6242460498848805 
61 93 3 0 10 30 41 69 1.8754143063378073 
60 92 4 0 9 30 38 70 1.8947391402499199 
59 91 4 0 9 32 38 73 1.885826871035461 
58 89 4 0 8 32 37 74 1.7852018515306554 
57 88 4 0 8 24 37 70 1.738185201405128 
55 87 4 0 8 18 36 55 1.7926177548897395 
54 86 4 0 7 23 32 63 1.7578652172328906 
53 85 4 0 7 20 33 60 1.9429336865640214 
51 81 5 0 7 19 33 71 1.9323268580956157 
49 80 5 0 9 17 38 59 1.9523683790931052 
47 79 5 0 10 17 52 64 1.9924647969032006 
46 78 5 0 9 20 50 67 1.9893049597179786 
44 77 5 0 10 19 51 61 1.7389005113936247 
43 75 5 1 10 19 61 63 1.7955556020494912 
42 74 5 1 10 24 66 74 1.9815075455872393 
41 72 6 1 10 24 43 73 1.9890824522159256 
40 70 6 1 9 24 47 70 2.0105212890964133 
39 66 6 1 9 29 50 72 1.8872327288440742 
38 64 6 1 8 19 48 61 1.9260265124022975 
37 63 6 1 8 23 47 67 2.1176652383402725 
35 62 7 1 8 18 39 58 2.102768953799295 
33 60 7 1 6 15 37 52 2.136416975625502 
32 59 7 1 4 17 31 53 1.8458050846551841 
31 57 7 2 4 15 32 52 1.8435871196212008 
30 56 7 2 4 15 32 52 1.5838626695957323 
29 55 7 3 4 13 37 46 1.581644704561749 
28 54 7 3 4 13 37 46 1.5644370381473487 
27 52 7 3 3 13 32 47 1.5660492528330883 
26 51 7 3 4 14 34 48 1.8227055051732597 
24 49 8 3 2 14 29 49 1.7950202872434802 
23 47 9 4 1 14 19 49 1.7928023222094969 
22 46 9 4 1 14 19 49 1.7947320557754842 
21 45 9 4 1 14 21 49 1 
