140 140 0 0 14 14 14 14 0.685181999517337 
138 139 0 0 17 19 25 25 0.7331375245921379 
134 137 0 0 16 20 30 32 0.7505306643096663 
132 136 0 0 18 20 39 32 0.77364251157236 
130 135 0 0 18 21 40 33 0.8169361324269726 
128 133 0 0 18 26 41 45 0.8220060693930659 
126 131 0 0 18 27 41 45 0.7472745212303923 
124 130 0 0 18 20 41 39 0.7610044128123743 
122 128 0 0 18 22 41 42 0.7728810514583424 
120 126 0 0 16 23 39 48 0.812590806887989 
118 124 0 0 16 28 39 60 0.8216851128176674 
116 122 0 0 14 28 37 59 0.8384560163510862 
114 121 0 0 16 29 43 61 0.827607088830756 
113 119 0 0 14 28 42 59 0.8291965794339831 
111 118 0 0 17 28 51 62 0.8478761739204589 
109 117 0 0 16 28 50 60 0.9216770646731887 
101 116 0 0 16 28 48 59 1.1416247554355359 
100 115 1 0 16 27 43 55 1.1307837019127605 
96 113 1 0 14 24 43 62 1.145416109144594 
94 112 1 0 15 24 46 57 1.1325765229064302 
93 111 1 0 14 23 44 57 1.0879034872725215 
92 110 1 0 14 20 44 58 1.195109823202201 
92 109 1 0 15 29 52 66 1.190286355165221 
91 108 1 0 15 29 53 69 1.0905114480100973 
90 107 1 0 14 19 53 53 1.1340169876009056 
89 106 1 0 13 23 53 64 1.1609148151041888 
87 105 1 0 13 25 51 64 1.4084706895435342 
86 104 2 0 15 26 54 63 1.3927957089320278 
84 103 2 0 13 22 54 59 1.391421134173475 
82 102 2 0 14 21 57 56 1.4479720265138136 
81 101 2 0 13 25 59 63 1.5221930386350295 
73 100 2 0 13 23 64 61 1.4581072340498729 
72 99 2 0 12 19 57 57 1.454955286303416 
71 98 2 0 12 20 54 58 1.6811453739747861 
70 96 3 0 11 20 50 58 1.7140570135846684 
69 95 3 0 11 23 51 62 1.6926610407259879 
68 93 3 0 11 23 51 63 1.7201442051102918 
68 92 3 0 11 25 55 61 1.7051144303928667 
67 90 3 0 11 26 56 69 1.7681425139447713 
67 88 3 0 12 33 63 76 1.70657661700139 
66 87 3 0 12 31 53 73 1.6933999438010643 
64 86 3 0 12 28 56 68 1.6495777291536884 
62 84 3 0 11 24 57 67 1.6257844318250032 
61 83 3 0 10 22 56 68 1.6196696367772283 
60 82 3 0 9 22 51 65 1.3693657177904595 
60 81 3 1 10 23 56 67 1.3534382674439256 
60 80 3 1 10 23 56 67 1.3269562525404783 
58 79 3 1 13 21 62 64 1.403449160270364 
56 78 3 1 11 26 59 70 1.6133143455844987 
55 77 4 1 12 26 54 74 1.542158818584698 
54 73 4 1 11 22 60 74 1.74625722365063 
53 72 5 1 12 19 59 65 1.714675174862723 
51 70 5 1 8 16 49 61 1.7226598864270972 
49 68 5 1 7 16 47 53 1.4610855515577783 
48 67 5 2 7 15 48 51 1.4838678310768727 
47 66 5 2 7 17 49 53 1.7304188399314562 
46 65 6 2 8 18 51 58 1.7066027243117141 
45 64 6 2 7 15 52 55 1.7328326790487738 
43 63 6 2 7 16 51 49 1.6918550700305681 
41 62 6 2 7 15 41 49 1.70577528011815 
40 61 6 2 7 15 46 49 1.7229866871901882 
38 60 6 2 7 15 49 50 1.704097607602798 
38 59 6 2 7 14 51 48 1.6870217336648539 
36 57 6 2 9 15 52 50 1.9405347043723595 
35 56 7 2 7 15 48 50 1.7262160566728963 
34 55 7 3 5 15 53 50 1.7517437696051912 
35 54 7 3 5 19 57 59 1.647861459080159 
35 53 7 3 5 14 47 50 1.6286784929917966 
34 52 7 3 4 13 42 47 1.6338341138265717 
34 51 7 3 4 15 41 48 1.5884038698620149 
32 50 7 3 5 12 39 45 1.6681294750426723 
31 49 7 3 4 17 43 50 1.6557858901211042 
31 48 7 3 4 17 44 50 1.3345211041397573 
31 46 7 4 4 14 43 47 1.309109348177602 
31 45 7 4 4 13 44 47 1.022640858893318 
31 43 7 5 4 13 43 47 1.0132360849215494 
31 42 7 5 4 13 44 45 0.9705272380186744 
31 41 7 5 4 11 43 43 0.9710953459041838 
31 40 7 5 4 13 44 52 0.9414546700418962 
31 39 7 5 4 12 43 50 0.6736503272383217 
31 38 7 6 4 11 46 49 0.6309414803354465 
31 37 7 6 4 9 45 47 0.6101110303080793 
30 36 7 6 4 8 46 52 0.6124615001355084 
30 35 7 6 4 8 47 42 0.546568136471743 
29 33 7 6 5 7 41 42 0.30587353990764754 
28 32 7 7 4 7 41 40 0.5245083034286051 
27 31 8 7 4 5 36 28 0.5149230148718079 
27 30 8 7 3 5 35 29 0.4911839972606376 
27 29 8 7 4 5 36 29 0.4628322122882205 
27 28 8 7 3 4 33 29 0.446260925526982 
27 27 8 7 4 4 36 29 0.17652263735837062 
27 26 8 8 5 3 40 24 0.1731673567358284 
26 25 8 8 4 3 37 24 0.14975790686825743 
25 24 8 8 5 2 38 23 0.149160922610486 
24 23 8 8 3 2 33 24 -0.11928847466825437 
24 22 8 9 3 1 35 21 0.08843821434429541 
23 21 9 9 3 0 27 18 0.37727134861166384 
22 22 9 8 1 1 21 21 0.11422639020698336 
21 21 9 9 0 0 18 18 0.4035351436208142 
21 22 9 8 1 1 25 21 1 
