140 140 0 0 14 14 14 14 2.8935064766012655 
138 139 0 0 17 17 25 21 2.8994219533181735 
134 137 0 0 16 16 30 26 2.9574471513747795 
132 136 0 0 21 16 43 26 3.0256752469888974 
128 135 0 0 22 17 51 32 3.072800418562605 
126 134 0 0 23 19 56 35 3.0847456172601455 
124 133 0 0 22 18 59 34 3.083798262359556 
123 132 0 0 21 18 60 34 3.0908218975301436 
122 131 0 0 23 18 65 34 3.0775702943020327 
121 129 0 0 25 19 71 42 3.0671062773534308 
117 128 0 0 22 17 69 40 3.084463762527797 
117 127 0 0 21 17 73 40 3.0864293875039785 
116 126 0 0 26 17 81 42 3.1391950153504617 
110 125 0 0 27 19 83 45 3.242897527931784 
106 124 0 0 24 25 83 53 3.2414622562108257 
105 123 0 0 28 23 91 47 3.203950823582751 
99 122 0 0 30 17 95 41 3.1739448982163196 
95 120 0 0 29 17 93 41 3.189143150831321 
93 118 0 0 32 20 99 49 3.413264915581483 
85 117 1 0 21 18 84 48 3.6535210018485778 
85 115 1 0 26 36 97 67 3.758408885259174 
81 113 2 0 17 28 87 65 3.8063012428195884 
83 112 2 0 31 32 106 69 3.893688714461966 
75 111 3 0 23 26 84 63 3.912434294719973 
74 110 3 0 21 26 85 58 3.8811570671732447 
70 109 3 0 15 23 78 51 4.2960121620903475 
66 108 4 0 14 30 86 60 4.280054055187013 
65 107 4 0 14 29 88 60 4.224349686728722 
64 105 4 0 14 28 89 62 4.091919521644084 
63 104 4 0 14 24 83 63 4.122671058744521 
64 103 4 0 13 25 88 64 4.098178734258661 
63 101 4 0 13 27 88 68 3.5685933401769407 
62 93 5 1 13 21 61 64 3.5908914646070156 
61 92 5 1 13 22 64 64 3.6380545745739306 
62 91 5 1 21 24 77 59 3.6238252575290852 
60 90 5 1 18 24 74 61 3.9029510958245774 
52 89 6 1 10 28 59 63 3.6542707845609748 
51 88 6 1 9 20 43 54 3.645330888833075 
52 87 6 1 11 20 48 54 3.6096028892530354 
51 86 6 1 13 18 51 52 3.5786860102452653 
49 84 6 1 11 20 49 63 3.688301451903877 
48 83 6 1 14 29 55 77 3.6857314675083424 
44 82 6 1 15 26 58 68 3.909892789951617 
36 81 7 1 7 22 48 61 4.037464672993576 
35 80 8 1 6 25 30 59 3.9862800648381413 
35 78 8 1 8 24 34 59 3.9305361111595127 
31 77 8 1 4 17 33 52 3.9293250190021816 
30 76 8 1 4 17 35 52 3.8917624897304974 
29 75 8 1 4 15 35 47 3.6613256304794803 
28 74 8 2 4 14 41 45 3.6705947546439717 
27 73 8 2 4 15 43 47 3.677745707931073 
28 71 8 2 6 22 45 63 3.678901830909723 
27 69 8 2 5 17 56 56 3.4068886760675428 
27 68 8 3 6 17 58 56 3.3986181255157293 
26 66 8 3 6 17 62 55 3.4822127015764157 
25 65 9 3 4 17 43 53 3.386964122335308 
24 63 9 3 4 16 39 53 3.31778881465887 
23 62 9 3 4 16 33 52 3.2938336712727856 
23 60 9 3 4 14 39 49 3.2880768426270564 
23 59 9 3 4 16 39 53 3.1780309155687627 
23 57 9 3 4 16 34 59 3.1451002363817486 
23 56 9 3 4 15 34 55 3.151298383245883 
23 55 9 3 4 15 38 56 3.1046947140685828 
23 54 9 3 4 15 35 53 3.158985318863244 
23 53 9 3 4 19 38 55 3.074125418352535 
23 52 9 3 4 17 34 52 2.9450351360570437 
23 48 9 3 4 14 37 54 2.874922250292339 
23 47 9 3 4 13 33 51 2.609801635336209 
23 46 9 4 4 13 35 52 2.5424661385082996 
23 45 9 4 4 11 33 49 2.5354066801138164 
23 44 9 4 4 11 35 48 2.471091827515083 
23 43 9 4 4 12 30 52 2.438161148328069 
23 42 9 4 4 11 30 48 2.415710685462877 
23 41 9 4 4 11 30 46 2.3911268233855942 
23 40 9 4 4 11 30 45 2.3417723194923954 
23 38 9 4 4 12 30 50 2.321455255839295 
23 37 9 4 4 12 30 47 2.269510763482094 
23 36 9 4 4 10 30 45 1.9496682672319683 
23 34 9 5 4 9 30 44 1.8998571740868586 
23 33 9 5 4 7 30 41 1.8898335470169478 
23 32 9 5 4 9 30 47 1.5968950917948277 
23 31 9 6 4 7 30 39 1.5575642149715403 
23 30 9 6 4 6 30 38 1.2791859947567927 
23 29 9 7 4 6 30 37 1.2334549202972322 
23 28 9 7 4 5 30 39 1.2257514721780447 
23 27 9 7 4 6 30 37 0.9244661998461934 
23 26 9 8 4 3 30 26 0.8977489385568196 
23 25 9 8 4 3 30 26 0.8648182593698049 
23 24 9 8 4 2 30 22 0.8359675988683402 
23 23 9 8 4 2 30 23 0.7945033228329619 
23 22 9 8 4 1 30 23 0.5120450839326646 
23 21 9 9 4 0 30 17 0.6138006694349752 
23 23 9 9 4 4 30 22 0.5618561770777746 
23 22 9 9 4 2 30 20 0.5099116847205736 
23 21 9 9 4 0 30 18 0.6138006694349752 
23 23 9 9 4 4 30 22 0.5099116847205736 
23 21 9 9 4 0 30 18 0.6138006694349752 
23 23 9 9 4 4 30 22 0.518258501830305 
23 21 9 9 4 1 30 21 -1 
