140 140 0 0 14 14 14 14 0.2102244396873973 
138 139 0 0 17 17 25 23 0.2611843001354832 
134 137 0 0 16 18 30 28 0.28037518784760584 
132 135 0 0 16 20 32 35 0.26932526561666764 
130 134 0 0 16 18 32 32 0.3026861915009234 
128 133 0 0 16 20 32 36 0.3669591029176098 
126 132 0 0 14 23 30 43 0.3255758007764747 
124 131 0 0 16 20 38 45 0.3533063325031059 
123 130 0 0 14 21 34 47 0.3681947125075616 
121 128 0 0 15 23 41 54 0.3668153032609267 
119 127 0 0 16 22 48 53 0.37870119176147105 
117 126 0 0 16 22 46 50 0.3829086300251668 
115 125 0 0 16 21 46 45 0.36315130734383155 
113 123 0 0 16 20 46 49 0.43296375004829846 
111 122 0 0 14 23 44 51 0.3950686933991031 
110 120 0 0 14 21 44 48 0.41468525589300964 
108 119 0 0 15 23 43 52 0.4262182773033388 
106 118 0 0 15 23 45 55 0.4149532824139626 
105 117 0 0 14 21 46 53 0.41795365910165594 
101 116 0 0 16 20 50 56 0.48354929407809943 
97 115 0 0 15 21 54 59 0.5349803091288469 
95 113 0 0 16 27 56 73 0.5668444859653665 
93 112 0 0 16 28 57 68 0.9138506029124146 
89 111 1 0 16 34 56 83 0.8557399235164037 
87 109 1 0 17 30 60 81 0.8015902252604296 
85 107 1 0 16 25 53 70 0.8171500362104915 
84 106 1 0 15 26 49 72 0.8772884517116364 
82 105 1 0 16 31 51 79 0.7650279394030663 
80 103 1 0 14 21 45 74 0.7761807951324351 
79 102 1 0 12 20 40 66 0.8242996135757332 
78 101 1 0 13 24 48 69 0.8115263474734014 
76 99 1 0 12 23 44 72 0.8398346340166125 
74 98 1 0 15 26 55 75 1.1251458972213575 
70 97 2 0 20 30 63 80 1.3782211427559128 
66 96 3 0 15 23 58 76 1.3988158541679638 
65 95 3 0 13 22 59 68 1.4433553826068444 
63 94 3 0 13 25 55 68 1.4740954051292592 
61 93 3 0 12 26 56 75 1.4827953692889122 
60 92 3 0 11 26 51 70 1.4352254584247013 
58 91 3 0 11 22 50 75 1.6655121626342986 
56 90 4 0 14 21 59 71 1.7080291556091391 
54 89 4 0 10 20 51 64 1.7071714760504981 
53 88 4 0 8 19 44 64 1.9774409175640832 
51 87 5 0 7 19 42 64 2.003489844944888 
50 86 5 0 7 21 42 63 1.9779941663738827 
49 84 5 0 7 20 43 62 2.0336100939749584 
48 83 5 0 6 24 41 66 1.9926737806566648 
44 82 5 0 6 17 45 60 2.0261725009726974 
43 81 5 0 5 19 42 59 2.075432957252919 
41 80 5 0 5 22 41 59 2.277881837166858 
40 79 6 0 6 20 34 56 2.3116698602940082 
39 78 6 0 5 22 34 59 2.553769766012232 
38 77 7 0 5 22 30 59 2.5397709984950056 
37 76 7 0 3 19 27 53 2.4902657715132 
37 75 7 0 3 16 30 54 2.5015230747555957 
36 74 7 0 3 17 31 56 2.503528285147362 
35 73 7 0 3 17 33 56 2.4899868322333774 
34 72 7 0 3 16 32 54 2.4841238295562422 
33 71 7 0 3 16 29 54 2.7969547584033068 
32 70 8 0 2 21 25 60 2.7554585869961628 
30 69 8 0 4 18 28 55 2.8209687773491994 
29 68 8 0 3 23 24 59 2.516226885641953 
28 67 8 1 4 19 27 53 2.5360418880771327 
27 66 8 1 3 20 25 54 2.6171509654924336 
26 65 8 1 3 27 27 65 2.5608802688090813 
25 64 8 1 1 21 22 59 2.247326529138412 
24 62 8 2 0 16 19 50 1.9538691099599275 
24 60 8 3 1 15 27 52 1.7061089704572097 
23 59 8 4 0 15 19 48 1.4432341724255981 
23 58 8 5 0 15 18 45 1.4168206057853268 
23 56 8 5 0 15 19 45 1.3875696406636668 
23 55 8 5 0 14 19 47 1.3584745251520591 
23 53 8 5 0 14 19 48 1.3292235600303994 
23 52 8 5 0 13 19 50 1.3089916945792404 
23 50 8 5 0 13 19 43 1.285280260745361 
23 49 8 5 0 12 19 40 1.2876519228705257 
23 48 8 5 0 13 19 37 1.237857393077603 
23 47 8 5 0 10 19 34 1.2119301467286114 
23 46 8 5 0 9 19 33 1.2184801067728486 
23 45 8 5 0 11 19 38 1.1666256140748659 
23 43 8 5 0 9 19 36 1.1384825552107622 
23 42 8 5 0 8 19 37 1.1332547231430852 
23 40 8 5 0 10 19 40 1.3875639887512092 
21 39 9 5 0 10 16 42 1.4134500672300898 
21 38 9 5 0 13 20 47 1.3902043697524347 
21 37 9 5 0 12 21 45 1.34009995321334 
21 35 9 5 0 10 20 40 1.3276799912000943 
21 34 9 5 0 10 21 40 1.023620586324858 
21 32 9 6 0 8 20 38 0.738452147463096 
21 31 9 7 0 6 20 33 0.72445854283607 
21 30 9 7 0 6 20 33 0.70999920185282 
21 29 9 7 0 6 19 32 0.42372285673350135 
21 28 9 8 0 4 19 28 0.40972925210647543 
21 27 9 8 0 4 19 28 0.37519208280818667 
21 26 9 8 0 2 19 23 0.3611984781811612 
21 25 9 8 0 2 19 23 0.34498906103902305 
21 24 9 8 0 2 19 25 0.3201697209475876 
21 23 9 8 0 1 19 23 0.2986740996288206 
21 22 9 8 0 0 19 18 0.33210336266955326 
21 23 9 8 0 2 19 24 0.3061761163205617 
21 22 9 8 0 1 19 23 0.03515713169587759 
21 21 9 9 0 0 19 17 0.3429290981339627 
21 23 9 8 0 3 19 26 0.2986740996288206 
21 22 9 8 0 0 19 18 0.6647921467001734 
21 27 9 7 0 4 19 24 0.6366490878360698 
21 26 9 7 0 3 19 25 0.6107218414870785 
21 25 9 7 0 2 19 24 0.3126677042558465 
21 23 9 8 0 0 19 18 0.33210336266955326 
21 23 9 8 0 2 19 24 0.03515713169587759 
21 21 9 9 0 0 19 17 0.3429290981339627 
21 23 9 8 0 3 19 26 0.03515713169587759 
21 21 9 9 0 0 19 17 0.3061761163205617 
21 22 9 8 0 1 19 23 0.03515713169587759 
21 21 9 9 0 0 19 17 0.034049225438321486 
21 21 9 9 0 0 19 18 0.3309954564119971 
21 23 9 8 0 2 19 25 0.034049225438321486 
21 21 9 9 0 0 19 18 0.10977100158023521 
21 23 9 9 0 4 19 22 0.04376705464517486 
21 21 9 9 0 1 19 21 -1 
