140 140 0 0 14 14 14 14 1.6306058105951446 
138 138 0 0 17 17 25 24 1.6816655678934203 
134 137 0 0 16 16 30 22 1.739146284770499 
132 136 0 0 18 18 39 25 1.7955813476803493 
130 135 0 0 22 21 50 32 1.8273925106634414 
126 134 0 0 23 20 56 33 1.8767977340768593 
124 133 0 0 22 22 59 37 1.8693528331172036 
123 132 0 0 21 21 60 37 1.8574769017706492 
122 131 0 0 23 20 65 36 1.8873977963268194 
118 130 0 0 19 20 60 36 1.9435284192778546 
117 129 0 0 22 24 69 44 1.9582984172622233 
117 128 0 0 21 24 73 44 1.948599304465721 
113 126 0 0 23 25 74 49 1.9599137310636825 
112 125 0 0 23 25 78 51 1.9530405135860274 
110 124 0 0 20 25 72 51 1.984408546536804 
106 123 0 0 19 28 68 60 2.0013360564712808 
106 122 0 0 20 29 74 62 2.1490379786817364 
102 121 0 0 19 37 77 68 2.252542034073791 
96 120 1 0 22 24 76 50 2.5659641247999896 
90 119 2 0 17 24 71 47 2.557307819987791 
91 118 2 0 18 22 80 45 2.476414531156937 
89 116 2 0 20 19 81 48 2.4901198054454716 
88 110 2 0 19 33 76 74 2.4704791837616207 
86 104 2 0 19 37 82 79 2.4866056735075057 
82 102 3 0 14 26 57 65 2.5371929498705414 
81 101 3 0 17 29 66 68 2.5300524888697002 
79 100 3 0 17 27 69 67 2.661656489974343 
77 99 3 0 17 37 71 77 2.6819702927649347 
77 98 3 0 15 37 75 80 2.687908822520182 
75 97 3 0 14 39 69 76 2.601655253708784 
69 96 3 0 16 29 72 69 2.702770897412848 
67 95 3 0 18 37 76 76 2.474311577120643 
63 89 4 1 14 28 66 75 2.641082976778276 
61 88 5 1 11 25 51 61 2.7490625951981396 
57 87 5 1 11 27 60 58 2.7932109460102925 
56 83 6 1 10 21 49 53 2.788716347280681 
54 82 6 1 11 21 50 53 2.7704354587541205 
53 81 6 1 10 17 55 50 2.7827950811010873 
52 80 6 1 9 17 57 50 2.5035163179223714 
51 78 6 2 9 16 59 47 2.539774838896465 
50 77 6 2 9 19 61 51 2.5100985783757666 
46 76 6 2 9 18 55 50 2.573307010421375 
45 75 6 2 8 22 58 56 2.7859541047199117 
44 74 7 2 8 22 54 56 2.7630210790085177 
43 73 7 2 8 19 58 54 2.819300154400997 
39 69 8 2 4 17 32 55 2.8283732776697477 
39 68 8 2 4 17 37 56 2.8216435440167276 
37 66 8 2 4 17 38 51 2.770730249538928 
35 65 8 2 4 15 34 50 2.7719325255249347 
33 64 8 2 4 15 34 49 2.7788312180083348 
31 63 8 2 4 16 33 49 2.7933488105236335 
30 62 8 2 4 16 37 49 2.530901639398675 
29 61 8 3 4 16 37 49 2.5422160659966355 
28 60 8 3 4 16 41 51 2.3079851084901337 
27 59 8 4 4 16 45 49 2.3180191779105668 
28 58 8 4 6 18 51 51 2.242902544846826 
27 57 8 4 4 14 45 47 1.9017594699044906 
28 53 8 5 6 13 51 47 1.8363569221217935 
27 51 8 5 4 11 45 41 1.8344413131195512 
28 50 8 5 6 12 51 42 1.7783194942472562 
26 49 8 5 6 11 44 41 1.7427285746358814 
26 48 8 5 5 9 43 36 1.7283902331621819 
26 47 8 5 5 9 44 36 1.7075462242941322 
25 46 8 5 6 9 44 36 1.70739932279054 
24 45 8 5 5 9 44 36 1.880368875369067 
23 44 9 5 4 9 32 36 1.8581756890114194 
23 43 9 5 4 9 32 37 1.8375840856124401 
23 42 9 5 4 9 32 37 1.8169924822134604 
23 41 9 5 4 9 32 37 1.515006459441994 
23 40 9 6 4 6 32 30 1.4944148560430144 
23 39 9 6 4 6 32 30 1.470620086726698 
23 38 9 6 4 6 32 32 1.4500284833277188 
23 37 9 6 4 6 32 32 1.4419434037792986 
23 36 9 6 4 6 34 32 1.3963387526792004 
23 35 9 6 4 6 30 32 1.3757471492802207 
23 34 9 6 4 6 30 32 1.3551555458812414 
23 33 9 6 4 6 30 32 1.3329623595235938 
23 32 9 6 4 6 30 33 1.313972339083283 
23 31 9 6 4 6 30 32 1.2782278913442917 
23 30 9 6 4 5 30 33 1.2576362879453125 
23 29 9 6 4 5 30 33 1.2370446845463328 
23 28 9 6 4 5 30 33 1.2228594129820274 
23 27 9 6 4 5 30 29 0.9367648322625678 
23 26 9 7 4 4 30 29 0.6674246788417878 
23 25 9 8 4 4 30 27 0.6364849799788024 
23 24 9 8 4 3 30 25 0.5967987686104789 
23 23 9 8 4 1 30 20 0.5746055822528311 
23 22 9 8 4 1 30 21 0.2933157504093768 
23 21 9 9 4 0 30 18 0.603943698157148 
23 23 9 8 4 2 30 24 0.5746055822528311 
23 22 9 8 4 1 30 21 0.2933157504093768 
23 21 9 9 4 0 30 18 0.32265386631369375 
23 22 9 9 4 1 30 21 0.2933157504093768 
23 21 9 9 4 0 30 18 0.40609244021435054 
23 24 9 9 4 4 30 20 0.38229767089803385 
23 23 9 9 4 4 30 22 0.3378067106537054 
23 22 9 9 4 2 30 20 0.2933157504093768 
23 21 9 9 4 0 30 18 0.6690262618004562 
23 25 9 8 4 4 30 26 0.607146864074485 
23 23 9 8 4 2 30 22 0.2933157504093768 
23 21 9 9 4 0 30 18 0.5920986072635065 
23 22 9 8 4 3 30 27 0.3020622629147145 
23 21 9 9 4 1 30 21 -1 
