140 140 0 0 14 14 14 14 2.7170979594201774 
138 139 0 0 17 17 25 21 2.728305960447004 
134 137 0 0 16 16 30 24 2.825231682737075 
132 136 0 0 21 20 43 30 2.935758882618413 
128 135 0 0 22 24 51 36 2.9303232468644365 
126 134 0 0 23 22 56 35 2.9728613193328925 
124 133 0 0 22 24 59 41 2.9178119734562435 
123 132 0 0 21 20 60 39 2.9220732720763984 
122 131 0 0 23 20 65 39 3.0469370808169876 
121 129 0 0 25 32 71 59 2.90766422154688 
117 125 0 0 22 27 69 63 2.8826377819355384 
117 123 0 0 21 26 73 63 2.905126388123305 
116 122 0 0 26 28 81 67 3.265976901694085 
110 121 0 0 25 53 81 88 3.3955806548373784 
100 119 1 0 33 39 95 79 3.5448299437198996 
94 117 2 0 23 36 75 70 3.4520824152056524 
93 116 2 0 23 29 77 64 3.3351658734404643 
92 114 2 0 20 26 69 60 3.3637277924303914 
88 113 2 0 21 27 70 56 3.545656365503615 
82 112 3 0 14 23 57 51 3.557448583636926 
81 111 3 0 16 25 60 54 3.4180123835770213 
75 110 3 0 12 17 48 47 3.850385839226751 
73 109 4 0 12 30 52 62 3.8308090269461728 
71 107 5 0 12 20 39 51 3.8639381994676176 
70 106 5 0 11 21 43 54 4.146381077318729 
71 105 5 0 14 34 66 71 4.062639958219265 
70 104 5 0 15 37 54 73 3.98102352473787 
69 102 5 0 15 33 57 75 4.032596935853172 
69 101 5 0 15 36 63 83 4.046486820170634 
67 100 5 0 15 38 62 82 3.9896477915771578 
65 99 5 0 22 36 68 83 4.007719823189406 
64 97 5 0 15 37 66 84 3.9955973559956477 
62 96 5 0 14 41 60 96 3.984856490501481 
63 95 5 0 18 39 70 91 3.656132575424068 
57 91 5 1 16 36 70 89 3.55691695596668 
56 90 5 1 16 32 66 84 3.655142051359969 
50 89 5 1 13 35 66 83 3.503516368537095 
50 83 5 1 14 35 70 93 3.5319986796947602 
52 82 5 1 18 34 85 92 3.4263226978054138 
51 81 5 1 23 27 90 81 3.7149352798853936 
43 80 6 1 19 25 90 85 3.897236682081873 
37 78 7 1 12 31 64 88 3.7740940564406418 
37 76 7 1 14 21 74 81 3.91806694614409 
36 75 7 1 22 29 88 78 3.9359924168622995 
28 73 8 1 11 22 56 70 3.9876842164279953 
28 72 8 1 9 24 59 67 3.9482909426132102 
26 70 9 1 6 22 27 62 3.5983114214073577 
24 66 9 2 2 21 24 66 3.6145929253768765 
24 65 9 2 2 21 29 65 3.6576354906718738 
25 64 9 2 2 22 37 66 3.586061741390717 
24 63 9 2 2 19 33 54 3.5656129856603638 
25 62 9 2 2 18 37 56 3.4263801380804346 
24 60 9 2 2 15 29 49 3.4193961787076335 
23 59 9 2 2 15 31 52 3.4487899652419083 
23 58 9 2 1 17 34 56 3.3512033918227044 
22 57 9 2 2 14 30 53 3.0564051996101016 
21 55 9 3 1 12 33 54 1 
