140 140 0 0 14 14 14 14 0.1036065274353177 
138 138 0 0 17 17 25 24 0.14530972492391633 
134 136 0 0 16 17 30 26 0.18404131162155415 
132 135 0 0 16 19 32 28 0.17992347949712748 
130 133 0 0 16 19 32 31 0.21382441774944447 
128 132 0 0 16 21 32 35 0.2609794368489509 
126 130 0 0 14 24 30 47 0.2598089674611162 
125 129 0 0 14 24 31 49 0.2580146925122896 
124 128 0 0 12 22 28 45 0.2686679527117684 
122 127 0 0 14 23 36 46 0.35421840767404716 
121 126 0 0 12 29 32 56 0.3402089227287843 
119 125 0 0 13 27 39 54 0.37260634239868584 
117 124 0 0 14 29 46 57 0.3226872807404436 
115 123 0 0 15 25 45 54 0.30239678209450854 
113 122 0 0 15 22 45 48 0.29090873409718154 
111 121 0 0 15 20 45 46 0.37033382802138654 
109 120 0 0 13 24 43 52 0.3542922054406662 
107 118 0 0 14 24 44 56 0.3399008802430743 
106 116 0 0 13 23 44 56 0.32649471761845006 
105 115 0 0 13 22 44 56 0.3209467238443309 
103 114 0 0 14 22 43 60 0.3220738565754117 
101 113 0 0 14 21 45 61 0.3560487110298415 
97 111 0 0 16 23 51 61 0.37976488733419966 
95 109 0 0 12 22 42 60 0.6169590303640757 
93 108 1 0 14 21 46 53 0.9211860443287735 
89 107 2 0 13 21 47 50 0.9522184311782158 
83 106 2 0 16 21 54 55 0.9850247785757396 
82 105 2 0 10 19 42 53 1.010361532392527 
81 104 2 0 10 21 45 57 1.0059666264061733 
79 103 2 0 9 19 42 56 1.0741063607479868 
77 102 2 0 8 23 40 61 1.102496869661337 
76 101 2 0 8 25 43 62 1.0834686074502973 
74 100 2 0 10 24 46 60 1.058912254665526 
73 99 2 0 9 21 44 55 1.021379364140372 
72 97 2 0 9 19 44 53 1.0448368109787105 
71 95 2 0 10 23 47 59 0.9756305437271439 
67 93 2 0 13 18 51 57 1.0198463043017942 
65 91 2 0 9 18 46 54 1.0080317282110611 
63 90 2 0 10 17 49 57 1.3168722051036548 
59 89 3 0 11 20 44 55 1.3702821674616248 
55 87 4 1 7 19 37 52 1.37328948426115 
54 86 4 1 6 19 30 51 1.346525223278509 
53 82 4 1 6 20 32 53 1.2981888742922727 
52 81 4 1 6 16 31 48 1.327756373694632 
51 80 4 1 6 19 30 55 1.608371250954232 
49 79 5 1 7 21 33 54 1.6026618322959145 
48 77 5 1 6 21 30 54 1.6021297937819823 
47 76 5 1 6 21 30 54 1.6033746486168083 
46 75 5 1 6 21 32 55 1.600806773371835 
45 74 5 1 6 21 32 57 1.5548857486082592 
44 73 5 1 6 17 32 51 1.5421180168575375 
43 72 5 1 6 16 31 49 1.5627653435075435 
41 71 5 1 6 17 30 52 1.564530907112527 
39 70 5 1 6 16 31 51 1.585537517648493 
37 68 5 1 4 16 27 48 1.5545005928820397 
36 67 6 2 6 15 31 46 1.5688813372154318 
34 66 6 2 6 15 34 48 1.5911113765374438 
33 65 6 2 5 16 33 49 1.7785159790014755 
32 63 7 2 6 13 34 48 1.8047324458396854 
31 62 7 2 3 13 26 47 1.8133293860677684 
30 61 7 2 2 13 23 46 1.8368892465357978 
29 60 7 2 2 15 24 49 1.5331149662830135 
27 56 7 3 2 13 24 49 1.5643562622432956 
25 55 7 3 0 13 20 49 1.511166045271639 
25 53 7 3 1 11 26 46 1.7582130334735027 
24 52 8 3 1 11 23 44 1.7511410378766143 
23 51 8 3 0 10 18 43 1.7308270400558845 
23 50 8 3 0 9 20 40 1.4769738945873576 
23 49 8 4 0 10 20 43 1.4548830034178695 
23 48 8 4 0 9 20 39 1.4544686870076824 
23 47 8 4 0 10 20 39 1.4401623281212819 
23 46 8 4 0 10 20 40 1.416035600220752 
23 45 8 4 0 9 20 38 1.4037650780653934 
23 44 8 4 0 9 20 37 1.3904766375445134 
23 43 8 4 0 9 20 37 1.377188197023634 
23 42 8 4 0 9 20 37 1.3618639197717124 
23 41 8 4 0 9 20 39 1.096154568558014 
23 40 8 5 0 9 20 41 1.0828661280371346 
23 39 8 5 0 9 20 41 0.8063184894437854 
23 38 8 6 0 8 20 41 0.534860442678042 
23 37 8 7 0 7 20 36 0.5076799596809489 
23 36 8 7 0 6 20 37 0.49067866033906626 
23 35 8 7 0 5 20 28 0.4763723014526657 
23 34 8 7 0 5 20 29 0.20287841795588024 
23 33 8 8 0 4 20 26 0.18958997743500028 
23 32 8 8 0 4 20 26 0.17350672519984198 
23 31 8 8 0 4 18 26 0.16161569053610186 
23 30 8 8 0 4 19 26 0.14692984415808294 
23 29 8 8 0 4 18 26 0.13503880949434283 
23 28 8 8 0 4 19 26 0.12035296311632346 
23 27 8 8 0 4 18 26 0.10744401008706231 
23 26 8 8 0 4 19 27 0.07209950731526357 
23 25 8 8 0 2 18 22 0.060208472651523445 
23 24 8 8 0 2 19 22 0.044504707907983505 
23 23 8 8 0 2 18 23 0.019739549133550895 
23 22 8 8 0 1 19 23 -0.25311590348933233 
23 21 8 9 0 0 18 18 -0.20591519497236194 
23 22 8 9 0 3 19 24 -0.25311590348933233 
23 21 8 9 0 0 18 18 -0.17771679360974785 
23 23 8 9 0 4 19 22 -0.2520979851238113 
23 21 8 9 0 0 18 17 0.019739549133550895 
23 22 8 8 0 1 19 23 -0.2520979851238113 
23 21 8 9 0 0 18 17 0.08966957969391162 
23 24 8 8 0 5 19 31 0.028162512290540884 
23 22 8 8 0 2 18 26 -0.2507005792666719 
23 21 8 9 0 0 19 17 0.09682983717112753 
23 25 8 8 0 4 18 23 0.08290296577634533 
23 24 8 8 0 4 19 25 0.06618128266728435 
23 23 8 8 0 4 18 27 0.018721630768029858 
23 22 8 8 0 1 19 24 -0.2520979851238113 
23 21 8 9 0 0 18 17 0.1049938569458332 
23 25 8 8 0 5 19 29 0.07438013136055871 
23 24 8 8 0 4 18 32 0.0635070150623396 
23 23 8 8 0 4 19 31 -0.245331371206245 
23 21 8 9 0 1 18 23 -1 
