140 140 0 0 14 14 14 14 0.15361340594155642 
138 138 0 0 17 17 25 24 0.1751308599410629 
134 136 0 0 16 15 30 20 0.21878603866199747 
132 135 0 0 16 18 32 29 0.23852801281086375 
130 133 0 0 16 20 32 33 0.2408571781817846 
128 131 0 0 16 21 32 41 0.2518077182481764 
126 130 0 0 14 19 30 38 0.26862201528572915 
124 129 0 0 16 21 38 45 0.27585085916470514 
123 128 0 0 14 20 34 43 0.3068290355851231 
121 127 0 0 15 22 41 47 0.34090862355124285 
119 123 0 0 16 28 48 58 0.26139021088789394 
117 122 0 0 16 21 46 56 0.2688594408508085 
115 121 0 0 16 21 46 60 0.25632132645311373 
113 119 0 0 16 20 46 58 0.295444704812971 
111 118 0 0 14 20 44 53 0.317184517946662 
110 117 0 0 14 22 44 56 0.3126512395542914 
110 116 0 0 13 22 41 55 0.2852274813269668 
109 115 0 0 13 20 39 53 0.2987145933227359 
108 114 0 0 13 21 40 53 0.2962428550237441 
106 113 0 0 13 20 39 53 0.6617091974294078 
96 112 1 0 19 25 51 59 0.7827381839247305 
86 108 1 0 14 25 47 66 1.016354942432046 
85 107 2 0 14 23 50 60 1.1088794867659164 
84 106 2 0 14 32 42 71 1.0028592769154936 
83 105 2 0 14 23 44 63 1.044859107111608 
82 104 2 0 14 26 50 67 1.4257622665581902 
72 103 3 0 12 25 50 62 1.4704206705567826 
71 102 3 0 12 29 51 69 1.4243184586031077 
69 101 3 0 11 24 44 65 1.4076547298913038 
68 100 3 0 11 23 42 65 1.3977212406780566 
67 99 3 0 10 21 39 57 1.367906610351569 
65 98 3 0 11 18 41 51 1.632421356178605 
64 97 4 0 9 18 34 50 1.6771572204133296 
63 96 4 0 8 21 34 55 1.7102133675341473 
59 95 4 0 8 21 34 59 1.7266117260342086 
58 93 4 0 8 23 36 57 1.751226063071754 
57 92 4 0 7 24 37 58 1.991558501017887 
56 91 5 0 7 24 31 58 2.0707524501709855 
52 90 5 0 8 28 38 65 2.042485990118056 
51 89 5 0 7 24 46 64 2.3134375651061414 
50 88 6 0 6 26 33 62 2.294694733172106 
49 87 6 0 6 24 38 61 2.248776685242475 
48 86 6 0 5 20 31 57 2.242092920834879 
46 85 6 0 7 20 36 58 2.2359769465846036 
45 84 6 0 6 19 32 57 2.238993764354976 
44 83 6 0 6 19 34 56 2.2463738536588322 
43 82 6 0 4 19 24 58 2.254316982935914 
42 81 6 0 4 20 25 63 2.28410810716589 
41 80 6 0 4 22 26 60 2.2812912069274516 
40 79 6 0 4 22 27 63 2.258140504437842 
39 78 6 0 3 19 27 59 2.2702290845997504 
38 77 6 0 3 20 27 59 2.2671224490711888 
37 76 6 0 3 20 27 61 2.2590895020359167 
36 75 6 0 3 19 28 57 2.247730165369433 
35 74 6 0 3 18 29 56 2.3086925816022323 
34 73 6 0 3 23 30 60 2.5353057959278877 
33 72 7 0 2 21 24 60 2.4977014787652903 
32 71 7 0 2 18 24 58 2.491268453605516 
31 70 7 0 2 18 24 63 2.482126710026507 
30 69 7 0 2 17 25 60 2.518772003560544 
29 68 7 0 2 20 24 60 2.2344645947201545 
27 66 7 1 2 17 25 55 2.2551730715462397 
26 65 7 1 1 18 24 57 2.002346526569513 
25 64 7 2 1 18 23 57 1.9868486837969939 
24 62 8 3 1 18 23 57 2.0044703616652346 
23 61 8 3 0 19 19 58 1.9800278311296755 
23 60 8 3 0 18 19 56 1.964946798275776 
23 59 8 3 0 18 18 56 1.9616091836443375 
23 57 8 3 0 20 19 59 1.9220856202548784 
23 55 8 3 0 19 18 57 1.871272701386409 
23 53 8 3 0 17 19 56 1.8306403414532126 
23 51 8 3 0 16 18 55 1.7571985670099655 
23 49 8 3 0 12 19 51 1.7454439237872779 
23 48 8 3 0 12 18 48 1.7450287806603575 
23 47 8 3 0 13 19 49 1.7310565443501955 
23 46 8 3 0 13 18 48 1.7046861560172852 
23 45 8 3 0 12 19 49 1.7133427752819008 
23 44 8 3 0 14 18 51 1.448302242306469 
23 43 8 4 0 14 19 53 1.432112412908832 
23 42 8 4 0 14 18 54 1.4339148628693867 
23 41 8 4 0 15 19 53 1.1326883811359354 
23 40 8 5 0 12 18 50 1.1204044119497574 
23 39 8 5 0 12 19 50 1.0967809426678121 
23 38 8 5 0 11 18 46 1.0800617873066845 
23 37 8 5 0 11 19 50 1.0456782885092193 
23 36 8 5 0 9 18 44 1.0226342898075214 
23 35 8 5 0 8 19 42 1.006444460409884 
23 34 8 5 0 8 18 43 0.9930516946799689 
23 33 8 5 0 8 19 44 0.9801882549135439 
23 32 8 5 0 8 18 42 0.7195829081130628 
23 31 8 6 0 8 19 40 0.7067194683466378 
23 30 8 6 0 8 18 38 0.4298101093119484 
23 29 8 7 0 7 19 39 0.39542661051448347 
23 28 8 7 0 5 18 33 0.37792659453147254 
23 27 8 7 0 4 19 26 0.36062796859009816 
23 26 8 7 0 4 18 28 0.07739376621483843 
23 25 8 8 0 2 19 23 0.06120393681720148 
23 24 8 8 0 2 18 24 0.03705114157176567 
23 23 8 8 0 1 19 23 0.02307890526160372 
23 22 8 8 0 1 18 22 -0.2471776745106608 
23 21 8 9 0 0 19 17 0.047521435797162496 
23 23 8 8 0 2 18 24 -0.22384394051883905 
23 22 8 9 0 1 19 20 -0.2485762063445217 
23 21 8 9 0 0 18 17 0.08744891731331535 
23 24 8 8 0 4 19 25 0.014536468833558448 
23 22 8 8 0 0 18 18 0.34653032444313925 
23 24 8 7 0 5 19 29 0.30882043601446135 
23 23 8 7 0 3 18 26 0.023368640551727136 
23 22 8 8 0 1 19 23 -0.2485762063445217 
23 21 8 9 0 0 18 17 -0.22384394051883905 
23 22 8 9 0 1 19 20 -0.2485762063445217 
23 21 8 9 0 0 18 17 0.10334901142082886 
23 25 8 8 0 4 19 23 0.07015029137194048 
23 23 8 8 0 4 18 27 0.022259844007989645 
23 22 8 8 0 1 19 24 -0.2485762063445217 
23 21 8 9 0 0 18 17 -0.24085283117009051 
23 21 8 9 0 1 19 23 -1 
