140 140 0 0 14 14 14 14 0.5460657165951068 
138 139 0 0 17 17 25 21 0.5913265822890363 
134 138 0 0 16 16 30 22 0.5941623801917205 
132 136 0 0 16 17 32 29 0.6148651987609136 
130 134 0 0 18 20 40 38 0.6527169797228226 
128 132 0 0 18 24 41 46 0.6317151961489836 
126 130 0 0 18 23 41 47 0.6393424643255011 
124 129 0 0 18 23 41 48 0.6552859298151379 
122 128 0 0 16 22 39 46 0.6874689593382785 
120 126 0 0 16 26 39 56 0.6002172058892945 
118 122 0 0 16 22 39 54 0.6306361919032428 
116 121 0 0 14 22 37 51 0.6340340073849948 
114 120 0 0 16 22 43 51 0.6599977302860446 
113 119 0 0 14 23 42 54 0.6747883440864012 
111 117 0 0 17 26 51 61 0.7166743296925213 
109 116 0 0 16 29 50 72 0.6915305060592608 
107 115 0 0 15 26 45 66 0.7518880407197459 
105 114 0 0 16 30 50 69 0.7432726842626483 
103 113 0 0 16 28 52 67 0.8272364784761768 
99 112 0 0 16 33 52 78 0.7559768061691875 
97 110 0 0 16 27 53 70 0.7558256962971429 
96 109 0 0 16 27 55 72 0.761993132527433 
95 107 0 0 14 29 49 77 0.8147166245854872 
93 105 0 0 14 35 48 89 0.9383444326301167 
89 103 1 0 17 24 54 76 0.937542111220769 
85 99 1 0 14 21 56 68 0.9574260046662044 
83 98 1 0 15 23 58 75 1.3280150686567989 
73 97 2 0 17 24 64 70 1.6652648782288144 
67 96 3 0 11 24 51 71 1.7033991982803134 
65 95 3 0 11 26 52 71 1.7008764559111091 
64 94 3 0 11 26 56 79 1.7023120408293113 
62 93 3 0 10 25 53 77 1.9452635528653628 
61 92 4 0 10 25 52 77 1.9475281407861937 
61 91 4 0 12 24 70 76 1.926940552355452 
60 90 4 0 12 26 57 80 2.2004298002303724 
58 89 5 0 11 27 51 74 2.219799285248204 
57 88 5 0 9 28 44 69 2.1589560609244614 
56 86 5 0 9 25 44 71 2.1396660860188597 
54 85 5 0 8 22 41 65 2.1590010516506943 
52 84 5 0 8 22 45 66 2.116763561065784 
50 82 5 0 10 21 48 72 2.122154461384796 
49 81 5 0 9 21 47 72 2.146892564553387 
49 80 5 0 9 22 53 65 2.1176313123378843 
48 79 5 0 9 21 50 68 2.4403257379981564 
46 78 6 0 8 25 53 74 2.424805981204475 
45 77 6 0 7 23 51 68 2.342850609260722 
44 75 6 0 5 20 34 66 2.3481162741054367 
42 74 6 0 8 20 46 69 2.3784085188716726 
40 73 6 0 5 20 40 66 2.3639771365258704 
39 71 6 0 4 20 38 67 2.322797093572106 
38 70 6 0 4 18 34 67 2.322275789122282 
37 69 6 0 4 18 34 65 2.356617730489917 
36 68 6 0 3 20 33 63 2.324910644503686 
35 66 6 0 3 19 34 65 2.5706623396558546 
34 65 7 0 2 19 30 65 2.516176747193969 
33 63 7 0 1 16 24 58 2.2416818817407496 
33 61 7 1 2 16 31 59 2.261701039825839 
32 60 7 1 2 18 30 59 2.265561925312546 
31 59 7 1 1 19 24 59 2.24858221497633 
31 58 7 1 2 18 31 57 2.213393209339196 
30 57 8 2 2 18 24 64 2.20589059595431 
29 56 8 2 1 18 20 67 2.194975827628697 
29 55 8 2 2 18 26 68 2.2429789956711117 
28 54 9 3 1 22 19 61 2.1926236651372615 
28 53 9 3 1 19 21 62 2.1784701339112162 
28 52 9 3 1 19 21 61 2.1787921232094827 
28 51 9 3 1 20 21 59 1.886517479415276 
26 50 9 4 2 16 21 49 1.8848103587168716 
25 49 9 4 2 16 22 50 1.8872743346720542 
24 48 9 4 1 16 20 50 1.890261242446783 
23 47 9 4 1 17 20 55 1.887183208210909 
22 46 9 4 1 17 21 57 1.8804702205027692 
21 45 9 4 0 16 18 52 1.8678727001030841 
21 44 9 4 0 16 19 52 1.8362323719536664 
21 43 9 4 1 14 25 49 1 
