140 140 0 0 14 14 14 14 3.563601328482296 
138 139 0 0 17 17 25 23 3.5950753532799222 
136 137 0 0 22 18 38 28 3.674342255916392 
132 136 0 0 22 22 44 38 3.704037218612289 
128 135 0 0 22 19 51 34 3.747456466988 
127 134 0 0 27 20 61 34 3.761708083286113 
121 132 0 0 25 19 66 38 3.80266994543178 
119 131 0 0 25 20 72 42 3.8033009988165385 
118 129 0 0 25 22 76 46 3.792484591064766 
116 127 0 0 28 23 82 49 3.760799934680489 
112 125 0 0 24 26 76 55 3.6942855415206672 
111 124 0 0 35 20 88 47 4.024134789139235 
99 123 1 0 24 19 84 48 4.034100282931636 
98 122 1 0 32 22 92 54 4.14273174237455 
90 120 1 0 23 28 90 63 4.3315001813638 
84 118 2 0 18 32 76 65 4.513558880031795 
83 117 3 0 18 29 73 55 4.503400616935074 
82 116 3 0 21 28 78 53 4.080004004664933 
81 106 3 0 30 19 87 54 4.139496419105288 
75 105 3 0 19 20 81 54 4.077685201910991 
74 104 3 0 21 19 81 56 3.8375789191822385 
73 103 3 1 29 19 89 47 4.100765112440841 
65 102 4 1 19 27 71 59 4.0195527163668165 
65 101 4 1 18 20 72 48 4.115184054794254 
64 100 4 1 16 28 74 59 4.170122163088126 
66 99 4 1 19 33 83 70 4.219626320930926 
58 95 5 1 16 22 79 55 4.392581941101609 
57 94 5 1 14 39 78 75 4.351713506468143 
56 93 5 1 14 34 81 66 4.305057720026796 
55 92 6 1 13 25 63 58 4.352036898883996 
53 91 6 1 12 29 65 65 4.3407529135871465 
52 90 6 1 13 27 69 61 4.321757100938315 
51 89 6 1 12 24 72 57 4.271239555311475 
50 88 6 1 10 23 70 60 4.230109039789819 
51 87 6 1 12 23 72 62 4.146536524189856 
50 85 6 1 13 22 72 64 4.01849965302027 
49 83 6 1 18 24 66 66 4.249429285067364 
41 82 7 1 8 23 53 61 4.294394923117839 
40 81 7 1 10 29 56 71 4.2538481134736745 
39 80 7 1 9 29 54 73 4.207863706197785 
39 79 7 1 9 26 55 67 4.087700809351198 
37 78 7 1 8 28 42 73 4.095048545723771 
36 77 7 1 8 25 48 67 4.176923513356389 
35 75 8 1 6 23 38 68 4.262084596338153 
34 74 8 1 6 18 52 52 4.240839934112094 
34 73 8 1 6 18 54 55 4.144946195643864 
33 71 8 1 6 15 55 57 4.1817648893641755 
31 70 8 1 6 18 57 60 3.9754576518969476 
30 68 8 1 5 17 40 56 4.244984114549808 
24 67 9 1 2 18 38 58 4.111236698874791 
25 63 9 1 4 17 41 59 4.059228819679774 
27 61 9 1 5 16 44 54 4.0965457132784655 
27 60 9 1 4 21 43 56 3.837755576426183 
27 58 9 1 4 18 28 60 3.8340405595517266 
26 57 9 1 5 19 28 56 3.500523805270639 
24 55 9 2 4 15 28 50 3.489613597223807 
23 54 9 2 4 15 29 49 3.540486589884707 
23 53 9 2 4 15 38 50 3.4706006987278966 
23 52 9 2 4 14 35 49 3.4339257891534496 
23 51 9 2 4 14 35 51 3.402004005610895 
23 50 9 2 4 13 35 47 3.3869203906119787 
23 49 9 2 4 14 35 47 3.3601246387653148 
23 48 9 2 4 14 35 46 3.320674184380566 
23 47 9 2 4 14 34 46 3.02442124622118 
23 46 9 3 4 13 34 45 2.970908168103096 
23 45 9 3 4 11 34 43 2.656278562368866 
23 43 9 4 4 11 34 43 2.626189757946275 
23 42 9 4 4 11 34 43 2.5553613010991247 
23 41 9 4 4 11 30 44 2.525272496676534 
23 40 9 4 4 11 30 44 2.2191404007893647 
23 39 9 5 4 10 30 46 2.1806325120949546 
23 38 9 5 4 9 30 44 1.9110969002069902 
23 37 9 6 4 10 30 44 1.8810080957843989 
23 36 9 6 4 10 30 44 1.8476262387858802 
23 35 9 6 4 10 30 45 1.8175374343632884 
23 34 9 6 4 10 30 45 1.7874486299406975 
23 33 9 6 4 10 30 45 1.7353956252785776 
23 32 9 6 4 7 30 38 1.711892926007842 
23 31 9 6 4 7 30 36 1.3804251517299746 
23 29 9 7 4 5 30 32 1.341917263035565 
23 28 9 7 4 4 30 30 1.2935302166133713 
23 27 9 7 4 3 30 31 1.0155755204535883 
23 26 9 8 4 3 30 29 1.0004919054546715 
23 25 9 8 4 4 30 29 0.9484389007925519 
23 24 9 8 4 1 30 22 0.9165171172499978 
23 23 9 8 4 0 30 18 1.010371063182455 
23 25 9 8 4 4 30 26 0.9484389007925519 
23 24 9 8 4 1 30 22 0.9165171172499978 
23 23 9 8 4 0 30 18 0.9935328946388174 
23 25 9 8 4 2 30 22 0.9165171172499978 
23 23 9 8 4 0 30 18 0.9601510376402983 
23 24 9 8 4 2 30 23 0.9165171172499978 
23 23 9 8 4 0 30 18 1.010371063182455 
23 25 9 8 4 4 30 26 0.9333552857936352 
23 23 9 8 4 2 30 22 0.6371023476342492 
23 22 9 9 4 1 30 21 0.6018875115157675 
23 21 9 9 4 0 30 18 0.6554005896338514 
23 22 9 9 4 2 30 20 0.6018875115157675 
23 21 9 9 4 0 30 18 0.9234761280658517 
23 23 9 8 4 2 30 25 0.6018875115157675 
23 21 9 9 4 0 30 18 0.896680376219188 
23 22 9 8 4 2 30 24 0.6018875115157675 
23 21 9 9 4 0 30 18 0.8900942710673322 
23 22 9 8 4 2 30 26 0.6051805640916954 
23 21 9 9 4 0 30 17 0.9267691806417795 
23 23 9 8 4 2 30 24 0.640395400210177 
23 22 9 9 4 1 30 20 0.6051805640916954 
23 21 9 9 4 0 30 17 0.9469004017613449 
23 23 9 8 4 4 30 27 0.6051805640916954 
23 21 9 9 4 0 30 17 0.9436073491854171 
23 23 9 8 4 4 30 28 0.6051805640916954 
23 21 9 9 4 0 30 17 0.8849682393714414 
23 22 9 8 4 1 30 23 0.6051805640916954 
23 21 9 9 4 0 30 17 0.6539405161778866 
23 22 9 9 4 3 30 25 0.6051805640916954 
23 21 9 9 4 0 30 17 0.9436073491854171 
23 23 9 8 4 4 30 28 0.896680376219188 
23 22 9 8 4 2 30 24 0.6004274380598027 
23 21 9 9 4 1 30 23 -1 
