140 140 0 0 14 14 14 14 3.995977333910287 
138 139 0 0 17 19 25 25 3.998643061820892 
136 137 0 0 22 17 38 24 4.07901661785784 
132 136 0 0 22 22 44 35 4.067720486724397 
128 134 0 0 22 20 51 36 4.070577003381275 
127 132 0 0 27 23 61 46 4.119435278921083 
121 131 0 0 25 21 66 42 4.143049334999426 
119 130 0 0 25 20 72 41 4.140028911160684 
118 128 0 0 25 24 76 52 4.186997678793935 
116 127 0 0 28 26 82 51 4.158370983748802 
115 126 0 0 30 26 83 50 4.157227531578888 
109 125 0 0 33 26 86 52 4.43332316401695 
103 123 1 0 32 31 86 58 4.377555920688102 
97 117 2 0 28 24 77 53 4.39236505392869 
97 116 2 0 28 23 82 49 4.334251167198751 
95 115 2 0 28 23 78 49 4.312522448259761 
94 114 2 0 18 27 67 57 4.2775455780713445 
94 113 2 0 19 25 70 55 4.2286731271325255 
90 112 2 0 16 22 67 52 4.188256913480466 
88 111 2 0 17 22 67 55 4.258651421997523 
86 110 2 0 16 29 69 66 4.234921052322689 
85 108 2 0 17 29 74 67 4.247752406927319 
85 107 2 0 22 30 83 71 4.542891941163396 
81 106 3 0 18 31 84 70 4.422874070150657 
77 102 3 0 22 29 87 65 4.318981072230518 
75 100 3 0 19 19 91 54 4.308696822622222 
74 98 3 0 30 22 102 58 4.4201565185791845 
64 97 4 0 17 19 78 55 4.588651140224573 
62 96 4 0 16 21 95 57 4.489199290657141 
60 95 4 0 16 25 88 76 4.445231734632587 
61 94 4 0 21 21 96 71 4.39183194726086 
60 92 4 0 22 16 104 67 4.340936249613499 
61 90 4 0 22 14 103 52 4.422840655215969 
57 89 5 0 18 27 68 67 4.56214725186333 
56 88 5 0 17 25 87 64 4.407082786547642 
56 86 5 0 13 20 81 61 4.112435040792536 
54 78 5 0 14 20 83 76 4.053750054297231 
53 76 5 0 18 16 87 62 4.146447172807497 
47 75 5 0 13 18 88 59 3.8934487884797426 
45 74 6 1 12 19 63 62 4.037980942035848 
41 73 7 1 9 18 52 61 4.131543315030821 
40 72 7 1 7 22 57 62 4.128474442626021 
39 71 7 1 12 24 65 73 4.112843048172317 
38 70 7 1 10 25 62 71 4.099224014701809 
36 69 7 1 9 20 66 61 4.0067601161560615 
35 67 7 1 8 18 67 66 3.712032539048278 
34 66 7 2 8 17 66 63 3.730018146520118 
33 65 8 2 6 17 42 61 3.7460018477698735 
33 64 8 2 6 16 45 52 3.7133346642851666 
32 63 8 2 6 15 46 52 3.6040878728202412 
33 62 8 2 8 15 40 52 3.5650315468487017 
32 61 8 2 6 15 37 52 3.5223060511759163 
31 60 8 2 6 16 37 60 3.3225579364977467 
29 59 8 3 6 15 46 58 3.357153679491319 
28 58 8 3 6 15 50 52 3.2954408816671075 
26 57 8 3 6 14 46 49 3.3090848962867736 
28 56 8 3 6 17 48 51 3.2380190613052644 
29 55 8 3 6 14 49 50 3.2212883831972543 
28 54 8 3 6 16 48 53 3.1818259488817113 
26 53 8 3 6 16 46 53 3.178465022406769 
27 52 8 3 6 16 48 49 2.858224020433075 
27 51 8 4 6 15 47 51 2.8272123543293715 
27 50 8 4 7 13 50 48 2.7763751111291337 
27 49 8 4 7 13 48 48 2.499972104115884 
27 48 8 5 7 12 50 46 2.468594588348769 
27 47 8 5 7 13 48 45 2.4510950458926115 
27 46 8 5 7 13 50 46 2.4114208289656314 
27 45 8 5 7 15 48 51 2.355955610979743 
27 44 8 5 6 13 48 51 2.0294479467471365 
27 42 8 6 6 10 48 41 2.012390386319265 
27 41 8 6 6 12 48 45 1.9721984983261516 
27 40 8 6 6 9 50 40 1.9732053472936295 
27 39 8 6 6 12 49 41 1.8966638904812105 
27 38 8 6 6 7 50 35 1.8702806038461415 
27 37 8 6 6 9 49 39 1.800349926203221 
27 36 8 6 6 7 47 36 1.7907807919164875 
27 35 8 6 6 7 49 35 1.7240827323774 
27 34 8 6 6 7 47 39 1.6559893548005393 
27 33 8 6 6 7 44 41 1.6077219976472414 
27 32 8 6 6 7 41 38 1.598152863360508 
27 31 8 6 6 7 43 37 1.248295956647913 
27 29 8 7 6 6 41 36 1.2307964141917545 
27 28 8 7 6 6 43 37 0.9206894134439856 
27 27 8 8 6 6 41 38 0.9071550750725401 
27 26 8 8 6 6 43 38 0.8836322784370039 
27 25 8 8 6 4 43 28 0.8528418056889351 
27 24 8 8 6 4 44 30 0.5381068687995609 
27 23 8 9 6 2 41 22 0.5073163960514924 
27 22 8 9 6 2 42 24 0.4546418527851954 
27 21 8 9 6 0 41 19 0.46793278307710595 
27 21 8 9 6 0 42 18 0.7962777473757716 
27 23 8 8 6 5 41 33 0.46793278307710595 
27 21 8 9 6 0 42 18 0.7962777473757716 
27 23 8 8 6 5 41 33 0.7626209495143108 
27 22 8 8 6 2 42 24 0.458607056869908 
27 21 8 9 6 0 41 18 0.7546905413448857 
27 22 8 8 6 2 42 26 0.46257226095462056 
27 21 8 9 6 0 41 17 0.8023708554791373 
27 23 8 8 6 3 42 26 0.46257226095462056 
27 21 8 9 6 0 41 17 0.46793278307710595 
27 21 8 9 6 0 42 18 0.5690959154963814 
27 23 8 9 6 4 41 22 0.5231772123903426 
27 22 8 9 6 2 42 20 0.458607056869908 
27 21 8 9 6 0 41 18 0.6185378406588464 
27 24 8 9 6 4 42 20 0.501955873929007 
27 22 8 9 6 2 41 23 0.46793278307710595 
27 21 8 9 6 0 42 18 0.7962777473757716 
27 23 8 8 6 5 41 33 0.7626209495143108 
27 22 8 8 6 2 42 24 0.458607056869908 
27 21 8 9 6 0 41 18 0.7550568343353257 
27 22 8 8 6 1 42 22 0.458607056869908 
27 21 8 9 6 0 41 18 0.7626209495143108 
27 22 8 8 6 2 42 24 0.458607056869908 
27 21 8 9 6 0 41 18 0.46793278307710595 
27 21 8 9 6 0 42 18 0.7417659040434151 
27 22 8 8 6 1 41 23 0.46793278307710595 
27 21 8 9 6 0 42 18 0.7568941344013853 
27 22 8 8 6 3 41 27 0.4556708778325282 
27 21 8 9 6 1 42 25 -1 
