140 140 0 0 14 14 14 14 3.513550426135575 
138 139 0 0 17 19 25 25 3.5623771573474983 
136 138 0 0 22 19 38 29 3.6459687363656066 
132 137 0 0 22 23 44 38 3.7608656909355593 
128 136 0 0 22 27 51 40 3.7526627787991296 
127 135 0 0 27 24 61 37 3.7584333144868625 
121 134 0 0 25 18 66 30 3.7605149050741584 
119 132 0 0 25 19 72 37 3.7508222001053344 
118 131 0 0 25 17 76 35 3.746448125647279 
116 130 0 0 28 16 82 36 3.739627486148263 
112 129 0 0 22 19 74 44 3.796666285770941 
111 128 0 0 33 24 86 48 3.8440926524647847 
105 126 0 0 33 25 93 52 4.22813088943408 
97 125 1 0 23 38 78 60 4.155360670898437 
93 123 1 0 27 38 78 62 3.996715083257081 
87 122 1 0 19 25 70 52 3.9352865495679685 
85 120 1 0 17 22 70 48 3.8985222312992045 
85 119 1 0 20 22 73 51 4.120467491938527 
79 118 2 0 16 23 63 48 4.221728449810292 
78 117 2 0 23 31 73 57 4.4755763363628995 
70 116 3 0 16 33 61 55 4.701862610858522 
68 115 4 0 17 34 62 61 4.643942894151072 
67 113 4 0 15 35 58 61 4.640599866615019 
66 111 4 0 17 37 64 67 4.600946577723755 
64 110 4 0 16 38 61 73 4.3984851251700094 
64 106 4 0 12 38 50 78 4.25519143533376 
63 102 4 0 13 33 57 82 3.677612767760537 
63 94 4 1 14 26 61 85 3.743513631473059 
59 88 5 1 12 20 60 68 3.72362800478814 
57 87 5 1 12 19 65 79 3.749112534916315 
58 86 5 1 16 18 78 82 3.7949498368865386 
59 85 5 1 15 18 86 82 3.7945418037265237 
58 84 5 1 16 18 88 78 3.8041173372069266 
56 83 5 1 13 18 85 69 3.8610422274986274 
55 82 5 1 21 24 94 77 3.7406860036263962 
49 81 5 1 12 30 65 86 3.9436388010788788 
43 80 6 1 13 23 66 70 3.9274831228751057 
42 78 6 1 14 24 72 78 3.887993353612934 
41 77 6 2 13 27 91 75 3.919471569197785 
45 76 6 2 16 29 99 72 3.9660607226289035 
44 75 7 2 15 34 75 84 3.785532869420105 
40 73 7 2 11 23 68 69 3.775839131294267 
41 72 7 2 11 25 68 70 3.6393373993805325 
41 70 7 2 11 24 64 78 3.7463662903610464 
39 69 7 2 11 29 71 83 3.634422220554237 
39 68 7 2 12 29 63 83 3.4931515530714528 
38 66 7 2 13 19 64 64 3.4520407205118935 
36 65 7 2 12 18 61 61 3.470123556652946 
35 64 7 2 12 21 63 68 3.237219212303308 
34 60 7 2 13 18 55 66 3.204706631435725 
32 58 7 2 13 16 58 61 3.2660417000549913 
31 57 7 2 12 18 63 61 3.2254000218065753 
31 56 7 2 12 16 63 55 3.2147225723320414 
30 55 7 2 12 16 64 54 2.950093183325735 
29 54 7 3 11 14 66 49 3.030194528692937 
28 53 8 3 10 15 48 49 3.0072737066149826 
27 52 8 3 10 14 51 53 2.7183638079026395 
25 51 8 4 6 13 47 53 2.678540665086109 
27 50 8 4 10 13 51 53 2.6614643948503973 
25 49 8 4 6 14 46 54 2.621641252033868 
27 48 8 4 10 14 50 54 2.6114845583223536 
25 47 8 4 6 14 46 51 2.571661415505824 
27 46 8 4 10 14 50 51 2.5182942471910623 
25 45 8 4 6 14 42 50 2.478471104374532 
27 44 8 4 10 14 46 50 2.4588515997856195 
25 43 8 4 6 14 42 50 2.4072597391113093 
27 42 8 4 10 13 46 49 2.3821800572495495 
25 41 8 4 6 12 42 46 2.3368967371601723 
27 40 8 4 10 11 46 43 2.3298943137411237 
25 39 8 4 6 11 42 39 2.281456723359281 
27 38 8 4 10 10 46 37 1.9948527316273177 
25 37 8 5 6 10 42 41 1.6911993719602052 
27 36 8 6 10 10 46 44 1.6715798673712923 
25 35 8 6 6 10 42 44 1.3750834116011972 
27 34 8 7 10 9 46 40 1.329620564316343 
25 33 8 7 6 6 42 34 1.2938000551043651 
27 32 8 7 10 5 46 28 1.2741805505154515 
25 31 8 7 6 5 42 28 1.2312031374064554 
27 30 8 7 10 5 46 29 1.2052750922326096 
25 29 8 7 6 5 42 31 0.9001641888972013 
27 28 8 8 10 3 46 25 0.8805446843082881 
25 27 8 8 6 3 42 25 0.5817702938549564 
25 26 8 9 6 2 41 22 0.5855829356599943 
24 25 8 9 5 2 43 22 0.6968887103998435 
23 24 9 9 4 2 30 22 0.6671673866971221 
23 23 9 9 4 2 30 22 0.631137522409468 
23 22 9 9 4 2 30 24 0.5873415738685857 
23 21 9 9 4 0 30 19 0.8855049283826522 
23 22 9 8 4 2 30 24 0.5873415738685857 
23 21 9 9 4 0 30 19 0.8855049283826522 
23 22 9 8 4 2 30 24 0.590495844161052 
23 21 9 9 4 0 30 18 0.6342917927019343 
23 22 9 9 4 2 30 23 0.590495844161052 
23 21 9 9 4 0 30 18 0.6970133629976146 
23 23 9 9 4 4 30 22 0.5936501144535183 
23 21 9 9 4 0 30 17 0.9152262520853736 
23 23 9 8 4 2 30 24 0.5936501144535183 
23 21 9 9 4 0 30 17 0.9716392817961211 
23 24 9 8 4 4 30 25 0.8760421175052531 
23 22 9 8 4 2 30 27 0.5873415738685857 
23 21 9 9 4 0 30 19 1.030233565889479 
23 26 9 8 4 5 30 30 0.9855892540365108 
23 25 9 8 4 4 30 30 0.9198380660461353 
23 23 9 8 4 4 30 32 0.5833389402640339 
23 21 9 9 4 1 30 25 -1 
