140 140 0 0 14 14 14 14 0.22014756210335745 
138 138 0 0 17 17 25 25 0.2721125918790868 
134 136 0 0 16 18 30 29 0.3233061744166547 
132 134 0 0 16 23 32 42 0.3661166269044783 
130 133 0 0 16 26 32 49 0.38733331566166895 
128 132 0 0 16 27 32 52 0.3391274554180541 
126 128 0 0 14 24 30 51 0.37773685901361265 
124 127 0 0 16 27 38 52 0.3832932282442244 
123 126 0 0 14 26 34 50 0.40273800165033663 
121 125 0 0 15 27 41 54 0.40518692663124745 
119 124 0 0 16 26 48 50 0.36168795525279906 
117 120 0 0 16 26 46 58 0.36865932566559895 
115 119 0 0 16 26 46 62 0.3784305188751031 
113 117 0 0 16 28 46 74 0.35191687818461037 
111 116 0 0 14 22 44 57 0.37104779313375286 
110 115 0 0 14 24 44 62 0.40009841069555985 
108 114 0 0 15 27 43 69 0.4434426827028969 
106 113 0 0 15 29 45 67 0.3958106445596123 
100 111 0 0 18 23 52 61 0.4181883077680194 
94 109 0 0 13 17 44 57 0.4510643070050939 
92 108 0 0 13 18 49 57 0.4443732755589349 
91 107 0 0 13 17 53 56 0.5343958312546548 
90 106 0 0 14 25 62 70 0.5730439940247238 
86 105 0 0 14 25 60 66 0.8485104724672875 
80 103 1 0 14 23 55 56 1.120175701049322 
78 102 2 0 15 25 55 59 1.390691450804999 
76 101 3 0 16 27 55 63 1.3809540230043882 
74 100 3 0 16 26 50 63 1.4174251050627795 
68 99 3 0 14 21 54 56 1.627436843257143 
67 98 4 0 15 19 52 53 1.9972307450726756 
63 97 5 0 12 23 52 58 2.006788123349982 
61 96 5 0 12 24 47 64 2.027327672700091 
59 95 5 0 9 23 39 65 2.1086047740107086 
57 94 5 0 9 29 42 77 1.7107946381309875 
56 88 5 1 8 22 40 70 1.6692496108291557 
55 82 5 1 8 25 39 76 1.6023178712197486 
54 78 5 1 8 22 44 69 1.624938346193674 
53 77 5 1 8 23 45 61 1.5769551013079224 
52 76 5 1 7 19 46 68 1.6137729938626537 
51 75 5 1 8 23 51 77 1.6258760991003982 
49 74 5 1 8 22 53 68 1.7073248253724205 
48 73 5 1 8 30 48 80 1.6670513497559107 
46 72 5 1 7 24 45 63 1.6061359168933214 
45 71 5 1 6 19 37 57 1.6160630278113912 
43 70 5 1 6 19 36 57 1.9283585164015768 
42 69 6 1 4 23 34 65 1.8866081490659883 
41 68 6 1 4 20 34 66 2.1072454696914886 
40 67 7 1 6 20 32 66 2.1526408436518163 
36 66 7 1 4 18 36 63 2.128912404897192 
35 65 7 1 4 16 32 54 2.129241209742221 
34 64 7 1 4 16 33 54 2.1318346259121324 
33 63 7 1 3 16 28 54 2.3649249929764173 
32 62 8 1 3 15 24 50 2.3526163079493845 
31 61 8 1 2 14 20 53 2.343619106295079 
30 60 8 1 3 14 22 52 2.378808813822954 
29 59 8 1 2 16 23 55 2.3717260865425165 
27 58 8 1 4 16 25 53 2.4024400812332223 
25 57 8 1 2 16 24 56 2.12556568997924 
24 55 8 2 3 16 27 59 2.3764799877554608 
23 54 9 2 2 16 22 60 2.366839993021907 
22 53 9 2 1 14 22 55 2.363727138605738 
21 52 9 2 0 13 18 50 2.1158508306524255 
21 50 9 3 0 16 18 57 2.0828526949198145 
21 49 9 3 0 14 19 52 2.0556101224891776 
21 47 9 3 0 14 19 51 2.027218071232183 
21 45 9 3 0 14 19 51 2.013022045603685 
21 44 9 3 0 14 19 51 1.6946170523266835 
21 42 9 4 0 11 19 51 1.6719231024855852 
21 41 9 4 0 10 19 47 1.6577270768570875 
21 40 9 4 0 10 19 47 1.392805627762681 
21 39 9 5 0 10 19 47 1.1290336574946318 
21 38 9 6 0 10 19 46 1.1256345137314507 
21 37 9 6 0 11 19 48 1.1114384881029535 
21 36 9 6 0 11 19 48 1.1041393354326037 
21 35 9 6 0 11 19 42 1.04100838821105 
21 34 9 6 0 7 19 39 1.0256628837561943 
21 33 9 6 0 7 19 40 0.7522435104491868 
21 32 9 7 0 6 19 36 0.7380474848206896 
21 31 9 7 0 6 19 36 0.723851459192192 
21 30 9 7 0 6 19 36 0.690360627485777 
21 29 9 7 0 4 19 30 0.6750151230309218 
21 28 9 7 0 4 19 31 0.6488727367107495 
21 27 9 7 0 3 19 30 0.6273282656960092 
21 26 9 7 0 2 19 25 0.613132240067512 
21 25 9 7 0 2 19 25 0.5943382991335825 
21 24 9 7 0 2 19 29 0.3209189258265753 
21 23 9 8 0 1 19 25 0.30167341246455076 
21 22 9 8 0 0 19 18 0.6301773812086062 
21 24 9 7 0 5 19 32 0.3351642441709658 
21 23 9 8 0 2 19 24 0.30167341246455076 
21 22 9 8 0 0 19 18 0.3209189258265753 
21 23 9 8 0 1 19 25 0.30167341246455076 
21 22 9 8 0 0 19 18 0.3459611260362824 
21 23 9 8 0 3 19 26 0.31017133667715147 
21 22 9 8 0 1 19 22 0.03790144219650153 
21 21 9 9 0 0 19 17 0.38859849563766774 
21 25 9 8 0 4 19 25 0.3158694380930484 
21 23 9 8 0 0 19 18 0.3385633879341463 
21 24 9 8 0 1 19 22 0.3158694380930484 
21 23 9 8 0 0 19 18 0.6432239280107459 
21 25 9 7 0 5 19 33 0.33286528651824987 
21 23 9 8 0 2 19 26 0.06174487086395785 
21 22 9 9 0 1 19 20 0.03790144219650153 
21 21 9 9 0 0 19 17 0.3351642441709658 
21 23 9 8 0 2 19 24 0.03790144219650153 
21 21 9 9 0 0 19 17 0.3363137229973237 
21 23 9 8 0 2 19 23 0.3090218578507935 
21 22 9 8 0 1 19 23 0.03790144219650153 
21 21 9 9 0 0 19 17 0.3744024700091701 
21 24 9 8 0 4 19 25 0.35790748672795697 
21 23 9 8 0 4 19 27 0.03790144219650153 
21 21 9 9 0 0 19 17 0.3459611260362824 
21 23 9 8 0 3 19 26 0.03790144219650153 
21 21 9 9 0 0 19 17 0.11292945739383721 
21 23 9 9 0 4 19 22 0.07484071038199039 
21 22 9 9 0 2 19 20 0.044100408756386336 
21 21 9 9 0 1 19 23 -1 
