140 140 0 0 14 14 14 14 0.07266292890811654 
138 138 0 0 17 17 25 25 0.16119954258800492 
134 137 0 0 16 20 30 32 0.19895379682791642 
132 136 0 0 16 22 32 35 0.18786640675211824 
130 135 0 0 16 20 32 33 0.17366459124514524 
128 134 0 0 16 18 32 34 0.28849795712641896 
126 133 0 0 14 25 30 43 0.23910875440913149 
124 132 0 0 16 21 38 40 0.2569456477044797 
123 131 0 0 14 21 34 41 0.2740030148390425 
121 129 0 0 15 23 41 46 0.2847980165683117 
119 128 0 0 16 23 48 45 0.3042229422297934 
117 127 0 0 16 24 46 48 0.30491675008030467 
115 126 0 0 16 23 46 47 0.3174252704000681 
113 124 0 0 16 25 46 59 0.2663374949058446 
111 120 0 0 14 21 44 54 0.2538919447960106 
110 118 0 0 14 21 44 53 0.2463087990190701 
109 117 0 0 14 21 41 56 0.2587838047958907 
107 116 0 0 14 21 41 56 0.2820018666886284 
105 115 0 0 14 22 41 58 0.3170011265076755 
103 114 0 0 14 24 41 61 0.27915696992905886 
102 112 0 0 13 21 40 58 0.3103824306932452 
101 110 0 0 13 25 39 63 0.2962222349746273 
100 108 0 0 13 26 39 76 0.5791052466732635 
94 107 1 0 12 21 40 57 0.5853171486109157 
93 106 1 0 12 21 44 56 0.8579439848771534 
92 105 2 0 11 23 37 61 0.7707012194401358 
91 101 2 0 11 19 36 56 0.7948581407478442 
89 100 2 0 10 19 34 54 0.7616195478228123 
87 96 2 0 10 18 38 53 0.730534057052017 
85 94 2 0 11 16 42 51 0.7651027843210142 
84 93 2 0 10 18 39 50 0.7658389503937554 
82 92 2 0 10 18 35 56 0.7730689185315287 
81 91 2 0 10 18 42 58 0.7834676406875656 
79 90 2 0 10 18 42 60 1.096202674815913 
75 89 3 0 9 19 41 59 1.1040945808011167 
74 88 3 0 8 19 38 59 1.0826397761105366 
74 87 3 0 8 18 36 52 1.074720401619128 
72 85 3 0 8 18 33 55 1.3200175036834367 
71 83 4 0 8 18 35 49 1.326973676939242 
69 81 4 0 8 19 35 54 1.6245892251963099 
67 80 5 0 8 22 35 57 1.8844455406536262 
65 79 6 0 8 22 34 58 1.9216953892455977 
63 77 6 0 6 24 31 66 1.912680417671137 
63 76 6 0 6 24 34 66 1.5602470155109989 
63 72 6 1 6 20 33 63 1.5460614104948498 
63 71 6 1 6 20 33 64 1.5114278350572579 
63 70 6 1 6 18 33 60 1.5020135823764678 
61 69 6 1 9 18 38 52 1.2744536017616017 
57 68 6 2 8 16 38 54 1.3149667155418239 
53 67 6 2 8 16 39 53 1.3301055385894998 
52 66 6 2 7 16 39 50 1.3862314796300699 
50 65 6 2 7 20 41 60 1.3605736442302814 
49 64 6 2 7 17 43 50 1.3484674495204876 
48 62 6 2 7 17 44 50 1.3253412771272364 
47 60 6 2 7 17 37 50 1.2481427813957848 
46 56 6 2 7 14 37 49 1.234319734075519 
45 54 6 2 7 14 36 48 1.206607897666905 
44 53 6 2 7 12 37 51 1.2215066477099614 
43 52 6 2 7 13 38 50 1.23294351167639 
41 51 6 2 7 13 38 51 1.2370992056035297 
40 50 6 2 7 13 39 48 0.9804710804202816 
39 49 6 3 6 12 38 52 0.9931468079431375 
38 48 7 4 6 13 37 50 0.9969062222970443 
37 47 7 4 5 13 31 50 0.9976081353929677 
36 46 7 4 5 13 31 49 0.9854907087521902 
35 45 7 4 5 12 31 48 0.9997026427497538 
33 44 7 4 5 12 30 45 1.0104488255512432 
32 43 7 4 5 13 31 48 1.280617664574427 
31 42 8 4 4 14 27 47 1.2615958029567897 
29 40 8 4 4 13 26 51 1.263468543226891 
27 39 8 4 2 10 23 44 1.2538660380023585 
26 38 8 4 3 10 26 45 1.3008946739977456 
25 37 8 4 2 13 25 47 1.0131948802828297 
24 36 8 5 2 10 23 43 1.043511757914838 
23 35 8 5 0 11 18 43 1.0307036501091213 
23 34 8 5 0 11 19 44 1.0161786896929317 
23 33 8 5 0 11 18 44 0.741286265349858 
23 32 8 6 0 10 19 44 0.7191326742489266 
23 31 8 6 0 9 18 39 0.7052864246328178 
23 30 8 6 0 9 19 41 0.43179157311044675 
23 29 8 7 0 8 18 37 0.41031669280959565 
23 28 8 7 0 7 19 34 0.3957917323934061 
23 27 8 7 0 7 18 34 0.34867817261915357 
23 26 8 7 0 4 19 31 0.07622146290717426 
23 25 8 8 0 3 18 26 0.06341335510145735 
23 24 8 8 0 3 19 27 0.03814533856935046 
23 23 8 8 0 2 18 25 0.01770860007889156 
23 22 8 8 0 1 19 21 -0.2568243932538716 
23 21 8 9 0 0 18 18 0.10012321415983291 
23 25 8 8 0 5 19 29 0.07381705581733426 
23 24 8 8 0 4 18 28 0.03952283577978267 
23 23 8 8 0 2 19 25 0.02603601717398492 
23 22 8 8 0 2 18 24 -0.25544689604343934 
23 21 8 9 0 0 19 18 0.052002820116443166 
23 23 8 8 0 3 18 24 -0.24574198173791378 
23 21 8 9 0 1 19 21 -1 
