140 140 0 0 14 14 14 14 3.428424088701491 
138 139 0 0 17 17 25 23 3.4836501835818363 
136 138 0 0 22 17 38 25 3.5938455707407617 
132 137 0 0 22 23 44 38 3.618752843337726 
128 135 0 0 22 23 51 41 3.4987212631076594 
127 131 0 0 27 20 61 46 3.5282003468951793 
121 130 0 0 25 16 66 40 3.6472897703636504 
119 129 0 0 25 23 72 50 3.6111260898894617 
118 128 0 0 25 19 76 46 3.647156888197625 
116 127 0 0 28 21 82 49 3.662214052426403 
112 126 0 0 24 24 76 52 3.7112460680176076 
111 125 0 0 36 28 89 54 3.766847044111271 
105 121 0 0 37 34 97 63 3.893047635361508 
97 120 1 0 24 25 81 53 3.9609460113515054 
89 118 1 0 19 27 82 57 4.030517220577739 
83 114 2 0 21 19 85 53 4.213617752008643 
83 112 2 0 22 35 93 78 4.116145284736871 
82 110 2 0 18 32 87 70 4.155857267613625 
81 109 2 0 23 36 93 74 4.054275489144685 
77 107 3 0 20 21 75 55 4.1533153001636665 
77 106 3 0 20 29 82 77 4.200557714264607 
76 105 3 0 25 30 91 71 4.278334518692669 
68 103 4 0 18 24 73 59 4.2837794988288 
66 102 4 0 21 24 77 55 4.4243420741011485 
58 96 5 0 11 25 70 63 4.047907600533407 
58 92 5 1 14 26 69 57 4.0051518231268615 
56 90 5 1 14 24 72 55 3.6141007511451146 
56 88 5 2 13 22 65 52 3.5802571609987983 
56 87 5 2 15 22 70 65 3.579740455832181 
54 86 5 2 16 20 72 51 3.691325940745862 
50 85 5 2 12 28 70 60 3.488642153080747 
50 84 5 2 13 22 61 57 3.484711604318989 
50 83 5 2 17 20 70 54 3.263237952137731 
49 82 5 3 20 24 72 53 3.4785544005200424 
41 81 6 3 9 24 55 51 3.425952860069553 
39 80 7 3 7 14 35 38 3.4144994944267766 
39 79 7 3 8 13 39 36 3.424139896294586 
38 77 7 3 8 18 40 45 3.4377543994569777 
38 76 7 3 8 18 45 46 3.412379988010555 
38 75 7 3 8 18 46 48 3.5459196566484232 
38 74 7 3 10 20 63 50 3.54650465754599 
36 73 7 3 8 22 61 55 3.494541867141312 
38 72 7 3 10 21 63 53 3.250253623923158 
36 66 7 3 8 16 61 55 3.246636398698952 
38 65 7 3 10 17 65 53 3.1328660688961545 
36 64 7 3 11 17 56 56 3.1208819519085003 
37 62 7 3 8 18 58 58 3.142188664139651 
37 61 7 3 8 21 60 63 3.024600154858236 
36 60 7 3 7 16 53 49 2.7718161712216602 
35 59 7 4 7 17 54 49 2.7372862563018168 
34 57 8 4 5 13 32 43 2.4670605306657163 
33 56 8 5 8 14 35 47 2.483009741273842 
31 55 8 5 6 11 41 45 2.4435826484884933 
27 54 8 5 6 8 41 42 2.4437516274923583 
26 53 8 5 5 8 42 40 2.262840238805987 
24 52 9 6 2 8 22 40 2.2350915303201147 
24 51 9 6 2 7 23 37 2.2173007249779855 
23 50 9 6 0 8 20 37 2.1219404815540894 
24 46 9 6 2 7 27 38 2.1198661874853104 
24 45 9 6 2 7 30 38 2.0643124661412227 
24 44 9 6 2 6 26 28 2.0838738479471886 
24 43 9 6 2 7 30 29 1.9730730968127048 
24 42 9 6 2 6 23 30 1.9360486266774595 
24 41 9 6 2 6 23 33 1.9066354766886877 
24 40 9 6 2 6 23 33 1.8746852199844255 
24 39 9 6 2 6 23 34 1.8628690073280503 
24 38 9 6 2 7 23 33 1.5045938517108766 
24 36 9 7 2 3 23 27 1.2183742312176986 
24 35 9 8 2 2 23 22 1.1813497610824535 
24 34 9 8 2 2 23 25 1.1395766968683096 
24 33 9 8 2 0 23 18 1.1938724849838676 
24 34 9 8 2 3 23 26 1.1470252073387412 
24 33 9 8 2 1 23 21 0.8633426935610545 
24 32 9 9 2 0 23 15 1.196409591699359 
24 34 9 8 2 3 23 25 1.1421138035838008 
24 33 9 8 2 0 23 17 1.4753435113981468 
24 35 9 7 2 2 23 21 1.1789754640430041 
24 34 9 8 2 1 23 20 1.1421138035838008 
24 33 9 8 2 0 23 17 1.277907042440281 
24 36 9 8 2 4 23 22 1.186423974513436 
24 34 9 8 2 2 23 23 1.1520994207697237 
24 33 9 8 2 1 23 19 0.8608055868455633 
24 32 9 9 2 0 23 16 1.186423974513436 
24 34 9 8 2 2 23 23 1.1520994207697237 
24 33 9 8 2 1 23 19 0.8608055868455633 
24 32 9 9 2 0 23 16 1.1913353782683764 
24 34 9 8 2 3 23 27 1.1495623140542326 
24 33 9 8 2 1 23 20 0.8608055868455633 
24 32 9 9 2 0 23 16 1.1595479312401553 
24 33 9 8 2 2 23 22 0.8608055868455633 
24 32 9 9 2 0 23 16 0.9697227824287631 
24 34 9 9 2 4 23 20 0.8633426935610545 
24 32 9 9 2 0 23 15 1.1394138871922677 
24 33 9 8 2 1 23 24 0.8633426935610545 
24 32 9 9 2 0 23 15 1.1394138871922677 
24 33 9 8 2 1 23 24 0.8633426935610545 
24 32 9 9 2 0 23 15 1.1938724849838676 
24 34 9 8 2 3 23 26 1.1470252073387412 
24 33 9 8 2 1 23 21 0.8633426935610545 
24 32 9 9 2 0 23 15 1.1470252073387412 
24 33 9 8 2 1 23 21 0.8633426935610545 
24 32 9 9 2 0 23 15 1.1938724849838676 
24 34 9 8 2 3 23 26 1.1470252073387412 
24 33 9 8 2 1 23 21 0.8633426935610545 
24 32 9 9 2 0 23 15 1.1938724849838676 
24 34 9 8 2 3 23 26 0.8633426935610545 
24 32 9 9 2 0 23 15 1.1470252073387412 
24 33 9 8 2 1 23 21 0.8633426935610545 
24 32 9 9 2 0 23 15 1.280444149155772 
24 36 9 8 2 4 23 21 1.1938724849838676 
24 34 9 8 2 3 23 26 1.1470252073387412 
24 33 9 8 2 1 23 21 0.8633426935610545 
24 32 9 9 2 0 23 15 1.004210145848517 
24 35 9 9 2 4 23 18 0.9697227824287631 
24 34 9 9 2 4 23 20 0.8633426935610545 
24 32 9 9 2 0 23 15 1.196409591699359 
24 34 9 8 2 3 23 25 0.8633426935610545 
24 32 9 9 2 0 23 15 1.1938724849838676 
24 34 9 8 2 3 23 26 1.1421138035838008 
24 33 9 8 2 0 23 17 1.1470252073387412 
24 33 9 8 2 1 23 21 0.8633426935610545 
24 32 9 9 2 0 23 15 0.8608055868455633 
24 32 9 9 2 0 23 16 1.1520994207697237 
24 33 9 8 2 1 23 19 0.8608055868455633 
24 32 9 9 2 0 23 16 0.9697227824287631 
24 34 9 9 2 4 23 20 0.8608055868455633 
24 32 9 9 2 0 23 16 0.9697227824287631 
24 34 9 9 2 4 23 20 0.8608055868455633 
24 32 9 9 2 0 23 16 1.1470252073387412 
24 33 9 8 2 1 23 21 0.8608055868455633 
24 32 9 9 2 0 23 16 1.1470252073387412 
24 33 9 8 2 1 23 21 0.8608055868455633 
24 32 9 9 2 0 23 16 1.1913353782683764 
24 34 9 8 2 3 23 27 0.8608055868455633 
24 32 9 9 2 0 23 16 0.9697227824287631 
24 34 9 9 2 4 23 20 0.9152641846371632 
24 33 9 9 2 2 23 18 0.8608055868455633 
24 32 9 9 2 0 23 16 1.1937096753078258 
24 34 9 8 2 4 23 32 1.1470252073387412 
24 33 9 8 2 1 23 21 0.8633426935610545 
24 32 9 9 2 0 23 15 1.1470252073387412 
24 33 9 8 2 1 23 21 0.8633426935610545 
24 32 9 9 2 0 23 15 1.196409591699359 
24 34 9 8 2 3 23 25 1.1421138035838008 
24 33 9 8 2 0 23 17 1.196409591699359 
24 34 9 8 2 3 23 25 1.1421138035838008 
24 33 9 8 2 0 23 17 1.4753435113981468 
24 35 9 7 2 2 23 21 1.1421138035838008 
24 33 9 8 2 0 23 17 1.144650910299292 
24 33 9 8 2 0 23 16 0.5347238302535865 
24 21 9 9 2 0 23 17 0.9365169673262141 
23 23 9 8 4 4 30 27 0.5883902385710051 
23 21 9 9 4 0 30 17 0.921457136709309 
23 23 9 8 4 3 30 27 0.5883902385710051 
23 21 9 9 4 0 30 17 0.8695356456332006 
23 22 9 8 4 1 30 24 0.5883902385710051 
23 21 9 9 4 0 30 17 0.9365169673262141 
23 23 9 8 4 4 30 27 0.5883902385710051 
23 21 9 9 4 0 30 17 0.8695356456332006 
23 22 9 8 4 1 30 24 0.5883902385710051 
23 21 9 9 4 0 30 17 0.6947703274387133 
23 23 9 9 4 4 30 22 0.642686026686563 
23 22 9 9 4 3 30 25 0.5883902385710051 
23 21 9 9 4 0 30 17 0.5882274288949633 
23 21 9 9 4 1 30 23 -1 
