140 140 0 0 14 14 14 14 1.7799814998456238 
138 139 0 0 17 19 25 25 1.8360379648074574 
134 137 0 0 16 21 30 32 1.8125874664103327 
132 135 0 0 18 18 39 29 1.8754325896905948 
130 134 0 0 22 21 50 32 1.9582681003980138 
126 133 0 0 23 25 56 44 1.9601544078912276 
124 132 0 0 22 23 59 43 1.9455155551083538 
123 131 0 0 21 21 60 38 1.9878518973385955 
122 130 0 0 23 25 65 46 2.0013561055256974 
118 129 0 0 19 24 60 47 1.9582686500358495 
117 125 0 0 22 25 69 52 1.998277393444032 
117 124 0 0 21 27 73 53 1.9552366769330163 
113 123 0 0 23 23 74 48 1.9567953207612743 
112 122 0 0 23 22 78 47 1.9391090228767645 
110 121 0 0 19 22 69 48 1.9157234464315076 
110 120 0 0 24 19 83 46 1.8867650764737134 
109 118 0 0 25 20 83 46 1.898642586049688 
107 117 0 0 28 20 91 50 2.2160981853241486 
99 116 1 0 27 23 85 52 2.436231407687528 
91 115 1 0 19 30 84 59 2.2547502108548825 
91 111 1 0 21 23 85 50 2.199910874714407 
89 110 1 0 21 19 84 45 2.4237126346814724 
88 109 2 0 23 23 80 60 2.370842199048596 
84 105 2 0 20 19 83 62 2.40206709816173 
82 104 2 0 21 20 86 55 2.4070708424092238 
80 103 2 0 21 20 87 55 2.517779914936537 
78 102 2 0 17 31 78 71 2.532396185318261 
77 100 2 0 19 35 81 75 2.514356508536644 
77 96 2 0 27 38 99 78 2.4616383154765917 
77 95 2 0 24 37 90 73 2.539846048311291 
76 94 2 0 25 43 94 78 2.487981721677003 
74 92 2 0 21 45 79 81 2.2773074634401174 
68 91 2 0 18 25 73 60 2.1207021337830754 
66 85 2 0 16 18 79 68 2.318897260531264 
65 84 3 0 15 19 73 85 2.244125955382946 
65 82 3 0 15 17 71 80 2.283753478983519 
65 81 3 0 14 18 75 72 2.3909976976180682 
57 80 3 0 20 18 92 69 2.721407324702314 
56 79 4 0 14 29 77 86 2.798528852902796 
56 78 4 0 15 35 81 85 2.696361424657021 
57 77 4 0 20 26 95 74 2.4808721591902647 
57 71 4 0 18 21 88 72 2.2312261888477862 
57 70 4 1 17 22 87 68 2.2820161796950638 
56 69 4 1 17 29 83 74 2.162096728925999 
54 68 4 1 16 28 65 76 2.355902989714852 
53 67 5 1 17 28 60 77 2.1240446523528105 
53 66 5 2 16 27 66 72 2.134735287514301 
51 64 5 2 14 27 68 72 2.047484730065687 
49 63 5 2 14 22 64 67 2.0065373553158916 
48 61 5 2 14 21 66 72 1.9833636573979123 
47 60 5 2 13 22 60 71 1.6837115828273046 
45 58 5 3 10 19 55 60 1.6914157961930667 
44 57 5 3 9 20 53 55 1.8717646759634157 
43 56 6 3 9 21 42 56 1.9056380682805443 
43 55 6 3 9 24 44 55 1.8555598614063076 
42 54 6 3 10 21 46 55 1.8738201410048998 
40 53 6 3 9 21 47 53 1.8106108501442104 
41 52 6 3 10 16 54 51 1.7991441494670588 
40 51 6 3 10 17 52 52 1.7533961945547545 
39 50 6 3 10 13 55 51 1.7476289098096034 
38 49 6 3 9 11 56 40 1.4180733794690064 
37 47 6 4 8 8 53 37 1.1465710948424304 
37 46 6 5 8 8 54 40 1.1055448301461201 
36 45 6 5 7 7 50 41 1.1363365335373705 
35 44 6 5 8 8 55 36 1.1430895023537508 
34 43 6 5 9 8 60 38 1.1101600366400273 
33 42 6 5 9 7 58 35 1.1040337912669602 
32 41 6 5 12 7 64 36 1.0566597565788627 
32 39 6 5 9 7 58 35 1.0237302908651391 
31 38 6 5 9 6 56 32 1.2249496517505931 
30 37 7 5 7 6 47 32 1.1988429390817783 
29 35 7 5 7 6 48 32 1.1755637091068714 
28 34 7 5 5 6 43 33 1.3287908105895936 
27 32 8 5 5 6 33 33 1.0704194025253548 
27 31 8 6 6 5 39 32 1.0510171020586638 
27 30 8 6 6 4 41 30 1.036865001140328 
26 29 8 6 6 4 41 32 0.7550098143659066 
25 28 8 7 6 2 41 26 0.7425533818738048 
24 27 8 7 6 0 44 21 0.9948420362353249 
23 28 9 7 4 4 30 31 0.9337210112637199 
23 27 9 7 4 0 30 21 1.2511224389733098 
23 29 9 6 4 2 30 24 1.2162811828647482 
23 28 9 6 4 1 30 24 0.9337210112637199 
23 27 9 7 4 0 30 21 0.965915158818578 
23 27 9 7 4 3 30 27 0.9069640291197409 
23 25 9 7 4 2 30 29 0.6351352400369983 
23 24 9 8 4 2 30 28 0.6213755291573988 
23 23 9 8 4 2 30 23 0.5802386745494121 
23 22 9 8 4 0 30 18 0.5865342730488371 
23 22 9 8 4 1 30 23 0.3084098854666693 
23 21 9 9 4 0 30 17 0.5957870608941696 
23 22 9 8 4 2 30 26 0.30693129079371556 
23 21 9 9 4 0 30 18 0.6476552980204421 
23 23 9 8 4 5 30 33 0.3132268892931405 
23 21 9 9 4 1 30 23 -1 
