140 140 0 0 14 14 14 14 4.261369605158787 
138 138 0 0 17 17 25 25 4.370195060770781 
136 137 0 0 22 22 38 30 4.421807205513042 
132 136 0 0 22 25 44 37 4.424224880042578 
128 135 0 0 22 23 51 40 4.426901202061923 
127 134 0 0 27 22 61 41 4.423460253771944 
121 132 0 0 25 20 66 40 4.447978952904701 
119 131 0 0 25 19 72 38 4.4093547481393385 
118 129 0 0 25 20 76 43 4.388137973027843 
116 127 0 0 28 20 82 42 4.303086602237232 
115 125 0 0 30 20 83 45 4.332699705578495 
111 124 0 0 33 24 86 50 4.411072352071512 
105 120 1 0 36 23 84 51 4.7422400692894175 
95 119 2 0 19 23 80 55 4.7803642113519516 
94 118 2 0 17 27 80 57 4.7726408701994325 
93 116 2 0 25 30 91 63 4.878000317432573 
91 115 2 0 25 36 96 65 4.7160808800360945 
89 114 2 0 21 38 76 69 4.520061206548369 
87 110 2 0 23 32 80 68 4.388808837798174 
86 104 2 0 25 36 89 79 4.478572617338427 
80 103 3 0 18 24 78 63 4.664548350161788 
80 102 3 0 20 42 86 86 4.590432905496723 
79 101 3 0 29 37 93 79 4.698535909820216 
69 100 4 0 19 31 72 69 4.3714794318147225 
68 94 4 0 18 21 72 64 4.093824184345531 
67 92 4 1 20 23 76 66 4.127105601941482 
65 91 4 1 21 26 82 73 4.139663817078353 
66 89 4 1 25 38 82 87 4.2489466293937195 
60 88 5 1 20 26 76 73 4.195115729213953 
62 86 5 1 20 24 79 67 4.133689275431526 
61 85 5 1 20 24 73 63 4.234850012967115 
57 84 5 1 23 28 87 73 4.0468562941134465 
55 82 5 1 18 18 82 66 3.9736933937769523 
54 81 5 1 18 18 80 71 4.002876327057337 
48 80 5 1 14 18 79 69 3.9829768366570226 
47 78 5 1 16 19 82 66 4.043437618202805 
45 77 6 1 13 21 58 66 4.12378386428347 
44 76 6 1 14 25 64 66 4.078922290260681 
43 75 6 1 14 25 64 69 3.977771102766654 
43 73 6 1 14 19 64 57 3.8226492187667764 
42 71 6 1 14 19 62 71 3.9182691347457315 
43 70 6 1 14 26 66 73 3.9546348585633377 
43 69 6 1 13 32 69 84 3.905657804951118 
42 68 6 1 12 17 82 66 3.910733518789033 
42 67 6 1 14 24 78 70 3.8188839093387204 
41 65 6 1 15 19 81 64 3.9035011000103106 
41 64 6 1 26 22 98 64 3.9354002880155603 
35 63 6 1 16 19 96 59 4.013096968307154 
31 62 7 1 10 18 75 58 4.060277944677489 
31 61 7 1 12 19 87 63 3.9986497837835757 
32 60 7 1 12 19 84 62 3.9880084191158542 
31 59 8 1 10 19 57 62 3.9942457883732825 
31 58 8 1 10 20 61 64 3.971440090501198 
31 57 8 1 10 22 57 61 3.890598690636986 
31 56 8 1 10 20 53 57 3.527874302302164 
31 54 8 2 12 17 54 54 3.5633500851540365 
29 53 8 2 10 19 59 60 3.4360751586180216 
29 52 8 2 10 18 48 56 3.1594426632840475 
29 51 8 3 10 19 49 58 3.112504025127505 
29 50 8 3 10 16 50 53 3.0334161345889425 
27 48 8 3 6 15 45 51 2.7498543096848005 
27 47 8 4 6 15 47 53 2.7063132006964707 
27 46 8 4 6 15 46 53 2.6195229867363286 
27 44 8 4 6 13 47 52 2.3214133394703014 
27 43 8 5 6 13 45 50 2.30975793479189 
27 42 8 5 6 12 47 46 2.2467567312692593 
27 41 8 5 6 11 45 45 2.240463335562554 
27 40 8 5 6 12 47 46 2.2041435601609085 
27 39 8 5 6 11 48 45 2.1464517880157263 
27 38 8 5 6 11 46 46 2.061973432561043 
27 37 8 5 6 9 41 41 2.0309630885368457 
27 36 8 5 6 9 42 42 1.982165125765325 
27 35 8 5 6 9 41 43 1.9669253430907003 
27 34 8 5 6 9 42 41 1.9287462430740767 
27 33 8 5 6 11 41 46 1.5751487298886204 
27 31 8 6 6 7 42 41 1.5210939133339094 
27 30 8 6 6 7 41 43 1.233789977650781 
27 29 8 7 6 5 42 38 0.9761678400518179 
27 28 8 8 6 6 41 33 0.9292292018952755 
27 27 8 8 6 3 42 28 0.8908923690958787 
27 26 8 8 6 2 41 24 0.8703431550438049 
27 25 8 8 6 1 42 20 0.8215451922722846 
27 24 8 8 6 1 41 21 0.7957391244370203 
27 23 8 8 6 0 42 18 1.0777336287427004 
27 24 8 7 6 1 41 21 0.7957391244370203 
27 23 8 8 6 0 42 18 0.9225386469835378 
27 26 8 8 6 4 41 24 0.8862714491761502 
27 25 8 8 6 4 42 26 0.8163409160833519 
27 24 8 8 6 2 41 25 0.8063579871919172 
27 23 8 8 6 2 42 22 0.4613622793636062 
27 21 8 9 6 0 41 18 0.5049559659461943 
27 22 8 9 6 1 42 21 0.4613622793636062 
27 21 8 9 6 0 41 18 0.5260359586732145 
27 22 8 9 6 2 42 20 0.4613622793636062 
27 21 8 9 6 0 41 18 0.5818158286091604 
27 23 8 9 6 4 42 22 0.4614148569578641 
27 21 8 9 6 1 41 21 -1 
