140 140 0 0 14 14 14 14 2.2624011100859636 
138 139 0 0 17 18 25 23 2.351420487685845 
134 138 0 0 16 21 30 30 2.3531141190700575 
132 136 0 0 18 20 39 31 2.369123901264565 
130 134 0 0 22 21 50 37 2.3836175737841545 
126 132 0 0 23 21 56 42 2.3883173251148513 
124 130 0 0 22 21 59 41 2.3892409685316616 
123 129 0 0 21 21 60 42 2.3954140221671993 
122 128 0 0 23 21 65 40 2.392249727436579 
118 126 0 0 19 22 60 45 2.398598556424353 
117 125 0 0 22 21 69 46 2.4125602351686584 
117 124 0 0 21 21 73 47 2.39450736993184 
113 123 0 0 24 20 75 48 2.412932747533466 
109 121 0 0 25 23 77 58 2.4683939825757615 
107 119 0 0 20 29 72 65 2.5379562559234023 
106 118 0 0 26 33 85 70 2.544311002843591 
102 117 0 0 21 30 82 65 2.614800167953124 
101 116 0 0 21 36 84 73 2.7036974934922506 
100 114 0 0 20 47 82 86 2.506095306938736 
101 113 0 0 24 32 90 71 2.5384951256666173 
99 112 0 0 23 35 90 79 2.4943239313384304 
97 111 0 0 18 34 79 75 2.6507828984851565 
96 109 1 0 20 34 74 73 2.485855562673153 
94 103 1 0 20 30 75 69 2.422687207029333 
88 97 1 0 28 32 88 81 2.4339262635138814 
80 96 1 0 18 25 81 73 2.7539606407319925 
79 95 2 0 18 36 73 78 2.7314548666721654 
79 94 2 0 18 34 76 74 2.5488254238299284 
78 92 2 0 20 21 81 62 2.5645363037104723 
79 90 2 0 20 21 91 63 2.2799134505550698 
78 89 2 1 19 21 89 70 2.091020303607293 
79 88 2 2 20 27 91 66 2.046589669927097 
78 87 2 2 20 25 91 67 1.888451215103766 
77 85 2 2 22 17 90 56 2.033004579111162 
76 83 2 2 25 29 99 69 1.861090279774633 
72 82 2 2 19 21 80 64 1.9490155729210523 
71 78 3 2 20 28 60 73 1.8920438281743257 
69 77 3 2 22 19 70 61 1.9563439595501855 
67 76 3 2 22 19 79 59 2.223249290642319 
65 75 4 2 20 23 74 67 2.290893046143812 
64 71 5 2 17 22 60 71 2.275275061896824 
58 70 5 2 15 18 57 64 2.272643975596485 
57 69 5 2 14 18 58 67 2.0424718887631146 
55 67 5 3 14 21 60 70 2.0787400137987486 
53 66 5 3 14 22 64 71 2.0472199820002333 
51 65 5 3 13 17 67 64 1.6839493651166684 
49 61 5 4 12 14 66 61 1.6776546038928977 
48 60 5 4 11 13 66 54 1.7357690451383616 
47 59 5 4 12 17 71 60 1.906055734382819 
46 58 6 4 13 19 60 60 2.2159351917805807 
38 57 7 4 10 17 60 53 2.21058944222153 
37 56 7 4 8 16 60 51 2.1828108314138057 
37 55 7 4 9 16 61 52 2.127222515692866 
36 54 7 4 9 14 59 51 2.146120028065297 
36 53 7 4 10 16 63 54 2.1119487317823555 
34 52 7 4 7 15 57 54 2.0626378035971613 
35 50 7 4 8 16 60 65 2.056627762931908 
34 49 7 4 8 15 65 73 2.0252912611033542 
33 48 7 4 8 14 61 58 1.9547089743696826 
33 47 7 4 8 13 57 60 1.9320115707465788 
33 46 7 4 11 10 63 44 1.9731558012228956 
34 45 7 4 9 16 62 57 1.9083611278403738 
34 44 7 4 8 15 56 53 1.8898393802695281 
36 43 7 4 12 15 64 51 1.821629594239871 
35 42 7 4 13 11 64 44 1.833745732507615 
33 41 7 4 12 10 66 40 1.5524105585535342 
31 40 7 5 8 10 58 42 1.509281305439373 
33 39 7 5 12 8 66 38 1.4843145509863651 
31 38 7 5 8 8 58 38 1.1936513812570602 
31 37 7 6 8 7 57 34 1.1697975391104898 
33 36 7 6 12 7 65 35 1.1431057412058514 
33 35 7 6 12 6 66 33 1.0957381428399342 
33 34 7 6 12 6 63 34 1.0722165269694324 
33 33 7 6 12 6 63 34 1.02662629346209 
33 32 7 6 12 6 60 34 1.0031046775915882 
33 31 7 6 12 6 60 34 0.7162429840240809 
33 30 7 7 12 5 60 32 0.6962760978707289 
33 29 7 7 12 5 60 30 0.6657828238042934 
33 28 7 7 12 4 60 26 0.6422612079337916 
33 27 7 7 12 4 60 26 0.30095726937625744 
32 25 7 8 12 2 56 22 0.2864662358151009 
31 24 7 8 12 2 56 22 0.28909627299807417 
30 23 7 8 12 1 60 21 0.4225543882845548 
29 22 8 8 10 0 45 18 0.47367114140532407 
27 23 8 8 6 1 40 22 0.45789027909678287 
27 22 8 8 6 0 42 18 0.4574027429855927 
26 22 8 8 6 1 40 23 0.18322934987275646 
26 21 8 9 6 0 41 18 0.5528674454295621 
25 24 8 8 5 4 39 26 0.5032425184120076 
24 23 8 8 5 1 39 22 0.6605466161939033 
23 22 9 8 3 0 27 18 0.789004526854136 
23 25 9 8 4 4 30 24 0.7619281812664844 
23 24 9 8 4 4 30 26 0.6727793978731493 
23 22 9 8 4 0 30 18 0.7032726719395846 
23 23 9 8 4 1 30 22 0.6727793978731493 
23 22 9 8 4 0 30 18 0.7155764247112423 
23 23 9 8 4 2 30 23 0.6779736912105075 
23 22 9 8 4 1 30 23 0.39644409221872445 
23 21 9 9 4 0 30 18 0.4927023350463591 
23 23 9 9 4 4 30 22 0.4515448718284746 
23 22 9 9 4 3 30 24 0.4051931152732323 
23 21 9 9 4 1 30 21 -1 
