140 140 0 0 14 14 14 14 4.179141074400005 
138 139 0 0 17 17 25 21 4.256453972626536 
136 138 0 0 22 20 38 27 4.264242250285806 
132 137 0 0 22 18 44 28 4.263233618827533 
128 135 0 0 22 17 51 29 4.248902474022375 
127 133 0 0 27 20 61 40 4.276287290952823 
121 131 0 0 25 21 66 43 4.272467996646967 
119 130 0 0 25 18 72 41 4.291286132136186 
118 129 0 0 25 18 76 39 4.323121131021239 
116 128 0 0 28 20 82 41 4.268348454407703 
115 126 0 0 30 24 83 51 4.166719212305179 
111 124 0 0 33 20 86 51 4.192305399770093 
105 122 0 0 28 19 88 47 4.2219764796366475 
99 121 0 0 24 19 87 45 4.220045429654182 
99 119 0 0 25 25 88 51 4.136195311914048 
99 118 0 0 29 20 92 47 4.113733032878332 
93 116 0 0 28 20 93 48 4.1742983380347995 
91 115 0 0 32 30 97 64 4.247958424591725 
87 111 1 0 34 29 95 66 4.6592014497176955 
79 110 2 0 28 45 91 86 4.8056883201772145 
71 109 3 0 24 41 79 79 5.01962523316267 
65 108 4 0 17 35 70 60 5.1502685610032115 
64 107 4 0 18 49 79 87 5.2015818591122525 
62 106 4 0 15 57 76 96 4.9064885253089905 
61 102 4 0 23 44 83 90 5.120356566685156 
53 101 5 0 19 41 75 80 5.000838389327816 
52 99 5 0 18 47 67 97 5.025652693842448 
46 98 6 0 10 31 53 77 5.0684319781758775 
45 97 6 0 8 32 52 67 5.084063050220485 
45 96 6 0 9 34 58 73 5.0427526657007204 
44 95 6 0 9 24 68 63 5.03831067764064 
42 94 6 0 9 35 59 77 5.0309686775120035 
41 93 7 0 7 21 47 59 5.0938067463828975 
40 92 7 0 9 23 54 57 5.1224463314371995 
39 91 7 0 9 24 59 58 5.27206613615164 
35 90 8 0 6 21 51 55 5.208702036253573 
34 89 8 0 6 19 50 54 5.248489062303648 
33 88 8 0 6 22 55 59 5.172635605374343 
32 87 8 0 8 25 55 75 5.213965158338045 
30 86 8 0 7 22 57 58 5.19807400441836 
30 85 8 0 8 20 62 56 5.1504033768247375 
32 84 8 0 12 19 66 55 5.052861420562581 
30 82 8 0 8 18 60 55 4.975108063690451 
32 81 8 0 10 18 58 55 4.937907471500245 
33 80 8 0 11 18 59 55 4.923526607200874 
32 79 8 0 10 19 58 55 4.870121737113913 
31 78 8 0 10 17 57 52 4.841258353444201 
30 77 8 0 9 20 57 63 4.5118716085252295 
29 75 8 1 10 18 55 54 4.465843245081038 
30 74 8 1 12 18 58 58 4.452242941149114 
28 73 8 1 8 17 58 59 4.391984877077187 
26 72 8 1 6 16 54 59 4.344952600637955 
26 71 8 1 6 16 52 58 4.352142694794164 
25 70 8 1 4 17 52 57 4.106422041713386 
24 69 8 2 5 17 58 59 4.117449388740811 
23 68 9 2 4 16 35 56 4.078318464843642 
23 67 9 2 4 15 35 54 3.755493040729064 
23 65 9 3 4 15 35 54 3.6883786339304976 
23 63 9 3 4 15 35 54 3.659801045436766 
23 62 9 3 4 15 35 53 3.626243842037483 
23 61 9 3 4 15 35 53 3.5993997799955957 
23 60 9 3 4 12 37 46 3.5353707815706663 
23 59 9 3 4 11 37 49 3.469720146448807 
23 57 9 3 4 11 35 45 3.4084809111312735 
23 56 9 3 4 11 32 45 3.3599848630153346 
23 55 9 3 4 11 32 48 3.359227086685874 
23 54 9 3 4 10 34 42 3.28876050739559 
23 53 9 3 4 10 30 42 3.2552033039963066 
23 52 9 3 4 10 30 42 3.211092765193586 
23 51 9 3 4 9 30 41 3.1992363381935127 
23 50 9 3 4 12 30 46 3.170064644107448 
23 49 9 3 4 11 30 42 3.1371015463004985 
23 48 9 3 4 12 30 45 3.1140976783046534 
23 47 9 3 4 13 30 46 3.0699871395019325 
23 46 9 3 4 12 30 45 2.9767864469909386 
23 44 9 3 4 10 30 44 2.687518226275644 
23 43 9 4 4 10 30 44 2.6434076874729224 
23 42 9 4 4 9 30 43 2.6198097138847434 
23 41 9 4 4 9 30 41 2.5868466160777945 
23 40 9 4 4 10 30 44 2.5477156921806254 
23 39 9 4 4 9 30 42 2.5247118241847804 
23 38 9 4 4 10 30 43 2.480601285382059 
23 37 9 4 4 9 30 42 2.4315111316737856 
23 36 9 4 4 8 30 42 2.1428370165508253 
23 35 9 5 4 9 30 45 1.8635280256466347 
23 34 9 6 4 9 30 43 1.8293767166550179 
23 33 9 6 4 8 30 40 1.7852661778522967 
23 32 9 6 4 7 30 39 1.7517089744530134 
23 31 9 6 4 7 30 39 1.472399983548823 
23 30 9 7 4 7 30 37 1.433269059651654 
23 29 9 7 4 6 30 35 1.3891585208489332 
23 28 9 7 4 5 30 34 1.37113426775864 
23 27 9 7 4 6 30 34 1.3325974494538046 
23 26 9 7 4 6 30 35 1.3034257553677395 
23 25 9 7 4 5 30 31 1.2648889370629046 
23 24 9 7 4 5 30 32 1.2462705783802779 
23 23 9 7 4 5 30 29 0.9353015812657732 
23 22 9 8 4 2 30 24 0.6448451493658105 
23 21 9 9 4 0 30 18 0.9247482458623353 
23 22 9 8 4 1 30 23 0.6448451493658105 
23 21 9 9 4 0 30 18 0.9788180144761606 
23 23 9 8 4 2 30 22 0.6789964583574277 
23 22 9 9 4 1 30 21 0.6448451493658105 
23 21 9 9 4 0 30 18 0.6951235142587516 
23 22 9 9 4 3 30 24 0.6448451493658105 
23 21 9 9 4 0 30 18 0.7976893309885159 
23 24 9 9 4 4 30 20 0.754172897778129 
23 23 9 9 4 4 30 22 0.6995090235719698 
23 22 9 9 4 2 30 20 0.6448451493658105 
23 21 9 9 4 0 30 18 0.6951235142587516 
23 22 9 9 4 3 30 24 0.6448451493658105 
23 21 9 9 4 0 30 18 0.6255207953359363 
23 21 9 9 4 1 30 25 -1 
