140 140 0 0 14 14 14 14 0.5132935969350141 
138 139 0 0 17 17 25 21 0.5914204102729155 
134 137 0 0 16 21 30 33 0.6060560684193858 
132 136 0 0 16 21 32 33 0.5485671885207543 
130 132 0 0 16 20 32 38 0.6056393738393308 
128 131 0 0 16 24 32 41 0.6095354531707445 
126 130 0 0 14 22 30 39 0.6358778463650694 
124 129 0 0 16 24 38 44 0.6646170221707881 
122 127 0 0 17 27 44 50 0.6264813427467679 
121 125 0 0 15 24 41 47 0.6201912298095292 
119 123 0 0 16 24 48 52 0.5892394217904323 
117 122 0 0 16 21 46 49 0.5984677672455877 
115 121 0 0 16 21 46 49 0.5961051657730969 
113 120 0 0 16 20 46 48 0.6288538772760924 
111 119 0 0 14 21 44 53 0.63316064984968 
110 118 0 0 14 21 44 48 0.6194260261257771 
108 117 0 0 15 20 43 45 0.6445388903017812 
106 115 0 0 15 23 45 54 0.6107621450169302 
105 111 0 0 14 24 46 62 0.6593385204009287 
101 110 0 0 15 25 52 64 0.9627219078351981 
95 109 1 0 16 24 59 63 1.057773674930565 
95 108 1 0 15 31 65 69 1.104660884757336 
89 107 1 0 16 31 65 69 1.054044684057408 
87 106 1 0 15 26 60 64 1.0376439272716347 
85 105 1 0 15 24 58 60 0.9836131110269994 
83 103 1 0 15 20 58 57 1.060000471683856 
82 102 1 0 16 25 73 67 1.3395708255922025 
76 101 2 0 17 25 68 69 1.78287448143478 
72 100 3 0 12 34 65 74 1.9428228460850048 
70 99 4 0 10 26 51 60 1.891486125840454 
70 98 4 0 8 21 50 54 1.9870473993473219 
69 97 4 0 8 30 49 65 1.8415981053019885 
67 96 4 0 10 20 46 60 1.8589314949686147 
65 94 4 0 8 21 44 65 1.943862000115681 
64 93 4 0 8 28 46 71 1.791013175621694 
62 89 4 0 11 20 52 66 1.7744660850968799 
60 88 4 0 10 19 43 66 1.5514513500164175 
58 87 4 1 10 19 45 57 1.5648160694144377 
58 86 4 1 10 20 53 61 1.6102701516950753 
57 85 4 1 10 23 57 62 1.5547107098884347 
53 84 4 1 10 18 47 60 1.552335205925488 
51 82 4 1 8 17 43 57 1.5819761756180393 
49 81 4 1 8 18 49 63 1.9139428128009952 
48 79 5 1 9 27 50 68 1.9044363985243302 
46 78 5 1 9 26 49 70 1.8352412156034577 
45 72 5 1 10 27 58 80 2.0053153642365547 
44 71 6 1 9 24 39 78 2.0022524216647803 
43 70 6 1 8 22 40 70 2.0100766954128284 
42 69 6 1 7 22 37 65 1.7711207927218449 
41 68 6 2 6 23 34 66 1.757916409756431 
40 67 6 2 6 22 34 64 1.7052801048733306 
39 66 6 2 5 17 35 63 1.6965228560313879 
38 65 6 2 5 17 34 65 1.450952077528994 
38 64 6 3 6 17 46 65 1.7079003581087957 
37 63 7 3 6 18 43 61 1.7054976980355563 
36 61 7 3 4 17 43 57 1.6947030001719923 
35 60 7 3 5 17 45 58 1.4556745065438164 
34 59 7 4 4 16 50 56 1.4434757369731452 
34 58 7 4 4 16 49 52 1.4292840193295946 
34 57 7 4 4 16 50 53 1.4185653019117628 
34 56 7 4 4 16 49 48 1.4131507606292215 
34 55 7 4 5 16 57 48 1.4051426772220015 
34 54 7 4 5 17 56 50 1.3902289502540215 
32 53 7 4 5 16 53 52 1.3945051772087764 
31 52 7 4 6 18 52 55 1.3332860472112253 
29 50 7 4 7 14 52 49 1.320184549875564 
28 48 7 4 7 14 54 49 1.3029440959164202 
27 47 7 4 5 13 45 49 1.47857959896037 
26 43 8 4 6 12 43 45 1.479003611944223 
25 42 8 4 5 12 40 45 1.4903523645316847 
24 41 8 4 3 13 33 47 1.4922564296683773 
23 40 8 4 2 13 30 46 1.4714984745347728 
22 39 8 4 1 12 24 46 1.4504112390670656 
21 38 9 5 0 11 18 45 1.424774908234911 
21 37 9 5 1 9 26 41 1 
