140 140 0 0 14 14 14 14 2.540146811000885 
138 138 0 0 17 17 25 25 2.5764271625380797 
134 136 0 0 16 18 30 30 2.596304584242432 
132 135 0 0 21 16 43 29 2.707357358423824 
128 134 0 0 22 20 51 33 2.7044571938854767 
126 133 0 0 23 18 56 31 2.7332297315904897 
124 132 0 0 22 19 59 36 2.744012390367787 
123 131 0 0 21 20 60 38 2.747584614959749 
122 130 0 0 23 20 65 38 2.7345366973239464 
121 129 0 0 25 18 71 36 2.7805911652533317 
117 128 0 0 22 20 69 38 2.796225998509475 
117 127 0 0 21 20 73 38 2.7706400771144915 
113 125 0 0 23 21 74 44 2.6727916954786473 
112 121 0 0 23 19 78 48 2.710935583059397 
111 119 0 0 38 24 98 51 2.7554623124498545 
105 118 0 0 26 22 89 49 2.843452606794843 
99 117 0 0 25 26 90 55 2.7772888057896488 
95 115 0 0 23 22 88 53 2.738229652823076 
95 111 0 0 28 26 97 62 2.7969975549670494 
94 109 0 0 25 34 94 71 3.0853386258497917 
93 108 0 0 32 59 105 106 3.2317076191147076 
85 107 1 0 27 47 97 85 2.9653252440631603 
84 101 1 0 23 34 98 77 2.948979788657667 
80 100 2 0 18 26 70 70 3.236617274957582 
80 99 2 0 21 43 87 87 3.546771707607266 
72 97 3 0 19 45 87 88 3.578505690164754 
64 96 4 0 15 32 69 73 3.675994573683122 
63 95 4 0 15 36 76 72 3.310270004433651 
61 87 4 0 14 29 65 74 3.2169851649125834 
60 86 4 0 14 22 68 74 3.2124152395579815 
59 85 4 0 17 19 76 64 3.5287817531344965 
51 84 5 0 17 19 77 55 3.7327538028787384 
47 83 6 0 16 23 64 63 4.01034108715901 
39 82 7 0 7 21 56 66 4.210843323196887 
37 81 8 0 6 23 46 65 4.198806509485244 
37 80 8 0 5 23 47 67 4.293991853139425 
37 79 8 0 5 27 54 63 4.2075850954482075 
35 78 8 0 5 23 50 58 4.174708700376382 
34 77 8 0 7 21 54 58 4.1536786175149025 
33 76 8 0 5 22 50 61 4.148968652764885 
32 75 8 0 5 22 51 59 4.019852692019763 
31 73 8 0 5 20 43 57 4.083892654547315 
29 72 8 0 5 20 53 60 4.111057811196927 
28 71 8 0 4 19 60 63 4.102166952932688 
28 70 8 0 5 18 63 55 4.055914058970941 
27 68 8 0 5 22 57 62 4.01726773388701 
26 66 8 0 4 22 57 65 3.974496234002655 
27 64 8 0 5 27 53 72 3.86641035611901 
27 63 8 0 7 24 49 67 3.813499978180391 
25 62 8 0 6 22 46 68 3.5307869073513274 
24 60 8 1 4 21 47 68 3.6636238496943485 
23 59 9 1 4 19 34 52 3.6282512429236258 
23 58 9 1 4 18 34 50 3.344024138262776 
23 57 9 2 4 20 32 59 3.025315344877705 
23 55 9 3 4 18 34 60 2.72510396444003 
23 54 9 4 4 17 32 56 2.6950623508016016 
23 53 9 4 4 16 34 59 2.6502166125260915 
23 52 9 4 4 15 32 54 2.6326014140051446 
23 51 9 4 4 14 34 51 2.6394495272437277 
23 50 9 4 4 15 36 50 2.6190758043478026 
23 49 9 4 4 13 40 49 2.3133386715401176 
23 48 9 5 4 13 36 47 2.295036017830439 
23 47 9 5 4 11 40 45 1.9812093675154823 
23 46 9 6 4 10 36 40 1.9397657629148473 
23 44 9 6 4 8 40 37 1.8579690446333814 
23 42 9 6 4 8 36 37 1.8327570245561768 
23 41 9 6 4 8 36 37 1.793929734601691 
23 40 9 6 4 8 34 36 1.7687177145244863 
23 39 9 6 4 8 34 36 1.75919203351081 
23 38 9 6 4 8 36 36 1.6869209962430207 
23 37 9 6 4 8 30 36 1.669798493673087 
23 36 9 6 4 9 30 39 1.6344258869023647 
23 35 9 6 4 8 30 37 1.6193744535186778 
23 34 9 6 4 9 30 39 1.5777886391892144 
23 33 9 6 4 8 30 40 1.558789826670751 
23 32 9 6 4 8 30 37 1.2620331294168394 
23 31 9 7 4 6 30 32 1.222518384273623 
23 30 9 7 4 5 30 32 1.1931642258239243 
23 29 9 7 4 5 30 34 1.1658811365604727 
23 28 9 7 4 5 30 35 1.1385980472970207 
23 27 9 7 4 5 30 36 1.1216703039648044 
23 26 9 7 4 5 30 32 1.084226628007835 
23 25 9 7 4 4 30 31 1.0509250904233594 
23 24 9 7 4 3 30 28 0.7643289798629657 
23 23 9 8 4 2 30 25 0.44650240090434334 
23 21 9 9 4 0 30 18 0.5021961810621014 
23 22 9 9 4 3 30 24 -1 
