140 140 0 0 14 14 14 14 0.6418018965612866 
138 139 0 0 17 19 25 25 0.7111208907838928 
134 138 0 0 16 20 30 28 0.724429772044431 
132 136 0 0 18 22 39 37 0.7229160442558107 
130 135 0 0 18 21 40 37 0.710968029983537 
128 134 0 0 18 19 41 35 0.7283844170510917 
126 133 0 0 18 20 41 38 0.7367024333250488 
124 132 0 0 18 20 41 38 0.6952878087587028 
122 130 0 0 18 17 41 34 0.7421711098195245 
120 129 0 0 16 19 39 37 0.8379711650328673 
118 128 0 0 16 27 39 50 0.8952887525773416 
116 127 0 0 14 30 37 55 0.9538508160348492 
114 126 0 0 16 35 43 64 0.9788643898914973 
113 125 0 0 14 36 42 67 0.82373812242701 
111 121 0 0 17 27 51 62 0.852006738939427 
109 120 0 0 16 28 50 63 0.8640256946348027 
107 119 0 0 15 28 46 59 0.8522622798223944 
105 118 0 0 16 27 49 63 0.8828041158991267 
104 117 0 0 15 29 50 68 0.8765151946948433 
102 116 0 0 16 28 51 63 0.8063466657795471 
101 115 0 0 15 22 50 60 0.8056053379407634 
100 114 0 0 16 22 54 59 0.8865533593928075 
94 113 0 0 19 26 58 64 0.8932200296689389 
92 112 0 0 18 25 58 64 1.2013164588183667 
88 111 1 0 17 25 61 60 1.34221879363923 
82 110 1 0 15 30 61 63 1.56854739352374 
81 108 2 0 15 30 60 63 1.8958919925964763 
73 107 3 0 12 27 60 61 2.152719299965757 
67 106 4 0 11 23 56 57 2.1090784370857563 
66 105 4 0 11 20 55 55 2.13471424889892 
65 104 4 0 11 22 58 60 2.189612253097669 
64 102 4 0 11 29 58 73 2.1254462013625735 
64 101 4 0 11 26 54 70 2.1418014931396674 
63 100 4 0 12 25 66 66 2.1033110709009954 
62 99 4 0 11 20 67 54 2.3733182639806345 
56 97 5 0 11 19 67 59 2.4222205267316927 
56 96 5 0 13 22 85 67 2.3924963413560763 
55 95 5 0 12 25 64 73 2.3827850233542076 
54 94 5 0 11 25 55 64 2.365930984818366 
52 93 5 0 12 23 58 62 2.455580539855107 
50 92 5 0 9 29 52 71 2.4706380756329307 
48 91 5 0 8 32 41 77 2.4123619570802233 
47 90 5 0 7 26 42 70 2.510833843673675 
45 89 5 0 7 34 42 81 2.4592373035712414 
44 88 5 0 6 28 43 69 2.3738896987784623 
44 87 5 0 7 21 50 61 2.303568238361898 
43 86 5 1 7 34 60 75 2.269463384772146 
42 85 5 1 8 32 61 72 2.223579706349662 
41 84 5 1 9 28 66 68 2.158622227218509 
39 82 5 1 7 24 55 62 2.1581573030066394 
37 81 5 1 8 24 55 60 2.1489004512598906 
36 80 5 1 7 22 57 58 2.3558782394104276 
35 79 6 1 8 22 50 61 2.3289160531850945 
34 78 6 1 9 19 58 60 2.6052229291249627 
32 77 7 1 5 21 43 63 2.6071144059854308 
30 76 7 1 5 20 43 58 2.615767183712574 
29 75 7 1 5 21 44 61 2.594913656375566 
28 74 7 1 3 19 41 64 2.588345881326977 
27 73 7 1 2 19 35 60 2.337355009309119 
27 72 7 2 4 20 42 58 2.5254113052625056 
26 71 8 2 5 19 32 58 2.5517217681283513 
24 70 8 2 2 19 27 58 2.520289049617904 
23 68 8 2 1 17 25 51 2.5356518098171534 
23 67 8 2 2 18 34 51 2.7580921169037924 
22 66 9 2 2 18 27 51 2.7628482828732346 
21 65 9 2 0 18 23 52 2.757106676386442 
21 64 9 2 1 20 24 58 1 
