140 140 0 0 14 14 14 14 4.074961833929347 
138 139 0 0 17 19 25 25 4.1064900904734865 
136 137 0 0 22 22 38 35 4.044372611397023 
132 133 0 0 22 25 44 48 4.125231378844635 
128 132 0 0 22 27 51 49 4.183443326726037 
127 131 0 0 27 29 61 49 4.19303244017861 
121 130 0 0 25 24 66 43 4.198245907535712 
119 129 0 0 25 23 72 46 4.206380965609558 
118 128 0 0 25 24 76 50 4.139419709532582 
116 126 0 0 28 20 82 46 4.101869195926103 
112 125 0 0 26 18 78 40 4.33926299796512 
106 123 1 0 20 24 73 56 4.1719478273514685 
105 119 1 0 28 19 83 55 4.235643794915477 
103 118 1 0 32 18 94 48 4.225921465814527 
97 117 1 0 20 18 83 48 4.2660538260494105 
93 116 1 0 18 22 81 50 4.364208613515998 
92 115 1 0 25 30 91 59 4.406161277143251 
86 114 1 0 26 33 94 65 4.5313319822809595 
80 113 2 0 16 31 77 67 4.431715473436086 
78 112 2 0 17 20 81 52 4.61416804086114 
76 110 3 0 16 25 75 61 4.5957026067296 
74 106 3 0 15 37 76 85 4.463959346584208 
74 105 3 0 15 31 74 82 4.507593654322848 
73 104 3 0 15 30 82 79 4.479246611274033 
72 103 3 0 17 33 84 91 4.424835037244791 
68 102 3 0 13 26 85 85 4.382457852222618 
67 101 3 0 13 18 89 68 4.458757943667431 
66 100 3 0 13 18 97 61 4.366990513287903 
62 98 3 0 13 17 92 58 4.534113126729566 
61 97 3 0 19 32 101 76 4.425987724516428 
59 95 4 0 17 25 75 68 4.432892603652533 
59 93 4 0 15 28 78 72 4.341439717494337 
59 92 4 0 14 33 73 95 4.251849958616105 
58 91 4 0 16 30 72 93 4.359419472032841 
58 90 4 0 22 26 92 78 4.322446275966065 
57 89 4 0 15 28 79 72 4.2192274704062145 
56 85 4 0 15 28 80 69 3.7331286510126116 
55 81 4 1 16 19 86 72 3.9477128440920333 
54 80 4 1 21 35 93 80 3.703211401400203 
50 79 5 1 16 21 54 66 3.7873618192482783 
51 78 5 1 16 21 65 61 3.773787598939867 
52 76 5 1 18 19 80 69 3.743126709162532 
52 75 5 1 19 22 82 82 3.815021307622028 
51 74 5 1 12 19 87 71 3.7843150464478774 
50 73 5 1 13 26 83 87 3.7845664010650815 
50 71 5 1 18 28 89 83 3.7761777174549627 
51 70 5 1 18 28 89 76 3.7494516932697954 
45 69 6 1 11 24 59 73 3.490421842271304 
46 67 6 2 12 16 77 65 3.477070067183379 
46 66 6 2 12 20 70 60 3.093300931961913 
46 65 6 3 12 15 69 62 2.828601413337972 
46 63 6 4 12 17 68 54 2.7950723959390595 
45 62 6 4 11 23 67 77 2.8360374661941954 
46 61 6 4 17 26 75 76 2.712879687102926 
45 60 6 4 14 18 71 66 2.716823202617952 
46 59 6 4 16 15 80 61 2.702259287005118 
45 58 6 4 23 15 82 50 2.7512853714281005 
37 57 7 4 11 15 50 51 2.778602001704195 
37 56 7 4 11 17 55 55 2.7996059225952075 
38 54 7 4 12 20 64 62 2.7989147737305595 
38 53 7 4 13 19 70 62 2.7169235997656913 
38 52 7 4 13 14 68 51 2.679949515936017 
38 51 7 4 13 14 68 52 2.5943650155653066 
38 49 7 4 14 15 64 50 2.2766147307335247 
40 48 7 5 12 15 65 60 2.2197662498676882 
41 47 7 5 12 14 67 65 1.9557496002110657 
41 46 7 6 12 15 67 63 1.9899541922374262 
41 45 7 6 12 12 71 45 1.870765755233255 
40 44 7 6 12 11 65 50 1.832243711646108 
38 43 7 6 14 9 64 41 1.7683365637029005 
36 42 7 6 12 9 61 48 1.8475926016557402 
36 41 7 6 12 9 69 39 1.7399032623967732 
36 40 7 6 12 8 63 40 1.7001644241910447 
36 39 7 6 12 7 63 38 1.6631903403613704 
36 38 7 6 12 7 63 39 1.613448210047442 
34 37 7 6 12 7 59 37 1.3875163910082522 
30 36 7 7 10 8 60 37 1.5047857686687318 
29 35 8 7 10 8 50 39 1.4323467909655472 
29 34 8 7 10 8 48 44 1.4782909007498133 
29 33 8 7 10 7 55 37 1.4507206449374466 
29 32 8 7 10 6 54 30 1.425054466721003 
29 31 8 7 10 7 54 32 1.2840531992934614 
29 30 8 7 10 5 47 35 1.2250383684035293 
29 28 8 7 10 6 46 35 1.1730942232995247 
29 26 8 7 10 6 47 34 1.0563240728278847 
27 24 8 7 6 5 40 37 0.7785555221261153 
29 23 8 8 10 4 45 32 0.4463339553410554 
27 21 8 9 6 0 40 19 0.7886054946058254 
29 23 8 8 10 3 45 26 0.4463339553410554 
27 21 8 9 6 0 40 19 0.7672476165128849 
29 23 8 8 10 3 45 31 0.4463339553410554 
27 21 8 9 6 0 40 19 0.7672476165128849 
29 23 8 8 10 3 45 31 0.4463339553410554 
27 21 8 9 6 0 40 19 0.5572913531602883 
29 23 8 9 10 4 45 24 0.4463339553410554 
27 21 8 9 6 0 40 19 0.7813202765021697 
29 23 8 8 10 5 45 35 0.7314595949816054 
27 22 8 8 6 2 40 27 0.4509262899037823 
29 21 8 9 10 0 45 19 0.8322951494860032 
27 24 8 8 6 4 40 26 0.7461019020240429 
29 22 8 8 10 1 45 21 0.45060553095964356 
27 21 8 9 6 0 40 18 0.5658345043974646 
29 23 8 9 10 4 45 22 0.5059238503971903 
27 22 8 9 6 2 40 20 0.45519786552237046 
29 21 8 9 10 0 45 18 0.859219260835967 
27 25 8 8 6 5 40 31 0.822565935950432 
29 24 8 8 10 5 45 33 0.7329664162241393 
27 22 8 8 6 1 40 23 0.45519786552237046 
29 21 8 9 10 0 45 18 0.8692692333156771 
27 25 8 8 6 4 40 25 0.8326159084301421 
29 24 8 8 10 4 45 27 0.7684336788112797 
27 23 8 8 6 2 40 26 0.7418303264054549 
29 22 8 8 10 1 45 22 0.4463339553410554 
27 21 8 9 6 0 40 19 0.4494194686612486 
29 21 8 9 10 1 45 23 -1 
