140 140 0 0 14 14 14 14 0.8672094720551967 
138 139 0 0 17 17 25 23 0.9286856808752103 
134 138 0 0 16 17 30 24 0.932856483235964 
132 137 0 0 18 15 39 22 1.0242202593915801 
130 135 0 0 22 25 50 41 1.0536664354872098 
126 133 0 0 23 26 56 48 1.088137543040039 
124 132 0 0 20 26 55 48 1.1521228780254842 
123 131 0 0 19 31 56 54 1.0326460679251184 
122 127 0 0 19 25 58 52 1.0084470840473043 
121 126 0 0 16 22 54 49 1.0441168082612413 
120 125 0 0 16 24 58 51 1.062281429701234 
118 124 0 0 20 25 68 53 1.0372492923469068 
117 122 0 0 21 25 72 59 1.0926130392001128 
115 121 0 0 19 29 68 62 1.0460519372449566 
111 119 0 0 18 25 63 59 1.0332088651175648 
109 117 0 0 20 23 70 52 1.0208047746845041 
108 116 0 0 19 21 72 53 1.04262285307851 
106 115 0 0 21 24 73 56 1.0442884283855576 
100 114 0 0 20 23 64 59 1.4128087497791222 
98 113 1 0 19 32 65 69 1.4155648557089526 
96 112 1 0 17 32 60 70 1.3191373534096937 
96 110 1 0 17 26 63 70 1.3717681117032803 
96 109 1 0 17 30 66 68 1.6787891196061309 
92 108 2 0 17 34 64 75 1.7022157569040284 
90 107 2 0 16 35 63 76 1.6789793761617566 
90 106 2 0 18 31 73 65 1.635698502375465 
89 105 2 0 14 24 72 58 1.6263076607956894 
87 104 2 0 13 24 66 57 1.6249841627952926 
86 103 2 0 13 24 68 60 1.6183085213816035 
84 102 2 0 15 24 70 60 1.7758022432736642 
82 101 2 0 13 35 72 72 1.8899760301520194 
78 100 3 0 14 25 62 59 1.8774058714086836 
77 99 3 0 13 24 62 62 1.9334019496442265 
76 98 3 0 13 28 66 67 1.897080099708628 
75 97 3 0 13 27 61 64 2.1734144740203445 
71 96 4 0 12 27 58 63 2.1791679052772723 
70 95 4 0 12 28 58 64 2.1010599990601624 
68 93 4 0 14 24 57 58 2.033004253947975 
66 89 4 0 12 21 55 57 2.081667207060531 
64 88 4 0 9 25 48 62 2.0575784382718108 
62 87 4 0 12 24 51 61 2.035058112291136 
58 86 4 0 10 18 48 51 2.287484749893295 
56 85 5 0 11 19 49 56 2.311359580662478 
55 84 5 0 9 20 47 54 2.3556608046837963 
53 83 5 0 9 23 50 62 2.3737392924865164 
52 82 5 0 9 24 53 64 2.117574574728308 
50 81 5 1 9 23 53 63 2.1014410695625276 
50 80 5 1 10 21 59 58 2.179574251211576 
49 79 5 1 10 27 63 65 2.1678904736416515 
48 78 5 1 9 25 64 63 2.169818350759426 
47 77 5 1 9 25 64 59 2.138246423181469 
46 76 5 1 9 26 58 65 2.140792461904901 
44 75 5 1 8 24 60 64 2.3867024266536405 
42 74 6 1 8 26 53 65 2.3306844250280037 
40 73 6 1 8 22 50 63 2.2817864044980234 
38 71 6 1 8 19 52 68 2.203490600674563 
37 67 6 1 9 17 53 63 2.201840961593213 
35 66 6 1 8 14 53 52 2.198350496128544 
34 65 6 1 6 14 51 58 2.218031795167534 
35 64 6 1 9 14 67 55 2.2465344625687593 
33 63 6 1 6 15 62 55 2.1740282354406957 
32 61 7 2 8 16 56 61 2.2002361019844265 
31 60 7 2 8 16 60 54 2.198636490674065 
29 59 7 2 8 16 58 53 2.1861884176563295 
29 58 7 2 8 17 60 63 2.1920518939129465 
29 57 7 2 8 19 62 70 2.1635092335208514 
28 56 7 2 8 17 61 66 2.1362764350065877 
27 55 8 3 6 18 49 65 2.1638689039660037 
27 54 8 3 6 20 51 60 2.1421250415883373 
27 53 8 3 6 18 55 59 2.0712850083828545 
27 52 8 3 6 17 47 61 1.6697760146078935 
26 46 8 4 6 12 46 57 1.660635340018915 
25 45 8 4 6 11 46 52 1.6879336430914103 
24 44 8 4 6 11 51 47 1.8616938420987303 
22 43 9 4 2 11 24 46 1.5927538393666936 
21 42 9 5 0 10 19 45 1.595135938830619 
21 41 9 5 1 10 25 44 1 
