140 140 0 0 14 14 14 14 3.585665402524793 
138 138 0 0 17 17 25 24 3.703896782008032 
136 137 0 0 22 22 38 30 3.720782565241984 
132 136 0 0 22 19 44 27 3.8114841154742374 
128 135 0 0 22 23 51 36 3.8382212159786917 
127 134 0 0 27 24 61 41 3.7832062037784726 
121 130 0 0 25 23 66 47 3.79880743420291 
119 129 0 0 25 21 72 45 3.8178856698356665 
118 128 0 0 25 20 76 39 3.832024782173315 
116 127 0 0 28 20 82 39 3.839236868370835 
112 126 0 0 23 24 75 46 3.838447705494877 
111 125 0 0 35 24 88 46 3.946833942171635 
105 124 0 0 29 29 89 56 3.8972945232592537 
99 122 0 0 25 23 90 50 3.838113224359476 
99 120 0 0 26 24 92 57 3.826633260188724 
99 118 0 0 29 30 95 70 3.875461983448151 
93 116 0 0 38 33 106 71 4.048943638041715 
85 115 1 0 32 26 98 60 3.8848155597933998 
79 107 2 0 24 19 80 59 3.9061672052671566 
78 106 2 0 35 21 92 61 4.095647446241545 
72 105 2 0 17 34 79 73 4.152917875003182 
71 104 3 0 17 30 65 65 4.084472524648471 
69 103 3 0 20 21 73 55 4.110436512915511 
68 101 3 0 18 19 83 55 4.4698660771818295 
62 100 4 0 17 28 84 69 4.471395350642378 
60 99 5 0 15 27 59 67 4.58119579099747 
58 98 5 0 11 26 71 68 4.456179486695177 
59 96 5 0 11 22 72 70 4.61360332439482 
58 95 5 0 11 32 76 72 4.5529523107198715 
57 94 5 0 13 31 74 68 4.318251366404641 
57 93 5 0 15 25 60 58 4.048982000532023 
57 92 5 1 15 24 64 60 3.993527719494477 
56 91 5 1 18 21 67 57 4.0064181229378715 
54 90 5 1 16 23 66 59 3.9150333067764125 
53 88 5 1 13 21 63 60 3.9140299751618035 
52 86 5 1 18 27 66 67 3.853725228118321 
52 84 5 1 17 27 67 72 3.694860777503949 
53 83 5 1 12 19 61 68 3.6689364898523262 
55 82 5 1 15 18 66 65 3.8128006843150404 
54 81 5 1 15 33 66 82 3.628652897698454 
53 79 5 1 22 23 66 59 3.5367677431241207 
51 78 5 1 19 15 65 50 3.473079057946373 
47 77 5 2 17 22 75 56 3.469905857308299 
41 73 6 2 12 18 59 55 3.502974208071755 
40 72 6 2 12 16 65 46 3.57263339869123 
41 71 6 2 14 24 70 59 3.4708025328020415 
40 69 6 2 14 20 71 58 3.388999886466028 
39 67 7 2 11 19 42 61 3.4372271048275445 
39 66 7 2 13 18 53 59 3.5015935996616463 
38 64 7 2 13 18 66 60 3.3979901929694636 
34 63 7 2 14 16 57 53 3.4992799590437658 
30 62 8 2 8 15 37 49 3.5256006756987177 
29 61 8 2 5 18 36 52 3.465119313720799 
29 60 8 2 6 14 39 49 3.4556989771912514 
28 59 8 2 5 13 42 51 3.5820029974089413 
27 58 9 2 4 14 29 50 3.5621198379326677 
27 57 9 2 5 14 31 50 3.528295936924174 
27 56 9 2 4 13 31 49 3.516774862308379 
25 55 9 2 4 13 32 50 3.4885910620633016 
25 54 9 2 4 14 31 51 3.454742474255568 
25 53 9 2 4 14 31 52 3.4153990305084085 
24 52 9 2 4 14 29 51 3.128675440529015 
23 51 9 3 4 13 29 49 2.8360174707896038 
23 50 9 4 4 13 30 54 2.80558768763429 
23 49 9 4 4 13 30 54 2.7907306957212135 
22 48 9 4 3 13 29 51 1 
