140 140 0 0 14 14 14 14 1.9473718635392459 
138 139 0 0 17 19 25 25 1.9697427870974982 
134 138 0 0 16 16 30 23 2.026914158756968 
132 137 0 0 18 18 39 28 2.0462831376726656 
130 136 0 0 22 17 50 27 2.127902886699055 
126 135 0 0 23 20 56 31 2.1528007583629925 
124 133 0 0 22 22 59 36 2.14526855006376 
123 132 0 0 21 21 60 35 2.0655582247250264 
122 128 0 0 23 21 65 44 2.1024729002756684 
118 127 0 0 20 23 61 50 2.1001364265192173 
117 126 0 0 23 21 70 46 2.14143585545639 
117 125 0 0 22 23 74 47 2.212099846372098 
111 124 0 0 25 28 77 61 2.4172458421676044 
110 123 1 0 25 28 71 55 2.40037403732161 
106 122 1 0 24 24 72 52 2.6351219579592295 
98 121 2 0 24 17 74 43 2.765332382024094 
90 120 2 0 16 23 62 47 2.7353531713886023 
84 118 2 0 13 19 59 46 2.7436824637297805 
84 117 2 0 13 18 66 48 3.0084727853938937 
83 115 3 0 14 26 61 57 3.0536509077140264 
81 114 3 0 14 28 65 61 3.0282262666140625 
81 110 3 0 17 32 73 71 2.9946522507816025 
75 109 3 0 14 27 66 61 2.9786031505501387 
71 108 3 0 14 26 63 60 3.0509988787326234 
67 107 3 0 14 26 71 59 3.0081143588703863 
68 106 3 0 13 28 64 60 2.935360658933743 
64 105 3 0 12 24 56 54 3.2497726942406815 
62 104 4 0 12 30 55 58 3.152977138690818 
62 102 4 0 16 27 59 57 3.158307287661066 
60 100 4 0 16 25 68 59 3.3487773596230523 
56 99 5 0 13 22 57 52 3.4558759605522744 
55 98 5 0 11 33 53 67 3.454761804102114 
53 97 5 0 11 33 54 70 3.362203500132867 
54 96 5 0 10 26 56 63 3.5457993624335225 
50 92 6 0 8 28 48 68 3.5948117188394195 
50 91 6 0 10 26 65 66 3.497722697330352 
49 85 7 0 10 23 41 77 3.5802162458495164 
48 84 7 0 10 22 56 73 3.608480292885387 
46 83 7 0 7 25 51 77 3.634618338784229 
46 82 7 0 7 27 54 77 3.3889553512881108 
45 81 7 1 7 27 54 66 3.300671749558256 
45 79 7 1 6 18 61 53 3.285845545904426 
45 78 7 1 6 19 60 53 3.2890573865662374 
39 77 7 1 4 19 52 52 3.4023716890600353 
39 76 7 1 5 24 65 59 3.4268117996734078 
37 75 8 1 3 24 30 61 3.395984210123391 
35 74 8 1 3 20 33 57 3.379996010179239 
36 73 8 1 6 20 40 58 3.3502299954472616 
35 72 8 1 5 18 39 54 3.3685658419751827 
33 71 8 1 6 21 39 60 3.4611206909120154 
32 70 8 1 6 27 44 67 3.683061744787098 
31 69 8 1 5 35 62 72 3.420364850624724 
30 68 8 1 6 23 48 60 3.3801291162582183 
29 67 8 1 6 20 50 60 3.0988909369312183 
27 66 8 2 6 17 52 59 3.080355080451817 
27 65 8 2 6 17 53 61 3.0484153502475344 
26 63 8 2 8 18 53 56 3.0394053583002294 
25 62 8 2 6 18 50 54 2.7819763390253796 
25 61 8 3 6 17 54 52 2.7764551354316622 
24 60 8 3 6 17 55 52 2.911531565607282 
23 59 9 3 4 16 39 51 2.8571960230204856 
23 58 9 3 4 15 36 50 2.823372765718009 
23 57 9 3 4 15 35 53 2.517008256962179 
23 56 9 4 4 15 30 52 2.489907618481059 
23 55 9 4 4 14 30 47 2.449659473754127 
23 53 9 4 4 15 30 53 2.442804510028606 
23 52 9 4 4 14 34 52 2.4175888584682554 
23 51 9 4 4 14 33 50 2.3990530019888543 
23 50 9 4 4 14 34 52 2.3176168209209376 
23 48 9 4 4 12 31 46 2.045063866595357 
23 47 9 5 4 12 32 49 2.0181266938865816 
23 46 9 5 4 12 31 48 1.9603792298711145 
23 44 9 5 4 10 32 44 1.935163578310764 
23 43 9 5 4 10 31 42 1.9062382739248425 
23 42 9 5 4 9 32 42 1.8608683894930418 
23 40 9 5 4 9 31 39 1.8103339416159652 
23 38 9 5 4 9 30 39 1.7440820166147475 
23 36 9 5 4 7 30 36 1.7135383358367766 
23 35 9 5 4 6 30 33 1.7054950720202717 
23 34 9 5 4 7 30 33 1.6697868277970247 
23 33 9 5 4 6 30 33 1.6479110737771492 
23 32 9 5 4 6 30 33 1.3310850932266032 
23 30 9 6 4 4 30 29 1.2953768490033561 
23 29 9 6 4 3 30 29 1.2873335851868517 
23 28 9 6 4 4 30 29 1.2481822986667543 
23 27 9 6 4 3 30 31 0.9774540102459753 
23 26 9 7 4 3 30 29 0.943467287171154 
23 25 9 7 4 2 30 28 0.6727389987503749 
23 24 9 8 4 2 30 26 0.6525847658789248 
23 23 9 8 4 2 30 25 0.6237626062493788 
23 22 9 8 4 1 30 21 0.34092334877365443 
23 21 9 9 4 0 30 18 0.3818564774581456 
23 22 9 9 4 2 30 23 0.34092334877365443 
23 21 9 9 4 0 30 18 0.7309476599350881 
23 25 9 8 4 5 30 29 0.6803100673016356 
23 23 9 8 4 5 30 33 0.34614823323489907 
23 21 9 9 4 1 30 23 -1 
