140 140 0 0 14 14 14 14 1.0543543669167361 
138 138 0 0 17 17 25 24 1.1358643248362004 
134 137 0 0 16 19 30 29 1.1935546794270915 
132 135 0 0 18 24 39 42 1.137779607859362 
130 131 0 0 22 23 50 49 1.1581611053981462 
126 129 0 0 23 22 56 47 1.2201623873050904 
124 128 0 0 22 25 59 52 1.2104557045139555 
123 127 0 0 21 24 60 56 1.2356348223515092 
121 126 0 0 20 26 58 59 1.263667885056364 
120 125 0 0 21 27 64 59 1.288817598455157 
118 124 0 0 19 29 60 62 1.3438241222554863 
117 123 0 0 22 33 69 66 1.3330949787150956 
117 122 0 0 21 31 73 66 1.3232356906223501 
113 121 0 0 23 29 74 62 1.3335051685142432 
112 120 0 0 23 29 78 65 1.2539255348106013 
110 118 0 0 20 23 72 58 1.244721527697902 
110 117 0 0 21 22 77 55 1.3669168645707317 
109 116 0 0 21 32 79 62 1.360725840385665 
107 115 0 0 21 33 75 63 1.238736600375123 
109 113 0 0 21 25 79 53 1.2228365001607158 
107 112 0 0 21 25 75 52 1.2120462371052447 
109 111 0 0 21 26 79 56 1.2159802109241011 
107 109 0 0 21 30 75 64 1.1647486228822985 
109 108 0 0 21 27 79 61 1.1633726613041488 
107 107 0 0 21 28 75 59 1.0931388431782507 
109 105 0 0 21 25 79 57 1.0918418324156058 
107 104 0 0 21 27 75 63 1.0265020277121297 
109 102 0 0 21 25 79 66 1.0187849334735946 
107 101 0 0 21 27 75 76 0.9705427104898319 
106 100 0 0 19 24 69 71 1.0093362710260347 
106 99 0 0 20 26 76 69 1.3864412721768464 
96 98 1 0 22 29 81 73 1.7183998958646767 
92 97 2 0 19 36 71 80 1.5151584397562143 
91 95 2 0 16 24 57 68 1.511848305172022 
90 93 2 0 16 24 62 72 1.5246663138666388 
88 92 2 0 16 24 63 70 1.5363231684931986 
87 91 2 0 16 24 64 62 1.532350747329827 
85 90 2 0 18 21 76 70 1.5463049978117684 
84 88 2 0 20 23 84 76 1.498692625080638 
80 86 2 0 22 17 89 66 1.5681807012600741 
80 85 2 0 17 21 87 71 1.5424867876316548 
79 84 2 0 17 21 82 66 1.4629973367097098 
75 83 2 0 23 18 82 67 1.7350483139875685 
69 82 3 0 20 17 71 57 1.8747726841317522 
67 81 3 0 16 27 71 80 2.0708952389555866 
66 80 4 0 14 27 60 85 2.045148876806319 
60 78 5 1 11 19 60 74 2.008218883469315 
59 77 5 1 13 21 56 82 2.0562459381576215 
60 76 5 1 16 27 65 93 1.9919525987246756 
58 72 5 1 16 24 65 79 2.0181020886289103 
54 71 5 1 11 23 56 74 2.095581899200885 
50 70 5 1 14 23 73 79 2.211643801736202 
49 69 5 1 17 30 87 86 2.2745975726831262 
47 68 6 1 17 24 63 75 2.354395531491137 
41 67 6 1 14 24 63 75 2.137325333643869 
40 65 6 2 13 23 75 78 2.1182263214438457 
38 64 6 2 12 18 75 59 2.15922804829273 
37 63 6 2 12 21 79 67 2.1672926867359226 
36 61 6 2 10 18 86 60 2.3772519407536405 
35 60 7 2 10 20 75 59 2.385905961067547 
33 59 7 2 7 25 60 66 2.3208462055104038 
32 58 7 2 9 24 55 64 2.28603366175063 
28 57 8 3 4 22 37 57 2.284548208488894 
29 56 8 3 6 21 48 56 2.24465571222678 
30 55 8 3 6 20 50 62 2.2099989708889147 
29 54 8 3 6 18 49 60 2.1855201672626805 
28 53 8 3 6 18 46 61 2.181655417385103 
27 52 8 3 6 17 48 58 2.1663378772904127 
26 51 8 3 6 16 47 52 2.145594243656105 
24 50 8 3 3 14 40 48 2.1930700099150076 
24 49 8 3 3 17 46 52 2.3593475591439135 
23 48 9 3 4 17 34 52 2.3338462947684233 
23 47 9 3 4 16 34 49 2.021993520405512 
23 45 9 4 4 14 34 49 2.002991290321417 
23 44 9 4 4 14 34 50 1.967780949916587 
23 43 9 4 4 12 34 45 1.931381510617369 
23 41 9 4 4 12 34 46 1.8836679744198388 
23 39 9 4 4 11 34 46 1.8591044334089324 
23 38 9 4 4 12 30 45 1.5844828596937635 
22 37 9 5 2 11 25 44 1.3141477443999243 
21 36 9 6 0 11 19 45 1.3087613340262627 
21 35 9 6 1 10 25 43 1 
