140 140 0 0 14 14 14 14 2.218940213783831 
138 139 0 0 17 18 25 23 2.2382505047941517 
134 137 0 0 16 17 30 24 2.2331572537513145 
132 135 0 0 18 16 39 28 2.2972458633981483 
130 134 0 0 22 19 50 35 2.3073402418975038 
126 132 0 0 23 18 56 34 2.316957016361165 
124 130 0 0 22 18 59 30 2.2952470031254846 
123 128 0 0 21 19 60 39 2.3075894906859116 
122 127 0 0 23 20 65 41 2.3193749469882547 
118 126 0 0 19 20 60 44 2.3305569858931725 
117 125 0 0 22 19 69 41 2.326237700823723 
117 123 0 0 21 20 73 47 2.335616935599938 
113 122 0 0 23 21 74 50 2.387150810513457 
112 121 0 0 23 24 78 53 2.355706355544553 
111 119 0 0 30 24 90 59 2.406598434965399 
105 117 0 0 35 28 96 63 2.40648432321169 
101 116 0 0 34 24 100 60 2.5296790760677927 
97 114 0 0 21 33 85 69 2.5315126034179243 
96 113 0 0 21 35 84 72 2.6578772833925837 
88 111 1 0 24 25 84 58 2.9426194527066096 
84 109 2 0 19 26 82 59 2.955718001699902 
85 108 2 0 18 26 87 59 2.944246552791383 
81 107 2 0 18 26 85 65 3.0818882312060154 
79 106 2 0 17 35 87 70 3.0157510255682234 
78 105 2 0 19 29 92 60 2.842331802778862 
77 101 2 0 22 20 101 58 3.1471554167090967 
69 100 3 0 17 23 89 57 3.339844744125336 
68 99 4 0 15 39 54 79 2.8301696479330922 
67 93 4 1 16 22 69 69 2.906350448564962 
65 92 4 1 14 30 62 70 2.958898209978629 
64 91 4 1 14 31 67 60 3.0232619424134595 
63 90 4 1 14 37 69 72 2.855734855246451 
62 88 4 1 13 30 63 71 2.7741516076609143 
64 87 4 1 20 25 77 71 2.826039109060866 
60 86 4 1 18 27 75 68 3.1789117390722166 
54 85 5 1 13 25 82 66 3.255413765931784 
53 84 5 1 13 32 83 75 3.216150309084432 
52 83 5 1 15 31 84 74 3.333354370640266 
51 82 6 1 12 31 64 76 3.310870874310429 
50 81 6 1 11 27 67 66 3.2497024124476974 
49 80 6 1 10 23 66 62 3.1974614462246365 
49 78 6 1 9 19 72 63 3.1977059303693367 
50 76 6 1 10 19 81 62 3.1666219692428257 
49 75 6 1 9 19 77 61 3.187161857064615 
48 74 6 1 8 24 72 67 3.1245134247298325 
48 73 6 1 8 22 69 61 3.115718005892306 
46 71 6 1 10 21 77 63 3.0917471117539326 
45 70 6 1 9 21 74 62 3.157662304293645 
43 69 6 1 9 25 77 66 3.2608997613516424 
42 68 7 1 11 27 58 68 3.1775322242852617 
40 67 7 1 7 20 58 79 3.1619795522364154 
39 66 7 1 6 18 58 69 3.162849879609475 
38 65 7 1 5 17 60 66 3.114920144418665 
37 63 7 1 5 13 66 64 3.2638870972502185 
35 62 8 1 2 20 36 69 3.2200840089076452 
36 61 8 1 3 22 33 74 3.2226609104271517 
36 59 8 1 5 25 36 71 3.0637694704371423 
35 55 8 1 5 19 35 61 3.0688137497330548 
34 54 8 1 5 20 35 58 3.0101778056535133 
33 52 8 1 5 18 36 58 2.854897790679836 
32 50 8 2 5 24 44 62 2.741609488413359 
31 48 8 2 5 16 49 61 2.75652775294357 
29 46 8 2 6 16 56 59 2.685169829918019 
29 45 8 2 6 16 49 58 2.6830548844699695 
29 44 8 2 6 18 48 58 2.629807505922528 
29 43 8 2 6 16 48 59 2.335577225841451 
28 42 8 3 6 16 42 50 2.0223406483536315 
29 40 8 4 6 14 46 53 2.022222421103546 
29 39 8 4 6 16 46 56 1.9898407322121294 
29 38 8 4 6 16 44 53 1.6294796309699926 
28 36 8 5 5 14 36 50 1.525437716799388 
27 35 9 6 4 11 27 43 1.5093238436799579 
28 34 9 6 4 11 30 46 1.480599358985482 
27 33 9 6 4 11 27 42 1.466392276868521 
26 32 9 6 4 11 27 42 1.4397556317255826 
25 31 9 6 4 10 27 41 1.4323703479955183 
24 30 9 6 4 10 27 37 1.3845496386988028 
23 28 9 6 4 8 30 39 1.076411552299919 
23 27 9 7 4 5 30 33 1.0118304172242314 
23 25 9 7 4 3 30 27 0.9902639631156406 
23 24 9 7 4 3 30 26 0.9652866098136016 
23 23 9 7 4 3 30 27 0.6803021998699481 
23 22 9 8 4 2 30 24 0.386299126093766 
23 21 9 9 4 0 30 18 0.42760835746413833 
23 22 9 9 4 2 30 24 0.386299126093766 
23 21 9 9 4 0 30 18 0.7517051333325321 
23 24 9 8 4 4 30 26 0.6712835360374194 
23 22 9 8 4 1 30 21 0.386299126093766 
23 21 9 9 4 0 30 18 0.43443015585103506 
23 22 9 9 4 2 30 20 0.386299126093766 
23 21 9 9 4 0 30 18 0.44174337008683956 
23 22 9 9 4 3 30 24 0.386299126093766 
23 21 9 9 4 0 30 18 0.4185896936316096 
23 22 9 9 4 1 30 21 0.386299126093766 
23 21 9 9 4 0 30 18 0.43443015585103506 
23 22 9 9 4 2 30 20 0.386299126093766 
23 21 9 9 4 0 30 18 0.42760835746413833 
23 22 9 9 4 2 30 24 0.386299126093766 
23 21 9 9 4 0 30 18 0.43443015585103506 
23 22 9 9 4 2 30 20 0.386299126093766 
23 21 9 9 4 0 30 18 0.44174337008683956 
23 22 9 9 4 3 30 24 0.39531778992629474 
23 21 9 9 4 1 30 21 -1 
