140 140 0 0 14 14 14 14 0.43127928895111434 
138 139 0 0 17 18 25 23 0.4985661835183742 
134 137 0 0 16 21 30 34 0.48990561224111995 
132 136 0 0 16 19 32 32 0.4894637198028054 
130 134 0 0 16 20 32 38 0.48786081407275794 
128 133 0 0 16 19 32 37 0.541438146812363 
126 131 0 0 14 23 30 46 0.5389173809305993 
124 129 0 0 16 24 38 50 0.49552300116864095 
122 128 0 0 17 19 44 43 0.525855219552666 
121 127 0 0 15 21 41 50 0.5122265918801631 
119 125 0 0 16 20 48 50 0.5630842311188067 
117 124 0 0 16 24 46 55 0.5863294919183004 
115 123 0 0 16 25 46 55 0.4897295152413359 
113 119 0 0 16 20 46 52 0.5360808223884035 
109 118 0 0 14 18 47 44 0.4804954290081362 
108 116 0 0 14 15 47 43 0.4805902714953243 
107 114 0 0 14 17 47 49 0.46632082376530903 
105 113 0 0 15 16 46 47 0.5085175988388698 
103 111 0 0 15 20 48 54 0.5215491212468264 
102 110 0 0 14 20 49 53 0.5080287764813182 
100 109 0 0 16 19 54 52 0.5238246572427973 
98 108 0 0 15 19 52 53 0.6265244112565393 
97 107 0 0 15 28 55 67 0.65292559845645 
95 106 0 0 16 30 57 69 0.6604120089099932 
94 105 0 0 15 30 55 67 0.62592789176765 
90 104 0 0 15 23 59 58 1.02236476283788 
88 103 1 0 15 35 60 74 0.9215694230387744 
86 99 1 0 15 29 62 68 0.8695851386713143 
82 98 1 0 13 21 54 59 0.8315814613403388 
80 96 1 0 15 19 60 57 0.8642732803532078 
80 95 1 0 14 22 61 61 0.9123322352212193 
79 94 1 0 13 26 60 69 0.9152690378531417 
79 93 1 0 15 27 71 67 0.8940526189935049 
78 92 1 0 14 26 66 71 1.1363114436968877 
72 91 2 0 14 21 64 69 1.415778966579446 
70 90 3 0 15 24 62 71 1.4134269578848913 
68 89 3 0 14 23 56 69 1.4429631433851724 
66 88 3 0 12 23 53 67 1.4606288197692296 
65 87 3 0 11 25 49 73 1.6818816079078127 
64 86 4 0 14 25 52 71 1.7938965905051276 
62 85 4 0 11 30 53 72 1.8099014026435634 
60 84 4 0 8 29 46 72 1.7631892414673835 
58 83 4 0 9 25 48 70 1.7208415974736107 
57 81 4 0 9 22 50 63 1.7231402844464394 
56 80 4 0 8 22 47 63 1.9713024746760999 
55 79 5 0 8 22 47 62 2.029109350111041 
54 77 5 0 7 28 46 71 2.0534280807615404 
54 76 5 0 7 31 46 71 2.012048517056855 
54 75 5 0 7 29 46 71 2.0505158932767973 
50 74 5 0 8 30 48 73 2.0187322235457144 
46 73 5 0 9 25 50 69 1.7479237834445815 
45 72 5 1 8 23 50 71 1.6978433278289804 
44 71 5 1 7 19 44 66 1.734228101055597 
43 70 5 1 7 22 45 68 1.7045303109265957 
42 68 5 1 6 21 41 69 1.7053507703237407 
41 67 5 1 6 20 45 64 1.7130670402542862 
40 66 5 1 7 22 45 67 1.6828937217436262 
38 65 5 1 8 19 46 61 1.995628919022359 
34 64 6 1 6 19 48 61 2.0033275510709925 
33 63 6 1 6 19 53 62 1.7418057043749955 
32 62 6 2 5 19 42 58 1.7594244508398156 
30 61 6 2 5 19 44 56 1.7620271781896009 
29 60 7 3 5 17 57 54 1.7421438200270392 
28 59 7 3 4 17 50 63 1.7182789176551638 
27 58 7 3 4 16 44 59 1.98671983468333 
26 57 8 3 4 19 37 60 1.9625269823189935 
25 56 8 3 2 17 27 57 1.952257217807312 
24 55 8 3 2 16 25 50 1.962426437790203 
23 54 8 3 1 16 26 51 1.9717190258118904 
22 53 8 3 1 18 21 53 2.2308406207355485 
21 52 9 3 0 19 15 52 2.1976964240049988 
21 50 9 3 0 18 20 53 2.173749972808949 
21 49 9 3 0 17 20 50 1.8574821878344454 
21 47 9 4 0 14 20 47 1.8086875701088538 
21 46 9 4 0 11 20 43 1.7921561729337094 
21 45 9 4 0 11 20 44 1.7793813480267466 
21 44 9 4 0 11 21 44 1.7823652270218202 
21 43 9 4 1 13 25 48 1 
