140 140 0 0 14 14 14 14 3.7933996492851194 
138 139 0 0 17 17 25 21 3.8293292193290083 
136 137 0 0 22 20 38 32 3.862758052499936 
132 135 0 0 22 22 44 36 3.9130470693879706 
128 134 0 0 22 21 51 34 3.914625058679831 
127 133 0 0 27 20 61 37 3.9294416826323055 
121 131 0 0 25 20 66 43 3.9082796763395904 
119 129 0 0 25 18 72 42 3.9305820986515716 
118 128 0 0 25 17 76 35 3.928627313148278 
116 127 0 0 28 17 82 39 3.8917003534325048 
115 126 0 0 30 15 83 32 3.9257602322754543 
109 125 0 0 26 17 79 31 4.0116186330681325 
109 123 0 0 31 27 90 49 3.9314823526502645 
105 121 0 0 27 26 86 55 3.9189951571551953 
103 119 0 0 28 29 88 60 3.8787463489240928 
99 117 0 0 24 28 84 55 3.804562047035576 
99 116 0 0 24 28 79 54 3.866031560131759 
93 112 1 0 27 26 75 55 3.818681448812712 
89 110 1 0 16 22 71 55 4.027803866821582 
87 108 2 0 18 23 73 56 4.00957240798799 
86 107 2 0 18 21 77 56 3.8353836261608896 
85 103 2 0 21 21 76 62 3.943783294833778 
83 102 2 0 32 32 86 74 3.8135030223980686 
84 98 2 0 26 28 87 73 3.78350853917256 
80 97 2 0 22 25 84 68 3.885446259018477 
79 96 3 0 19 23 70 63 3.861728228740817 
80 95 3 0 27 23 78 62 3.9088518947233752 
79 94 3 0 20 29 75 75 3.3993686580361433 
77 88 3 1 25 17 88 69 3.2427415188154978 
79 87 3 2 27 27 91 75 3.322642796394734 
73 86 3 2 20 32 86 78 3.39546697043286 
72 85 3 2 20 37 88 77 3.3751539818744827 
71 84 3 2 21 37 89 76 3.282250722641384 
71 83 3 2 26 29 97 69 3.093407128179389 
65 81 3 2 17 19 88 69 3.1301013312076362 
66 79 3 2 19 21 97 67 3.0625454540984274 
64 78 3 2 18 24 88 72 3.1450907129964554 
62 77 4 2 17 22 73 67 3.279223193981216 
61 76 4 2 22 25 88 63 3.320428406046104 
57 75 5 2 17 24 61 55 3.5041471838978904 
51 74 6 2 14 24 52 57 3.735398717074267 
45 73 7 2 11 20 55 60 3.729532048522973 
43 72 7 2 11 15 63 56 3.7202986965559353 
41 71 7 2 13 16 63 53 3.726335229817837 
40 70 7 2 13 17 62 46 3.693899169793641 
39 69 7 2 13 17 62 48 3.414632860300273 
37 68 7 3 11 19 58 52 3.3675422978604166 
36 67 7 3 11 18 60 59 3.3222210659126667 
36 65 7 3 12 17 62 53 3.205838620934774 
37 64 7 3 12 14 58 52 3.1774738686186876 
37 63 7 3 11 14 59 56 3.204156709770489 
36 62 7 3 14 14 66 53 3.1743175336441722 
34 61 7 3 11 12 62 44 3.1750131200202096 
33 60 7 3 11 12 64 42 3.1295493516152244 
35 59 7 3 14 11 68 42 3.1328811249333945 
35 58 7 3 14 14 68 45 3.125178472742953 
35 57 7 3 12 15 66 42 3.044933931443942 
34 55 7 3 12 15 65 46 2.9774865430526525 
35 54 7 3 14 15 67 55 2.928700079851397 
33 53 7 3 12 13 63 49 2.893831287941538 
33 52 7 3 12 13 63 50 2.5981326131833886 
33 51 7 4 13 13 64 53 2.587872948153621 
31 50 7 4 12 15 62 56 2.5469399504987664 
30 49 7 4 11 15 61 60 2.694458621154196 
29 48 8 4 10 14 52 55 2.5803663903608847 
29 44 8 4 10 14 52 52 2.5066785303561585 
29 43 8 4 10 14 49 56 2.2141665404196833 
27 42 8 5 6 13 44 53 2.1481771514181767 
27 40 8 5 6 10 45 44 2.1106006626900355 
27 39 8 5 6 9 44 39 2.074688435905698 
26 38 8 5 6 10 42 41 2.048911722574466 
27 37 8 5 6 11 42 42 2.0128495287151096 
26 36 8 5 6 11 42 45 1.9278615846278246 
27 34 8 5 6 8 42 37 1.9026777922739495 
26 33 8 5 6 8 42 37 1.8819367516543724 
25 32 8 5 5 8 42 38 1.712145945281206 
24 31 9 6 4 8 27 39 1.6934180445638247 
23 30 9 6 4 6 29 34 1.6678628081837619 
23 29 9 6 4 6 30 35 1.644518826738193 
23 28 9 6 4 7 30 37 1.6017513581992053 
23 27 9 6 4 6 30 36 1.5553577558250582 
23 26 9 6 4 5 30 36 1.2722725374884032 
23 25 9 7 4 4 30 31 0.9565521146353062 
23 24 9 8 4 3 30 35 0.9470662595715704 
23 23 9 8 4 3 30 29 0.9230758691671931 
23 22 9 8 4 3 30 27 0.6139613050256083 
23 21 9 9 4 1 30 25 -1 
