140 140 0 0 14 14 14 14 4.059797995367203 
138 138 0 0 17 17 25 24 4.128452773337112 
136 137 0 0 22 19 38 29 4.168233491254152 
132 136 0 0 22 19 44 30 4.250781736405022 
128 135 0 0 22 24 51 41 4.2089088869339975 
127 133 0 0 27 22 61 42 4.241483895497689 
121 131 0 0 25 22 66 41 4.241657805850075 
119 129 0 0 25 22 72 41 4.105644804378292 
118 125 0 0 25 21 76 48 4.10535544313262 
116 123 0 0 28 23 82 50 4.047758210044219 
115 121 0 0 30 23 83 48 4.071682857328706 
107 120 0 0 32 23 87 50 4.3106832004120355 
106 118 1 0 33 36 79 65 4.271066780593094 
96 117 1 0 19 23 76 51 4.236297415766698 
95 115 1 0 26 23 86 54 4.222514433104678 
89 114 1 0 16 24 76 57 4.2364155783146 
88 113 1 0 16 26 80 63 4.254743563024119 
86 111 1 0 17 30 83 65 4.299661001806939 
85 110 2 0 17 22 72 53 4.406469302720002 
81 109 2 0 15 34 72 72 4.339201033194267 
79 108 2 0 12 30 68 65 4.2013252863418415 
80 107 2 0 17 24 70 62 4.165459560543122 
81 106 2 0 19 22 71 53 4.176138867746719 
81 104 2 0 23 29 78 68 4.3413330228597715 
73 100 3 0 16 33 75 86 4.308197029642173 
72 98 4 0 16 30 54 81 4.211152012747041 
73 96 4 0 16 24 58 74 4.1779615154128615 
72 94 4 0 15 23 58 66 4.202568259204659 
72 93 4 0 17 23 64 62 4.14842454390038 
72 92 4 0 16 22 64 65 4.162732321217864 
71 91 4 0 16 25 63 64 4.228656645558531 
70 89 4 0 21 36 69 78 4.1560438040412135 
66 85 4 0 24 40 75 91 4.160030136786357 
64 84 4 0 25 41 76 89 4.120711967607413 
64 83 4 0 25 40 77 89 3.973576667620284 
60 81 4 0 19 34 70 87 3.9843305048037307 
56 80 4 0 16 31 74 85 3.7109550059888043 
55 79 4 1 16 31 76 87 3.613944023299273 
55 77 4 1 17 24 80 76 3.5391541415397443 
54 76 4 1 19 22 77 70 3.706087218905114 
52 75 5 1 16 26 66 79 3.647694165786662 
50 74 5 1 13 26 61 82 3.672233000725967 
50 73 5 1 14 27 64 77 3.619795311238521 
49 71 5 1 14 26 68 80 3.6022956045254513 
50 70 5 1 14 23 72 73 3.5901993428651147 
48 69 5 1 15 24 77 83 3.5630110283427725 
48 68 5 1 16 22 78 75 3.6354410212169577 
42 67 5 1 14 21 84 71 3.808431846480763 
41 66 6 1 15 21 80 71 3.780567467347557 
40 64 6 1 16 19 82 59 3.785720807871313 
38 63 6 1 14 25 77 67 3.708995610314103 
37 62 6 1 13 26 72 73 3.6617575745235476 
36 61 6 1 13 23 73 69 3.5792738712492054 
36 60 6 1 14 22 73 75 3.412865512026828 
32 59 7 2 10 25 46 69 3.176918572471163 
33 57 7 3 12 21 60 60 3.18739488107219 
33 56 7 3 12 22 64 62 3.051472086187744 
31 55 7 3 12 17 61 64 3.0262354896707766 
30 53 7 3 12 17 61 56 2.9775048477436656 
29 51 7 3 13 15 66 55 3.038191626339917 
28 50 8 3 10 15 46 54 3.0337010959883335 
26 49 8 3 6 16 41 50 2.9968524136226122 
26 48 8 3 6 14 43 48 2.947463967182159 
27 47 8 3 6 15 43 54 2.9023848077287857 
26 46 8 3 6 15 43 58 2.8592602920474173 
27 45 8 3 6 13 43 52 2.8229854495838405 
26 44 8 3 6 13 43 54 2.7888914555477755 
27 43 8 3 6 13 43 53 2.49846926009884 
26 42 8 4 6 12 41 47 2.4742902380862644 
26 41 8 4 6 12 41 45 2.379370222881422 
26 39 8 4 6 9 41 41 2.0841982336909513 
26 38 8 5 6 8 41 39 2.0512148946885795 
26 37 8 5 6 8 41 39 2.049080539797387 
27 36 8 5 6 8 44 37 2.0069113739116906 
27 35 8 5 6 8 43 37 1.9787117032977453 
27 34 8 5 6 8 44 38 1.9321403789171514 
27 33 8 5 6 8 43 39 1.9083428667981042 
27 32 8 5 6 8 44 39 1.843399888650861 
27 31 8 5 6 8 41 40 1.564130066413816 
27 30 8 6 6 8 42 40 1.2335052514077502 
27 28 8 7 6 8 41 40 0.9275160209274196 
27 26 8 8 6 5 42 28 0.869826197981826 
27 25 8 8 6 4 41 28 0.8325960057225767 
27 24 8 8 6 2 42 24 0.7793083412718814 
27 23 8 8 6 1 41 23 0.7599129876477323 
27 22 8 8 6 1 42 22 0.4687616470586318 
27 21 8 9 6 0 41 17 0.753422852233139 
27 22 8 8 6 2 42 27 0.4687616470586318 
27 21 8 9 6 0 41 17 0.804014825215103 
27 23 8 8 6 2 42 23 0.7463250022695097 
27 22 8 8 6 1 41 23 0.4779474739419562 
27 21 8 9 6 0 42 17 0.8082616784719807 
27 23 8 8 6 4 41 27 0.4779474739419562 
27 21 8 9 6 0 42 17 0.7419228437746117 
27 22 8 8 6 1 41 24 0.4779474739419562 
27 21 8 9 6 0 42 17 0.5748001608284735 
27 23 8 9 6 4 41 22 0.4670551800324649 
27 21 8 9 6 1 42 23 -1 
