140 140 0 0 14 14 14 14 1.0935332286557413 
138 138 0 0 17 17 25 25 1.177235299315998 
134 136 0 0 16 21 30 34 1.2266214210863535 
132 135 0 0 18 23 39 40 1.2450239537116792 
130 133 0 0 22 25 50 48 1.283888188410216 
126 132 0 0 23 24 56 46 1.357331105393319 
124 131 0 0 22 28 59 52 1.2929604973182547 
123 129 0 0 21 23 60 47 1.2882035910984082 
121 128 0 0 20 22 58 44 1.299714107901089 
120 127 0 0 21 22 64 47 1.3007192790233395 
118 126 0 0 19 22 60 48 1.1812628841366677 
117 120 0 0 22 19 69 51 1.2084430723983257 
117 119 0 0 21 20 73 52 1.2211091261935245 
113 118 0 0 23 20 74 50 1.275501706009075 
112 117 0 0 23 24 78 58 1.2470885010613757 
110 115 0 0 20 23 72 58 1.227973316538729 
110 113 0 0 21 23 77 59 1.2489425144987187 
109 109 0 0 21 30 79 72 0.9214826904463016 
107 105 0 1 21 27 81 72 0.9981868264453216 
106 104 0 1 20 39 72 91 0.816810350565756 
105 100 0 1 20 29 73 90 0.9239651436874546 
104 99 0 1 21 36 75 76 1.0035732077477717 
100 98 0 1 22 42 76 87 0.9267547081962315 
96 97 0 1 24 34 78 80 1.1354453867151462 
95 95 1 1 27 38 75 91 1.5197607416464374 
85 94 2 1 16 37 64 89 1.5354789393013277 
86 93 2 1 16 36 72 82 1.7533185445235393 
80 92 3 1 21 27 86 74 1.9999720589609162 
72 90 4 1 15 22 73 61 1.976352752552325 
70 89 4 1 14 24 62 62 2.0175965133672307 
69 88 4 1 15 26 71 73 2.0126060474825365 
68 87 4 1 14 25 72 74 2.0246864328217256 
67 86 4 1 14 23 77 64 2.093206634785103 
65 85 4 1 13 27 80 73 2.008362103510631 
64 83 4 1 14 22 78 57 1.9315535229779386 
64 82 4 1 14 22 69 62 2.0266702387243796 
62 81 4 1 13 30 67 69 2.0229577524699063 
61 80 4 1 13 30 69 74 2.086888418567482 
60 76 5 1 14 24 59 62 2.069844514591471 
60 75 5 1 16 21 70 63 2.033003849290241 
58 74 5 1 16 20 68 73 2.0009492236751445 
58 73 5 1 17 18 69 63 2.028364857118801 
56 72 5 1 14 18 64 51 2.0584689675739076 
55 71 5 1 15 19 71 54 2.107216451950064 
51 70 5 1 14 20 73 61 2.3065580110813175 
49 69 6 1 13 19 64 61 2.3842755098494472 
48 68 6 1 12 18 79 60 2.0919671684253975 
48 67 6 2 12 17 78 63 2.13236652936128 
48 66 6 2 13 19 87 68 2.160173271909596 
47 65 6 2 13 23 84 68 2.0099520116158667 
46 64 7 3 12 24 55 68 1.9989705872402836 
44 60 7 3 8 28 47 75 1.9047800886176511 
42 59 7 3 8 18 47 56 1.987703624746701 
41 58 7 3 10 24 57 70 1.9399443588891734 
40 56 7 3 9 23 55 76 1.9422128537674084 
36 55 7 3 8 20 53 66 1.9753083887513059 
35 54 7 3 10 23 57 66 1.923607946470539 
34 53 7 3 7 24 42 69 1.9301038156318722 
33 52 7 3 6 23 43 63 1.8802965435026098 
31 51 7 3 5 17 43 55 1.8824672006781422 
30 49 7 3 6 17 49 53 2.088983520751136 
29 48 8 3 4 19 35 55 1.8017322976149717 
29 47 8 4 4 16 38 53 1.9570060474260187 
28 46 9 4 4 14 27 52 1.903693781433326 
26 45 9 4 4 9 26 44 1.921762880705656 
26 44 9 4 4 10 30 44 1.8960158565299048 
25 43 9 4 2 9 24 40 1.8761738032618263 
24 42 9 4 2 9 22 41 1.8703439750547606 
23 41 9 4 2 7 25 35 1.8691627170731875 
22 40 9 4 2 7 26 35 1.616139211475692 
21 39 9 5 1 7 25 35 1 
