140 140 0 0 14 14 14 14 1.8847530624413495 
138 139 0 0 17 19 25 25 1.9503320384653688 
134 137 0 0 16 22 30 34 1.9871994577260248 
132 136 0 0 18 22 39 34 2.0363449700807132 
130 135 0 0 22 24 50 39 2.0671396909865054 
126 133 0 0 23 25 56 44 2.069086213129082 
124 132 0 0 22 23 59 43 2.0232661322802823 
123 130 0 0 21 21 60 44 2.0240144556672406 
122 129 0 0 23 21 65 44 2.0079877756963542 
118 127 0 0 19 19 60 39 2.0581113670130478 
117 126 0 0 22 22 69 44 2.052877413603498 
117 125 0 0 21 21 73 48 2.0564498876794275 
113 124 0 0 23 21 74 48 2.057211265701562 
112 123 0 0 23 20 78 48 2.012070799397014 
111 122 0 0 30 17 90 48 2.1091464951554775 
105 121 0 0 29 21 90 51 2.2056044142923747 
101 119 0 0 27 26 93 56 2.3012385059937763 
97 118 0 0 23 31 90 63 2.2319215233627587 
96 117 0 0 25 27 91 56 2.266463185922281 
92 115 0 0 27 32 92 66 2.5932683008459714 
84 114 1 0 26 34 89 63 2.764153520859087 
80 112 2 0 19 33 70 66 2.6815437531197595 
79 106 2 0 19 34 77 80 2.772580503529675 
79 105 2 0 20 38 89 87 2.702699763039507 
77 104 2 0 19 40 74 91 2.467604650847253 
76 100 2 0 17 25 74 74 2.469524294655361 
76 99 2 0 18 24 79 65 2.3721066399550965 
78 95 2 0 20 23 84 59 2.3728037056892264 
74 93 2 0 18 22 84 60 2.461471548413053 
73 92 2 0 18 30 86 74 2.5205233965854053 
72 91 2 0 22 35 93 76 2.554708691190621 
71 90 2 0 17 41 81 81 2.5225194299013793 
69 84 3 0 16 26 83 73 2.6738241257249356 
63 83 3 0 15 33 84 72 2.665717264166669 
63 82 3 0 18 40 80 88 2.855200493623024 
57 81 4 0 15 34 71 78 2.8705230057584052 
55 80 4 0 14 35 71 82 2.9079771600390916 
51 79 4 0 15 36 74 84 2.8326112901458806 
50 78 4 0 14 26 80 69 2.747863169203246 
50 77 4 0 16 21 81 57 2.4178730819298595 
48 76 4 1 13 20 67 57 2.3872619390729026 
48 74 4 1 15 20 72 57 2.387242640644497 
46 73 4 1 14 20 72 62 2.2056835745566827 
46 72 4 2 14 20 86 62 2.2198209425716224 
45 71 4 2 14 22 87 67 2.21311649533713 
44 70 4 2 13 22 86 66 2.3335862696193126 
43 69 5 2 13 22 68 64 2.4390172418199474 
42 68 5 2 14 26 79 64 2.5959662657574984 
40 67 6 2 13 26 64 64 2.6247441731078114 
40 66 6 2 14 22 82 66 2.510506117128954 
39 65 6 2 16 20 73 63 2.542791241778771 
37 64 6 2 13 21 72 65 2.533556956235412 
36 63 6 2 13 17 80 62 2.6248185956242276 
35 62 7 2 11 17 54 58 2.6684349245663754 
35 61 7 2 12 19 62 61 2.3938708732104215 
33 59 7 3 8 20 53 57 2.3459816717847484 
32 58 7 3 8 18 50 50 2.302702954766428 
31 57 7 3 8 15 51 48 2.3767451334374856 
30 56 7 3 8 18 59 53 2.4972279623548435 
29 55 8 3 6 17 40 51 2.4718463919888505 
29 54 8 3 6 16 42 53 2.4159184539858134 
28 53 8 3 6 14 39 51 2.406703684522378 
27 52 8 3 6 13 41 49 2.428172536186518 
26 51 8 3 6 14 43 45 2.1502737236754497 
25 50 8 4 6 13 43 45 2.1396465288818463 
24 49 8 4 5 12 43 42 2.319480773214509 
23 48 9 4 4 14 30 47 2.259870423497264 
23 47 9 4 4 11 30 45 1.9791455974225822 
23 45 9 5 4 11 32 44 1.9486111215174382 
23 44 9 5 4 10 32 41 1.9148611509813482 
23 43 9 5 4 9 32 40 1.890022001747154 
23 42 9 5 4 9 32 42 1.8473612099091687 
23 41 9 5 4 7 32 38 1.8257375553059203 
23 40 9 5 4 7 32 38 1.7869995110270458 
23 39 9 5 4 6 31 36 1.765571178409101 
23 38 9 5 3 6 29 34 1.4946907901513216 
23 37 9 6 4 6 31 34 1.4579206469695902 
23 36 9 6 3 5 29 33 1.439317165011983 
23 35 9 6 4 5 31 33 1.3989713734176357 
23 34 9 6 4 4 30 32 1.380563213445333 
23 33 9 6 4 4 30 30 1.33951016892282 
23 32 9 6 4 2 30 25 1.3178865143195715 
23 31 9 6 4 2 30 25 1.296262859716323 
23 30 9 6 4 2 30 25 1.2641206364957063 
23 29 9 6 4 1 30 23 1.2424969818924578 
23 28 9 6 4 1 30 23 0.9653809263580908 
23 27 9 7 4 1 30 25 0.9412774397148382 
23 26 9 7 4 0 30 18 1.3574809567490411 
23 31 9 6 4 5 30 26 1.2851577737304432 
23 29 9 6 4 3 30 27 1.0033676214720875 
23 27 9 7 4 4 30 27 0.9801362195533663 
23 26 9 7 4 4 30 28 0.9374754277153808 
23 25 9 7 4 2 30 24 0.9069409518102364 
23 24 9 7 4 1 30 21 0.62412956960492 
23 23 9 8 4 0 30 18 0.9642078916210677 
23 25 9 7 4 5 30 33 0.9352811630313961 
23 24 9 7 4 4 30 29 0.6419512122087111 
23 23 9 8 4 2 30 24 0.36074757731886753 
23 22 9 9 4 1 30 20 0.3302131014137231 
23 21 9 9 4 0 30 17 0.6565573601815567 
23 23 9 8 4 4 30 32 0.6082012416726215 
23 22 9 8 4 1 30 23 0.3286053540982503 
23 21 9 9 4 0 30 18 0.653341865550611 
23 23 9 8 4 4 30 34 0.36965839862076316 
23 22 9 9 4 2 30 23 0.3302131014137231 
23 21 9 9 4 0 30 17 0.617112062974517 
23 22 9 8 4 2 30 26 0.3286053540982503 
23 21 9 9 4 0 30 18 0.7126666479118368 
23 25 9 8 4 4 30 24 0.6878274986776423 
23 24 9 8 4 4 30 26 0.6419512122087111 
23 23 9 8 4 2 30 24 0.3286053540982503 
23 21 9 9 4 0 30 18 0.6203275576054627 
23 22 9 8 4 2 30 24 0.3286053540982503 
23 21 9 9 4 0 30 18 0.42035792703611263 
23 23 9 9 4 4 30 22 0.3744816405671817 
23 22 9 9 4 2 30 20 0.3286053540982503 
23 21 9 9 4 0 30 18 0.4451970762703068 
23 24 9 9 4 4 30 20 0.36965839862076316 
23 22 9 9 4 2 30 23 0.3302131014137231 
23 21 9 9 4 0 30 17 0.617112062974517 
23 22 9 8 4 2 30 26 0.3302131014137231 
23 21 9 9 4 0 30 17 0.36965839862076316 
23 22 9 9 4 2 30 23 0.3302131014137231 
23 21 9 9 4 0 30 17 0.6082012416726215 
23 22 9 8 4 1 30 23 0.3302131014137231 
23 21 9 9 4 0 30 17 0.643558959524184 
23 23 9 8 4 2 30 23 0.3302131014137231 
23 21 9 9 4 0 30 17 0.664596096758921 
23 23 9 8 4 4 30 27 0.6082012416726215 
23 22 9 8 4 1 30 23 0.3302131014137231 
23 21 9 9 4 0 30 17 0.7183619745827866 
23 25 9 8 4 5 30 29 0.6935228253485921 
23 24 9 8 4 5 30 31 0.6106810737126256 
23 22 9 8 4 2 30 30 0.33430068076920016 
23 21 9 9 4 1 30 23 -1 
