140 140 0 0 14 14 14 14 1.786658490706197 
138 138 0 0 17 17 25 25 1.9073629227546665 
134 137 0 0 16 22 30 30 1.8848516971410085 
132 135 0 0 18 19 39 27 1.9757792138582513 
130 134 0 0 22 25 50 39 1.9732762210658337 
126 133 0 0 23 21 56 35 1.9700903328409163 
124 131 0 0 22 21 59 41 1.9458725952550349 
123 129 0 0 21 21 60 46 1.9457718398405304 
122 128 0 0 23 21 65 46 1.989236206862054 
118 127 0 0 21 23 62 48 1.9951730124727978 
117 125 0 0 24 24 71 49 1.991274765904958 
117 123 0 0 23 24 75 47 2.0225124645951897 
113 122 0 0 25 26 76 47 1.9844482135595771 
109 121 0 0 27 22 80 51 2.098922749408746 
107 120 0 0 22 30 75 59 2.298402309014349 
103 119 1 0 19 22 75 51 2.3590320310976294 
99 118 1 0 18 26 72 53 2.2626522323060296 
99 117 1 0 18 21 70 49 2.2817097029640974 
98 116 1 0 20 21 78 49 2.2839224233460333 
96 115 1 0 21 24 76 58 2.413228813763511 
92 114 1 0 20 28 84 61 2.656103229399581 
88 113 2 0 22 32 77 69 2.7137844054031093 
84 111 2 0 22 36 78 69 2.5851262617813586 
82 109 2 0 16 30 64 66 2.594607606693564 
81 108 2 0 17 31 67 67 2.576963322062161 
80 107 2 0 16 29 68 64 2.4358093847909177 
78 103 2 0 19 24 72 65 2.38363469162442 
77 102 2 0 18 21 69 59 2.35399439392826 
77 101 2 0 18 19 72 59 2.4630309394030085 
73 99 2 0 22 21 91 56 2.7533200650355205 
67 98 3 0 20 23 85 59 2.9018275775878126 
66 96 4 0 19 23 73 59 3.223462762146366 
56 95 5 0 17 20 75 56 3.2993996994471826 
55 94 5 0 14 21 82 57 3.5297434079566017 
47 93 6 0 8 24 54 56 3.633562487793722 
46 92 7 0 7 20 39 51 3.6136387762004687 
44 91 7 0 6 22 31 54 3.587640292117829 
42 90 7 0 6 20 31 52 3.6041534348004785 
41 89 7 0 7 20 37 52 3.590982805204943 
39 88 7 0 6 19 36 53 3.6000302721899495 
38 87 7 0 6 19 38 48 3.6056758443008974 
37 86 7 0 6 22 35 51 3.570951568202661 
36 84 7 0 6 20 40 55 3.5233809453094027 
35 83 7 0 6 19 37 57 3.478707562244263 
34 81 7 0 7 19 38 62 3.544541117461974 
34 80 7 0 8 19 54 65 3.4941724330946773 
34 79 7 0 8 17 54 66 3.286093935329965 
32 78 7 1 7 18 54 52 3.3128349007522435 
31 77 7 1 7 18 60 52 3.3756764353081796 
30 76 7 1 7 19 70 54 3.4596418374686007 
29 75 8 1 5 17 46 49 3.445522022770317 
28 74 8 1 4 17 44 49 3.4301047886653473 
27 73 8 1 5 17 45 49 3.1356568142549937 
26 72 8 2 3 17 37 49 3.130467402889653 
25 71 8 2 3 17 38 49 3.1528015845630684 
25 70 8 2 4 20 41 53 3.2456724077823256 
23 69 9 2 2 17 19 48 3.2532551471320326 
22 68 9 2 2 17 22 48 2.998768496930701 
22 67 9 3 2 17 25 48 2.964591000248307 
22 66 9 3 2 17 23 48 2.9559578049960082 
22 65 9 3 2 17 25 48 2.921780308313614 
22 64 9 3 2 17 23 48 2.8876028116312202 
22 63 9 3 2 17 21 48 2.8646273050653086 
22 62 9 3 2 17 21 49 2.843221959097962 
22 61 9 3 2 17 21 49 2.8218166131306157 
22 60 9 3 2 17 21 49 2.795700785367575 
22 59 9 3 2 17 21 52 2.8317701176179426 
22 58 9 3 2 17 30 52 2.5571510739671854 
22 57 9 4 1 17 28 51 2.5367198953766934 
22 56 9 4 2 17 30 52 2.491657686026801 
22 55 9 4 1 15 28 48 2.493909203442 
22 54 9 4 2 17 30 52 2.486796439597057 
22 53 9 4 1 18 28 50 2.466365261006564 
22 52 9 4 2 18 30 51 2.1737740031458106 
22 51 9 5 1 16 28 44 2.136505914457495 
22 50 9 5 2 15 30 47 2.0761769556083465 
22 49 9 5 1 12 28 44 2.0557457770178535 
22 48 9 5 2 12 30 45 2.0288538116045225 
21 47 9 5 1 12 26 45 1 
