140 140 0 0 14 14 14 14 3.27652330842663 
138 138 0 0 17 17 25 25 3.3195429885227608 
136 137 0 0 22 15 38 22 3.432756609918861 
132 136 0 0 22 20 44 29 3.461191157121994 
128 135 0 0 22 17 51 26 3.4846345163600403 
127 133 0 0 27 20 61 35 3.565074119151739 
121 132 0 0 25 21 66 40 3.6542266062292423 
119 131 0 0 25 25 72 45 3.609315618486747 
118 129 0 0 25 23 76 46 3.66041270457307 
116 128 0 0 28 26 82 50 3.688990125363891 
112 127 0 0 26 30 78 54 3.8394682406397327 
106 126 1 0 19 26 64 45 3.741417944916631 
107 118 1 0 24 32 78 61 3.7274204641526767 
97 112 2 0 17 26 63 56 3.6871930131307185 
97 111 2 0 19 19 72 46 3.7608320179114205 
96 109 2 0 32 27 88 60 3.7471322291822804 
86 108 3 1 18 27 70 59 3.5115753346662784 
85 102 3 1 16 21 71 62 3.6342980761380974 
84 101 3 1 26 26 88 64 3.5998327950851468 
78 100 3 1 18 24 78 61 3.524839053902133 
78 99 3 1 16 19 76 49 3.4826305700887157 
77 97 3 1 14 20 74 51 3.58542484113997 
75 96 4 1 15 20 61 50 3.8175819135588225 
74 95 4 1 14 27 77 54 3.2772393177158143 
75 93 4 2 21 17 73 44 3.216160454400947 
73 91 4 2 20 17 71 47 3.1949394226773413 
72 90 4 2 21 16 73 45 3.1263998313689774 
70 89 4 2 20 14 69 43 3.145604899623916 
66 88 4 2 18 14 69 42 3.465937317377774 
60 87 5 2 13 17 68 49 3.480011470844516 
60 86 5 2 12 19 69 51 3.1411971329921413 
59 84 5 3 12 17 68 49 3.150506420258021 
57 83 5 3 12 17 70 47 2.997709102220024 
55 79 5 3 12 13 70 44 2.958063552465523 
55 78 5 3 12 11 72 44 3.1190966508358247 
55 77 5 3 13 25 77 67 3.1335505989479437 
53 76 5 3 12 26 76 61 3.3382013481357866 
51 75 6 3 12 25 75 62 3.30005474728181 
51 74 6 3 12 25 74 62 3.2025181472735076 
51 73 6 3 11 18 75 55 3.1819738252298877 
51 72 6 3 13 21 74 59 3.20986646456347 
43 70 7 3 12 15 59 57 3.221854983752169 
43 69 7 3 12 16 62 58 3.2836454508271595 
41 68 7 3 12 22 63 67 3.175755511981925 
39 67 7 3 12 20 56 66 3.1771902200521187 
38 65 7 3 11 24 54 65 3.144983830363268 
38 64 7 3 12 20 59 58 3.1064243622130894 
38 63 7 3 11 21 56 60 3.139630687884343 
38 62 7 3 12 21 64 62 3.090109212251651 
37 61 7 3 13 20 63 60 3.069979046242429 
36 60 7 3 14 16 68 51 2.9977937429883523 
34 59 7 3 14 15 64 53 2.986796880300128 
33 58 7 3 12 16 62 54 2.9700157436264534 
33 57 7 3 12 16 63 53 2.892790838624844 
35 56 7 3 13 16 60 52 2.848584425024315 
33 55 7 3 12 15 57 50 2.827960407840878 
35 54 7 3 13 15 60 49 2.7855675851291535 
31 53 7 3 11 15 54 50 2.8501053251613677 
33 52 7 3 13 19 63 58 2.8205101263609316 
33 51 7 3 12 19 62 58 2.7733429115001287 
33 50 7 3 13 18 62 56 2.706013787487577 
33 49 7 3 12 18 57 56 2.704400973712554 
34 48 7 3 13 18 61 54 2.5177491005184223 
33 44 7 3 12 15 57 56 2.4419862395309027 
33 42 7 3 12 12 59 53 2.457450069479392 
34 41 7 3 12 13 61 46 2.1392702696274446 
34 39 7 4 13 12 62 43 2.1052385926724693 
34 38 7 4 12 12 60 41 2.0774075523710103 
34 37 7 4 13 12 61 41 1.7225758850213202 
34 35 7 5 12 10 60 46 1.4455103995508805 
34 34 7 6 13 10 61 44 1.3946939773724978 
33 33 7 6 12 10 57 44 1.3410871551197652 
33 32 7 6 12 9 57 48 1.3496689331011629 
33 31 7 6 12 11 57 45 1.3209558135502153 
33 30 7 6 12 11 57 45 1.2352337229949546 
33 29 7 6 12 6 57 38 1.214193421619924 
34 28 7 6 13 6 60 40 1.1870967243937323 
34 27 7 6 12 6 59 39 1.1711976669695472 
34 26 7 6 13 6 61 38 0.8463444099610622 
33 25 7 7 12 4 57 34 0.5584941519848177 
33 24 7 8 12 3 57 30 0.2855435904133789 
33 23 7 9 12 3 57 26 0.24942627918036048 
33 22 7 9 12 2 57 23 0.20340627469102623 
33 21 7 9 12 0 57 18 0.24692777760611564 
33 22 7 9 12 2 57 24 0.20090777311678137 
33 21 7 9 12 0 57 19 0.20340627469102623 
33 21 7 9 12 0 57 18 0.5520849205207464 
33 23 7 8 12 5 57 33 0.5011592259235862 
33 22 7 8 12 2 57 24 0.20340627469102623 
33 21 7 9 12 0 57 18 0.2108104663730971 
33 21 7 9 12 1 57 21 -1 
