140 140 0 0 14 14 14 14 3.6748532501564415 
138 139 0 0 17 17 25 23 3.639321924878268 
136 135 0 0 22 19 38 34 3.694771458616708 
132 134 0 0 22 19 44 33 3.741212262115384 
128 133 0 0 22 18 51 33 3.8296980783830796 
127 132 0 0 27 24 61 42 3.8094726387187747 
121 130 0 0 25 19 66 38 3.848846455400515 
119 129 0 0 25 19 72 38 3.840754501494285 
118 127 0 0 25 21 76 44 3.8556441525375607 
116 126 0 0 28 21 82 44 3.9573855169187038 
112 124 0 0 27 38 79 71 4.090093004676052 
104 122 1 0 23 32 74 70 4.381855995309479 
98 121 2 0 18 37 66 70 4.441724068671554 
97 120 2 0 27 40 80 76 4.390421467944782 
89 116 3 0 17 26 64 60 4.549639931519682 
89 115 3 0 18 34 74 65 4.473235192459703 
88 114 3 0 18 35 67 65 4.371825302267194 
87 113 3 0 20 30 67 61 4.300855169790015 
85 112 3 0 17 27 64 62 4.22317096684872 
84 111 3 0 17 26 60 62 4.592043842847086 
82 110 4 0 17 37 62 74 4.6159300329508035 
81 108 4 0 17 42 68 89 4.644609611266512 
80 107 4 0 26 36 85 74 4.849545786072333 
70 106 5 0 16 31 73 64 4.774148967419997 
69 104 5 0 16 29 74 64 4.910152424083899 
61 103 6 0 13 25 62 58 5.136063965968257 
59 102 6 0 9 35 74 73 5.05942854934437 
59 101 6 0 10 32 74 71 4.863291197524601 
58 97 6 0 14 31 71 72 4.61330839846357 
59 96 6 0 13 24 57 67 4.745184628715412 
53 95 6 0 9 26 65 71 4.787318817783578 
52 94 6 0 9 27 70 70 4.768605910372149 
51 92 7 0 8 24 49 62 4.73962336520396 
50 91 7 0 8 24 53 74 4.727585682830617 
46 90 7 0 6 17 53 51 4.743567277756796 
47 89 7 0 8 22 55 58 4.740518979425 
43 88 7 0 9 20 60 60 4.765605503436678 
42 87 7 0 10 22 64 63 4.757511472815237 
40 86 7 0 9 23 63 64 4.779638332393437 
39 85 7 0 8 23 67 64 4.676104656583999 
37 81 8 0 5 17 47 59 4.659479418381787 
36 80 8 0 5 16 49 58 4.316138883488559 
37 79 8 1 6 15 46 58 4.296076115062348 
36 77 8 1 7 15 49 54 4.000577996008968 
36 75 8 2 6 17 49 59 3.9520704315114363 
35 73 8 2 6 14 54 58 3.8622593318980774 
35 72 8 2 6 15 47 60 3.8620167540945243 
35 71 8 2 6 14 48 50 3.9480206435282588 
35 70 8 2 6 22 51 59 3.7534943484227843 
36 69 8 2 6 19 37 53 3.7103037544189954 
36 68 8 2 6 18 38 55 3.7139930563187025 
36 67 8 2 6 21 38 58 3.6171029448996657 
37 66 8 2 6 17 38 58 3.62003622625844 
36 65 8 2 7 20 37 58 3.5747959179374456 
34 64 8 2 7 17 37 53 3.56406642650533 
30 63 8 2 6 15 38 51 3.505114838674737 
29 61 8 2 4 15 37 54 3.459394282578436 
29 60 8 2 4 14 34 46 3.4240554086625306 
29 59 8 2 4 14 35 50 3.1624748853861937 
30 58 8 3 6 15 39 52 3.108149008507815 
29 57 8 3 4 12 37 47 3.0783934877874217 
29 56 8 3 5 13 36 46 2.9483202100308525 
27 55 9 4 2 14 20 43 2.9125349840322854 
26 54 9 4 2 13 20 42 2.9135888251213173 
24 53 9 4 2 13 22 42 2.8229349183758754 
24 51 9 4 2 10 24 43 2.8019120498600487 
24 50 9 4 2 10 25 43 2.4904129753523763 
24 49 9 5 2 10 23 45 2.466274398250567 
24 48 9 5 2 9 23 39 2.435671535836563 
24 47 9 5 2 9 23 39 2.404374956034715 
24 46 9 5 2 8 23 35 2.373772093620711 
24 45 9 5 2 8 23 35 2.3274657910309395 
24 44 9 5 2 6 23 31 2.296862928616936 
24 43 9 5 2 6 23 31 2.266260066202932 
24 42 9 5 2 6 23 31 2.2463942078389874 
24 41 9 5 2 6 23 28 2.201475340024905 
24 40 9 5 2 6 23 32 2.1672934762608813 
24 39 9 5 2 6 23 33 1.864217385499504 
24 38 9 6 2 6 23 38 1.8071740788596737 
24 37 9 6 2 4 23 37 1.5405817189863376 
24 36 9 7 2 5 23 36 1.5135578579223536 
24 35 9 7 2 5 23 35 1.477294841994796 
24 34 9 7 2 2 23 24 1.1878410392456527 
24 33 9 8 2 1 23 21 0.9091242405465683 
24 32 9 9 2 0 23 15 0.5653347512924879 
24 21 9 9 2 0 23 17 0.9473433906296149 
23 23 9 8 4 3 30 27 0.9046160893898624 
23 22 9 8 4 1 30 22 0.6151622866407195 
23 21 9 9 4 0 30 19 0.6543105865304516 
23 22 9 9 4 2 30 25 0.6151622866407195 
23 21 9 9 4 0 30 19 0.9437643892795954 
23 23 9 8 4 3 30 28 0.9053098067777072 
23 22 9 8 4 2 30 26 0.6223202893407587 
23 21 9 9 4 0 30 17 0.906003524165552 
23 22 9 8 4 3 30 30 0.6158560040285643 
23 21 9 9 4 1 30 23 -1 
