140 140 0 0 14 14 14 14 2.9711248861383 
138 138 0 0 17 17 25 25 3.0434035389330876 
136 136 0 0 22 21 38 34 3.0652214434146376 
132 135 0 0 22 18 44 30 3.1184752801073805 
128 134 0 0 22 18 51 36 3.217024520153019 
127 132 0 0 27 27 61 51 3.3684632516561175 
121 131 0 0 25 32 66 53 3.359897583032431 
119 130 0 0 25 28 72 49 3.3340161102016954 
118 128 0 0 25 27 76 49 3.2967912931633165 
116 126 0 0 28 25 82 47 3.305689721037303 
112 125 0 0 26 27 78 50 3.281172360676454 
111 124 0 0 38 26 91 50 3.367164996324418 
105 123 0 0 33 26 93 48 3.516834608258762 
97 122 0 0 27 33 90 55 3.422001166480021 
95 118 0 0 27 35 89 65 3.8012180294508124 
89 117 1 0 19 49 74 79 4.0245272847432005 
85 116 2 0 19 46 74 71 3.718065833561211 
86 115 2 0 20 22 78 45 3.9812402922151215 
86 114 2 0 23 42 86 68 3.871441709168244 
87 113 2 0 24 35 89 63 3.834997988755 
87 112 2 0 21 35 85 63 3.963267596757148 
79 110 3 0 20 36 69 66 3.836151845414123 
80 109 3 0 20 31 66 62 3.791484512764108 
76 107 3 0 23 27 72 57 3.819382767442005 
75 106 3 0 21 32 69 65 3.8440617757644855 
73 104 3 0 19 39 65 75 3.853262969832464 
72 102 3 0 26 37 83 81 3.827202536664917 
68 101 3 0 25 32 84 69 4.226842246406224 
58 100 4 0 15 34 83 72 4.32114986670286 
54 99 5 0 12 33 63 67 4.4171839870558065 
55 98 5 0 14 37 75 75 4.431825495149018 
54 97 5 0 14 39 76 77 4.313827679020377 
52 96 5 0 13 29 76 62 4.285391040187046 
51 95 5 0 13 29 75 62 4.215247434740836 
50 93 5 0 16 28 78 66 4.18895114691518 
44 92 6 0 10 21 48 54 4.289041486048437 
44 91 6 0 10 21 63 57 4.240047200559407 
43 89 6 0 10 21 63 58 4.239381756117488 
41 88 6 0 9 21 63 57 4.277207399197205 
40 87 6 0 10 22 69 58 4.222749927355928 
39 86 6 0 11 21 67 55 4.230297297190639 
39 85 6 0 11 22 69 54 4.182229146188061 
39 84 6 0 12 20 70 50 4.185169862765594 
38 83 6 0 10 20 72 56 4.175221632389462 
37 82 6 0 9 19 73 53 3.9425606845968755 
36 81 7 1 8 19 49 53 3.9250333066100924 
36 80 7 1 10 18 53 50 3.9511913000391687 
35 79 7 1 7 17 59 59 3.9672334061991816 
35 78 7 1 7 21 56 54 3.7834773764221863 
33 76 7 1 8 18 46 55 3.5199637211882826 
33 75 7 2 7 18 47 55 3.5216441243326355 
33 74 7 2 7 18 50 54 3.4795474042136645 
33 73 7 2 7 17 50 54 3.462668076572608 
33 72 7 2 7 18 50 56 3.424948651805064 
33 71 7 2 7 17 50 54 3.412446619515435 
33 70 7 2 7 18 50 54 3.36159530869361 
33 69 7 2 7 17 50 58 3.352769785692372 
31 68 7 2 7 16 51 54 3.3254704094880716 
31 67 7 2 7 16 51 54 3.2981710332837713 
31 66 7 2 7 16 51 54 3.2708716570794714 
31 65 7 2 7 16 51 54 3.2331522323119275 
31 64 7 2 7 15 51 52 3.2058528561076276 
31 63 7 2 7 15 51 52 3.1889735284665717 
31 62 7 2 7 16 51 54 3.1513607676483564 
31 60 7 2 7 17 51 53 3.0558575707049647 
31 59 7 2 7 16 46 57 2.7856735082506723 
31 58 7 3 7 16 47 56 2.756185484370659 
31 57 7 3 7 16 47 57 2.7467468626149856 
31 56 7 3 7 16 49 57 2.7514933216865294 
32 55 7 3 7 19 48 55 2.8004507351941563 
31 54 7 3 7 17 58 51 2.463285018152878 
31 53 7 4 7 14 55 44 2.4301186752582202 
31 52 7 4 7 13 56 44 2.370600322649853 
31 51 7 4 7 14 50 41 2.400477460949984 
31 50 7 4 7 18 51 46 2.421026883912031 
29 49 8 4 6 12 35 42 2.4283117539759527 
28 48 8 4 6 12 38 42 2.4025147946384666 
28 47 8 4 5 10 40 40 2.3986806398023623 
27 46 8 4 5 10 42 41 2.5042830715204825 
23 45 9 4 2 9 24 39 2.5214783815271913 
21 44 9 4 1 9 26 38 1 
