140 140 0 0 14 14 14 14 2.4355994503602223 
138 139 0 0 17 18 25 23 2.408195545811997 
134 137 0 0 16 14 30 25 2.490318975841304 
132 135 0 0 21 20 43 37 2.5601801992223168 
128 134 0 0 22 21 51 40 2.569178856501124 
126 132 0 0 23 22 56 41 2.4854177125172976 
124 128 0 0 22 20 59 45 2.455347431875638 
123 126 0 0 21 19 60 41 2.513225017315197 
122 125 0 0 23 23 65 42 2.494636900716423 
121 124 0 0 25 21 71 42 2.576890420854346 
117 123 0 0 31 24 84 48 2.6798057530796155 
111 122 0 0 24 25 84 52 2.632579791473151 
105 121 0 0 23 20 81 47 2.671526163300786 
104 120 0 0 24 23 86 56 2.607295759115611 
100 118 0 0 26 18 89 46 2.999705760564006 
96 117 1 0 26 28 91 59 3.1032071049359877 
92 116 1 0 26 35 91 63 3.1401853286001216 
86 115 2 0 27 23 81 53 3.1906340625674217 
80 113 2 0 28 23 89 55 3.391067326994288 
79 112 3 0 27 25 80 56 3.433855945677597 
75 110 3 0 19 25 77 55 3.3566287248142976 
74 108 3 0 18 22 76 53 3.370875720131013 
72 107 3 0 15 26 69 60 3.5011779378159082 
68 106 4 0 11 19 59 55 3.4872988667066265 
67 105 4 0 11 19 59 54 3.437364802822081 
67 103 4 0 11 18 61 55 3.5652306497741044 
66 102 4 0 14 27 69 64 3.7447639725687107 
64 101 5 0 13 30 57 77 3.8142787123694832 
63 99 5 0 14 31 71 77 3.7099170239138766 
62 97 5 0 14 32 61 79 3.7237163201143484 
60 96 5 0 14 32 64 80 3.8173489789050814 
59 95 5 0 14 37 70 84 3.6951221954314826 
58 93 5 0 13 30 68 71 3.5853726130562458 
56 91 5 0 21 26 75 69 3.80996234585321 
48 89 6 0 13 21 66 59 3.780065646298838 
44 87 6 0 13 20 66 60 3.806727218230515 
42 86 6 0 13 20 70 58 3.7510549522192758 
41 85 6 0 13 18 68 56 3.9243792008268676 
40 84 6 0 12 32 70 76 4.009802204942194 
39 83 7 0 11 29 54 72 4.046258385220825 
38 82 7 0 11 26 65 65 3.885270807061282 
37 81 7 0 9 19 54 55 3.923554098917568 
36 80 7 0 8 20 58 55 3.941132163084156 
35 79 8 0 7 18 32 55 3.9454676604352867 
34 78 8 0 6 17 36 58 4.028985028854378 
28 77 8 0 5 18 39 53 4.034781091396974 
27 76 8 0 3 18 40 56 3.97855394206999 
27 75 8 0 4 17 38 52 4.000757294226977 
26 74 8 0 3 17 42 53 4.067627083707047 
25 73 9 0 2 17 19 54 4.048037397292804 
24 72 9 0 2 17 18 52 4.056126078188313 
22 71 9 0 2 17 20 52 4.048485461613772 
22 70 9 0 2 17 22 51 4.009062808286579 
22 69 9 0 2 17 20 51 3.9996342766054775 
22 68 9 0 2 17 22 51 3.7371195856506976 
22 67 9 1 2 17 24 51 3.694121102110383 
22 66 9 1 2 17 22 53 3.6829046553227203 
22 65 9 1 2 17 24 54 3.36861658397734 
22 64 9 2 2 15 21 46 3.3674112953389823 
22 63 9 2 2 17 21 49 3.337621957515152 
22 62 9 2 2 17 21 52 1 
