140 140 0 0 14 14 14 14 1.5628862961624195 
138 139 0 0 17 19 25 25 1.6314306067392685 
134 137 0 0 16 22 30 34 1.677795427078543 
132 136 0 0 18 23 39 36 1.695508845959099 
130 135 0 0 22 22 50 34 1.8037734209105052 
126 133 0 0 23 30 56 51 1.7509250797194142 
124 129 0 0 22 29 59 57 1.7980782346273128 
123 128 0 0 21 32 60 57 1.7695552036383266 
122 126 0 0 23 32 65 63 1.7995163926144657 
120 125 0 0 21 33 64 62 1.760370409833547 
120 124 0 0 23 29 71 55 1.7662086604029101 
119 122 0 0 22 31 73 64 1.7362492186296699 
115 121 0 0 25 28 74 55 1.7201343730032286 
113 120 0 0 25 25 77 52 1.7221857784392716 
109 119 0 0 24 22 78 49 1.7174127452449486 
105 118 0 0 26 20 81 47 1.8541408696312334 
99 117 0 0 23 24 84 52 2.118677115766476 
93 116 1 0 22 23 80 50 2.4747927796390377 
85 115 2 0 15 31 61 59 2.579214075881481 
84 114 3 0 14 23 53 51 2.5016945499883274 
83 110 3 0 15 22 57 57 2.4951835704159655 
82 109 3 0 15 20 60 50 2.4912590263829117 
82 108 3 0 18 20 67 48 2.4728420931832042 
81 106 3 0 17 21 66 52 2.4649675107331674 
81 105 3 0 16 21 66 51 2.5669145218339398 
80 104 3 0 16 31 66 65 2.276504419878054 
76 100 3 1 15 30 67 67 2.1999764769038173 
70 98 3 1 16 23 67 63 2.234240231706161 
66 96 3 1 14 23 69 63 2.2186799055453403 
66 94 3 1 14 24 73 72 2.229403572486685 
65 92 3 1 14 25 75 63 2.2491067222452883 
64 91 3 1 12 24 78 61 2.3960449625460774 
63 89 4 1 10 22 67 59 2.4172063901951173 
61 88 4 1 9 25 63 62 2.3495848525530767 
59 87 4 1 11 19 67 57 2.391592684729411 
58 86 4 1 12 24 68 64 2.4460637680154123 
57 85 4 1 14 30 70 69 2.435106630285711 
57 84 4 1 16 28 79 69 2.5164365190781086 
56 83 4 1 13 38 71 84 2.4299337956410008 
55 82 4 1 12 33 66 77 2.355788776184324 
54 81 4 1 11 26 68 73 2.3180359676442728 
54 80 4 1 10 24 67 70 2.3223448066408108 
54 79 4 1 11 26 69 73 2.3502493401598925 
52 78 4 1 11 31 66 86 2.3516117951466655 
51 77 4 1 14 31 74 91 2.174905040525533 
50 73 4 1 13 21 72 73 2.1100864557376133 
50 71 4 1 13 19 71 68 2.105167754285366 
49 70 4 1 13 19 71 65 2.113643528752632 
48 69 4 1 13 20 71 62 2.2029463829287677 
47 68 4 1 13 22 82 60 2.1293277722844532 
39 67 5 2 12 19 65 57 2.1365426178731473 
39 65 5 2 16 20 79 65 2.3428031919998866 
35 64 6 2 9 17 61 54 2.492600751294205 
33 63 7 2 6 17 40 53 2.5460828320685938 
33 62 7 2 8 17 55 53 2.574035741991626 
32 61 7 2 8 17 61 53 2.558063340805417 
31 60 7 2 8 17 60 53 2.7264533662201664 
30 59 8 2 6 17 46 55 2.7087053531929524 
29 58 8 2 7 16 48 53 2.438255669980099 
27 57 8 3 5 15 43 50 2.4339889706510864 
26 56 8 3 5 14 46 50 2.594743733737165 
24 55 9 3 2 14 27 50 2.581588264262144 
25 54 9 3 4 14 33 50 2.5695966868090707 
25 53 9 3 4 14 34 49 2.539528474088902 
25 52 9 3 4 13 34 47 2.5014958358857595 
25 51 9 3 4 12 34 50 2.485619930641752 
24 50 9 3 4 12 32 46 2.4633724850113654 
23 49 9 3 4 12 30 46 2.4757325872695657 
23 48 9 3 4 13 33 46 2.455873080275721 
23 47 9 3 4 13 33 46 2.4187813250459387 
23 46 9 3 4 13 30 45 2.3753186364062575 
23 45 9 3 4 11 30 43 2.3355996224185667 
23 43 9 3 4 11 30 43 2.315740115424722 
23 42 9 3 4 11 30 43 2.2974734935274714 
23 41 9 3 4 11 30 42 2.0345222943969095 
23 40 9 4 4 12 30 45 2.0146627874030645 
23 39 9 4 4 12 30 45 1.9948032804092195 
23 38 9 4 4 12 30 45 1.974943773415374 
23 37 9 4 4 12 30 45 1.9534913813249342 
23 36 9 4 4 12 30 46 1.678738591371454 
23 35 9 5 4 12 30 48 1.647077493554691 
23 34 9 5 4 11 30 47 1.618602165931117 
23 33 9 5 4 10 30 44 1.3099439979175247 
23 31 9 6 4 8 30 38 1.2798757851973563 
23 30 9 6 4 7 30 36 1.2213322448536137 
23 28 9 6 4 5 30 31 1.2084956733929026 
23 27 9 6 4 6 30 35 0.8966517351861201 
23 25 9 7 4 4 30 31 0.5950165027056614 
23 23 9 8 4 3 30 29 0.2831725644988792 
23 21 9 9 4 1 30 25 -1 
