140 140 0 0 14 14 14 14 0.7463578160307438 
138 138 0 0 17 17 25 25 0.8023572862997462 
134 136 0 0 16 19 30 34 0.8139947394723717 
132 135 0 0 18 18 39 32 0.8165123119748889 
130 133 0 0 18 19 40 35 0.8241681185558076 
128 131 0 0 18 20 41 35 0.9001982232034555 
127 130 0 0 18 27 44 48 0.8883572959040514 
125 128 0 0 18 28 44 57 0.8744361179824476 
123 127 0 0 19 26 48 57 0.8496020863761923 
121 125 0 0 20 24 55 61 0.7656294274254982 
119 121 0 0 21 21 57 61 0.7855515656271937 
117 120 0 0 19 21 53 57 0.8729234593988814 
116 119 0 0 16 28 48 64 0.815163539303933 
115 117 0 0 16 23 49 50 0.8074123679881287 
114 115 0 0 17 23 55 50 0.8041360435139571 
112 114 0 0 17 22 54 46 0.8587950063476018 
110 113 0 0 16 27 50 53 0.8411408247473203 
108 112 0 0 18 25 55 51 0.918927381364091 
106 110 0 0 18 32 60 65 0.8263916374155802 
104 108 0 0 15 24 53 56 0.8237483046562746 
103 107 0 0 15 23 55 52 0.7529827242293456 
102 103 0 0 17 22 62 58 0.7766047388772808 
98 102 0 0 16 20 64 58 1.0937546347113305 
90 101 1 0 23 23 70 54 1.2883405171695426 
89 100 2 0 21 20 61 52 1.4570480440022902 
87 99 2 0 19 29 72 65 1.519508272251482 
83 98 2 0 17 33 68 80 1.7396926207085777 
82 97 3 0 16 34 57 82 1.7956012826119527 
81 96 3 0 15 36 64 85 1.8038536398160665 
79 95 3 0 15 34 69 81 1.8986763768413844 
77 94 3 0 14 39 74 86 1.8015253284295347 
76 93 3 0 18 33 81 85 2.036467057859691 
72 91 4 0 14 30 71 81 1.9736304367863433 
68 89 4 0 17 25 73 73 2.0195837114929467 
62 87 4 0 14 26 65 76 2.0440808939916066 
61 86 4 0 18 24 87 70 2.312635987799456 
59 85 5 0 15 26 78 76 2.239510639756709 
58 84 5 0 14 26 61 82 2.270897515674948 
57 83 5 0 14 26 69 80 2.1793033979906555 
56 81 5 0 14 19 71 73 2.1875853513091905 
54 80 5 0 13 19 69 74 1.9407292655934685 
53 79 5 1 12 19 68 73 1.9463108671219558 
52 78 5 1 12 19 68 67 2.0676532188299106 
51 77 5 1 13 27 80 76 2.0114641447009847 
50 76 5 1 13 20 85 65 2.2405205303226396 
49 74 6 1 13 20 84 62 2.2630657645982217 
48 73 6 1 13 22 86 66 2.4505938598943633 
47 72 7 1 12 23 67 68 2.3622502928759306 
45 71 7 1 8 21 39 68 2.4008800834006543 
43 70 7 1 7 22 40 66 2.420738277640608 
42 69 7 1 7 23 42 64 2.4585892253982697 
40 68 7 1 8 26 47 74 2.4453306353059525 
39 67 7 1 8 26 47 79 2.4614455870769962 
38 66 7 1 8 26 50 74 2.600052845790905 
36 62 8 1 5 25 29 76 2.6332947863361236 
32 61 8 1 4 23 30 68 2.2720304690620794 
31 57 8 2 2 17 28 64 2.3057124491806626 
31 56 8 2 3 17 43 64 2.4657435614871535 
30 55 9 2 2 16 19 55 2.4685562158895578 
29 54 9 2 2 16 20 53 2.4566926174067327 
28 53 9 2 2 15 21 52 2.443434027314415 
27 52 9 2 2 15 21 57 2.487167704070219 
26 51 9 2 2 19 21 59 2.247090928825477 
25 50 9 3 2 21 21 65 2.254665707677171 
23 49 9 3 2 21 22 67 2.0285688081534867 
22 48 9 4 2 21 28 64 1.7558972092577807 
21 47 9 5 0 20 19 58 1.7026996164933714 
21 46 9 5 1 16 25 57 1 
