140 140 0 0 14 14 14 14 0.34400752270997365 
138 139 0 0 17 17 25 23 0.41177135272535104 
134 137 0 0 16 20 30 33 0.39143814473303834 
132 135 0 0 16 18 32 29 0.37705806802242753 
130 133 0 0 16 18 32 36 0.3993216819393604 
128 132 0 0 16 19 32 37 0.45447132818613967 
126 131 0 0 14 21 30 38 0.4225902239161161 
124 130 0 0 16 18 38 35 0.4464846078567294 
123 129 0 0 14 19 34 37 0.4501627462666762 
121 127 0 0 15 20 41 42 0.4397796101703935 
119 126 0 0 16 18 48 40 0.4464655139417517 
117 125 0 0 16 18 46 40 0.4542197885282351 
115 124 0 0 16 18 46 42 0.45157153931846294 
113 122 0 0 16 18 46 41 0.4821019422171574 
111 121 0 0 14 18 44 41 0.4882399391492795 
110 119 0 0 14 21 44 52 0.4990156468950903 
109 118 0 0 15 23 47 57 0.553426964239804 
108 116 0 0 14 28 47 61 0.5561216456141395 
108 115 0 0 13 29 44 62 0.5949020054834709 
107 114 0 0 13 33 42 67 0.6115979712574476 
106 113 0 0 13 35 42 72 0.5299724086846843 
105 112 0 0 13 28 42 64 0.4375735315343121 
103 108 0 0 15 24 47 59 0.48844971496004796 
99 107 0 0 14 25 47 66 0.45723085191359625 
97 106 0 0 14 21 47 59 0.5521839830446413 
96 105 0 0 14 29 47 64 0.45311612426621883 
95 104 0 0 14 21 47 59 0.693422996252503 
93 102 1 0 14 21 46 61 0.6740265407547024 
92 101 1 0 13 18 48 57 0.671489335801198 
91 100 1 0 12 18 44 60 0.6793320866717989 
90 99 1 0 13 20 47 67 0.7152089826592056 
89 98 1 0 13 23 53 76 0.7749805145243047 
88 97 1 0 14 28 58 77 0.827729285539742 
86 96 1 0 14 31 58 75 0.7876365611371062 
85 95 1 0 13 29 49 79 0.8341225695324795 
84 94 1 0 14 32 56 74 0.6564601052117779 
82 90 2 1 13 20 49 63 0.6715467719862857 
80 89 2 1 13 20 49 60 0.6698352752710252 
79 88 2 1 12 19 49 59 0.6692161760839491 
77 87 2 1 14 19 56 60 0.7457913394037937 
71 86 2 1 12 19 53 62 0.7819757629658671 
69 85 2 1 13 21 55 57 0.7380916824405952 
67 83 2 1 13 17 59 54 0.7442332955110789 
63 82 2 1 14 16 55 52 0.7580995089413933 
62 81 2 1 13 16 57 52 0.99200863747047 
61 80 3 1 14 16 57 53 1.0827982530888005 
59 79 3 1 14 23 58 62 1.0422202035324026 
58 78 3 1 13 19 53 54 1.2272355431373363 
56 74 4 1 13 17 50 53 1.245843696472363 
54 73 4 1 12 17 48 53 1.2855858423650213 
53 72 4 1 12 20 53 58 1.2467986673304459 
52 71 4 1 12 17 52 55 1.2591440580454087 
51 70 4 1 12 17 57 52 1.2707635825371437 
49 69 4 1 12 17 56 50 1.2692947483987647 
48 68 4 1 11 17 54 55 1.2751583064484093 
47 67 4 1 10 17 52 55 1.3007074871257613 
46 66 4 1 9 19 49 58 1.0182625887294374 
45 64 4 2 9 17 51 53 1.2860966274102008 
44 63 5 2 8 19 43 54 1.236718610280235 
43 61 5 2 7 15 41 46 1.2988876548601456 
41 60 5 2 7 20 40 54 1.5044154946674335 
40 59 6 2 7 16 43 51 1.5346341624640707 
39 58 6 2 8 19 47 53 1.5123818418895736 
38 57 6 2 7 18 36 51 1.241674255018034 
37 55 6 3 6 18 30 53 1.2559714493243637 
36 54 6 3 6 20 31 61 1.4444084334747993 
35 50 7 3 5 19 28 66 1.3632160449581798 
34 46 7 3 5 16 28 63 1.3840687834680903 
33 45 7 3 5 17 30 59 1.3579263617038797 
32 44 7 3 5 15 31 59 1.4117717173354338 
31 43 7 3 3 18 26 57 1.4054703632445296 
30 42 7 3 3 17 26 51 1.4063459562960505 
29 41 7 3 3 17 26 49 1.4048227778799245 
28 40 7 3 3 17 27 50 1.168632265738448 
27 39 7 4 2 18 28 57 1.1263779484210998 
26 38 7 4 2 15 26 55 1.1231182397608985 
25 37 7 4 0 14 20 55 1.1043966864688295 
25 36 7 4 1 14 24 55 1.0921675866611749 
24 34 8 5 1 15 22 57 0.8053969644902983 
23 32 8 6 0 12 18 46 0.7679764258783104 
23 31 8 6 0 10 19 45 0.7511738029240728 
23 30 8 6 0 10 18 45 0.4702520829438749 
23 29 8 7 0 8 19 39 0.17199355460187632 
23 27 8 8 0 6 18 32 0.1503933887123441 
23 26 8 8 0 6 19 38 0.12216982834846521 
23 25 8 8 0 4 18 28 0.09925862906692731 
23 24 8 8 0 3 19 26 -0.18566441860360589 
23 23 8 9 0 1 18 20 -0.1999321923051135 
23 22 8 9 0 1 19 21 -0.22537824083938188 
23 21 8 9 0 0 18 18 0.07434676594022155 
23 23 8 8 0 2 19 24 -0.22537824083938188 
23 21 8 9 0 0 18 18 0.13574687464887258 
23 25 8 8 0 5 19 29 0.09827637883514492 
23 23 8 8 0 5 18 33 0.05661184995594165 
23 22 8 8 0 2 19 26 -0.21966777213456126 
23 21 8 9 0 1 18 23 -1 
