140 140 0 0 14 14 14 14 3.1308770871570832 
138 139 0 0 17 18 25 23 3.2121605355010465 
136 138 0 0 22 20 38 30 3.255139193021562 
132 136 0 0 22 22 44 38 3.2582087748418536 
128 132 0 0 22 25 51 50 3.169698122916569 
127 128 0 0 27 24 61 60 3.2327102364088276 
121 126 0 0 25 24 66 56 3.251592299984909 
119 124 0 0 25 24 72 55 3.1946489454829745 
118 120 0 0 25 25 76 58 3.2391941372042217 
116 119 0 0 31 26 85 54 3.179763637957101 
112 117 0 0 31 25 83 54 3.1548589287665303 
110 116 0 0 23 21 79 47 3.1595199761325543 
106 115 0 0 23 18 83 43 3.45036782463739 
104 114 1 0 27 20 91 49 3.53279905386003 
100 113 2 0 16 18 65 42 3.595884039977713 
98 112 2 0 19 21 72 46 3.5276907641628736 
97 111 2 0 27 24 71 52 3.5222079117511678 
93 107 2 0 26 30 72 66 3.6881558400554373 
85 106 3 0 21 19 69 50 3.951457611033101 
77 104 4 0 15 18 66 48 4.066836591996704 
73 103 4 0 17 25 71 57 3.970432795072651 
71 102 4 0 17 24 64 58 3.9696313942619645 
71 101 4 0 18 20 73 54 4.14505276889529 
67 100 4 0 17 27 83 69 4.169776977990367 
63 99 4 0 19 29 86 77 4.033532893197343 
63 97 4 0 23 24 87 69 3.9572354950362794 
63 95 4 0 20 23 81 58 3.907207318358177 
65 94 4 0 20 27 78 75 3.6440543764231914 
64 92 4 1 22 25 87 75 3.614584745970079 
63 91 4 1 28 23 92 64 3.6781348535823555 
55 89 5 1 21 23 66 64 3.755625102815992 
54 87 5 1 23 23 81 64 3.7408766950956625 
53 85 5 1 27 31 79 78 3.9888770747766658 
43 84 6 1 15 27 67 67 3.8892363005851363 
41 80 6 1 18 23 76 69 3.8543747824966292 
42 78 6 1 15 23 75 64 3.628124842506052 
42 72 6 1 15 17 77 60 3.536130688463335 
43 71 6 1 13 17 68 55 3.5478491528195697 
43 70 6 1 13 18 72 61 3.537984313042994 
42 69 6 1 13 22 69 70 3.5542672098389643 
41 68 6 1 13 20 75 66 3.608453663947135 
42 67 6 1 13 26 76 70 3.5894601443031133 
43 66 6 1 13 25 79 69 3.5455887451968664 
42 65 6 1 18 20 86 57 3.5807611611885517 
34 64 7 1 9 20 53 60 3.537871020190262 
34 63 7 1 9 19 52 56 3.3436686657680452 
33 62 7 2 8 23 54 59 3.330603168611507 
34 61 7 2 10 21 61 58 3.2853847650070933 
33 60 7 2 8 19 58 51 3.2315382591004638 
35 59 7 2 12 15 65 44 3.186068171469151 
35 58 7 2 11 14 64 45 3.168821105702461 
35 57 7 2 12 14 66 45 2.7367959685331287 
35 53 7 3 12 12 62 45 2.7264774609320686 
35 52 7 3 12 12 65 50 2.6480601847785135 
35 51 7 3 12 12 58 43 2.6525190009555986 
35 50 7 3 12 13 61 48 2.3054415559594528 
35 48 7 4 12 11 58 39 2.306367331455908 
35 47 7 4 12 11 61 39 2.2377136110018023 
35 46 7 4 12 10 58 38 2.2006053673036456 
35 45 7 4 12 10 57 38 1.92847661838238 
35 44 7 5 12 10 58 38 1.9220803586844797 
34 43 7 5 12 12 58 45 1.8537855503827028 
33 41 7 5 13 9 60 39 1.8595547034738429 
31 40 7 5 8 11 55 42 1.5351216601269204 
33 38 7 6 12 9 61 39 1.466115560881684 
31 37 7 6 8 8 53 39 1.4763891416472816 
33 36 7 6 12 8 61 34 1.411880755641051 
31 35 7 6 8 7 53 32 1.4109100533091343 
33 34 7 6 12 7 61 32 1.107875753569722 
34 33 7 7 12 7 60 34 1.0781583378533994 
33 32 7 7 12 7 59 34 0.9938250080779795 
34 31 7 7 12 4 58 32 0.9633364866211707 
33 30 7 7 12 3 58 30 0.9248128790592014 
34 29 7 7 12 2 58 25 0.9046039681415319 
33 28 7 7 12 2 58 25 0.8674957244433747 
33 27 7 7 12 2 57 25 0.8449067771035178 
33 26 7 7 12 2 58 27 0.7894881689465851 
33 25 7 7 12 0 57 22 0.8970503719996641 
33 27 7 7 12 4 57 25 0.8546733093220152 
33 26 7 7 12 3 57 25 0.7846965077448618 
33 24 7 7 12 2 57 25 0.4927796434858043 
33 23 7 8 12 1 57 23 0.4616468639056697 
33 22 7 8 12 0 57 18 0.7696252360039992 
33 23 7 7 12 3 57 26 0.4616468639056697 
33 22 7 8 12 0 57 18 0.8200330526012842 
33 24 7 7 12 5 57 29 0.7696252360039992 
33 23 7 7 12 3 57 26 0.4651799045863001 
33 22 7 8 12 1 57 23 0.18225846680525426 
33 21 7 9 12 0 57 17 0.28532295661932694 
33 23 7 9 12 4 57 22 0.1800096101857514 
33 21 7 9 12 0 57 18 0.4651799045863001 
33 22 7 8 12 1 57 23 0.1800096101857514 
33 21 7 9 12 0 57 18 0.5557159272417309 
33 24 7 8 12 4 57 27 0.5030592540249432 
33 23 7 8 12 2 57 25 0.4651799045863001 
33 22 7 8 12 1 57 23 0.1800096101857514 
33 21 7 9 12 0 57 18 0.31742040875783684 
33 24 7 9 12 4 57 20 0.28532295661932694 
33 23 7 9 12 4 57 22 0.18225846680525426 
33 21 7 9 12 0 57 17 0.22591971354403062 
33 22 7 9 12 2 57 23 0.1800096101857514 
33 21 7 9 12 0 57 18 0.2326662834025392 
33 22 7 9 12 2 57 20 0.1800096101857514 
33 21 7 9 12 0 57 18 0.563746681161367 
33 24 7 8 12 5 57 30 0.5088411513250763 
33 23 7 8 12 3 57 29 0.17904493762737603 
33 21 7 9 12 1 57 25 -1 
