140 140 0 0 14 14 14 14 1.4155878615022512 
138 138 0 0 17 17 25 24 1.4687555806000536 
134 136 0 0 16 19 30 34 1.509801340511539 
132 134 0 0 18 21 39 36 1.589021297025042 
130 133 0 0 22 26 50 45 1.5923834114001283 
126 132 0 0 23 22 56 41 1.6098043626887744 
124 131 0 0 22 21 59 41 1.6069931578349586 
123 130 0 0 21 21 60 47 1.6562841907534305 
122 129 0 0 23 25 65 50 1.6430678469456697 
118 127 0 0 19 24 60 57 1.7257734864336092 
117 126 0 0 22 29 69 57 1.9515524172923686 
109 125 1 0 26 22 74 47 2.256337019701527 
99 123 2 0 18 21 61 44 2.294471858512855 
95 122 2 0 19 21 65 43 2.404297756223298 
93 121 2 0 18 23 78 49 2.471024899783343 
91 120 2 0 15 26 78 52 2.4550206026196983 
90 119 2 0 20 29 80 56 2.389948541271732 
86 117 2 0 17 29 65 58 2.3056396406633306 
84 116 2 0 16 24 60 57 2.3808765611110605 
85 115 2 0 18 31 68 67 2.389488814777386 
84 114 2 0 17 32 69 74 2.5947064885500812 
83 113 3 0 17 34 60 76 2.6086177343187353 
82 111 3 0 18 34 68 75 2.5254507041127585 
81 107 3 0 19 37 63 83 2.779350008060586 
73 106 4 0 16 31 58 70 2.811259848413586 
71 105 4 0 13 32 55 67 2.930825550664411 
67 104 4 0 12 39 59 84 3.2057695609694377 
66 103 5 0 12 43 56 83 3.1447333492445604 
64 102 5 0 11 38 53 76 3.0498470143894845 
63 101 5 0 11 29 54 61 2.8931462105551375 
61 100 5 1 11 36 57 71 2.8630587182595106 
60 99 5 1 11 34 57 68 2.745948971043355 
59 98 5 1 11 25 57 62 2.8164558434171103 
57 97 5 1 10 28 62 69 2.9004322633607584 
56 96 6 1 9 26 40 69 2.8702614355140663 
55 95 6 1 11 24 43 65 2.849292721290558 
54 94 6 1 9 21 41 54 2.8961928630557865 
52 93 6 1 8 24 42 60 3.0627272328321555 
51 91 7 1 8 25 32 62 3.0871994708818584 
49 90 7 1 9 27 34 65 3.0683562509101776 
45 88 7 1 13 26 41 71 3.5172848789480637 
37 87 8 1 7 31 42 69 3.7598929190051726 
27 86 9 1 2 23 34 60 3.7301533274116583 
27 85 9 1 2 23 34 66 3.647159143734345 
27 83 9 1 2 21 30 62 3.560487008656571 
27 81 9 1 1 19 26 66 3.551689288589942 
27 80 9 1 2 19 29 65 3.525143438805729 
26 79 9 1 3 21 24 66 3.502685817239422 
24 78 9 1 1 18 21 58 3.4956581279056977 
23 77 9 1 1 17 22 53 3.5061783022395763 
23 76 9 1 2 19 25 56 3.4938234227279947 
23 74 9 1 2 23 23 64 3.5129267888909297 
22 73 9 1 2 20 32 58 3.460006238532132 
22 72 9 1 2 18 30 55 3.2194738803844745 
22 71 9 2 2 17 36 52 3.1667187007519897 
22 69 9 2 2 17 34 53 3.16285269996271 
22 68 9 2 2 18 36 59 3.059278459440821 
22 66 9 2 2 15 30 52 2.7659215063570732 
22 64 9 3 1 16 26 53 2.737593005968313 
22 63 9 3 2 15 28 52 2.721486534448199 
22 62 9 3 1 15 26 49 2.712475928459948 
22 61 9 3 2 16 28 52 2.692840434300062 
22 60 9 3 1 16 26 51 2.6645119339113017 
22 59 9 3 2 15 28 50 2.636982003871048 
22 58 9 3 1 14 26 46 2.3571112419965736 
22 57 9 4 2 13 28 45 2.2729601315345547 
22 53 9 4 1 13 26 48 2.2330146038238134 
23 51 9 4 4 13 32 47 2.1879884893453845 
23 50 9 4 4 12 30 47 2.1556479958311616 
23 49 9 4 4 11 30 47 2.13213005891637 
23 48 9 4 4 10 30 42 2.1340599409625693 
23 47 9 4 4 12 30 45 2.0946614021688017 
23 46 9 4 4 11 30 49 2.0922258709744046 
23 45 9 4 4 12 30 47 2.0590489868593593 
23 44 9 4 4 10 30 40 2.0302375159849086 
23 43 9 4 4 9 30 38 2.0110849923107126 
23 42 9 4 4 9 30 38 1.9919324686365172 
23 41 9 4 4 9 30 38 1.961356486442181 
23 40 9 4 4 8 30 37 1.953627421288125 
23 39 9 4 4 9 30 38 1.9327103862940431 
23 38 9 4 4 9 30 39 1.9170868852596197 
23 37 9 4 4 9 30 37 1.8847463917453973 
23 36 9 4 4 8 30 37 1.8655938680712012 
23 35 9 4 4 8 30 37 1.5564286648365866 
23 33 9 5 4 6 30 33 1.561887569522558 
23 32 9 5 4 8 30 34 1.2456643210083986 
23 30 9 6 4 6 30 34 1.2229827746944304 
23 29 9 6 4 6 30 36 1.1959358151398662 
23 28 9 6 4 5 30 33 1.175018780145784 
23 27 9 6 4 5 30 34 0.900794972346102 
23 26 9 7 4 5 30 36 0.6222057513058237 
23 25 9 8 4 4 30 33 0.591629769111487 
23 24 9 8 4 3 30 32 0.5637464189561004 
23 23 9 8 4 1 30 22 0.5463584066017906 
23 22 9 8 4 1 30 21 0.26776918556151286 
23 21 9 9 4 0 30 18 0.3097686262759895 
23 22 9 9 4 2 30 20 0.26776918556151286 
23 21 9 9 4 0 30 18 0.3517680669904666 
23 23 9 9 4 4 30 22 0.3097686262759895 
23 22 9 9 4 2 30 20 0.26776918556151286 
23 21 9 9 4 0 30 18 0.3517680669904666 
23 23 9 9 4 4 30 22 0.26776918556151286 
23 21 9 9 4 0 30 18 0.5716408548364684 
23 23 9 8 4 2 30 25 0.26776918556151286 
23 21 9 9 4 0 30 18 0.31589855083647134 
23 22 9 9 4 3 30 24 0.27566362144188084 
23 21 9 9 4 1 30 21 -1 
