140 140 0 0 14 14 14 14 1.3634842782795584 
138 138 0 0 17 17 25 25 1.4537635869937253 
134 137 0 0 16 20 30 32 1.465752721016066 
132 135 0 0 18 20 39 36 1.5276053354649424 
130 134 0 0 22 23 50 40 1.5978007651026014 
126 133 0 0 23 25 56 43 1.6289220295199247 
124 132 0 0 22 25 59 43 1.5923523457798834 
123 131 0 0 21 21 60 39 1.5948322490649813 
122 130 0 0 23 21 65 39 1.6038829364503693 
118 129 0 0 19 19 60 37 1.627273687621534 
112 125 0 0 26 26 68 54 1.8052743609628241 
111 124 1 0 26 23 63 49 2.064034746638126 
103 122 2 0 22 19 58 44 2.1707689482398806 
93 116 2 0 18 27 58 59 2.407899332589804 
92 115 3 0 19 28 56 55 2.4207331403759813 
90 114 3 0 21 29 59 55 2.5837926511117106 
86 113 3 0 18 39 59 66 2.505657274513192 
85 111 3 0 16 30 65 62 2.4914935363762174 
84 110 3 0 16 26 72 61 2.605661357161314 
84 109 3 0 18 36 80 76 2.581193783242678 
78 108 3 0 16 34 69 71 2.5880023668566405 
76 107 3 0 16 34 71 75 2.534453859961724 
76 106 3 0 16 25 81 65 2.5477135891398843 
76 105 3 0 16 25 86 65 2.555882814447416 
74 104 3 0 15 25 86 67 2.519502156211009 
74 103 3 0 15 23 85 59 2.4773193631843733 
73 102 3 0 15 29 69 64 2.417440572331449 
73 101 3 0 16 27 68 63 2.119484814269056 
67 100 3 1 13 23 56 58 2.361954962824349 
66 99 4 1 13 28 50 71 2.3304248739049918 
65 98 4 1 13 22 54 55 2.5764701783603985 
59 96 5 1 13 22 50 55 2.628166898427093 
58 94 5 1 11 21 62 58 2.6263584779520306 
57 92 5 1 11 22 66 65 2.634264253678888 
56 91 5 1 12 20 74 64 2.7396289147935717 
54 90 6 1 11 18 53 61 2.7947737690702827 
53 89 6 1 10 18 59 53 2.759683108794214 
55 85 6 1 10 22 62 59 2.6826095779130483 
54 84 6 1 7 18 54 57 2.693650531508549 
53 83 6 1 7 21 53 64 2.679701273400181 
54 82 6 1 8 20 59 64 2.639880907098792 
53 81 6 1 7 18 56 62 2.6945139185854554 
49 80 6 1 9 22 58 68 2.6260170604754034 
48 78 6 1 8 21 52 68 2.6089252975207127 
47 76 6 1 11 18 62 59 2.6093695332983162 
47 75 6 1 11 18 65 59 2.6409226365360907 
46 74 6 1 11 22 64 62 2.297048990259263 
45 72 6 2 12 15 68 56 2.4932630749050353 
41 71 7 2 5 15 43 49 2.6550781381313477 
41 70 7 2 4 24 55 62 2.669058983912262 
40 69 7 2 5 25 59 65 2.685839825829016 
40 68 7 2 8 30 61 71 2.6526910294852355 
36 67 7 2 7 24 61 64 2.6843158648751397 
35 66 7 2 6 27 61 69 2.585704381639808 
33 65 7 2 7 23 54 65 2.5913099771103942 
32 64 7 2 6 19 61 59 2.7022932912634854 
31 63 8 2 5 18 41 58 2.4811133601549242 
29 62 8 3 5 20 42 60 2.495926698461629 
29 61 8 3 6 20 48 57 2.4285053330325117 
28 59 8 3 6 17 47 54 2.4358137325260434 
27 58 8 3 6 19 46 56 2.379138283439206 
26 57 8 3 6 17 42 54 2.539015413879138 
25 56 9 3 4 16 28 53 2.5228682032902956 
23 55 9 3 4 15 27 52 2.539642064610477 
22 54 9 3 2 15 28 53 2.51406436491387 
23 52 9 3 4 15 35 54 2.525698752811356 
23 51 9 3 4 16 38 55 2.205808678946352 
23 49 9 4 3 16 33 60 2.1637630900443803 
23 48 9 4 4 15 31 53 2.1086071825777544 
23 46 9 4 4 14 30 52 2.1401857403405025 
23 45 9 4 4 19 30 60 2.12140673601727 
23 44 9 4 4 19 30 60 2.0765148733523024 
23 43 9 4 4 16 30 53 2.035355564789304 
23 42 9 4 4 14 30 51 2.0165765604660715 
23 41 9 4 4 14 30 51 1.725862981127627 
23 40 9 5 4 12 30 48 1.6921650256755547 
23 39 9 5 4 11 30 49 1.6976269700035542 
23 38 9 5 4 12 30 43 1.6881737182957268 
23 37 9 5 4 13 30 45 1.6488788092372069 
23 36 9 5 4 11 30 42 1.6226384518030483 
23 35 9 5 4 10 30 39 1.6169139991041774 
23 34 9 5 4 11 30 39 1.545789289191077 
23 32 9 5 4 9 30 43 1.5270102848678446 
23 31 9 5 4 9 30 43 1.4726689255880623 
23 29 9 5 4 8 30 45 1.4445641686494255 
23 28 9 5 4 7 30 43 1.1818240920641816 
23 27 9 6 4 7 30 39 1.1537193351255446 
23 26 9 6 4 6 30 37 0.8741959079069829 
23 25 9 7 4 5 30 35 0.8572813030882289 
23 24 9 7 4 5 30 34 0.5552463174444651 
23 22 9 8 4 3 30 27 0.2626683386015417 
23 21 9 9 4 1 30 25 -1 
