140 140 0 0 14 14 14 14 0.29983935747833823 
138 138 0 0 17 17 25 25 0.38767761926427996 
134 137 0 0 16 20 30 32 0.37342054669210334 
132 135 0 0 16 19 32 33 0.3699058244773217 
130 134 0 0 16 18 32 34 0.43790010786815176 
128 133 0 0 16 23 32 40 0.4720113045936576 
126 131 0 0 14 25 30 46 0.4967088033801298 
124 130 0 0 16 27 38 49 0.49032786058874356 
123 129 0 0 14 25 34 45 0.48857869422521716 
121 128 0 0 15 24 41 46 0.5260501971285726 
119 127 0 0 16 26 48 47 0.5213861991527591 
117 126 0 0 16 25 46 46 0.520644410109238 
115 125 0 0 16 24 46 45 0.49933281011993125 
114 124 0 0 16 22 48 43 0.5459038116501531 
113 123 0 0 15 26 47 53 0.5259786782464766 
112 122 0 0 15 24 49 50 0.5313471867725659 
111 121 0 0 14 24 48 52 0.5164140011019998 
110 120 0 0 14 23 48 52 0.5162089551884882 
108 119 0 0 15 23 47 50 0.5413770881649564 
106 118 0 0 15 24 49 52 0.5389807157866748 
105 117 0 0 14 23 50 53 0.5330252672488786 
103 115 0 0 15 24 49 54 0.5481197611454853 
102 114 0 0 14 25 47 57 0.5529861999252978 
100 113 0 0 15 25 50 57 0.5768713603749066 
96 112 0 0 18 26 58 61 0.5890330151231472 
94 111 0 0 13 23 46 58 0.613967704734218 
92 110 0 0 15 25 52 58 0.6065414898723198 
91 109 0 0 15 24 53 54 0.8730608443145209 
83 108 1 0 16 19 55 52 0.877966906463145 
82 106 1 0 15 19 57 48 0.8665768404592463 
81 105 1 0 14 18 52 47 0.8777112306730539 
80 104 1 0 14 20 46 48 0.8876481348826933 
74 103 1 0 17 18 51 48 1.002117062091672 
68 102 1 0 12 18 50 52 0.9962102245895584 
67 100 1 0 12 18 54 50 1.2259569634855723 
65 99 2 0 15 18 56 49 1.4759809298479358 
63 98 3 0 15 17 56 47 1.5412568406656653 
59 97 3 0 14 18 60 50 1.8739337001460696 
58 96 4 0 14 25 61 56 1.8284360917783204 
57 95 4 0 14 21 64 54 1.799169101407934 
55 94 4 0 14 19 54 50 1.8142807707839432 
54 93 4 0 12 18 55 47 2.085675660512032 
50 92 5 0 12 18 49 49 2.1108193267581945 
48 91 5 0 10 17 50 48 2.1085975073637755 
47 89 5 0 10 17 58 49 2.1046466068125627 
46 87 5 0 8 19 41 52 2.0874527643704397 
45 86 5 0 7 17 39 50 2.0889407061739447 
44 85 5 0 7 17 40 49 2.335300373699718 
42 84 6 0 7 17 35 52 2.3446808347717423 
40 83 6 0 7 15 44 47 2.3542396689792535 
38 82 6 0 7 15 44 48 2.628683087085457 
36 81 7 0 5 15 39 48 2.6571192541534883 
34 80 7 0 5 17 36 50 2.61843279954397 
33 79 7 0 4 14 29 47 2.64683804068747 
32 78 7 0 3 16 25 47 2.692686957126219 
30 77 7 0 3 18 33 52 2.660799648310773 
29 76 7 0 4 16 35 49 2.9053628340607607 
28 75 8 0 2 16 22 50 2.8951636860276015 
27 74 8 0 2 15 23 48 2.96067678766993 
23 73 8 0 1 16 25 48 2.943782497533217 
22 72 8 0 1 15 24 48 3.193458810186237 
21 71 9 0 0 15 19 48 3.178927161670704 
21 69 9 0 0 16 22 51 3.1660281582322725 
21 68 9 0 1 16 29 51 1 
