140 140 0 0 14 14 14 14 1.2758596570035727 
138 139 0 0 17 17 25 21 1.3531484109530012 
134 137 0 0 16 21 30 33 1.4150767479591693 
132 136 0 0 18 24 39 40 1.420744119657754 
130 135 0 0 22 22 50 36 1.4899781161487429 
126 134 0 0 23 24 56 39 1.5321235038549688 
124 133 0 0 22 25 59 40 1.5129645132121654 
123 132 0 0 21 23 60 41 1.5125742397735602 
121 131 0 0 20 23 58 42 1.5472498270467734 
120 130 0 0 21 25 64 47 1.5013557838824656 
120 128 0 0 23 23 71 49 1.5158146753529276 
119 127 0 0 22 23 73 49 1.492781135810788 
117 125 0 0 21 21 73 44 1.5349597591449322 
113 124 0 0 23 24 74 47 1.535955655671874 
112 123 0 0 23 23 78 48 1.5428297129155237 
110 122 0 0 20 24 72 51 1.583932241202053 
110 121 0 0 21 28 77 58 1.5683868376617283 
109 120 0 0 21 26 79 54 1.480869262080107 
108 119 0 0 20 20 75 47 1.5083914344584617 
106 118 0 0 19 22 75 54 1.5263829117047836 
102 117 0 0 15 23 65 55 1.822360844126602 
96 115 1 0 16 25 68 62 1.7227631366476743 
95 113 1 0 19 18 75 57 1.779269920760101 
91 112 1 0 19 21 74 57 2.153024609539042 
85 111 2 0 20 28 78 71 2.164600062381796 
83 109 2 0 19 30 77 73 2.2266052827081797 
81 108 2 0 17 33 78 77 2.417877387590206 
79 107 3 0 17 31 72 76 2.42574022793463 
77 106 3 0 15 33 68 87 2.3885873042842984 
75 105 3 0 14 28 68 78 2.3937913684453855 
74 103 3 0 15 28 74 74 2.2855775521786077 
73 99 3 0 13 26 68 77 2.2712580351580844 
71 98 3 0 16 26 68 68 2.0706859253753547 
69 97 3 1 20 27 82 71 2.0679191685388365 
67 96 3 1 15 25 76 69 2.0455960911570377 
69 95 3 1 15 27 75 71 2.047638704606121 
65 94 3 1 14 26 69 61 2.0111603227800465 
65 92 3 1 15 25 75 68 2.022708979205456 
63 91 3 1 12 25 72 71 2.2838599309222256 
57 90 4 1 9 23 64 65 2.3550976678209383 
56 89 4 1 12 28 74 73 2.7006980813941257 
52 88 5 1 14 33 81 80 2.821157122957121 
50 87 6 1 13 32 59 79 2.728539294865579 
49 86 6 1 11 23 57 65 3.0812018796128515 
41 84 7 1 6 24 55 63 3.1280750916616316 
41 83 7 1 8 23 71 60 3.1251124425428545 
40 82 7 1 13 24 80 65 3.4242099230151206 
32 81 8 1 4 26 57 65 3.260729741540939 
32 79 8 1 4 19 49 58 3.0144127518882367 
31 78 8 2 4 20 49 58 2.9687843851480427 
32 76 8 2 6 18 55 50 3.007675376105237 
30 75 8 2 6 20 59 58 2.931233094884459 
28 74 8 2 6 17 50 50 2.9110130921623742 
27 73 8 2 6 16 49 46 2.904244133706716 
27 72 8 2 6 17 51 54 2.8929419100161966 
26 71 8 2 6 15 54 51 2.8740849554355434 
25 70 8 2 4 15 48 49 2.8305112211263297 
26 69 8 2 6 14 51 48 2.8083380611636395 
25 68 8 2 4 14 45 48 2.8157863476988676 
26 67 8 2 6 14 55 49 2.80500978248084 
26 66 8 2 6 14 56 48 2.7599602934072514 
25 65 8 2 5 13 49 44 2.7378790454142448 
25 64 8 2 4 15 43 47 2.7287582557163814 
25 63 8 2 5 14 48 45 2.7019081694010767 
24 62 8 2 4 14 43 45 2.908006317368055 
22 61 9 2 1 14 30 45 2.8677210122750547 
22 60 9 2 2 13 30 44 2.8696763137772976 
22 59 9 2 1 14 30 46 2.571001848395329 
22 57 9 3 2 14 30 46 2.5432500536980096 
22 55 9 3 1 14 30 47 2.5235256061117393 
21 54 9 3 1 14 28 47 1 
