140 140 0 0 14 14 14 14 2.7876903932613812 
138 139 0 0 17 18 25 23 2.807290721454194 
134 137 0 0 16 18 30 29 2.932713394268541 
132 136 0 0 21 24 43 37 2.9695228133638327 
128 135 0 0 22 22 51 36 2.9815308393438213 
126 134 0 0 23 21 56 34 2.977778173367609 
124 132 0 0 22 21 59 35 2.9618744059381488 
123 130 0 0 21 22 60 37 2.9382944593736897 
122 128 0 0 23 23 65 46 2.9011678417519935 
121 127 0 0 25 19 71 42 2.9724490178266354 
117 126 0 0 22 24 69 52 2.8877325858559253 
117 122 0 0 21 23 73 56 2.961442884033686 
116 121 0 0 27 28 82 57 2.959357551242722 
108 120 0 0 22 23 78 47 2.931524145380339 
107 119 0 0 32 23 88 48 3.010799173966388 
101 117 0 0 29 23 96 54 3.086184400729791 
95 116 0 0 28 26 98 63 3.376075523989021 
87 115 1 0 20 29 83 57 3.831586111613273 
77 114 2 0 18 41 82 74 4.048310846735727 
76 113 2 0 19 59 84 93 3.8498296398460394 
74 105 3 0 19 46 75 86 3.945251309803906 
68 101 4 0 27 35 90 79 3.8122123544473623 
64 100 4 0 16 26 74 66 4.078258564468505 
62 99 5 0 15 26 75 60 3.966787567866371 
56 97 5 0 11 18 71 57 4.111451086931679 
56 96 5 0 13 25 83 64 3.973970130576355 
56 95 5 0 12 22 75 69 3.981709530510517 
55 94 5 0 11 24 73 67 3.9908543822840024 
54 93 5 0 12 27 73 71 4.024058940899339 
52 92 5 0 11 28 76 74 3.9365677884544366 
50 91 5 0 12 28 68 75 4.089733515450654 
46 90 6 0 11 25 59 70 4.135089232504767 
46 89 6 0 10 26 68 84 4.158084757698806 
45 88 6 0 9 23 75 75 4.091854440244396 
43 87 6 0 9 20 70 60 4.149963896124896 
43 86 6 0 9 23 76 65 4.006830920582665 
44 85 6 0 9 20 68 64 3.8781312505005032 
43 84 6 0 9 18 58 63 3.96170580807665 
39 83 6 0 9 19 65 61 3.922657831206673 
41 82 6 0 12 17 72 60 3.9403851237456773 
40 81 6 0 12 20 71 60 3.6868368474422306 
39 80 6 1 14 21 75 66 3.6495794227851346 
38 78 6 1 14 22 75 70 3.6755357620958966 
36 77 6 1 11 22 76 70 3.706447280833866 
35 75 7 1 11 21 56 65 3.6971520474579536 
34 74 7 1 10 19 59 63 3.7131056496198407 
33 73 7 1 8 17 63 57 3.691538389990616 
32 72 7 1 7 16 63 56 3.673209993870464 
31 71 7 1 5 16 61 57 3.651306189747854 
30 70 7 1 5 17 59 58 3.6322051920745904 
31 69 7 1 8 19 62 64 3.557855424271244 
30 68 7 1 8 19 55 63 3.518700663695184 
30 67 7 1 7 17 54 55 3.618033481756974 
28 66 7 1 6 23 58 66 3.6169331003169374 
29 65 7 1 6 24 60 65 3.49386508375452 
28 64 7 1 7 16 60 54 3.7020856406963434 
24 62 8 1 3 19 49 58 3.6403465932316497 
25 60 8 1 5 22 46 59 3.350233411189292 
25 59 8 2 5 22 45 60 3.3216093839838843 
25 58 8 2 5 21 46 58 3.263591396101083 
25 57 8 2 5 19 45 55 2.9519619111156707 
25 56 8 3 5 16 46 53 2.6784714732885915 
25 55 8 4 5 17 45 53 2.615879841621333 
25 53 8 4 5 16 46 55 2.5959672772108093 
24 52 8 4 5 16 46 56 2.689671347400942 
23 51 9 4 4 15 30 54 2.665613657850825 
22 50 9 4 3 14 29 50 1 
