140 140 0 0 14 14 14 14 2.514682154548081 
138 139 0 0 17 17 25 23 2.56241282332238 
134 137 0 0 16 19 30 30 2.6065737197107732 
132 136 0 0 21 19 43 31 2.6586901344925806 
128 135 0 0 22 18 51 29 2.723601831965545 
126 134 0 0 23 22 56 36 2.6725039833388995 
124 130 0 0 22 23 59 44 2.6818276392590956 
123 129 0 0 21 24 60 47 2.6894869494289892 
122 128 0 0 23 24 65 45 2.743756762232659 
121 127 0 0 25 27 71 45 2.778788899465596 
117 126 0 0 22 29 69 53 2.700084015442393 
117 122 0 0 21 29 73 63 2.690646569833751 
116 121 0 0 26 29 81 67 2.7073255327839383 
110 120 0 0 29 27 85 59 3.0050912801428553 
102 119 1 0 29 29 83 62 3.243760604273953 
94 117 2 0 19 33 60 62 3.314363024458333 
88 116 3 0 16 20 50 46 3.354613003008786 
86 115 3 0 16 22 53 48 3.3964631654293806 
84 114 3 0 16 27 52 55 3.4254906454492384 
82 113 3 0 19 25 63 51 3.5826281039277363 
78 112 3 0 15 36 60 63 3.640457742602768 
77 111 3 0 16 39 66 66 3.692044431914945 
73 110 4 0 15 29 54 55 3.768994214132066 
73 109 4 0 15 30 67 62 3.780966228726961 
72 108 4 0 15 28 73 57 3.857731891468101 
72 107 4 0 17 31 84 61 3.6808808797126273 
68 101 5 0 13 22 56 61 3.8638874022013283 
68 100 5 0 16 26 80 65 3.746645428424889 
64 98 5 0 14 23 70 65 3.6831391335044454 
63 96 5 0 14 25 64 67 3.8508933201311986 
62 95 5 0 14 33 75 75 3.8146033792280667 
61 94 5 0 14 36 69 83 3.8112109692134752 
60 92 5 0 15 37 74 86 3.667498105173942 
60 91 5 0 15 30 68 72 3.6599543126156453 
56 90 5 0 14 28 68 71 3.720856344633002 
55 89 5 0 16 26 85 75 3.8556687991615215 
51 88 6 0 9 31 52 76 3.697793425124516 
51 84 6 0 9 32 45 85 3.7390477636773136 
50 82 6 0 11 32 58 85 3.919352610541296 
48 81 7 0 10 35 44 86 3.8884870873018627 
48 80 7 0 10 28 55 82 3.916316584695024 
46 79 7 0 10 29 59 87 3.5559909194010797 
45 75 7 1 11 28 61 91 3.5520124771936397 
44 74 7 1 13 28 64 87 3.477594606117842 
40 73 7 1 12 21 61 72 3.528219154436364 
39 72 7 1 12 22 68 73 3.557742017031931 
38 71 7 1 12 24 72 80 3.562808349586401 
37 70 7 1 13 23 76 73 3.469450683103816 
36 68 7 1 14 20 75 69 3.5339837098213307 
32 67 8 1 7 18 44 63 3.5247075121620837 
32 66 8 1 7 18 46 63 3.53353039442337 
31 64 8 1 6 21 48 72 3.6192742195295216 
29 63 8 1 6 24 55 74 3.489766347321596 
29 62 8 1 6 22 45 73 3.485102262403435 
29 61 8 1 6 23 45 70 3.4663243311255796 
28 60 8 1 6 22 46 68 3.5790225679963705 
27 58 9 1 4 24 29 72 3.5332972985433333 
27 57 9 1 3 22 28 69 3.495261189486507 
26 55 9 1 5 23 28 65 3.4835385407430235 
25 54 9 1 4 21 30 61 3.388422597602046 
24 53 9 1 4 16 27 53 3.3892403876116735 
23 52 9 1 4 15 30 49 3.360017295499978 
23 50 9 1 4 17 30 53 3.3394372727615176 
23 49 9 1 4 18 30 58 3.084218491629007 
23 48 9 2 4 21 30 68 2.762998468128456 
23 47 9 3 4 17 30 61 2.4905280399831637 
23 46 9 4 4 16 30 51 2.4714539816801753 
23 45 9 4 4 16 31 52 2.4202437633365923 
23 44 9 4 3 15 29 55 2.1439143083320467 
23 43 9 5 4 14 31 50 2.115256359087616 
23 42 9 5 3 15 29 56 2.102086408258886 
23 41 9 5 4 14 31 46 2.022021516835417 
23 40 9 5 3 10 29 42 2.0012275243946585 
23 39 9 5 4 10 31 43 1.9602343252785284 
23 38 9 5 4 9 30 40 1.9373308830144103 
23 37 9 5 4 9 30 39 1.6097912096662823 
23 35 9 6 4 7 30 37 1.5848982751746263 
23 34 9 6 4 7 30 37 1.5497239522471637 
23 33 9 6 4 6 30 35 1.5288100022105835 
23 32 9 6 4 6 30 33 1.4912950138906171 
23 30 9 6 4 7 30 34 1.1823458710534112 
23 29 9 7 4 4 30 28 1.1554634443342184 
23 28 9 7 4 4 30 29 1.0851147984792928 
23 26 9 7 4 2 30 25 1.0479509833242926 
23 25 9 7 4 1 30 24 0.7738249902495836 
23 24 9 8 4 1 30 22 0.7426296517771959 
23 23 9 8 4 0 30 18 0.8335410745037362 
23 25 9 8 4 4 30 26 0.7738249902495836 
23 24 9 8 4 1 30 22 0.7426296517771959 
23 23 9 8 4 0 30 18 1.029026525515249 
23 24 9 7 4 1 30 21 0.7426296517771959 
23 23 9 8 4 0 30 18 0.7738249902495836 
23 24 9 8 4 1 30 22 0.7426296517771959 
23 23 9 8 4 0 30 18 0.8129782976321213 
23 25 9 8 4 2 30 22 0.775814482477121 
23 24 9 8 4 1 30 21 0.7426296517771959 
23 23 9 8 4 0 30 18 0.7860958709129284 
23 24 9 8 4 2 30 23 0.7426296517771959 
23 23 9 8 4 0 30 18 0.7738249902495836 
23 24 9 8 4 1 30 22 0.7426296517771959 
23 23 9 8 4 0 30 18 0.8335410745037362 
23 25 9 8 4 4 30 26 0.7426296517771959 
23 23 9 8 4 0 30 18 0.8644024856780037 
23 26 9 8 4 4 30 23 0.7738249902495836 
23 24 9 8 4 1 30 22 0.7426296517771959 
23 23 9 8 4 0 30 18 0.8355305667312735 
23 25 9 8 4 4 30 25 0.7426296517771959 
23 23 9 8 4 0 30 18 0.775814482477121 
23 24 9 8 4 1 30 21 0.7426296517771959 
23 23 9 8 4 0 30 18 0.8355305667312735 
23 25 9 8 4 4 30 25 0.7860958709129284 
23 24 9 8 4 2 30 23 0.7426296517771959 
23 23 9 8 4 0 30 18 0.8355305667312735 
23 25 9 8 4 4 30 25 0.7426296517771959 
23 23 9 8 4 0 30 18 1.144830882733445 
23 27 9 7 4 5 30 29 1.043971998869218 
23 25 9 7 4 1 30 26 0.7738249902495836 
23 24 9 8 4 1 30 22 0.7426296517771959 
23 23 9 8 4 0 30 18 0.7738249902495836 
23 24 9 8 4 1 30 22 0.7426296517771959 
23 23 9 8 4 0 30 18 0.8644024856780037 
23 26 9 8 4 4 30 23 0.7738249902495836 
23 24 9 8 4 1 30 22 0.7426296517771959 
23 23 9 8 4 0 30 18 0.7943877671211985 
23 24 9 8 4 3 30 26 0.7469425635303912 
23 23 9 8 4 1 30 23 0.7177367172855403 
23 22 9 8 4 0 30 18 0.7469425635303912 
23 23 9 8 4 1 30 23 0.7177367172855403 
23 22 9 8 4 0 30 18 1.1278959171519394 
23 26 9 7 4 5 30 25 1.027037033287712 
23 24 9 7 4 1 30 22 0.7612029364212733 
23 23 9 8 4 2 30 23 0.43764224752821934 
23 21 9 9 4 0 30 19 0.7303415252470058 
23 22 9 8 4 2 30 26 0.44162123198329406 
23 21 9 9 4 0 30 17 0.5385011313924468 
23 23 9 9 4 4 30 22 0.49337934732729716 
23 22 9 9 4 3 30 25 0.44394465150895207 
23 21 9 9 4 1 30 23 -1 
