0.001186202043823588 
0.001186202043823588 
0.001186202043823588 
0.001186202043823588 
0.001186202043823588 
0.001186202043823588 
0.001186202043823588 
0.001186202043823588 
0.001186202043823588 
0.001186202043823588 
0.001186202043823588 
0.001186202043823588 
0.001186202043823588 
0.001186202043823588 
0.001186202043823588 
0.001186202043823588 
0.001186202043823588 
0.001186202043823588 
0.001186202043823588 
0.001186202043823588 
0.001186202043823588 
0.001186202043823588 
0.001186202043823588 
0.001186202043823588 
0.001186202043823588 
0.001186202043823588 
0.001186202043823588 
0.001186202043823588 
0.001186202043823588 
0.001186202043823588 
0.001186202043823588 
0.001186202043823588 
0.001186202043823588 
0.001186202043823588 
0.001186202043823588 
0.001186202043823588 
0.001186202043823588 
0.001186202043823588 
0.001186202043823588 
0.001186202043823588 
0.001186202043823588 
0.001186202043823588 
