140 140 0 0 14 14 14 14 0.3362311794252462 
139 138 0 0 19 17 25 24 0.39118841354101885 
135 136 0 0 22 19 37 30 0.49108910271490264 
131 134 0 0 25 17 49 29 0.5238721107614367 
129 133 0 0 28 20 61 36 0.6043254501372249 
125 132 0 0 29 18 67 33 0.6350490865293918 
125 130 0 0 37 22 70 44 0.6387818472431642 
119 126 0 0 34 21 78 46 0.6420528623250544 
117 124 0 0 37 24 80 55 0.6781409224159026 
113 122 0 0 37 23 82 54 0.7433886289381815 
111 121 0 0 43 25 83 58 0.6571874643178609 
109 119 0 0 47 38 92 74 0.5765303243416748 
103 118 0 0 48 53 101 88 1.023334715099039 
97 116 1 0 50 41 94 71 1.1290906509975545 
93 115 1 0 52 38 101 69 1.4041867820654215 
83 111 2 0 36 23 93 56 1.5846881542806617 
82 110 2 0 50 24 105 58 1.4962055644142798 
83 109 2 0 52 31 100 62 1.6771612763517711 
77 107 3 0 34 19 83 49 1.7001896771263754 
77 106 3 0 37 19 83 49 1.7711605354981244 
76 105 3 0 48 26 92 62 1.6480970242111317 
75 104 3 0 40 26 78 67 1.6026814543953507 
75 103 3 0 36 24 76 54 1.6300278810042548 
65 102 4 0 13 25 52 56 1.6992983321110384 
65 101 4 0 21 27 56 60 1.756989078585321 
64 100 4 0 23 25 64 60 1.9860457727326317 
56 99 5 0 14 23 52 54 2.1311659158968213 
54 98 5 0 21 21 68 52 2.097189599986895 
52 97 5 0 17 20 64 52 1.8398000615899557 
51 96 5 1 17 21 68 58 1.8196131879485562 
52 94 5 1 20 24 80 62 1.7533592064516321 
52 92 5 1 18 24 72 63 1.9921391795220007 
46 91 6 1 13 24 65 70 2.076792358259551 
45 90 6 1 19 23 65 65 2.0252202938091766 
44 89 6 1 20 30 76 74 2.2331041060954395 
43 88 7 1 19 29 50 67 2.269132568585031 
41 87 7 1 21 29 50 67 2.4192965930619876 
35 86 8 1 9 28 35 64 2.5472045328773882 
35 84 8 1 14 20 38 54 2.433812149298699 
31 83 8 1 10 29 39 65 2.446291144904753 
32 82 8 1 9 25 44 60 2.4961991288515097 
31 81 8 1 9 20 41 56 2.5183927530963532 
29 80 8 1 9 19 41 57 2.518697675129214 
27 78 8 1 8 17 37 57 2.5172874501903006 
27 77 8 1 9 18 45 55 2.5297109964614237 
28 76 8 1 12 19 54 55 2.532655185166653 
29 75 8 1 14 18 50 50 2.514927245853875 
27 74 8 1 11 18 56 54 2.6741960409799828 
25 73 9 1 6 18 30 53 2.6483546400987126 
25 72 9 1 6 19 30 56 2.6434499478350117 
25 71 9 1 6 18 29 51 2.630323659874892 
25 70 9 1 6 18 30 51 2.6142534222332316 
25 69 9 1 6 18 29 55 2.6056314176203568 
24 68 9 1 6 19 32 55 2.608212687701941 
24 67 9 1 6 18 36 53 2.6063586350856083 
24 66 9 1 6 17 37 55 2.594723720141864 
24 65 9 1 6 17 39 55 2.5673909462442186 
24 64 9 1 6 18 38 58 2.5640067242603006 
24 63 9 1 6 17 38 56 2.5493890632838054 
24 62 9 1 6 17 38 56 2.5186235719632295 
24 60 9 1 6 17 37 52 2.2503045876755605 
24 58 9 2 6 16 37 50 2.2356869266990653 
24 57 9 2 6 16 37 50 1.9482852864101599 
24 56 9 3 6 18 37 54 1.683350524106409 
24 55 9 4 6 18 37 54 1.679995399385899 
24 54 9 4 6 17 37 55 1.4116958132738349 
24 52 9 5 6 16 37 55 1.4195353311946912 
24 51 9 5 6 14 37 50 1.4161899055619835 
24 50 9 5 6 13 37 52 1.401581943673291 
24 49 9 5 6 13 37 53 1.3839718375762424 
24 48 9 5 6 13 35 52 1.3745833271756125 
24 47 9 5 6 12 31 46 1.1096485648718617 
24 46 9 6 6 12 31 46 1.095040602983169 
24 45 9 6 6 12 31 47 1.093138054927824 
24 44 9 6 6 11 32 44 1.1009969710242857 
24 43 9 6 6 9 32 41 1.0864084073111981 
24 42 9 6 6 9 32 44 1.0732045266486578 
24 41 9 6 6 9 33 36 1.0413976337018864 
24 40 9 6 6 10 29 39 1.038042508981376 
24 39 9 6 6 9 29 40 1.0346194906462478 
24 38 9 6 6 8 29 34 1.0200018296697526 
24 37 9 6 6 8 29 34 1.0053841686932574 
24 36 9 6 6 8 29 34 0.9907665077167621 
24 35 9 6 6 8 29 34 0.9761488467402669 
24 34 9 6 6 8 29 34 0.9615311857637717 
24 33 9 6 6 8 29 34 0.9469135247872765 
24 32 9 6 6 8 29 34 0.9323152619863865 
24 31 9 6 6 8 29 36 0.9064544629295116 
24 30 9 6 6 9 29 37 0.9031090372968037 
24 29 9 6 6 8 29 39 0.8997151162250832 
24 28 9 6 6 7 29 36 0.885097455248588 
24 27 9 6 6 7 29 36 0.8704894933598953 
24 26 9 6 6 7 29 37 0.8671149704637798 
24 25 9 6 6 6 29 36 0.6021802081600288 
24 24 9 7 6 6 29 36 0.37094576283400926 
24 23 9 8 6 3 29 30 0.11719594408382265 
24 22 9 9 6 2 29 23 0.12502576291687661 
24 21 9 9 6 0 29 17 0.35966382840241934 
24 23 9 8 6 4 29 27 0.12502576291687661 
24 21 9 9 6 0 29 17 0.36755184176228867 
24 22 9 8 6 2 29 27 0.12502576291687661 
24 21 9 9 6 0 29 17 0.3821404054753762 
24 23 9 8 6 2 29 24 0.12502576291687661 
24 21 9 9 6 0 29 17 0.35966382840241934 
24 23 9 8 6 4 29 27 0.12502576291687661 
24 21 9 9 6 0 29 17 0.3821307063875736 
24 23 9 8 6 2 29 23 0.3787658825792607 
24 22 9 8 6 1 29 23 0.12502576291687661 
24 21 9 9 6 0 29 17 0.35971232384143215 
24 23 9 8 6 4 29 32 0.3787658825792607 
24 22 9 8 6 1 29 23 0.1250354620046792 
24 21 9 9 6 0 29 18 0.11716684682041498 
24 22 9 9 6 2 29 20 0.1250354620046792 
24 21 9 9 6 0 29 18 0.367522744498881 
24 22 9 8 6 2 29 24 0.1250354620046792 
24 21 9 9 6 0 29 18 0.12502576291687661 
24 21 9 9 6 0 29 17 0.10929823163615077 
24 23 9 9 6 4 29 22 0.12502576291687661 
24 21 9 9 6 0 29 17 0.3787658825792607 
24 22 9 8 6 1 29 23 0.12502576291687661 
24 21 9 9 6 0 29 17 0.3787561834914582 
24 22 9 8 6 1 29 22 0.12502576291687661 
24 21 9 9 6 0 29 17 0.3821404054753762 
24 23 9 8 6 2 29 24 0.1284196839885972 
24 22 9 9 6 1 29 20 0.12502576291687661 
24 21 9 9 6 0 29 17 0.3888603540041995 
24 25 9 8 6 4 29 23 0.35966382840241934 
24 23 9 8 6 4 29 27 0.12502576291687661 
24 21 9 9 6 0 29 17 0.1138311202755097 
24 21 9 9 6 1 29 23 -1 
