140 140 0 0 14 14 14 14 0.2390560334146818 
139 138 0 0 19 17 25 25 0.31980680725967564 
135 137 0 0 22 18 37 26 0.31560829986065236 
131 136 0 0 25 26 49 41 0.3941891430963116 
129 135 0 0 28 25 61 41 0.4513925486239454 
125 134 0 0 29 25 67 45 0.5429911227578512 
125 133 0 0 37 25 70 44 0.5645924614957395 
119 131 0 0 34 25 78 47 0.673162349528559 
117 129 0 0 37 19 80 43 0.6520084793027844 
113 127 0 0 35 21 84 49 0.7595351400068997 
111 126 0 0 41 21 98 50 0.7464085468209668 
109 124 0 0 45 26 96 52 0.9110243804810425 
101 122 1 0 27 18 78 45 1.0656605371082564 
97 120 1 0 34 16 92 46 1.2360267485382168 
89 119 2 0 21 14 74 46 1.386655621740817 
81 118 3 0 14 21 63 53 1.404252141943706 
81 117 3 0 23 29 72 63 1.3513619999510829 
82 115 3 0 24 30 63 63 1.3434675646715868 
76 113 3 0 18 28 60 61 1.4740027332926884 
72 109 3 0 18 16 57 55 1.6568721626740648 
68 108 4 0 12 18 54 58 1.6710405416115035 
67 107 4 0 16 21 53 55 1.6809933076754138 
66 106 4 0 16 20 53 56 1.680208437819381 
65 105 4 0 16 20 52 50 1.8041994243755906 
64 104 4 0 22 17 62 49 1.7513594175954983 
63 103 4 0 24 23 58 55 1.7102524823140641 
53 101 5 1 11 20 50 52 1.7810925237343003 
53 100 5 1 17 20 56 51 1.7123753833121413 
53 99 5 1 20 27 50 61 2.0304475736926118 
43 98 6 1 9 19 49 52 2.2126027427799673 
41 97 7 1 7 23 44 54 2.229816463079391 
40 96 7 1 9 23 39 52 2.2441091235234882 
36 95 7 1 7 22 34 57 2.2452914260465424 
34 94 7 1 7 23 35 58 2.2994094170323356 
34 93 7 1 12 23 38 56 2.2939519311596244 
34 91 7 1 12 21 37 53 2.239630180757593 
33 90 7 1 9 22 34 51 2.2833745286152585 
32 89 7 1 10 19 33 53 2.5236670832730352 
28 88 8 1 5 17 29 55 2.4761783949956495 
30 87 8 1 8 23 47 66 2.446395186989738 
30 86 8 1 8 24 43 61 2.3921030558868117 
30 84 8 1 7 24 35 67 2.367972008190387 
28 83 8 1 7 27 34 66 2.3637402939358343 
30 82 8 1 11 29 41 74 2.2725732526234927 
29 81 8 1 8 33 39 84 2.325874785592425 
29 79 8 1 8 26 38 77 2.3393498035949203 
29 78 8 1 10 26 38 70 2.5776658738786025 
23 77 9 1 2 22 22 56 2.625450808901437 
23 76 9 1 2 18 32 53 2.6221416943483886 
23 75 9 1 2 17 31 51 2.609658134385753 
23 74 9 1 2 17 32 51 2.583357156079993 
23 73 9 1 2 18 31 49 2.5695942366574926 
23 72 9 1 2 18 32 53 2.5692462883011444 
23 71 9 1 2 17 33 51 2.5632958474163634 
23 70 9 1 2 16 30 48 2.5508122874537276 
23 69 9 1 2 16 31 48 2.5087748516150477 
23 68 9 1 2 18 28 50 2.494810708554062 
23 67 9 1 2 18 28 50 2.4929821770993636 
23 66 9 1 2 17 28 48 2.228766113706204 
23 65 9 2 2 17 28 48 2.200837827584232 
23 63 9 2 2 17 28 48 2.1868736845232464 
23 62 9 2 2 17 28 48 2.1576660389414104 
23 60 9 2 2 17 28 52 2.245870663426391 
24 59 9 2 6 13 39 45 2.2319065203654045 
24 58 9 2 6 13 39 45 2.2160233381146224 
24 57 9 2 6 13 39 51 2.19529595929182 
24 56 9 2 6 13 34 49 2.1783706500341347 
24 55 9 2 6 13 32 49 2.1735809523827365 
24 54 9 2 6 12 30 47 1.9100045687195095 
24 53 9 3 6 12 30 45 1.8954007459285913 
24 52 9 3 6 12 30 47 1.8829171859659553 
24 51 9 3 6 12 31 47 1.8574571110286133 
24 50 9 3 6 13 31 47 1.8434929679676275 
24 49 9 3 6 13 31 47 1.8301685046365732 
24 48 9 3 6 13 31 45 1.5768086933898378 
24 47 9 4 6 12 31 47 1.563484230058784 
24 46 9 4 6 12 31 45 1.3110839384069464 
24 45 9 5 6 11 31 44 1.307976047492384 
24 44 9 5 6 10 31 46 1.017980069296917 
24 42 9 6 6 11 31 47 1.0046556059658627 
24 41 9 6 6 11 31 45 0.991970822364741 
24 40 9 6 6 11 31 41 0.9891827713151453 
24 39 9 6 6 10 31 42 0.9998096913317016 
24 38 9 6 6 8 31 37 0.74686022768503 
24 36 9 7 6 6 31 30 0.7328960846240442 
24 35 9 7 6 6 31 30 0.7186121016980919 
24 34 9 7 6 6 31 31 0.704647958637106 
24 33 9 7 6 6 31 31 0.7006991643541265 
24 32 9 7 6 5 30 31 0.44957823216215315 
24 31 9 8 6 4 30 26 0.43561408910116733 
24 30 9 8 6 4 30 26 0.4216499460401811 
24 29 9 8 6 4 30 26 0.4100072894459628 
24 28 9 8 6 4 32 28 0.4209540493274853 
24 27 9 8 6 2 32 22 0.40698990626649906 
24 26 9 8 6 2 32 22 0.3885840139104638 
24 25 9 8 6 2 29 22 0.374619870849478 
24 24 9 8 6 2 29 22 0.36001604805856013 
24 23 9 8 6 2 29 24 0.3709628079400822 
24 22 9 8 6 0 29 18 0.3506684875018678 
24 24 9 8 6 4 29 25 0.3709628079400822 
24 22 9 8 6 0 29 18 0.35034864763690177 
24 24 9 8 6 4 29 26 0.36001604805856013 
24 23 9 8 6 2 29 24 0.35850735646882803 
24 22 9 8 6 1 29 21 0.10674674454692276 
24 21 9 9 6 0 29 18 0.3643127906978876 
24 25 9 8 6 4 29 26 0.38492695100106844 
24 23 9 8 6 0 29 18 0.6242321114517196 
24 24 9 7 6 2 29 24 0.3846071111361024 
24 23 9 8 6 0 29 19 0.37398019111954595 
24 24 9 8 6 2 29 24 0.3846071111361024 
24 23 9 8 6 0 29 19 0.38492695100106844 
24 23 9 8 6 0 29 18 0.3885840139104638 
24 25 9 8 6 2 29 22 0.38492695100106844 
24 23 9 8 6 0 29 18 0.374300030984512 
24 24 9 8 6 2 29 23 0.38492695100106844 
24 23 9 8 6 0 29 18 0.6366875629229738 
24 24 9 7 6 1 29 21 0.38492695100106844 
24 23 9 8 6 0 29 18 0.3485201161822041 
24 23 9 8 6 3 29 24 0.10674674454692276 
24 21 9 9 6 0 29 18 0.10642690468195673 
24 21 9 9 6 0 29 19 0.358187516603862 
24 22 9 8 6 1 29 22 0.10642690468195673 
24 21 9 9 6 0 29 19 0.33295677379638766 
24 22 9 8 6 3 29 29 0.09365161334573656 
24 21 9 9 6 1 29 23 -1 
