140 140 0 0 14 14 14 14 0.19038048761342424 
139 138 0 0 19 17 25 25 0.28017644335064523 
135 137 0 0 22 17 37 30 0.323162266778241 
131 136 0 0 25 21 49 35 0.3991693987928254 
129 134 0 0 28 19 61 37 0.39407169870631537 
125 133 0 0 29 24 67 46 0.5234092937412143 
125 131 0 0 37 20 70 38 0.4717026516859858 
119 130 0 0 34 27 78 49 0.5013177581129074 
117 129 0 0 37 29 80 48 0.5763336011151954 
113 127 0 0 38 26 83 49 0.7492476544816696 
107 126 1 0 29 27 73 48 0.7016506420818681 
103 124 1 0 38 43 83 69 0.808065710303111 
101 123 1 0 43 41 89 70 1.1216601534885084 
95 119 2 0 42 36 88 74 1.2622000211812876 
87 118 3 0 33 42 82 82 1.5101951694504072 
83 117 3 0 34 27 92 68 1.4620103786886463 
77 115 3 0 31 31 86 74 1.4651153231340341 
76 114 3 0 33 33 86 70 1.653857771113997 
66 113 4 0 21 34 78 69 1.50453517517031 
65 111 4 1 32 37 88 74 1.542584522047476 
64 109 4 1 30 30 81 63 1.6206084182711182 
56 107 5 1 12 29 59 60 1.7034555188377212 
55 106 5 1 17 28 64 57 1.8446801947613354 
55 105 5 1 25 24 67 52 1.975307366645121 
49 103 6 1 17 28 54 54 2.0498821438561907 
48 101 6 1 20 25 63 49 2.0024597916773437 
46 100 6 1 19 29 67 59 2.2610120241124054 
38 99 7 1 11 25 49 56 2.330751904348614 
37 98 7 1 14 22 46 52 2.2985451916553012 
38 96 7 1 16 24 53 60 2.230343370596785 
38 95 7 1 17 30 60 73 2.4595968052746264 
32 91 8 1 8 23 47 58 2.486519309542249 
31 90 8 1 12 25 48 59 2.4763671320868332 
30 89 8 1 10 23 43 59 2.4848728773523026 
32 87 8 1 14 22 40 53 2.4739151729503988 
30 86 8 1 13 23 43 58 2.5069514345326223 
28 85 8 1 12 21 47 50 2.442048347195187 
30 79 8 1 14 19 46 59 2.4534212733649365 
28 78 8 1 12 18 51 49 2.3860556801309607 
30 77 8 1 14 22 51 61 2.4364468283061367 
28 76 8 1 12 17 50 49 2.393624458482155 
30 75 8 1 14 19 50 59 2.4125850712876695 
28 74 8 1 12 17 53 51 2.3543831045237256 
30 73 8 1 14 20 49 57 2.346470927646079 
28 71 8 1 12 19 54 57 2.3174240863147033 
28 70 8 1 12 19 44 58 2.3179399131794907 
28 69 8 1 12 18 46 59 2.326466541638018 
28 68 8 1 12 17 53 59 2.2701040113786206 
28 67 8 1 12 20 49 62 2.2792873137057743 
28 66 8 1 12 19 53 53 2.211956063950031 
30 64 8 1 14 22 52 59 2.2017162912535784 
29 63 8 1 12 20 50 67 2.168805867793977 
28 59 8 1 12 19 45 59 2.127472747136494 
28 58 8 1 12 21 44 64 2.1252307761043645 
28 57 8 1 12 20 43 62 2.1405134204740537 
28 56 8 1 12 18 44 55 2.0746370764065767 
28 55 8 1 12 22 43 62 2.0876434062659026 
28 54 8 1 12 20 44 59 1.7965166499492244 
28 52 8 2 12 21 43 60 1.530264396096018 
28 48 8 3 12 18 44 57 1.5029101230263038 
28 47 8 3 12 19 43 58 1.5042139198082243 
28 46 8 3 12 18 44 55 1.5029255582199663 
28 44 8 3 12 16 43 48 1.4896814287865272 
28 43 8 3 12 16 44 50 1.2055732804780233 
28 41 8 4 12 16 41 54 1.1797073520015382 
28 40 8 4 12 17 41 55 0.9408626229808499 
28 38 8 5 12 14 41 49 0.9418162324247219 
28 37 8 5 12 13 41 44 0.9276528370256432 
28 36 8 5 12 13 41 45 0.9344336454597049 
28 34 8 5 12 10 41 47 0.9448134734706205 
28 33 8 5 12 8 41 46 0.9312191566991329 
28 32 8 5 12 8 41 46 0.6802873637847571 
28 31 8 6 12 7 41 44 0.4182221164205652 
28 30 8 7 12 7 41 41 0.4034896423938963 
28 29 8 7 12 7 41 43 0.38989532562240825 
28 28 8 7 12 7 41 43 0.4025514681436866 
28 27 8 7 12 5 41 38 0.40065968444960526 
28 26 8 7 12 4 41 38 0.3747937559731205 
28 25 8 7 12 5 41 39 0.14011712515687597 
28 24 8 8 12 3 41 29 0.139363498717976 
28 23 8 8 12 2 41 27 -0.12213267001862511 
28 22 8 9 12 2 41 23 -0.109476527497347 
28 21 8 9 12 0 41 18 0.11443574449170074 
28 24 8 8 12 5 41 33 0.13708718420761323 
28 23 8 8 12 2 41 31 0.12633826057407888 
28 22 8 8 12 2 41 26 -0.109476527497347 
28 21 8 9 12 0 41 18 0.1408861867894386 
28 22 8 8 12 1 41 21 -0.109476527497347 
28 21 8 9 12 0 41 18 -0.1092919796860375 
28 22 8 9 12 1 41 21 -0.109476527497347 
28 21 8 9 12 0 41 18 -0.11004560612493769 
28 21 8 9 12 0 41 19 -0.12402445371270669 
28 21 8 9 12 1 41 23 -1 
