140 140 0 0 14 14 14 14 0.29818152907831186 
139 139 0 0 19 17 25 23 0.36672117868291604 
135 138 0 0 22 19 37 26 0.408087546057415 
131 136 0 0 25 22 49 36 0.49448772424895654 
129 134 0 0 28 19 61 35 0.5269046643497998 
125 132 0 0 29 20 67 35 0.6406131867267185 
125 131 0 0 37 18 70 33 0.6299832786979448 
119 130 0 0 34 22 78 40 0.692820692397576 
117 129 0 0 37 21 80 42 0.6718112234253376 
113 127 0 0 35 23 84 49 0.6952990253331164 
111 126 0 0 35 23 92 46 0.7422969140996243 
105 124 0 0 34 22 92 46 0.8057602688096988 
105 123 0 0 38 20 95 44 0.9213981505719687 
101 122 0 0 43 19 98 43 0.9323316107345153 
97 121 0 0 41 19 98 47 0.821572749788019 
96 120 0 0 42 29 94 57 0.8795334912968239 
92 116 0 0 44 26 98 62 1.2185146096275241 
90 115 1 0 47 23 101 54 1.3661090618361953 
82 114 2 0 33 23 91 54 1.4831163963610365 
74 113 3 0 18 25 84 52 1.5447009555564877 
73 111 3 0 27 27 76 58 1.8166967960895164 
67 110 4 0 23 28 91 60 2.0717333049663615 
61 109 5 0 17 23 63 52 1.9845562292133956 
60 108 5 0 21 35 66 69 2.251782394209517 
52 107 6 0 14 32 53 60 2.388215063012219 
50 106 6 0 19 27 56 55 2.530418675575643 
42 105 7 0 8 30 40 56 2.589118823025374 
41 103 7 0 11 27 42 57 2.6513263538675065 
41 102 7 0 15 26 52 55 2.8176946679886856 
35 101 8 0 6 27 37 54 2.8519676290778646 
33 100 8 0 6 25 37 53 2.9033342775485447 
33 98 8 0 8 20 35 49 2.849015746411641 
33 97 8 0 8 24 40 57 2.8245517976501904 
33 96 8 0 8 24 33 57 2.811837702078929 
32 95 8 0 8 25 34 63 3.0095394300838754 
28 94 9 0 2 25 24 59 3.0002725795732132 
27 93 9 0 3 27 26 61 3.056601694924919 
26 92 9 0 5 24 25 61 3.1208318908404284 
26 91 9 0 7 20 30 58 3.0650620509913735 
25 90 9 0 4 21 26 55 3.0387356839037336 
25 86 9 0 5 20 32 63 3.0496063818504258 
26 85 9 0 9 22 41 75 2.784962881758347 
26 84 9 1 9 22 41 75 2.7453313820448573 
26 82 9 1 9 23 41 73 2.713518599524886 
27 81 9 1 8 22 38 69 2.7202118850617474 
20 80 10 1 0 22 24 69 1 
