140 140 0 0 14 14 14 14 0.3841552641230394 
139 138 0 0 19 17 25 24 0.48801426406547366 
135 137 0 0 22 16 37 22 0.5477414147915646 
131 136 0 0 25 19 49 28 0.5709067305607232 
129 135 0 0 28 23 61 38 0.6513305115662117 
125 134 0 0 29 21 67 37 0.7193828903167241 
125 133 0 0 37 23 70 39 0.811555850219469 
119 132 0 0 34 18 78 35 0.8298091878910503 
117 131 0 0 37 21 80 38 0.874673810068915 
113 129 0 0 40 23 85 45 1.0205447395797138 
107 127 1 0 30 24 76 43 1.0913102849049836 
103 126 1 0 34 27 87 51 1.135075515921862 
101 125 1 0 34 23 80 44 1.187771612751684 
95 124 1 0 31 21 84 44 1.1548426987623919 
94 122 1 0 32 23 80 48 1.1312403951093382 
90 121 1 0 30 26 79 52 1.0337129821426145 
90 111 1 0 36 29 85 67 1.228308260639632 
82 110 2 0 23 25 70 59 1.0634130265792547 
81 109 2 0 24 40 64 79 1.2127638834422794 
71 107 3 0 17 50 64 87 1.4256241668675143 
70 105 3 0 27 41 67 82 1.7033053598266195 
64 104 4 0 17 31 55 65 1.7570351776074271 
65 98 4 0 22 24 65 65 1.795122445290993 
66 97 4 0 26 23 68 59 1.9728586795417768 
62 96 5 0 18 23 63 57 1.7410815570084246 
60 95 5 1 19 24 67 62 2.007725442229986 
54 94 6 1 12 19 59 60 2.060165933948571 
54 93 6 1 18 20 61 61 2.263378332254224 
48 92 7 1 11 19 41 56 2.2658205906216566 
47 91 7 1 12 19 36 54 2.275301963857217 
43 90 7 1 11 21 41 57 2.265282244420167 
39 86 7 1 11 21 40 62 2.2489141911579242 
37 85 7 1 12 25 43 65 2.5514314042916704 
31 84 8 1 8 20 34 57 2.5964857296501083 
30 83 8 1 9 18 42 52 2.5596239013918747 
29 82 8 1 9 21 41 57 2.563569315185594 
29 81 8 1 10 21 45 58 2.569559689616922 
28 80 8 1 10 20 43 64 2.554036281797288 
27 78 8 1 10 20 44 64 2.7584711495463354 
23 77 9 1 4 19 33 61 2.503862105871713 
24 76 9 2 6 19 32 60 2.4921679230850837 
24 75 9 2 6 19 34 63 2.4550199765488645 
24 74 9 2 6 21 34 63 2.440070521994874 
24 73 9 2 6 21 34 63 2.4361871715884837 
24 72 9 2 6 20 34 62 2.411155022196003 
26 71 9 2 8 21 35 60 2.4237198432639895 
24 70 9 2 6 18 31 61 2.3937546504689804 
24 68 9 2 6 18 31 59 2.3456068834721897 
24 67 9 2 6 21 31 62 2.2974922583189135 
24 66 9 2 6 24 31 66 2.0953787842015648 
24 65 9 3 6 19 36 60 2.08039618780406 
24 64 9 3 6 19 36 59 2.063835668288146 
24 63 9 3 6 19 35 58 2.059985459725269 
24 62 9 3 6 18 35 58 2.067068787935936 
24 61 9 3 6 16 35 53 2.055275179618764 
24 60 9 3 6 16 37 53 2.049747622406936 
24 59 9 3 6 15 36 50 2.045831130157031 
24 58 9 3 6 14 36 48 1.995554634813775 
24 54 9 3 6 13 35 48 1.7287093849349997 
24 53 9 4 6 13 34 49 1.7137599303810092 
24 52 9 4 6 13 34 49 1.6987773339835044 
24 51 9 4 6 13 34 48 1.6727949171254277 
24 50 9 4 6 14 34 50 1.660955667439963 
24 49 9 4 6 13 29 47 1.6460062128859725 
24 48 9 4 6 13 29 47 1.6420897206360678 
24 47 9 4 6 12 29 45 1.6272065497691055 
24 46 9 4 6 12 29 47 1.6122570952151154 
24 45 9 4 6 12 29 47 1.6083406029652108 
24 44 9 4 6 11 29 45 1.60445725255882 
24 43 9 4 6 10 29 44 1.5895077980048296 
24 42 9 4 6 10 29 44 1.313174367096863 
24 41 9 5 6 11 29 46 1.3092578748469583 
24 40 9 5 6 10 29 44 1.3052088152229968 
24 39 9 5 6 9 29 38 1.2902593606690063 
24 38 9 5 6 9 29 38 1.2643100856544445 
24 37 9 5 6 10 29 41 1.260459877091568 
24 36 9 5 6 9 29 41 1.256477101154635 
24 35 9 5 6 8 29 37 1.2415276466006444 
24 34 9 5 6 8 29 37 1.2265781920466539 
24 33 9 5 6 8 29 37 1.2115955956491493 
24 32 9 5 6 8 29 36 1.1966461410951588 
24 31 9 5 6 8 29 36 0.9424117766388782 
24 30 9 6 6 7 29 35 0.9385284262324881 
24 29 9 6 6 6 29 34 0.9345787921390692 
24 28 9 6 6 5 29 31 0.6802781439957601 
24 27 9 7 6 4 29 28 0.6763947935893696 
24 26 9 7 6 3 29 27 0.4110611831419748 
24 25 9 8 6 3 29 26 0.40707840720504174 
24 24 9 8 6 2 29 22 0.3921289526510512 
24 23 9 8 6 2 29 22 0.38824560224466104 
24 22 9 8 6 1 29 21 0.13394495410135182 
24 21 9 9 6 0 29 18 0.3998956534638323 
24 25 9 8 6 4 29 24 0.3812616995645362 
24 23 9 8 6 3 29 29 0.13394495410135182 
24 21 9 9 6 0 29 18 0.1157955217430849 
24 22 9 9 6 3 29 24 0.13394495410135182 
24 21 9 9 6 0 29 18 0.1195794466189325 
24 23 9 9 6 4 29 22 0.1157955217430849 
24 22 9 9 6 3 29 24 -1 
