140 138 0 0 14 17 16.0 16.0 1.0573602493571455 
138 136 0 0 17 18 14.142135623730951 14.0 1.0633425850797842 
136 134 0 0 18 23 14.142135623730951 14.142135623730951 1.0739747990424713 
132 133 0 0 18 28 13.341664064126334 16.0 1.065294840023647 
130 131 0 0 18 22 14.0 16.0 1.0633745031485287 
128 130 0 0 18 20 14.0 16.0 1.0655978925924827 
126 129 0 0 17 21 14.142135623730951 16.0 1.0701029991524396 
124 128 0 0 18 24 14.142135623730951 16.0 1.0669274827955224 
122 126 0 0 18 22 14.142135623730951 16.0 1.0691937149359614 
120 125 0 0 17 23 14.142135623730951 16.0 1.0750253230522473 
118 124 0 0 18 27 14.142135623730951 16.0 1.066472478395483 
116 123 0 0 18 20 14.142135623730951 16.0 1.0672051446330229 
114 122 0 0 18 20 14.142135623730951 16.0 1.0666113093142335 
112 121 0 0 18 19 14.142135623730951 16.0 1.070411107357572 
110 120 0 0 16 21 14.142135623730951 16.0 1.0735897123611995 
108 119 0 0 17 23 14.142135623730951 16.0 1.0730671991169407 
106 117 0 0 17 23 14.142135623730951 16.0 1.0723376215261116 
104 115 0 0 18 23 14.142135623730951 16.0 1.0682497323060063 
102 113 0 0 16 20 14.142135623730951 16.0 1.0753638776250118 
98 112 0 0 14 23 14.142135623730951 16.0 1.065898660105059 
96 111 0 0 12 15 14.142135623730951 16.0 1.075044615497012 
92 110 0 0 13 20 14.142135623730951 16.0 1.076302883625521 
88 108 0 0 14 20 14.142135623730951 16.0 1.0815546975752786 
87 107 0 0 13 24 14.142135623730951 16.0 1.1014472482537776 
81 106 1 0 14 27 14.142135623730951 16.0 1.0991841047600492 
79 104 1 0 16 26 14.142135623730951 16.0 1.0897188872400965 
77 103 1 0 14 18 14.142135623730951 16.0 1.1072948267329084 
76 102 2 0 15 23 14.142135623730951 16.0 1.109768123219918 
74 101 2 0 13 24 14.142135623730951 16.0 1.1044079247190424 
73 100 2 0 12 20 14.142135623730951 16.0 1.1157654851233496 
72 99 3 0 11 20 14.142135623730951 16.0 1.1143847912914613 
71 98 3 0 10 19 14.142135623730951 16.0 1.1130754195341042 
70 96 3 0 9 19 14.142135623730951 16.0 1.128991862870814 
69 95 4 0 9 23 14.142135623730951 15.033296378372908 1.127105740782201 
67 94 4 0 10 21 13.341664064126334 15.033296378372908 1.1263048411168413 
65 93 4 0 11 20 13.341664064126334 15.033296378372908 1.125015556066386 
64 92 4 0 10 19 13.038404810405298 15.033296378372908 1.1187548570444223 
63 88 4 0 9 18 13.038404810405298 13.038404810405298 1.117075690084531 
62 87 4 0 9 17 13.341664064126334 13.038404810405298 1.12353835002548 
61 86 4 0 9 22 13.038404810405298 13.038404810405298 1.1210528602639043 
59 85 4 0 13 20 12.165525060596439 13.038404810405298 1.130134039349433 
51 84 4 0 9 21 11.40175425099138 13.038404810405298 1.1297472683772136 
49 83 4 0 8 20 11.40175425099138 13.038404810405298 1.1436323175440892 
47 82 5 0 6 21 11.40175425099138 13.038404810405298 1.138550505464315 
46 80 5 0 4 18 11.40175425099138 13.038404810405298 1.1196770438608514 
45 78 5 1 4 15 10.198039027185569 13.038404810405298 1.1060911832992375 
44 76 5 2 4 16 9.055385138137417 13.038404810405298 1.0898260149695262 
43 74 5 3 4 15 8.0 13.038404810405298 1.0898447582428956 
42 73 5 3 4 15 7.0710678118654755 13.038404810405298 1.089376437274196 
41 72 5 3 5 15 7.0710678118654755 13.038404810405298 1.087995743442308 
40 71 5 3 4 14 7.0710678118654755 13.038404810405298 1.0897854855394933 
36 69 6 4 4 16 7.0710678118654755 13.038404810405298 1.0885918920275495 
35 67 6 4 4 16 6.0 13.038404810405298 1.0885754416622186 
33 66 6 4 4 16 8.48528137423857 13.038404810405298 1.0887404590509757 
32 65 6 4 4 16 7.0710678118654755 13.038404810405298 1.0915830001175404 
30 64 6 4 4 17 4.47213595499958 13.038404810405298 1.0903446180924232 
29 63 6 4 3 16 4.0 13.038404810405298 1.0900833614702936 
28 62 6 4 3 16 4.0 13.038404810405298 1.101440921874601 
27 61 7 4 2 16 4.0 13.038404810405298 1.1006277774550965 
26 60 7 4 2 16 5.830951894845301 13.038404810405298 1.1005735851795373 
25 59 7 4 1 16 5.830951894845301 13.038404810405298 1.1111439656824762 
24 58 8 4 1 16 5.830951894845301 12.0 1.1109409908484906 
23 57 8 4 0 16 6.324555320336759 12.0 1.1100371055691525 
23 56 8 4 1 16 4.47213595499958 12.0 1.1069338898124528 
22 55 8 4 1 14 5.0990195135927845 12.0 1.11829145021676 
21 54 9 4 0 14 5.0990195135927845 12.0 1.1160800647133593 
21 53 9 4 1 13 1.4142135623730951 11.045361017187261 1 
