140 139 0 0 14 17 16.0 16.0 1.0969928492991672 
139 138 0 0 19 20 13.341664064126334 13.038404810405298 1.1044104101269046 
135 137 0 0 22 21 13.341664064126334 15.033296378372908 1.1076641662116444 
131 136 0 0 25 20 13.341664064126334 15.033296378372908 1.1109521763162302 
127 135 0 0 25 20 13.341664064126334 16.0 1.1265794967966003 
123 134 0 0 28 25 13.341664064126334 16.0 1.125696175380475 
123 133 0 0 38 22 13.341664064126334 16.0 1.13549712945808 
117 132 0 0 38 24 13.038404810405298 16.0 1.1328413605327674 
113 128 0 0 36 24 13.038404810405298 16.0 1.1408291293644752 
107 124 0 0 34 28 13.038404810405298 16.0 1.1437506513552198 
105 123 0 0 37 28 13.038404810405298 16.0 1.1612450108728842 
104 122 0 0 48 33 13.038404810405298 16.0 1.1659430975565592 
96 121 1 0 35 31 13.038404810405298 16.0 1.1366628454167964 
88 111 2 1 24 26 13.038404810405298 16.0 1.1557842011930513 
84 110 3 1 18 31 13.038404810405298 16.0 1.1580207138061445 
78 109 3 1 16 30 13.038404810405298 16.0 1.151332044058522 
72 108 4 1 14 20 13.038404810405298 16.0 1.1675294582633375 
71 107 4 1 17 27 12.165525060596439 16.0 1.1642968658907904 
69 106 4 1 23 23 11.045361017187261 16.0 1.1480945399775353 
68 100 4 1 29 17 11.045361017187261 16.0 1.149660086568293 
62 99 4 1 17 19 11.40175425099138 15.033296378372908 1.1542672930893474 
62 98 4 1 23 20 12.083045973594572 15.033296378372908 1.1551650800279598 
56 96 5 1 13 17 9.055385138137417 15.033296378372908 1.161906126290629 
52 95 5 1 15 18 8.0 15.033296378372908 1.15727617076426 
50 94 5 1 16 15 8.0 15.033296378372908 1.1705581961903517 
44 93 6 1 7 17 8.0 15.033296378372908 1.1778235490426294 
43 92 7 1 4 17 8.0 15.033296378372908 1.18039495746772 
39 91 7 1 6 16 8.0 15.033296378372908 1.184236421201011 
38 90 7 1 6 18 7.0710678118654755 15.033296378372908 1.1813338305952497 
34 89 7 1 3 16 7.0710678118654755 15.033296378372908 1.1852797461064177 
34 88 7 1 5 18 7.615773105863909 15.033296378372908 1.1878704666641144 
30 86 7 1 3 19 4.242640687119285 15.033296378372908 1.1904499439300447 
30 85 7 1 6 20 4.47213595499958 15.033296378372908 1.1954801810208808 
28 84 8 1 4 18 4.242640687119285 15.033296378372908 1.1943860657570324 
27 83 8 1 3 18 6.324555320336759 15.033296378372908 1.1920010366229237 
26 82 8 1 3 17 6.324555320336759 15.033296378372908 1.2027144464457575 
25 81 9 1 2 18 5.830951894845301 15.033296378372908 1.1944627622011637 
24 77 9 1 0 17 4.47213595499958 15.033296378372908 1.1909898459065293 
25 76 9 1 2 16 5.830951894845301 15.033296378372908 1.1872982091063464 
24 75 9 1 0 15 4.47213595499958 15.033296378372908 1.1858875535443172 
25 74 9 1 2 15 5.830951894845301 15.033296378372908 1.1687820678650505 
24 73 9 2 0 15 4.47213595499958 15.033296378372908 1.1673714123030212 
25 72 9 2 2 15 5.830951894845301 15.033296378372908 1.1502659266237543 
24 71 9 3 0 15 4.47213595499958 15.033296378372908 1.148855271061725 
25 70 9 3 2 15 5.830951894845301 15.033296378372908 1.1494288051579198 
25 69 9 3 2 16 5.0990195135927845 15.033296378372908 1.1478775001647228 
25 68 9 3 2 16 5.830951894845301 15.033296378372908 1.146931018446114 
25 66 9 3 2 17 5.0990195135927845 15.033296378372908 1.1453797134529171 
25 65 9 3 2 17 5.830951894845301 15.033296378372908 1.1438909868165068 
25 64 9 3 2 17 5.0990195135927845 15.033296378372908 1.140308710269098 
25 63 9 3 2 16 5.0990195135927845 15.033296378372908 1.1346641729890847 
25 62 9 3 2 14 5.0990195135927845 15.033296378372908 1.133144157174281 
25 61 9 3 2 14 5.0990195135927845 15.033296378372908 1.1295618806268723 
25 60 9 3 2 13 5.0990195135927845 15.033296378372908 1.1280418648120687 
25 59 9 3 2 13 5.0990195135927845 15.033296378372908 1.1244595882646604 
25 58 9 3 2 12 5.0990195135927845 15.033296378372908 1.1229395724498568 
25 57 9 3 2 12 5.0990195135927845 15.033296378372908 1.1059434470233642 
25 56 9 4 2 12 5.0990195135927845 15.033296378372908 1.1002989097433504 
25 55 9 4 2 10 5.0990195135927845 15.033296378372908 1.098778893928547 
25 54 9 4 2 10 5.0990195135927845 15.033296378372908 1.0972588781137433 
25 53 9 4 2 10 5.0990195135927845 15.033296378372908 1.0936562539598182 
25 52 9 4 2 9 5.0990195135927845 14.0 1.0921362381450146 
25 51 9 4 2 9 5.0990195135927845 14.0 1.0710155912533126 
25 50 9 5 2 7 5.0990195135927845 14.0 1.05401946582682 
25 49 9 6 2 7 5.0990195135927845 14.0 1.0524994500120164 
25 48 9 6 2 7 5.0990195135927845 14.0 1.0509794341972127 
25 47 9 6 2 7 5.0990195135927845 14.0 1.0494594183824093 
25 46 9 6 2 7 5.0990195135927845 14.0 1.0458771418350006 
25 45 9 6 2 6 5.0990195135927845 14.0 1.0422948652875919 
25 44 9 6 2 5 5.0990195135927845 14.0 1.0407748494727884 
25 43 9 6 2 5 5.0990195135927845 14.0 1.0392548336579848 
25 42 9 6 2 5 5.0990195135927845 14.0 1.0336102963779712 
25 41 9 6 2 3 5.0990195135927845 14.0 1.0320902805631675 
25 40 9 6 2 3 5.0990195135927845 14.0 1.028508004015759 
25 39 9 6 2 2 5.0990195135927845 14.0 1.0094496178566617 
25 38 9 7 2 1 5.0990195135927845 14.0 1.007929602041858 
25 37 9 7 2 1 5.0990195135927845 14.0 1.0043473254944493 
25 36 9 7 2 0 5.0990195135927845 14.0 1.0120744711135845 
25 37 9 7 2 3 5.0990195135927845 15.033296378372908 1.0084746458853153 
25 36 9 7 2 2 5.0990195135927845 14.142135623730951 0.985812248581883 
25 34 9 8 2 0 5.0990195135927845 13.038404810405298 0.9935407811914281 
25 35 9 8 2 3 5.0990195135927845 14.142135623730951 0.985812248581883 
25 34 9 8 2 0 5.0990195135927845 13.038404810405298 1.0084746458853153 
25 36 9 7 2 2 5.0990195135927845 14.142135623730951 1.0048766065029031 
25 35 9 7 2 1 5.0990195135927845 13.341664064126334 0.985812248581883 
25 34 9 8 2 0 5.0990195135927845 13.038404810405298 0.9971406064196969 
25 36 9 8 2 4 5.0990195135927845 15.033296378372908 0.9858182203438056 
25 34 9 8 2 0 5.0990195135927845 13.341664064126334 1.006938867235508 
25 35 9 7 2 2 5.0990195135927845 13.341664064126334 0.9858182203438056 
25 34 9 8 2 0 5.0990195135927845 13.341664064126334 0.9914757215331672 
25 35 9 8 2 2 5.0990195135927845 14.0 0.9858182203438056 
25 34 9 8 2 0 5.0990195135927845 13.341664064126334 1.0105211437829165 
25 36 9 7 2 3 5.0990195135927845 13.341664064126334 0.9878804810764106 
25 34 9 8 2 1 5.0990195135927845 13.341664064126334 0.9688220949173131 
25 33 9 9 2 0 5.0990195135927845 13.341664064126334 0.9935407811914281 
25 35 9 8 2 3 5.0990195135927845 14.142135623730951 0.9688220949173131 
25 33 9 9 2 0 5.0990195135927845 13.341664064126334 0.9744823950323306 
25 34 9 9 2 2 5.0990195135927845 14.142135623730951 0.9688161231553905 
25 33 9 9 2 0 5.0990195135927845 13.038404810405298 0.9801444809932046 
25 35 9 9 2 4 5.0990195135927845 15.033296378372908 0.9688161231553905 
25 33 9 9 2 0 5.0990195135927845 13.038404810405298 0.9914757215331672 
25 35 9 8 2 2 5.0990195135927845 14.0 0.9688161231553905 
25 33 9 9 2 0 5.0990195135927845 13.038404810405298 0.987874509314488 
25 34 9 8 2 1 5.0990195135927845 13.038404810405298 0.9688161231553905 
25 33 9 9 2 0 5.0990195135927845 13.038404810405298 0.9914757215331672 
25 35 9 8 2 2 5.0990195135927845 14.0 0.987874509314488 
25 34 9 8 2 1 5.0990195135927845 13.038404810405298 0.9688161231553905 
25 33 9 9 2 0 5.0990195135927845 13.038404810405298 0.9914757215331672 
25 35 9 8 2 2 5.0990195135927845 14.0 0.9688161231553905 
25 33 9 9 2 0 5.0990195135927845 13.038404810405298 0.9744795961066747 
25 34 9 9 2 2 5.0990195135927845 14.0 0.9688161231553905 
25 33 9 9 2 0 5.0990195135927845 13.038404810405298 0.9744795961066747 
25 34 9 9 2 2 5.0990195135927845 14.0 0.9688161231553905 
25 33 9 9 2 0 5.0990195135927845 13.038404810405298 0.9935407811914281 
25 35 9 8 2 3 5.0990195135927845 14.142135623730951 0.9688161231553905 
25 33 9 9 2 0 5.0990195135927845 13.038404810405298 0.9986796585006896 
25 37 9 8 2 4 5.0990195135927845 16.0 0.9971406064196969 
25 36 9 8 2 4 5.0990195135927845 15.033296378372908 0.985812248581883 
25 34 9 8 2 0 5.0990195135927845 13.038404810405298 0.9971406064196969 
25 36 9 8 2 4 5.0990195135927845 15.033296378372908 0.987874509314488 
25 34 9 8 2 1 5.0990195135927845 13.038404810405298 0.9688161231553905 
25 33 9 9 2 0 5.0990195135927845 13.038404810405298 0.995603041924033 
25 35 9 8 2 4 5.0990195135927845 14.142135623730951 0.9688161231553905 
25 33 9 9 2 0 5.0990195135927845 13.038404810405298 0.9744823950323306 
25 34 9 9 2 2 5.0990195135927845 14.142135623730951 0.9688161231553905 
25 33 9 9 2 0 5.0990195135927845 13.038404810405298 0.9986796585006896 
25 37 9 8 2 4 5.0990195135927845 16.0 0.9914785204588231 
25 35 9 8 2 2 5.0990195135927845 14.142135623730951 0.987874509314488 
25 34 9 8 2 1 5.0990195135927845 13.038404810405298 0.9688161231553905 
25 33 9 9 2 0 5.0990195135927845 13.038404810405298 -1 
