140 140 0 0 14 14 16.0 16.0 1.1005935310046675 
139 138 0 0 19 17 16.0 13.038404810405298 1.104517625145017 
135 137 0 0 22 17 14.0 15.033296378372908 1.113928636724586 
131 136 0 0 25 21 15.033296378372908 15.033296378372908 1.1193031977395589 
127 135 0 0 25 23 14.0 16.0 1.1213152631821275 
123 133 0 0 28 23 14.0 16.0 1.1243530901945429 
123 132 0 0 38 23 14.0 16.0 1.124938304414132 
117 131 0 0 38 21 13.341664064126334 16.0 1.127607756626895 
113 130 0 0 36 22 13.341664064126334 16.0 1.1349944799177865 
107 129 0 0 34 25 13.038404810405298 16.0 1.1475407849754344 
105 128 0 0 38 32 13.038404810405298 15.033296378372908 1.1441236967788593 
97 126 1 0 29 23 13.038404810405298 15.033296378372908 1.1658356532340348 
93 125 1 0 32 35 13.038404810405298 15.033296378372908 1.1776060785609241 
92 124 1 0 39 41 13.038404810405298 15.033296378372908 1.1521962348876396 
90 120 1 0 38 27 13.038404810405298 15.033296378372908 1.1610235459713176 
82 119 1 0 32 31 13.038404810405298 15.033296378372908 1.176919052297108 
81 118 2 0 36 34 13.038404810405298 14.142135623730951 1.1940716010750223 
77 117 2 0 32 45 13.038404810405298 14.142135623730951 1.1816553643701715 
71 111 2 0 31 39 13.038404810405298 14.142135623730951 1.1940176635807251 
63 109 3 0 23 40 13.038404810405298 14.142135623730951 1.198435788289246 
59 108 4 0 19 36 13.038404810405298 14.142135623730951 1.1878700619054907 
57 106 4 0 18 30 13.038404810405298 14.142135623730951 1.1960326314779348 
58 105 4 0 24 35 13.038404810405298 14.142135623730951 1.1747051013239518 
52 104 5 0 17 14 13.038404810405298 14.142135623730951 1.1741987947295955 
50 103 5 0 15 14 13.038404810405298 14.142135623730951 1.1744865138556004 
46 101 5 0 11 15 13.038404810405298 13.341664064126334 1.1795359463220019 
46 100 5 0 15 18 13.038404810405298 13.341664064126334 1.204157135213404 
42 98 6 0 11 28 13.038404810405298 13.341664064126334 1.2124462902074613 
41 97 7 0 11 27 13.038404810405298 13.341664064126334 1.2095978880676899 
40 95 7 0 12 26 13.038404810405298 13.341664064126334 1.2046030909209935 
39 93 7 0 12 24 12.0 12.649110640673518 1.189647630712311 
37 91 7 1 10 25 12.0 12.649110640673518 1.202540972844309 
36 90 8 1 10 27 12.0 12.649110640673518 1.196715541954886 
35 86 8 1 10 26 11.045361017187261 12.649110640673518 1.1818271431267895 
34 84 8 2 10 27 10.0 12.649110640673518 1.1802830123502615 
33 83 8 2 11 26 9.055385138137417 12.649110640673518 1.1804035983876255 
29 82 8 2 10 25 5.0990195135927845 12.649110640673518 1.1845451579452926 
28 81 8 2 10 28 5.0990195135927845 12.649110640673518 1.1793118548351764 
27 79 8 2 9 26 4.47213595499958 12.649110640673518 1.1727103110709811 
26 78 8 2 9 22 4.47213595499958 12.649110640673518 1.1759195029656893 
24 77 9 2 6 18 4.47213595499958 12.649110640673518 1.1746469211205166 
24 76 9 2 6 18 4.0 12.649110640673518 1.1733532180440027 
24 75 9 2 6 18 4.47213595499958 12.649110640673518 1.1720806361988303 
24 74 9 2 6 18 4.0 12.649110640673518 1.168886949050154 
24 73 9 2 6 17 4.47213595499958 11.40175425099138 1.1722185543429222 
24 72 9 2 6 20 4.0 11.40175425099138 1.1663206641284674 
24 71 9 2 6 17 4.47213595499958 11.40175425099138 1.1633284573854745 
24 70 9 2 6 16 4.0 10.770329614269007 1.1620347543089606 
24 69 9 2 6 16 4.47213595499958 10.770329614269007 1.160762172463788 
24 68 9 2 6 16 4.0 10.770329614269007 1.162722823331075 
24 67 9 2 6 18 4.47213595499958 11.40175425099138 1.1614502414859023 
24 66 9 2 6 18 4.0 11.40175425099138 1.1616912674553685 
24 65 9 2 6 19 4.47213595499958 11.40175425099138 1.1588839565642157 
24 64 9 2 6 18 4.0 11.40175425099138 1.1560555244417214 
24 63 9 2 6 17 4.47213595499958 11.40175425099138 1.1578524006885096 
24 62 9 2 6 19 4.0 11.40175425099138 1.1522060970591919 
24 60 9 2 6 17 4.47213595499958 11.40175425099138 1.1509335152140192 
24 59 9 2 6 17 4.0 11.40175425099138 1.1334043428920615 
24 58 9 3 6 16 4.47213595499958 11.40175425099138 1.139481507354155 
24 57 9 3 6 21 4.0 10.295630140987 1.1366530752316613 
24 56 9 3 6 20 4.47213595499958 10.295630140987 1.127706848156587 
24 55 9 3 6 15 4.0 10.295630140987 1.1251300026192297 
24 53 9 3 6 15 4.47213595499958 10.295630140987 1.123857420774057 
24 52 9 3 6 15 4.0 10.295630140987 1.1240984467435235 
24 51 9 3 6 16 4.47213595499958 10.295630140987 1.121291135852371 
24 50 9 3 6 15 4.0 10.295630140987 1.1183761363335978 
24 49 9 3 6 14 4.47213595499958 10.0 1.1171035544884251 
24 48 9 3 6 14 4.0 10.0 1.120384608324567 
24 47 9 3 6 17 4.47213595499958 9.899494936611665 1.115662726871777 
24 46 9 3 6 15 4.0 8.602325267042627 1.1100164232424592 
24 44 9 3 6 13 4.47213595499958 8.602325267042627 1.1072091123513064 
24 43 9 3 6 12 4.0 8.602325267042627 1.0853273394765446 
24 41 9 4 6 9 4.47213595499958 8.602325267042627 1.084054757631372 
24 40 9 4 6 9 4.0 8.602325267042627 1.082761054554858 
24 39 9 4 6 9 4.47213595499958 8.602325267042627 1.0814884727096856 
24 38 9 4 6 9 4.0 8.602325267042627 1.0624245713417475 
24 37 9 5 6 7 4.47213595499958 8.602325267042627 1.044916520251131 
24 36 9 6 6 6 4.0 8.602325267042627 1.0420538149485863 
24 35 9 6 6 5 4.47213595499958 8.48528137423857 1.0453854202413546 
24 34 9 6 6 8 4.0 8.48528137423857 1.0410222590728802 
24 33 9 6 6 6 4.47213595499958 8.48528137423857 1.0382149481817273 
24 32 9 6 6 5 4.0 8.48528137423857 1.0384559741511938 
24 31 9 6 6 6 4.47213595499958 8.48528137423857 1.0341139342140606 
24 30 9 6 6 4 4.0 8.48528137423857 1.0324061164418394 
24 29 9 6 6 4 4.47213595499958 7.0710678118654755 1.0311745400324073 
24 28 9 6 6 4 4.0 7.211102550927978 1.0266588251663147 
24 26 9 6 6 3 4.47213595499958 5.830951894845301 1.0106855031216786 
24 25 9 7 6 3 4.0 5.830951894845301 0.9931563307997211 
24 24 9 8 6 2 4.47213595499958 5.830951894845301 0.9904935584972125 
24 23 9 8 6 1 4.0 6.324555320336759 0.9878837226330887 
24 22 9 8 6 0 4.47213595499958 7.0710678118654755 1.0084823530470068 
24 23 9 7 6 3 4.0 7.0710678118654755 0.9894184516790689 
24 22 9 8 6 1 4.47213595499958 7.0710678118654755 0.9719104005884524 
24 21 9 9 6 0 4.0 7.0710678118654755 0.9797768116869751 
24 23 9 9 6 4 4.47213595499958 4.242640687119285 0.9717886708516035 
24 21 9 9 6 1 4.0 1.4142135623730951 -1 
