140 139 0 0 14 17 16.0 16.0 1.0698359694949076 
138 138 0 0 17 15 13.038404810405298 14.142135623730951 1.0779944058493025 
134 137 0 0 16 18 12.165525060596439 16.0 1.0884645617217539 
132 136 0 0 21 22 12.165525060596439 16.0 1.0835613701837887 
128 134 0 0 22 18 13.038404810405298 16.0 1.0824349565634521 
124 130 0 0 22 18 13.341664064126334 15.033296378372908 1.0875980954694726 
120 128 0 0 22 20 15.033296378372908 15.033296378372908 1.099482942155403 
116 127 0 0 22 25 15.033296378372908 15.033296378372908 1.0958810270577524 
112 125 0 0 22 22 15.033296378372908 15.033296378372908 1.1029214246064358 
106 123 1 0 19 19 15.033296378372908 15.033296378372908 1.1176040564447396 
105 122 1 0 24 26 15.033296378372908 15.033296378372908 1.1266093694534405 
97 120 2 0 17 24 14.142135623730951 15.033296378372908 1.1262013182928803 
95 119 2 0 18 23 14.142135623730951 15.033296378372908 1.1373770385765316 
91 117 3 0 17 23 14.142135623730951 15.033296378372908 1.1306454536528074 
89 116 3 0 16 19 14.142135623730951 15.033296378372908 1.1297289263506405 
87 115 3 0 16 18 14.142135623730951 15.033296378372908 1.1288123990484735 
85 114 3 0 16 17 14.142135623730951 15.033296378372908 1.1259718971900319 
83 113 3 0 16 15 14.142135623730951 14.0 1.1285930908744986 
81 112 3 0 16 16 14.142135623730951 14.0 1.1294454240656484 
79 111 3 0 16 16 14.142135623730951 14.0 1.135102521270086 
77 110 3 0 15 19 14.0 14.0 1.1578079318158054 
75 109 4 0 14 26 14.0 14.0 1.1581826301483853 
73 108 4 0 13 26 13.341664064126334 14.0 1.1531444122326415 
71 106 4 0 11 24 13.341664064126334 14.0 1.155612959200887 
70 104 4 0 12 26 13.341664064126334 14.0 1.1533469219402828 
66 103 4 0 12 23 13.341664064126334 14.0 1.1719289821268768 
65 102 5 0 12 28 13.341664064126334 14.0 1.1682266420481797 
63 101 5 0 10 26 13.341664064126334 14.0 1.168493345866838 
62 100 5 0 11 26 13.341664064126334 14.0 1.154609165738962 
61 99 5 0 12 18 13.341664064126334 14.0 1.169578356245871 
57 98 5 0 11 25 12.165525060596439 14.0 1.1690931518544265 
56 97 5 0 14 24 12.165525060596439 14.0 1.1698991412466733 
52 95 6 0 10 19 12.165525060596439 14.0 1.1742891954244568 
50 94 6 0 10 21 12.165525060596439 14.0 1.1847130627597455 
49 93 6 0 10 27 11.045361017187261 14.0 1.1856777933077847 
48 91 6 0 15 27 11.045361017187261 14.0 1.1864894856746253 
40 90 6 0 9 25 11.40175425099138 14.0 1.1796807475200166 
39 89 6 0 10 21 11.40175425099138 14.0 1.184426631123186 
38 87 6 0 12 24 11.40175425099138 14.0 1.18965339549494 
34 85 7 0 6 22 8.602325267042627 14.0 1.1725648030487281 
33 84 7 1 6 21 8.602325267042627 14.0 1.1710523279630642 
32 82 7 1 6 21 7.211102550927978 14.0 1.1742039260416703 
31 81 7 1 6 23 7.211102550927978 13.038404810405298 1.161168090977799 
30 80 7 2 7 24 7.0710678118654755 13.038404810405298 1.1619367106839644 
29 79 7 2 9 24 7.211102550927978 13.038404810405298 1.1702017239811549 
25 78 8 2 3 23 5.830951894845301 13.038404810405298 1.1398163763188935 
24 74 8 3 2 17 4.47213595499958 13.038404810405298 1.1391047876005975 
24 73 8 3 3 17 2.0 13.038404810405298 1.143661120615993 
23 72 8 3 2 20 2.0 13.038404810405298 1.1376317332039962 
22 71 8 3 1 17 1.4142135623730951 13.038404810405298 1.1466622583798916 
21 70 9 3 0 17 5.656854249492381 13.038404810405298 1.147150741929017 
21 69 9 3 0 18 4.47213595499958 13.038404810405298 1.145836982402436 
21 68 9 3 0 18 4.0 13.038404810405298 1.1462478467482409 
21 67 9 3 0 19 4.47213595499958 13.038404810405298 1.1413963662350262 
21 66 9 3 0 17 4.0 13.038404810405298 1.1382695095941975 
21 65 9 3 0 16 4.47213595499958 13.038404810405298 1.1387246105609328 
21 64 9 3 0 17 4.0 13.038404810405298 1.1342618760830578 
21 62 9 3 0 16 4.47213595499958 13.038404810405298 1.1328170835563616 
21 61 9 3 0 16 4.0 12.165525060596439 1 
