140 140 0 0 14 14 16.0 16.0 1.0995164900135308 
138 138 0 0 17 17 16.0 14.142135623730951 1.1096050207671349 
134 137 0 0 16 22 13.038404810405298 16.0 1.108173641770272 
132 135 0 0 21 21 13.038404810405298 16.0 1.1103589202824948 
128 134 0 0 22 21 13.038404810405298 16.0 1.1050543373861006 
124 132 0 0 22 17 14.142135623730951 16.0 1.1114771633449823 
120 131 0 0 22 20 14.142135623730951 16.0 1.116128543160869 
116 129 0 0 27 22 14.142135623730951 16.0 1.12100459695185 
110 128 1 0 19 17 14.142135623730951 15.033296378372908 1.1256927632983278 
106 127 1 0 18 19 15.033296378372908 15.033296378372908 1.151605770250701 
100 126 2 0 17 27 15.033296378372908 15.033296378372908 1.1497194370585548 
98 122 2 0 18 28 15.033296378372908 15.033296378372908 1.1413569322137276 
96 120 2 0 18 23 15.033296378372908 15.033296378372908 1.1372571788733457 
94 119 2 0 18 20 15.033296378372908 15.033296378372908 1.142037066505993 
92 118 2 0 18 23 15.033296378372908 15.033296378372908 1.1601851014435893 
88 117 3 0 16 27 15.033296378372908 15.033296378372908 1.1634850489140651 
86 116 3 0 16 29 15.033296378372908 15.033296378372908 1.1477629736932966 
84 110 3 0 16 23 15.033296378372908 13.341664064126334 1.1442448354146952 
82 108 3 0 18 21 15.033296378372908 13.341664064126334 1.142426877888108 
80 107 3 0 16 20 15.033296378372908 12.649110640673518 1.1453222792788722 
78 106 3 0 14 22 15.033296378372908 12.649110640673518 1.143628033553643 
76 105 3 0 11 21 14.142135623730951 12.649110640673518 1.1389090840899996 
75 104 3 0 12 18 14.142135623730951 12.649110640673518 1.149608732371333 
73 103 3 0 12 25 14.142135623730951 12.649110640673518 1.154148765902644 
72 101 3 0 14 29 14.142135623730951 12.649110640673518 1.1648971000293824 
68 100 4 0 12 28 14.142135623730951 12.649110640673518 1.1542331858592665 
67 98 4 0 12 22 14.142135623730951 12.649110640673518 1.1643136380173387 
66 97 4 0 13 29 14.142135623730951 12.649110640673518 1.1568607290936213 
64 96 4 0 12 24 14.142135623730951 12.165525060596439 1.1491566952478485 
63 94 4 0 12 20 14.142135623730951 12.165525060596439 1.1520397196349181 
62 93 4 0 14 22 14.142135623730951 12.165525060596439 1.1713024235307679 
60 92 5 0 11 28 14.142135623730951 12.165525060596439 1.1638779962685184 
58 90 5 0 8 24 13.038404810405298 12.165525060596439 1.1591338427470887 
57 88 5 0 8 22 13.038404810405298 12.165525060596439 1.1574106815374186 
56 86 5 0 8 22 12.0 12.165525060596439 1.1512390585938785 
55 82 5 0 8 21 12.0 11.40175425099138 1.149454785396792 
54 80 5 0 8 21 12.0 11.40175425099138 1.1519894459222222 
53 79 5 0 8 23 11.045361017187261 11.40175425099138 1.158589340863174 
49 77 5 0 8 27 11.045361017187261 11.40175425099138 1.141013840788822 
48 76 5 1 9 25 10.0 11.40175425099138 1.1443567690508871 
44 75 5 1 8 26 8.602325267042627 11.40175425099138 1.1394936069133024 
43 74 5 1 8 23 7.615773105863909 11.40175425099138 1.138556006937119 
41 73 5 1 9 22 7.615773105863909 11.40175425099138 1.1471565189330193 
40 72 5 1 10 28 7.615773105863909 11.40175425099138 1.14137455239061 
38 71 5 1 9 24 7.615773105863909 11.40175425099138 1.141095423413481 
37 70 5 1 10 24 7.615773105863909 11.40175425099138 1.1444833316051544 
35 69 6 1 9 19 7.615773105863909 11.40175425099138 1.154819273227304 
33 68 7 1 7 19 7.615773105863909 10.770329614269007 1.1577384902067613 
31 67 7 1 5 21 7.211102550927978 10.770329614269007 1.1573383125337728 
30 66 7 1 5 21 5.830951894845301 10.770329614269007 1.1586932924716722 
28 65 7 1 4 22 10.295630140987 10.770329614269007 1.1582914203127737 
27 64 7 1 4 22 8.94427190999916 10.770329614269007 1.1359632258263055 
25 60 7 2 4 19 7.615773105863909 10.770329614269007 1.1468790601186698 
23 59 8 2 2 19 2.0 10.770329614269007 1.1461269829348064 
22 58 8 2 1 19 3.1622776601683795 10.770329614269007 1.1560931227742206 
21 57 9 2 0 19 3.1622776601683795 10.770329614269007 1.1550954013445571 
21 56 9 2 1 19 1.4142135623730951 10.770329614269007 1 
