140 140 0 0 14 14 16.0 16.0 1.0620979810511237 
138 139 0 0 17 18 16.0 14.142135623730951 1.0671541357575114 
134 138 0 0 16 18 12.165525060596439 16.0 1.0680782802878932 
132 134 0 0 16 21 12.165525060596439 16.0 1.0632310596228811 
130 133 0 0 16 17 13.038404810405298 16.0 1.0705711916020104 
128 132 0 0 16 22 13.038404810405298 16.0 1.069040600356573 
126 131 0 0 14 20 13.038404810405298 16.0 1.0693463678450907 
124 130 0 0 16 20 13.038404810405298 16.0 1.0714551813966862 
122 128 0 0 16 22 13.038404810405298 16.0 1.0734037955971705 
120 127 0 0 16 23 13.341664064126334 16.0 1.0727913837187104 
118 126 0 0 16 22 13.341664064126334 16.0 1.0731356256095053 
116 125 0 0 14 22 14.142135623730951 15.033296378372908 1.0785495150012518 
114 123 0 0 16 27 15.033296378372908 15.033296378372908 1.0846346004816418 
112 121 0 0 16 32 15.033296378372908 15.033296378372908 1.0761400222231188 
110 119 0 0 16 26 15.033296378372908 15.033296378372908 1.0728767623921294 
108 118 0 0 16 23 15.033296378372908 15.033296378372908 1.0788914703949934 
106 117 0 0 16 27 15.033296378372908 15.033296378372908 1.0784425260854715 
100 116 0 0 15 23 15.033296378372908 15.033296378372908 1.0808480520331223 
94 115 0 0 13 21 15.033296378372908 15.033296378372908 1.0957558167986365 
93 114 1 0 14 24 15.033296378372908 15.033296378372908 1.1026436428107376 
91 112 2 0 14 21 15.033296378372908 15.033296378372908 1.1050234735628004 
90 111 2 0 14 23 15.033296378372908 15.033296378372908 1.108387333613135 
88 110 2 0 14 25 15.033296378372908 15.033296378372908 1.111334056167497 
86 109 2 0 12 26 13.341664064126334 15.033296378372908 1.1124782848168804 
85 108 2 0 12 27 13.038404810405298 15.033296378372908 1.1198733313491236 
83 107 2 0 13 32 12.165525060596439 15.033296378372908 1.1099411370732195 
79 103 2 0 12 25 11.40175425099138 15.033296378372908 1.111296783791304 
75 102 2 0 12 24 11.40175425099138 15.033296378372908 1.1132853606425273 
71 101 2 0 15 24 10.0 14.142135623730951 1.120190463214023 
65 100 2 0 10 25 10.295630140987 14.142135623730951 1.1175830595665917 
64 99 3 1 10 25 10.295630140987 14.142135623730951 1.1239391622474486 
63 98 3 1 10 30 10.295630140987 14.142135623730951 1.1223312847462223 
62 97 3 1 9 29 8.94427190999916 13.038404810405298 1.111151691448222 
61 93 3 1 10 24 10.0 13.038404810405298 1.1124097205286634 
60 92 3 1 9 25 10.0 13.038404810405298 1.1070703981618437 
59 91 3 1 8 21 9.899494936611665 13.038404810405298 1.1077834102596487 
57 90 3 1 8 21 9.899494936611665 13.038404810405298 1.1087000446620974 
55 89 3 1 7 21 9.899494936611665 13.038404810405298 1.106899981180722 
54 88 3 1 8 20 9.899494936611665 13.038404810405298 1.1117928875119651 
52 87 3 1 7 23 9.899494936611665 13.038404810405298 1.1242534266295927 
51 86 4 1 7 24 9.899494936611665 13.038404810405298 1.11933891991708 
50 84 4 1 6 21 8.602325267042627 13.038404810405298 1.120189704388234 
49 83 4 1 7 22 8.602325267042627 13.038404810405298 1.1174714615398809 
48 82 4 1 6 20 8.602325267042627 13.038404810405298 1.1183222460110351 
47 81 4 1 7 21 8.602325267042627 13.038404810405298 1.1091880157139344 
46 77 4 1 6 17 8.602325267042627 13.038404810405298 1.1081683592261875 
44 76 4 1 8 16 8.602325267042627 13.038404810405298 1.1092886159332798 
42 75 4 1 6 16 8.602325267042627 13.038404810405298 1.1053557883095837 
41 74 5 2 6 15 8.602325267042627 13.038404810405298 1.1054920157184036 
40 73 5 2 4 15 8.602325267042627 13.038404810405298 1.1049380019598503 
39 72 5 2 3 15 8.602325267042627 12.165525060596439 1.1160731171012135 
38 71 6 2 3 15 8.602325267042627 12.165525060596439 1.11894877546549 
37 70 6 2 2 17 7.615773105863909 12.165525060596439 1.1209213616082656 
36 69 6 2 4 19 7.615773105863909 12.165525060596439 1.1229597976823356 
34 68 6 2 4 20 7.615773105863909 12.165525060596439 1.1218259318381834 
30 67 6 2 4 17 7.0710678118654755 12.165525060596439 1.1207187417933313 
29 65 6 2 4 17 5.656854249492381 12.165525060596439 1.122054249850134 
27 64 6 2 3 17 4.242640687119285 12.165525060596439 1.1327421692331707 
25 63 7 2 3 16 3.1622776601683795 11.40175425099138 1.1433515471667073 
23 62 8 2 2 15 4.47213595499958 11.40175425099138 1.1423466931290964 
22 61 8 2 1 14 3.1622776601683795 11.40175425099138 1.1386174878100437 
21 60 9 3 0 13 3.1622776601683795 11.40175425099138 1.1376765753174265 
21 59 9 3 1 13 1.4142135623730951 11.40175425099138 1 
