140 138 0 0 14 17 16.0 16.0 1.0539194461113237 
138 136 0 0 17 19 14.0 14.142135623730951 1.0517810661391773 
136 132 0 0 22 18 14.142135623730951 13.038404810405298 1.0626571440406871 
132 131 0 0 22 21 16.0 13.038404810405298 1.0723665683556387 
128 129 0 0 22 24 15.033296378372908 15.033296378372908 1.0753060526234166 
124 127 0 0 22 24 15.033296378372908 15.033296378372908 1.084170244274463 
120 126 0 0 22 26 15.033296378372908 15.033296378372908 1.0862331933462686 
116 124 0 0 24 25 15.033296378372908 15.033296378372908 1.071220671099142 
112 123 0 0 21 17 15.033296378372908 15.033296378372908 1.0935187189555378 
106 122 1 0 16 21 15.033296378372908 15.033296378372908 1.1152119941188372 
102 121 2 0 18 24 15.033296378372908 15.033296378372908 1.1217198853269423 
100 120 2 0 19 26 15.033296378372908 15.033296378372908 1.111987205317668 
98 116 2 0 19 23 15.033296378372908 15.033296378372908 1.1134569474515568 
96 115 2 0 19 23 15.033296378372908 15.033296378372908 1.1149266895854457 
94 114 2 0 19 23 15.033296378372908 15.033296378372908 1.1230290453454428 
90 112 3 0 16 22 15.033296378372908 15.033296378372908 1.120764646764944 
88 110 3 0 16 21 15.033296378372908 15.033296378372908 1.120043822229952 
86 109 3 0 16 20 15.033296378372908 15.033296378372908 1.1216792981379011 
82 108 3 0 15 19 15.033296378372908 15.033296378372908 1.1419197008969602 
81 107 4 0 15 24 15.033296378372908 15.033296378372908 1.1517395636300665 
80 106 4 0 20 27 15.033296378372908 15.033296378372908 1.14701283587781 
76 104 4 0 15 25 15.033296378372908 15.033296378372908 1.1403773270726296 
74 103 4 0 16 21 15.033296378372908 15.033296378372908 1.1398222363116977 
70 102 4 0 15 19 15.033296378372908 15.033296378372908 1.138908785159917 
69 101 4 0 17 18 15.033296378372908 15.033296378372908 1.1397215115573514 
67 100 4 0 16 18 15.033296378372908 15.033296378372908 1.1491038780135205 
66 99 4 0 17 22 15.033296378372908 15.033296378372908 1.157958980158301 
62 98 5 0 16 20 14.142135623730951 15.033296378372908 1.1561689938105475 
61 97 5 0 20 18 14.142135623730951 15.033296378372908 1.1649921741055367 
59 96 6 0 17 18 14.142135623730951 15.033296378372908 1.1683336953134902 
55 95 6 0 12 19 14.142135623730951 14.142135623730951 1.170267826567044 
54 94 6 0 15 19 14.142135623730951 14.142135623730951 1.1769952372346675 
52 93 6 0 13 22 14.142135623730951 14.142135623730951 1.1755125768086259 
50 91 7 0 10 18 14.142135623730951 14.142135623730951 1.1749530296677295 
48 90 7 0 7 18 14.142135623730951 13.038404810405298 1.173626545973275 
46 89 7 0 6 17 13.038404810405298 12.0 1.186587858255271 
45 88 8 0 5 19 13.038404810405298 11.045361017187261 1.1865509422994618 
44 87 8 0 5 19 13.038404810405298 11.045361017187261 1.1946763337965325 
42 86 8 0 5 22 12.165525060596439 11.045361017187261 1.196219531716311 
40 85 8 0 5 22 11.40175425099138 11.045361017187261 1.20870283456509 
38 84 8 0 5 27 10.770329614269007 11.045361017187261 1.2273634304778043 
30 83 8 0 4 31 10.295630140987 11.045361017187261 1.2460927931426227 
29 81 9 0 4 36 10.295630140987 11.661903789690601 1.226139666872748 
28 79 9 0 6 27 10.0 11.661903789690601 1.228754166883171 
26 78 9 0 4 28 7.211102550927978 11.661903789690601 1.2239156295827915 
24 77 9 0 4 25 4.47213595499958 11.661903789690601 1.2217368770561279 
23 76 9 0 4 24 3.1622776601683795 10.198039027185569 1.2151503461119109 
22 74 9 0 3 22 2.8284271247461903 10.198039027185569 1 
