140 140 0 0 14 14 16.0 16.0 1.0757575502788141 
138 139 0 0 17 17 16.0 14.142135623730951 1.0839461337361704 
134 138 0 0 16 20 12.649110640673518 16.0 1.0857980688741231 
132 136 0 0 16 22 12.649110640673518 16.0 1.0889500605999982 
130 134 0 0 16 25 12.649110640673518 16.0 1.0842052713232948 
128 132 0 0 16 22 13.038404810405298 16.0 1.0842540016681237 
126 131 0 0 14 22 14.142135623730951 15.033296378372908 1.0803589025106648 
124 129 0 0 16 20 15.033296378372908 15.033296378372908 1.0860751214102826 
122 128 0 0 16 24 15.033296378372908 15.033296378372908 1.0878911705461332 
120 127 0 0 16 25 15.033296378372908 15.033296378372908 1.0897072196819837 
118 126 0 0 16 26 15.033296378372908 15.033296378372908 1.0931493623635207 
116 125 0 0 14 28 15.033296378372908 15.033296378372908 1.0907392047778404 
114 124 0 0 16 26 15.033296378372908 15.033296378372908 1.089955140737846 
112 123 0 0 16 25 15.033296378372908 15.033296378372908 1.0904711332857744 
110 122 0 0 16 25 15.033296378372908 15.033296378372908 1.0936231250116495 
108 120 0 0 16 28 15.033296378372908 15.033296378372908 1.0915748903858356 
106 118 0 0 16 27 15.033296378372908 15.033296378372908 1.0906278078669596 
104 117 0 0 17 26 15.033296378372908 15.033296378372908 1.092606875481692 
102 116 0 0 16 27 15.033296378372908 15.033296378372908 1.085598926806396 
100 112 0 0 20 25 15.033296378372908 14.142135623730951 1.0904903380162307 
94 111 0 0 15 25 15.033296378372908 14.142135623730951 1.1011708230017958 
93 109 1 0 17 26 15.033296378372908 14.142135623730951 1.0958386065256402 
91 108 1 0 13 21 15.033296378372908 14.142135623730951 1.1136967449982 
85 107 2 0 14 23 15.033296378372908 14.142135623730951 1.132410719514959 
81 105 3 0 15 28 15.033296378372908 14.142135623730951 1.1277623717133 
79 103 3 0 15 25 15.033296378372908 14.142135623730951 1.123440060869405 
77 101 3 0 13 22 15.033296378372908 14.142135623730951 1.128438242978158 
75 100 3 0 11 25 14.0 14.142135623730951 1.1241639841954452 
74 99 3 0 11 22 14.0 14.142135623730951 1.119642768870566 
72 98 3 0 10 18 14.0 14.142135623730951 1.119594790649029 
71 97 3 0 9 18 13.341664064126334 14.142135623730951 1.1189532479535662 
70 96 3 0 8 18 13.341664064126334 13.341664064126334 1.11802179057921 
69 95 3 0 8 18 13.038404810405298 12.165525060596439 1.1177441430353088 
68 94 3 0 8 18 12.649110640673518 12.165525060596439 1.117566746915976 
67 92 3 0 8 19 12.0 12.165525060596439 1.1222298657698375 
66 91 3 0 9 23 12.0 12.165525060596439 1.1220922734641636 
65 90 3 0 9 23 11.045361017187261 12.165525060596439 1.1252765138692222 
63 89 3 0 9 25 10.770329614269007 12.165525060596439 1.1295999067018476 
61 88 3 0 9 28 9.486832980505138 11.40175425099138 1.1274970935329245 
59 87 3 0 11 26 8.246211251235321 11.40175425099138 1.1062777503287156 
57 86 3 1 12 20 8.246211251235321 11.40175425099138 1.1219595571849856 
56 85 4 1 15 24 8.246211251235321 11.40175425099138 1.1260448248912305 
52 84 4 1 12 25 8.246211251235321 11.40175425099138 1.131326179044122 
51 83 5 1 15 21 8.246211251235321 11.40175425099138 1.1449866096590253 
43 82 6 1 8 18 11.40175425099138 11.40175425099138 1.1534324113916734 
42 81 6 1 6 24 8.602325267042627 11.40175425099138 1.1506212276757646 
41 80 6 1 5 22 8.602325267042627 11.40175425099138 1.1534116519631414 
39 79 6 1 6 24 8.48528137423857 11.045361017187261 1.1495096604160722 
38 78 6 1 7 21 6.324555320336759 11.045361017187261 1.1517838979106851 
34 77 6 1 6 21 7.0710678118654755 11.045361017187261 1.1627545338519119 
33 76 7 1 6 21 7.0710678118654755 11.045361017187261 1.149642749285007 
31 75 7 2 7 21 5.830951894845301 11.045361017187261 1.1455673949832783 
30 73 7 2 6 19 5.830951894845301 11.045361017187261 1.156701049403387 
29 72 8 2 5 19 5.830951894845301 11.045361017187261 1.1573774983285883 
28 71 8 2 4 20 5.656854249492381 10.198039027185569 1.155866371200602 
27 70 8 2 3 19 5.656854249492381 10.198039027185569 1.158442744406081 
26 69 8 2 3 21 4.242640687119285 10.198039027185569 1.1567685987992127 
25 68 8 2 3 20 4.242640687119285 10.198039027185569 1.156744858828847 
24 67 8 2 3 20 2.8284271247461903 10.198039027185569 1.1552337317008605 
23 66 8 2 2 19 2.8284271247461903 10.198039027185569 1.1578101049063398 
22 65 8 2 2 21 1.4142135623730951 10.198039027185569 1.1642937556311774 
21 64 9 2 0 18 5.0990195135927845 10.198039027185569 1.1650794755647838 
21 63 9 2 1 19 1.4142135623730951 10.198039027185569 1 
