140 138 0 0 14 17 16.0 16.0 1.0980600529105096 
138 136 0 0 17 19 14.0 14.142135623730951 1.1064476160531593 
134 135 0 0 16 23 13.038404810405298 16.0 1.1045716952632862 
132 133 0 0 21 21 13.038404810405298 16.0 1.0998624857352615 
128 129 0 0 22 19 13.341664064126334 15.033296378372908 1.10651002128555 
124 128 0 0 22 22 15.033296378372908 15.033296378372908 1.1027204273321634 
120 126 0 0 22 19 15.033296378372908 15.033296378372908 1.1124820573047551 
116 125 0 0 22 24 15.033296378372908 15.033296378372908 1.1123416667122437 
112 124 0 0 24 22 15.033296378372908 15.033296378372908 1.1267134099156892 
106 123 1 0 21 23 15.033296378372908 15.033296378372908 1.140222287428547 
102 122 2 0 20 24 15.033296378372908 15.033296378372908 1.1410415104744134 
100 121 2 0 21 24 15.033296378372908 15.033296378372908 1.1428105483424713 
98 119 2 0 20 26 15.033296378372908 15.033296378372908 1.1416822543962888 
96 118 2 0 20 25 15.033296378372908 15.033296378372908 1.1420869665111288 
94 117 2 0 20 25 15.033296378372908 15.033296378372908 1.1413562615817054 
93 116 2 0 23 24 15.033296378372908 15.033296378372908 1.1640970192892315 
87 115 3 0 18 31 15.033296378372908 15.033296378372908 1.166000893636559 
87 114 3 0 22 32 15.033296378372908 15.033296378372908 1.166894425573911 
81 113 4 0 16 25 14.0 15.033296378372908 1.1677136486197772 
79 112 4 0 17 25 14.0 15.033296378372908 1.1681183607346173 
77 111 4 0 17 25 14.0 15.033296378372908 1.171589084971502 
75 110 4 0 17 27 14.0 15.033296378372908 1.1857921478671427 
69 108 5 0 13 29 14.0 15.033296378372908 1.1743602747562678 
67 102 5 0 11 26 13.038404810405298 15.033296378372908 1.1638652641361475 
65 100 5 0 10 20 13.038404810405298 15.033296378372908 1.1623055373446716 
64 99 5 0 11 19 13.038404810405298 15.033296378372908 1.166463323866258 
63 98 5 0 11 22 13.038404810405298 15.033296378372908 1.171850379578948 
62 97 5 0 11 26 13.038404810405298 14.0 1.171088302633322 
61 96 5 0 14 25 14.142135623730951 14.0 1.1614659565199759 
59 95 5 0 12 19 14.142135623730951 14.0 1.171318507573877 
58 94 6 0 12 19 14.142135623730951 14.0 1.156595684896718 
57 93 6 1 13 19 14.0 14.0 1.1537930365901155 
55 91 6 1 12 18 13.038404810405298 14.0 1.1595133443879775 
54 90 6 1 12 22 12.0 14.0 1.1572564463183277 
53 89 6 1 12 21 12.0 13.038404810405298 1.161441367127799 
52 88 6 1 12 24 11.045361017187261 13.038404810405298 1.1607275841126434 
50 87 6 1 13 23 11.045361017187261 13.038404810405298 1.1599867492002836 
49 86 6 1 16 22 11.40175425099138 13.038404810405298 1.1648937315504002 
43 85 6 1 15 23 11.40175425099138 13.038404810405298 1.1824620786522158 
39 84 7 1 9 28 11.40175425099138 13.038404810405298 1.181307434081319 
38 82 7 1 14 27 10.198039027185569 13.038404810405298 1.1892007468389072 
32 81 7 1 9 31 8.602325267042627 13.038404810405298 1.1771669277049086 
32 79 7 1 12 24 7.615773105863909 13.038404810405298 1.1822601813805296 
28 78 7 1 8 27 5.656854249492381 13.038404810405298 1.1781639194916937 
26 76 8 1 5 19 5.656854249492381 13.038404810405298 1.1793530099201859 
24 75 8 1 3 20 2.8284271247461903 13.038404810405298 1.1856396953224415 
23 74 9 1 2 18 5.830951894845301 13.038404810405298 1.1811067902761139 
22 72 9 1 0 17 4.47213595499958 11.40175425099138 1 
