140 139 0 0 14 17 16.0 16.0 1.0783943363346213 
138 138 0 0 17 18 13.038404810405298 14.0 1.0800233022028796 
136 137 0 0 18 19 13.341664064126334 14.142135623730951 1.0821286440286746 
132 136 0 0 18 18 12.649110640673518 16.0 1.0839430017315341 
130 134 0 0 18 20 12.649110640673518 16.0 1.0908106284568546 
128 133 0 0 18 25 13.038404810405298 16.0 1.0901186230689288 
126 131 0 0 17 25 13.341664064126334 16.0 1.0890306581994194 
124 129 0 0 19 25 13.341664064126334 16.0 1.0921077590417136 
122 128 0 0 19 27 13.341664064126334 16.0 1.0859625167887874 
120 127 0 0 19 22 14.0 16.0 1.0846030110738283 
118 126 0 0 19 21 14.142135623730951 15.033296378372908 1.0839256042888967 
116 124 0 0 17 21 15.033296378372908 15.033296378372908 1.0838113399681264 
114 122 0 0 18 22 15.033296378372908 14.142135623730951 1.0842547457294616 
112 120 0 0 18 23 15.033296378372908 14.0 1.0835556572524547 
110 118 0 0 18 23 15.033296378372908 14.142135623730951 1.0848688729837896 
108 117 0 0 21 24 15.033296378372908 14.142135623730951 1.090165304797383 
104 116 0 0 18 26 15.033296378372908 14.142135623730951 1.090652806892084 
102 115 0 0 18 26 15.033296378372908 14.142135623730951 1.089220061963438 
100 114 0 0 22 25 15.033296378372908 14.142135623730951 1.1064670171096218 
94 113 1 0 18 26 15.033296378372908 14.142135623730951 1.1219500871448458 
88 112 2 0 17 26 15.033296378372908 14.142135623730951 1.1192855916996605 
87 111 2 0 15 24 15.033296378372908 14.142135623730951 1.1190543330896812 
86 110 2 0 14 24 15.033296378372908 14.142135623730951 1.1177431646708778 
85 109 2 0 13 23 14.142135623730951 14.142135623730951 1.1162171066871014 
84 108 2 0 12 22 14.142135623730951 14.142135623730951 1.1152534474956184 
82 107 2 0 13 21 14.142135623730951 14.142135623730951 1.1157409495903194 
80 106 2 0 13 21 14.142135623730951 14.142135623730951 1.1162284516850205 
78 105 2 0 13 21 14.142135623730951 14.142135623730951 1.1171713996400612 
74 104 2 0 13 20 14.142135623730951 14.142135623730951 1.1176589017347622 
72 103 2 0 13 20 14.142135623730951 14.142135623730951 1.11627468560368 
71 101 2 0 13 20 13.038404810405298 14.142135623730951 1.1161374602617689 
70 100 2 0 13 20 12.0 14.142135623730951 1.1345940366977039 
68 99 3 0 12 25 12.0 14.142135623730951 1.1213545911404545 
67 95 3 0 12 18 12.0 14.142135623730951 1.1211971669711633 
66 94 3 0 12 18 11.045361017187261 14.142135623730951 1.1208095464487962 
65 93 3 0 12 18 11.045361017187261 14.142135623730951 1.1328990789477011 
64 92 4 0 13 19 11.045361017187261 14.142135623730951 1.1374977642995345 
62 91 4 0 11 22 11.40175425099138 14.142135623730951 1.1395788466394097 
60 89 4 0 11 24 10.295630140987 14.142135623730951 1.1379321777046354 
58 88 4 0 10 22 9.055385138137417 14.142135623730951 1.1398708592277425 
54 87 4 0 10 22 10.295630140987 14.142135623730951 1.1419658845210152 
52 86 4 0 8 23 10.295630140987 14.142135623730951 1.141578263998648 
51 85 4 0 8 23 10.295630140987 14.142135623730951 1.1424854428500777 
50 84 4 0 8 24 10.295630140987 14.142135623730951 1.1403833461971855 
48 83 4 0 8 22 10.295630140987 14.142135623730951 1.1513344412346815 
47 82 5 0 8 22 10.295630140987 14.142135623730951 1.1523041642754708 
45 81 5 0 7 22 8.94427190999916 14.142135623730951 1.148640201597791 
44 80 5 0 6 19 7.0710678118654755 14.142135623730951 1.1443457867192082 
43 78 5 0 8 17 6.0 14.142135623730951 1.1466042193164203 
39 77 5 0 6 17 7.211102550927978 14.142135623730951 1.1502774368825568 
38 76 5 0 7 20 5.830951894845301 14.142135623730951 1.1496173064453994 
37 75 5 0 6 20 5.830951894845301 13.341664064126334 1.133369160867319 
36 73 5 1 7 20 8.602325267042627 13.341664064126334 1.1195508967424048 
34 71 5 2 8 21 10.295630140987 13.341664064126334 1.1203511226618812 
32 70 5 2 6 21 10.295630140987 13.341664064126334 1.1284493041074426 
30 69 6 2 5 18 10.295630140987 13.341664064126334 1.1313987989412921 
29 68 6 2 5 20 5.656854249492381 12.649110640673518 1.1420865791344472 
27 67 7 2 4 19 5.656854249492381 12.649110640673518 1.1525257349965952 
26 66 8 2 3 19 5.656854249492381 11.40175425099138 1.1335588424436276 
25 64 8 3 3 16 4.242640687119285 11.40175425099138 1.133067080579417 
24 63 8 3 3 16 2.0 10.198039027185569 1.1315730788300025 
23 61 8 3 2 16 2.0 10.198039027185569 1.1423244115423277 
22 60 9 3 2 16 2.8284271247461903 10.198039027185569 1.1418219643392085 
21 59 9 3 1 16 1.4142135623730951 9.055385138137417 1 
