140 139 0 0 14 18 16.0 16.0 1.0624031381280699 
138 137 0 0 17 18 13.341664064126334 14.142135623730951 1.06911179548977 
134 136 0 0 16 20 12.649110640673518 16.0 1.0658199939988173 
132 135 0 0 16 17 12.649110640673518 16.0 1.065179404469319 
130 134 0 0 16 16 12.649110640673518 16.0 1.0711668448434566 
128 133 0 0 16 20 12.649110640673518 16.0 1.0787666880700897 
126 132 0 0 14 25 13.038404810405298 16.0 1.0817740568851493 
124 130 0 0 16 28 13.038404810405298 16.0 1.0798078613749238 
122 129 0 0 16 26 13.038404810405298 16.0 1.0751904539032444 
120 128 0 0 16 22 13.038404810405298 16.0 1.074549864373746 
118 127 0 0 16 21 13.038404810405298 16.0 1.078006846610935 
116 126 0 0 14 23 14.0 16.0 1.0796177253337411 
114 125 0 0 16 24 14.0 16.0 1.076325923842789 
112 124 0 0 16 21 14.0 16.0 1.0756853343132906 
110 123 0 0 16 20 14.0 16.0 1.0757707352007948 
108 122 0 0 19 20 14.0 16.0 1.0840976576045118 
104 121 0 0 17 24 14.0 16.0 1.0810766120796604 
102 119 0 0 16 22 14.0 16.0 1.081432768933266 
100 117 0 0 18 23 14.0 16.0 1.0819646891628099 
96 116 0 0 15 21 14.142135623730951 16.0 1.082449833759464 
94 115 0 0 16 21 14.142135623730951 16.0 1.0838903307403551 
93 114 0 0 14 22 14.142135623730951 16.0 1.0917982569181115 
91 113 1 0 15 19 14.142135623730951 16.0 1.093409135640918 
89 112 1 0 17 20 14.142135623730951 16.0 1.0944938958012964 
87 111 1 0 15 20 14.142135623730951 16.0 1.1105869426817123 
86 109 1 0 13 33 14.142135623730951 16.0 1.1145180509172876 
84 108 2 0 14 27 14.142135623730951 16.0 1.1171255201687158 
83 107 2 0 13 29 14.0 16.0 1.1284986625022042 
79 106 3 0 13 27 14.0 16.0 1.1424397387607046 
77 105 3 0 13 37 14.0 16.0 1.1489102008804342 
73 104 4 0 11 31 14.0 16.0 1.1468176014287315 
72 102 4 0 10 31 13.038404810405298 14.142135623730951 1.1459600388322888 
70 100 4 0 11 31 13.341664064126334 14.142135623730951 1.1354290795674824 
69 98 4 0 10 24 13.038404810405298 14.142135623730951 1.132692886751617 
68 97 4 0 9 22 13.038404810405298 14.142135623730951 1.131082428061904 
67 96 4 0 9 21 13.038404810405298 14.142135623730951 1.12821724750299 
66 94 4 0 9 20 13.038404810405298 14.142135623730951 1.1255824576739835 
65 93 4 0 9 18 12.0 14.142135623730951 1.1252976049649974 
64 92 4 0 9 18 12.0 14.142135623730951 1.124734115244857 
62 91 4 0 10 17 11.045361017187261 14.142135623730951 1.1264789714215773 
58 90 4 0 9 16 10.198039027185569 14.142135623730951 1.1265965236970827 
57 88 4 0 9 17 9.055385138137417 14.142135623730951 1.112566854003257 
56 87 4 1 9 17 9.055385138137417 14.142135623730951 1.1139778608714883 
54 86 4 1 12 18 9.055385138137417 14.142135623730951 1.126676609185704 
50 85 5 1 12 17 9.055385138137417 14.142135623730951 1.1306124531621118 
48 84 5 1 9 19 9.055385138137417 14.142135623730951 1.1292341038704181 
47 83 5 1 8 18 8.94427190999916 14.142135623730951 1.1285935143409198 
45 82 5 1 8 17 8.94427190999916 14.142135623730951 1.1280639392003047 
44 81 5 1 7 17 8.94427190999916 13.341664064126334 1.1277468489478741 
43 80 5 1 7 17 9.055385138137417 13.341664064126334 1.1284667610764447 
41 79 5 1 8 17 8.246211251235321 13.341664064126334 1.1322883024058223 
35 78 5 1 6 16 7.615773105863909 13.341664064126334 1.1458543893269997 
34 77 6 1 7 18 7.615773105863909 13.341664064126334 1.1456135435066512 
32 76 6 1 5 17 7.615773105863909 13.341664064126334 1.1470289208457054 
31 75 6 1 5 18 6.324555320336759 13.341664064126334 1.1315116300401278 
29 74 6 2 5 16 5.656854249492381 13.341664064126334 1.1332761407125111 
28 73 6 2 5 17 3.1622776601683795 13.341664064126334 1.1445907593813838 
27 72 7 2 4 17 3.1622776601683795 13.341664064126334 1.1445057785269728 
26 71 7 2 3 17 3.1622776601683795 13.341664064126334 1.1445581401820388 
25 70 7 2 3 17 2.0 13.341664064126334 1.1444731593276276 
24 69 7 2 2 17 2.0 13.341664064126334 1.1566731586033447 
23 68 8 2 2 18 2.8284271247461903 13.341664064126334 1.1548036712875072 
22 67 8 2 0 17 5.0990195135927845 13.341664064126334 1.1541108609088366 
22 66 8 2 0 17 3.1622776601683795 13.341664064126334 1.1531634371524977 
22 65 8 2 1 17 1.4142135623730951 13.341664064126334 1.1632471284532917 
21 64 9 2 0 17 5.656854249492381 13.341664064126334 1.1623361317024075 
21 63 9 2 0 17 4.47213595499958 13.341664064126334 1.1612183917535064 
21 62 9 2 0 17 4.0 13.341664064126334 1.1585010819832786 
21 61 9 2 0 16 4.47213595499958 13.341664064126334 1.1587089480151045 
21 60 9 2 0 17 4.0 13.341664064126334 1.1573172442256041 
21 59 9 2 0 17 4.47213595499958 13.341664064126334 1.15752511025743 
21 58 9 2 0 18 4.0 13.341664064126334 1.1530975396224086 
21 57 9 2 0 16 4.47213595499958 12.649110640673518 1.1480738658428522 
21 55 9 2 0 14 4.0 12.649110640673518 1.1466821620533518 
21 54 9 2 0 14 4.47213595499958 12.649110640673518 1.149541240046632 
21 53 9 2 0 17 4.0 12.649110640673518 1.145498324295677 
21 52 9 2 0 15 4.47213595499958 12.649110640673518 1.1457061903275032 
21 51 9 2 0 16 4.0 12.649110640673518 1.1429888805572754 
21 50 9 2 0 15 4.47213595499958 12.649110640673518 1.1294519296042613 
21 49 9 3 0 16 4.0 12.649110640673518 1.127745824742561 
21 48 9 3 0 16 4.47213595499958 12.083045973594572 1 
