140 140 0 0 14 14 16.0 16.0 1.1037124051242224 
138 138 0 0 17 17 16.0 14.142135623730951 1.1052548786248675 
134 136 0 0 16 17 13.341664064126334 16.0 1.1036514746008736 
132 134 0 0 16 17 13.341664064126334 15.033296378372908 1.1075757043201684 
130 132 0 0 16 21 15.033296378372908 15.033296378372908 1.1142178037880675 
128 131 0 0 16 26 15.033296378372908 15.033296378372908 1.1066675048871715 
126 129 0 0 14 21 15.033296378372908 15.033296378372908 1.1042062698796933 
124 128 0 0 16 19 15.033296378372908 15.033296378372908 1.1056488494826873 
122 127 0 0 17 20 15.033296378372908 15.033296378372908 1.1032210121695503 
120 126 0 0 17 18 15.033296378372908 15.033296378372908 1.1033845853652806 
118 125 0 0 17 18 15.033296378372908 15.033296378372908 1.104843863815445 
116 124 0 0 17 19 15.033296378372908 15.033296378372908 1.1063031422656093 
114 123 0 0 17 20 15.033296378372908 15.033296378372908 1.1046654167030323 
112 121 0 0 17 20 15.033296378372908 14.0 1.1087996244650205 
110 119 0 0 18 24 15.033296378372908 14.142135623730951 1.1076674924063172 
108 118 0 0 18 23 15.033296378372908 14.142135623730951 1.1129971877726121 
106 117 0 0 19 27 15.033296378372908 14.142135623730951 1.1105860493066455 
104 116 0 0 18 25 15.033296378372908 14.142135623730951 1.1128158368362526 
102 114 0 0 17 28 15.033296378372908 13.038404810405298 1.1091256919630226 
100 113 0 0 15 25 15.033296378372908 13.038404810405298 1.1028916240934894 
98 109 0 0 15 23 15.033296378372908 13.038404810405298 1.1017427931876156 
96 108 0 0 16 22 15.033296378372908 13.038404810405298 1.1046446512407737 
92 106 0 0 17 24 15.033296378372908 13.038404810405298 1.1184278531747378 
90 105 1 0 18 26 15.033296378372908 13.038404810405298 1.1220423839633031 
86 103 2 0 17 20 15.033296378372908 13.038404810405298 1.1299634898384658 
84 102 2 0 18 26 15.033296378372908 13.038404810405298 1.1555947470639407 
80 101 3 0 16 36 15.033296378372908 13.038404810405298 1.1570874232084458 
78 100 3 0 14 37 15.033296378372908 13.038404810405298 1.1513854147235176 
77 99 3 0 12 33 15.033296378372908 13.038404810405298 1.1456500085442483 
76 98 3 0 12 29 15.033296378372908 13.038404810405298 1.1368373587860452 
74 97 3 0 12 22 14.0 13.038404810405298 1.1357924376836819 
72 96 3 0 12 21 13.038404810405298 13.038404810405298 1.1411512015028145 
70 95 3 0 16 25 12.165525060596439 13.038404810405298 1.1404450560634911 
64 94 3 0 11 22 11.40175425099138 13.038404810405298 1.1505047154298844 
60 92 4 0 12 21 11.40175425099138 13.038404810405298 1.1519639938800488 
58 91 4 0 12 22 11.40175425099138 13.038404810405298 1.1471309741365419 
56 89 4 0 9 19 10.198039027185569 13.038404810405298 1.143333208728552 
54 87 4 0 9 17 11.313708498984761 13.038404810405298 1.1392043043162625 
53 85 4 0 10 15 8.0 13.038404810405298 1.142702777193848 
51 84 4 0 11 18 8.94427190999916 12.165525060596439 1.1406249910377662 
50 82 4 0 10 18 7.615773105863909 11.40175425099138 1.1374976942145347 
49 81 4 0 9 16 7.615773105863909 11.40175425099138 1.1389402738175287 
47 80 4 0 10 17 7.615773105863909 11.40175425099138 1.1378351034944603 
45 78 4 0 10 17 7.615773105863909 11.40175425099138 1.1479615582495355 
41 76 5 0 7 16 7.615773105863909 11.40175425099138 1.1348234549497567 
40 75 5 1 7 17 6.324555320336759 11.40175425099138 1.136762085500699 
38 74 5 1 7 19 8.48528137423857 10.198039027185569 1.1369526204320644 
36 72 5 1 7 20 8.48528137423857 10.198039027185569 1.1358204883733611 
34 71 5 1 7 19 8.48528137423857 10.198039027185569 1.1426133048165152 
32 69 6 1 5 17 8.48528137423857 9.055385138137417 1.1518201943655482 
31 67 7 1 6 17 8.48528137423857 9.055385138137417 1.1552829857142264 
30 66 7 1 6 20 7.0710678118654755 9.055385138137417 1.1564036941218152 
29 64 7 1 6 22 5.656854249492381 9.486832980505138 1.1519439649094945 
27 60 7 1 6 22 7.615773105863909 8.246211251235321 1.1605610446728938 
25 59 8 1 6 20 7.615773105863909 8.246211251235321 1.1680943883766381 
23 58 9 1 3 17 5.830951894845301 8.246211251235321 1.1676984374219463 
22 57 9 1 1 17 4.47213595499958 8.246211251235321 1.1750555789798804 
21 56 9 1 0 23 3.1622776601683795 8.246211251235321 1.172308046027566 
21 55 9 1 1 22 1.4142135623730951 7.615773105863909 1 
