140 140 0 0 14 14 16.0 16.0 1.0946236291723868 
138 139 0 0 17 17 16.0 14.142135623730951 1.0980904312486208 
134 138 0 0 16 17 12.0 16.0 1.101037826131072 
132 137 0 0 16 19 12.0 16.0 1.1026680673948446 
130 136 0 0 16 20 12.0 16.0 1.106847574026514 
128 135 0 0 16 23 12.649110640673518 16.0 1.0980309187821773 
126 133 0 0 14 17 13.038404810405298 16.0 1.1034718044417666 
124 132 0 0 16 21 13.341664064126334 16.0 1.105894232323019 
122 130 0 0 17 24 13.341664064126334 15.033296378372908 1.0993999262142706 
120 129 0 0 17 19 15.033296378372908 15.033296378372908 1.1049816283340794 
118 128 0 0 17 23 15.033296378372908 15.033296378372908 1.1000261015044577 
116 127 0 0 17 19 15.033296378372908 15.033296378372908 1.1003391891495513 
114 126 0 0 17 19 15.033296378372908 15.033296378372908 1.10017782224083 
112 125 0 0 17 19 15.033296378372908 14.142135623730951 1.1043666976452855 
110 124 0 0 17 22 15.033296378372908 14.0 1.1112655533837732 
108 123 0 0 17 27 15.033296378372908 14.0 1.1105848684321298 
104 122 0 0 16 25 15.033296378372908 14.0 1.1126395763028452 
100 121 0 0 13 25 15.033296378372908 14.0 1.1257114507505879 
96 117 1 0 14 28 15.033296378372908 14.0 1.1167539202724293 
94 116 1 0 15 21 15.033296378372908 14.0 1.1219851239203424 
92 115 1 0 15 25 15.033296378372908 13.341664064126334 1.1305504956156656 
90 114 2 0 16 23 15.033296378372908 13.038404810405298 1.134916129701797 
88 113 2 0 14 26 15.033296378372908 13.038404810405298 1.1479075053182344 
84 111 3 0 15 27 15.033296378372908 13.038404810405298 1.149537746582007 
82 110 3 0 15 28 15.033296378372908 13.038404810405298 1.1432650661337065 
80 109 3 0 15 23 15.033296378372908 13.038404810405298 1.1449458501899794 
78 108 3 0 14 24 15.033296378372908 13.038404810405298 1.1584568181559893 
72 107 4 0 12 23 14.0 13.038404810405298 1.1601881450047626 
70 106 4 0 10 24 14.0 13.038404810405298 1.1507437029366687 
69 102 4 0 9 20 13.341664064126334 13.038404810405298 1.151669740484534 
68 100 4 0 8 22 13.341664064126334 13.038404810405298 1.152544716699465 
67 99 4 0 8 23 13.038404810405298 13.038404810405298 1.1547883676328405 
66 97 4 0 8 26 12.649110640673518 13.038404810405298 1.150440040367298 
65 96 4 0 8 23 12.0 13.038404810405298 1.1475229510102687 
64 92 4 0 8 24 11.40175425099138 13.038404810405298 1.1523563493182196 
63 91 4 0 8 28 11.045361017187261 13.038404810405298 1.1367367287284371 
62 87 4 1 8 30 10.770329614269007 13.038404810405298 1.13767289718725 
61 86 4 1 8 31 10.0 13.038404810405298 1.138053216333337 
59 85 4 1 8 31 9.486832980505138 13.038404810405298 1.1437428972050763 
58 84 4 1 7 36 9.486832980505138 12.165525060596439 1.13805382632078 
57 83 4 1 9 32 8.246211251235321 12.165525060596439 1.1293296410372857 
51 82 4 1 8 23 11.40175425099138 12.165525060596439 1.1321847355469723 
50 80 5 1 6 18 11.40175425099138 12.165525060596439 1.1309025066595828 
49 79 5 1 7 17 7.0710678118654755 12.165525060596439 1.1363831231943906 
47 78 5 1 9 21 7.0710678118654755 12.165525060596439 1.1367972964244852 
45 77 5 1 7 21 7.0710678118654755 12.165525060596439 1.1350487773193405 
44 76 5 1 6 20 7.0710678118654755 12.165525060596439 1.1424192479599464 
43 75 5 1 7 26 7.0710678118654755 12.165525060596439 1.1389469431702464 
42 74 5 1 6 24 7.0710678118654755 11.40175425099138 1.1436831065734947 
41 73 5 1 7 28 7.0710678118654755 11.40175425099138 1.1530228835915741 
40 71 6 1 7 28 7.0710678118654755 11.40175425099138 1.1541800285842319 
34 67 7 1 7 21 10.0 11.40175425099138 1.1514541385455852 
33 65 7 1 4 20 8.48528137423857 11.40175425099138 1.1470713122030827 
32 64 7 1 3 17 8.48528137423857 11.40175425099138 1.1466399467166168 
31 63 7 1 2 17 8.48528137423857 11.40175425099138 1.13081300242484 
30 62 7 2 3 16 8.48528137423857 11.40175425099138 1.129249763544089 
29 61 7 2 2 15 7.0710678118654755 11.40175425099138 1.1280764537201957 
28 60 7 2 3 15 7.0710678118654755 10.198039027185569 1.1138530288564927 
27 59 7 3 2 15 5.656854249492381 10.198039027185569 1.1133711205775263 
26 58 7 3 2 15 5.656854249492381 10.198039027185569 1.114442188934133 
25 57 7 3 1 16 4.242640687119285 10.198039027185569 1.1126130601951978 
24 56 7 3 1 15 4.47213595499958 10.198039027185569 1.1206356835945983 
23 54 8 3 1 14 4.47213595499958 10.198039027185569 1.1186995985502362 
22 53 8 3 0 13 5.0990195135927845 10.0 1.1176258897274594 
22 52 8 3 1 13 3.1622776601683795 10.0 1.1265132959834676 
21 50 9 3 0 13 3.1622776601683795 9.055385138137417 1.1254148679401776 
21 49 9 3 1 13 1.4142135623730951 9.055385138137417 1 
