140 139 0 0 14 17 16.0 16.0 1.0681852078971483 
138 138 0 0 17 16 13.038404810405298 14.142135623730951 1.0744330828585753 
134 137 0 0 16 18 12.0 16.0 1.074471529522311 
132 133 0 0 16 21 13.038404810405298 16.0 1.0783856164782168 
130 132 0 0 16 24 13.341664064126334 16.0 1.0774634191514472 
128 130 0 0 16 24 14.0 16.0 1.072021890610981 
126 128 0 0 14 20 14.0 15.033296378372908 1.0716181369916495 
124 126 0 0 16 21 15.033296378372908 15.033296378372908 1.0720686014344634 
122 124 0 0 16 22 15.033296378372908 15.033296378372908 1.0642350957159414 
120 120 0 0 16 18 15.033296378372908 15.033296378372908 1.0705365012125874 
118 118 0 0 16 24 15.033296378372908 15.033296378372908 1.0690903606333786 
116 114 0 0 14 25 15.033296378372908 15.033296378372908 1.07139110375523 
114 113 0 0 16 27 15.033296378372908 15.033296378372908 1.067207141697964 
112 112 0 0 16 23 15.033296378372908 15.033296378372908 1.0714894022021082 
108 111 0 0 17 25 15.033296378372908 15.033296378372908 1.0733782668984295 
106 109 0 0 16 27 15.033296378372908 15.033296378372908 1.0814779345325587 
105 108 0 0 15 34 15.033296378372908 15.033296378372908 1.0704473997227277 
104 104 0 0 15 28 15.033296378372908 15.033296378372908 1.0680212410772203 
103 103 0 0 15 26 14.142135623730951 15.033296378372908 1.071585783502884 
95 102 0 0 14 24 14.142135623730951 15.033296378372908 1.087274961035426 
94 101 1 0 15 28 14.142135623730951 15.033296378372908 1.0836264202189054 
93 99 1 0 14 26 14.142135623730951 15.033296378372908 1.065104598671549 
92 98 1 1 14 22 14.142135623730951 15.033296378372908 1.0659408457950226 
90 97 1 1 14 22 13.038404810405298 15.033296378372908 1.066870900928456 
89 96 1 1 14 23 12.649110640673518 15.033296378372908 1.070878256346555 
87 95 1 1 14 26 12.649110640673518 15.033296378372908 1.0604361621637597 
85 91 1 1 15 20 12.649110640673518 15.033296378372908 1.063182682374593 
81 90 1 1 13 20 12.649110640673518 15.033296378372908 1.0630910325333571 
80 89 1 1 12 20 12.649110640673518 15.033296378372908 1.062731170649381 
79 88 1 1 12 20 12.649110640673518 15.033296378372908 1.060887585013648 
77 87 1 1 12 18 12.649110640673518 15.033296378372908 1.0611795640669792 
76 86 1 1 11 18 11.40175425099138 15.033296378372908 1.060522674494047 
74 85 1 1 13 18 11.40175425099138 14.0 1.0621448302135539 
72 84 1 1 11 18 9.486832980505138 14.0 1.061516756286837 
71 83 1 1 12 18 9.486832980505138 14.0 1.0625499711581181 
69 82 1 1 10 18 9.486832980505138 14.0 1.0782391486906602 
68 81 2 1 11 22 9.486832980505138 14.0 1.077879286806684 
67 80 2 1 11 22 9.486832980505138 14.0 1.0927258278859016 
66 79 3 1 13 26 9.486832980505138 13.038404810405298 1.0780144183469118 
65 71 3 1 11 21 9.486832980505138 12.165525060596439 1.081520702958331 
63 70 3 1 9 23 9.055385138137417 12.165525060596439 1.0606585049894417 
62 69 3 2 9 17 9.055385138137417 12.165525060596439 1.0654804360839378 
61 68 3 2 9 22 9.055385138137417 11.045361017187261 1.0624203358944528 
59 66 3 2 9 20 9.055385138137417 11.045361017187261 1.07369697262667 
58 65 4 2 9 20 9.055385138137417 11.045361017187261 1.068924569942369 
57 64 4 2 8 16 9.055385138137417 11.045361017187261 1.0709050844799257 
56 63 4 2 8 18 9.055385138137417 11.045361017187261 1.0727782120873994 
55 62 4 2 7 20 8.246211251235321 10.0 1.057185207588611 
53 61 4 3 8 18 8.246211251235321 10.0 1.056825345704635 
52 60 4 3 8 18 8.246211251235321 10.0 1.066635725331145 
51 59 5 3 7 17 8.246211251235321 9.055385138137417 1.0654032840822625 
50 57 5 3 6 17 8.0 9.055385138137417 1.0632914864037888 
48 56 5 3 7 15 8.0 9.055385138137417 1.0655402129840863 
47 55 5 3 6 17 8.0 9.055385138137417 1.0516528179368096 
46 53 5 4 6 18 8.0 9.055385138137417 1.0486390440903102 
44 52 5 4 6 15 8.0 9.055385138137417 1.0479656466653438 
42 51 5 4 6 14 8.0 9.055385138137417 1.0606353601528178 
40 50 6 4 4 14 8.0 9.055385138137417 1.0589200627796902 
39 49 6 4 4 13 8.602325267042627 9.055385138137417 1.058762932530086 
38 48 6 4 5 13 7.0710678118654755 9.055385138137417 1.0586712826888502 
37 47 6 4 4 13 7.0710678118654755 9.055385138137417 1.0585829456224007 
36 46 6 4 5 14 7.0710678118654755 8.0 1.0555960067202852 
35 45 6 4 4 12 7.0710678118654755 7.0710678118654755 1.0560927975060852 
33 44 6 4 4 12 7.0710678118654755 7.0710678118654755 1.0572392023960706 
31 43 6 4 3 12 5.830951894845301 7.0710678118654755 1.05746778113913 
29 42 6 4 4 12 5.830951894845301 7.0710678118654755 1.0561198637208082 
27 41 7 5 4 12 5.830951894845301 7.0710678118654755 1.069209910267402 
25 40 8 5 2 12 7.211102550927978 8.48528137423857 1.065763953994682 
24 39 8 5 2 9 5.830951894845301 8.48528137423857 1.0646518125756272 
23 38 8 5 2 8 4.47213595499958 8.48528137423857 1.0634783913607018 
22 37 8 5 1 8 3.1622776601683795 6.0 1.0750232401356594 
21 36 9 5 0 8 3.1622776601683795 6.0 1.0605949300500956 
21 35 9 6 1 8 1.4142135623730951 6.0 1 
