140 140 0 0 14 14 16.0 16.0 1.1247472635438804 
138 139 0 0 17 18 16.0 14.142135623730951 1.1253278123308288 
134 137 0 0 16 18 12.165525060596439 16.0 1.11892227524322 
132 133 0 0 21 16 13.038404810405298 15.033296378372908 1.124309597906697 
128 131 0 0 22 20 15.033296378372908 15.033296378372908 1.1322455887612828 
124 130 0 0 22 25 15.033296378372908 15.033296378372908 1.1391742460009608 
120 129 0 0 25 29 15.033296378372908 15.033296378372908 1.1394228692990183 
112 127 1 0 19 20 15.033296378372908 15.033296378372908 1.1421942239249265 
110 126 1 0 20 22 15.033296378372908 15.033296378372908 1.1537190316195258 
104 125 2 0 17 21 15.033296378372908 15.033296378372908 1.1537743890967886 
102 124 2 0 18 21 15.033296378372908 15.033296378372908 1.1565457437226971 
100 123 2 0 19 23 15.033296378372908 15.033296378372908 1.1537682157315088 
98 122 2 0 19 21 15.033296378372908 15.033296378372908 1.1506064413519002 
94 121 2 0 17 18 15.033296378372908 15.033296378372908 1.1559769048066493 
92 120 2 0 17 22 15.033296378372908 15.033296378372908 1.1545573753897835 
90 119 2 0 17 21 15.033296378372908 15.033296378372908 1.1627766801382544 
88 118 3 0 18 19 15.033296378372908 15.033296378372908 1.1627151492957117 
86 117 3 0 18 19 15.033296378372908 15.033296378372908 1.1600265602107904 
84 115 3 0 18 18 15.033296378372908 15.033296378372908 1.1610613018894222 
82 113 3 0 15 20 15.033296378372908 15.033296378372908 1.1607659944072692 
80 112 3 0 13 20 15.033296378372908 15.033296378372908 1.1578436286827374 
78 110 3 0 11 19 15.033296378372908 15.033296378372908 1.1591538136799777 
77 106 3 0 14 23 15.033296378372908 15.033296378372908 1.1638036244021654 
76 105 3 0 13 27 15.033296378372908 15.033296378372908 1.1565541635013235 
75 103 3 0 14 23 15.033296378372908 15.033296378372908 1.1555479932733297 
74 102 3 0 14 23 14.142135623730951 14.142135623730951 1.158085571259628 
72 101 3 0 13 25 14.142135623730951 14.142135623730951 1.1521051700268419 
71 100 3 0 14 21 14.142135623730951 14.142135623730951 1.165138446044574 
67 99 4 0 11 22 14.142135623730951 14.142135623730951 1.164678978015347 
66 97 4 0 12 23 14.142135623730951 14.142135623730951 1.150446914608604 
64 95 4 1 11 24 14.142135623730951 14.142135623730951 1.1489801129644697 
63 93 4 1 15 24 14.142135623730951 14.142135623730951 1.1315186365399577 
57 91 4 2 12 21 13.038404810405298 14.142135623730951 1.1259398078610374 
55 90 4 2 11 17 11.40175425099138 14.142135623730951 1.1351311675854145 
54 89 4 2 14 24 11.40175425099138 14.142135623730951 1.1427380813213208 
52 87 5 2 9 23 11.40175425099138 14.142135623730951 1.1386025547558096 
50 86 5 2 9 20 11.40175425099138 14.142135623730951 1.1393184878847484 
49 85 5 2 9 21 10.198039027185569 14.142135623730951 1.1406573743113975 
47 84 5 2 9 22 8.0 14.142135623730951 1.1399920790560985 
46 83 5 2 9 22 8.0 14.142135623730951 1.1440045439365245 
44 82 5 2 9 25 8.0 14.142135623730951 1.154102304781274 
43 81 6 2 8 25 8.0 14.142135623730951 1.1406524249496353 
42 80 6 3 8 26 8.0 14.142135623730951 1.1346720237168493 
41 79 6 3 9 22 8.0 14.142135623730951 1.1263456131085638 
39 78 6 3 8 16 8.0 14.142135623730951 1.146066252293379 
38 77 7 3 8 23 8.0 14.142135623730951 1.1497889604568194 
37 76 7 3 11 26 9.899494936611665 14.142135623730951 1.1546582892033437 
33 75 7 3 8 29 9.899494936611665 14.142135623730951 1.1513042888960534 
32 74 7 3 8 27 8.48528137423857 14.142135623730951 1.1493082871630864 
31 73 7 3 8 26 7.0710678118654755 14.142135623730951 1.1460711751756016 
30 72 7 3 9 24 5.656854249492381 14.142135623730951 1.1562028188083284 
26 71 8 3 4 23 3.1622776601683795 14.142135623730951 1.154118497995337 
25 70 8 3 4 22 6.324555320336759 14.142135623730951 1.1506203172715865 
24 69 8 3 3 20 6.324555320336759 14.142135623730951 1.1540265499204736 
23 67 9 3 2 16 5.830951894845301 14.142135623730951 1.1572276967582344 
22 66 9 3 0 19 4.47213595499958 14.142135623730951 1.1513827866399702 
22 64 9 3 0 17 4.0 12.649110640673518 1 
