140 139 0 0 14 17 16.0 16.0 1.102216155306677 
139 138 0 0 19 16 13.038404810405298 13.038404810405298 1.1124788753589268 
135 134 0 0 22 21 13.038404810405298 15.033296378372908 1.1296741436473485 
131 132 0 0 25 28 14.142135623730951 15.033296378372908 1.1231343007691217 
129 126 0 0 28 27 14.142135623730951 15.033296378372908 1.1162150426044979 
125 122 0 0 29 24 15.033296378372908 14.0 1.122443035128623 
125 121 0 0 37 25 16.0 13.038404810405298 1.1256697618429121 
117 120 0 0 32 25 15.033296378372908 14.0 1.1356163201246599 
111 118 0 0 33 28 14.0 14.0 1.1328110861000775 
110 117 0 0 38 25 13.341664064126334 14.0 1.1735169844340922 
104 116 0 0 44 41 13.038404810405298 14.0 1.1406269805137825 
103 108 0 1 51 35 13.038404810405298 14.0 1.1268494851249555 
95 107 1 1 39 24 13.038404810405298 14.0 1.1186321289245336 
93 101 1 1 48 20 13.038404810405298 14.0 1.1239724902408812 
85 99 1 1 48 20 13.038404810405298 14.0 1.1331905947706715 
75 98 2 1 32 21 13.038404810405298 14.0 1.1225659195920228 
71 96 3 2 26 20 13.038404810405298 14.0 1.1258459542636547 
70 95 3 2 34 19 13.038404810405298 14.0 1.1304918844031615 
62 94 4 2 20 18 13.038404810405298 13.038404810405298 1.1354318025854104 
62 93 4 2 29 18 13.038404810405298 13.038404810405298 1.1338357590659818 
58 92 4 2 23 18 13.038404810405298 13.038404810405298 1.163713984726637 
52 91 5 2 14 29 13.038404810405298 13.038404810405298 1.143626374250943 
51 90 5 2 17 18 13.038404810405298 13.038404810405298 1.1566784016449452 
49 89 5 2 15 25 13.038404810405298 13.038404810405298 1.1448978806284724 
47 87 6 2 11 16 13.038404810405298 13.038404810405298 1.1497718750844004 
48 86 6 2 13 19 13.038404810405298 13.038404810405298 1.1586614400471769 
44 85 7 2 8 19 11.40175425099138 13.038404810405298 1.1562720726540527 
43 84 7 2 8 18 10.198039027185569 13.038404810405298 1.1572702379488862 
42 83 7 2 10 18 10.0 13.038404810405298 1.1728450524719747 
41 82 7 2 13 25 10.0 13.038404810405298 1.1581897083043375 
35 81 7 2 8 17 9.055385138137417 13.038404810405298 1.159760503979045 
34 80 7 2 8 18 8.0 13.038404810405298 1.1514230853326684 
33 79 7 2 8 14 7.0710678118654755 13.038404810405298 1.1519375632431388 
33 77 7 2 10 15 7.0710678118654755 12.165525060596439 1.1634851668159163 
29 76 8 2 6 16 7.615773105863909 12.165525060596439 1.1655814925203185 
28 74 8 2 6 18 6.324555320336759 12.165525060596439 1.1689525648378676 
28 73 8 2 10 19 6.0 12.165525060596439 1.1642365973334126 
28 72 8 2 11 17 6.324555320336759 12.165525060596439 1.1588142134308679 
27 70 8 2 6 17 5.0990195135927845 12.165525060596439 1.1549637843605611 
26 68 8 2 6 16 4.0 12.165525060596439 1.1562228938376382 
26 67 8 2 7 17 4.0 11.40175425099138 1.1623870702667924 
22 66 9 2 1 16 4.47213595499958 11.40175425099138 1.1463701567896107 
24 65 9 3 5 16 4.47213595499958 11.40175425099138 1.1452526641816194 
23 64 9 3 4 16 3.1622776601683795 11.40175425099138 1.144119849460185 
22 63 9 3 3 16 2.8284271247461903 11.40175425099138 1 
