140 140 0 0 14 14 16.0 16.0 1.103238068079247 
138 138 0 0 17 17 16.0 14.142135623730951 1.1005690343511687 
136 136 0 0 22 15 14.142135623730951 13.341664064126334 1.1099419734265832 
132 135 0 0 22 20 16.0 13.341664064126334 1.1070666521278694 
128 133 0 0 22 17 15.033296378372908 15.033296378372908 1.11517204527273 
124 131 0 0 22 22 15.033296378372908 15.033296378372908 1.1201670271278972 
120 130 0 0 22 24 15.033296378372908 15.033296378372908 1.1228386855353318 
116 129 0 0 24 24 15.033296378372908 15.033296378372908 1.1207605770861035 
112 128 0 0 25 21 15.033296378372908 15.033296378372908 1.1338306721457523 
104 127 1 0 16 21 14.0 15.033296378372908 1.1485460057614878 
103 126 1 0 22 30 14.0 15.033296378372908 1.138752697415435 
97 125 1 0 26 20 14.0 15.033296378372908 1.1468678093101927 
95 123 1 0 22 27 14.0 15.033296378372908 1.177257369280918 
89 122 2 0 14 40 14.0 14.0 1.1602469335457046 
88 120 2 0 22 28 14.0 14.0 1.1451931582705377 
78 112 2 0 14 21 14.0 14.0 1.1571961010835738 
76 111 3 0 13 22 14.0 14.0 1.1633604872497818 
75 110 3 0 20 25 14.0 14.0 1.165296634853486 
71 109 3 0 15 26 14.0 14.0 1.1479264114235257 
70 105 4 1 15 20 14.0 14.0 1.1474902946942005 
68 103 4 1 13 21 14.0 13.341664064126334 1.1496472603451469 
67 102 4 1 12 23 14.0 13.341664064126334 1.1598561505917844 
65 101 5 1 10 23 14.0 13.341664064126334 1.155123507795499 
64 99 5 1 10 21 13.038404810405298 13.341664064126334 1.1526921975351343 
62 97 5 1 10 20 12.649110640673518 13.341664064126334 1.1533664466660003 
60 96 5 1 11 20 12.649110640673518 13.341664064126334 1.1537245003755998 
58 95 5 1 11 20 12.649110640673518 13.341664064126334 1.1554146278224404 
56 94 5 1 11 21 12.649110640673518 13.038404810405298 1.168658429620052 
52 92 6 1 8 23 11.40175425099138 13.038404810405298 1.1700166466316804 
50 90 6 1 6 25 11.40175425099138 13.038404810405298 1.1614540383847962 
49 88 6 1 8 20 11.40175425099138 13.038404810405298 1.162973753818262 
47 87 6 1 7 21 11.40175425099138 13.038404810405298 1.16400509034185 
46 86 6 1 7 22 10.198039027185569 13.038404810405298 1.1599508622034955 
44 85 6 1 7 19 9.486832980505138 13.038404810405298 1.1618030143449931 
42 84 6 1 7 20 8.94427190999916 13.038404810405298 1.1666977737703992 
40 80 7 1 7 19 8.94427190999916 12.0 1.1651292903300803 
38 79 7 1 7 18 8.602325267042627 11.045361017187261 1.1633382659447102 
36 78 7 1 5 17 9.899494936611665 11.045361017187261 1.1649003151342505 
34 77 7 1 4 18 8.48528137423857 11.045361017187261 1.172623420247864 
33 76 7 1 7 23 8.48528137423857 10.770329614269007 1.1680702086789634 
31 74 7 1 5 21 8.48528137423857 10.770329614269007 1.1777546874192155 
30 73 8 1 4 21 8.48528137423857 10.770329614269007 1.1736188491853201 
29 69 8 1 5 21 8.48528137423857 10.770329614269007 1.171658438822136 
28 68 8 1 5 20 8.48528137423857 10.770329614269007 1.156683945076584 
27 67 8 2 5 20 7.0710678118654755 10.770329614269007 1.1500161016128116 
26 66 8 2 4 16 5.656854249492381 10.770329614269007 1.1529134374424377 
26 65 8 2 8 18 5.656854249492381 10.770329614269007 1.1620409154258284 
22 64 9 2 2 17 6.324555320336759 10.770329614269007 1.1609626571496858 
21 63 9 2 0 17 5.0990195135927845 10.770329614269007 1.1596956807717242 
21 62 9 2 1 17 1.4142135623730951 10.0 1 
