140 139 0 0 14 19 16.0 16.0 1.0970417325438915 
138 137 0 0 17 22 13.038404810405298 14.142135623730951 1.0961644560921382 
134 136 0 0 16 19 12.649110640673518 16.0 1.0991888272476094 
132 135 0 0 16 21 12.649110640673518 16.0 1.1009243734542808 
130 133 0 0 16 23 12.649110640673518 16.0 1.0999911053912335 
128 131 0 0 16 23 12.649110640673518 16.0 1.1018083831546046 
126 130 0 0 14 24 12.649110640673518 16.0 1.098070368210917 
124 126 0 0 16 24 13.341664064126334 16.0 1.0983742498604234 
122 125 0 0 15 24 14.142135623730951 16.0 1.0961340821632561 
120 121 0 0 16 25 14.142135623730951 16.0 1.0950915750427697 
118 120 0 0 17 24 14.142135623730951 16.0 1.0913802536525652 
116 119 0 0 18 21 14.142135623730951 16.0 1.0970734390777548 
114 118 0 0 18 25 14.142135623730951 16.0 1.1014322173680855 
112 117 0 0 18 28 14.142135623730951 16.0 1.101915087996597 
110 116 0 0 16 28 14.142135623730951 16.0 1.099474516869872 
108 115 0 0 18 26 14.142135623730951 16.0 1.1040061910890209 
106 113 0 0 16 30 14.142135623730951 16.0 1.0858167946449218 
104 109 0 0 16 19 14.142135623730951 16.0 1.0892147973714659 
100 108 0 0 15 20 14.142135623730951 16.0 1.0888142244560233 
99 106 0 0 15 21 14.0 16.0 1.0875919798121498 
97 105 0 0 21 20 13.038404810405298 16.0 1.0985423929940266 
95 104 1 0 21 20 13.038404810405298 15.033296378372908 1.106881850881433 
87 103 1 0 15 22 13.038404810405298 15.033296378372908 1.102703563247008 
86 97 1 0 14 24 13.038404810405298 15.033296378372908 1.1022369292154843 
85 96 1 0 14 24 13.038404810405298 15.033296378372908 1.1165124305387923 
84 95 1 0 13 35 13.038404810405298 15.033296378372908 1.1163216584951388 
82 94 1 0 14 35 13.038404810405298 14.142135623730951 1.116755878782045 
81 93 1 0 14 36 13.038404810405298 13.341664064126334 1.1287420959002439 
80 92 2 0 14 37 13.038404810405298 13.341664064126334 1.1202950206846678 
74 90 2 0 16 29 13.038404810405298 13.341664064126334 1.1167565952232816 
72 88 2 0 15 27 13.038404810405298 13.341664064126334 1.1204189472909603 
71 87 2 0 15 30 12.165525060596439 13.341664064126334 1.1103879543073147 
69 86 2 0 13 22 11.045361017187261 13.341664064126334 1.1240058509849604 
67 84 2 0 15 33 11.045361017187261 13.341664064126334 1.1258199162532287 
59 80 3 0 15 25 11.40175425099138 13.341664064126334 1.1074458996770353 
58 79 3 1 14 22 11.40175425099138 13.341664064126334 1.1058358291247912 
57 78 3 1 11 21 11.40175425099138 13.341664064126334 1.1107704805040843 
56 77 3 1 10 25 11.40175425099138 13.341664064126334 1.1076986890742215 
55 76 3 1 9 23 11.40175425099138 13.341664064126334 1.107232055042698 
54 75 3 1 9 23 11.40175425099138 13.341664064126334 1.1035843905238727 
52 74 3 1 9 20 11.40175425099138 13.341664064126334 1.1011438193971477 
50 73 3 1 11 18 11.40175425099138 13.341664064126334 1.1170583301447934 
46 72 4 1 9 20 11.40175425099138 13.341664064126334 1.102024225704604 
45 66 5 2 8 16 11.40175425099138 13.341664064126334 1.1032791322879167 
43 65 5 2 8 17 10.0 12.165525060596439 1.116348338941995 
39 64 6 2 9 17 9.899494936611665 12.165525060596439 1.12674256019327 
37 63 7 2 5 16 9.899494936611665 12.165525060596439 1.125438522379796 
36 61 7 2 6 16 6.324555320336759 12.165525060596439 1.1250355452196519 
35 60 7 2 5 16 6.324555320336759 12.165525060596439 1.1253911021054046 
33 59 7 2 5 16 6.324555320336759 12.165525060596439 1.125619345248398 
31 58 7 2 7 16 6.324555320336759 12.165525060596439 1.1135013506371028 
29 57 7 3 6 17 5.656854249492381 12.165525060596439 1.1139205643942347 
27 56 7 3 5 17 5.656854249492381 12.165525060596439 1.12423305408881 
25 54 8 3 3 17 5.656854249492381 12.165525060596439 1.1100023622279522 
24 53 8 4 3 17 4.242640687119285 12.165525060596439 1.1098031452499464 
23 52 8 4 2 17 2.8284271247461903 12.165525060596439 1.1213563586392288 
21 51 9 4 0 17 3.1622776601683795 12.165525060596439 1.11892133112042 
21 50 9 4 1 16 1.4142135623730951 12.165525060596439 1 
