140 140 0 0 14 14 16.0 16.0 1.091748607926195 
138 139 0 0 17 17 16.0 14.142135623730951 1.0944923781836418 
136 138 0 0 22 17 13.341664064126334 14.142135623730951 1.098933862545932 
132 136 0 0 22 19 14.142135623730951 14.142135623730951 1.1022009954886391 
128 135 0 0 22 19 13.038404810405298 16.0 1.0995088822776031 
124 134 0 0 22 16 14.142135623730951 15.033296378372908 1.1053049285241285 
120 133 0 0 22 18 15.033296378372908 15.033296378372908 1.1195502822431187 
116 131 0 0 22 26 15.033296378372908 15.033296378372908 1.1166317981831155 
110 129 0 0 19 23 15.033296378372908 15.033296378372908 1.1186888432106943 
109 125 1 0 18 21 15.033296378372908 15.033296378372908 1.1245884263442576 
107 124 1 0 19 24 15.033296378372908 15.033296378372908 1.125835382453594 
106 123 1 0 23 24 15.033296378372908 15.033296378372908 1.1409661880542215 
100 122 1 0 21 31 15.033296378372908 15.033296378372908 1.1360976755338976 
99 121 1 0 30 26 15.033296378372908 15.033296378372908 1.1454645486803567 
91 120 1 0 25 29 15.033296378372908 15.033296378372908 1.1435653318288488 
87 119 2 0 17 22 15.033296378372908 15.033296378372908 1.1618916032660254 
81 117 3 0 13 26 13.038404810405298 15.033296378372908 1.1692397801691023 
80 116 4 0 15 24 13.038404810405298 15.033296378372908 1.1655876661943776 
79 112 4 0 25 22 13.038404810405298 15.033296378372908 1.173662777831843 
73 110 5 0 16 21 13.038404810405298 15.033296378372908 1.1731154597395204 
73 109 5 0 18 21 13.038404810405298 15.033296378372908 1.1666384928949167 
72 108 5 0 15 18 13.038404810405298 15.033296378372908 1.171952616234076 
70 106 5 0 14 22 14.142135623730951 15.033296378372908 1.174480676279637 
69 105 5 0 14 24 14.0 14.0 1.1739050959411388 
67 104 5 0 15 23 13.038404810405298 14.0 1.1612625464871944 
63 103 5 1 14 23 12.165525060596439 14.0 1.167026976899138 
61 101 5 1 14 27 12.165525060596439 14.0 1.165189234692583 
59 100 5 1 16 25 12.165525060596439 14.0 1.1607095231173334 
55 98 5 1 14 22 12.165525060596439 14.0 1.1609125041850281 
53 97 5 1 13 22 12.165525060596439 14.0 1.1621661614874534 
52 96 5 1 13 23 12.165525060596439 14.0 1.169734449236388 
50 94 6 1 9 23 12.165525060596439 13.341664064126334 1.1779078023306133 
49 93 6 1 10 28 12.165525060596439 13.341664064126334 1.1842246097526934 
45 92 7 1 6 25 10.198039027185569 13.341664064126334 1.1747541373639032 
44 90 7 1 7 20 10.198039027185569 13.341664064126334 1.174957118431598 
42 89 7 1 6 20 10.198039027185569 13.341664064126334 1.1745822178304768 
41 88 7 1 6 20 10.198039027185569 13.341664064126334 1.1762413393105167 
40 87 7 1 7 21 10.198039027185569 13.341664064126334 1.1742378808058491 
39 86 7 1 7 20 10.198039027185569 13.341664064126334 1.170366122530889 
37 82 7 1 6 20 10.198039027185569 13.341664064126334 1.172430708188543 
36 81 7 1 8 21 10.198039027185569 13.341664064126334 1.1621798770337728 
34 75 7 1 6 19 10.198039027185569 13.341664064126334 1.1651085165199608 
33 74 7 1 6 21 9.055385138137417 13.341664064126334 1.165587422958383 
32 73 7 1 8 21 8.0 13.341664064126334 1.1644326339032665 
31 72 7 1 10 20 7.0710678118654755 13.341664064126334 1.1667564595520008 
29 71 7 1 6 22 5.0990195135927845 13.341664064126334 1.172699203716312 
28 70 7 1 6 26 4.0 12.649110640673518 1.165356395531941 
27 69 7 1 6 22 4.47213595499958 11.40175425099138 1.1562542119024766 
26 68 8 2 4 20 4.0 11.40175425099138 1.1410656606950489 
25 67 8 3 4 20 3.1622776601683795 11.40175425099138 1.1392481835183277 
23 66 8 3 2 19 2.8284271247461903 11.40175425099138 1.138930740251693 
22 65 8 3 2 19 1.4142135623730951 11.40175425099138 1.1494717129837204 
21 64 9 3 0 20 3.1622776601683795 11.40175425099138 1.158361299306293 
21 63 9 3 1 26 1.4142135623730951 11.40175425099138 1 
