140 140 0 0 14 14 16.0 16.0 1.1053313600368517 
138 138 0 0 17 17 16.0 14.142135623730951 1.1020216704294754 
134 134 0 0 16 16 13.341664064126334 15.033296378372908 1.1018458565826272 
132 133 0 0 21 15 15.033296378372908 15.033296378372908 1.1111992854295054 
128 132 0 0 22 20 15.033296378372908 15.033296378372908 1.1159404014567766 
124 131 0 0 22 22 15.033296378372908 15.033296378372908 1.116453684032449 
120 129 0 0 22 22 15.033296378372908 15.033296378372908 1.114990756179082 
114 128 0 0 20 19 15.033296378372908 15.033296378372908 1.1163983715932067 
110 126 0 0 19 20 15.033296378372908 14.142135623730951 1.1271228976240875 
108 125 0 0 20 27 15.033296378372908 14.142135623730951 1.1173824096665768 
104 119 0 0 17 24 15.033296378372908 14.142135623730951 1.1301809417468704 
102 118 1 0 19 25 15.033296378372908 14.142135623730951 1.1362931549581443 
100 117 1 0 19 29 15.033296378372908 14.142135623730951 1.1394775822076995 
98 116 1 0 19 31 15.033296378372908 14.142135623730951 1.1368064375338172 
96 115 1 0 19 29 15.033296378372908 14.142135623730951 1.1372269243126327 
94 113 1 0 19 30 15.033296378372908 14.142135623730951 1.1345557796387504 
92 112 1 0 19 28 15.033296378372908 14.142135623730951 1.130584587474988 
90 110 1 0 19 26 15.033296378372908 14.142135623730951 1.1331071130934571 
88 109 1 0 16 28 15.033296378372908 14.142135623730951 1.1293565548067235 
86 107 1 0 17 26 15.033296378372908 14.142135623730951 1.120075152757832 
84 106 1 0 15 20 15.033296378372908 13.341664064126334 1.1269748099071908 
83 105 1 0 16 25 15.033296378372908 13.038404810405298 1.1339932055874946 
82 104 1 0 17 30 15.033296378372908 13.038404810405298 1.138974216623385 
80 102 2 0 16 27 15.033296378372908 13.038404810405298 1.1486997643883792 
79 101 2 0 16 34 15.033296378372908 13.038404810405298 1.1594652976535842 
75 100 3 0 15 33 15.033296378372908 13.038404810405298 1.1578545667565687 
73 99 3 0 13 32 14.142135623730951 13.038404810405298 1.1432990470919904 
72 97 3 0 15 23 14.142135623730951 13.038404810405298 1.1536233126031379 
68 96 4 0 12 22 14.142135623730951 13.038404810405298 1.1535489043383866 
67 95 4 0 14 22 14.0 13.038404810405298 1.1440698254915256 
63 89 4 0 12 19 13.038404810405298 13.038404810405298 1.1439893901445612 
62 88 4 0 14 19 13.038404810405298 13.038404810405298 1.1412483792149477 
56 87 5 1 10 18 13.038404810405298 13.038404810405298 1.141107784997635 
54 86 5 1 8 18 12.0 13.038404810405298 1.1408471960380706 
53 85 5 1 9 18 11.045361017187261 13.038404810405298 1.1424512875489943 
52 84 5 1 12 19 11.045361017187261 13.038404810405298 1.1443307050341684 
48 83 5 1 12 19 9.486832980505138 13.038404810405298 1.1498170240251637 
44 81 5 1 8 23 9.486832980505138 13.038404810405298 1.1527764315683653 
43 79 6 1 8 19 9.486832980505138 13.038404810405298 1.1514278859371287 
41 78 6 1 7 18 7.615773105863909 13.038404810405298 1.1513474505901644 
40 77 6 1 9 18 7.615773105863909 13.038404810405298 1.1526267171048028 
38 76 6 1 7 19 7.615773105863909 13.038404810405298 1.1538067004071781 
37 75 6 1 8 20 7.211102550927978 13.038404810405298 1.1537837147698897 
35 74 6 1 7 20 8.602325267042627 13.038404810405298 1.1522393864420661 
34 73 6 1 9 19 8.602325267042627 13.038404810405298 1.1476291213623064 
30 72 7 2 4 18 10.770329614269007 13.038404810405298 1.1458603557667575 
29 71 7 2 4 17 5.656854249492381 13.038404810405298 1.1453386526657356 
28 70 7 2 4 17 5.656854249492381 13.038404810405298 1.1448769175107059 
27 69 7 2 4 17 4.242640687119285 13.038404810405298 1.1301745169452642 
26 68 7 3 5 17 4.242640687119285 13.038404810405298 1.1400689100247545 
25 67 8 3 4 17 4.242640687119285 13.038404810405298 1.1238583933051889 
23 66 8 4 1 16 2.8284271247461903 13.038404810405298 1.1244446581768328 
22 65 8 4 1 17 3.1622776601683795 12.165525060596439 1.1346338095910693 
21 64 9 4 1 17 1.4142135623730951 12.165525060596439 1 
