140 140 0 0 14 14 16.0 16.0 1.1023861693284427 
138 139 0 0 17 17 16.0 14.0 1.1058617094144174 
136 137 0 0 22 20 13.341664064126334 14.0 1.1032685569913707 
132 135 0 0 27 18 14.142135623730951 13.038404810405298 1.1044043972841544 
128 134 0 0 26 17 15.033296378372908 15.033296378372908 1.103732287064963 
124 130 0 0 28 18 15.033296378372908 15.033296378372908 1.1082159495210528 
120 129 0 0 26 20 15.033296378372908 15.033296378372908 1.1183047921593483 
116 128 0 0 27 26 15.033296378372908 15.033296378372908 1.121532340358221 
112 127 0 0 29 27 15.033296378372908 15.033296378372908 1.1314993772469917 
106 125 1 0 21 25 15.033296378372908 15.033296378372908 1.1456758656839394 
100 124 2 0 18 25 15.033296378372908 15.033296378372908 1.139398575282543 
96 120 2 0 17 22 15.033296378372908 15.033296378372908 1.1355860263884991 
94 118 2 0 17 20 15.033296378372908 15.033296378372908 1.1344517353969927 
92 117 2 0 17 19 15.033296378372908 15.033296378372908 1.1360130591788689 
90 116 2 0 15 20 15.033296378372908 15.033296378372908 1.1306825241448315 
88 115 2 0 13 16 15.033296378372908 15.033296378372908 1.1302973485947638 
87 114 2 0 15 16 14.142135623730951 15.033296378372908 1.137524788334356 
85 112 2 0 15 22 14.0 15.033296378372908 1.1406442246591437 
83 111 2 0 16 24 13.038404810405298 15.033296378372908 1.1564643442707976 
77 109 3 0 16 26 12.0 15.033296378372908 1.1563339263728298 
75 108 3 0 16 26 12.0 14.142135623730951 1.1594200929133973 
73 107 3 0 17 28 11.40175425099138 14.142135623730951 1.158364287545719 
71 105 3 0 17 28 11.40175425099138 14.142135623730951 1.1613222259583187 
69 103 4 0 16 23 11.40175425099138 14.142135623730951 1.1741244744810966 
67 102 4 0 21 32 11.40175425099138 14.142135623730951 1.1869659287967442 
59 101 5 0 14 30 11.40175425099138 14.142135623730951 1.1861467419453866 
55 100 5 0 17 28 10.770329614269007 14.142135623730951 1.1837253380799173 
51 98 5 0 12 26 10.770329614269007 14.142135623730951 1.1807880406622715 
49 96 5 0 9 25 10.198039027185569 13.038404810405298 1.172805388238806 
47 95 5 0 7 19 9.055385138137417 13.038404810405298 1.176626551479954 
46 94 5 0 14 22 9.055385138137417 13.038404810405298 1.1733898265170861 
45 92 5 0 13 21 9.055385138137417 13.038404810405298 1.18600975720047 
39 91 6 0 7 20 10.0 13.038404810405298 1.1966368055269159 
38 90 6 0 7 28 8.602325267042627 13.038404810405298 1.1908144950511774 
37 89 6 0 10 24 7.211102550927978 13.038404810405298 1.1856318129509433 
33 88 6 0 7 19 7.0710678118654755 13.038404810405298 1.1925946279081394 
29 87 6 0 7 23 10.770329614269007 13.038404810405298 1.2023965038893165 
27 86 7 0 7 22 10.770329614269007 13.038404810405298 1.2170734620099266 
23 85 8 0 2 23 2.8284271247461903 13.038404810405298 1.2177639474649034 
22 83 8 0 1 25 5.0990195135927845 13.038404810405298 1.225442303913739 
21 82 9 0 0 23 4.47213595499958 13.038404810405298 1.2241856485037892 
21 81 9 0 0 23 4.0 13.038404810405298 1.2146507866797611 
21 79 9 0 0 18 4.47213595499958 13.038404810405298 1.2133941312698113 
21 78 9 0 0 18 4.0 13.038404810405298 1.2134293861642347 
21 77 9 0 0 19 4.47213595499958 13.038404810405298 1.2081161010885646 
21 75 9 0 0 17 4.0 13.038404810405298 1.2053946124566222 
21 74 9 0 0 16 4.47213595499958 13.038404810405298 1.1900057185985171 
21 73 9 1 0 16 4.0 13.038404810405298 1.1786654785711508 
21 72 9 2 0 19 4.47213595499958 13.038404810405298 1.1718953361084699 
21 71 9 2 0 15 4.0 13.038404810405298 1.1760657062924413 
21 70 9 2 0 19 4.47213595499958 13.038404810405298 1.167995677690406 
21 68 9 2 0 15 4.0 13.038404810405298 1.1666525608216463 
21 67 9 2 0 15 4.47213595499958 13.038404810405298 1.1667742771748792 
21 66 9 2 0 16 4.0 13.038404810405298 1.1640527885429368 
21 65 9 2 0 15 4.47213595499958 13.038404810405298 1.162796133132987 
21 64 9 2 0 15 4.0 13.038404810405298 1.1614530162642276 
21 63 9 2 0 15 4.47213595499958 13.038404810405298 1.1601963608542778 
21 62 9 2 0 15 4.0 13.038404810405298 1.144721005537363 
21 61 9 3 0 15 4.47213595499958 13.038404810405298 1.143097533811322 
21 60 9 3 0 15 4.0 12.165525060596439 1 
