140 140 0 0 14 14 16.0 16.0 1.0842474960742066 
138 139 0 0 17 17 16.0 14.0 1.0902433507182978 
136 138 0 0 18 21 13.341664064126334 14.142135623730951 1.0934602915747598 
132 134 0 0 18 24 12.649110640673518 16.0 1.0899017224301875 
130 130 0 0 17 24 14.142135623730951 16.0 1.089036208780399 
128 128 0 0 17 24 14.142135623730951 16.0 1.0945199715786187 
126 127 0 0 17 28 14.142135623730951 16.0 1.0949068840538156 
124 126 0 0 17 28 14.142135623730951 16.0 1.094303327183946 
122 124 0 0 15 28 14.142135623730951 16.0 1.0945592612691835 
120 123 0 0 16 28 14.142135623730951 16.0 1.082138428914175 
118 119 0 0 17 21 14.142135623730951 16.0 1.0812511288086162 
116 118 0 0 17 20 14.142135623730951 16.0 1.0853297006361209 
114 117 0 0 18 23 14.142135623730951 16.0 1.081915761824821 
112 115 0 0 18 21 14.142135623730951 16.0 1.0848510994615292 
110 114 0 0 18 23 14.142135623730951 16.0 1.089060649678993 
108 113 0 0 18 26 14.142135623730951 16.0 1.0832886007687712 
104 107 0 0 20 25 14.142135623730951 16.0 1.0836755132439682 
102 106 0 0 20 25 14.142135623730951 16.0 1.083050169918328 
100 105 0 0 18 24 14.142135623730951 16.0 1.08815640501898 
98 104 0 0 17 28 14.142135623730951 15.033296378372908 1.0835179099611933 
96 103 0 0 15 24 15.033296378372908 15.033296378372908 1.0756597995839372 
94 102 0 0 16 18 15.033296378372908 14.142135623730951 1.0791806588912691 
93 101 0 0 15 21 15.033296378372908 14.142135623730951 1.085807655880285 
91 100 0 0 16 26 15.033296378372908 14.142135623730951 1.0962886007413057 
90 99 1 0 19 26 15.033296378372908 14.142135623730951 1.0921525062171171 
86 91 1 0 18 28 15.033296378372908 14.0 1.1019247131859407 
82 90 2 0 16 25 15.033296378372908 14.0 1.101674828324496 
80 89 2 0 17 25 15.033296378372908 13.038404810405298 1.1195144353971969 
76 88 3 0 18 29 15.033296378372908 12.165525060596439 1.125725961403672 
72 87 4 0 14 23 15.033296378372908 12.165525060596439 1.1319642996481363 
70 86 4 0 11 27 13.341664064126334 12.165525060596439 1.1312079779325366 
68 85 4 0 10 26 13.341664064126334 12.165525060596439 1.1169116475650598 
67 83 4 0 9 16 13.341664064126334 12.165525060596439 1.1190921472243014 
66 82 4 0 9 18 13.038404810405298 12.165525060596439 1.1253818364964263 
64 81 4 0 14 23 12.165525060596439 12.165525060596439 1.1260429607119748 
58 80 4 0 9 20 11.40175425099138 12.165525060596439 1.1272727273186016 
57 79 4 0 8 21 10.198039027185569 12.165525060596439 1.1310238515953979 
49 75 4 0 8 23 9.055385138137417 11.045361017187261 1.1375113586691759 
47 73 5 0 9 20 9.055385138137417 11.045361017187261 1.1445009928470216 
45 72 6 0 6 16 9.055385138137417 11.045361017187261 1.1416858163553187 
43 68 6 0 5 16 7.0710678118654755 11.045361017187261 1.127401241276606 
39 66 6 1 5 15 7.0710678118654755 11.045361017187261 1.1396803122782198 
38 65 7 1 4 16 7.0710678118654755 11.045361017187261 1.1378423644826103 
37 64 7 1 5 15 7.0710678118654755 11.045361017187261 1.1375405860476757 
36 63 7 1 4 15 7.0710678118654755 11.045361017187261 1.1379274985228724 
34 62 7 1 4 15 7.0710678118654755 11.045361017187261 1.1383144109980694 
32 61 7 1 4 15 7.0710678118654755 11.045361017187261 1.1401972863757626 
28 60 7 1 4 15 5.656854249492381 10.198039027185569 1.1412484724254472 
26 59 7 1 3 15 3.1622776601683795 10.198039027185569 1.150393596594926 
24 58 8 1 3 13 3.1622776601683795 10.198039027185569 1.151053733212288 
22 57 9 2 2 15 2.8284271247461903 10.198039027185569 1.1485276492555028 
21 55 9 2 1 14 1.4142135623730951 10.198039027185569 1 
