140 140 0 0 14 14 16.0 16.0 1.0675884596053917 
138 138 0 0 17 17 16.0 14.142135623730951 1.066638765961693 
134 134 0 0 16 16 13.341664064126334 15.033296378372908 1.0677467496275745 
132 132 0 0 16 18 15.033296378372908 15.033296378372908 1.0694312592844055 
130 131 0 0 16 19 15.033296378372908 15.033296378372908 1.073462246286311 
128 130 0 0 16 22 15.033296378372908 15.033296378372908 1.0756889574800366 
126 129 0 0 14 23 15.033296378372908 15.033296378372908 1.0709189830107015 
124 127 0 0 16 20 15.033296378372908 15.033296378372908 1.0681816387458307 
122 126 0 0 15 17 15.033296378372908 15.033296378372908 1.0719415249792887 
120 125 0 0 16 20 15.033296378372908 15.033296378372908 1.070962367296013 
118 123 0 0 17 20 15.033296378372908 15.033296378372908 1.0702543103811843 
116 121 0 0 17 20 15.033296378372908 15.033296378372908 1.073112058710553 
114 120 0 0 17 22 15.033296378372908 15.033296378372908 1.0735772404682615 
112 118 0 0 17 23 15.033296378372908 15.033296378372908 1.0726441720115705 
110 117 0 0 18 22 15.033296378372908 15.033296378372908 1.0719822043233267 
108 116 0 0 18 21 15.033296378372908 15.033296378372908 1.0664890142651795 
106 112 0 0 18 19 15.033296378372908 15.033296378372908 1.067000285249473 
104 111 0 0 18 19 15.033296378372908 15.033296378372908 1.0710312722513788 
102 110 0 0 18 22 15.033296378372908 15.033296378372908 1.0715425432356724 
100 109 0 0 18 22 15.033296378372908 15.033296378372908 1.0810949459070531 
96 108 0 0 17 28 15.033296378372908 15.033296378372908 1.091480850978683 
95 107 1 0 16 27 15.033296378372908 15.033296378372908 1.077143953077132 
93 103 1 0 14 17 15.033296378372908 15.033296378372908 1.078511272738931 
91 101 1 0 15 19 15.033296378372908 15.033296378372908 1.0813690210682994 
89 100 1 0 15 21 15.033296378372908 15.033296378372908 1.0856711088386521 
87 99 1 0 14 24 15.033296378372908 15.033296378372908 1.0868134169585884 
85 98 1 0 16 25 15.033296378372908 15.033296378372908 1.0951759425899568 
83 97 2 0 17 22 15.033296378372908 15.033296378372908 1.1044406061254148 
81 96 3 0 19 20 15.033296378372908 15.033296378372908 1.1054204017218396 
77 95 3 0 15 18 15.033296378372908 15.033296378372908 1.1097224894921924 
75 94 3 0 14 21 15.033296378372908 15.033296378372908 1.111937435913388 
73 93 3 0 14 22 13.341664064126334 15.033296378372908 1.1103733303210543 
71 92 3 0 13 20 13.341664064126334 15.033296378372908 1.1122828515197483 
69 90 3 0 12 22 13.341664064126334 15.033296378372908 1.1122950153326123 
68 89 3 0 11 22 13.038404810405298 15.033296378372908 1.1110388489711078 
67 88 3 0 10 21 13.038404810405298 15.033296378372908 1.1094747433787746 
65 87 3 0 9 19 13.038404810405298 15.033296378372908 1.1099860143630682 
63 86 3 0 9 19 13.038404810405298 15.033296378372908 1.1086611621254365 
61 85 4 1 9 19 13.038404810405298 15.033296378372908 1.1225299447522965 
59 84 5 1 7 20 13.038404810405298 15.033296378372908 1.1210026776223452 
58 83 5 1 7 19 13.038404810405298 15.033296378372908 1.1325618213665123 
57 82 6 1 6 19 13.038404810405298 15.033296378372908 1.132207792909098 
56 81 6 1 6 19 13.038404810405298 15.033296378372908 1.1295098909170282 
55 80 6 1 7 17 12.165525060596439 15.033296378372908 1.1306152663114502 
53 79 6 1 5 17 12.0 15.033296378372908 1.1326077151991107 
52 78 6 1 5 19 12.0 15.033296378372908 1.1307725088383296 
50 77 6 1 5 17 12.0 15.033296378372908 1.1292452417083783 
49 76 6 1 5 16 12.0 15.033296378372908 1.1312376905960386 
48 75 6 1 5 18 12.0 15.033296378372908 1.1325729748734907 
46 74 6 1 4 19 12.0 14.0 1.1332718348135677 
44 73 6 1 4 19 11.40175425099138 14.0 1.1337831057978616 
42 72 6 1 4 19 11.40175425099138 14.0 1.1337170955178302 
40 71 6 1 4 19 11.40175425099138 13.038404810405298 1.1462250505163694 
38 70 7 1 2 19 12.0 13.038404810405298 1.149344648849982 
37 68 7 1 2 23 12.0 13.038404810405298 1.148990620392568 
36 67 7 1 2 23 12.0 13.038404810405298 1.1292461146908233 
35 65 7 2 2 19 12.0 13.038404810405298 1.1291631870018564 
34 64 7 2 1 19 12.0 13.038404810405298 1.1297395370966057 
33 63 7 2 3 20 11.045361017187261 13.038404810405298 1.130243757823231 
31 62 7 2 1 19 9.055385138137417 13.038404810405298 1.1164547072650923 
29 61 7 3 2 18 7.0710678118654755 13.038404810405298 1.1164365282353323 
28 60 7 3 2 18 6.0 13.038404810405298 1.1175382544380852 
27 59 7 3 2 19 5.0990195135927845 13.038404810405298 1.1163556014124243 
26 58 7 3 2 18 4.0 13.038404810405298 1.11574023130423 
25 57 7 3 2 18 3.1622776601683795 12.165525060596439 1.1149754770703957 
24 56 7 3 2 18 4.47213595499958 12.165525060596439 1.126534620814563 
23 55 8 3 1 18 4.47213595499958 12.165525060596439 1.1104304523536004 
22 54 8 4 0 16 5.0990195135927845 12.165525060596439 1.1095473182343127 
22 53 8 4 1 16 3.1622776601683795 12.165525060596439 1.12110646197848 
21 52 9 4 0 16 3.1622776601683795 12.165525060596439 1.1189909264375397 
21 51 9 4 1 15 1.4142135623730951 12.165525060596439 1 
