140 140 0 0 14 14 16.0 16.0 1.0735490984820395 
139 139 0 0 19 17 16.0 13.038404810405298 1.0802747437376405 
135 137 0 0 22 18 13.038404810405298 15.033296378372908 1.091151048965745 
131 135 0 0 25 21 13.341664064126334 15.033296378372908 1.0955612845077414 
127 133 0 0 25 22 13.038404810405298 16.0 1.1079502179699041 
123 132 0 0 28 25 13.038404810405298 16.0 1.1180269646509862 
123 131 0 0 38 27 13.038404810405298 16.0 1.1223430670785592 
117 130 0 0 38 26 12.0 16.0 1.1480655326981337 
116 129 0 0 50 34 12.0 16.0 1.1309157696375294 
106 125 1 0 39 22 12.0 16.0 1.1486949347427198 
100 124 1 0 34 29 12.0 16.0 1.1666329856959634 
90 122 2 0 17 34 12.165525060596439 16.0 1.1658790133566812 
89 121 2 0 28 30 12.165525060596439 16.0 1.1508617688070093 
83 120 3 0 21 18 12.165525060596439 16.0 1.1593129857956108 
82 119 3 0 27 20 12.649110640673518 16.0 1.163526983823765 
76 117 3 0 23 21 11.40175425099138 16.0 1.1761202928801622 
74 116 3 0 24 26 11.40175425099138 16.0 1.1744245075781339 
66 115 4 0 14 20 11.40175425099138 16.0 1.1835333313816965 
64 114 5 0 12 20 11.40175425099138 16.0 1.1897277045286863 
62 113 5 0 16 21 11.40175425099138 16.0 1.184659021548908 
62 111 5 0 19 19 11.40175425099138 15.033296378372908 1.1850894175106008 
60 110 5 0 18 19 11.045361017187261 15.033296378372908 1.1854217164803587 
58 108 5 0 16 20 11.045361017187261 15.033296378372908 1.1980150255367554 
56 107 5 0 17 25 11.045361017187261 15.033296378372908 1.1876953461005315 
54 106 5 0 16 20 11.045361017187261 15.033296378372908 1.1947838750402777 
54 105 5 0 16 24 11.045361017187261 15.033296378372908 1.1946683270968312 
53 104 5 0 16 24 10.0 15.033296378372908 1.1994969904224342 
52 103 5 0 17 26 10.198039027185569 15.033296378372908 1.2065263243770552 
51 102 5 0 18 29 9.486832980505138 15.033296378372908 1.1925541098724137 
47 101 5 1 21 27 8.602325267042627 15.033296378372908 1.182885840641988 
45 99 5 1 20 23 8.602325267042627 15.033296378372908 1.1820811376334759 
45 97 5 1 23 23 8.602325267042627 15.033296378372908 1.2092500549537288 
39 96 6 1 15 31 8.602325267042627 15.033296378372908 1.1977764583639492 
39 94 6 1 18 26 7.615773105863909 15.033296378372908 1.1993131384260443 
33 93 7 1 13 21 6.324555320336759 15.033296378372908 1.1934168978854123 
32 92 7 1 11 19 5.830951894845301 15.033296378372908 1.1996858003071404 
31 91 7 1 11 22 5.656854249492381 15.033296378372908 1.201434291128475 
27 90 8 1 4 19 4.242640687119285 15.033296378372908 1.199054963665885 
25 89 8 1 2 18 2.8284271247461903 15.033296378372908 1.2059187180865936 
23 88 9 1 0 17 4.47213595499958 15.033296378372908 1.2044826514692433 
24 87 9 1 2 17 5.830951894845301 15.033296378372908 1.202930126008891 
23 86 9 1 0 17 4.47213595499958 15.033296378372908 1.2014940593915406 
24 85 9 1 2 17 5.830951894845301 15.033296378372908 1.2020872401758378 
23 84 9 1 0 18 4.47213595499958 15.033296378372908 1.198505467313838 
24 83 9 1 2 17 5.830951894845301 15.033296378372908 1.1812668561131343 
23 82 9 2 0 17 4.47213595499958 15.033296378372908 1.1776850832511345 
24 81 9 2 2 16 5.830951894845301 15.033296378372908 1.1761325577907822 
23 80 9 2 0 16 4.47213595499958 15.033296378372908 1.1768421974180814 
24 79 9 2 2 17 5.830951894845301 15.033296378372908 1.1732464408653427 
24 78 9 2 2 16 5.0990195135927845 15.033296378372908 1.1695874816603127 
24 77 9 2 2 15 5.830951894845301 14.142135623730951 1.1681374313522235 
24 76 9 2 2 15 5.0990195135927845 14.142135623730951 1.1687445958272595 
24 75 9 2 2 16 5.830951894845301 14.142135623730951 1.165148839274521 
24 74 9 2 2 15 5.0990195135927845 14.142135623730951 1.1636102975049076 
24 73 9 2 2 15 5.830951894845301 14.142135623730951 1.1621602471968184 
24 72 9 2 2 15 5.0990195135927845 14.142135623730951 1.1584759991825555 
24 71 9 2 2 14 5.830951894845301 14.142135623730951 1.1570259488744663 
24 70 9 2 2 14 5.0990195135927845 14.142135623730951 1.1554874071048529 
24 69 9 2 2 14 5.830951894845301 14.142135623730951 1.1540373567967637 
24 68 9 2 2 14 5.0990195135927845 14.142135623730951 1.1525430607579124 
24 67 9 2 2 14 5.0990195135927845 14.142135623730951 1.1489030584744115 
24 66 9 2 2 13 5.0990195135927845 14.142135623730951 1.145263056190911 
24 65 9 2 2 12 5.0990195135927845 14.142135623730951 1.1437687601520596 
24 64 9 2 2 12 5.0990195135927845 14.142135623730951 1.1422744641132083 
24 63 9 2 2 12 5.0990195135927845 14.142135623730951 1.140780168074357 
24 62 9 2 2 12 5.0990195135927845 14.142135623730951 1.1392858720355057 
24 61 9 2 2 12 5.0990195135927845 14.142135623730951 1.1221054902563028 
24 60 9 3 2 12 5.0990195135927845 14.142135623730951 1.1206111942174515 
24 59 9 3 2 12 5.0990195135927845 14.142135623730951 1.1169711919339507 
24 58 9 3 2 11 5.0990195135927845 14.142135623730951 1.1133311896504499 
24 57 9 3 2 10 5.0990195135927845 14.142135623730951 1.0982965141158965 
24 56 9 4 2 11 5.0990195135927845 14.142135623730951 1.0968022180770451 
24 55 9 4 2 11 5.0990195135927845 14.142135623730951 1.0931622157935443 
24 54 9 4 2 10 5.0990195135927845 14.142135623730951 1.0895222135100437 
24 53 9 4 2 9 5.0990195135927845 14.142135623730951 1.0880279174711924 
24 52 9 4 2 9 5.0990195135927845 14.142135623730951 1.0843879151876916 
24 51 9 4 2 8 5.0990195135927845 14.142135623730951 1.0828936191488403 
24 50 9 4 2 8 5.0990195135927845 14.142135623730951 1.0657132373696379 
24 49 9 5 2 8 5.0990195135927845 14.142135623730951 1.0642189413307865 
24 48 9 5 2 8 5.0990195135927845 14.142135623730951 1.0627246452919352 
24 47 9 5 2 8 5.0990195135927845 14.142135623730951 1.0591073582957287 
24 46 9 5 2 7 5.0990195135927845 13.341664064126334 1.0576130622568773 
24 45 9 5 2 7 5.0990195135927845 13.341664064126334 1.056118766218026 
24 44 9 5 2 7 5.0990195135927845 13.341664064126334 1.0346469719495244 
24 43 9 6 2 5 5.0990195135927845 13.341664064126334 1.031015575369737 
24 42 9 6 2 4 5.0990195135927845 13.038404810405298 1.0295212793308857 
24 41 9 6 2 4 5.0990195135927845 13.038404810405298 1.0101951913070333 
24 40 9 7 2 3 5.0990195135927845 13.038404810405298 1.008700895268182 
24 39 9 7 2 3 5.0990195135927845 13.038404810405298 1.0050608929846812 
24 38 9 7 2 2 5.0990195135927845 13.038404810405298 1.0035665969458298 
24 37 9 7 2 2 5.0990195135927845 13.038404810405298 0.9999265946623294 
24 36 9 7 2 1 5.0990195135927845 13.038404810405298 0.9984322986234779 
24 35 9 7 2 1 5.0990195135927845 13.038404810405298 0.9812519168442752 
24 34 9 8 2 1 5.0990195135927845 13.038404810405298 0.9776366846029481 
24 33 9 8 2 0 5.0990195135927845 12.165525060596439 0.9797823908475974 
24 33 9 8 2 1 5.0990195135927845 12.165525060596439 0.9604563028237452 
24 32 9 9 2 0 5.0990195135927845 12.165525060596439 0.9891520106260672 
24 35 9 8 2 4 5.0990195135927845 14.142135623730951 0.9833976230889246 
24 34 9 8 2 2 5.0990195135927845 13.038404810405298 0.9797823908475974 
24 33 9 8 2 1 5.0990195135927845 12.165525060596439 0.9604563028237452 
24 32 9 9 2 0 5.0990195135927845 12.165525060596439 0.9797823908475974 
24 33 9 8 2 1 5.0990195135927845 12.165525060596439 0.9604563028237452 
24 32 9 9 2 0 5.0990195135927845 12.165525060596439 0.9819280970922469 
24 33 9 8 2 2 5.0990195135927845 12.165525060596439 0.9604609999916341 
24 32 9 9 2 0 5.0990195135927845 12.0 0.9604563028237452 
24 32 9 9 2 0 5.0990195135927845 12.165525060596439 0.9906210178556858 
24 36 9 8 2 4 5.0990195135927845 15.033296378372908 0.9870103378183201 
24 35 9 8 2 3 5.0990195135927845 14.0 0.9812519168442752 
24 34 9 8 2 1 5.0990195135927845 13.038404810405298 0.9776366846029481 
24 33 9 8 2 0 5.0990195135927845 12.165525060596439 0.9833890173852112 
24 34 9 8 2 2 5.0990195135927845 13.341664064126334 0.9776366846029481 
24 33 9 8 2 0 5.0990195135927845 12.165525060596439 0.9442195753242862 
24 21 9 9 2 0 5.0990195135927845 5.0990195135927845 0.9472242825495074 
24 21 9 9 6 0 4.47213595499958 3.1622776601683795 0.9508556553720158 
24 22 9 9 6 1 4.0 4.47213595499958 0.9472242825495074 
24 21 9 9 6 0 4.47213595499958 3.1622776601683795 0.9551937120148254 
24 22 9 9 6 3 4.0 2.8284271247461903 0.9494195942769671 
24 21 9 9 6 1 4.47213595499958 1.4142135623730951 -1 
