140 140 0 0 14 14 16.0 16.0 1.069865275609397 
138 138 0 0 17 17 16.0 14.142135623730951 1.0833847483172183 
136 137 0 0 22 21 14.0 14.142135623730951 1.079368451528776 
132 135 0 0 22 18 14.0 14.0 1.0879619413674686 
128 134 0 0 22 20 13.341664064126334 16.0 1.10728869858593 
124 133 0 0 22 27 13.341664064126334 16.0 1.1070305751637688 
120 132 0 0 22 25 13.341664064126334 16.0 1.1110840189663311 
116 131 0 0 22 25 14.0 16.0 1.123512229989956 
112 129 0 0 27 28 14.0 15.033296378372908 1.125489437119758 
106 128 1 0 19 24 15.033296378372908 15.033296378372908 1.1339417291700162 
100 127 2 0 14 22 15.033296378372908 15.033296378372908 1.1489444758161718 
98 126 2 0 15 28 15.033296378372908 15.033296378372908 1.1577644108210619 
92 124 3 0 16 25 15.033296378372908 15.033296378372908 1.147457334141413 
90 123 3 0 15 20 15.033296378372908 15.033296378372908 1.1623491274960958 
86 122 4 0 14 21 15.033296378372908 15.033296378372908 1.1598583155477054 
84 120 4 0 14 20 15.033296378372908 15.033296378372908 1.1589420037575215 
82 119 4 0 14 19 15.033296378372908 15.033296378372908 1.1586272896580891 
80 117 4 0 14 19 15.033296378372908 15.033296378372908 1.160488673407615 
78 115 4 0 14 20 15.033296378372908 15.033296378372908 1.1623873370362705 
76 114 4 0 15 20 15.033296378372908 14.142135623730951 1.1701754166419192 
74 113 4 0 15 23 15.033296378372908 14.142135623730951 1.1727635535667338 
73 112 4 0 19 23 15.033296378372908 14.142135623730951 1.180555649611951 
69 110 4 0 14 27 15.033296378372908 14.142135623730951 1.1673861015897111 
67 109 4 0 12 21 15.033296378372908 14.142135623730951 1.1700912158825858 
66 108 4 0 13 22 15.033296378372908 14.142135623730951 1.1791632502330498 
66 107 4 0 19 25 15.033296378372908 14.142135623730951 1.1805118285342737 
62 106 4 0 15 25 15.033296378372908 14.142135623730951 1.1810408449781902 
61 105 4 0 16 25 15.033296378372908 14.142135623730951 1.188901505830674 
60 104 4 0 15 29 15.033296378372908 14.142135623730951 1.185780911065922 
56 103 4 0 14 26 15.033296378372908 14.142135623730951 1.1833646880013853 
55 102 5 0 13 21 15.033296378372908 14.142135623730951 1.1974546919796347 
53 100 6 0 11 24 15.033296378372908 13.038404810405298 1.1857216596863023 
51 99 6 0 11 18 14.0 13.038404810405298 1.1892168873762186 
49 98 6 0 11 19 13.038404810405298 13.038404810405298 1.189040817886735 
47 97 6 0 12 18 12.165525060596439 13.038404810405298 1.1924956519385155 
43 96 6 0 11 18 11.40175425099138 13.038404810405298 1.212407795852114 
42 94 6 0 14 27 11.40175425099138 13.038404810405298 1.2099230079803105 
38 92 7 0 9 22 11.40175425099138 13.038404810405298 1.2215217133614986 
36 91 7 0 8 27 9.055385138137417 13.038404810405298 1.2195684591047422 
35 87 7 0 9 28 8.0 13.038404810405298 1.2214105731890865 
34 86 7 0 15 27 7.0710678118654755 13.038404810405298 1.2078259896315138 
30 85 7 1 9 28 5.830951894845301 13.038404810405298 1.2193193531410946 
29 84 7 1 10 33 4.47213595499958 13.038404810405298 1.2169858982424202 
28 83 7 1 10 32 4.47213595499958 13.038404810405298 1.2187972347068918 
26 82 8 1 7 29 7.211102550927978 13.038404810405298 1.2045998393381585 
24 78 8 1 4 25 5.830951894845301 12.0 1.197464238201445 
23 77 8 1 3 22 2.0 12.0 1.217410591317241 
22 75 9 1 2 28 2.0 12.0 1.2143760349826136 
21 74 9 1 1 27 1.4142135623730951 11.045361017187261 1 
