140 140 0 0 14 14 16.0 16.0 1.0852744680469937 
138 138 0 0 17 17 16.0 14.142135623730951 1.0833985227646352 
134 134 0 0 16 16 13.038404810405298 15.033296378372908 1.0820707200071984 
132 133 0 0 16 15 15.033296378372908 15.033296378372908 1.083688058404646 
130 132 0 0 16 16 15.033296378372908 15.033296378372908 1.0891459895666091 
128 130 0 0 16 21 15.033296378372908 15.033296378372908 1.091031282524978 
126 128 0 0 14 23 15.033296378372908 15.033296378372908 1.0848167322289248 
124 126 0 0 16 19 15.033296378372908 15.033296378372908 1.0851636439879049 
122 125 0 0 16 19 15.033296378372908 15.033296378372908 1.0918626889392231 
120 124 0 0 16 24 15.033296378372908 15.033296378372908 1.0909391740597356 
118 123 0 0 16 23 15.033296378372908 15.033296378372908 1.0852019071872987 
116 121 0 0 14 19 15.033296378372908 15.033296378372908 1.0865806038729382 
114 120 0 0 16 20 15.033296378372908 15.033296378372908 1.088227255119499 
112 118 0 0 16 22 15.033296378372908 15.033296378372908 1.0885741668784792 
110 117 0 0 16 22 15.033296378372908 15.033296378372908 1.0882858498187262 
104 116 0 0 16 19 15.033296378372908 15.033296378372908 1.0928809612588806 
100 115 0 0 15 21 15.033296378372908 15.033296378372908 1.0897562242266658 
99 111 0 0 13 22 15.033296378372908 14.142135623730951 1.093120403126881 
98 110 0 0 13 25 15.033296378372908 14.142135623730951 1.086531085815421 
97 108 0 0 13 21 14.142135623730951 14.142135623730951 1.0912238096333575 
96 106 0 0 13 26 14.0 14.142135623730951 1.0947214079347902 
95 105 0 0 13 29 13.341664064126334 14.142135623730951 1.099536793329016 
94 104 0 0 12 33 13.038404810405298 14.142135623730951 1.0846658288160453 
92 98 0 0 13 26 13.038404810405298 14.142135623730951 1.0956302035811027 
91 97 1 0 12 26 13.038404810405298 14.142135623730951 1.0991925983089121 
90 96 1 0 11 29 12.649110640673518 14.142135623730951 1.1009182067535317 
86 94 1 0 13 30 12.649110640673518 14.142135623730951 1.0973345177412048 
84 93 1 0 14 27 12.649110640673518 14.142135623730951 1.0923903940836195 
82 91 1 0 16 24 12.649110640673518 14.142135623730951 1.0792151174950104 
80 89 1 1 14 25 12.649110640673518 14.142135623730951 1.0795913421031034 
78 87 1 1 14 26 12.649110640673518 14.142135623730951 1.06499700517101 
76 86 1 2 13 25 12.649110640673518 14.142135623730951 1.0769931648627264 
75 85 2 2 14 26 12.649110640673518 14.142135623730951 1.0722583700678365 
73 84 2 2 14 22 12.649110640673518 14.142135623730951 1.070894203686045 
72 83 2 2 12 21 12.083045973594572 14.142135623730951 1.059279148026118 
71 77 2 2 11 17 12.083045973594572 14.142135623730951 1.074054802706578 
70 76 3 2 10 20 12.083045973594572 14.142135623730951 1.0721182537017633 
68 75 3 2 9 18 11.40175425099138 14.142135623730951 1.0704093707070044 
67 74 3 2 10 17 10.770329614269007 14.142135623730951 1.0670630508692736 
66 73 3 2 9 15 10.295630140987 13.038404810405298 1.0666159498540864 
65 72 3 2 9 15 10.295630140987 13.038404810405298 1.0701593624818007 
64 71 3 2 8 18 10.0 13.038404810405298 1.068558618715901 
63 70 3 2 10 17 8.246211251235321 13.038404810405298 1.0690248513307856 
61 69 3 2 9 17 8.246211251235321 13.038404810405298 1.0671880028212264 
60 68 3 2 10 16 8.246211251235321 13.038404810405298 1.0688611527377418 
59 67 3 2 9 18 8.246211251235321 12.0 1.070813434923149 
58 66 3 2 9 20 8.94427190999916 12.0 1.069095907269494 
57 65 3 2 9 19 8.94427190999916 12.0 1.0682717583238137 
56 64 3 2 8 19 8.94427190999916 11.045361017187261 1.0627858160475216 
55 63 4 3 8 17 8.94427190999916 11.045361017187261 1.0651403592415143 
54 62 4 3 7 19 8.246211251235321 11.045361017187261 1.0608819783109242 
53 61 4 3 7 16 8.246211251235321 11.045361017187261 1.0604348772957368 
52 60 4 3 7 16 8.246211251235321 11.045361017187261 1.0687683907770678 
51 58 5 3 7 15 8.246211251235321 11.045361017187261 1.0521096144323394 
50 57 5 4 6 13 8.246211251235321 11.045361017187261 1.051543192561248 
49 56 5 4 7 13 8.246211251235321 11.045361017187261 1.052604674611182 
48 55 5 4 7 14 7.0710678118654755 11.045361017187261 1.0522768944518988 
47 54 5 4 6 14 7.0710678118654755 11.045361017187261 1.0490266155022827 
46 53 5 4 7 12 7.0710678118654755 10.770329614269007 1.04803147555787 
45 52 5 4 6 12 7.0710678118654755 9.486832980505138 1.0459702938231172 
44 51 5 4 7 11 7.0710678118654755 9.055385138137417 1.0494537935792365 
43 50 5 4 6 14 7.0710678118654755 9.055385138137417 1.0352485182009785 
42 49 5 5 7 14 6.324555320336759 9.055385138137417 1.031784150044556 
40 48 5 5 7 11 6.324555320336759 9.055385138137417 1.0427485248096133 
39 47 6 5 6 11 6.324555320336759 9.055385138137417 1.0424207446503302 
38 46 6 5 5 11 6.324555320336759 9.055385138137417 1.0244015336603431 
37 44 6 6 5 9 6.324555320336759 9.055385138137417 1.025344180139527 
36 43 6 6 4 10 6.324555320336759 9.055385138137417 1.0239827691030814 
34 42 6 6 4 9 8.48528137423857 9.055385138137417 1.0237029539876052 
33 41 6 6 5 9 7.0710678118654755 9.055385138137417 1.023509811328091 
31 40 6 6 6 9 7.0710678118654755 8.246211251235321 1.0238567230870712 
29 39 6 6 6 9 7.0710678118654755 8.246211251235321 1.0220636094295947 
27 38 7 7 3 9 7.0710678118654755 8.246211251235321 1.032908663338748 
26 37 8 7 3 9 7.0710678118654755 8.246211251235321 1.0328674899350798 
25 36 8 7 2 9 5.656854249492381 8.246211251235321 1.0314365690370402 
24 35 8 7 2 8 4.242640687119285 8.246211251235321 1.0312760747774676 
23 34 8 7 2 8 2.8284271247461903 8.246211251235321 1.0293370269935864 
22 33 8 7 0 7 5.0990195135927845 8.246211251235321 1.0283690955132263 
22 32 8 7 1 7 3.1622776601683795 8.246211251235321 1.036181595941718 
21 31 9 7 0 5 3.1622776601683795 7.0710678118654755 1.0201148571822323 
21 30 9 8 1 4 1.4142135623730951 7.0710678118654755 1 
