140 140 0 0 14 14 16.0 16.0 1.101158962982953 
138 139 0 0 17 18 16.0 14.142135623730951 1.1057193953383093 
136 137 0 0 22 20 13.341664064126334 14.142135623730951 1.1040047074843815 
132 133 0 0 22 20 13.341664064126334 14.142135623730951 1.105648979534597 
128 131 0 0 22 20 14.142135623730951 16.0 1.1096601634715062 
124 130 0 0 22 21 14.142135623730951 16.0 1.112053632314997 
120 129 0 0 22 21 14.142135623730951 16.0 1.1181874026295746 
116 128 0 0 27 22 14.142135623730951 16.0 1.1132609765483243 
112 127 0 0 25 18 14.142135623730951 16.0 1.1218951493535099 
108 125 1 0 19 18 14.142135623730951 16.0 1.1386982516345034 
104 123 2 0 17 22 14.142135623730951 16.0 1.1444879558291348 
102 122 2 0 18 25 14.142135623730951 16.0 1.1446679311014032 
100 121 2 0 18 25 14.142135623730951 15.033296378372908 1.1475463349729724 
98 120 2 0 16 27 15.033296378372908 15.033296378372908 1.1516224903349805 
96 118 2 0 20 29 15.033296378372908 15.033296378372908 1.157338355750036 
88 117 3 0 14 24 13.341664064126334 15.033296378372908 1.1548632967296535 
86 115 3 0 14 23 13.341664064126334 15.033296378372908 1.1541821405506112 
84 114 3 0 15 22 13.341664064126334 15.033296378372908 1.1529156619317313 
80 113 3 0 14 20 13.341664064126334 15.033296378372908 1.1570876510329442 
78 112 3 0 15 22 13.341664064126334 15.033296378372908 1.167620826757757 
77 111 3 0 18 28 14.142135623730951 15.033296378372908 1.1773455290618735 
76 109 3 0 23 34 14.142135623730951 14.142135623730951 1.173493914121093 
76 107 3 0 28 32 14.142135623730951 14.142135623730951 1.1716988722584485 
72 103 3 0 24 33 14.142135623730951 14.142135623730951 1.185442732100527 
68 102 4 0 23 34 14.142135623730951 14.142135623730951 1.1716695117026894 
67 98 4 0 25 28 14.142135623730951 13.038404810405298 1.1751217585444198 
61 97 5 0 22 22 14.142135623730951 13.038404810405298 1.1717326935478714 
57 96 5 0 16 20 14.142135623730951 13.038404810405298 1.184670259607271 
56 95 5 0 17 28 14.142135623730951 13.038404810405298 1.1815223537837425 
54 94 5 0 16 26 14.142135623730951 13.038404810405298 1.1941659586180136 
53 93 6 0 15 28 14.142135623730951 13.341664064126334 1.2050185515400726 
49 92 7 0 11 28 14.142135623730951 13.341664064126334 1.2045930748028413 
48 91 7 0 11 28 14.0 13.341664064126334 1.2021550151438538 
44 90 7 0 11 25 13.038404810405298 13.341664064126334 1.207004005736161 
43 89 7 0 12 28 13.038404810405298 13.341664064126334 1.2052442176753286 
42 88 7 0 17 26 12.165525060596439 12.649110640673518 1.2137486180222572 
34 87 7 0 11 29 10.295630140987 12.649110640673518 1.2045103843804197 
30 86 7 0 10 22 5.0990195135927845 12.649110640673518 1.2114768324632528 
28 85 7 0 10 26 5.830951894845301 12.649110640673518 1.2160193701759414 
26 84 8 0 7 23 5.830951894845301 12.649110640673518 1.2237056590242101 
25 83 9 0 6 22 5.830951894845301 12.649110640673518 1.2281606786899353 
24 82 9 0 6 25 4.47213595499958 12.649110640673518 1.2221770798657998 
22 81 9 0 2 22 2.0 12.649110640673518 1.2294256346448258 
21 80 9 0 1 27 1.4142135623730951 12.649110640673518 1 
