140 140 0 0 14 14 16.0 16.0 1.1097938047833318 
138 139 0 0 17 17 16.0 14.0 1.1133929319093667 
136 137 0 0 22 19 13.038404810405298 14.0 1.1138096896912717 
132 135 0 0 27 18 14.142135623730951 13.341664064126334 1.1172940152143365 
128 133 0 0 27 20 16.0 13.341664064126334 1.1262238844007864 
124 132 0 0 28 24 15.033296378372908 15.033296378372908 1.1322787086618338 
124 131 0 0 37 27 15.033296378372908 15.033296378372908 1.129760381635293 
120 130 0 0 37 24 15.033296378372908 15.033296378372908 1.1309595721045418 
114 129 0 0 30 24 15.033296378372908 15.033296378372908 1.1526780492038167 
112 128 0 0 37 37 15.033296378372908 15.033296378372908 1.1453307660944236 
104 126 1 0 25 25 15.033296378372908 15.033296378372908 1.1641927841227981 
96 125 2 0 17 29 13.341664064126334 15.033296378372908 1.166133299460521 
95 124 2 0 20 30 13.341664064126334 15.033296378372908 1.1617547541031135 
89 120 2 0 17 28 12.165525060596439 15.033296378372908 1.1627293189641472 
88 119 2 0 26 27 12.165525060596439 15.033296378372908 1.1531325798285235 
78 111 3 0 13 18 12.165525060596439 15.033296378372908 1.1552489898259035 
77 110 3 0 21 18 12.165525060596439 15.033296378372908 1.1737570800191643 
69 109 4 0 12 22 12.0 15.033296378372908 1.179314346671079 
68 108 4 0 17 25 11.045361017187261 15.033296378372908 1.175625629397878 
64 106 4 0 13 23 11.045361017187261 15.033296378372908 1.1775058213818854 
60 105 4 0 13 23 12.0 15.033296378372908 1.1588687975075365 
59 104 4 1 20 19 12.0 15.033296378372908 1.170538258820571 
53 103 5 1 13 19 12.0 15.033296378372908 1.185846603064554 
49 102 6 1 13 21 12.0 15.033296378372908 1.186798813555274 
48 101 6 1 13 22 12.0 15.033296378372908 1.196204267500858 
44 100 6 1 9 28 12.0 15.033296378372908 1.1936404294706977 
40 96 7 1 7 21 12.0 15.033296378372908 1.191934512631503 
36 95 7 1 5 19 12.0 15.033296378372908 1.1915903542133408 
34 94 7 1 3 19 10.198039027185569 15.033296378372908 1.1880989362597048 
33 93 8 2 2 20 13.038404810405298 15.033296378372908 1.1792109004257338 
32 89 8 2 2 17 12.0 15.033296378372908 1.1875797568600743 
31 88 8 2 2 23 8.246211251235321 15.033296378372908 1.1890474150226873 
30 87 8 2 8 23 7.615773105863909 15.033296378372908 1.1918108289543545 
28 86 8 2 2 26 5.0990195135927845 15.033296378372908 1.1795315796917072 
27 85 8 2 2 18 4.47213595499958 15.033296378372908 1.1798570469814516 
25 84 8 2 2 18 2.0 15.033296378372908 1.176131944950582 
24 82 8 2 1 17 7.0710678118654755 15.033296378372908 1.1857764083263471 
23 81 9 2 0 17 5.656854249492381 15.033296378372908 1.1830002115522806 
23 80 9 2 0 16 4.47213595499958 15.033296378372908 1.180212578361773 
23 79 9 2 0 15 4.0 15.033296378372908 1.1788810703949244 
23 78 9 2 0 15 4.47213595499958 15.033296378372908 1.18050727746046 
23 77 9 2 0 17 4.0 15.033296378372908 1.1791757694936111 
23 76 9 2 0 17 4.47213595499958 15.033296378372908 1.1763881363031035 
23 75 9 2 0 16 4.0 15.033296378372908 1.1745653480564597 
23 74 9 2 0 16 4.47213595499958 14.0 1.1732489949512999 
23 73 9 2 0 16 4.0 14.0 1.1719174869844513 
23 72 9 2 0 16 4.47213595499958 14.0 1.167658573708596 
23 71 9 2 0 14 4.0 14.0 1.1663270657417475 
23 70 9 2 0 14 4.47213595499958 14.0 1.1504718340552502 
23 69 9 3 0 14 4.0 14.0 1.1491403260884014 
23 68 9 3 0 14 4.47213595499958 14.0 1.1478239729832416 
23 67 9 3 0 14 4.0 14.0 1.1464924650163928 
23 66 9 3 0 14 4.47213595499958 14.0 1.145176111911233 
23 65 9 3 0 14 4.0 14.0 1.1438446039443844 
23 64 9 3 0 14 4.47213595499958 14.0 1.1425282508392243 
23 63 9 3 0 14 4.0 14.0 1.1397254627870281 
23 62 9 3 0 13 4.47213595499958 14.0 1.1384091096818683 
23 61 9 3 0 13 4.0 14.0 1.1370776017150195 
23 60 9 3 0 13 4.47213595499958 14.0 1.1338327785413849 
23 59 9 3 0 12 4.0 13.038404810405298 1.132501270574536 
23 58 9 3 0 12 4.47213595499958 13.038404810405298 1.1311849174693762 
23 57 9 3 0 12 4.0 13.038404810405298 1.1153145309211903 
23 56 9 4 0 12 4.47213595499958 13.038404810405298 1.1154694579013777 
23 55 9 4 0 13 4.0 13.038404810405298 1.0923900204757968 
23 53 9 5 0 9 4.47213595499958 13.038404810405298 1.0910736673706367 
23 52 9 5 0 9 4.0 13.038404810405298 1.0884150637887795 
23 51 9 5 0 8 4.47213595499958 13.341664064126334 1.0870987106836194 
23 50 9 5 0 8 4.0 13.341664064126334 1.0857672027167706 
23 49 9 5 0 8 4.47213595499958 13.341664064126334 1.084450849611611 
23 48 9 5 0 8 4.0 13.341664064126334 1.0656379028927292 
23 47 9 6 0 6 4.47213595499958 13.341664064126334 1.0643215497875693 
23 46 9 6 0 6 4.0 13.341664064126334 1.0629900418207208 
23 45 9 6 0 6 4.47213595499958 13.341664064126334 1.0616736887155607 
23 44 9 6 0 6 4.0 13.341664064126334 1.0603421807487121 
23 43 9 6 0 6 4.47213595499958 13.341664064126334 1.0590258276435522 
23 42 9 6 0 6 4.0 13.341664064126334 1.0562230395913559 
23 41 9 6 0 5 4.47213595499958 13.341664064126334 1.0403678079048586 
23 40 9 7 0 5 4.0 13.341664064126334 1.0377123694020056 
23 38 9 7 0 5 4.47213595499958 13.341664064126334 1.0349247362114982 
23 37 9 7 0 4 4.0 13.341664064126334 1.0335932282446494 
23 36 9 7 0 4 4.47213595499958 13.341664064126334 1.0302464003150276 
23 35 9 7 0 3 4.0 12.165525060596439 1.0129047336814938 
23 34 9 8 0 2 4.47213595499958 12.165525060596439 1.0086458204056385 
23 33 9 8 0 0 4.0 12.165525060596439 1.0321251132383065 
23 35 9 7 0 4 4.47213595499958 13.038404810405298 1.0086458204056385 
23 33 9 8 0 0 4.0 12.165525060596439 1.0198586354558954 
23 36 9 8 0 4 4.47213595499958 15.033296378372908 1.016647300301415 
23 35 9 8 0 3 4.0 14.142135623730951 1.010030824247502 
23 33 9 8 0 1 4.47213595499958 12.0 0.9930129318261577 
23 32 9 9 0 0 4.0 12.649110640673518 0.97485243120429 
23 21 9 9 0 0 4.47213595499958 5.0990195135927845 0.9969678179467342 
21 23 9 8 1 3 1.4142135623730951 2.0 1 
