140 139 0 0 14 19 16.0 16.0 1.0911526570198564 
138 138 0 0 17 16 13.038404810405298 14.142135623730951 1.0966401578041054 
134 137 0 0 16 18 12.165525060596439 16.0 1.1021379161320943 
132 136 0 0 21 20 12.649110640673518 16.0 1.1039662388579374 
128 132 0 0 22 22 12.649110640673518 16.0 1.1046043988033973 
124 131 0 0 22 21 14.0 16.0 1.105295675953071 
120 130 0 0 22 20 14.0 16.0 1.1198290818629657 
116 129 0 0 26 27 14.0 16.0 1.1186954870774564 
112 128 0 0 26 25 14.0 15.033296378372908 1.1345327267095295 
108 127 1 0 19 29 15.033296378372908 15.033296378372908 1.1380654632246923 
106 126 1 0 19 31 15.033296378372908 15.033296378372908 1.147588680941095 
98 125 2 0 14 28 13.341664064126334 15.033296378372908 1.1443355671184308 
98 123 2 0 20 26 13.341664064126334 15.033296378372908 1.1506015587084701 
94 119 3 0 14 26 14.0 15.033296378372908 1.1514673776263051 
92 118 3 0 15 26 14.0 15.033296378372908 1.1534682516946222 
90 117 3 0 15 27 14.0 15.033296378372908 1.1412875468706505 
88 113 3 0 16 21 14.0 15.033296378372908 1.1445070895212677 
86 112 3 0 16 23 14.0 14.0 1.1423035947480016 
84 111 3 0 17 21 14.142135623730951 14.0 1.1443044688163186 
82 110 3 0 17 22 14.142135623730951 14.0 1.143241617990944 
80 109 3 0 17 21 14.142135623730951 14.0 1.145242492059261 
78 108 3 0 17 22 14.142135623730951 14.0 1.1528624765676123 
78 107 3 0 24 26 14.142135623730951 14.0 1.1622638122690283 
70 106 4 0 15 24 14.142135623730951 14.0 1.1584505944515286 
69 105 4 0 18 21 14.142135623730951 14.0 1.1574045812126528 
65 103 4 0 13 21 14.142135623730951 14.0 1.1743328612504729 
63 102 4 0 12 32 14.0 14.0 1.1777054825164373 
62 101 5 0 11 28 14.0 14.0 1.177380879545181 
60 100 5 0 9 28 14.0 14.0 1.1777664417718554 
59 99 5 0 11 28 14.0 14.0 1.1668170506253515 
58 95 5 0 10 24 13.038404810405298 13.341664064126334 1.1637420806619707 
57 94 5 0 11 22 13.038404810405298 13.341664064126334 1.1733511788337994 
55 93 5 0 11 28 12.0 13.038404810405298 1.1749927821763464 
53 92 5 0 10 29 11.045361017187261 13.038404810405298 1.1708995233050794 
51 91 5 0 10 26 10.198039027185569 13.038404810405298 1.173721976711393 
49 90 5 0 12 27 9.486832980505138 13.038404810405298 1.1718033954940112 
48 89 5 0 12 26 8.94427190999916 13.038404810405298 1.1800950160481827 
47 87 5 0 14 32 8.94427190999916 13.038404810405298 1.1804723005064353 
43 86 5 0 17 30 8.246211251235321 13.038404810405298 1.1761723623332854 
41 85 5 0 13 28 8.246211251235321 12.649110640673518 1.1897898021265996 
37 84 6 0 8 30 8.0 12.649110640673518 1.1864099173804266 
36 83 6 0 12 27 7.0710678118654755 12.649110640673518 1.1808594091743774 
35 81 6 0 10 25 7.0710678118654755 12.649110640673518 1.1889723118152493 
34 80 7 0 6 25 7.0710678118654755 12.0 1.1873735971758392 
33 79 7 0 7 24 8.48528137423857 12.0 1.1851218351902635 
32 78 7 0 6 23 6.324555320336759 12.0 1.1862456452710566 
31 77 7 0 6 24 6.324555320336759 12.0 1.1835674826040392 
30 76 7 0 8 22 6.324555320336759 12.0 1.193547810348547 
28 75 8 0 6 22 6.324555320336759 12.0 1.1962516711569422 
27 74 8 0 6 24 5.0990195135927845 12.0 1.1901813613118264 
26 73 8 0 7 20 4.0 12.083045973594572 1.2007068306745463 
22 72 9 0 2 20 4.47213595499958 12.083045973594572 1.1995566675713984 
21 71 9 0 0 20 3.1622776601683795 12.083045973594572 1.1972052302512464 
21 70 9 0 1 19 1.4142135623730951 12.083045973594572 1 
