140 138 0 0 14 17 16.0 16.0 1.1167443739616172 
138 136 0 0 17 21 14.0 14.0 1.1197537901857488 
136 134 0 0 22 23 14.0 14.0 1.1187588641441448 
132 128 0 0 27 25 14.142135623730951 13.341664064126334 1.1203058342999113 
128 127 0 0 27 25 16.0 13.341664064126334 1.1257237508550162 
124 126 0 0 28 27 15.033296378372908 15.033296378372908 1.1261047223233362 
120 125 0 0 29 26 15.033296378372908 15.033296378372908 1.1336632862113296 
116 123 0 0 29 31 15.033296378372908 15.033296378372908 1.1257700311619026 
112 122 0 0 26 25 15.033296378372908 15.033296378372908 1.118549407386145 
110 120 0 0 25 21 15.033296378372908 15.033296378372908 1.1240405048284325 
109 119 0 0 26 25 15.033296378372908 15.033296378372908 1.1298733575030317 
105 118 1 0 18 22 15.033296378372908 15.033296378372908 1.1344813290104339 
103 117 1 0 20 25 15.033296378372908 14.0 1.1520755095403956 
101 116 1 0 20 37 15.033296378372908 14.0 1.162307985146982 
95 115 2 0 18 35 15.033296378372908 14.0 1.1656981288430306 
94 114 2 0 22 37 15.033296378372908 14.142135623730951 1.1538504810350312 
90 112 2 0 20 29 15.033296378372908 14.142135623730951 1.1623915676382546 
86 111 3 0 17 27 15.033296378372908 14.142135623730951 1.1711970787202568 
84 110 4 0 15 26 15.033296378372908 14.142135623730951 1.1671405717936985 
82 106 4 0 15 26 15.033296378372908 13.341664064126334 1.1762198803233035 
81 104 4 0 18 33 14.0 13.341664064126334 1.177362539283646 
79 103 4 0 18 34 14.0 12.165525060596439 1.169031929308326 
77 102 4 0 19 28 14.0 12.165525060596439 1.1713880688606737 
73 101 4 0 22 28 13.038404810405298 12.165525060596439 1.1729797162964621 
67 100 4 0 22 27 12.0 12.165525060596439 1.1751461395143241 
59 94 5 0 13 24 12.0 12.649110640673518 1.1717310866661508 
58 93 5 0 19 21 11.045361017187261 12.649110640673518 1.1674586229635358 
56 91 5 0 20 19 10.0 11.40175425099138 1.1640810654457632 
50 90 5 0 12 16 11.661903789690601 11.40175425099138 1.185755697725207 
49 89 6 0 12 24 11.661903789690601 11.40175425099138 1.1919534685981439 
45 88 6 0 13 27 11.661903789690601 11.40175425099138 1.2063936787957654 
43 87 6 0 12 37 11.40175425099138 11.40175425099138 1.212531354156502 
43 86 6 0 19 41 11.40175425099138 11.045361017187261 1.2178847991692985 
35 82 7 0 13 38 10.0 11.045361017187261 1.2064552438645673 
34 81 7 0 16 30 8.602325267042627 11.045361017187261 1.2152287246171283 
28 80 8 0 8 28 6.324555320336759 11.045361017187261 1.2093421854663486 
26 79 8 0 7 24 4.47213595499958 11.045361017187261 1.2015123062401207 
24 78 8 0 4 19 2.0 11.045361017187261 1.2052817227672152 
23 77 8 0 4 22 2.8284271247461903 11.045361017187261 1.215212617644949 
21 76 9 0 1 22 1.4142135623730951 10.770329614269007 1 
