140 140 0 0 14 14 16.0 16.0 1.1004114649844436 
138 139 0 0 17 19 16.0 14.142135623730951 1.0993444432555481 
134 138 0 0 16 16 12.165525060596439 16.0 1.1011127744322295 
132 137 0 0 21 17 12.165525060596439 16.0 1.1071944376743243 
128 135 0 0 22 21 13.038404810405298 16.0 1.1049162149688045 
124 134 0 0 22 18 13.341664064126334 16.0 1.1063327253993134 
120 133 0 0 22 18 14.142135623730951 15.033296378372908 1.1123089043062513 
116 132 0 0 22 21 15.033296378372908 15.033296378372908 1.1269492300121586 
108 131 1 0 19 20 15.033296378372908 15.033296378372908 1.127785780668741 
104 127 1 0 22 22 15.033296378372908 15.033296378372908 1.144081025000951 
96 125 2 0 17 23 13.038404810405298 15.033296378372908 1.1429871629137212 
94 124 2 0 16 22 13.038404810405298 15.033296378372908 1.1433829221312188 
92 122 2 0 16 23 13.038404810405298 15.033296378372908 1.1422570861857004 
90 121 2 0 15 22 13.341664064126334 15.033296378372908 1.1425642992493683 
88 120 2 0 15 22 13.341664064126334 15.033296378372908 1.1362068287226839 
86 116 2 0 15 20 13.341664064126334 15.033296378372908 1.1337569237061436 
84 115 2 0 16 18 13.341664064126334 15.033296378372908 1.1382223300009164 
82 114 2 0 16 21 13.341664064126334 15.033296378372908 1.1372020033269874 
80 112 2 0 14 21 13.341664064126334 15.033296378372908 1.1389538054737955 
78 110 2 0 12 23 13.341664064126334 15.033296378372908 1.1357465670187394 
77 109 2 0 16 21 13.341664064126334 15.033296378372908 1.1457783073105674 
73 108 3 0 10 19 13.038404810405298 15.033296378372908 1.145298165454661 
72 107 3 0 11 19 13.038404810405298 15.033296378372908 1.1448180235987544 
71 106 3 0 12 19 13.038404810405298 15.033296378372908 1.144322871002319 
70 105 3 0 12 19 13.038404810405298 15.033296378372908 1.145323266064814 
69 104 3 0 12 20 12.0 15.033296378372908 1.1448992076408897 
68 102 3 0 12 21 12.165525060596439 15.033296378372908 1.1444040550444543 
67 101 3 0 12 21 12.165525060596439 15.033296378372908 1.1639626591433803 
65 100 4 0 11 27 12.165525060596439 15.033296378372908 1.1742561461894028 
59 99 5 0 10 24 12.165525060596439 15.033296378372908 1.1697058930788344 
58 98 5 0 9 21 11.045361017187261 15.033296378372908 1.1686250462531669 
57 96 5 0 12 22 11.045361017187261 13.341664064126334 1.1729400191123587 
53 95 5 0 10 24 13.038404810405298 13.038404810405298 1.1833028915377883 
52 93 6 0 9 25 13.038404810405298 12.649110640673518 1.181516147039017 
51 92 6 0 8 24 12.0 12.649110640673518 1.1797205707678666 
50 91 6 0 7 23 11.045361017187261 12.649110640673518 1.1753343593048842 
49 85 6 0 9 25 11.045361017187261 12.165525060596439 1.1840666289629436 
45 83 7 0 5 23 11.045361017187261 12.165525060596439 1.168089608280623 
44 82 7 1 7 22 11.045361017187261 12.165525060596439 1.1743923688575202 
38 81 7 1 5 24 10.295630140987 12.083045973594572 1.1768118242841685 
37 80 7 1 5 26 8.94427190999916 12.083045973594572 1.1790520186777262 
33 79 7 1 5 26 5.830951894845301 12.083045973594572 1.1771708016709224 
32 78 7 1 5 25 5.830951894845301 12.083045973594572 1.176794216709375 
31 76 7 1 7 26 5.830951894845301 12.083045973594572 1.1770864190325137 
29 75 7 1 6 26 5.830951894845301 12.083045973594572 1.1902833890893338 
28 74 8 1 4 28 5.830951894845301 12.083045973594572 1.1829861691994943 
27 73 8 1 3 23 4.47213595499958 12.083045973594572 1.1880352742445324 
26 72 8 1 3 27 4.47213595499958 12.083045973594572 1.1826179322887032 
24 71 8 1 4 23 6.324555320336759 12.083045973594572 1.164004047942082 
23 70 8 2 2 20 4.47213595499958 12.083045973594572 1.1633084147878834 
22 68 8 2 1 21 7.0710678118654755 12.083045973594572 1.1723622023541276 
21 67 9 2 0 20 7.0710678118654755 12.083045973594572 1.1723932546693356 
21 65 9 2 0 22 3.1622776601683795 10.770329614269007 1.1517135160267664 
21 63 9 3 1 19 1.4142135623730951 10.770329614269007 1 
