140 139 0 0 14 17 16.0 16.0 1.0688120013155138 
138 138 0 0 17 19 13.038404810405298 14.142135623730951 1.064761892854407 
136 137 0 0 22 15 13.038404810405298 14.142135623730951 1.0732739679182774 
132 136 0 0 22 17 14.0 14.0 1.0776642761802753 
128 135 0 0 22 17 13.038404810405298 16.0 1.084622845193124 
124 133 0 0 22 19 14.0 16.0 1.09603053499314 
120 131 0 0 22 23 14.0 16.0 1.1074382247931565 
116 129 0 0 22 27 14.0 16.0 1.1270384496149644 
110 128 1 0 17 30 14.0 16.0 1.1197713871865622 
109 126 1 0 25 25 14.0 15.033296378372908 1.124296168054319 
99 125 1 0 16 24 15.033296378372908 15.033296378372908 1.1288741604685528 
98 115 2 0 17 28 15.033296378372908 15.033296378372908 1.1392181273703568 
97 114 2 0 26 30 15.033296378372908 15.033296378372908 1.1201895642935191 
93 113 2 0 24 20 15.033296378372908 15.033296378372908 1.1309472793134439 
91 112 2 0 25 24 15.033296378372908 15.033296378372908 1.135929230201078 
85 110 3 0 20 21 14.0 15.033296378372908 1.1492991958483108 
84 109 3 0 27 25 14.0 15.033296378372908 1.1549770584035806 
80 107 3 0 25 27 14.0 15.033296378372908 1.1618127294848934 
72 106 4 1 17 31 14.0 15.033296378372908 1.15801038995855 
66 105 5 1 13 23 14.0 15.033296378372908 1.157683691653044 
65 103 5 1 15 23 14.0 15.033296378372908 1.1666139945411544 
61 102 6 1 8 23 12.165525060596439 15.033296378372908 1.161373056953444 
59 101 6 1 8 20 12.165525060596439 15.033296378372908 1.1619314538615255 
58 100 6 1 9 20 12.165525060596439 15.033296378372908 1.1639758854610553 
56 99 7 1 6 17 12.165525060596439 15.033296378372908 1.1682484956573047 
55 98 7 1 6 19 12.0 15.033296378372908 1.165196514567138 
53 97 7 1 6 17 12.0 15.033296378372908 1.170900359467146 
51 96 7 1 6 19 12.0 15.033296378372908 1.1722262913720667 
49 95 7 1 6 19 12.0 15.033296378372908 1.1779301362720749 
47 94 7 1 6 21 12.0 15.033296378372908 1.1806774896777 
46 93 7 1 7 22 12.0 15.033296378372908 1.1791605785812118 
42 92 7 1 5 20 12.0 15.033296378372908 1.1876680443834529 
41 91 8 1 4 20 12.165525060596439 15.033296378372908 1.1890972929317265 
39 90 8 1 4 20 10.770329614269007 15.033296378372908 1.1874667333422642 
38 89 8 1 5 19 10.770329614269007 15.033296378372908 1.1996458698628931 
37 88 8 1 7 24 10.770329614269007 15.033296378372908 1.1932175704290637 
36 87 8 1 4 22 9.486832980505138 15.033296378372908 1.1916308280653307 
35 85 8 1 4 22 8.246211251235321 15.033296378372908 1.1898929874446256 
34 83 8 1 4 22 7.615773105863909 13.038404810405298 1.1902618465615378 
33 82 8 1 8 21 8.0 13.038404810405298 1.1885822039485574 
31 81 8 1 7 20 9.899494936611665 13.038404810405298 1.1927249965101487 
29 79 8 1 7 22 9.899494936611665 13.038404810405298 1.1920362041364123 
28 78 8 1 6 22 8.48528137423857 13.038404810405298 1.1947748902387134 
27 77 8 1 7 23 8.602325267042627 13.038404810405298 1.1940843953529243 
26 76 8 1 6 23 7.211102550927978 13.038404810405298 1.1933143949225544 
26 75 8 1 7 23 5.656854249492381 13.038404810405298 1.1925170301540657 
26 74 8 1 8 23 4.47213595499958 13.038404810405298 1.191267068360894 
24 73 8 1 4 23 2.0 12.0 1.1951338659719624 
22 69 9 1 1 23 2.8284271247461903 12.0 1.199498943718143 
21 68 9 1 1 25 1.4142135623730951 12.0 1 
