140 140 0 0 14 14 16.0 16.0 1.0892927450302237 
138 139 0 0 17 17 16.0 14.0 1.0938462276537368 
136 138 0 0 18 20 13.341664064126334 14.142135623730951 1.0954775135134267 
132 137 0 0 18 19 12.649110640673518 16.0 1.0926581510678908 
130 135 0 0 18 18 13.341664064126334 15.033296378372908 1.100280299923033 
128 133 0 0 18 25 15.033296378372908 15.033296378372908 1.0942442956748522 
126 132 0 0 18 20 15.033296378372908 15.033296378372908 1.0923365360841548 
124 128 0 0 16 21 15.033296378372908 15.033296378372908 1.0925270411307832 
122 127 0 0 17 21 15.033296378372908 15.033296378372908 1.096623121455798 
120 126 0 0 17 24 15.033296378372908 15.033296378372908 1.0969196700658639 
118 125 0 0 17 24 15.033296378372908 15.033296378372908 1.0921501763893326 
116 124 0 0 17 20 15.033296378372908 15.033296378372908 1.0899525791279865 
114 122 0 0 17 19 15.033296378372908 15.033296378372908 1.0889826171664034 
112 121 0 0 17 18 15.033296378372908 15.033296378372908 1.0918121869197686 
110 120 0 0 17 20 15.033296378372908 15.033296378372908 1.093375246101484 
108 119 0 0 17 21 15.033296378372908 15.033296378372908 1.0974713264264988 
106 118 0 0 17 24 15.033296378372908 15.033296378372908 1.0927018327499674 
104 117 0 0 17 20 15.033296378372908 15.033296378372908 1.0931433001953579 
102 115 0 0 16 21 15.033296378372908 15.033296378372908 1.0936519359323003 
100 114 0 0 14 21 15.033296378372908 15.033296378372908 1.1039745255521238 
98 113 0 0 15 29 15.033296378372908 15.033296378372908 1.1043876999778492 
96 109 0 0 15 32 15.033296378372908 15.033296378372908 1.1034177380162662 
94 108 0 0 15 31 15.033296378372908 15.033296378372908 1.10491362890643 
92 106 0 0 16 33 15.033296378372908 15.033296378372908 1.0942813428367075 
88 105 0 0 14 23 15.033296378372908 15.033296378372908 1.0943658043198978 
86 104 0 0 16 23 15.033296378372908 15.033296378372908 1.1098377346913861 
84 103 1 0 15 26 15.033296378372908 15.033296378372908 1.1163380474978903 
82 102 2 0 15 22 15.033296378372908 15.033296378372908 1.1153680855363073 
80 101 2 0 15 21 15.033296378372908 15.033296378372908 1.1248425466046266 
78 100 2 0 15 28 13.341664064126334 15.033296378372908 1.1320352892552838 
74 96 3 0 12 26 13.341664064126334 15.033296378372908 1.1291427683305744 
73 95 3 0 11 24 13.341664064126334 15.033296378372908 1.133849310835762 
72 94 3 0 10 28 13.341664064126334 15.033296378372908 1.1309067393234475 
71 93 3 0 10 26 13.038404810405298 15.033296378372908 1.1274037562185655 
69 92 3 0 10 23 13.038404810405298 15.033296378372908 1.1302333259719306 
67 91 3 0 10 25 13.038404810405298 15.033296378372908 1.1399831656653447 
66 90 4 0 8 24 13.038404810405298 15.033296378372908 1.1346400840816977 
65 86 4 0 8 23 12.649110640673518 15.033296378372908 1.130464296967334 
64 85 4 0 8 20 12.165525060596439 15.033296378372908 1.1287474717684056 
63 84 4 0 8 19 12.083045973594572 15.033296378372908 1.1328633004076927 
61 83 4 0 9 22 11.40175425099138 15.033296378372908 1.1338771318505205 
57 82 4 0 8 21 9.486832980505138 15.033296378372908 1.1361736747200353 
56 81 4 0 8 23 8.246211251235321 15.033296378372908 1.1358530502105113 
55 79 4 0 7 24 8.246211251235321 15.033296378372908 1.1272168565274803 
53 77 4 0 8 18 8.246211251235321 15.033296378372908 1.1054699268417507 
52 73 4 1 8 15 8.246211251235321 15.033296378372908 1.1063769376319896 
51 72 4 1 7 16 8.246211251235321 15.033296378372908 1.104644883715492 
50 71 4 1 7 15 8.246211251235321 15.033296378372908 1.1080849156490298 
49 70 4 1 6 18 8.246211251235321 15.033296378372908 1.095086934149187 
48 69 4 2 6 19 8.246211251235321 15.033296378372908 1.0870650815460192 
47 67 5 3 6 16 8.246211251235321 15.033296378372908 1.0867510415501587 
46 66 5 3 5 16 8.0 15.033296378372908 1.0837524770620115 
45 65 5 3 5 14 8.0 15.033296378372908 1.0845534442888125 
44 64 5 3 5 15 8.0 15.033296378372908 1.0853544115156135 
43 63 5 3 5 16 8.0 15.033296378372908 1.0937316970739404 
42 62 6 3 4 14 8.0 15.033296378372908 1.0936775280298048 
40 61 6 3 4 14 9.899494936611665 15.033296378372908 1.0957450058282552 
39 60 6 3 4 16 9.899494936611665 15.033296378372908 1.0935085332950227 
37 59 6 3 4 14 9.899494936611665 15.033296378372908 1.0969485652285604 
36 58 6 3 3 17 9.899494936611665 15.033296378372908 1.1077528283667477 
35 57 7 3 3 17 9.899494936611665 15.033296378372908 1.1073747715998001 
34 56 7 3 2 17 10.0 15.033296378372908 1.105822859345359 
33 54 7 3 3 18 10.0 13.038404810405298 1.0857199321808113 
31 52 7 4 3 14 11.661903789690601 13.038404810405298 1.0830796763608073 
30 51 7 4 2 12 10.295630140987 13.038404810405298 1.0825080894525207 
29 50 7 4 3 12 10.295630140987 13.038404810405298 1.0823981008330636 
28 49 7 4 2 12 8.94427190999916 13.038404810405298 1.0814020309966825 
27 48 7 4 2 12 8.94427190999916 12.0 1.0812878216739175 
26 47 7 4 1 12 7.615773105863909 12.0 1.0789516352592663 
25 46 7 4 1 11 8.246211251235321 11.045361017187261 1.0781592342065505 
24 45 7 4 0 11 8.246211251235321 10.198039027185569 1.0764310591897432 
23 44 8 5 0 12 8.246211251235321 10.198039027185569 1.075088830809 
23 43 8 5 1 12 6.324555320336759 9.486832980505138 1.0557653812205496 
22 41 8 6 0 9 7.0710678118654755 9.486832980505138 1.0547958160697948 
22 40 8 6 1 9 5.0990195135927845 9.486832980505138 1.0644396121997703 
21 39 9 6 0 8 5.0990195135927845 9.486832980505138 1.0635090887206378 
21 38 9 6 1 8 1.4142135623730951 8.94427190999916 1 
