140 140 0 0 14 14 16.0 16.0 1.0822495962043226 
138 139 0 0 17 17 16.0 14.142135623730951 1.088866359924377 
134 138 0 0 16 19 12.165525060596439 16.0 1.0918979366790014 
132 136 0 0 16 22 12.0 16.0 1.095850988364445 
130 135 0 0 16 25 13.341664064126334 16.0 1.0950135385714108 
128 133 0 0 16 25 13.341664064126334 16.0 1.09045036029923 
126 132 0 0 14 21 14.0 16.0 1.0944266145413055 
124 131 0 0 16 24 14.0 16.0 1.0829020505120237 
122 127 0 0 16 18 14.0 15.033296378372908 1.0869234844923576 
120 126 0 0 16 21 15.033296378372908 15.033296378372908 1.0855397611085855 
118 124 0 0 16 21 15.033296378372908 14.0 1.09134209371 
116 123 0 0 14 25 15.033296378372908 14.0 1.0902837303409676 
114 122 0 0 16 24 15.033296378372908 14.142135623730951 1.0919794234123514 
112 121 0 0 16 25 15.033296378372908 14.142135623730951 1.0949525566238798 
110 120 0 0 16 27 15.033296378372908 14.142135623730951 1.089005346270268 
108 118 0 0 16 23 15.033296378372908 14.142135623730951 1.0919784794817962 
106 117 0 0 16 25 15.033296378372908 14.142135623730951 1.1082032550455256 
100 116 1 0 17 26 15.033296378372908 14.142135623730951 1.0966728883252128 
98 110 1 0 18 22 15.033296378372908 13.341664064126334 1.0963473761864755 
94 109 1 0 17 20 15.033296378372908 13.341664064126334 1.0969027886725136 
92 108 1 0 16 20 15.033296378372908 13.341664064126334 1.0979344213857751 
90 106 1 0 21 22 15.033296378372908 13.341664064126334 1.1162595944184408 
84 105 2 0 16 24 15.033296378372908 13.341664064126334 1.1168367443203493 
82 103 2 0 15 25 15.033296378372908 13.341664064126334 1.113696995940753 
80 102 2 0 13 22 15.033296378372908 13.341664064126334 1.1209231783305897 
79 100 3 0 12 20 15.033296378372908 13.341664064126334 1.1251737516822622 
77 99 3 0 12 23 15.033296378372908 13.341664064126334 1.1244065442898974 
75 98 3 0 13 22 14.0 13.341664064126334 1.1212667959103009 
73 97 3 0 11 19 14.0 13.341664064126334 1.1198449499832368 
72 96 3 0 9 18 14.0 13.341664064126334 1.1181487849465754 
71 95 3 0 9 17 14.0 13.341664064126334 1.10693231637769 
69 94 3 1 12 19 14.0 13.341664064126334 1.1164173225223475 
68 93 4 1 13 18 14.0 13.341664064126334 1.1190581693282946 
64 92 4 1 9 18 14.0 13.341664064126334 1.1286803350277508 
63 91 5 1 9 17 14.0 13.341664064126334 1.1282616101312337 
62 90 5 1 9 17 14.0 13.341664064126334 1.1289541821720703 
60 89 5 1 7 17 14.0 13.341664064126334 1.128535457275553 
59 88 5 1 7 17 14.0 13.341664064126334 1.1289537102067928 
57 87 5 1 7 17 14.0 13.341664064126334 1.127629681364162 
56 85 5 1 6 17 13.038404810405298 13.341664064126334 1.1274412286629525 
55 84 5 1 6 17 12.0 13.341664064126334 1.1272342004112275 
54 83 5 1 6 17 11.045361017187261 13.341664064126334 1.1281146530707251 
53 81 5 1 6 19 11.045361017187261 13.341664064126334 1.1266503028079407 
52 80 5 1 6 18 10.0 13.341664064126334 1.1256097876002287 
51 79 5 1 6 18 10.0 12.165525060596439 1.1279554167227408 
50 78 5 1 6 20 9.055385138137417 12.165525060596439 1.1250232950784083 
49 77 5 1 5 18 9.486832980505138 12.165525060596439 1.1265818285949933 
47 76 5 1 6 19 9.486832980505138 12.165525060596439 1.126575378204865 
46 75 5 1 5 19 8.246211251235321 12.165525060596439 1.124742053613405 
45 74 5 1 6 18 8.246211251235321 12.165525060596439 1.1106823651556688 
44 73 5 2 5 18 8.246211251235321 12.165525060596439 1.1111006180869083 
42 72 5 2 5 18 8.246211251235321 12.165525060596439 1.1088268311830605 
40 71 5 2 6 16 8.246211251235321 12.165525060596439 1.1212559868912544 
36 69 6 2 4 16 8.246211251235321 12.165525060596439 1.118419541269247 
35 68 6 2 3 14 8.246211251235321 12.165525060596439 1.1185852125067601 
33 66 6 2 5 15 8.246211251235321 12.165525060596439 1.1203239773162803 
31 65 6 2 4 16 6.0 11.045361017187261 1.1307756287880175 
30 64 7 2 4 16 6.0 10.198039027185569 1.1318341415985045 
29 63 7 2 4 17 5.0990195135927845 10.198039027185569 1.1188876055315293 
27 62 7 3 2 17 4.47213595499958 10.198039027185569 1.1186737832046718 
26 61 7 3 3 17 3.1622776601683795 10.295630140987 1.1171365151386796 
25 59 7 3 2 17 3.1622776601683795 10.295630140987 1.1278989614234813 
24 58 8 3 3 17 3.1622776601683795 10.295630140987 1.127875137788737 
23 57 8 3 2 17 2.0 10.295630140987 1.1382265333660653 
22 56 9 3 2 17 4.47213595499958 10.295630140987 1.1358177158541547 
21 55 9 3 0 15 3.1622776601683795 10.295630140987 1.1310019137644884 
21 53 9 3 1 13 1.4142135623730951 10.295630140987 1 
