140 138 0 0 14 17 16.0 16.0 1.0716999724335616 
138 137 0 0 17 21 14.142135623730951 14.142135623730951 1.0769494193689257 
134 133 0 0 16 25 13.341664064126334 16.0 1.077322807790505 
132 131 0 0 16 26 14.0 16.0 1.0803903510496067 
130 130 0 0 16 28 14.0 16.0 1.0773115294410958 
128 129 0 0 16 25 14.0 16.0 1.0709759012360596 
126 128 0 0 14 19 14.142135623730951 16.0 1.0772597588009059 
124 127 0 0 16 24 14.142135623730951 16.0 1.0707288705792388 
122 126 0 0 15 18 14.142135623730951 16.0 1.0735606615309288 
120 125 0 0 16 20 14.142135623730951 16.0 1.0739339065355742 
118 124 0 0 17 20 14.142135623730951 16.0 1.079459995741721 
116 123 0 0 17 24 14.142135623730951 16.0 1.0812982660273 
114 122 0 0 17 25 14.142135623730951 16.0 1.0806779903658341 
112 121 0 0 17 24 14.142135623730951 16.0 1.0798219623969567 
110 120 0 0 18 23 14.142135623730951 16.0 1.0779724137619684 
108 119 0 0 18 21 14.142135623730951 16.0 1.078581411074025 
106 118 0 0 18 21 14.142135623730951 16.0 1.0804196813596043 
104 117 0 0 18 22 14.142135623730951 16.0 1.0814019236763057 
100 115 0 0 19 22 14.142135623730951 16.0 1.0806809359014784 
96 114 0 0 17 19 14.142135623730951 16.0 1.0817614378283575 
94 113 0 0 15 19 14.142135623730951 16.0 1.0868158670398966 
93 112 0 0 13 23 14.142135623730951 16.0 1.0902100109538713 
92 111 0 0 13 26 14.0 16.0 1.0969151724566442 
88 110 0 0 16 30 14.0 16.0 1.1152674345613156 
84 108 1 0 13 34 14.0 16.0 1.1149211028345811 
82 107 1 0 13 33 13.038404810405298 16.0 1.110813619566162 
80 105 1 0 13 30 12.165525060596439 16.0 1.1140506906510264 
78 103 1 0 13 33 11.40175425099138 16.0 1.102970287244239 
76 101 1 0 11 24 10.770329614269007 16.0 1.1091812740598148 
75 100 1 0 10 29 10.198039027185569 16.0 1.1164104379777062 
74 98 1 0 9 36 10.198039027185569 16.0 1.1106876741714198 
73 97 1 0 11 32 10.198039027185569 16.0 1.1076059336056472 
67 93 1 0 11 29 10.0 16.0 1.1038196996951177 
66 92 1 0 10 26 10.0 16.0 1.1084026242918341 
65 91 1 0 10 30 10.0 16.0 1.1037832232536327 
63 90 2 0 8 16 10.0 16.0 1.1032133036488474 
62 89 2 0 9 16 10.0 16.0 1.0906641345196784 
60 88 2 1 7 16 10.0 16.0 1.0905657195297163 
59 87 2 1 6 16 10.0 16.0 1.0887184680181274 
58 85 2 1 7 16 10.0 16.0 1.089849326001688 
57 84 2 1 6 17 10.0 16.0 1.0882858857307915 
56 83 2 1 6 16 10.0 16.0 1.0884232230482407 
55 82 2 1 4 16 10.0 16.0 1.0730229917872816 
54 81 2 2 5 15 9.899494936611665 16.0 1.073896275964001 
53 80 2 2 4 16 8.602325267042627 15.033296378372908 1.0751006175369993 
51 79 2 2 5 17 10.0 15.033296378372908 1.076244176537953 
49 78 3 3 6 19 8.48528137423857 15.033296378372908 1.0746303802103758 
47 77 3 3 5 17 8.48528137423857 15.033296378372908 1.0745319652204137 
46 76 3 3 4 17 8.48528137423857 15.033296378372908 1.0764205915626737 
45 75 3 3 5 19 8.48528137423857 15.033296378372908 1.0767250646403923 
44 74 3 3 4 19 7.0710678118654755 15.033296378372908 1.0746088445974291 
43 73 3 3 5 18 5.830951894845301 14.0 1.0757397025809896 
42 72 3 3 4 19 5.830951894845301 14.0 1.0846928156880014 
40 71 4 3 7 17 5.830951894845301 14.0 1.0870809111426767 
38 70 4 3 3 18 7.211102550927978 14.0 1.0905912362499532 
36 69 4 3 3 20 5.656854249492381 14.0 1.103703672892355 
34 68 5 3 4 21 5.656854249492381 14.0 1.1101477286158563 
32 67 6 3 2 16 5.656854249492381 14.0 1.1092917006469791 
30 66 6 3 3 15 5.656854249492381 14.0 1.1194739313477282 
29 65 7 3 2 14 5.656854249492381 14.0 1.1197784044254466 
28 64 7 3 1 14 4.242640687119285 14.0 1.1184689451231813 
26 63 7 3 1 13 4.47213595499958 13.038404810405298 1.1281234495465904 
25 62 8 3 0 12 6.324555320336759 13.038404810405298 1.1286031168906494 
25 61 8 3 0 13 4.47213595499958 13.038404810405298 1.1287878275090881 
25 60 8 3 2 14 2.0 13.038404810405298 1.127627021247355 
24 59 8 3 1 13 1.4142135623730951 13.038404810405298 1.121741643715491 
23 58 9 4 0 11 5.656854249492381 13.038404810405298 1.120801820143435 
23 57 9 4 0 11 4.47213595499958 13.038404810405298 1.1196589926337417 
23 56 9 4 0 11 4.0 13.038404810405298 1.1182471563298275 
23 55 9 4 0 11 4.47213595499958 13.038404810405298 1.1171043288201339 
23 54 9 4 0 11 4.0 13.038404810405298 1.1156924925162197 
23 53 9 4 0 11 4.47213595499958 13.038404810405298 1.1145496650065263 
23 52 9 4 0 11 4.0 13.038404810405298 1.1131378287026121 
23 51 9 4 0 11 4.47213595499958 13.038404810405298 1.1119950011929185 
23 50 9 4 0 11 4.0 13.038404810405298 1.1081246189419593 
23 49 9 4 0 9 4.47213595499958 13.038404810405298 1.1057044595254621 
23 47 9 4 0 9 4.0 13.038404810405298 1.104292623221548 
23 46 9 4 0 9 4.47213595499958 13.038404810405298 1.1031497957118546 
23 45 9 4 0 9 4.0 13.038404810405298 1.0868790153783692 
23 44 9 5 0 8 4.47213595499958 13.038404810405298 1.084703644568528 
23 43 9 5 0 7 4.0 13.341664064126334 1.0684328642350427 
23 42 9 6 0 6 4.47213595499958 13.341664064126334 1.049924487815452 
23 40 9 7 0 4 4.0 13.341664064126334 1.0485126515115377 
23 39 9 7 0 4 4.47213595499958 13.341664064126334 1.0464994626530122 
23 38 9 7 0 4 4.0 12.0 1.0289994093460044 
23 37 9 8 0 2 4.47213595499958 12.0 1.027856581836311 
23 36 9 8 0 2 4.0 12.0 1.0264447455323968 
23 35 9 8 0 2 4.47213595499958 12.0 1.0253019180227032 
23 34 9 8 0 2 4.0 12.0 1.0226608087452667 
23 33 9 8 0 1 4.47213595499958 12.0 1.006659037206002 
23 32 9 9 0 0 4.0 12.0 1.0109340423381976 
23 33 9 9 0 2 4.47213595499958 13.038404810405298 1.0067664162577767 
23 32 9 9 0 0 4.0 12.165525060596439 1.0321483767142798 
23 36 9 8 0 4 4.47213595499958 15.033296378372908 1.0304274373678193 
23 35 9 8 0 4 4.0 14.142135623730951 1.02584104530105 
23 34 9 8 0 2 4.47213595499958 13.038404810405298 1.0067664162577767 
23 32 9 9 0 0 4.0 12.165525060596439 1.0227681877970414 
23 33 9 8 0 1 4.47213595499958 12.165525060596439 1.0067664162577767 
23 32 9 9 0 0 4.0 12.165525060596439 1.0153859300078563 
23 34 9 9 0 4 4.47213595499958 14.142135623730951 1.011265276408683 
23 33 9 9 0 2 4.0 13.341664064126334 1.0069456224302535 
23 32 9 9 0 0 4.47213595499958 12.649110640673518 1.030335231459876 
23 35 9 8 0 4 4.0 14.0 1.0227681877970414 
23 33 9 8 0 1 4.47213595499958 12.165525060596439 1.007080126827364 
23 32 9 9 0 0 4.0 12.649110640673518 1.0239974607705637 
23 33 9 8 0 2 4.47213595499958 12.165525060596439 1.007080126827364 
23 32 9 9 0 0 4.0 12.649110640673518 1.0111307720115725 
23 33 9 9 0 2 4.47213595499958 13.341664064126334 1.007080126827364 
23 32 9 9 0 0 4.0 12.649110640673518 1.0270703182745726 
23 34 9 8 0 3 4.47213595499958 13.038404810405298 1.022795313142377 
23 33 9 8 0 1 4.0 12.0 1.0069456224302535 
23 32 9 9 0 0 4.47213595499958 12.649110640673518 -1 
