140 138 0 0 14 17 16.0 16.0 1.1024920943899945 
138 137 0 0 17 18 14.142135623730951 14.0 1.0986543780021218 
136 135 0 0 22 15 14.142135623730951 13.038404810405298 1.1048354507708553 
132 134 0 0 27 16 16.0 13.341664064126334 1.113524453828627 
128 133 0 0 27 20 16.0 13.341664064126334 1.1184273731455552 
124 132 0 0 28 21 15.033296378372908 15.033296378372908 1.1242594167422215 
124 131 0 0 37 23 15.033296378372908 15.033296378372908 1.134552828149142 
120 130 0 0 37 28 15.033296378372908 15.033296378372908 1.1416830974738632 
114 129 0 0 33 31 15.033296378372908 15.033296378372908 1.1540279390072623 
106 128 1 0 21 32 15.033296378372908 15.033296378372908 1.146320198406452 
100 126 2 0 18 20 15.033296378372908 15.033296378372908 1.1455890283861725 
99 125 2 0 21 19 15.033296378372908 15.033296378372908 1.1564522044827261 
93 124 3 0 17 18 15.033296378372908 15.033296378372908 1.1573254428115949 
92 123 3 0 20 18 15.033296378372908 15.033296378372908 1.158710399533998 
88 122 3 0 18 18 15.033296378372908 15.033296378372908 1.1576045349684778 
84 121 3 0 14 17 15.033296378372908 15.033296378372908 1.1495904915795996 
82 117 3 0 15 14 15.033296378372908 15.033296378372908 1.17691996789946 
80 115 4 0 16 25 15.033296378372908 15.033296378372908 1.1935625007788275 
79 114 4 0 22 34 15.033296378372908 15.033296378372908 1.193048905717089 
71 112 5 0 13 27 13.341664064126334 15.033296378372908 1.1859001023002151 
70 111 5 0 16 22 13.341664064126334 15.033296378372908 1.1942994441960098 
66 109 6 0 10 22 13.038404810405298 15.033296378372908 1.1942862695861038 
65 108 6 0 11 22 13.038404810405298 15.033296378372908 1.1931413569171812 
63 107 6 0 11 21 12.165525060596439 15.033296378372908 1.1974688451813573 
59 106 6 0 12 22 11.045361017187261 15.033296378372908 1.1988177899858055 
55 104 6 0 13 22 11.045361017187261 15.033296378372908 1.2022503615267446 
51 103 6 0 12 23 11.045361017187261 15.033296378372908 1.2177126705262444 
47 102 7 0 8 26 11.045361017187261 15.033296378372908 1.2151726627104604 
46 100 7 0 10 25 11.045361017187261 15.033296378372908 1.2091148969581293 
42 98 8 0 4 16 13.038404810405298 15.033296378372908 1.2118673325771332 
41 97 8 0 4 18 13.038404810405298 15.033296378372908 1.2119997381875791 
41 96 8 0 11 17 13.038404810405298 15.033296378372908 1.2148122900630354 
33 95 8 0 4 17 12.165525060596439 15.033296378372908 1.221834171053928 
32 94 8 0 10 20 11.40175425099138 15.033296378372908 1.2219414621064497 
26 92 8 0 4 20 5.830951894845301 15.033296378372908 1.2206042245916886 
25 91 8 0 2 20 5.0990195135927845 15.033296378372908 1.2160483790434813 
24 90 8 0 0 18 5.656854249492381 15.033296378372908 1.213087333219683 
24 89 8 0 0 17 4.47213595499958 15.033296378372908 1.1984784112134175 
24 88 8 1 0 18 4.0 15.033296378372908 1.195508371538152 
24 87 8 1 0 17 4.0 15.033296378372908 1.1927771088859183 
24 85 8 1 0 17 4.0 15.033296378372908 1.205680084673348 
23 84 9 1 0 19 4.0 15.033296378372908 1.202706460753059 
23 83 9 1 0 18 4.47213595499958 15.033296378372908 1.201344413671966 
23 82 9 1 0 18 4.0 15.033296378372908 1.2047884231482708 
23 81 9 1 0 21 4.47213595499958 15.033296378372908 1.201821967718029 
23 80 9 1 0 20 4.0 15.033296378372908 1.19884834379774 
23 79 9 1 0 19 4.47213595499958 15.033296378372908 1.19612066539053 
23 77 9 1 0 19 4.0 15.033296378372908 1.1965946351915697 
23 75 9 1 0 21 4.47213595499958 15.033296378372908 1.189053731736914 
23 73 9 1 0 18 4.0 15.033296378372908 1.1744376412406008 
23 72 9 2 0 19 4.47213595499958 15.033296378372908 1.1714711858103593 
23 71 9 2 0 18 4.0 15.033296378372908 1.1536462786157493 
23 70 9 3 0 17 4.47213595499958 15.033296378372908 1.1506798231855075 
23 69 9 3 0 16 4.0 15.033296378372908 1.1477061992652184 
23 68 9 3 0 15 4.47213595499958 15.033296378372908 1.1479485605332738 
23 67 9 3 0 16 4.0 15.033296378372908 1.1449749366129847 
23 66 9 3 0 15 4.47213595499958 15.033296378372908 1.1420084811827431 
23 65 9 3 0 14 4.0 15.033296378372908 1.1424824509837828 
23 63 9 3 0 16 4.47213595499958 15.033296378372908 1.1411204039026894 
23 62 9 3 0 16 4.0 15.033296378372908 1.1361901706194364 
23 61 9 3 0 14 4.47213595499958 14.0 1.1300148984908975 
23 60 9 3 0 11 4.0 14.0 1.128645682919757 
23 59 9 3 0 11 4.47213595499958 14.0 1.1288880441878124 
23 58 9 3 0 12 4.0 14.0 1.125690025225695 
23 57 9 3 0 11 4.47213595499958 13.341664064126334 1.1197535301201877 
23 55 9 3 0 9 4.0 13.341664064126334 1.1170186832229305 
23 53 9 3 0 9 4.47213595499958 13.341664064126334 1.0994397215413996 
23 51 9 4 0 9 4.0 13.341664064126334 1.078644774671524 
23 49 9 5 0 7 4.47213595499958 13.341664064126334 1.080491544288728 
23 48 9 5 0 9 4.0 13.341664064126334 1.0777566973914705 
23 46 9 5 0 9 4.47213595499958 13.341664064126334 1.0763946503103772 
23 45 9 5 0 9 4.0 13.341664064126334 1.0569653347666188 
23 44 9 6 0 7 4.47213595499958 13.341664064126334 1.057207696034674 
23 43 9 6 0 8 4.0 13.341664064126334 1.054234072114385 
23 42 9 6 0 7 4.47213595499958 13.341664064126334 1.0512676166841435 
23 41 9 6 0 6 4.0 13.341664064126334 1.0334427094895333 
23 40 9 7 0 5 4.47213595499958 13.341664064126334 1.0302401959224718 
23 39 9 7 0 4 4.0 12.649110640673518 1.0288709803513312 
23 38 9 7 0 4 4.47213595499958 12.649110640673518 1.027508933270238 
23 37 9 7 0 4 4.0 12.649110640673518 1.0261397176990974 
23 36 9 7 0 4 4.47213595499958 12.649110640673518 1.0067175706453861 
23 35 9 8 0 2 4.0 12.649110640673518 1.0053483550742457 
23 34 9 8 0 2 4.47213595499958 12.649110640673518 1.002381899644004 
23 33 9 8 0 1 4.0 12.649110640673518 0.9843357418667841 
23 32 9 9 0 0 4.47213595499958 12.0 1.0087968141543864 
23 34 9 8 0 4 4.0 13.341664064126334 1.0023783153989803 
23 33 9 8 0 1 4.47213595499958 12.649110640673518 0.9845605766944178 
23 32 9 9 0 0 4.0 12.649110640673518 1.0055844132110656 
23 34 9 8 0 2 4.47213595499958 13.341664064126334 0.9845605766944178 
23 32 9 9 0 0 4.0 12.649110640673518 0.9843357418667841 
23 32 9 9 0 0 4.47213595499958 12.0 1.0121046728622638 
23 36 9 8 0 4 4.0 15.033296378372908 1.0054810467241166 
23 34 9 8 0 2 4.47213595499958 13.038404810405298 1.0021606490613941 
23 33 9 8 0 1 4.0 12.0 0.9843357418667841 
23 32 9 9 0 0 4.47213595499958 12.0 1.0103868405223315 
23 35 9 8 0 4 4.0 14.0 1.0006090759954174 
23 33 9 8 0 0 4.47213595499958 12.165525060596439 1.002381899644004 
23 33 9 8 0 1 4.0 12.649110640673518 0.9843357418667841 
23 32 9 9 0 0 4.47213595499958 12.0 0.9892677163687026 
23 33 9 9 0 2 4.0 13.038404810405298 0.9843921613949796 
23 32 9 9 0 0 4.47213595499958 12.165525060596439 1.0086934476674374 
23 34 9 8 0 4 4.0 13.038404810405298 1.003761473165519 
23 33 9 8 0 2 4.47213595499958 12.0 0.9843957456400034 
23 32 9 9 0 0 4.0 12.165525060596439 1.007188821560214 
23 34 9 8 0 3 4.47213595499958 13.341664064126334 1.0022170685895897 
23 33 9 8 0 1 4.0 12.165525060596439 0.9843921613949796 
23 32 9 9 0 0 4.47213595499958 12.165525060596439 1.0104352877169844 
23 35 9 8 0 4 4.0 14.142135623730951 1.0054810467241166 
23 34 9 8 0 2 4.47213595499958 13.038404810405298 1.0021606490613941 
23 33 9 8 0 1 4.0 12.0 0.9843921613949796 
23 32 9 9 0 0 4.47213595499958 12.165525060596439 1.0086934476674374 
23 34 9 8 0 4 4.0 13.038404810405298 0.9843921613949796 
23 32 9 9 0 0 4.47213595499958 12.165525060596439 1.0022170685895897 
23 33 9 8 0 1 4.0 12.165525060596439 0.9843921613949796 
23 32 9 9 0 0 4.47213595499958 12.165525060596439 0.9941699259218938 
23 34 9 9 0 4 4.0 14.0 0.9843921613949796 
23 32 9 9 0 0 4.47213595499958 12.165525060596439 0.9845605766944178 
23 32 9 9 0 0 4.0 12.649110640673518 1.0023783153989803 
23 33 9 8 0 1 4.47213595499958 12.649110640673518 0.9845605766944178 
23 32 9 9 0 0 4.0 12.649110640673518 1.0039827237481287 
23 33 9 8 0 2 4.47213595499958 12.649110640673518 0.9845605766944178 
23 32 9 9 0 0 4.0 12.649110640673518 1.007085455073265 
23 34 9 8 0 3 4.47213595499958 13.038404810405298 1.0007774912948555 
23 33 9 8 0 0 4.0 12.649110640673518 1.023405736160652 
23 35 9 7 0 3 4.47213595499958 13.341664064126334 1.0039835891069409 
23 34 9 8 0 1 4.0 13.341664064126334 1.0007739070498316 
23 33 9 8 0 0 4.47213595499958 12.649110640673518 1.0007774912948555 
23 33 9 8 0 0 4.0 12.649110640673518 1.0006090759954174 
23 33 9 8 0 0 4.47213595499958 12.165525060596439 1.0022170685895897 
23 33 9 8 0 1 4.0 12.165525060596439 0.9843921613949796 
23 32 9 9 0 0 4.47213595499958 12.165525060596439 1.0104352877169844 
23 35 9 8 0 4 4.0 14.142135623730951 1.0023783153989803 
23 33 9 8 0 1 4.47213595499958 12.649110640673518 0.9843957456400034 
23 32 9 9 0 0 4.0 12.165525060596439 0.984556992449394 
23 32 9 9 0 0 4.47213595499958 12.649110640673518 -1 
