140 140 0 0 14 14 16.0 16.0 1.0911032230780002 
138 138 0 0 17 17 16.0 14.142135623730951 1.0936594934178934 
134 137 0 0 16 17 13.038404810405298 16.0 1.0932566441743872 
132 135 0 0 21 16 14.0 16.0 1.0959008925996285 
128 134 0 0 22 16 14.0 16.0 1.1012137246901095 
124 133 0 0 22 18 14.0 16.0 1.1052457941455223 
120 131 0 0 22 20 14.0 16.0 1.1136196557834663 
116 130 0 0 22 24 14.0 16.0 1.111279914005289 
112 129 0 0 22 21 14.0 16.0 1.112511056968548 
110 128 0 0 20 22 14.0 16.0 1.124941323301903 
106 126 0 0 18 30 14.0 16.0 1.1283325722410515 
104 124 1 0 18 26 14.0 16.0 1.13181432880949 
103 123 1 0 24 27 14.142135623730951 16.0 1.1453958938855067 
93 122 2 0 17 26 14.142135623730951 16.0 1.1408442550192415 
92 121 2 0 22 22 14.0 16.0 1.1445097152623136 
82 120 2 0 16 21 14.0 16.0 1.1651150882713817 
78 119 3 0 17 26 14.0 16.0 1.1765565324197351 
77 118 4 0 17 27 14.0 16.0 1.1750601109428438 
76 117 4 0 22 25 14.0 16.0 1.1716361055897464 
70 115 4 0 18 22 14.0 16.0 1.1741568200531027 
69 113 4 0 17 25 14.0 16.0 1.1749134941621582 
63 111 5 0 13 18 14.142135623730951 16.0 1.1795391317801935 
62 110 5 0 18 20 14.142135623730951 16.0 1.187324600713838 
56 109 5 0 12 24 14.142135623730951 16.0 1.1983735989799678 
55 108 6 0 11 25 14.142135623730951 16.0 1.199876229613336 
51 107 7 0 6 19 12.0 16.0 1.1945338868245343 
50 106 7 0 9 15 12.0 16.0 1.195215905838657 
46 105 7 0 5 15 12.0 16.0 1.2046103528817913 
45 104 8 0 4 15 15.033296378372908 16.0 1.2042549847199069 
44 103 8 0 4 15 14.0 16.0 1.2100187436740866 
43 102 8 0 4 19 13.038404810405298 16.0 1.20962112233354 
42 101 8 0 4 19 13.038404810405298 16.0 1.207735448290063 
41 100 8 0 4 18 12.0 16.0 1.2073378269495165 
40 99 8 0 4 18 12.0 16.0 1.2085097571318308 
39 98 8 0 4 19 11.045361017187261 16.0 1.2096426505650155 
38 97 8 0 4 20 11.045361017187261 16.0 1.2105738694797301 
38 95 8 0 9 21 11.045361017187261 16.0 1.2096033440350058 
32 94 8 0 4 19 10.198039027185569 16.0 1.208114378789057 
31 93 8 0 5 18 9.055385138137417 16.0 1.2082125570541309 
27 92 8 0 3 17 5.0990195135927845 16.0 1.2061417271962926 
26 90 8 0 2 17 5.0990195135927845 16.0 1.219113686118378 
25 89 9 0 2 19 5.0990195135927845 16.0 1.2210371432659854 
24 88 9 0 0 21 4.0 16.0 1.2166760446721696 
24 87 9 0 0 19 4.47213595499958 16.0 1.215414588448386 
24 86 9 0 0 19 4.0 16.0 1.2125840046283018 
24 85 9 0 0 18 4.47213595499958 16.0 1.1950956720077779 
24 84 9 1 0 17 4.0 16.0 1.1925148403263572 
24 82 9 1 0 17 4.47213595499958 16.0 1.1912533841025736 
24 81 9 1 0 17 4.0 16.0 1.186892285508758 
24 80 9 1 0 15 4.47213595499958 16.0 1.1828195518761746 
24 78 9 1 0 14 4.0 16.0 1.1830499976035538 
24 77 9 1 0 15 4.47213595499958 16.0 1.18178854137977 
24 76 9 1 0 15 4.0 16.0 1.178957957559686 
24 75 9 1 0 14 4.47213595499958 16.0 1.1776965013359022 
24 74 9 1 0 14 4.0 16.0 1.17639643228955 
24 73 9 1 0 14 4.47213595499958 16.0 1.1751349760657661 
24 72 9 1 0 14 4.0 16.0 1.1606690601701368 
24 71 9 2 0 15 4.47213595499958 16.0 1.1578770891726216 
24 70 9 2 0 14 4.0 16.0 1.1418806585032604 
24 69 9 3 0 14 4.47213595499958 16.0 1.1393384396444086 
24 67 9 3 0 14 4.0 16.0 1.1365078558243245 
24 66 9 3 0 13 4.47213595499958 16.0 1.133715884826809 
24 65 9 3 0 12 4.0 16.0 1.130585689875512 
24 64 9 3 0 11 4.47213595499958 15.033296378372908 1.1293242336517282 
24 63 9 3 0 11 4.0 15.033296378372908 1.1280241646053757 
24 62 9 3 0 11 4.47213595499958 15.033296378372908 1.126762708381592 
24 61 9 3 0 11 4.0 15.033296378372908 1.123932124561508 
24 60 9 3 0 10 4.47213595499958 15.033296378372908 1.1242011831114558 
24 59 9 3 0 11 4.0 15.033296378372908 1.1213705992913718 
24 58 9 3 0 10 4.47213595499958 15.033296378372908 1.1038822666708479 
24 57 9 4 0 9 4.0 15.033296378372908 1.1025821976244956 
24 56 9 4 0 9 4.47213595499958 15.033296378372908 1.0997902266269801 
24 55 9 4 0 8 4.0 15.033296378372908 1.0984901575806276 
24 54 9 4 0 8 4.47213595499958 15.033296378372908 1.097228701356844 
24 53 9 4 0 8 4.0 15.033296378372908 1.0989896618579547 
24 52 9 4 0 10 4.47213595499958 15.033296378372908 1.0946671760867077 
24 51 9 4 0 8 4.0 15.033296378372908 1.0933671070403554 
24 50 9 4 0 8 4.47213595499958 15.033296378372908 1.0921056508165716 
24 49 9 4 0 8 4.0 15.033296378372908 1.0874683541452712 
24 48 9 4 0 6 4.47213595499958 14.142135623730951 1.0862068979214876 
24 47 9 4 0 6 4.0 14.142135623730951 1.0849068288751351 
24 46 9 4 0 6 4.47213595499958 14.142135623730951 1.085175887425083 
24 45 9 4 0 7 4.0 14.142135623730951 1.0810645409699309 
24 43 9 4 0 6 4.47213595499958 14.142135623730951 1.0798030847461473 
24 42 9 4 0 6 4.0 14.142135623730951 1.065337168850518 
24 41 9 5 0 7 4.47213595499958 14.142135623730951 1.0493793510037255 
24 40 9 6 0 7 4.0 14.142135623730951 1.0450182524099099 
24 39 9 6 0 5 4.47213595499958 14.142135623730951 1.0419781907007104 
24 38 9 6 0 4 4.0 13.341664064126334 1.040678121654358 
24 37 9 6 0 4 4.47213595499958 13.341664064126334 1.0230957996807117 
24 36 9 7 0 3 4.0 13.038404810405298 1.0217957306343592 
24 35 9 7 0 3 4.47213595499958 13.038404810405298 1.0027768832401034 
24 34 9 8 0 1 4.0 13.038404810405298 0.9852499377970108 
24 33 9 9 0 0 4.47213595499958 13.038404810405298 1.0121286047400067 
24 37 9 8 0 4 4.0 16.0 1.0059109343024255 
24 35 9 8 0 2 4.47213595499958 14.142135623730951 1.0027768832401034 
24 34 9 8 0 1 4.0 13.038404810405298 0.9852499377970108 
24 33 9 9 0 0 4.47213595499958 13.038404810405298 1.0027768832401034 
24 34 9 8 0 1 4.0 13.038404810405298 0.9852499377970108 
24 33 9 9 0 0 4.47213595499958 13.038404810405298 0.9945711067156491 
24 35 9 9 0 4 4.0 15.033296378372908 0.9852499377970108 
24 33 9 9 0 0 4.47213595499958 13.038404810405298 1.0027768832401034 
24 34 9 8 0 1 4.0 13.038404810405298 0.9852499377970108 
24 33 9 9 0 0 4.47213595499958 13.038404810405298 1.0027768832401034 
24 34 9 8 0 1 4.0 13.038404810405298 0.9852499377970108 
24 33 9 9 0 0 4.47213595499958 13.038404810405298 1.0074607554874415 
24 35 9 8 0 3 4.0 14.142135623730951 1.0012270620550874 
24 34 9 8 0 0 4.47213595499958 13.038404810405298 1.0074607554874415 
24 35 9 8 0 3 4.0 14.142135623730951 0.9852499377970108 
24 33 9 9 0 0 4.47213595499958 13.038404810405298 0.9668391775755896 
24 21 9 9 0 0 4.0 3.1622776601683795 0.9785142897071096 
22 23 9 9 3 4 2.8284271247461903 3.1622776601683795 1 
