140 139 0 0 14 19 16.0 16.0 1.0424186458098512 
138 135 0 0 17 22 13.038404810405298 14.142135623730951 1.0565019879634927 
136 134 0 0 22 26 15.033296378372908 14.142135623730951 1.061587815548225 
132 133 0 0 22 26 15.033296378372908 14.142135623730951 1.0622417327190399 
128 132 0 0 22 24 14.142135623730951 16.0 1.0657659384016358 
124 130 0 0 22 24 14.142135623730951 16.0 1.0761182178443212 
120 129 0 0 23 26 14.142135623730951 16.0 1.0726697547360877 
114 128 0 0 19 22 14.142135623730951 16.0 1.0727493093670302 
112 127 0 0 20 21 14.142135623730951 15.033296378372908 1.094174007498703 
108 126 0 0 17 29 15.033296378372908 15.033296378372908 1.090433148300404 
106 124 0 0 18 27 15.033296378372908 15.033296378372908 1.0829064894375864 
104 120 0 0 18 25 15.033296378372908 15.033296378372908 1.0892724882765912 
102 119 0 0 18 27 15.033296378372908 15.033296378372908 1.0940768652134598 
100 117 0 0 18 29 15.033296378372908 15.033296378372908 1.095495360016474 
98 111 1 0 19 28 15.033296378372908 15.033296378372908 1.1034724921361012 
97 110 1 0 24 30 15.033296378372908 14.142135623730951 1.1341940281263356 
93 109 1 0 21 42 15.033296378372908 14.142135623730951 1.1606787558792775 
87 107 2 0 23 46 15.033296378372908 14.142135623730951 1.1341069143981 
81 106 3 0 19 28 15.033296378372908 14.142135623730951 1.1462596947041892 
77 105 4 0 16 28 15.033296378372908 13.038404810405298 1.157892145401148 
75 104 4 0 17 32 15.033296378372908 13.038404810405298 1.1511867823437492 
73 102 4 0 17 29 15.033296378372908 13.038404810405298 1.1398775232886433 
71 100 4 0 17 24 15.033296378372908 13.038404810405298 1.1399522215153473 
65 99 5 0 15 17 15.033296378372908 13.038404810405298 1.1479691372838676 
64 98 5 0 20 19 15.033296378372908 13.038404810405298 1.157265644957954 
62 97 5 0 14 24 15.033296378372908 13.038404810405298 1.1573658854275348 
61 96 5 0 14 24 15.033296378372908 13.038404810405298 1.162195740354945 
59 95 5 0 15 25 14.0 13.038404810405298 1.1530229190740602 
53 89 5 0 14 21 13.038404810405298 13.038404810405298 1.1521463232652807 
52 88 5 0 16 20 13.038404810405298 13.038404810405298 1.168952272877985 
48 87 6 0 13 22 13.038404810405298 13.038404810405298 1.169156272015301 
47 86 6 0 13 22 12.0 13.038404810405298 1.1877211281679212 
46 85 6 0 13 30 11.045361017187261 12.0 1.171731216677177 
45 81 6 0 13 25 10.0 12.0 1.1785174077875589 
44 80 6 0 16 27 9.055385138137417 12.0 1.167096383471964 
42 79 6 0 10 23 9.055385138137417 12.0 1.1610587911679018 
41 78 6 0 11 20 8.0 12.0 1.1656633256797444 
39 76 6 0 11 22 10.0 12.0 1.1526749712669753 
38 75 6 1 12 23 10.0 12.0 1.1521351261094197 
36 74 6 1 12 22 10.0 12.0 1.1536642110241062 
32 73 7 1 7 18 11.40175425099138 12.0 1.161543233384199 
31 72 8 1 5 18 11.40175425099138 12.0 1.1616008563777358 
30 71 8 1 5 18 11.40175425099138 11.045361017187261 1.1617010968473167 
29 70 8 1 5 18 11.40175425099138 11.045361017187261 1.1648436114124683 
28 68 8 1 5 20 11.40175425099138 11.045361017187261 1.167975157383278 
26 66 9 1 2 18 7.211102550927978 11.045361017187261 1.1721546443173254 
25 65 9 1 1 20 5.830951894845301 11.045361017187261 1.1683309406972653 
24 64 9 1 2 18 5.656854249492381 11.045361017187261 1.1697131075461251 
22 63 9 1 1 18 2.8284271247461903 11.045361017187261 1.1515996112093072 
21 62 9 2 1 17 1.4142135623730951 11.045361017187261 1 
