140 140 0 0 14 14 16.0 16.0 1.0645076146940513 
138 139 0 0 17 17 16.0 14.0 1.0658089187833615 
136 137 0 0 18 18 13.038404810405298 14.142135623730951 1.0742813469403112 
132 136 0 0 18 22 12.165525060596439 16.0 1.0783806692621054 
130 135 0 0 17 25 13.038404810405298 16.0 1.0813058527217574 
128 134 0 0 17 27 13.038404810405298 16.0 1.0830515169964903 
126 133 0 0 17 28 13.038404810405298 16.0 1.080079104531547 
124 132 0 0 17 25 13.038404810405298 16.0 1.0788436971460456 
122 131 0 0 15 23 13.038404810405298 16.0 1.0779515801036788 
120 130 0 0 16 22 13.038404810405298 16.0 1.0826440587475803 
118 129 0 0 17 26 14.0 16.0 1.0832102038373943 
116 128 0 0 17 26 14.0 16.0 1.08489258145758 
112 124 0 0 19 29 14.0 16.0 1.0781355662436765 
108 118 0 0 17 26 14.142135623730951 16.0 1.0784229683862285 
106 117 0 0 18 26 14.142135623730951 16.0 1.0974464175478047 
98 116 1 0 17 27 14.142135623730951 16.0 1.093294485897942 
96 115 1 0 17 23 14.142135623730951 16.0 1.0950401501726752 
94 114 1 0 17 24 14.142135623730951 16.0 1.0979653336323272 
92 113 1 0 17 26 14.142135623730951 16.0 1.0939225814985472 
88 112 1 0 23 22 14.142135623730951 16.0 1.1120203306027465 
82 111 2 0 17 23 14.0 15.033296378372908 1.1241630946546382 
78 110 3 0 14 21 15.033296378372908 15.033296378372908 1.1250270656164447 
76 109 3 0 11 21 15.033296378372908 14.142135623730951 1.1267727298911776 
74 108 3 0 11 22 15.033296378372908 14.142135623730951 1.128242657563492 
73 107 3 0 10 23 14.0 14.142135623730951 1.128772829728387 
71 105 3 0 10 24 14.0 14.142135623730951 1.1401022865590005 
70 104 4 0 10 24 14.0 14.142135623730951 1.1318961343237999 
68 100 4 0 8 19 13.341664064126334 14.142135623730951 1.1411063254968954 
67 99 4 0 8 27 13.038404810405298 14.142135623730951 1.1409083676456386 
66 98 4 0 8 27 12.649110640673518 14.142135623730951 1.1372025441921527 
65 97 4 0 8 24 12.165525060596439 14.142135623730951 1.1369047177110856 
64 96 4 0 8 24 12.083045973594572 14.142135623730951 1.1403973447030924 
63 95 4 0 7 27 12.083045973594572 14.142135623730951 1.139726141155557 
62 94 4 0 7 27 11.661903789690601 13.341664064126334 1.1342591041769992 
61 93 4 0 6 22 10.198039027185569 13.341664064126334 1.130971975839875 
59 91 4 0 7 20 10.198039027185569 13.341664064126334 1.1298397181790079 
58 90 4 0 7 19 9.055385138137417 13.341664064126334 1.1375731759265413 
56 89 4 0 8 26 9.055385138137417 12.0 1.1423723951069407 
54 88 4 0 7 30 11.40175425099138 12.0 1.1488989153903875 
53 87 4 0 8 35 7.615773105863909 12.0 1.146493946457799 
52 86 4 0 7 33 7.615773105863909 12.0 1.1390388288215567 
50 82 4 0 10 30 7.615773105863909 12.0 1.1441261009418993 
46 80 5 0 8 23 7.615773105863909 12.0 1.1430779533362168 
45 79 5 0 7 22 7.0710678118654755 12.0 1.1389359793241856 
44 78 5 0 8 19 7.0710678118654755 12.0 1.1265947241741163 
43 77 5 1 7 20 7.0710678118654755 12.0 1.1229385107799414 
42 75 5 1 7 18 6.324555320336759 12.0 1.1221483790141793 
38 74 5 2 8 27 6.324555320336759 12.0 1.1243204253127017 
37 73 6 2 7 19 6.324555320336759 12.0 1.124435163180378 
36 72 6 2 6 19 5.830951894845301 12.0 1.1266124479373734 
32 71 6 2 5 19 7.211102550927978 12.0 1.1382206477152483 
31 70 7 2 4 19 7.211102550927978 12.0 1.1407609220201642 
30 69 7 2 4 21 5.656854249492381 12.0 1.1395255146346632 
28 68 7 2 2 19 5.656854249492381 12.0 1.139200841124651 
27 67 7 2 2 19 5.656854249492381 12.0 1.1516998595023518 
25 66 8 2 1 19 5.656854249492381 12.0 1.1518355139836383 
24 65 8 2 1 19 4.242640687119285 12.0 1.151394414539498 
23 64 8 2 1 19 2.8284271247461903 11.045361017187261 1.1501789224296601 
23 63 8 2 1 19 2.8284271247461903 11.045361017187261 1.1477839111349029 
23 62 8 2 1 18 2.8284271247461903 11.045361017187261 1.14672015743133 
22 61 8 2 1 18 5.0990195135927845 11.045361017187261 1.1589587687048735 
21 60 9 2 0 18 3.1622776601683795 11.045361017187261 1.1580335303369647 
21 59 9 2 1 18 1.4142135623730951 11.045361017187261 1 
