140 139 0 0 14 19 16.0 16.0 1.0994005121630759 
138 137 0 0 17 22 13.038404810405298 14.142135623730951 1.1054929062557908 
134 135 0 0 16 25 12.0 16.0 1.1045008399866396 
132 133 0 0 21 24 14.0 16.0 1.1100438746606134 
128 132 0 0 22 26 14.0 16.0 1.1063816802152575 
124 131 0 0 22 22 14.0 16.0 1.105692948270183 
120 130 0 0 22 20 14.0 16.0 1.1067757891937346 
116 129 0 0 23 19 14.0 16.0 1.1048780075332023 
112 128 0 0 24 16 14.142135623730951 16.0 1.115880070177789 
106 126 1 0 16 16 14.0 16.0 1.1180247395913645 
104 124 1 0 16 18 14.0 16.0 1.1227132494098806 
100 123 1 0 14 20 14.0 16.0 1.1374457709716113 
96 121 2 0 15 22 14.0 16.0 1.150965896684923 
95 119 3 0 16 25 14.0 16.0 1.1532227820430496 
93 118 3 0 17 26 14.0 16.0 1.156681557032831 
91 117 3 0 17 28 14.0 16.0 1.152421834153424 
89 116 3 0 16 25 14.0 16.0 1.1588540716434865 
87 115 3 0 16 29 14.0 16.0 1.162485472307203 
85 113 3 0 16 32 14.0 16.0 1.1522788244272335 
83 112 3 0 15 25 14.0 16.0 1.1542508681668744 
81 111 3 0 15 26 14.0 16.0 1.1513656605930567 
79 109 3 0 13 25 14.0 16.0 1.1467219922742724 
78 103 3 0 16 26 14.0 16.0 1.1470547602084165 
74 102 3 0 16 25 14.0 15.033296378372908 1.168700912193826 
73 101 4 0 15 33 15.033296378372908 15.033296378372908 1.163606398620393 
73 99 4 0 22 30 15.033296378372908 15.033296378372908 1.176989383991769 
65 97 5 0 12 31 13.038404810405298 14.142135623730951 1.1781233808452118 
64 95 5 0 17 32 14.0 14.142135623730951 1.1779546393502696 
60 93 5 0 13 32 14.0 14.142135623730951 1.174219415530438 
59 92 5 0 17 29 14.0 14.142135623730951 1.187098106904399 
53 91 6 0 11 29 14.0 14.142135623730951 1.1875382352165038 
52 90 6 0 14 29 14.0 14.142135623730951 1.1952764931019488 
46 89 6 0 11 32 13.038404810405298 14.142135623730951 1.1872537012056303 
45 87 6 0 15 27 13.038404810405298 14.142135623730951 1.178908994549079 
41 86 6 0 9 21 13.038404810405298 14.142135623730951 1.1847786742799404 
40 85 6 0 10 25 12.0 14.142135623730951 1.1893213193717265 
36 84 6 0 12 26 8.0 14.142135623730951 1.1906130747229142 
35 82 6 0 12 28 7.0710678118654755 14.142135623730951 1.1843057082332678 
34 81 6 0 12 24 6.0 14.142135623730951 1.1827182567573804 
32 80 6 0 10 23 6.324555320336759 14.142135623730951 1.1767802766577842 
30 79 6 0 8 19 4.47213595499958 14.142135623730951 1.1794053267425137 
29 78 6 0 8 21 3.1622776601683795 14.142135623730951 1.1896652486827668 
27 77 7 0 6 21 6.324555320336759 14.142135623730951 1.1879971562925917 
26 73 7 0 5 23 6.324555320336759 14.142135623730951 1.1936962079188391 
24 72 8 0 2 20 5.830951894845301 14.142135623730951 1.1797363819045712 
23 71 8 1 0 21 4.47213595499958 14.142135623730951 1.1711850296061692 
23 69 8 1 0 17 4.0 14.142135623730951 1.1683841927798226 
23 68 8 1 0 16 4.0 14.142135623730951 1.1685568184537574 
23 67 8 1 0 17 4.0 14.142135623730951 1.1659286073013455 
23 65 8 1 0 17 4.0 14.142135623730951 1.1734751453332088 
22 61 9 1 0 19 5.656854249492381 11.045361017187261 1 
