140 139 0 0 14 19 16.0 16.0 1.0820202658389324 
138 137 0 0 17 22 13.038404810405298 14.142135623730951 1.0776784506513837 
134 133 0 0 16 20 12.0 16.0 1.0806811602705377 
132 132 0 0 21 20 14.142135623730951 16.0 1.0892936825322248 
128 130 0 0 22 24 14.142135623730951 16.0 1.102040118206709 
124 129 0 0 22 30 14.142135623730951 16.0 1.1046754031503205 
120 127 0 0 28 29 14.142135623730951 16.0 1.1245414618027625 
112 126 1 0 20 33 14.0 16.0 1.1193425261199863 
111 124 1 0 30 28 14.0 16.0 1.1420585231264337 
103 123 2 0 21 34 14.0 16.0 1.1407990699459256 
99 122 2 0 23 31 14.0 16.0 1.1307777213726127 
98 121 2 0 27 24 14.0 16.0 1.1230394787926077 
90 120 2 0 17 18 14.142135623730951 16.0 1.1279577623595192 
88 118 2 0 18 21 14.142135623730951 16.0 1.1256852669983701 
87 116 2 0 20 20 14.142135623730951 16.0 1.1270844814422905 
83 115 2 0 17 20 14.142135623730951 16.0 1.1197234342688864 
79 114 2 0 13 15 14.142135623730951 16.0 1.118683613051711 
78 112 2 0 14 15 13.038404810405298 16.0 1.1177801009504806 
76 111 2 0 14 14 13.038404810405298 16.0 1.1185358736960735 
74 110 2 0 14 14 13.038404810405298 16.0 1.1192916464416665 
72 109 2 0 14 14 13.038404810405298 16.0 1.1217067040340827 
70 108 2 0 14 15 13.038404810405298 16.0 1.1261550816989705 
69 107 2 0 17 17 13.038404810405298 16.0 1.137199672206737 
65 106 3 0 13 17 12.0 16.0 1.1466583005459998 
63 105 4 0 10 17 11.40175425099138 16.0 1.1468604337508248 
62 104 4 0 11 17 11.40175425099138 16.0 1.1433699620363549 
60 103 4 0 9 15 11.40175425099138 16.0 1.1543778954065198 
59 102 5 0 8 16 11.40175425099138 16.0 1.1608431327729891 
57 101 5 0 6 20 11.40175425099138 16.0 1.1537016504802058 
55 99 6 1 6 19 14.0 16.0 1.153903783685031 
54 98 6 1 7 19 14.0 16.0 1.1537703122099132 
53 97 6 1 7 19 10.198039027185569 16.0 1.1551678928783533 
52 96 6 1 7 20 10.198039027185569 16.0 1.151587619006324 
51 95 6 1 7 18 10.198039027185569 16.0 1.1484951701056438 
50 94 6 1 8 16 9.486832980505138 16.0 1.134615832307032 
46 92 6 2 7 16 8.94427190999916 16.0 1.1402596574355348 
45 91 6 2 9 19 8.94427190999916 16.0 1.1496334839542888 
41 90 7 2 5 18 8.246211251235321 16.0 1.1485776995016455 
40 88 7 2 6 18 7.615773105863909 16.0 1.1454005604756734 
38 87 7 2 5 16 5.0990195135927845 15.033296378372908 1.1467981411441137 
37 86 7 2 5 17 5.0990195135927845 15.033296378372908 1.145841894662762 
36 85 7 2 7 16 4.0 15.033296378372908 1.1557380327701432 
34 83 7 2 8 22 4.0 15.033296378372908 1.1539068459024966 
32 82 7 2 6 21 4.0 15.033296378372908 1.1486955419187637 
31 81 7 2 6 18 3.1622776601683795 15.033296378372908 1.160993835078597 
29 79 7 2 5 26 2.8284271247461903 15.033296378372908 1.1629624740090172 
28 78 8 2 6 21 3.1622776601683795 15.033296378372908 1.151856587334206 
27 77 8 2 4 15 2.0 15.033296378372908 1.1511031045469091 
26 76 8 2 3 15 2.8284271247461903 15.033296378372908 1.1605020403674686 
24 75 9 2 0 15 4.0 15.033296378372908 1.1625255047369525 
24 74 9 2 0 17 4.47213595499958 15.033296378372908 1.1612622478563968 
24 73 9 2 0 17 4.0 15.033296378372908 1.1553693917362287 
24 71 9 2 0 15 4.47213595499958 15.033296378372908 1.154106134855673 
24 70 9 2 0 15 4.0 15.033296378372908 1.151151744684687 
24 69 9 2 0 14 4.47213595499958 15.033296378372908 1.1532070574977777 
24 68 9 2 0 16 4.0 15.033296378372908 1.150252667326792 
24 67 9 2 0 15 4.47213595499958 15.033296378372908 1.14567084075259 
24 66 9 2 0 13 4.0 15.033296378372908 1.141057165734781 
24 65 9 2 0 11 4.47213595499958 15.033296378372908 1.1381346240074022 
24 64 9 2 0 10 4.0 15.033296378372908 1.1368395186832396 
24 63 9 2 0 10 4.47213595499958 15.033296378372908 1.137235546649507 
24 62 9 2 0 11 4.0 15.033296378372908 1.1209950958956258 
24 61 9 3 0 11 4.47213595499958 15.033296378372908 1.1197318390150701 
24 60 9 3 0 11 4.0 15.033296378372908 1.0988936374651834 
24 58 9 4 0 9 4.47213595499958 15.033296378372908 1.0797465692057273 
24 56 9 5 0 8 4.0 15.033296378372908 1.0767921790347414 
24 55 9 5 0 7 4.47213595499958 15.033296378372908 1.0736180322726607 
24 54 9 5 0 6 4.0 14.0 1.0723229269484982 
24 53 9 5 0 6 4.47213595499958 14.0 1.0710596700679424 
24 52 9 5 0 6 4.0 14.0 1.06976456474378 
24 51 9 5 0 6 4.47213595499958 14.0 1.0685013078632242 
24 50 9 5 0 6 4.0 14.0 1.0672062025390616 
24 49 9 5 0 6 4.47213595499958 14.0 1.065942945658506 
24 48 9 5 0 6 4.0 14.0 1.0646478403343433 
24 47 9 5 0 6 4.47213595499958 14.0 1.0617252986069645 
24 46 9 5 0 5 4.0 14.0 1.060430193282802 
24 45 9 5 0 5 4.47213595499958 14.0 1.0591669364022465 
24 44 9 5 0 5 4.0 14.0 1.059531115924907 
24 43 9 5 0 6 4.47213595499958 14.0 1.0582678590443513 
24 42 9 5 0 6 4.0 14.0 1.0420274082904701 
24 41 9 6 0 6 4.47213595499958 14.0 1.0258188059801958 
24 40 9 7 0 6 4.0 14.0 1.0095783552263147 
24 39 9 8 0 6 4.47213595499958 14.0 1.0049965286521125 
24 38 9 8 0 4 4.0 14.0 1.00370142332795 
24 37 9 8 0 4 4.47213595499958 14.0 0.9988854507757777 
24 36 9 8 0 2 4.0 13.038404810405298 0.9975903454516154 
24 35 9 8 0 2 4.47213595499958 13.038404810405298 0.9946678037242362 
24 34 9 8 0 1 4.0 13.038404810405298 0.9767680681235323 
24 33 9 9 0 0 4.47213595499958 13.038404810405298 -1 
