140 139 0 0 14 17 16.0 16.0 1.103966432091956 
138 138 0 0 17 18 13.341664064126334 14.0 1.1055379058535464 
136 136 0 0 18 20 13.341664064126334 14.142135623730951 1.1107655111861785 
132 135 0 0 18 22 13.038404810405298 16.0 1.109668020235672 
130 133 0 0 17 22 13.341664064126334 16.0 1.1072427851743154 
128 132 0 0 17 20 13.341664064126334 16.0 1.1113345912960784 
126 131 0 0 17 23 13.341664064126334 16.0 1.1115161727079697 
124 130 0 0 17 23 13.341664064126334 16.0 1.107828627356273 
122 129 0 0 15 20 13.341664064126334 16.0 1.1079896597950223 
120 128 0 0 16 20 13.341664064126334 16.0 1.1107575087070196 
118 127 0 0 17 22 13.341664064126334 16.0 1.1122424983555348 
116 126 0 0 17 23 13.341664064126334 16.0 1.1111001225576602 
114 125 0 0 18 22 13.341664064126334 16.0 1.111202638044543 
112 124 0 0 18 22 14.142135623730951 16.0 1.112835468018579 
108 123 0 0 18 22 14.142135623730951 16.0 1.1117136411938464 
106 122 0 0 18 21 14.142135623730951 16.0 1.1158054473156096 
104 121 0 0 18 24 14.142135623730951 16.0 1.1160281266737846 
102 120 0 0 16 24 14.142135623730951 16.0 1.1187548776394982 
100 119 0 0 19 26 14.142135623730951 16.0 1.1190842993769103 
96 118 0 0 19 25 14.142135623730951 16.0 1.1110496971073804 
94 117 0 0 14 19 14.142135623730951 15.033296378372908 1.1188404104239302 
92 116 0 0 20 25 15.033296378372908 15.033296378372908 1.136604908636748 
84 115 1 0 15 27 15.033296378372908 14.0 1.1290482365214631 
82 114 1 0 11 21 15.033296378372908 14.0 1.1508162535536397 
78 113 2 0 13 28 15.033296378372908 14.0 1.146538888013707 
77 111 2 0 11 26 14.0 14.0 1.1460153941176678 
76 110 2 0 10 26 14.0 14.0 1.1467747594851108 
75 109 2 0 10 27 14.0 14.0 1.1522986957099308 
73 107 2 0 10 32 13.038404810405298 14.0 1.1499728707467043 
71 105 2 0 11 31 12.165525060596439 14.0 1.1450162600504794 
69 104 2 0 11 27 11.40175425099138 14.0 1.142653393442289 
67 103 2 0 11 25 10.770329614269007 14.0 1.1363780138373443 
65 101 2 0 12 21 10.295630140987 14.0 1.1417732281957313 
63 100 2 0 12 25 10.295630140987 14.0 1.140570500271279 
61 98 2 0 19 25 10.0 14.0 1.1569544636080054 
55 96 3 0 14 28 10.0 13.038404810405298 1.1600831564123695 
51 95 4 0 9 21 10.0 12.0 1.1712966161991751 
49 94 5 0 10 21 10.0 12.0 1.1741466610037399 
47 93 5 0 7 23 10.0 12.0 1.1710500917208233 
46 91 5 0 6 22 10.0 12.0 1.1712621494114672 
44 90 5 0 5 22 9.899494936611665 12.0 1.1746077822790162 
43 89 5 0 6 25 9.899494936611665 12.0 1.1722162883040301 
41 87 5 0 6 24 9.899494936611665 12.0 1.1788349970461756 
40 86 6 0 5 21 9.899494936611665 12.0 1.1869431027902149 
39 85 6 0 4 28 9.899494936611665 11.045361017187261 1.1851162006575515 
38 84 6 0 3 27 9.899494936611665 11.045361017187261 1.178034567632109 
37 83 6 0 4 22 9.899494936611665 11.045361017187261 1.1789541697631303 
36 82 6 0 3 23 8.48528137423857 11.045361017187261 1.1809963943940553 
35 81 6 0 4 25 8.48528137423857 11.045361017187261 1.171382783928019 
34 79 6 0 3 19 8.48528137423857 11.045361017187261 1.1715643653399104 
32 78 6 0 3 19 8.48528137423857 11.045361017187261 1.171040871443871 
31 77 6 0 2 19 8.48528137423857 11.045361017187261 1.173103645047938 
30 76 6 0 2 21 8.48528137423857 11.045361017187261 1.184915437763437 
29 75 7 0 2 22 8.48528137423857 11.045361017187261 1.185376394756202 
27 74 7 0 2 22 5.656854249492381 11.045361017187261 1.1849720396774577 
26 73 7 0 2 22 4.242640687119285 11.045361017187261 1.1869190270845384 
25 72 7 0 0 24 5.830951894845301 11.045361017187261 1.1840453666817645 
25 71 7 0 1 23 4.242640687119285 10.198039027185569 1.1834786556047974 
24 70 7 0 1 23 4.47213595499958 10.198039027185569 1.1875037399869235 
23 68 8 0 1 19 4.47213595499958 10.198039027185569 1.1895251426522524 
22 67 8 0 0 21 5.0990195135927845 10.198039027185569 1.1871228183881661 
22 66 8 0 1 20 3.1622776601683795 10.198039027185569 1.197062544247727 
21 65 9 0 0 20 3.1622776601683795 9.055385138137417 1.1819822234823392 
21 63 9 1 1 21 1.4142135623730951 9.055385138137417 1 
