140 138 0 0 14 17 16.0 16.0 1.1055832444782931 
138 136 0 0 17 20 14.0 14.142135623730951 1.1053574343695065 
134 135 0 0 16 18 13.341664064126334 16.0 1.1112865659104665 
132 133 0 0 21 23 14.142135623730951 16.0 1.1126603148698062 
128 132 0 0 22 23 14.142135623730951 15.033296378372908 1.1074196901289985 
124 131 0 0 22 18 15.033296378372908 15.033296378372908 1.109158595216405 
120 130 0 0 22 18 15.033296378372908 15.033296378372908 1.1177981198111935 
116 129 0 0 22 23 15.033296378372908 15.033296378372908 1.1272168216207534 
108 121 1 0 20 25 13.038404810405298 15.033296378372908 1.139953980914137 
100 120 2 0 15 23 13.341664064126334 15.033296378372908 1.1443481401744906 
98 119 2 0 16 26 13.341664064126334 15.033296378372908 1.1487038322119998 
96 118 2 0 16 29 13.341664064126334 15.033296378372908 1.146230764222357 
94 116 2 0 16 28 13.341664064126334 15.033296378372908 1.1533467040628194 
92 115 2 0 16 33 13.341664064126334 15.033296378372908 1.1439011570855642 
90 114 2 0 16 26 13.341664064126334 15.033296378372908 1.140047965194445 
88 112 2 0 16 24 13.341664064126334 15.033296378372908 1.1402248183046808 
86 111 2 0 15 24 13.341664064126334 15.033296378372908 1.145883699797978 
84 110 2 0 13 28 13.341664064126334 15.033296378372908 1.150234316870029 
82 108 2 0 11 32 13.341664064126334 15.033296378372908 1.1485000570386907 
81 107 2 0 16 31 13.341664064126334 15.033296378372908 1.135157775982014 
77 103 2 0 13 23 13.341664064126334 15.033296378372908 1.1440847671438412 
76 102 3 0 11 22 13.341664064126334 15.033296378372908 1.1535453674156912 
75 101 3 0 20 29 13.341664064126334 15.033296378372908 1.152234927166837 
71 100 3 0 14 27 14.0 15.033296378372908 1.1599356633185647 
70 99 4 0 16 25 14.0 15.033296378372908 1.157390735848692 
68 98 4 0 16 23 14.0 15.033296378372908 1.1434130268345102 
66 97 4 1 13 23 13.341664064126334 15.033296378372908 1.1407526976961044 
64 96 4 1 10 21 13.341664064126334 15.033296378372908 1.1402715458134423 
63 95 4 1 11 21 13.038404810405298 15.033296378372908 1.1391840338231882 
61 94 4 1 11 20 12.165525060596439 15.033296378372908 1.135976502033513 
60 93 4 1 11 18 11.045361017187261 15.033296378372908 1.1406553777585733 
59 92 4 1 13 22 11.045361017187261 14.142135623730951 1.1438409331546173 
53 91 4 1 11 22 11.045361017187261 14.142135623730951 1.143965205243763 
51 90 4 1 8 22 10.770329614269007 14.142135623730951 1.1440282364157661 
47 89 4 1 9 21 10.770329614269007 13.341664064126334 1.1578189244363417 
45 88 5 1 6 23 10.770329614269007 13.341664064126334 1.1736850023283958 
44 87 6 1 5 27 10.770329614269007 13.341664064126334 1.1691118093781585 
43 86 6 1 5 24 9.486832980505138 13.341664064126334 1.164115611479836 
42 84 6 1 5 22 8.246211251235321 12.165525060596439 1.1598253369794091 
41 80 6 1 7 22 7.0710678118654755 12.165525060596439 1.1703802597246513 
40 79 6 1 7 30 6.0 12.083045973594572 1.1594473483841334 
38 78 6 1 7 22 7.211102550927978 12.083045973594572 1.1616611241430033 
37 77 6 1 7 24 7.211102550927978 12.083045973594572 1.157012747617335 
36 76 6 1 8 21 7.211102550927978 12.083045973594572 1.1666630639334814 
34 75 7 1 5 20 7.211102550927978 12.083045973594572 1.1661618667426497 
33 74 7 1 3 20 5.830951894845301 12.083045973594572 1.1628551468956136 
32 73 7 1 3 18 5.830951894845301 12.083045973594572 1.1634043421296187 
31 72 7 1 3 19 5.830951894845301 11.40175425099138 1.1623866248335857 
29 71 7 1 4 18 5.830951894845301 11.661903789690601 1.1721145532191974 
28 70 8 1 3 18 8.602325267042627 10.770329614269007 1.171413857780947 
27 69 8 1 2 18 7.211102550927978 10.198039027185569 1.1759302263402402 
25 68 8 1 3 21 5.830951894845301 10.198039027185569 1.1727438266500398 
24 67 8 1 3 19 4.47213595499958 10.198039027185569 1.1726999363293573 
23 66 8 1 3 19 4.47213595499958 11.40175425099138 1.1816653947140288 
22 65 9 1 2 18 4.47213595499958 11.40175425099138 1.1656419275130743 
21 64 9 2 0 17 3.1622776601683795 11.40175425099138 1.1645269175380464 
21 63 9 2 1 17 1.4142135623730951 11.40175425099138 1 
