140 139 0 0 14 17 16.0 16.0 1.061779227482576 
138 138 0 0 17 16 13.341664064126334 14.142135623730951 1.0705393396533371 
134 137 0 0 16 20 12.649110640673518 16.0 1.069947363111923 
132 136 0 0 16 19 12.649110640673518 16.0 1.0681755085503808 
130 135 0 0 16 17 12.649110640673518 16.0 1.0687634100290946 
128 134 0 0 16 17 12.649110640673518 16.0 1.0757755724920486 
126 132 0 0 14 23 12.649110640673518 16.0 1.0720859857072824 
124 130 0 0 16 21 13.038404810405298 16.0 1.0711232133976047 
122 129 0 0 16 20 14.142135623730951 16.0 1.0705312368561906 
120 128 0 0 16 19 14.142135623730951 16.0 1.0711191383349044 
118 127 0 0 16 19 14.142135623730951 16.0 1.0722319106972185 
116 125 0 0 14 20 14.142135623730951 16.0 1.0704869408141136 
114 124 0 0 16 19 14.142135623730951 15.033296378372908 1.0766748490359725 
112 123 0 0 16 24 15.033296378372908 15.033296378372908 1.0713633604140465 
110 122 0 0 16 19 15.033296378372908 15.033296378372908 1.0743110179330162 
108 121 0 0 16 21 15.033296378372908 15.033296378372908 1.0736779409617643 
106 119 0 0 16 21 15.033296378372908 15.033296378372908 1.074265842440478 
104 118 0 0 16 21 15.033296378372908 15.033296378372908 1.076930514302729 
102 117 0 0 17 23 15.033296378372908 15.033296378372908 1.0754416453979054 
100 116 0 0 16 21 15.033296378372908 15.033296378372908 1.0786722885735942 
98 115 0 0 15 23 15.033296378372908 15.033296378372908 1.080440068072436 
96 114 0 0 15 24 15.033296378372908 15.033296378372908 1.0801310771877406 
94 113 0 0 14 23 15.033296378372908 15.033296378372908 1.0957396068653282 
88 112 1 0 13 23 15.033296378372908 14.142135623730951 1.0960054373939159 
87 111 1 0 12 23 14.142135623730951 14.142135623730951 1.0980964050767135 
86 110 1 0 12 25 14.0 14.142135623730951 1.0990073521955228 
84 109 1 0 12 25 13.038404810405298 14.142135623730951 1.0987086175510676 
82 108 1 0 12 24 12.165525060596439 14.142135623730951 1.098373228015022 
80 107 1 0 12 23 11.40175425099138 14.142135623730951 1.0961242264706959 
78 103 1 0 14 24 10.770329614269007 14.142135623730951 1.1039659654425198 
74 102 1 0 12 28 10.295630140987 14.142135623730951 1.1052459623658655 
73 101 1 0 12 29 9.055385138137417 14.142135623730951 1.1163780484100898 
69 100 2 0 14 27 9.055385138137417 14.142135623730951 1.113966281913881 
65 98 2 0 10 23 9.055385138137417 14.142135623730951 1.118369255508767 
64 97 2 0 10 27 9.055385138137417 14.142135623730951 1.1336699775219268 
58 96 3 0 12 27 9.055385138137417 14.142135623730951 1.1286414745567195 
56 95 3 0 11 22 9.055385138137417 14.142135623730951 1.1292454615370335 
55 94 3 0 9 22 8.0 14.142135623730951 1.1339928700411916 
49 93 3 0 9 23 9.899494936611665 14.142135623730951 1.1452834098556792 
47 91 4 0 8 24 9.899494936611665 12.165525060596439 1.156413756138277 
45 90 5 0 6 23 11.40175425099138 12.165525060596439 1.1657520574556834 
41 89 6 0 6 19 11.40175425099138 12.165525060596439 1.1760979903643634 
40 88 6 0 5 27 8.602325267042627 12.165525060596439 1.1746015738586093 
39 87 6 0 5 26 8.602325267042627 12.165525060596439 1.1704699632568112 
37 86 6 0 5 22 8.602325267042627 12.165525060596439 1.1733765203459432 
35 84 6 0 5 25 8.602325267042627 12.165525060596439 1.185011547108492 
33 83 7 0 3 24 8.602325267042627 12.165525060596439 1.1821486927032874 
32 82 7 0 2 22 10.0 12.165525060596439 1.1815491685609423 
31 81 7 0 3 22 10.0 12.165525060596439 1.1855247953284613 
30 80 7 0 2 25 8.602325267042627 12.165525060596439 1.1872850272263722 
29 79 7 0 3 27 8.602325267042627 12.165525060596439 1.182999340313127 
28 78 7 0 2 23 7.211102550927978 12.165525060596439 1.1779789991623013 
28 77 7 0 2 19 4.47213595499958 12.165525060596439 1.191263700717057 
24 76 8 0 1 19 7.615773105863909 12.165525060596439 1.1913809438066114 
23 75 8 0 1 19 6.324555320336759 12.165525060596439 1.204975222667667 
21 74 9 0 0 19 3.1622776601683795 12.165525060596439 1.190585578662781 
21 73 9 1 1 19 1.4142135623730951 12.165525060596439 1 
