140 138 0 0 14 17 16.0 16.0 1.1150604190553428 
138 137 0 0 17 22 14.142135623730951 14.142135623730951 1.1176195982991761 
134 133 0 0 16 25 13.038404810405298 16.0 1.1111656214377248 
132 131 0 0 21 21 14.142135623730951 16.0 1.1169643249560814 
128 129 0 0 22 25 14.142135623730951 16.0 1.1240131998548508 
124 128 0 0 22 29 14.142135623730951 16.0 1.1287134631092126 
120 126 0 0 28 32 14.142135623730951 16.0 1.1356432383629964 
110 125 1 0 21 25 13.038404810405298 16.0 1.1425240512679884 
104 123 2 0 16 21 13.038404810405298 16.0 1.1454504248899235 
102 122 2 0 17 23 13.038404810405298 16.0 1.1525472189721835 
100 120 2 0 18 29 13.038404810405298 16.0 1.152240380857919 
98 118 2 0 16 30 13.038404810405298 15.033296378372908 1.1533502128522362 
96 116 2 0 17 32 15.033296378372908 14.142135623730951 1.1548538838570945 
94 115 2 0 17 33 15.033296378372908 14.142135623730951 1.161832190428205 
92 114 2 0 17 38 15.033296378372908 14.142135623730951 1.1388350134982266 
88 112 2 0 17 21 15.033296378372908 14.142135623730951 1.164340562973251 
87 110 3 0 18 33 15.033296378372908 14.142135623730951 1.1617382573034207 
85 109 3 0 18 31 15.033296378372908 14.142135623730951 1.160396523074126 
83 108 3 0 16 30 15.033296378372908 14.142135623730951 1.179817565447262 
75 107 4 0 15 33 15.033296378372908 14.142135623730951 1.168949262702541 
73 106 4 0 14 25 15.033296378372908 14.142135623730951 1.1727727506862071 
71 105 4 0 12 28 13.038404810405298 13.038404810405298 1.168114137503428 
70 104 4 0 13 25 13.341664064126334 13.038404810405298 1.167551614744401 
69 103 4 0 13 25 13.038404810405298 13.038404810405298 1.1632705428323595 
68 99 4 0 17 25 13.038404810405298 13.038404810405298 1.171347483392251 
62 98 5 0 10 21 13.038404810405298 13.038404810405298 1.169448266729886 
61 97 5 0 11 20 13.038404810405298 13.038404810405298 1.170897894009231 
59 96 5 0 10 21 13.038404810405298 13.038404810405298 1.1730789527904446 
58 95 5 0 10 23 12.649110640673518 13.038404810405298 1.1711729507900044 
57 94 5 0 10 22 12.0 13.038404810405298 1.17323632726622 
56 93 5 0 15 24 12.0 12.165525060596439 1.1924621892585239 
52 92 6 0 13 29 12.0 12.165525060596439 1.1842396414480467 
48 91 6 0 9 22 12.0 12.165525060596439 1.1932131967732889 
47 89 7 0 8 22 12.0 12.165525060596439 1.192726194180323 
46 88 7 0 9 22 11.40175425099138 12.165525060596439 1.1894302220483606 
45 87 7 0 9 20 11.045361017187261 12.165525060596439 1.188865644165559 
44 86 7 0 9 20 10.770329614269007 12.165525060596439 1.1917379740619805 
42 85 7 0 9 22 10.770329614269007 12.165525060596439 1.192808807563603 
41 81 7 0 9 26 9.486832980505138 12.165525060596439 1.189732189007978 
40 80 7 0 16 24 11.313708498984761 12.165525060596439 1.204733367596072 
32 79 8 0 6 24 8.94427190999916 12.165525060596439 1.2001395105497314 
31 78 8 0 6 21 7.615773105863909 12.165525060596439 1.1969656418823835 
30 77 8 0 7 19 6.324555320336759 12.165525060596439 1.199412488192845 
28 76 8 0 7 21 5.830951894845301 11.045361017187261 1.2090289089023196 
24 75 9 0 2 19 4.0 11.045361017187261 1.2081562670027368 
23 74 9 0 2 19 3.1622776601683795 10.198039027185569 1.2062876260380093 
22 73 9 0 2 18 2.0 10.198039027185569 1.1915523962129486 
21 72 9 1 1 18 1.4142135623730951 10.198039027185569 1 
