140 138 0 0 14 17 16.0 16.0 1.0834885355493677 
138 136 0 0 17 18 14.0 14.142135623730951 1.0867532315832737 
134 135 0 0 16 18 13.038404810405298 16.0 1.0871162318181393 
132 134 0 0 16 18 13.038404810405298 16.0 1.0875066236998963 
130 132 0 0 16 19 13.038404810405298 16.0 1.0916849016674894 
128 131 0 0 16 22 13.038404810405298 16.0 1.093568788705947 
126 130 0 0 14 23 13.038404810405298 16.0 1.0936826613814632 
124 129 0 0 16 23 13.038404810405298 16.0 1.0938857473817711 
122 127 0 0 17 24 13.341664064126334 16.0 1.0942487476166367 
120 126 0 0 17 24 13.341664064126334 16.0 1.090796470118775 
118 125 0 0 17 21 13.341664064126334 16.0 1.0911594703536405 
116 124 0 0 17 21 13.341664064126334 16.0 1.0926696660530737 
114 123 0 0 18 22 13.341664064126334 16.0 1.091283152807957 
112 121 0 0 18 22 13.341664064126334 15.033296378372908 1.0900517992026 
110 119 0 0 18 22 15.033296378372908 15.033296378372908 1.0936901335934903 
108 118 0 0 18 25 15.033296378372908 14.0 1.095574020631948 
106 117 0 0 16 26 15.033296378372908 14.0 1.1000879071875154 
102 116 0 0 16 28 15.033296378372908 14.0 1.0931559605449004 
98 115 0 0 16 21 15.033296378372908 14.0 1.0909754422912807 
96 114 0 0 16 19 15.033296378372908 14.0 1.1069483420586181 
95 112 1 0 16 24 15.033296378372908 14.0 1.1036206283404308 
93 111 1 0 15 21 15.033296378372908 14.0 1.0984018460459464 
92 110 1 0 14 17 14.142135623730951 14.0 1.1031727631213482 
91 109 1 0 13 21 14.142135623730951 14.0 1.0964848649712644 
90 105 1 0 13 19 14.0 14.0 1.0995903306435089 
88 104 1 0 13 21 13.038404810405298 14.0 1.0987376002335114 
86 103 1 0 14 20 12.165525060596439 14.0 1.0946591460504125 
82 101 1 0 13 16 11.40175425099138 14.0 1.101380942506491 
80 100 1 0 13 21 11.40175425099138 14.0 1.1106462574510543 
78 99 1 0 13 28 11.40175425099138 14.0 1.1072213716000836 
76 97 1 0 13 26 11.40175425099138 14.0 1.1050408533464642 
74 96 1 0 13 24 11.40175425099138 14.0 1.1252813002536928 
68 94 2 0 11 29 11.40175425099138 14.0 1.1203081359522387 
66 93 2 0 13 25 11.40175425099138 14.0 1.1385591223025602 
60 91 3 0 14 29 11.40175425099138 13.341664064126334 1.1530139234099785 
58 90 4 0 12 31 11.40175425099138 13.341664064126334 1.1542186025499652 
57 89 4 0 11 32 10.198039027185569 13.341664064126334 1.1514708070379738 
56 88 4 0 11 30 9.055385138137417 13.341664064126334 1.1410234615089092 
55 87 4 0 11 22 8.246211251235321 13.341664064126334 1.1307347607866405 
53 81 4 0 11 19 8.246211251235321 12.165525060596439 1.1318659032000202 
52 80 4 0 9 20 8.0 12.165525060596439 1.1278295226478605 
51 78 4 0 9 18 7.0710678118654755 12.165525060596439 1.1275134027462925 
50 77 4 0 8 18 7.0710678118654755 12.165525060596439 1.1270727190650496 
49 76 4 0 8 18 7.0710678118654755 12.165525060596439 1.1247676370317552 
47 75 4 0 9 16 7.0710678118654755 12.165525060596439 1.1114961130346466 
45 73 4 1 8 17 7.0710678118654755 12.165525060596439 1.1231582680942305 
43 72 5 1 8 17 7.0710678118654755 12.165525060596439 1.1376130692016488 
41 71 6 1 6 19 7.0710678118654755 12.165525060596439 1.139840467788566 
40 70 6 1 5 21 7.0710678118654755 12.165525060596439 1.1392752203276484 
39 69 6 1 6 21 7.0710678118654755 12.165525060596439 1.1364155819375952 
38 68 6 1 5 19 7.0710678118654755 12.165525060596439 1.13394247333373 
36 67 6 1 5 17 8.48528137423857 12.165525060596439 1.1326546278109446 
35 66 6 1 6 16 5.830951894845301 12.165525060596439 1.1185520282508363 
34 65 6 2 5 16 5.830951894845301 12.165525060596439 1.1209006028038324 
32 63 6 2 5 19 5.830951894845301 11.045361017187261 1.1185955207705383 
30 62 6 2 6 17 5.830951894845301 11.045361017187261 1.1300640397492652 
28 61 7 2 4 17 5.830951894845301 10.198039027185569 1.1298319735259528 
26 60 7 2 3 16 3.1622776601683795 10.198039027185569 1.1306630490889524 
25 59 7 2 3 17 3.1622776601683795 10.198039027185569 1.1351901156581066 
24 57 8 2 3 13 3.1622776601683795 10.198039027185569 1.1238715012576561 
23 56 8 3 2 15 2.0 10.198039027185569 1.1329467464702634 
22 55 9 3 2 14 4.47213595499958 10.198039027185569 1.133053582010714 
21 53 9 3 0 15 3.1622776601683795 10.198039027185569 1.1169880732933692 
21 52 9 4 1 14 1.4142135623730951 10.198039027185569 1 
