140 140 0 0 14 14 16.0 16.0 1.1129705272219697 
138 138 0 0 17 17 16.0 14.142135623730951 1.1208427837851347 
134 136 0 0 16 22 13.038404810405298 16.0 1.114503817956002 
132 134 0 0 21 18 13.038404810405298 16.0 1.1160468065477385 
128 132 0 0 22 19 14.0 16.0 1.1229769959245428 
124 131 0 0 22 23 14.0 16.0 1.1232121716043626 
120 129 0 0 23 23 14.0 16.0 1.126240151475788 
116 128 0 0 26 24 14.142135623730951 16.0 1.1396069477567559 
110 126 0 0 19 33 14.142135623730951 16.0 1.1404828423771531 
109 125 1 0 21 26 14.142135623730951 16.0 1.1386831645206303 
105 124 1 0 19 24 14.142135623730951 15.033296378372908 1.1428776233235103 
103 122 1 0 19 28 15.033296378372908 15.033296378372908 1.1347651396390444 
101 121 1 0 19 22 15.033296378372908 15.033296378372908 1.130544992816284 
99 119 1 0 15 20 15.033296378372908 15.033296378372908 1.1306953746427926 
97 117 1 0 15 21 15.033296378372908 15.033296378372908 1.133579030136346 
95 116 1 0 16 23 15.033296378372908 15.033296378372908 1.1528528000090443 
91 115 2 0 17 28 15.033296378372908 15.033296378372908 1.1463068964068892 
89 111 2 0 17 26 15.033296378372908 15.033296378372908 1.1423605470620275 
87 110 2 0 18 23 15.033296378372908 15.033296378372908 1.1420775408914239 
85 109 2 0 18 23 15.033296378372908 14.142135623730951 1.1445638364986765 
83 108 2 0 18 25 15.033296378372908 13.341664064126334 1.155556806711965 
81 107 3 0 18 25 15.033296378372908 13.341664064126334 1.1570063298012805 
79 106 3 0 18 26 15.033296378372908 13.341664064126334 1.15558758808212 
77 105 3 0 16 25 15.033296378372908 13.341664064126334 1.1583337089708852 
75 103 3 0 14 28 15.033296378372908 13.341664064126334 1.163530560453804 
74 102 3 0 19 32 15.033296378372908 13.341664064126334 1.1619909465466118 
70 100 3 0 14 31 15.033296378372908 13.341664064126334 1.1750245870030465 
69 99 4 0 14 33 15.033296378372908 13.341664064126334 1.1666976916822451 
68 98 4 0 21 27 15.033296378372908 13.341664064126334 1.1813475264830913 
60 97 5 0 13 27 14.142135623730951 13.341664064126334 1.1814310486047235 
58 96 5 0 13 27 14.142135623730951 13.341664064126334 1.1780998380107646 
57 95 5 0 13 25 14.0 13.341664064126334 1.1769436786570353 
55 94 5 0 14 24 13.038404810405298 13.341664064126334 1.1798120224204016 
53 93 5 0 14 26 12.165525060596439 13.341664064126334 1.1826737637827105 
51 92 5 0 14 28 11.40175425099138 13.341664064126334 1.2005334658375284 
41 91 6 0 13 29 10.770329614269007 13.341664064126334 1.200480243281343 
40 90 6 0 20 29 9.486832980505138 13.341664064126334 1.2093827829715422 
32 89 7 0 9 25 9.899494936611665 13.341664064126334 1.2074906662702323 
30 88 7 0 6 24 8.602325267042627 12.165525060596439 1.2013300295143778 
29 87 7 0 5 20 8.94427190999916 12.165525060596439 1.2022367424782383 
28 86 7 0 6 21 7.615773105863909 12.165525060596439 1.1984236202121226 
26 85 7 0 5 18 3.1622776601683795 12.165525060596439 1.2092121961157463 
24 84 8 0 2 18 3.1622776601683795 12.165525060596439 1.2073087173324992 
23 83 8 0 2 17 2.0 12.165525060596439 1.2190297640633236 
21 82 9 0 0 18 5.0990195135927845 11.40175425099138 1.217875147157027 
21 81 9 0 1 18 1.4142135623730951 11.045361017187261 1 
