140 138 0 0 14 17 16.0 16.0 1.089035376898415 
138 137 0 0 17 16 14.142135623730951 14.142135623730951 1.09571692183549 
134 136 0 0 16 19 13.341664064126334 16.0 1.095969139145841 
132 135 0 0 16 19 13.341664064126334 16.0 1.0973794473912286 
130 133 0 0 16 21 14.142135623730951 16.0 1.1001529106027288 
128 132 0 0 16 23 14.142135623730951 16.0 1.0993377727424443 
126 131 0 0 14 22 14.142135623730951 16.0 1.0981360993222815 
124 130 0 0 16 21 14.142135623730951 16.0 1.1008129286438124 
122 129 0 0 17 23 14.142135623730951 16.0 1.0998045230035884 
120 128 0 0 17 22 14.142135623730951 16.0 1.0987961173633651 
118 127 0 0 17 21 14.142135623730951 16.0 1.098561590088851 
116 126 0 0 17 21 14.142135623730951 15.033296378372908 1.098660503809297 
114 125 0 0 17 21 15.033296378372908 15.033296378372908 1.1026945899713716 
112 124 0 0 17 24 15.033296378372908 15.033296378372908 1.104207430232297 
110 123 0 0 17 25 15.033296378372908 15.033296378372908 1.1031990245920735 
108 122 0 0 17 24 15.033296378372908 15.033296378372908 1.104711864852999 
106 121 0 0 17 25 15.033296378372908 15.033296378372908 1.097409222359583 
104 117 0 0 18 22 15.033296378372908 15.033296378372908 1.0976966102664842 
102 115 0 0 18 23 15.033296378372908 15.033296378372908 1.0994027183073487 
100 114 0 0 16 24 15.033296378372908 15.033296378372908 1.0921967097039023 
98 110 0 0 16 21 15.033296378372908 15.033296378372908 1.1066571191650438 
92 109 1 0 16 21 15.033296378372908 15.033296378372908 1.1058419813047597 
90 108 1 0 14 20 15.033296378372908 15.033296378372908 1.1282677289024805 
86 107 2 0 16 28 15.033296378372908 14.142135623730951 1.1287132139927707 
84 106 2 0 14 28 15.033296378372908 14.142135623730951 1.1327473001548454 
82 105 2 0 14 31 15.033296378372908 14.142135623730951 1.1250558936487554 
80 99 2 0 14 30 15.033296378372908 13.038404810405298 1.1216580465939023 
78 97 2 0 13 28 15.033296378372908 13.038404810405298 1.12274467392075 
76 96 2 0 12 29 15.033296378372908 12.0 1.133011001271509 
74 94 3 0 13 29 15.033296378372908 12.165525060596439 1.1245921615177434 
72 93 3 0 13 22 14.142135623730951 12.165525060596439 1.1225164007068844 
70 92 3 0 11 20 14.142135623730951 12.165525060596439 1.1201507382261167 
68 91 3 0 12 18 14.142135623730951 12.165525060596439 1.1317524422484768 
66 90 4 0 11 18 14.142135623730951 12.165525060596439 1.1411614207081353 
65 89 5 0 12 17 14.142135623730951 12.165525060596439 1.143389316867387 
64 88 5 0 10 19 14.142135623730951 12.165525060596439 1.1455557497332185 
63 86 5 0 9 22 14.142135623730951 12.165525060596439 1.1415215998617156 
62 85 5 0 8 19 13.341664064126334 12.165525060596439 1.1424444079188072 
61 84 5 0 7 20 13.038404810405298 12.165525060596439 1.1294445642511706 
60 82 5 1 7 22 13.038404810405298 12.165525060596439 1.126128716829403 
58 80 5 1 7 20 12.0 12.165525060596439 1.1291015741878803 
56 78 5 1 7 23 11.045361017187261 12.165525060596439 1.1244922324371873 
54 76 5 1 7 20 10.198039027185569 12.165525060596439 1.1248667962933778 
52 75 5 1 7 20 9.486832980505138 12.165525060596439 1.1232910784572738 
50 74 5 1 8 19 8.94427190999916 11.045361017187261 1.126437046281174 
46 73 5 1 7 20 8.602325267042627 11.045361017187261 1.122300364394133 
45 71 5 1 6 18 8.602325267042627 11.045361017187261 1.1218137468722962 
44 70 5 1 6 18 8.602325267042627 11.045361017187261 1.1383358065330513 
38 69 6 1 3 20 9.899494936611665 10.0 1.1299153404158542 
37 65 6 1 3 17 9.899494936611665 9.055385138137417 1.1308711652752772 
36 63 6 1 4 19 8.48528137423857 9.055385138137417 1.13051635223996 
35 61 6 1 3 20 8.48528137423857 9.055385138137417 1.1293498494163472 
33 59 6 1 5 20 8.48528137423857 9.055385138137417 1.128939731090655 
32 58 6 1 4 20 8.602325267042627 9.055385138137417 1.1284531135688183 
31 57 6 1 4 20 8.602325267042627 9.055385138137417 1.1269452007773302 
30 56 6 1 4 19 7.211102550927978 9.055385138137417 1.12028727298914 
29 54 6 1 3 15 7.211102550927978 9.055385138137417 1.1200380784564614 
28 53 6 1 3 15 5.830951894845301 9.055385138137417 1.103256365937101 
27 51 6 2 3 14 5.830951894845301 9.055385138137417 1.1179011039789972 
26 50 7 2 2 17 5.830951894845301 9.055385138137417 1.1174144864571605 
25 49 7 2 2 17 5.830951894845301 9.055385138137417 1.1132077130038336 
24 48 8 3 1 16 5.830951894845301 9.055385138137417 1.1089861180674654 
23 46 8 3 0 14 6.324555320336759 9.055385138137417 1.0954694715718294 
23 44 8 4 1 16 4.47213595499958 9.055385138137417 1.0923537673361907 
22 43 8 4 1 14 5.0990195135927845 9.055385138137417 1.1026852399437461 
21 42 9 4 0 14 5.0990195135927845 8.0 1.0806594525120197 
21 40 9 5 1 9 1.4142135623730951 8.0 1 
