140 139 0 0 14 17 16.0 16.0 1.0836793272938205 
138 138 0 0 17 20 13.341664064126334 14.0 1.086680413699556 
136 137 0 0 18 22 13.038404810405298 14.142135623730951 1.0875157366983597 
132 133 0 0 18 23 12.165525060596439 16.0 1.0869903653982604 
130 132 0 0 18 23 14.142135623730951 15.033296378372908 1.089786271936207 
128 131 0 0 18 25 15.033296378372908 15.033296378372908 1.0852798037175213 
126 129 0 0 17 22 15.033296378372908 15.033296378372908 1.0932499358843044 
124 128 0 0 18 28 15.033296378372908 15.033296378372908 1.0885793908817145 
122 127 0 0 18 24 15.033296378372908 15.033296378372908 1.0901564312229515 
120 126 0 0 19 25 15.033296378372908 15.033296378372908 1.0931575964110176 
118 125 0 0 19 27 15.033296378372908 15.033296378372908 1.0990070112927437 
116 124 0 0 17 31 15.033296378372908 15.033296378372908 1.0930578479250446 
114 123 0 0 17 26 15.033296378372908 15.033296378372908 1.0960775834152945 
112 121 0 0 17 29 15.033296378372908 15.033296378372908 1.0925401502960934 
110 120 0 0 18 26 15.033296378372908 15.033296378372908 1.0968199338492692 
108 119 0 0 18 29 15.033296378372908 15.033296378372908 1.1014765702901588 
102 118 0 0 18 30 15.033296378372908 14.142135623730951 1.1189508355462408 
101 116 1 0 17 36 15.033296378372908 14.142135623730951 1.1117230538134324 
99 115 1 0 17 30 15.033296378372908 14.142135623730951 1.1069769299964392 
97 114 1 0 17 26 15.033296378372908 14.0 1.1048636217240682 
95 113 1 0 17 24 15.033296378372908 14.0 1.1005026599871033 
93 111 1 0 15 21 15.033296378372908 14.0 1.1145651563544634 
87 109 2 0 14 21 15.033296378372908 14.0 1.113996545643085 
86 108 2 0 13 21 14.142135623730951 13.038404810405298 1.1161784602851543 
85 107 2 0 13 23 14.0 13.038404810405298 1.1172006515860589 
84 106 2 0 13 24 13.341664064126334 13.038404810405298 1.1155838223033967 
83 105 2 0 13 23 13.038404810405298 13.038404810405298 1.1170708977168347 
81 104 2 0 16 24 12.165525060596439 13.038404810405298 1.1253710710248037 
75 103 2 0 13 27 11.40175425099138 13.038404810405298 1.1211258841778782 
71 102 2 0 13 22 11.40175425099138 13.038404810405298 1.1184564064242817 
70 100 2 0 13 21 10.198039027185569 13.038404810405298 1.1268704670489122 
66 98 2 0 14 27 10.198039027185569 13.038404810405298 1.1429020371559808 
65 97 3 0 14 31 10.198039027185569 13.038404810405298 1.1370983802700023 
63 96 3 0 13 26 10.198039027185569 13.038404810405298 1.1388392307794248 
61 95 3 0 14 27 9.486832980505138 13.038404810405298 1.1370215143212956 
57 94 3 0 12 24 11.313708498984761 13.038404810405298 1.1387440611442528 
55 93 3 0 12 25 11.313708498984761 13.038404810405298 1.1393334960838208 
53 92 3 0 11 25 11.313708498984761 13.038404810405298 1.1397571452013684 
51 91 3 0 11 25 11.40175425099138 13.038404810405298 1.1536357861039457 
47 90 4 0 17 26 11.40175425099138 13.038404810405298 1.1641460313267329 
43 89 5 0 11 23 11.40175425099138 13.038404810405298 1.1647354662663014 
41 88 5 0 10 23 11.40175425099138 13.038404810405298 1.1779286760201493 
39 87 6 0 9 24 11.40175425099138 13.038404810405298 1.1745916253206568 
37 85 6 0 8 21 6.324555320336759 13.038404810405298 1.185361943536509 
33 84 7 0 9 19 6.324555320336759 13.038404810405298 1.1849319569367518 
31 83 7 0 7 18 5.830951894845301 13.038404810405298 1.1687752941528573 
30 81 7 1 6 17 4.0 13.038404810405298 1.1667885500378563 
29 79 7 1 5 17 4.0 12.165525060596439 1.177851153166208 
28 78 8 1 4 17 4.0 12.165525060596439 1.1788672182104984 
27 77 8 1 3 18 4.0 12.165525060596439 1.1799307270974106 
26 76 8 1 3 19 3.1622776601683795 12.165525060596439 1.177714088208183 
24 75 8 1 2 17 4.242640687119285 12.165525060596439 1.1879997668553564 
23 74 9 1 1 17 7.615773105863909 12.165525060596439 1.187889109758544 
22 73 9 1 1 17 6.324555320336759 12.165525060596439 1.1879088307906471 
21 72 9 1 0 17 5.0990195135927845 12.165525060596439 1.187351987650268 
21 71 9 1 1 17 1.4142135623730951 12.165525060596439 1 
