140 139 0 0 14 19 16.0 16.0 1.107444184090189 
138 135 0 0 17 22 13.038404810405298 14.142135623730951 1.1086105558887915 
134 133 0 0 16 22 14.142135623730951 16.0 1.1087567765113517 
132 132 0 0 16 22 14.142135623730951 16.0 1.108902997133912 
130 131 0 0 16 22 14.142135623730951 16.0 1.1205872746152137 
128 130 0 0 16 31 14.142135623730951 16.0 1.1079495077030352 
126 128 0 0 14 22 14.142135623730951 16.0 1.1067959367875742 
124 127 0 0 16 21 14.142135623730951 16.0 1.1210353342939603 
122 126 0 0 17 32 14.142135623730951 16.0 1.1224635612341582 
120 125 0 0 17 33 14.142135623730951 16.0 1.1098445899441125 
118 121 0 0 17 26 14.142135623730951 16.0 1.1074267979313968 
116 120 0 0 17 24 14.142135623730951 16.0 1.107564125943765 
114 119 0 0 18 24 14.142135623730951 16.0 1.1064283402486872 
112 118 0 0 18 23 14.142135623730951 16.0 1.1040105482359712 
110 117 0 0 18 21 14.142135623730951 16.0 1.1041750592797894 
108 115 0 0 18 22 14.142135623730951 16.0 1.10444031749346 
104 114 0 0 19 21 14.142135623730951 16.0 1.1007671969936814 
102 113 0 0 16 18 14.142135623730951 16.0 1.1009134176162414 
100 112 0 0 16 18 14.142135623730951 16.0 1.1023416445564396 
98 111 0 0 16 19 14.142135623730951 16.0 1.1024878651789995 
96 110 0 0 16 19 14.142135623730951 16.0 1.1179217132091444 
88 109 1 0 15 19 14.0 16.0 1.1167859275140664 
86 108 1 0 15 18 14.0 16.0 1.1331062221537558 
84 107 2 0 14 22 14.0 16.0 1.1319793290688696 
82 106 2 0 13 21 14.0 16.0 1.1288743540170671 
81 105 2 0 11 19 14.0 16.0 1.140295805958234 
75 104 3 0 13 17 14.0 16.0 1.144314723364283 
73 103 3 0 10 20 14.0 16.0 1.1418880387413755 
71 102 3 0 11 18 14.0 16.0 1.1407705434675555 
69 100 3 0 11 18 14.0 16.0 1.1434718841152 
67 99 3 0 12 20 14.0 16.0 1.1586381026385533 
63 98 4 0 11 22 14.0 16.0 1.1575997241029263 
61 97 4 0 9 21 13.038404810405298 16.0 1.15576786275857 
60 96 4 0 8 20 13.038404810405298 16.0 1.1649642649404075 
59 95 5 0 8 19 13.038404810405298 16.0 1.163164637905246 
58 94 5 0 7 18 12.649110640673518 16.0 1.162645932088436 
57 93 5 0 7 18 12.165525060596439 16.0 1.1628465017991008 
55 92 5 0 8 18 11.40175425099138 16.0 1.1643270119188476 
53 91 5 0 8 19 10.770329614269007 16.0 1.165922475093641 
49 90 5 0 8 19 10.295630140987 16.0 1.1673507020338392 
47 89 5 0 8 20 10.295630140987 16.0 1.1550601681918045 
41 88 5 1 8 19 10.0 16.0 1.1546260433326532 
40 87 5 1 7 19 8.602325267042627 16.0 1.1546901323978764 
38 86 5 1 8 19 9.486832980505138 16.0 1.1542863121326314 
37 85 5 1 8 19 7.615773105863909 16.0 1.151886305340299 
35 84 5 1 6 17 7.615773105863909 16.0 1.1605328524954184 
33 82 6 1 5 16 7.615773105863909 16.0 1.1585809825508235 
32 81 6 1 3 15 3.1622776601683795 15.033296378372908 1.1580222349139135 
31 80 6 1 3 15 3.1622776601683795 15.033296378372908 1.169214504283051 
29 79 7 1 2 15 3.1622776601683795 15.033296378372908 1.1684028065579748 
28 78 7 1 1 15 6.324555320336759 15.033296378372908 1.1512809463542537 
27 77 7 2 1 13 6.324555320336759 15.033296378372908 1.1619216313654108 
26 76 8 2 0 13 4.47213595499958 15.033296378372908 1.1595031188072513 
26 75 8 2 1 12 2.8284271247461903 15.033296378372908 1.1589167277011594 
25 74 8 2 1 12 3.1622776601683795 15.033296378372908 1.1691974730508323 
24 73 9 2 0 12 5.656854249492381 15.033296378372908 1.1693138604352165 
24 72 9 2 0 13 4.47213595499958 15.033296378372908 1.1668072319902263 
24 71 9 2 0 12 4.0 15.033296378372908 1.1515053223932834 
24 70 9 3 0 12 4.47213595499958 15.033296378372908 1.1502807002659314 
24 69 9 3 0 12 4.0 15.033296378372908 1.1489778906005232 
24 68 9 3 0 12 4.47213595499958 15.033296378372908 1.1477532684731713 
24 67 9 3 0 12 4.0 15.033296378372908 1.1464504588077633 
24 66 9 3 0 12 4.47213595499958 15.033296378372908 1.1452258366804113 
24 65 9 3 0 12 4.0 15.033296378372908 1.1439230270150031 
24 64 9 3 0 12 4.47213595499958 15.033296378372908 1.1426984048876512 
24 63 9 3 0 12 4.0 15.033296378372908 1.1401135889046052 
24 62 9 3 0 11 4.47213595499958 15.033296378372908 1.1376069604596153 
24 61 9 3 0 10 4.0 15.033296378372908 1.136304150794207 
24 60 9 3 0 10 4.47213595499958 15.033296378372908 1.1337975223492172 
24 59 9 3 0 9 4.0 15.033296378372908 1.1312127063661712 
24 58 9 3 0 8 4.47213595499958 15.033296378372908 1.1282473081701176 
24 57 9 3 0 7 4.0 14.142135623730951 1.1307905174576234 
24 56 9 3 0 10 4.47213595499958 14.142135623730951 1.1283021794338914 
24 54 9 3 0 10 4.0 14.142135623730951 1.1269993697684833 
24 53 9 3 0 10 4.47213595499958 14.142135623730951 1.1117756477095961 
24 52 9 4 0 10 4.0 14.142135623730951 1.1104728380441882 
24 51 9 4 0 10 4.47213595499958 14.142135623730951 1.1066842032815603 
24 50 9 4 0 8 4.0 14.142135623730951 1.0874813937028307 
24 48 9 5 0 6 4.47213595499958 14.0 1.0735396779615816 
24 47 9 6 0 7 4.0 14.0 1.0722368682961736 
24 46 9 6 0 7 4.47213595499958 14.0 1.0697302398511834 
24 45 9 6 0 6 4.0 14.0 1.0671454238681375 
24 44 9 6 0 5 4.47213595499958 14.0 1.0659208017407855 
24 43 9 6 0 5 4.0 14.0 1.0493368858262042 
24 42 9 7 0 4 4.47213595499958 14.0 1.0481122636988522 
24 41 9 7 0 4 4.0 14.0 1.0468094540334443 
24 40 9 7 0 4 4.47213595499958 14.0 1.0443028255884543 
24 39 9 7 0 3 4.0 14.0 1.0290009159915112 
24 38 9 8 0 3 4.47213595499958 14.0 1.0259992581329658 
24 37 9 8 0 2 4.0 13.038404810405298 1.0246964484675578 
24 36 9 8 0 2 4.47213595499958 13.038404810405298 1.0234718263402058 
24 35 9 8 0 2 4.0 13.038404810405298 1.0208870103571597 
24 34 9 8 0 1 4.47213595499958 13.038404810405298 1.0043812819806346 
24 33 9 9 0 0 4.0 13.038404810405298 1.0239277619847333 
24 35 9 8 0 2 4.47213595499958 14.0 1.0209261041261877 
24 34 9 8 0 1 4.0 13.038404810405298 1.0043421882116066 
24 33 9 9 0 0 4.47213595499958 13.038404810405298 1.0240400272038916 
24 35 9 8 0 2 4.0 14.142135623730951 1.0043421882116066 
24 33 9 9 0 0 4.47213595499958 13.038404810405298 -1 
