140 140 0 0 14 14 16.0 16.0 1.0675441478525587 
138 138 0 0 17 17 16.0 14.142135623730951 1.0781508822764927 
136 137 0 0 22 21 14.0 14.142135623730951 1.0813083340386451 
132 136 0 0 22 21 14.0 14.0 1.0887803885123426 
128 134 0 0 22 24 14.0 16.0 1.0884106204509647 
124 133 0 0 22 22 14.0 16.0 1.0914439277391197 
120 132 0 0 22 22 14.0 15.033296378372908 1.086131569191771 
116 130 0 0 22 18 15.033296378372908 15.033296378372908 1.0973929774876732 
112 129 0 0 24 22 15.033296378372908 15.033296378372908 1.0982677939489407 
110 127 0 0 23 23 15.033296378372908 15.033296378372908 1.122005604694364 
102 125 1 0 20 28 15.033296378372908 15.033296378372908 1.1341856750053134 
98 124 2 0 18 28 15.033296378372908 15.033296378372908 1.1257454732396521 
96 123 2 0 17 23 15.033296378372908 15.033296378372908 1.1376658917582803 
95 122 2 0 20 29 15.033296378372908 15.033296378372908 1.1379184535733777 
91 121 3 0 19 22 15.033296378372908 15.033296378372908 1.1436235398607004 
89 119 3 0 17 26 15.033296378372908 15.033296378372908 1.146814514452319 
87 118 3 0 18 27 15.033296378372908 15.033296378372908 1.1491377180734377 
83 117 4 0 14 22 15.033296378372908 15.033296378372908 1.1594259313348532 
81 116 4 0 15 27 15.033296378372908 15.033296378372908 1.160215766603868 
79 115 4 0 15 27 15.033296378372908 14.142135623730951 1.1700600798668828 
77 111 4 0 16 34 15.033296378372908 14.142135623730951 1.1597579113277694 
76 110 4 0 17 28 14.142135623730951 14.142135623730951 1.1668025214619304 
74 109 4 0 15 32 14.0 14.142135623730951 1.1560953508525271 
72 108 4 0 13 26 14.0 14.142135623730951 1.171268056567482 
71 107 4 0 19 33 14.0 14.142135623730951 1.1790808506293367 
67 106 4 0 14 37 14.0 14.142135623730951 1.1777254538234183 
66 105 5 0 13 31 14.0 14.142135623730951 1.172341212216363 
64 104 5 0 11 28 14.0 14.142135623730951 1.1676304786782143 
63 102 5 0 12 26 14.0 13.341664064126334 1.169201371330719 
62 101 5 0 12 27 14.0 13.341664064126334 1.1689979543157745 
61 100 5 0 12 27 14.0 13.341664064126334 1.1652459179659314 
60 99 5 0 12 25 14.0 13.341664064126334 1.1650425009509868 
59 98 5 0 12 25 14.0 13.341664064126334 1.1646620079904393 
58 97 5 0 12 25 14.0 12.165525060596439 1.162096145044719 
56 96 5 0 12 23 13.038404810405298 12.165525060596439 1.1617426414033705 
54 94 5 0 12 23 12.165525060596439 12.165525060596439 1.1713830286336757 
50 92 6 0 11 22 12.165525060596439 12.649110640673518 1.1738056640455086 
50 91 6 0 19 22 12.165525060596439 11.40175425099138 1.1745654115338269 
42 90 6 0 12 20 11.045361017187261 11.40175425099138 1.1839366645381322 
38 88 7 0 7 20 11.045361017187261 11.40175425099138 1.1923723322091584 
37 87 7 0 10 24 10.0 11.40175425099138 1.189236953373777 
31 86 7 0 7 20 9.899494936611665 11.40175425099138 1.189119940653098 
30 85 7 0 7 20 8.48528137423857 11.40175425099138 1.1895489710516687 
29 83 7 0 7 21 7.0710678118654755 12.083045973594572 1.1906317639013746 
27 82 7 0 7 21 4.47213595499958 12.083045973594572 1.2002172456555513 
26 81 8 0 7 21 4.47213595499958 10.770329614269007 1.2038385750521683 
25 79 8 0 7 24 7.211102550927978 10.770329614269007 1.2152928216356238 
23 78 9 0 4 25 3.1622776601683795 10.770329614269007 1.2095227224335359 
21 77 9 0 1 22 1.4142135623730951 10.770329614269007 1 
