140 139 0 0 14 17 16.0 16.0 1.0688002472563285 
138 137 0 0 17 18 13.038404810405298 14.0 1.0745434157714266 
136 136 0 0 18 22 13.038404810405298 14.142135623730951 1.0779962391961555 
132 134 0 0 18 23 13.341664064126334 16.0 1.0744667434415778 
130 130 0 0 17 23 13.341664064126334 15.033296378372908 1.0746645037227482 
128 128 0 0 17 24 15.033296378372908 15.033296378372908 1.0726438864828323 
126 127 0 0 17 22 15.033296378372908 15.033296378372908 1.0706732479125916 
124 125 0 0 17 21 15.033296378372908 15.033296378372908 1.067756304251009 
122 123 0 0 15 19 15.033296378372908 15.033296378372908 1.0663759935234627 
120 122 0 0 16 18 15.033296378372908 14.142135623730951 1.0681570131412221 
118 120 0 0 17 20 15.033296378372908 14.142135623730951 1.0726934071859657 
116 119 0 0 17 23 15.033296378372908 14.142135623730951 1.0811640080015053 
114 118 0 0 17 29 15.033296378372908 14.142135623730951 1.0779127544963785 
110 114 0 0 18 28 15.033296378372908 13.341664064126334 1.0773860880961894 
108 113 0 0 17 27 15.033296378372908 13.341664064126334 1.0872936410069027 
104 112 1 0 17 24 15.033296378372908 13.341664064126334 1.0856381209325772 
102 111 1 0 15 22 15.033296378372908 13.341664064126334 1.0862403082065248 
100 110 1 0 15 22 15.033296378372908 13.341664064126334 1.077630067108179 
98 106 1 0 16 18 15.033296378372908 13.341664064126334 1.0802928425510803 
96 105 1 0 17 20 15.033296378372908 12.649110640673518 1.0819413235015076 
94 104 1 0 17 21 15.033296378372908 12.165525060596439 1.0772071585253242 
92 103 1 0 17 17 15.033296378372908 12.0 1.0793162110641283 
90 99 1 0 17 21 15.033296378372908 12.083045973594572 1.0904125331235053 
89 97 2 0 17 22 15.033296378372908 12.083045973594572 1.092326122654385 
87 96 2 0 17 23 15.033296378372908 12.083045973594572 1.0920319835066663 
85 94 2 0 15 23 15.033296378372908 12.083045973594572 1.0892621094189432 
84 93 2 0 14 21 15.033296378372908 12.083045973594572 1.0889809291902512 
83 92 2 0 13 21 14.142135623730951 11.40175425099138 1.0888338596163918 
82 91 2 0 12 21 14.142135623730951 11.40175425099138 1.1025030075199571 
81 90 3 0 12 23 14.142135623730951 11.40175425099138 1.1076015469738256 
80 89 3 0 11 27 14.142135623730951 11.40175425099138 1.1020645002094527 
79 88 3 0 11 23 14.0 11.40175425099138 1.1068591976073892 
77 87 3 0 11 26 13.038404810405298 11.40175425099138 1.1050730530112103 
75 86 3 0 11 24 12.165525060596439 11.40175425099138 1.104021356119392 
73 85 3 0 14 23 11.40175425099138 11.40175425099138 1.1031005932321345 
69 84 3 0 11 20 11.40175425099138 11.40175425099138 1.1071202576815409 
68 82 3 0 9 24 11.40175425099138 11.40175425099138 1.1054792372679545 
67 81 3 0 9 23 11.40175425099138 11.40175425099138 1.1036411686108338 
65 80 3 0 8 21 11.40175425099138 11.40175425099138 1.0994273223530586 
64 78 3 0 8 19 11.40175425099138 11.40175425099138 1.101903057293063 
63 77 3 0 7 21 11.40175425099138 11.40175425099138 1.100330172295626 
61 76 3 0 8 19 9.055385138137417 11.40175425099138 1.0986891518820394 
60 75 3 0 8 18 9.055385138137417 11.40175425099138 1.0935638119479354 
59 73 3 0 7 15 8.246211251235321 11.40175425099138 1.0992290596668157 
57 72 3 0 8 19 8.246211251235321 11.40175425099138 1.1013396974412297 
56 71 3 0 9 21 8.246211251235321 11.40175425099138 1.1010100792845752 
55 70 3 0 9 21 8.246211251235321 11.40175425099138 1.1034858142245798 
54 69 3 0 8 23 8.246211251235321 11.40175425099138 1.1133246178421716 
53 68 4 0 11 23 8.246211251235321 10.198039027185569 1.1089334096179682 
49 67 4 0 8 18 11.40175425099138 10.198039027185569 1.095647535569872 
47 65 4 1 9 19 11.40175425099138 10.198039027185569 1.0786100033337755 
45 63 4 2 9 17 11.40175425099138 10.198039027185569 1.0918995544110113 
43 62 5 2 9 18 11.40175425099138 10.198039027185569 1.1031139467227693 
41 61 6 2 6 17 11.40175425099138 10.198039027185569 1.1024074564965063 
40 60 6 2 5 16 8.602325267042627 10.198039027185569 1.1020778383398517 
39 59 6 2 5 16 8.602325267042627 10.198039027185569 1.0994308017794387 
37 58 6 2 5 14 8.602325267042627 9.055385138137417 1.1000329890533866 
35 57 6 2 5 14 8.602325267042627 9.055385138137417 1.0986207436303574 
33 56 7 3 3 14 8.602325267042627 9.055385138137417 1.0968286149222686 
32 55 7 3 4 13 8.48528137423857 9.055385138137417 1.0983352170615424 
31 54 7 3 3 14 7.211102550927978 9.055385138137417 1.100066258009627 
29 53 7 3 4 15 7.211102550927978 9.055385138137417 1.0865344325985633 
28 52 7 4 3 15 5.830951894845301 9.055385138137417 1.0865698190898432 
27 51 7 4 3 15 4.47213595499958 9.055385138137417 1.0847469831574765 
26 50 7 4 4 14 4.242640687119285 8.94427190999916 1.0848901203104668 
25 49 7 4 3 14 3.1622776601683795 8.94427190999916 1.096698964050587 
23 48 8 4 2 14 4.47213595499958 8.94427190999916 1.0955923458827748 
22 47 8 4 1 13 3.1622776601683795 8.94427190999916 1.106092935675457 
21 46 9 4 0 13 3.1622776601683795 7.615773105863909 1.1035085103083013 
21 45 9 4 1 12 1.4142135623730951 7.0710678118654755 1 
