140 140 0 0 14 14 16.0 16.0 1.1165736230400947 
138 138 0 0 17 17 16.0 14.142135623730951 1.1203414563422598 
134 137 0 0 16 18 13.038404810405298 16.0 1.1179702633425395 
132 136 0 0 21 15 13.038404810405298 16.0 1.1219538850416866 
128 134 0 0 22 17 13.038404810405298 16.0 1.1284680578407196 
124 133 0 0 22 20 13.038404810405298 16.0 1.1343207388474568 
120 132 0 0 28 21 13.038404810405298 16.0 1.1491584545414126 
114 131 1 0 19 24 13.038404810405298 16.0 1.1519753110699265 
113 129 1 0 27 25 13.341664064126334 16.0 1.1489304737991701 
112 125 1 0 35 24 13.341664064126334 16.0 1.141800274629905 
106 124 1 0 24 20 13.038404810405298 16.0 1.1460993754923903 
105 122 1 0 28 23 13.038404810405298 16.0 1.1482790093504 
97 114 2 0 23 22 13.038404810405298 16.0 1.138301492722952 
96 110 2 0 30 17 13.038404810405298 15.033296378372908 1.1531771100579562 
90 109 3 0 25 19 14.142135623730951 15.033296378372908 1.1632050293689147 
84 108 3 0 22 24 14.0 15.033296378372908 1.1769759172352814 
78 107 4 0 18 25 14.0 15.033296378372908 1.1956987197402613 
68 103 5 0 17 29 14.0 15.033296378372908 1.2026029618417788 
67 102 5 0 24 32 14.0 15.033296378372908 1.1994113127280126 
59 101 6 1 14 32 12.165525060596439 15.033296378372908 1.2163042243349296 
57 100 6 1 14 43 12.165525060596439 14.0 1.2078644434669725 
57 98 6 1 23 37 13.038404810405298 14.0 1.2052934385313865 
45 94 7 1 11 29 10.198039027185569 14.0 1.21220276954384 
43 93 7 1 16 32 10.198039027185569 14.0 1.203355148637775 
42 91 7 1 18 27 9.055385138137417 14.0 1.201690706718796 
38 90 7 1 13 26 8.0 14.0 1.2060359524289408 
34 88 7 1 11 29 7.0710678118654755 14.0 1.2112522203927019 
30 87 8 1 9 25 7.0710678118654755 14.0 1.210005042123795 
26 86 8 1 5 24 5.656854249492381 14.0 1.2078678102035587 
24 85 8 1 3 23 6.324555320336759 14.0 1.2187923088633343 
23 84 9 1 2 24 5.830951894845301 14.0 1.2081729082689387 
22 83 9 1 0 18 4.47213595499958 14.0 1.2052370211337593 
22 82 9 1 0 17 4.47213595499958 14.0 1.2038478880006087 
22 81 9 1 0 17 4.47213595499958 14.0 1.2070990168735456 
22 80 9 1 0 20 4.47213595499958 14.0 1.202616375736337 
22 79 9 1 0 18 4.47213595499958 14.0 1.2012272426031865 
22 78 9 1 0 18 4.47213595499958 14.0 1.199349904758621 
22 76 9 1 0 19 4.47213595499958 12.165525060596439 1 
