140 138 0 0 14 17 16.0 16.0 1.1203993293210779 
138 136 0 0 17 19 14.142135623730951 14.142135623730951 1.126379742253009 
134 135 0 0 16 22 13.341664064126334 16.0 1.1211131938555512 
132 133 0 0 21 19 13.341664064126334 15.033296378372908 1.125112883092002 
128 132 0 0 22 21 15.033296378372908 15.033296378372908 1.1290563738599453 
124 131 0 0 22 23 15.033296378372908 15.033296378372908 1.1329998646278883 
120 130 0 0 22 25 15.033296378372908 15.033296378372908 1.1356834441060937 
116 129 0 0 23 26 15.033296378372908 15.033296378372908 1.1315418179240027 
112 128 0 0 24 22 15.033296378372908 15.033296378372908 1.1280293239777197 
108 127 0 0 18 19 15.033296378372908 15.033296378372908 1.1345643315204128 
104 126 1 0 17 15 15.033296378372908 15.033296378372908 1.138418724908018 
102 125 1 0 15 18 15.033296378372908 15.033296378372908 1.1583136263463756 
101 124 2 0 16 25 15.033296378372908 15.033296378372908 1.1542787246066428 
99 122 2 0 16 23 15.033296378372908 15.033296378372908 1.1464352132738047 
97 118 2 0 17 20 15.033296378372908 15.033296378372908 1.1519700373204338 
95 117 2 0 18 24 15.033296378372908 15.033296378372908 1.1533046081285634 
93 116 2 0 18 25 15.033296378372908 15.033296378372908 1.1505440555405149 
91 115 2 0 18 23 15.033296378372908 15.033296378372908 1.1477835029524666 
89 114 2 0 18 21 15.033296378372908 15.033296378372908 1.1491036358986497 
87 112 2 0 17 23 15.033296378372908 15.033296378372908 1.154008924496733 
85 111 2 0 16 27 15.033296378372908 14.0 1.147243940492882 
83 109 2 0 16 23 15.033296378372908 14.0 1.1431183467727744 
81 108 2 0 16 20 15.033296378372908 14.0 1.1485480409770819 
79 107 2 0 16 24 15.033296378372908 14.0 1.1574030456546969 
78 105 3 0 15 24 15.033296378372908 14.0 1.1651367045319425 
77 103 3 0 16 31 15.033296378372908 14.0 1.1713095004544323 
76 102 3 0 16 36 15.033296378372908 14.0 1.1670876165320554 
75 101 3 0 21 33 15.033296378372908 14.0 1.1565187570930735 
73 99 3 0 16 27 15.033296378372908 12.649110640673518 1.1597435231304134 
71 93 4 0 17 26 15.033296378372908 12.649110640673518 1.1564661609708096 
70 92 4 0 18 24 15.033296378372908 12.649110640673518 1.160425684200736 
68 91 4 0 17 27 15.033296378372908 12.649110640673518 1.1461568206984447 
67 90 4 1 22 27 15.033296378372908 12.649110640673518 1.1543874785318877 
59 89 5 1 13 23 13.341664064126334 12.649110640673518 1.166291558221059 
55 88 6 1 13 23 13.341664064126334 12.165525060596439 1.1656479204201449 
54 87 6 1 13 23 13.038404810405298 12.165525060596439 1.169712573492393 
52 86 6 1 13 26 13.038404810405298 12.165525060596439 1.1650701702007298 
51 85 6 1 14 23 13.038404810405298 12.165525060596439 1.1649345700344784 
49 84 6 1 13 23 13.038404810405298 12.165525060596439 1.1661728506403386 
48 83 6 1 18 24 13.038404810405298 12.165525060596439 1.1760366023590292 
42 81 7 1 10 23 13.038404810405298 12.165525060596439 1.1710091939882978 
41 80 7 1 10 20 12.0 11.40175425099138 1.1717494388281742 
40 79 7 1 10 21 11.045361017187261 11.40175425099138 1.1711272667195916 
39 78 7 1 10 21 10.0 11.40175425099138 1.170502180474323 
38 77 7 1 10 21 9.055385138137417 11.40175425099138 1.1698802983188263 
37 76 7 1 10 21 8.0 11.40175425099138 1.16672049800237 
36 74 7 1 11 20 7.0710678118654755 11.40175425099138 1.1679056465233522 
34 73 7 1 10 21 8.602325267042627 11.40175425099138 1.1633683730740105 
33 72 7 1 12 18 8.602325267042627 11.40175425099138 1.1748003746035103 
29 71 8 1 6 18 9.899494936611665 11.40175425099138 1.1740837419107062 
28 70 8 1 5 18 8.48528137423857 11.40175425099138 1.1749424100346044 
27 69 8 1 6 19 7.0710678118654755 11.40175425099138 1.1662313523721413 
26 67 8 1 6 14 5.656854249492381 11.40175425099138 1.1656510996028262 
25 66 8 1 6 14 3.1622776601683795 11.40175425099138 1.164822049686333 
24 65 8 1 4 14 2.0 11.40175425099138 1.1655107183807853 
23 64 8 1 4 15 2.8284271247461903 11.40175425099138 1.1801877822228208 
21 63 9 1 1 18 1.4142135623730951 11.40175425099138 1 
