140 139 0 0 14 19 16.0 16.0 1.0737192693194728 
138 135 0 0 17 22 13.038404810405298 14.0 1.0684804758330821 
136 133 0 0 18 19 15.033296378372908 14.142135623730951 1.0721809754999216 
132 131 0 0 18 20 14.142135623730951 16.0 1.073709372050783 
130 130 0 0 17 21 14.142135623730951 15.033296378372908 1.0766675152385288 
128 129 0 0 17 23 15.033296378372908 15.033296378372908 1.0811687337749425 
126 128 0 0 17 26 15.033296378372908 15.033296378372908 1.0830497030597537 
124 127 0 0 17 27 15.033296378372908 15.033296378372908 1.0826623135592273 
122 126 0 0 15 26 15.033296378372908 15.033296378372908 1.0817470883593043 
120 125 0 0 16 25 15.033296378372908 15.033296378372908 1.0821419877851826 
118 124 0 0 17 25 15.033296378372908 15.033296378372908 1.0735177083696035 
116 120 0 0 18 21 15.033296378372908 15.033296378372908 1.0727784284028126 
114 119 0 0 18 20 15.033296378372908 15.033296378372908 1.073399837574873 
112 117 0 0 18 21 15.033296378372908 15.033296378372908 1.0683169515893276 
110 113 0 0 18 20 15.033296378372908 14.0 1.0701979208741392 
108 112 0 0 18 21 15.033296378372908 14.0 1.0694586409073483 
106 111 0 0 18 20 15.033296378372908 14.0 1.0700294855663586 
104 110 0 0 18 20 15.033296378372908 14.0 1.069290205599568 
102 109 0 0 18 19 15.033296378372908 14.0 1.0768065728134615 
98 107 0 0 19 24 15.033296378372908 14.0 1.0903020492554223 
90 106 1 0 19 21 15.033296378372908 14.0 1.1002378679940017 
89 104 2 0 18 21 15.033296378372908 14.0 1.1018568284983685 
85 103 2 0 15 20 15.033296378372908 14.0 1.1169825812271024 
84 102 3 0 14 23 15.033296378372908 14.0 1.1158914107940474 
82 101 3 0 16 22 15.033296378372908 14.0 1.1171584808321504 
78 100 3 0 15 21 15.033296378372908 14.0 1.113449171771085 
76 99 3 0 14 18 15.033296378372908 13.038404810405298 1.1207465847922329 
74 98 3 0 13 23 15.033296378372908 13.038404810405298 1.118747744712691 
72 96 3 0 13 22 15.033296378372908 13.038404810405298 1.1214325321934215 
71 95 3 0 12 24 14.142135623730951 13.038404810405298 1.1224354535519947 
70 94 3 0 12 25 14.0 13.038404810405298 1.1191513414875074 
68 93 3 0 13 22 13.038404810405298 13.038404810405298 1.1199503581880206 
66 92 3 0 13 22 12.165525060596439 13.038404810405298 1.1196372387725837 
64 90 3 0 12 22 11.40175425099138 13.038404810405298 1.1179827564199125 
63 89 3 0 12 21 11.40175425099138 13.038404810405298 1.1256959405754197 
55 88 3 0 11 22 10.770329614269007 13.038404810405298 1.136539428960486 
54 87 4 0 12 22 10.770329614269007 13.038404810405298 1.1360015142799862 
52 86 4 0 12 21 10.0 13.038404810405298 1.1332634170476954 
51 84 4 0 11 20 10.0 13.038404810405298 1.1342861758045297 
49 83 4 0 10 20 8.94427190999916 13.038404810405298 1.1365190355556052 
47 82 4 0 8 21 8.94427190999916 13.038404810405298 1.1356038103556823 
45 81 4 0 9 20 8.94427190999916 13.038404810405298 1.1450941423412915 
43 80 5 0 8 18 8.94427190999916 13.038404810405298 1.1498659443293382 
39 79 5 0 8 20 9.899494936611665 13.038404810405298 1.1626727509456423 
35 78 6 0 6 19 9.899494936611665 13.038404810405298 1.1609489646489495 
33 77 6 0 4 17 10.0 13.038404810405298 1.1609699611386772 
32 76 6 0 4 17 8.602325267042627 13.038404810405298 1.1604066264050183 
30 75 6 0 3 16 8.602325267042627 13.038404810405298 1.1604259363281195 
29 74 6 0 3 16 7.211102550927978 13.038404810405298 1.1599220490385544 
27 72 6 0 4 16 5.830951894845301 13.038404810405298 1.179350330740576 
25 71 7 0 1 21 4.242640687119285 13.038404810405298 1.1789459826154873 
24 70 7 0 1 21 4.47213595499958 13.038404810405298 1.1886552916078847 
23 69 8 0 1 20 4.47213595499958 13.038404810405298 1.1870128862105214 
22 68 8 0 0 19 5.0990195135927845 13.038404810405298 1.172779512817669 
22 67 8 1 1 19 1.4142135623730951 13.038404810405298 1.1815557345709085 
21 66 9 1 0 18 5.656854249492381 13.038404810405298 1.1754159275605482 
21 64 9 1 0 15 4.47213595499958 13.038404810405298 1.174279784476022 
21 63 9 1 0 15 4.0 13.038404810405298 1.172896807335046 
21 62 9 1 0 15 4.47213595499958 13.038404810405298 1.1717606642505198 
21 61 9 1 0 15 4.0 13.038404810405298 1.1703776871095437 
21 60 9 1 0 15 4.47213595499958 13.038404810405298 1.1705516686508188 
21 59 9 1 0 16 4.0 13.038404810405298 1.1678585668840415 
21 58 9 1 0 15 4.47213595499958 13.038404810405298 1.1654628636867643 
21 56 9 1 0 15 4.0 13.038404810405298 1.1706305096747935 
21 55 9 1 0 20 4.47213595499958 13.038404810405298 1.165563992712864 
21 54 9 1 0 17 4.0 13.038404810405298 1.146489559989947 
21 53 9 2 0 14 4.47213595499958 13.038404810405298 1.1329024598266837 
21 52 9 3 0 15 4.0 13.038404810405298 1.1190685256069706 
21 51 9 4 0 16 4.47213595499958 13.038404810405298 1.1218627563998478 
21 50 9 4 0 19 4.0 13.038404810405298 1.0989085143125774 
21 48 9 5 0 14 4.47213595499958 13.038404810405298 1.09646224660225 
21 47 9 5 0 13 4.0 13.038404810405298 1.0950792694612739 
21 46 9 5 0 13 4.47213595499958 13.038404810405298 1.0939431263767478 
21 45 9 5 0 13 4.0 13.038404810405298 1.0913005891230205 
21 43 9 5 0 13 4.47213595499958 13.038404810405298 1.0875441967868924 
21 42 9 5 0 11 4.0 13.038404810405298 1.0861612196459163 
21 41 9 5 0 11 4.47213595499958 13.038404810405298 1.0832377295268227 
21 40 9 5 0 10 4.0 12.165525060596439 1.0775573728515073 
21 38 9 5 0 8 4.47213595499958 11.40175425099138 1.0626601480624431 
21 37 9 6 0 8 4.0 11.40175425099138 1.0612771709214672 
21 36 9 6 0 8 4.47213595499958 11.40175425099138 1.060141027836941 
21 35 9 6 0 8 4.0 11.40175425099138 1.0423767197398248 
21 34 9 7 0 6 4.47213595499958 11.40175425099138 1.0408953630263227 
21 33 9 7 0 6 4.0 10.770329614269007 1 
