140 138 0 0 14 17 16.0 16.0 1.1000862930757582 
138 136 0 0 17 19 14.142135623730951 14.142135623730951 1.1069672623620144 
134 134 0 0 16 23 13.341664064126334 16.0 1.112155538945401 
132 133 0 0 21 26 13.341664064126334 16.0 1.1141294798702843 
128 132 0 0 22 26 13.341664064126334 16.0 1.113273974901313 
124 130 0 0 22 25 14.0 16.0 1.1170865587765926 
120 129 0 0 26 26 14.0 16.0 1.1349109427089672 
112 128 1 0 22 28 14.0 16.0 1.156724792161661 
106 127 2 0 18 34 14.0 16.0 1.1530082372198336 
104 126 2 0 19 31 14.0 16.0 1.154352222850242 
98 124 3 0 16 23 14.0 16.0 1.1518665890939077 
96 123 3 0 16 21 14.0 16.0 1.142829637615777 
94 119 3 0 16 17 14.0 16.0 1.1460273408075417 
92 118 3 0 17 19 14.0 16.0 1.1464522608358392 
90 117 3 0 18 19 14.142135623730951 16.0 1.1467323303329413 
88 116 3 0 18 19 14.142135623730951 16.0 1.1539266579636356 
86 115 3 0 18 24 14.142135623730951 16.0 1.1595862035263855 
84 114 3 0 17 28 14.142135623730951 16.0 1.162328115394473 
82 113 3 0 15 30 14.142135623730951 16.0 1.167835730515997 
80 112 3 0 13 34 14.142135623730951 16.0 1.1568587879670171 
79 110 3 0 16 27 14.142135623730951 16.0 1.1540764522468416 
75 109 3 0 13 24 14.142135623730951 16.0 1.1468895197225721 
73 108 3 0 9 19 13.038404810405298 16.0 1.150699104047778 
72 107 3 0 10 22 13.038404810405298 16.0 1.1551334456493507 
71 106 4 0 8 18 13.038404810405298 16.0 1.1618606636692193 
70 105 4 0 10 23 13.038404810405298 16.0 1.1636826741528765 
66 104 4 0 10 23 13.038404810405298 16.0 1.1711865798903383 
65 103 5 0 10 21 13.038404810405298 16.0 1.1742323526408773 
63 102 5 0 10 23 13.038404810405298 16.0 1.1697448272057724 
62 101 5 0 11 20 13.038404810405298 16.0 1.1735234612270178 
61 99 5 0 11 24 13.038404810405298 16.0 1.17385525465117 
59 98 5 0 11 24 12.0 16.0 1.1720195221507486 
57 96 5 0 11 24 11.045361017187261 14.142135623730951 1.1671372297288163 
55 94 5 0 13 21 12.165525060596439 14.142135623730951 1.1621968474449083 
53 92 5 0 14 18 11.40175425099138 14.142135623730951 1.1678950037854285 
49 91 5 0 12 21 10.770329614269007 14.142135623730951 1.1694131533866343 
45 90 5 0 10 21 10.770329614269007 14.142135623730951 1.172432724422131 
43 89 5 0 9 23 8.246211251235321 14.142135623730951 1.183134671961329 
41 88 6 0 7 23 8.94427190999916 14.142135623730951 1.1760024234100528 
40 86 6 0 8 19 8.94427190999916 14.142135623730951 1.1772644087066653 
39 85 6 0 10 20 7.615773105863909 14.142135623730951 1.1757401264585512 
35 84 6 0 6 18 7.0710678118654755 14.142135623730951 1.1823154140371936 
34 83 6 0 7 23 7.0710678118654755 14.142135623730951 1.1855188344532743 
33 82 7 0 6 18 7.0710678118654755 14.142135623730951 1.185027933457099 
32 81 7 0 6 18 7.0710678118654755 14.142135623730951 1.1729534837224105 
31 80 7 1 5 20 5.656854249492381 14.142135623730951 1.1723106522850093 
30 79 7 1 4 20 5.656854249492381 14.142135623730951 1.178279775954527 
29 78 8 1 3 17 5.656854249492381 14.142135623730951 1.179019796143844 
28 77 8 1 2 18 5.656854249492381 14.142135623730951 1.1779170140142277 
26 76 8 1 2 17 5.656854249492381 14.142135623730951 1.1761137047082373 
25 75 8 1 2 16 4.242640687119285 14.142135623730951 1.1769241682144578 
24 74 8 1 1 17 2.8284271247461903 14.142135623730951 1.1765037105351859 
23 73 8 1 1 17 1.4142135623730951 14.142135623730951 1.1707594426398023 
22 72 9 2 0 16 5.656854249492381 14.142135623730951 1.169556583090611 
22 71 9 2 0 16 4.47213595499958 14.142135623730951 1.1710604148545949 
22 70 9 2 0 18 4.47213595499958 14.142135623730951 1.1670563576507702 
22 69 9 2 0 16 4.0 14.142135623730951 1.1685366718756889 
22 68 9 2 0 18 4.47213595499958 14.142135623730951 1.1645326146718642 
22 67 9 2 0 16 4.0 14.142135623730951 1.1646300772700644 
22 66 9 2 0 17 4.47213595499958 14.142135623730951 1.1606260200662397 
22 65 9 2 0 15 4.0 14.142135623730951 1.1634891859178769 
22 64 9 2 0 18 4.47213595499958 14.142135623730951 1.1424516605929882 
22 63 9 3 0 14 4.0 14.142135623730951 1.1439319748179066 
22 62 9 3 0 16 4.47213595499958 14.142135623730951 1.1399279176140822 
22 61 9 3 0 14 4.0 14.142135623730951 1.1427910834657191 
22 60 9 3 0 17 4.47213595499958 14.142135623730951 1.140169877888613 
22 59 9 3 0 16 4.0 14.142135623730951 1.117025988814803 
22 55 9 4 0 14 4.47213595499958 12.0 1.0973713151166327 
22 54 9 5 0 11 4.0 12.0 1.0974687777148329 
22 53 9 5 0 12 4.47213595499958 12.0 1.09208186888429 
22 52 9 5 0 9 4.0 12.0 1.0914259553608954 
22 50 9 5 0 11 4.47213595499958 10.198039027185569 1.079737241202204 
21 49 9 6 1 13 1.4142135623730951 10.198039027185569 1 
