140 140 0 0 14 14 16.0 16.0 1.060106216056576 
138 138 0 0 17 17 16.0 14.142135623730951 1.0664409036021572 
134 137 0 0 16 18 13.038404810405298 16.0 1.064653411880646 
132 136 0 0 16 16 13.038404810405298 16.0 1.065336804563034 
130 134 0 0 16 17 13.038404810405298 16.0 1.0660201972454217 
128 132 0 0 16 18 13.038404810405298 16.0 1.0659666191267472 
126 130 0 0 14 18 13.038404810405298 16.0 1.0649160982062986 
124 129 0 0 16 17 13.038404810405298 16.0 1.0665922940238421 
122 127 0 0 17 19 13.038404810405298 16.0 1.0697053900765878 
120 126 0 0 17 21 13.341664064126334 16.0 1.0691401472897273 
118 124 0 0 17 21 13.341664064126334 16.0 1.0686012910374643 
116 123 0 0 17 20 13.341664064126334 16.0 1.070303873389606 
114 122 0 0 18 21 13.341664064126334 16.0 1.0720142904097292 
112 121 0 0 18 22 14.142135623730951 16.0 1.0714754341574664 
110 120 0 0 18 21 14.142135623730951 16.0 1.0709365779052036 
108 119 0 0 18 20 14.142135623730951 16.0 1.0721580217903757 
106 118 0 0 16 20 14.142135623730951 16.0 1.071919436068836 
105 117 0 0 16 20 14.0 16.0 1.0718407766696263 
104 116 0 0 16 20 13.341664064126334 16.0 1.0732603351035983 
100 114 0 0 16 20 13.341664064126334 16.0 1.073233546044261 
99 113 0 0 15 20 13.341664064126334 16.0 1.0730448787535682 
98 112 0 0 15 20 13.038404810405298 16.0 1.0716342308549 
97 111 0 0 15 19 12.649110640673518 16.0 1.0715810552609648 
96 109 0 0 14 20 12.649110640673518 16.0 1.0725161406108272 
94 108 0 0 18 21 12.649110640673518 16.0 1.0757223857168319 
90 107 0 0 16 21 12.649110640673518 16.0 1.0919736675412788 
89 106 1 0 16 25 12.649110640673518 16.0 1.0850698894489696 
88 105 1 0 15 20 12.649110640673518 15.033296378372908 1.0918082829454503 
86 104 1 0 15 25 13.341664064126334 15.033296378372908 1.1030650228929024 
85 103 2 0 15 25 13.341664064126334 15.033296378372908 1.0997730633680494 
83 102 2 0 16 22 13.341664064126334 15.033296378372908 1.1048931018666104 
81 101 2 0 16 26 13.341664064126334 14.142135623730951 1.1118460584298397 
79 100 2 0 16 31 13.341664064126334 14.142135623730951 1.1180620441920064 
77 99 2 0 14 35 13.341664064126334 14.142135623730951 1.1137772815319977 
75 98 2 0 14 31 13.341664064126334 14.142135623730951 1.1132120387451372 
73 96 2 0 14 31 13.341664064126334 14.142135623730951 1.1264531773886826 
69 95 3 0 13 30 13.341664064126334 14.142135623730951 1.1228950449883477 
68 94 3 0 12 27 12.649110640673518 14.142135623730951 1.1216710775714864 
67 90 3 0 12 29 11.40175425099138 14.142135623730951 1.117898382104403 
66 89 3 0 11 26 11.40175425099138 14.142135623730951 1.1243858863077376 
65 88 4 0 15 23 11.40175425099138 14.142135623730951 1.1575780008751848 
59 86 5 0 12 37 11.40175425099138 14.142135623730951 1.1493085120113762 
57 82 5 0 10 34 11.045361017187261 11.045361017187261 1.1409428510057344 
55 78 5 0 11 30 11.045361017187261 11.045361017187261 1.1346728846001537 
54 77 5 0 10 25 11.045361017187261 11.045361017187261 1.1388397965411403 
46 76 5 0 10 23 11.045361017187261 11.045361017187261 1.1506077986320393 
44 75 6 0 7 22 11.045361017187261 11.045361017187261 1.1616087062453988 
43 74 7 0 8 22 11.045361017187261 11.045361017187261 1.1484848721006389 
41 73 7 1 5 21 10.198039027185569 11.045361017187261 1.147085815564836 
39 72 7 1 5 19 8.94427190999916 11.045361017187261 1.1503553328772504 
38 71 7 1 4 22 8.602325267042627 10.198039027185569 1.1472932216766318 
37 69 7 1 5 21 8.602325267042627 10.198039027185569 1.1442570944858717 
35 68 7 1 5 18 8.602325267042627 10.198039027185569 1.1442303054265341 
34 67 7 1 4 18 8.602325267042627 10.198039027185569 1.1293135068615434 
33 65 7 2 3 18 8.602325267042627 10.198039027185569 1.130165845561851 
32 64 7 2 4 18 7.211102550927978 11.661903789690601 1.125976883277903 
31 62 7 2 4 17 7.0710678118654755 9.486832980505138 1.1295693477700859 
29 61 7 2 4 20 8.94427190999916 9.055385138137417 1.1272010435813022 
28 60 7 2 4 18 7.615773105863909 9.055385138137417 1.1277072325368254 
26 59 7 2 4 17 4.242640687119285 9.055385138137417 1.14046803776288 
24 58 8 2 2 17 4.242640687119285 9.055385138137417 1.1418721956536075 
23 57 8 2 2 18 2.8284271247461903 9.055385138137417 1.1436392151719028 
22 56 8 2 1 20 5.0990195135927845 9.055385138137417 1.1551517874534483 
21 55 9 2 0 20 5.0990195135927845 9.055385138137417 1.1528219487909506 
21 54 9 2 1 19 1.4142135623730951 8.0 1 
