140 140 0 0 14 14 16.0 16.0 1.0864183636881224 
138 138 0 0 17 17 16.0 14.0 1.0843832652935077 
136 137 0 0 18 15 14.142135623730951 14.0 1.0889608963033472 
132 136 0 0 18 16 14.142135623730951 16.0 1.0921092887329742 
130 134 0 0 18 19 14.142135623730951 16.0 1.0938700237651309 
128 133 0 0 18 20 14.142135623730951 16.0 1.0970496301955082 
126 132 0 0 17 22 14.142135623730951 16.0 1.0973602798286934 
124 130 0 0 19 23 14.142135623730951 16.0 1.0951516088012125 
122 128 0 0 19 22 14.142135623730951 16.0 1.0929429377737316 
120 126 0 0 19 21 14.142135623730951 16.0 1.093364406941611 
118 125 0 0 19 21 14.142135623730951 16.0 1.0926058213131016 
116 124 0 0 17 20 14.142135623730951 16.0 1.0951407207680568 
114 122 0 0 18 23 14.142135623730951 15.033296378372908 1.094078270304213 
112 121 0 0 18 22 15.033296378372908 15.033296378372908 1.0958390053363694 
110 120 0 0 18 23 15.033296378372908 15.033296378372908 1.0976481319017195 
108 118 0 0 18 25 15.033296378372908 15.033296378372908 1.1179920196407804 
102 117 1 0 18 29 15.033296378372908 15.033296378372908 1.1246114003009107 
96 116 2 0 15 23 15.033296378372908 14.0 1.1303103273919546 
94 115 2 0 16 27 15.033296378372908 14.0 1.1308102946875875 
92 114 2 0 16 27 15.033296378372908 14.142135623730951 1.1266847308912535 
91 113 2 0 14 24 14.0 14.142135623730951 1.1249903679793185 
90 112 2 0 13 23 14.0 14.142135623730951 1.1219336676603417 
89 111 2 0 12 21 14.142135623730951 14.142135623730951 1.1236147971585544 
87 110 2 0 13 22 14.142135623730951 14.142135623730951 1.1267147980549879 
85 109 2 0 13 24 14.142135623730951 14.142135623730951 1.1257970013585905 
83 108 2 0 13 23 14.142135623730951 14.142135623730951 1.1180892333385568 
81 104 2 0 16 20 14.142135623730951 14.142135623730951 1.1208708120992146 
79 103 2 0 20 22 14.142135623730951 14.142135623730951 1.1444504703044367 
73 102 3 0 13 28 14.142135623730951 14.142135623730951 1.1430823203730782 
71 101 3 0 11 27 14.142135623730951 13.038404810405298 1.1392471753462952 
69 100 3 0 14 24 14.142135623730951 13.038404810405298 1.1582205832203283 
63 98 4 0 15 28 14.142135623730951 13.038404810405298 1.1597023324441826 
62 97 4 0 10 29 13.038404810405298 13.038404810405298 1.159550315308438 
60 96 4 0 10 29 13.038404810405298 12.0 1.1710328470585207 
58 95 5 0 11 29 13.038404810405298 12.0 1.1682161643295754 
57 93 5 0 10 28 12.0 12.0 1.1692003331461942 
56 92 5 0 9 29 12.0 12.0 1.1622242588360951 
55 91 5 0 9 24 11.045361017187261 12.0 1.1619592399043737 
54 90 5 0 9 24 10.0 12.0 1.16567033198274 
53 88 5 0 8 28 10.0 12.0 1.166574895265415 
52 87 5 0 8 29 10.0 12.0 1.1616393009761867 
50 86 5 0 8 25 10.0 12.0 1.166847465930409 
46 85 5 0 9 27 7.0710678118654755 12.0 1.1651226920723083 
42 84 5 0 7 24 7.0710678118654755 12.0 1.164125289841967 
40 83 5 0 8 23 7.0710678118654755 12.0 1.1660494971626263 
39 81 5 0 6 26 7.0710678118654755 11.045361017187261 1.1604825112574406 
38 77 5 0 5 25 7.0710678118654755 11.045361017187261 1.1645405390037944 
37 75 6 0 5 21 7.0710678118654755 11.045361017187261 1.1641854419561364 
36 74 6 0 4 21 7.0710678118654755 11.045361017187261 1.1589700790045343 
34 72 6 0 5 18 8.602325267042627 11.045361017187261 1.1478230988573117 
33 71 6 1 5 20 5.0990195135927845 11.045361017187261 1.148727662139987 
32 70 6 1 5 21 5.0990195135927845 11.045361017187261 1.1498106189530213 
31 69 6 1 5 22 4.0 11.045361017187261 1.1489643825691063 
29 68 6 1 5 21 5.656854249492381 11.661903789690601 1.1584902933072623 
28 67 7 1 3 20 5.656854249492381 11.661903789690601 1.1581351962596045 
27 66 7 1 2 20 5.656854249492381 11.661903789690601 1.1426968848426036 
26 62 7 2 3 22 4.242640687119285 11.661903789690601 1.1424213933288894 
25 61 7 2 1 22 4.242640687119285 11.661903789690601 1.141997830465994 
24 59 7 2 1 23 4.47213595499958 11.661903789690601 1.1473951240766245 
23 57 8 2 1 20 4.47213595499958 11.661903789690601 1.1455990050359235 
22 56 8 2 0 19 5.0990195135927845 11.661903789690601 1.1305834302510314 
22 55 8 3 1 19 3.1622776601683795 11.661903789690601 1.1386904695909665 
21 54 9 3 0 17 3.1622776601683795 11.661903789690601 1.1376037365765124 
21 53 9 3 1 17 1.4142135623730951 11.661903789690601 1 
