140 139 0 0 14 17 16.0 16.0 1.0739147847911517 
138 138 0 0 17 17 13.038404810405298 14.0 1.068380782530146 
136 134 0 0 18 16 14.142135623730951 13.038404810405298 1.072870299472384 
132 133 0 0 18 17 15.033296378372908 15.033296378372908 1.077478805735016 
130 132 0 0 17 20 15.033296378372908 15.033296378372908 1.0741073198789977 
128 131 0 0 17 17 15.033296378372908 15.033296378372908 1.0772468357121858 
126 130 0 0 17 19 15.033296378372908 15.033296378372908 1.0777819508696915 
124 129 0 0 17 19 15.033296378372908 15.033296378372908 1.0812906378947347 
122 127 0 0 15 22 15.033296378372908 15.033296378372908 1.0778591349730657 
120 123 0 0 16 22 15.033296378372908 15.033296378372908 1.080831860714652 
118 122 0 0 17 24 15.033296378372908 15.033296378372908 1.0773291757756815 
116 120 0 0 18 22 15.033296378372908 15.033296378372908 1.0792732642969802 
114 116 0 0 18 26 15.033296378372908 15.033296378372908 1.0967312690704545 
106 115 1 0 17 26 15.033296378372908 15.033296378372908 1.111590587944215 
104 114 1 0 17 37 15.033296378372908 15.033296378372908 1.103379471928686 
102 112 1 0 15 31 15.033296378372908 15.033296378372908 1.1065545787705249 
100 110 1 0 15 34 15.033296378372908 15.033296378372908 1.1106925909910317 
92 108 2 0 16 25 15.033296378372908 15.033296378372908 1.1094920008135647 
88 106 2 0 14 23 15.033296378372908 15.033296378372908 1.1069770320862566 
86 104 2 0 14 22 15.033296378372908 14.142135623730951 1.1088143475816037 
84 103 2 0 14 23 15.033296378372908 14.142135623730951 1.1082140524928699 
82 102 2 0 13 22 15.033296378372908 14.142135623730951 1.1089159577419776 
80 101 2 0 12 22 15.033296378372908 14.142135623730951 1.1278399590492 
79 99 3 0 11 29 15.033296378372908 14.0 1.123663282482791 
78 97 3 0 12 27 14.142135623730951 14.0 1.1227466496392489 
76 96 3 0 10 26 14.0 13.038404810405298 1.1210787022155648 
75 95 3 0 10 25 14.0 13.038404810405298 1.1218586191013582 
73 94 3 0 10 25 13.038404810405298 13.038404810405298 1.1221445494162905 
71 93 3 0 10 25 12.165525060596439 12.165525060596439 1.128082905764535 
69 92 3 0 10 29 11.40175425099138 12.165525060596439 1.1313831689101326 
67 91 3 0 10 31 10.770329614269007 12.165525060596439 1.1329364679039347 
61 90 4 1 11 31 10.770329614269007 12.165525060596439 1.1329751423845078 
59 88 4 1 9 31 9.055385138137417 12.165525060596439 1.133111307864497 
57 87 4 1 9 31 8.246211251235321 11.045361017187261 1.1303079501945739 
56 86 4 1 8 29 8.246211251235321 11.045361017187261 1.127269198395808 
52 85 4 1 9 25 8.246211251235321 11.045361017187261 1.1372857572196062 
51 84 5 1 7 24 8.246211251235321 11.045361017187261 1.1396219387720228 
49 83 5 1 7 26 11.40175425099138 11.045361017187261 1.1378862334370503 
47 82 5 1 5 24 11.40175425099138 11.045361017187261 1.1384569396032063 
45 80 5 1 5 25 11.40175425099138 11.045361017187261 1.1323142629799028 
43 79 5 1 6 20 11.40175425099138 11.045361017187261 1.1289427771238842 
41 78 5 1 6 17 11.40175425099138 11.045361017187261 1.1434332190213496 
39 77 6 1 6 19 11.40175425099138 11.045361017187261 1.1599418847803393 
37 76 7 1 4 22 9.899494936611665 11.045361017187261 1.159742927786099 
36 75 7 1 3 22 9.899494936611665 11.045361017187261 1.1607149720467487 
35 73 7 1 3 24 9.899494936611665 11.045361017187261 1.1538382232716993 
34 72 7 1 3 19 9.899494936611665 11.045361017187261 1.1536392662774586 
33 71 7 1 2 19 9.899494936611665 11.045361017187261 1.1557111297756966 
32 70 7 1 3 21 9.899494936611665 11.045361017187261 1.1421028004322111 
31 69 7 2 2 21 8.48528137423857 11.045361017187261 1.1417627345613497 
30 68 7 2 3 21 8.48528137423857 11.40175425099138 1.13675059598492 
29 66 7 2 2 18 7.0710678118654755 11.40175425099138 1.1336136581317922 
28 65 7 2 3 16 7.0710678118654755 11.40175425099138 1.132472529560236 
27 64 7 2 2 15 5.656854249492381 11.40175425099138 1.1355677238276194 
25 63 7 2 2 17 5.830951894845301 11.40175425099138 1.146552902806054 
24 62 8 2 2 17 5.830951894845301 11.40175425099138 1.1434454005783992 
23 61 8 2 1 15 4.47213595499958 10.198039027185569 1.1430868523338702 
22 60 8 2 0 15 5.0990195135927845 10.198039027185569 1.129679305515474 
22 59 8 3 1 16 3.1622776601683795 10.198039027185569 1.1408312745855107 
21 58 9 3 0 16 3.1622776601683795 10.198039027185569 1.139842895186582 
21 57 9 3 1 16 1.4142135623730951 10.198039027185569 1 
