140 139 0 0 14 18 16.0 16.0 1.0628709446493756 
138 137 0 0 17 17 13.341664064126334 14.142135623730951 1.0713612569319872 
134 136 0 0 16 20 14.0 16.0 1.0793634268405528 
132 134 0 0 21 23 14.0 16.0 1.0755014256038933 
128 130 0 0 22 21 14.0 16.0 1.086325716452012 
124 129 0 0 22 25 14.0 16.0 1.0915497613919587 
120 128 0 0 22 26 14.0 16.0 1.0991347297879397 
114 127 1 0 21 22 14.0 16.0 1.0979463886877363 
113 125 1 0 25 21 14.0 16.0 1.107062729185322 
107 124 1 0 21 24 14.0 16.0 1.1229392268343537 
103 123 1 0 20 31 14.0 16.0 1.1195910293279443 
97 122 2 0 16 22 13.341664064126334 16.0 1.1221620890962887 
96 121 2 0 21 22 13.341664064126334 16.0 1.138180612268853 
90 115 3 0 17 27 13.341664064126334 16.0 1.147084290193632 
84 114 4 0 15 24 13.341664064126334 16.0 1.1536114785483709 
83 113 4 0 17 27 13.341664064126334 16.0 1.1489149738614166 
77 109 4 0 19 23 13.341664064126334 16.0 1.1553921734900363 
71 108 5 0 9 21 12.0 16.0 1.1462163906882417 
69 104 5 0 8 18 12.0 16.0 1.153326949001043 
67 103 5 0 9 21 12.649110640673518 16.0 1.1556007344134085 
66 101 6 0 8 18 12.0 16.0 1.1424314070907902 
65 100 6 1 12 18 12.0 16.0 1.1422519338404125 
61 98 6 1 8 18 12.0 16.0 1.1426195996398623 
60 97 6 1 9 18 12.165525060596439 16.0 1.1431539503531793 
58 96 6 1 8 18 11.045361017187261 16.0 1.1428991073262578 
56 95 6 1 9 17 10.198039027185569 16.0 1.1475751131589456 
52 94 6 1 8 18 10.198039027185569 16.0 1.1506148128917866 
52 93 6 1 16 18 10.198039027185569 16.0 1.1530348292666819 
46 92 6 1 10 18 10.198039027185569 16.0 1.154810017207565 
45 91 6 1 10 19 9.055385138137417 16.0 1.1563566491357378 
44 90 6 1 13 19 8.0 16.0 1.156273556555805 
40 89 6 1 10 18 6.0 15.033296378372908 1.1572616668043405 
39 88 6 1 12 18 5.0990195135927845 15.033296378372908 1.1568470419548063 
35 87 6 1 9 17 8.94427190999916 15.033296378372908 1.1643775007868389 
34 86 7 1 5 17 8.94427190999916 15.033296378372908 1.1701278059062044 
33 85 7 1 5 20 4.242640687119285 15.033296378372908 1.170188066600877 
32 84 7 1 9 19 5.656854249492381 15.033296378372908 1.1799568566295218 
28 83 8 1 3 19 8.48528137423857 15.033296378372908 1.1763266770864818 
27 82 8 1 3 17 4.47213595499958 15.033296378372908 1.1719081976207901 
27 81 8 1 4 15 2.8284271247461903 15.033296378372908 1.155887082937482 
26 80 8 2 3 15 4.47213595499958 15.033296378372908 1.1612359114479718 
25 79 9 2 2 13 5.830951894845301 15.033296378372908 1.1637964451088225 
24 78 9 2 0 15 4.47213595499958 15.033296378372908 1.1587503881455226 
24 77 9 2 0 13 4.0 15.033296378372908 1.1592404702223031 
24 76 9 2 0 14 4.47213595499958 15.033296378372908 1.1560611618950605 
24 75 9 2 0 13 4.0 15.033296378372908 1.1546844953357838 
24 74 9 2 0 13 4.47213595499958 15.033296378372908 1.1552386842806557 
24 73 9 2 0 14 4.0 15.033296378372908 1.1557287663574363 
24 72 9 2 0 15 4.47213595499958 15.033296378372908 1.1544162066662509 
24 71 9 2 0 15 4.0 15.033296378372908 1.151172791470917 
24 70 9 2 0 14 4.47213595499958 15.033296378372908 1.1498602317797315 
24 69 9 2 0 14 4.0 15.033296378372908 1.148483565220455 
24 68 9 2 0 14 4.47213595499958 15.033296378372908 1.149037754165327 
24 67 9 2 0 15 4.0 15.033296378372908 1.145794338969993 
24 66 9 2 0 14 4.47213595499958 15.033296378372908 1.1444817792788076 
24 65 9 2 0 14 4.0 15.033296378372908 1.1412383640834736 
24 64 9 2 0 13 4.47213595499958 15.033296378372908 1.1436593016644028 
24 63 9 2 0 15 4.0 15.033296378372908 1.142282635105126 
24 62 9 2 0 15 4.47213595499958 15.033296378372908 1.1321584677444803 
24 60 9 2 0 11 4.0 15.033296378372908 1.1307818011852038 
24 59 9 2 0 11 4.47213595499958 15.033296378372908 1.1313359901300757 
24 58 9 2 0 12 4.0 15.033296378372908 1.1129002269510382 
24 57 9 3 0 11 4.47213595499958 15.033296378372908 1.1115876672598528 
24 56 9 3 0 11 4.0 15.033296378372908 1.110211000700576 
24 55 9 3 0 11 4.47213595499958 15.033296378372908 1.0955728416617447 
24 54 9 4 0 12 4.0 15.033296378372908 1.0960629237385255 
24 53 9 4 0 13 4.47213595499958 15.033296378372908 1.0966171126833975 
24 52 9 4 0 14 4.0 15.033296378372908 1.0800480981404172 
24 51 9 5 0 14 4.47213595499958 15.033296378372908 1.0635431904655284 
24 50 9 6 0 14 4.0 15.033296378372908 1.0546995293620223 
24 49 9 6 0 10 4.47213595499958 15.033296378372908 1.0515202210347796 
24 48 9 6 0 9 4.0 15.033296378372908 1.0506656899863294 
24 46 9 6 0 10 4.47213595499958 15.033296378372908 1.049353130295144 
24 45 9 6 0 10 4.0 15.033296378372908 1.040439667218791 
24 44 9 6 0 6 4.47213595499958 14.0 1.0202012622717875 
24 43 9 7 0 4 4.0 14.0 1.0188245957125108 
24 42 9 7 0 4 4.47213595499958 14.0 1.0156452873852682 
24 41 9 7 0 3 4.0 14.0 1.0142686208259915 
24 40 9 7 0 3 4.47213595499958 14.0 0.9977637131511028 
24 39 9 8 0 3 4.0 14.0 0.9944553395926903 
24 38 9 8 0 2 4.47213595499958 13.038404810405298 0.9931427799015051 
24 37 9 8 0 2 4.0 13.038404810405298 0.9917661133422284 
24 36 9 8 0 2 4.47213595499958 13.038404810405298 0.990453553651043 
24 35 9 8 0 2 4.0 13.038404810405298 0.9853433898196517 
24 34 9 8 0 0 4.47213595499958 13.038404810405298 0.9886517633780642 
24 35 9 8 0 1 4.0 14.0 0.9853433898196517 
24 34 9 8 0 0 4.47213595499958 13.038404810405298 0.9853754432536974 
24 34 9 8 0 0 4.0 13.038404810405298 0.9956343709502685 
24 36 9 8 0 4 4.47213595499958 15.033296378372908 0.9853754432536974 
24 34 9 8 0 0 4.0 13.038404810405298 0.9904215002169974 
24 35 9 8 0 2 4.47213595499958 13.038404810405298 0.9853754432536974 
24 34 9 8 0 0 4.0 13.038404810405298 1.0107665186080057 
24 36 9 7 0 4 4.47213595499958 14.142135623730951 1.0056663876198297 
24 35 9 7 0 2 4.0 13.341664064126334 0.9872306244407921 
24 34 9 8 0 1 4.47213595499958 13.341664064126334 0.9688589681298461 
24 33 9 9 0 0 4.0 13.341664064126334 0.987210138455709 
24 34 9 8 0 1 4.47213595499958 13.038404810405298 0.9688589681298461 
24 33 9 9 0 0 4.0 13.341664064126334 0.987210138455709 
24 34 9 8 0 1 4.47213595499958 13.038404810405298 0.9688589681298461 
24 33 9 9 0 0 4.0 13.341664064126334 0.9923628088630139 
24 35 9 8 0 3 4.47213595499958 14.142135623730951 0.9688589681298461 
24 33 9 9 0 0 4.0 13.341664064126334 0.9970442875270168 
24 37 9 8 0 4 4.47213595499958 16.0 0.9886613650249448 
24 35 9 8 0 1 4.0 14.142135623730951 0.9853433898196517 
24 34 9 8 0 0 4.47213595499958 13.038404810405298 1.0056663876198297 
24 35 9 7 0 2 4.0 13.341664064126334 0.9853433898196517 
24 34 9 8 0 0 4.47213595499958 13.038404810405298 0.9872421918897547 
24 34 9 8 0 1 4.0 13.038404810405298 0.9688269146958004 
24 33 9 9 0 0 4.47213595499958 13.341664064126334 0.9872626778748378 
24 34 9 8 0 1 4.0 13.341664064126334 0.9688269146958004 
24 33 9 9 0 0 4.47213595499958 13.341664064126334 0.9905281136610021 
24 35 9 8 0 2 4.0 14.142135623730951 0.9688269146958004 
24 33 9 9 0 0 4.47213595499958 13.341664064126334 0.980539379852128 
24 36 9 9 0 4 4.0 16.0 0.973959099118022 
24 34 9 9 0 2 4.47213595499958 14.142135623730951 0.9688589681298461 
24 33 9 9 0 0 4.0 13.341664064126334 0.9790974098413341 
24 35 9 9 0 4 4.47213595499958 15.033296378372908 0.9688589681298461 
24 33 9 9 0 0 4.0 13.341664064126334 0.987210138455709 
24 34 9 8 0 1 4.47213595499958 13.038404810405298 0.9688589681298461 
24 33 9 9 0 0 4.0 13.341664064126334 0.9904960602269565 
24 35 9 8 0 2 4.47213595499958 14.142135623730951 0.9872421918897547 
24 34 9 8 0 1 4.0 13.038404810405298 0.9688269146958004 
24 33 9 9 0 0 4.47213595499958 13.341664064126334 0.9942520092862361 
24 35 9 8 0 4 4.0 14.0 0.987210138455709 
24 34 9 8 0 1 4.47213595499958 13.038404810405298 0.968838482144763 
24 33 9 9 0 0 4.0 13.038404810405298 0.9688269146958004 
24 33 9 9 0 0 4.47213595499958 13.341664064126334 0.9520359654671364 
24 21 9 9 0 0 4.0 3.1622776601683795 0.9814365921630862 
22 23 9 8 3 4 2.8284271247461903 2.8284271247461903 1 
