140 140 0 0 14 14 16.0 16.0 1.0970939976937395 
138 139 0 0 17 17 16.0 14.142135623730951 1.1025610540944528 
134 138 0 0 16 19 12.0 16.0 1.1035041868315598 
132 137 0 0 21 18 12.0 16.0 1.1139647973346833 
128 135 0 0 22 24 12.0 16.0 1.104752577120468 
124 129 0 0 22 21 13.341664064126334 15.033296378372908 1.1091908577606575 
120 128 0 0 24 22 15.033296378372908 15.033296378372908 1.1379632541422628 
112 127 1 0 18 32 13.341664064126334 15.033296378372908 1.1349321818469702 
111 125 1 0 26 29 13.341664064126334 15.033296378372908 1.1281816828318079 
101 124 1 0 18 22 13.341664064126334 15.033296378372908 1.150726020311706 
100 123 2 0 19 30 13.341664064126334 15.033296378372908 1.14733802731601 
99 122 2 0 23 27 13.341664064126334 15.033296378372908 1.1436236620411075 
93 121 2 0 27 21 13.341664064126334 15.033296378372908 1.1567994837244497 
85 120 3 0 13 23 13.341664064126334 15.033296378372908 1.1599306326047467 
84 119 3 0 18 24 14.142135623730951 15.033296378372908 1.1708931121325619 
82 118 3 0 25 29 14.142135623730951 15.033296378372908 1.1755384631598649 
76 117 3 0 12 33 14.142135623730951 15.033296378372908 1.1850808398813315 
70 116 4 0 12 30 14.142135623730951 15.033296378372908 1.2030600149750672 
68 115 5 0 11 35 14.142135623730951 15.033296378372908 1.1900986842181385 
67 111 5 0 16 28 14.142135623730951 15.033296378372908 1.1849628794789644 
66 110 5 0 12 26 14.142135623730951 15.033296378372908 1.1819120831291081 
64 109 5 0 11 24 14.142135623730951 15.033296378372908 1.1934269789756544 
62 107 5 0 15 31 14.142135623730951 15.033296378372908 1.189663248299087 
60 106 5 0 16 28 14.142135623730951 15.033296378372908 1.1839218235965538 
59 105 5 0 18 24 14.142135623730951 15.033296378372908 1.1898173131338914 
53 104 6 0 9 21 12.649110640673518 15.033296378372908 1.1869817364569264 
52 102 6 0 10 20 12.649110640673518 15.033296378372908 1.1854641231238445 
50 101 6 0 9 19 12.649110640673518 15.033296378372908 1.1965533249416669 
50 100 6 0 13 26 12.649110640673518 15.033296378372908 1.1941029124708076 
48 99 7 0 7 19 12.0 15.033296378372908 1.1921690699836252 
47 98 7 0 7 18 11.045361017187261 15.033296378372908 1.2009643292720436 
46 97 7 0 7 24 10.198039027185569 15.033296378372908 1.1773415796924867 
45 89 7 0 6 15 10.198039027185569 15.033296378372908 1.1777159325436208 
44 88 7 0 8 15 10.770329614269007 15.033296378372908 1.1931584457202626 
40 87 8 0 4 18 9.055385138137417 15.033296378372908 1.1899127446982665 
39 85 8 0 4 17 9.055385138137417 15.033296378372908 1.188770869046056 
38 84 8 0 6 16 9.055385138137417 15.033296378372908 1.1905644827665145 
32 83 8 0 1 16 9.055385138137417 15.033296378372908 1.1932267819787192 
28 82 8 0 2 16 5.0990195135927845 15.033296378372908 1.1950233135825146 
27 80 8 0 3 18 4.0 15.033296378372908 1.1904740428909786 
25 79 8 0 2 15 2.8284271247461903 15.033296378372908 1.1930770809348672 
25 78 8 0 4 17 2.8284271247461903 15.033296378372908 1.184311607742149 
23 77 9 1 0 15 5.656854249492381 15.033296378372908 1.1848459185336893 
23 75 9 1 0 17 4.47213595499958 15.033296378372908 1.1660613695392876 
23 73 9 2 0 16 4.0 15.033296378372908 1.1647638054979517 
23 72 9 2 0 16 4.47213595499958 15.033296378372908 1.1619610331630683 
23 71 9 2 0 15 4.0 15.033296378372908 1.159130286104958 
23 70 9 2 0 14 4.47213595499958 15.033296378372908 1.1563275137700746 
23 69 9 2 0 13 4.0 15.033296378372908 1.15527955606579 
23 67 9 2 0 14 4.47213595499958 15.033296378372908 1.1509436007141327 
23 66 9 2 0 12 4.0 15.033296378372908 1.1496460366727965 
23 65 9 2 0 12 4.47213595499958 15.033296378372908 1.1483764473546874 
23 64 9 2 0 12 4.0 15.033296378372908 1.1501452493468995 
23 63 9 2 0 14 4.47213595499958 15.033296378372908 1.1504088430455643 
23 62 9 2 0 15 4.0 15.033296378372908 1.1491112790042284 
23 61 9 2 0 15 4.47213595499958 15.033296378372908 1.1316103066895495 
23 60 9 3 0 14 4.0 15.033296378372908 1.133379108681762 
23 59 9 3 0 16 4.47213595499958 15.033296378372908 1.13082594268393 
23 57 9 3 0 16 4.0 15.033296378372908 1.1264620126090457 
23 56 9 3 0 14 4.47213595499958 15.033296378372908 1.123659240274162 
23 55 9 3 0 13 4.0 15.033296378372908 1.1208284932160522 
23 54 9 3 0 12 4.47213595499958 15.033296378372908 1.1180257208811688 
23 53 9 3 0 11 4.0 15.033296378372908 1.1164181746933453 
23 52 9 3 0 11 4.47213595499958 14.0 1.113615402358462 
23 51 9 3 0 10 4.0 14.0 1.1006860043708786 
23 50 9 4 0 12 4.47213595499958 14.0 1.0978832320359952 
23 49 9 4 0 11 4.0 14.0 1.096628307750937 
23 48 9 4 0 11 4.47213595499958 14.142135623730951 1.0984250844663757 
23 47 9 4 0 13 4.0 14.142135623730951 1.077829771394922 
23 46 9 5 0 10 4.47213595499958 14.142135623730951 1.0777622530778863 
23 45 9 5 0 11 4.0 13.038404810405298 1.0749315060197762 
23 44 9 5 0 10 4.47213595499958 13.038404810405298 1.0574305337050973 
23 43 9 6 0 9 4.0 13.038404810405298 1.053066603630213 
23 42 9 6 0 7 4.47213595499958 13.038404810405298 1.0502638312953296 
23 41 9 6 0 6 4.0 13.038404810405298 1.0489662672539937 
23 40 9 6 0 6 4.47213595499958 13.038404810405298 1.0476966779358843 
23 39 9 6 0 6 4.0 13.038404810405298 1.0446040726692927 
23 38 9 6 0 5 4.47213595499958 12.165525060596439 1.0433344833511833 
23 37 9 6 0 5 4.0 12.165525060596439 1.025755879879117 
23 36 9 7 0 4 4.47213595499958 12.0 1.024486290561008 
23 35 9 7 0 4 4.0 12.0 1.005424160506328 
23 34 9 8 0 2 4.47213595499958 12.0 1.004154571188219 
23 33 9 8 0 2 4.0 12.0 0.9851420975676999 
23 32 9 9 0 0 4.47213595499958 12.165525060596439 1.0026710446056055 
23 33 9 8 0 1 4.0 12.165525060596439 0.9851420975676999 
23 32 9 9 0 0 4.47213595499958 12.165525060596439 1.0088160285441319 
23 34 9 8 0 4 4.0 13.038404810405298 1.0026570572439921 
23 33 9 8 0 1 4.47213595499958 12.165525060596439 0.9851560849293132 
23 32 9 9 0 0 4.0 12.165525060596439 0.9851420975676999 
23 32 9 9 0 0 4.47213595499958 12.165525060596439 0.9897678858510658 
23 33 9 9 0 2 4.0 13.038404810405298 0.9850924411335392 
23 32 9 9 0 0 4.47213595499958 12.0 1.0026213881714447 
23 33 9 8 0 1 4.0 12.0 0.9850924411335392 
23 32 9 9 0 0 4.47213595499958 12.0 0.9944063008237594 
23 34 9 9 0 4 4.0 14.0 0.9851420975676999 
23 32 9 9 0 0 4.47213595499958 12.165525060596439 1.0026710446056055 
23 33 9 8 0 1 4.0 12.165525060596439 0.9851420975676999 
23 32 9 9 0 0 4.47213595499958 12.165525060596439 0.9898588616411471 
23 33 9 9 0 2 4.0 13.341664064126334 0.9851420975676999 
23 32 9 9 0 0 4.47213595499958 12.165525060596439 0.9851560849293132 
23 32 9 9 0 0 4.0 12.165525060596439 1.0026570572439921 
23 33 9 8 0 1 4.47213595499958 12.165525060596439 0.9851560849293132 
23 32 9 9 0 0 4.0 12.165525060596439 0.9683218388325968 
23 21 9 9 0 0 4.47213595499958 3.1622776601683795 0.9763147997556498 
21 22 9 9 1 3 1.4142135623730951 2.8284271247461903 1 
