140 140 0 0 14 14 16.0 16.0 1.0744260599809183 
139 138 0 0 19 17 16.0 13.038404810405298 1.0801367752428115 
135 137 0 0 22 17 14.0 15.033296378372908 1.0837361067860454 
131 136 0 0 25 16 14.0 15.033296378372908 1.0894222870202768 
127 135 0 0 25 17 13.038404810405298 16.0 1.0992939344523656 
123 134 0 0 28 19 14.142135623730951 16.0 1.102842300373393 
123 133 0 0 38 18 14.142135623730951 16.0 1.1132280586021348 
117 132 0 0 38 20 13.038404810405298 16.0 1.1223644563572508 
113 130 0 0 36 24 13.038404810405298 16.0 1.122119885606519 
107 129 0 0 36 21 13.038404810405298 16.0 1.1408149986469132 
105 128 0 0 40 28 13.038404810405298 16.0 1.1331725783832458 
99 127 1 0 34 19 13.038404810405298 16.0 1.1360593577024536 
95 126 1 0 36 18 13.038404810405298 16.0 1.182361839240799 
94 125 1 0 39 39 13.038404810405298 16.0 1.1603219203104818 
88 119 2 0 29 28 13.038404810405298 16.0 1.1536810992751603 
82 111 3 0 21 25 13.038404810405298 16.0 1.1521369803689319 
78 107 3 1 27 30 13.038404810405298 16.0 1.167686044672141 
72 106 4 1 15 34 13.038404810405298 16.0 1.1802603974313757 
71 105 4 1 21 38 12.165525060596439 16.0 1.1670168636296487 
65 104 5 1 19 25 12.165525060596439 16.0 1.1742474310053659 
57 103 5 1 14 26 11.045361017187261 16.0 1.1753632779081113 
56 99 5 1 16 28 10.0 16.0 1.182890147632188 
54 98 5 1 25 28 10.0 15.033296378372908 1.1958958759344471 
53 94 5 1 26 36 10.198039027185569 15.033296378372908 1.16984556307301 
49 92 5 1 19 25 9.055385138137417 15.033296378372908 1.1623814955382112 
43 88 5 1 12 23 8.246211251235321 15.033296378372908 1.1611864327461514 
44 87 5 1 20 21 8.246211251235321 14.142135623730951 1.1718469357353276 
38 86 6 1 13 21 8.246211251235321 14.142135623730951 1.1653416249185389 
37 85 6 1 13 18 7.615773105863909 14.142135623730951 1.1694595444695188 
36 84 6 1 13 20 6.0 14.142135623730951 1.1749543892471566 
35 83 6 1 15 22 6.0 13.341664064126334 1.1810688039291393 
34 82 6 1 15 25 6.324555320336759 13.341664064126334 1.1870970607145792 
30 81 7 1 8 24 6.324555320336759 13.341664064126334 1.1806055143787848 
29 79 7 1 7 22 5.0990195135927845 12.649110640673518 1.1876332325188586 
27 78 8 1 5 21 5.830951894845301 12.649110640673518 1.1797002826969132 
26 77 8 1 6 17 5.656854249492381 12.649110640673518 1.188582583704529 
22 75 9 1 2 17 5.0990195135927845 12.083045973594572 1.1917122983128534 
24 74 9 1 6 19 4.47213595499958 12.083045973594572 1.1902762802644342 
24 73 9 1 6 19 4.0 12.083045973594572 1.186670816282927 
24 72 9 1 6 18 4.47213595499958 12.083045973594572 1.1831219676259668 
24 71 9 1 6 17 4.0 12.083045973594572 1.1660642206122915 
24 70 9 2 6 17 4.47213595499958 12.083045973594572 1.1667410331724133 
24 69 9 2 6 18 4.0 12.083045973594572 1.1631355691909062 
24 68 9 2 6 17 4.47213595499958 12.083045973594572 1.1461344375017775 
24 67 9 3 6 17 4.0 12.083045973594572 1.1425289735202704 
24 66 9 3 6 16 4.47213595499958 12.083045973594572 1.1411344021417016 
24 65 9 3 6 16 4.0 11.40175425099138 1.1375289381601947 
24 64 9 3 6 15 4.47213595499958 11.40175425099138 1.1360929201117755 
24 63 9 3 6 15 4.0 11.40175425099138 1.1367515303319584 
24 62 9 3 6 16 4.47213595499958 10.770329614269007 1.133202681674998 
24 61 9 3 6 15 4.0 10.770329614269007 1.1317100483020321 
24 60 9 3 6 15 4.47213595499958 10.770329614269007 1.130274030253613 
24 59 9 3 6 15 4.0 10.770329614269007 1.1132162832399377 
24 58 9 4 6 15 4.47213595499958 10.770329614269007 1.1096674345829771 
24 57 9 4 6 14 4.0 10.770329614269007 1.1081748012100112 
24 56 9 4 6 14 4.47213595499958 10.770329614269007 1.1067735987013008 
24 55 9 4 6 14 4.0 10.198039027185569 1.107393795936876 
24 54 9 4 6 15 4.47213595499958 10.198039027185569 1.1038449472799154 
24 53 9 4 6 14 4.0 10.198039027185569 1.1023523139069495 
24 52 9 4 6 14 4.47213595499958 10.198039027185569 1.1009162958585303 
24 51 9 4 6 14 4.0 10.198039027185569 1.0973108318770233 
24 50 9 4 6 13 4.47213595499958 10.198039027185569 1.095874813828604 
24 49 9 4 6 13 4.0 10.198039027185569 1.0944516942878508 
24 48 9 4 6 13 4.47213595499958 9.055385138137417 1.0930156762394316 
24 47 9 4 6 13 4.0 9.055385138137417 1.073845098617215 
24 46 9 5 6 12 4.47213595499958 9.055385138137417 1.0724090805687958 
24 45 9 5 6 12 4.0 9.055385138137417 1.07091644719583 
24 44 9 5 6 12 4.47213595499958 9.055385138137417 1.0695446339482828 
24 43 9 5 6 12 4.0 8.0 1.046796900006833 
24 41 9 6 6 10 4.47213595499958 8.0 1.043304563332094 
24 40 9 6 6 9 4.0 7.0710678118654755 1.041811929959128 
24 39 9 6 6 9 4.47213595499958 7.0710678118654755 1.0403759119107088 
24 38 9 6 6 9 4.0 7.0710678118654755 1.0409961091462838 
24 37 9 6 6 10 4.47213595499958 7.0710678118654755 1.0380957653871719 
24 35 9 6 6 10 4.0 7.0710678118654755 1.0146995265478733 
24 34 9 7 6 7 4.47213595499958 7.0710678118654755 1.0132635084994541 
24 33 9 7 6 7 4.0 7.0710678118654755 1.0096495254454187 
24 32 9 7 6 6 4.47213595499958 7.211102550927978 1.0082135073969996 
24 31 9 7 6 6 4.0 7.211102550927978 0.9869300991662424 
24 30 9 8 6 4 4.47213595499958 7.211102550927978 0.9854940811178231 
24 29 9 8 6 4 4.0 7.211102550927978 0.9840099668173851 
24 28 9 8 6 4 4.47213595499958 7.0710678118654755 0.9825739487689658 
24 27 9 8 6 4 4.0 7.0710678118654755 0.9811673496756974 
24 26 9 8 6 4 4.47213595499958 5.656854249492381 0.9798173659069752 
24 25 9 8 6 4 4.0 4.242640687119285 0.9784107668137069 
24 24 9 8 6 4 4.47213595499958 2.8284271247461903 0.9727994852624232 
24 23 9 8 6 2 4.0 2.0 0.9713424884549371 
24 22 9 8 6 2 4.47213595499958 1.4142135623730951 0.9497715584299363 
24 21 9 9 6 0 4.0 7.0710678118654755 0.9626735846136026 
24 24 9 9 6 4 4.47213595499958 5.656854249492381 0.955506959760601 
24 22 9 9 6 2 4.0 6.324555320336759 0.9497432507676631 
24 21 9 9 6 0 4.47213595499958 7.0710678118654755 0.9692579655086693 
24 22 9 8 6 1 4.0 1.4142135623730951 0.9497432507676631 
24 21 9 9 6 0 4.47213595499958 7.0710678118654755 0.9692579655086693 
24 22 9 8 6 1 4.0 1.4142135623730951 0.9497432507676631 
24 21 9 9 6 0 4.47213595499958 7.0710678118654755 0.9498915288215267 
24 21 9 9 6 0 4.0 5.0990195135927845 0.9554786520983277 
24 22 9 9 6 2 4.47213595499958 6.324555320336759 0.9497715584299363 
24 21 9 9 6 0 4.0 7.0710678118654755 0.9748336104944733 
24 23 9 8 6 3 4.47213595499958 2.8284271247461903 0.9670387906820269 
24 22 9 8 6 0 4.0 3.1622776601683795 0.969229657846396 
24 22 9 8 6 1 4.47213595499958 1.4142135623730951 0.9497715584299363 
24 21 9 9 6 0 4.0 7.0710678118654755 0.9713424884549371 
24 22 9 8 6 2 4.47213595499958 1.4142135623730951 0.9498915288215267 
24 21 9 9 6 0 4.0 5.0990195135927845 0.9499810436683515 
24 21 9 9 6 0 4.47213595499958 3.1622776601683795 0.969151621290568 
24 22 9 8 6 1 4.0 3.1622776601683795 0.9499810436683515 
24 21 9 9 6 0 4.47213595499958 3.1622776601683795 0.9769747487652876 
24 23 9 8 6 4 4.0 2.8284271247461903 0.9691233136282947 
24 22 9 8 6 1 4.47213595499958 3.1622776601683795 0.9500093513306247 
24 21 9 9 6 0 4.0 3.1622776601683795 0.9691233136282947 
24 22 9 8 6 1 4.47213595499958 3.1622776601683795 0.9500093513306247 
24 21 9 9 6 0 4.0 3.1622776601683795 0.9748336104944733 
24 23 9 8 6 3 4.47213595499958 2.8284271247461903 0.9692579655086693 
24 22 9 8 6 1 4.0 1.4142135623730951 0.9498632211592535 
24 21 9 9 6 0 4.47213595499958 5.0990195135927845 0.9790875793738286 
24 23 9 8 6 5 4.0 2.8284271247461903 0.9713424884549371 
24 22 9 8 6 2 4.47213595499958 1.4142135623730951 0.9500093513306247 
24 21 9 9 6 0 4.0 3.1622776601683795 0.9734553190634782 
24 22 9 8 6 3 4.47213595499958 1.4142135623730951 0.952228526157267 
24 21 9 9 6 1 4.0 1.4142135623730951 -1 
