140 139 0 0 14 18 16.0 16.0 1.0777677563205663 
139 137 0 0 19 22 13.341664064126334 13.038404810405298 1.0819453508696835 
135 135 0 0 22 22 14.0 15.033296378372908 1.0778349061197234 
131 133 0 0 25 18 14.0 15.033296378372908 1.0836644482146698 
127 132 0 0 25 19 13.038404810405298 16.0 1.0964659453238275 
123 130 0 0 28 23 13.038404810405298 16.0 1.1019905579591882 
123 129 0 0 38 23 13.038404810405298 16.0 1.1061644117885938 
117 128 0 0 38 22 13.038404810405298 16.0 1.1105892479242918 
113 127 0 0 36 23 13.038404810405298 16.0 1.1408490353311358 
107 126 0 0 34 35 13.038404810405298 16.0 1.1671849416513818 
105 122 0 0 37 48 13.038404810405298 16.0 1.1360633502153519 
99 112 1 1 35 40 13.038404810405298 16.0 1.1348241593087476 
95 111 1 1 37 37 13.038404810405298 16.0 1.1276848503667174 
95 110 1 1 44 32 13.038404810405298 16.0 1.1304674394649548 
85 109 2 1 30 28 13.038404810405298 16.0 1.132969160723714 
83 108 2 1 35 27 13.038404810405298 16.0 1.1287271132574552 
77 107 2 1 29 24 13.038404810405298 16.0 1.12756688673697 
73 106 2 1 28 22 13.038404810405298 15.033296378372908 1.1590944417604896 
69 105 3 1 27 31 14.0 15.033296378372908 1.1840749762647889 
61 104 4 1 15 38 12.165525060596439 15.033296378372908 1.175037294475227 
59 103 5 1 14 29 12.165525060596439 15.033296378372908 1.16250479536234 
57 97 5 1 20 24 12.165525060596439 15.033296378372908 1.1732362472737725 
49 96 6 1 12 23 12.165525060596439 15.033296378372908 1.1702395022772705 
48 95 6 1 14 21 12.165525060596439 15.033296378372908 1.180714828378632 
44 94 7 1 10 21 12.165525060596439 15.033296378372908 1.187188409292099 
46 93 7 1 19 23 12.165525060596439 15.033296378372908 1.1850085413383842 
45 92 7 1 16 23 11.045361017187261 15.033296378372908 1.1849173677121043 
44 91 7 1 16 23 10.0 15.033296378372908 1.1853298382678812 
38 90 8 1 6 19 10.0 15.033296378372908 1.1829918389209886 
37 88 8 1 8 18 10.0 15.033296378372908 1.1944766740426174 
33 87 8 1 4 23 10.0 15.033296378372908 1.1901504258499314 
32 86 8 1 4 21 9.055385138137417 15.033296378372908 1.2076868502289282 
31 85 8 1 8 28 8.246211251235321 14.142135623730951 1.207407170148794 
27 84 8 1 5 27 5.0990195135927845 14.142135623730951 1.2017556762092592 
27 82 8 1 7 25 5.0990195135927845 12.649110640673518 1.2025306969706793 
25 80 9 1 7 21 5.0990195135927845 12.649110640673518 1.2003293063445224 
24 79 9 1 7 20 4.0 12.649110640673518 1.1939015786396698 
23 78 9 1 4 18 3.1622776601683795 12.649110640673518 1.1916071058287512 
22 76 9 1 3 18 2.8284271247461903 12.649110640673518 1 
