140 140 0 0 14 14 16.0 16.0 1.1004712251769055 
138 139 0 0 17 19 16.0 14.142135623730951 1.1049590444969533 
134 138 0 0 16 20 12.0 16.0 1.1039245989630198 
132 137 0 0 21 18 12.0 16.0 1.1108833233076274 
128 136 0 0 22 21 12.0 16.0 1.1117465156815851 
124 134 0 0 22 21 12.649110640673518 16.0 1.1111246116508888 
120 132 0 0 22 20 13.341664064126334 16.0 1.121175117711235 
116 130 0 0 23 26 14.142135623730951 16.0 1.1282477695305937 
112 129 1 0 19 23 14.142135623730951 16.0 1.134612855722008 
108 128 1 0 18 26 14.142135623730951 16.0 1.135826434795713 
107 126 1 0 23 27 14.142135623730951 16.0 1.1541550331385209 
101 125 2 0 16 31 14.142135623730951 16.0 1.1514682864041066 
99 124 2 0 17 29 14.142135623730951 15.033296378372908 1.145858740421376 
97 122 2 0 16 26 14.0 15.033296378372908 1.1565550326566651 
95 120 2 0 15 34 14.0 15.033296378372908 1.153544768662358 
91 119 3 0 17 23 14.0 15.033296378372908 1.1532666806232028 
89 118 3 0 16 23 14.0 14.142135623730951 1.15845292429597 
87 117 3 0 17 26 14.142135623730951 14.142135623730951 1.1589003409473655 
85 116 3 0 17 26 14.142135623730951 14.142135623730951 1.1494285683576697 
83 114 3 0 18 20 14.142135623730951 14.142135623730951 1.1589387008854 
81 112 3 0 18 27 14.142135623730951 14.142135623730951 1.1549371811843288 
79 111 3 0 18 24 14.142135623730951 14.142135623730951 1.160730555916868 
78 110 3 0 19 28 14.142135623730951 14.142135623730951 1.1607897259503936 
77 106 3 0 19 31 14.142135623730951 14.142135623730951 1.1546280652561105 
73 104 3 0 17 27 14.142135623730951 13.038404810405298 1.147379131105561 
73 103 3 0 22 22 14.142135623730951 13.038404810405298 1.1568098567434348 
67 102 4 0 15 20 14.142135623730951 13.038404810405298 1.1596365212176396 
65 101 4 0 13 22 14.0 13.038404810405298 1.1653863202404877 
63 100 5 0 10 19 14.0 13.341664064126334 1.1667384397182752 
63 99 5 0 14 20 14.0 13.341664064126334 1.1738110915376336 
59 98 6 0 10 17 14.0 13.341664064126334 1.1810797639566137 
57 97 6 0 8 22 14.0 13.341664064126334 1.1794582447683755 
56 96 6 0 9 21 14.0 13.341664064126334 1.1732558133224753 
55 94 6 0 9 18 14.0 13.341664064126334 1.1755001372361837 
54 93 6 0 9 20 13.038404810405298 12.649110640673518 1.1750647777555043 
53 92 6 0 9 20 13.038404810405298 12.649110640673518 1.174976854442942 
52 91 6 0 10 20 12.0 12.649110640673518 1.1605951122659386 
50 90 6 1 9 20 12.0 12.649110640673518 1.158723307923403 
49 89 6 1 9 19 11.045361017187261 12.649110640673518 1.1583013548614467 
48 88 6 1 9 19 10.770329614269007 12.649110640673518 1.1575702929029974 
47 87 6 1 13 18 10.770329614269007 12.649110640673518 1.16042410188033 
41 86 6 1 9 18 9.486832980505138 12.649110640673518 1.1644652425159479 
40 85 6 1 14 20 8.94427190999916 12.649110640673518 1.1795391921325855 
32 84 7 1 5 21 8.48528137423857 12.649110640673518 1.1776208538677508 
31 83 7 1 5 20 8.48528137423857 12.649110640673518 1.1842866373996357 
30 81 8 1 3 19 8.48528137423857 12.649110640673518 1.1868172354872673 
29 80 8 1 3 21 8.48528137423857 12.649110640673518 1.1864508119134707 
28 79 8 1 3 21 7.0710678118654755 12.649110640673518 1.1860154524327913 
27 78 8 1 3 21 7.0710678118654755 12.649110640673518 1.1812000925065276 
26 77 8 1 3 18 5.656854249492381 12.649110640673518 1.1820198286402899 
25 76 8 1 2 19 4.242640687119285 12.649110640673518 1.1893651180638671 
24 75 8 1 3 24 2.8284271247461903 12.649110640673518 1.1900357956261942 
23 74 8 1 2 25 4.47213595499958 12.649110640673518 1.1996155451530435 
22 73 9 1 1 25 8.246211251235321 12.649110640673518 1.1900427763132813 
21 72 9 1 0 19 7.0710678118654755 12.649110640673518 1.188642874068997 
21 71 9 1 0 19 3.1622776601683795 12.083045973594572 1.1855923167157145 
21 70 9 1 1 18 1.4142135623730951 10.770329614269007 1 
