140 140 0 0 14 14 16.0 16.0 1.0507509512255457 
138 139 0 0 17 17 16.0 14.142135623730951 1.0500537967113692 
136 137 0 0 22 15 13.038404810405298 14.142135623730951 1.0519695743476383 
132 136 0 0 22 14 15.033296378372908 14.0 1.0627247662000041 
128 135 0 0 22 17 14.0 16.0 1.0756011100895873 
124 134 0 0 22 21 14.0 16.0 1.0841901037258255 
120 133 0 0 22 23 14.0 15.033296378372908 1.0847414250794238 
116 131 0 0 22 22 15.033296378372908 15.033296378372908 1.0868314590621737 
112 130 0 0 22 21 15.033296378372908 15.033296378372908 1.0732589884697374 
108 129 0 0 18 14 15.033296378372908 15.033296378372908 1.081914244725874 
104 125 0 0 15 19 15.033296378372908 15.033296378372908 1.0934985180002192 
103 124 1 0 15 20 15.033296378372908 15.033296378372908 1.104769426101848 
101 123 1 0 20 23 15.033296378372908 15.033296378372908 1.1325858888365916 
100 121 1 0 25 35 15.033296378372908 15.033296378372908 1.1070088357234589 
96 120 2 0 18 19 15.033296378372908 15.033296378372908 1.1005780397346618 
94 119 2 0 16 16 15.033296378372908 15.033296378372908 1.1076934762949873 
90 117 2 0 16 18 15.033296378372908 15.033296378372908 1.1104205908912046 
89 115 2 0 19 19 15.033296378372908 15.033296378372908 1.1249952861826564 
85 114 3 0 17 20 14.142135623730951 15.033296378372908 1.1235685918405467 
81 113 3 0 15 18 14.142135623730951 15.033296378372908 1.1299944507169182 
79 111 3 0 15 21 14.142135623730951 15.033296378372908 1.1466566236393247 
73 110 4 0 12 22 14.142135623730951 15.033296378372908 1.1401077651844007 
71 109 4 0 13 18 14.142135623730951 15.033296378372908 1.1512195111843608 
67 108 5 0 9 18 12.649110640673518 15.033296378372908 1.1585784066328393 
66 106 6 0 8 18 12.0 15.033296378372908 1.159914909442468 
65 105 6 0 10 18 12.0 15.033296378372908 1.1650453019466998 
61 104 6 0 8 19 11.045361017187261 15.033296378372908 1.1678462145442916 
57 102 6 0 8 19 11.045361017187261 15.033296378372908 1.1776009814132147 
56 101 6 0 13 22 12.083045973594572 15.033296378372908 1.1811113579446766 
52 100 6 0 15 21 11.40175425099138 15.033296378372908 1.17121466809853 
46 98 6 0 8 16 11.40175425099138 15.033296378372908 1.1733260030121682 
44 96 6 0 8 17 11.40175425099138 15.033296378372908 1.1661325048226965 
43 95 6 1 11 20 11.40175425099138 15.033296378372908 1.1597206860922027 
42 91 6 1 11 19 10.198039027185569 15.033296378372908 1.1689905419934357 
41 90 6 1 15 22 9.055385138137417 15.033296378372908 1.1814464089070291 
37 89 7 1 10 23 9.055385138137417 15.033296378372908 1.1749270332922246 
36 85 7 1 10 22 9.055385138137417 15.033296378372908 1.183938474881219 
32 84 8 1 3 22 8.246211251235321 15.033296378372908 1.180337052786222 
31 83 8 1 4 20 7.615773105863909 15.033296378372908 1.171120683751657 
30 82 8 1 3 16 6.324555320336759 15.033296378372908 1.1768953258380186 
28 81 8 1 3 18 5.656854249492381 15.033296378372908 1.1783893398635688 
27 79 8 1 4 19 4.242640687119285 15.033296378372908 1.1762525614955657 
25 78 8 1 2 18 4.47213595499958 15.033296378372908 1.1804530904503525 
24 77 9 1 1 16 7.0710678118654755 15.033296378372908 1.1641952394026203 
23 76 9 2 0 16 5.656854249492381 15.033296378372908 1.1650541647292654 
23 75 9 2 0 17 4.0 15.033296378372908 1.144280428618986 
23 73 9 3 0 16 4.47213595499958 15.033296378372908 1.145033494514745 
23 72 9 3 0 17 4.0 15.033296378372908 1.1413876618859369 
23 71 9 3 0 16 4.47213595499958 15.033296378372908 1.142140727781696 
23 70 9 3 0 17 4.0 15.033296378372908 1.138494895152888 
23 69 9 3 0 16 4.47213595499958 15.033296378372908 1.1349334370859139 
23 68 9 3 0 15 4.0 15.033296378372908 1.1334448664384724 
23 67 9 3 0 15 4.47213595499958 15.033296378372908 1.1341979323342313 
23 66 9 3 0 16 4.0 15.033296378372908 1.1127133176091097 
23 65 9 4 0 14 4.47213595499958 15.033296378372908 1.1120200001383442 
23 63 9 4 0 15 4.0 15.033296378372908 1.1083741675095362 
23 62 9 4 0 14 4.47213595499958 15.033296378372908 1.1069699714239285 
23 61 9 4 0 14 4.0 15.033296378372908 1.1054814007764873 
23 60 9 4 0 14 4.47213595499958 15.033296378372908 1.1040772046908796 
23 59 9 4 0 14 4.0 15.033296378372908 1.0825925899657576 
23 58 9 5 0 12 4.47213595499958 15.033296378372908 1.08118839388015 
23 57 9 5 0 12 4.0 15.033296378372908 1.0618610411363951 
23 56 9 6 0 11 4.47213595499958 15.033296378372908 1.058299583069421 
23 55 9 6 0 10 4.0 15.033296378372908 1.0568110124219796 
23 54 9 6 0 10 4.47213595499958 15.033296378372908 1.055406816336372 
23 53 9 6 0 10 4.0 15.033296378372908 1.0482134140818666 
23 51 9 6 0 8 4.47213595499958 13.038404810405298 1.046809217996259 
23 50 9 6 0 8 4.0 13.038404810405298 1.0453206473488177 
23 49 9 6 0 8 4.47213595499958 13.038404810405298 1.0417591892818434 
23 48 9 6 0 7 4.0 13.038404810405298 1.0402706186344022 
23 47 9 6 0 7 4.47213595499958 13.038404810405298 1.0367336969197511 
23 46 9 6 0 6 4.0 12.165525060596439 1.0352451262723097 
23 45 9 6 0 6 4.47213595499958 12.165525060596439 1.0338409301867022 
23 44 9 6 0 6 4.0 12.165525060596439 1.0323523595392607 
23 43 9 6 0 6 4.47213595499958 12.165525060596439 1.0309481634536533 
23 42 9 6 0 6 4.0 12.165525060596439 1.0094635487285315 
23 41 9 7 0 4 4.47213595499958 12.165525060596439 1.0080593526429238 
23 40 9 7 0 4 4.0 12.165525060596439 1.0065707819954826 
23 39 9 7 0 4 4.47213595499958 12.165525060596439 1.0030093239285083 
23 38 9 7 0 3 4.0 12.165525060596439 0.9836819711847531 
23 37 9 8 0 2 4.47213595499958 12.165525060596439 0.9822777750991456 
23 36 9 8 0 2 4.0 12.165525060596439 0.9807892044517041 
23 35 9 8 0 2 4.47213595499958 12.165525060596439 0.9793850083660967 
23 34 9 8 0 2 4.0 12.165525060596439 0.973581913755922 
23 33 9 8 0 0 4.47213595499958 12.165525060596439 0.9865116869873617 
23 36 9 8 0 4 4.0 15.033296378372908 0.9793182847328563 
23 34 9 8 0 2 4.47213595499958 13.038404810405298 0.9564961975553672 
23 32 9 9 0 0 4.0 12.165525060596439 0.9407424303056161 
23 21 9 9 0 0 4.47213595499958 5.0990195135927845 0.9696059353055843 
21 23 9 8 1 3 1.4142135623730951 4.47213595499958 1 
