140 140 0 0 14 14 16.0 16.0 1.1129897975447887 
138 139 0 0 17 17 16.0 14.0 1.1180710655790818 
136 137 0 0 22 20 13.038404810405298 14.0 1.120173219538604 
132 136 0 0 27 19 14.142135623730951 14.142135623730951 1.1205296176373756 
128 135 0 0 27 18 14.142135623730951 14.142135623730951 1.1222332567085764 
124 133 0 0 28 18 14.0 16.0 1.1255711474976007 
124 131 0 0 37 20 14.0 16.0 1.1211946680204927 
120 129 0 0 37 17 14.0 15.033296378372908 1.1223644266190231 
114 127 0 0 30 18 15.033296378372908 15.033296378372908 1.1257916339998817 
113 126 0 0 33 20 15.033296378372908 15.033296378372908 1.129452980551908 
109 125 0 0 34 21 14.0 15.033296378372908 1.1313288515649642 
103 123 0 0 29 22 13.038404810405298 15.033296378372908 1.1433712148430473 
102 122 0 0 40 28 13.038404810405298 15.033296378372908 1.1579496945219998 
98 120 0 0 38 38 13.038404810405298 15.033296378372908 1.1773124378761501 
92 118 1 0 32 44 13.038404810405298 15.033296378372908 1.1984614807425469 
80 117 2 0 22 48 12.0 15.033296378372908 1.182755008839825 
74 115 3 0 17 30 11.40175425099138 15.033296378372908 1.2018916642577362 
70 113 4 0 15 36 11.40175425099138 15.033296378372908 1.1901941103976228 
66 109 4 0 13 30 11.40175425099138 15.033296378372908 1.206228816296856 
62 107 4 0 24 38 11.40175425099138 15.033296378372908 1.1774778360563345 
56 101 5 1 13 26 10.0 15.033296378372908 1.1765910043067096 
54 100 5 1 14 25 10.0 15.033296378372908 1.1749065727989891 
52 99 5 1 17 23 10.0 15.033296378372908 1.188911541720012 
48 98 6 1 9 26 10.198039027185569 15.033296378372908 1.1898575849131832 
44 97 7 1 6 19 10.198039027185569 15.033296378372908 1.1886779427362695 
43 95 7 1 8 19 9.055385138137417 15.033296378372908 1.1898433052596125 
39 94 7 1 6 19 8.246211251235321 15.033296378372908 1.191184737247641 
35 92 7 1 4 20 5.0990195135927845 15.033296378372908 1.1973484033315978 
33 90 7 1 8 24 6.0 15.033296378372908 1.2035190447811617 
32 89 8 1 10 21 6.0 15.033296378372908 1.2006343106531627 
30 87 8 1 9 20 5.0990195135927845 15.033296378372908 1.1939730110282623 
28 86 8 1 6 16 4.47213595499958 15.033296378372908 1.1947943381626431 
28 85 8 1 8 17 4.47213595499958 15.033296378372908 1.1938075546707854 
28 84 8 1 9 17 4.0 15.033296378372908 1.202225859534617 
24 83 9 1 2 16 5.830951894845301 15.033296378372908 1.201025525929132 
23 82 9 1 0 16 4.47213595499958 15.033296378372908 1.1996996951332217 
23 81 9 1 0 16 4.0 15.033296378372908 1.196470970007616 
23 80 9 1 0 15 4.47213595499958 14.142135623730951 1.1936694448455045 
23 79 9 1 0 14 4.0 14.142135623730951 1.1909978901216396 
23 77 9 1 0 14 4.47213595499958 14.142135623730951 1.1896720593257293 
23 76 9 1 0 14 4.0 14.142135623730951 1.1883329664417892 
23 75 9 1 0 14 4.47213595499958 14.142135623730951 1.187007135645879 
23 74 9 1 0 14 4.0 14.142135623730951 1.185668042761939 
23 73 9 1 0 14 4.47213595499958 14.142135623730951 1.1800583613937017 
23 71 9 1 0 12 4.0 14.142135623730951 1.183146351608365 
23 70 9 1 0 15 4.47213595499958 14.142135623730951 1.1818205208124546 
23 69 9 1 0 15 4.0 14.142135623730951 1.1644599051139144 
23 68 9 2 0 14 4.47213595499958 14.142135623730951 1.161658379951803 
23 67 9 2 0 13 4.0 14.142135623730951 1.1575111308617372 
23 65 9 2 0 12 4.47213595499958 14.142135623730951 1.1561853000658269 
23 64 9 2 0 12 4.0 14.142135623730951 1.1389679168935625 
23 62 9 3 0 12 4.47213595499958 14.142135623730951 1.136166391731451 
23 61 9 3 0 11 4.0 14.142135623730951 1.1189490085591867 
23 59 9 4 0 11 4.47213595499958 14.142135623730951 1.1190988721294775 
23 58 9 4 0 12 4.0 14.142135623730951 1.1162840848793365 
23 57 9 4 0 11 4.47213595499958 14.142135623730951 1.1149582540834262 
23 56 9 4 0 11 4.0 14.142135623730951 1.1136191611994863 
23 55 9 4 0 11 4.47213595499958 14.142135623730951 1.110445822652386 
23 54 9 4 0 10 4.0 13.341664064126334 1.107631035402245 
23 53 9 4 0 9 4.47213595499958 13.341664064126334 1.1063052046063346 
23 52 9 4 0 9 4.0 13.341664064126334 1.103490417356194 
23 51 9 4 0 8 4.47213595499958 13.341664064126334 1.1021645865602836 
23 50 9 4 0 8 4.0 13.341664064126334 1.0848039708617432 
23 49 9 5 0 7 4.47213595499958 13.341664064126334 1.0820024456996318 
23 48 9 5 0 6 4.0 13.341664064126334 1.082139047181893 
23 47 9 5 0 7 4.47213595499958 13.341664064126334 1.0778618276535807 
23 46 9 5 0 5 4.0 13.341664064126334 1.0765227347696409 
23 45 9 5 0 5 4.47213595499958 13.341664064126334 1.056367224953004 
23 43 9 6 0 3 4.0 13.341664064126334 1.0550281320690642 
23 42 9 6 0 3 4.47213595499958 13.341664064126334 1.053702301273154 
23 41 9 6 0 3 4.0 13.341664064126334 1.052363208389214 
23 40 9 6 0 3 4.47213595499958 13.341664064126334 1.0510373775933037 
23 39 9 6 0 3 4.0 13.341664064126334 1.0482225903431628 
23 38 9 6 0 2 4.47213595499958 13.341664064126334 1.0468967595472525 
23 37 9 6 0 2 4.0 13.341664064126334 1.0295361438487123 
23 36 9 7 0 1 4.47213595499958 13.341664064126334 1.028210313052802 
23 35 9 7 0 1 4.0 13.341664064126334 1.0123253917204629 
23 34 9 8 0 1 4.47213595499958 13.341664064126334 1.0092021803852824 
23 33 9 8 0 0 4.0 12.649110640673518 1.018390729050788 
23 35 9 8 0 4 4.47213595499958 14.0 1.0106778747514835 
23 33 9 8 0 1 4.0 12.649110640673518 0.9933172590529432 
23 32 9 9 0 0 4.47213595499958 12.649110640673518 1.0025850907996703 
23 34 9 9 0 4 4.0 14.142135623730951 0.9930157517455999 
23 32 9 9 0 0 4.47213595499958 12.0 0.9930992680110099 
23 32 9 9 0 0 4.0 12.165525060596439 1.01845675004398 
23 35 9 8 0 4 4.47213595499958 14.142135623730951 1.0151425497157178 
23 34 9 8 0 3 4.0 13.038404810405298 0.9930926369669952 
23 32 9 9 0 0 4.47213595499958 12.165525060596439 1.0104532526655354 
23 33 9 8 0 1 4.0 12.165525060596439 0.9930926369669952 
23 32 9 9 0 0 4.47213595499958 12.165525060596439 0.9930992680110099 
23 32 9 9 0 0 4.0 12.165525060596439 1.0025124387624638 
23 34 9 9 0 4 4.47213595499958 14.0 0.9977885650611921 
23 33 9 9 0 2 4.0 13.038404810405298 0.9930157517455999 
23 32 9 9 0 0 4.47213595499958 12.0 1.0106778747514835 
23 33 9 8 0 1 4.0 12.649110640673518 0.9930157517455999 
23 32 9 9 0 0 4.47213595499958 12.0 1.011852061810341 
23 33 9 8 0 2 4.0 12.0 0.9930926369669952 
23 32 9 9 0 0 4.47213595499958 12.165525060596439 1.0025190698064785 
23 34 9 9 0 4 4.0 14.0 0.9930926369669952 
23 32 9 9 0 0 4.47213595499958 12.165525060596439 1.0151425497157178 
23 34 9 8 0 3 4.0 13.038404810405298 1.0089709272553196 
23 33 9 8 0 0 4.47213595499958 12.165525060596439 0.9910381361506292 
23 22 9 8 0 0 4.0 5.0990195135927845 1.0210226950170267 
21 27 9 7 1 4 1.4142135623730951 7.0710678118654755 1 
