140 138 0 0 14 17 16.0 16.0 1.0923642838231935 
139 136 0 0 19 18 14.0 13.038404810405298 1.0972683405130128 
135 135 0 0 22 18 14.142135623730951 15.033296378372908 1.110207420436155 
131 134 0 0 25 22 14.142135623730951 15.033296378372908 1.1151013649321806 
127 133 0 0 25 23 13.341664064126334 16.0 1.1117789800224087 
123 129 0 0 28 21 13.341664064126334 16.0 1.1157614418952555 
123 127 0 0 38 21 14.0 16.0 1.1308318252864011 
117 126 0 0 38 26 13.038404810405298 16.0 1.1303793607822894 
113 125 0 0 36 25 13.038404810405298 16.0 1.14404406830292 
107 124 0 0 34 30 13.038404810405298 16.0 1.1435543181417647 
105 123 0 0 38 28 13.038404810405298 16.0 1.1497968212002183 
104 121 0 0 41 31 13.038404810405298 16.0 1.1473799261686115 
103 120 0 0 38 31 13.038404810405298 16.0 1.1434969403318682 
99 118 0 0 36 29 13.038404810405298 16.0 1.1531444283054426 
95 117 0 0 40 31 13.038404810405298 16.0 1.1404901874075075 
97 116 0 0 50 23 13.038404810405298 16.0 1.1536666111597278 
91 115 1 0 36 27 13.038404810405298 16.0 1.1404353244225376 
92 113 1 0 37 22 13.038404810405298 16.0 1.138505019873757 
90 111 1 0 41 20 13.038404810405298 16.0 1.1313565393748986 
84 110 1 0 29 18 13.038404810405298 16.0 1.1486257291127422 
80 109 2 0 27 21 13.038404810405298 16.0 1.1706377659951304 
72 108 3 0 14 28 13.038404810405298 16.0 1.19267582685727 
71 107 4 0 15 34 13.038404810405298 16.0 1.1997799441398287 
70 106 4 0 20 36 13.038404810405298 15.033296378372908 1.18827171698324 
62 105 4 0 13 29 14.0 15.033296378372908 1.2120235793098424 
62 103 4 0 17 41 14.0 15.033296378372908 1.2278324650021943 
58 101 5 0 12 45 12.165525060596439 15.033296378372908 1.2074643736979764 
57 97 5 0 21 34 12.165525060596439 15.033296378372908 1.1896771556637005 
56 95 5 0 18 27 12.165525060596439 15.033296378372908 1.2091243606096516 
52 94 5 0 16 36 12.165525060596439 15.033296378372908 1.213877751270384 
46 93 6 0 10 33 12.165525060596439 15.033296378372908 1.2011218666464292 
46 91 6 0 13 27 12.165525060596439 15.033296378372908 1.2070645377783527 
42 90 7 0 9 25 12.165525060596439 15.033296378372908 1.1999538304987774 
38 89 7 0 6 21 12.165525060596439 15.033296378372908 1.2016257010567086 
37 88 7 0 6 22 11.045361017187261 15.033296378372908 1.196567232174418 
36 86 7 0 7 20 10.198039027185569 15.033296378372908 1.198671943781939 
34 85 7 0 6 21 8.0 15.033296378372908 1.1810243432299823 
33 84 7 1 6 20 7.0710678118654755 15.033296378372908 1.1787147996518976 
32 83 7 1 6 19 6.0 15.033296378372908 1.1883715888109125 
31 82 7 1 6 24 5.0990195135927845 14.142135623730951 1.1693943560506828 
30 81 7 2 7 22 5.0990195135927845 14.142135623730951 1.169468649805122 
28 80 7 2 6 22 4.242640687119285 14.142135623730951 1.1720186254001288 
27 78 8 2 4 20 6.324555320336759 14.142135623730951 1.1699802023479715 
25 76 8 2 2 20 5.0990195135927845 14.0 1.1797904628365363 
23 75 9 2 1 20 5.0990195135927845 14.0 1.1767791852114304 
22 74 9 2 0 19 4.47213595499958 14.0 1.1580148922784106 
22 73 9 3 0 18 4.47213595499958 14.0 1.1667712031676218 
23 72 9 3 2 23 5.830951894845301 14.0 1.159382815626091 
23 71 9 3 2 20 5.0990195135927845 14.0 1.1579201935573522 
23 70 9 3 2 20 5.830951894845301 14.0 1.1463024475609114 
23 66 9 3 2 17 5.0990195135927845 11.40175425099138 1.144739843310861 
22 65 9 3 3 16 2.8284271247461903 10.770329614269007 1 
