140 139 0 0 14 18 16.0 16.0 1.0701804842414468 
138 138 0 0 17 20 13.341664064126334 14.0 1.0704962563765867 
136 136 0 0 18 21 13.038404810405298 14.0 1.0788203573491217 
132 135 0 0 18 25 12.649110640673518 16.0 1.0827206370802718 
130 133 0 0 18 29 13.038404810405298 16.0 1.0761926302707525 
128 132 0 0 18 23 13.038404810405298 16.0 1.0790810946030305 
126 131 0 0 18 25 13.038404810405298 16.0 1.078945156341721 
124 129 0 0 16 25 13.038404810405298 16.0 1.0761453959515113 
122 125 0 0 17 26 13.038404810405298 15.033296378372908 1.078398252327317 
120 124 0 0 17 28 15.033296378372908 15.033296378372908 1.0754014221959716 
118 123 0 0 17 25 15.033296378372908 15.033296378372908 1.0747587098500753 
116 122 0 0 17 24 15.033296378372908 15.033296378372908 1.0741159975041792 
114 121 0 0 17 23 15.033296378372908 15.033296378372908 1.075854975405974 
110 120 0 0 19 23 15.033296378372908 15.033296378372908 1.077786848234362 
106 119 0 0 16 22 15.033296378372908 15.033296378372908 1.088423391591182 
102 117 1 0 15 20 15.033296378372908 15.033296378372908 1.0866036203525613 
100 116 1 0 15 18 15.033296378372908 15.033296378372908 1.0894920846848393 
98 115 1 0 15 20 15.033296378372908 15.033296378372908 1.090929499360529 
96 114 1 0 16 21 15.033296378372908 15.033296378372908 1.0902455795714925 
94 112 1 0 16 21 15.033296378372908 15.033296378372908 1.110286278138221 
88 111 2 0 13 24 15.033296378372908 15.033296378372908 1.111450603752066 
87 110 2 0 13 25 14.0 15.033296378372908 1.109630832513445 
85 109 2 0 13 23 14.0 15.033296378372908 1.1232909676891254 
84 108 3 0 13 25 14.0 15.033296378372908 1.129109103796821 
80 107 3 0 13 28 14.0 15.033296378372908 1.1256929538459965 
78 106 3 0 11 24 13.341664064126334 15.033296378372908 1.1268020436080668 
77 105 3 0 10 25 13.341664064126334 15.033296378372908 1.1260198411146625 
76 104 3 0 10 25 13.038404810405298 14.142135623730951 1.1256778812201442 
75 103 3 0 10 25 13.038404810405298 14.142135623730951 1.124436977455758 
74 102 3 0 10 24 12.165525060596439 14.142135623730951 1.1240950175612396 
73 101 3 0 10 24 12.165525060596439 14.142135623730951 1.127641138544591 
72 100 3 0 10 27 11.045361017187261 14.142135623730951 1.1233536962935304 
70 99 3 0 10 23 11.40175425099138 14.142135623730951 1.1286019098867832 
66 98 4 1 14 28 11.40175425099138 14.142135623730951 1.1254704605431378 
62 97 4 1 8 22 11.40175425099138 14.142135623730951 1.1229755659898413 
61 96 4 1 8 20 10.770329614269007 14.142135623730951 1.1273418416662218 
60 95 4 1 8 24 10.770329614269007 14.142135623730951 1.1302303059984995 
58 94 4 1 8 26 10.770329614269007 14.142135623730951 1.1292164915989347 
57 92 4 1 8 26 9.055385138137417 14.142135623730951 1.1205939120122037 
56 90 4 1 8 20 9.055385138137417 14.142135623730951 1.119020222447285 
55 89 4 1 7 19 8.0 13.038404810405298 1.1312025462788624 
53 88 5 1 7 19 8.0 13.038404810405298 1.1332147041697935 
52 87 5 1 7 21 8.0 13.038404810405298 1.1369519024811763 
51 86 5 1 5 24 8.0 13.038404810405298 1.1389640603721074 
50 85 5 1 5 26 8.0 13.038404810405298 1.1369927198961487 
48 84 5 1 6 24 7.615773105863909 13.038404810405298 1.1425360544652536 
47 83 5 1 6 29 7.615773105863909 13.038404810405298 1.1347897813198693 
45 81 5 1 6 23 7.615773105863909 13.038404810405298 1.1306426539833134 
44 80 5 1 7 20 7.615773105863909 13.038404810405298 1.1317105363022435 
43 78 5 1 6 22 7.615773105863909 13.038404810405298 1.1303289317173004 
42 77 5 1 7 21 6.324555320336759 13.038404810405298 1.125511519572607 
41 75 5 1 6 18 6.324555320336759 13.038404810405298 1.1379945958555624 
40 74 6 1 6 19 6.324555320336759 13.038404810405298 1.1367495678321828 
39 73 6 1 5 18 6.324555320336759 13.038404810405298 1.1360696153262053 
37 72 6 1 5 18 8.48528137423857 12.165525060596439 1.1355415239578814 
36 71 6 1 4 18 8.48528137423857 11.40175425099138 1.1354735548272266 
35 70 6 1 3 18 8.48528137423857 11.40175425099138 1.1364852566711816 
34 69 6 1 4 19 7.0710678118654755 11.40175425099138 1.1360368952643172 
33 68 6 1 3 19 7.0710678118654755 10.770329614269007 1.135394182918421 
31 67 6 1 3 18 7.0710678118654755 10.770329614269007 1.1329720960023169 
30 66 6 1 2 16 7.0710678118654755 10.770329614269007 1.1328067389535472 
29 65 6 1 3 16 5.656854249492381 10.770329614269007 1.1182622592467286 
28 64 6 2 3 15 4.242640687119285 10.770329614269007 1.1170172312233493 
27 63 6 2 2 14 4.242640687119285 10.770329614269007 1.1285972393774435 
26 62 7 2 1 14 4.242640687119285 10.770329614269007 1.1154502196286402 
25 61 7 3 1 15 5.830951894845301 10.770329614269007 1.1255791781261462 
24 60 8 3 1 14 5.830951894845301 10.770329614269007 1.1294753286148336 
23 59 8 3 0 17 4.47213595499958 10.770329614269007 1.1285067864013716 
23 58 8 3 1 17 2.8284271247461903 10.770329614269007 1.1274383612237404 
22 57 8 3 1 16 1.4142135623730951 10.770329614269007 1.1378443246235947 
21 56 9 3 0 16 5.0990195135927845 10.770329614269007 1.1375261122781064 
21 55 9 3 1 16 1.4142135623730951 10.770329614269007 1 
