140 140 0 0 14 14 16.0 16.0 1.066344619274989 
138 138 0 0 17 17 16.0 14.142135623730951 1.0722005668256342 
134 137 0 0 16 18 13.038404810405298 16.0 1.0741428517605658 
132 136 0 0 16 19 13.038404810405298 16.0 1.0734525875176528 
130 135 0 0 16 18 13.038404810405298 16.0 1.0714460486858177 
128 134 0 0 16 16 13.038404810405298 16.0 1.0748123425115381 
126 133 0 0 14 18 14.0 16.0 1.0724869575611258 
124 131 0 0 16 17 14.0 16.0 1.074429242496057 
122 130 0 0 16 18 14.0 16.0 1.0777421265784264 
120 128 0 0 16 21 14.0 16.0 1.0784224614829514 
118 126 0 0 16 22 14.0 16.0 1.078105367917132 
116 125 0 0 14 21 14.0 16.0 1.0823070313528143 
114 124 0 0 16 24 14.0 16.0 1.0842100815191424 
112 123 0 0 16 25 14.142135623730951 16.0 1.0848360918651516 
110 122 0 0 16 25 14.142135623730951 16.0 1.088094651389005 
108 121 0 0 16 27 14.142135623730951 16.0 1.0795067396125597 
106 120 0 0 16 20 14.142135623730951 16.0 1.0775002007807246 
104 119 0 0 16 18 14.142135623730951 16.0 1.0807587603045783 
102 118 0 0 16 20 14.142135623730951 16.0 1.083830734489885 
100 117 0 0 17 22 14.142135623730951 16.0 1.0856265473395141 
96 116 0 0 18 22 14.142135623730951 15.033296378372908 1.0797747499282746 
94 112 0 0 17 20 15.033296378372908 15.033296378372908 1.085106102614332 
92 111 0 0 20 24 15.033296378372908 15.033296378372908 1.1045661945555425 
84 110 1 0 19 25 14.0 15.033296378372908 1.1046004125565754 
80 106 1 0 12 25 14.0 15.033296378372908 1.1115291455522132 
79 105 2 0 13 22 14.0 15.033296378372908 1.1073175527781434 
77 103 2 0 11 19 14.0 15.033296378372908 1.1066036768722312 
75 99 2 0 12 21 14.0 15.033296378372908 1.1091048415464237 
74 98 2 0 11 23 14.0 15.033296378372908 1.1171641400688161 
72 97 3 0 11 20 14.0 15.033296378372908 1.117855013625633 
70 96 3 0 9 20 13.341664064126334 14.142135623730951 1.115495253809772 
68 94 3 0 10 19 14.142135623730951 14.142135623730951 1.1191389137825725 
64 93 3 0 11 20 14.142135623730951 14.142135623730951 1.1296317537222726 
60 91 4 0 10 18 13.038404810405298 14.142135623730951 1.1408824811617702 
59 90 5 0 9 18 13.038404810405298 14.142135623730951 1.1401922169188574 
57 89 5 0 9 17 13.038404810405298 14.142135623730951 1.1426933815930498 
56 88 5 0 8 19 13.038404810405298 14.142135623730951 1.1408734280997617 
54 87 5 0 7 17 13.038404810405298 14.142135623730951 1.1432423319939233 
53 85 5 0 7 20 13.038404810405298 14.142135623730951 1.139162123723505 
52 84 5 0 6 17 13.038404810405298 14.142135623730951 1.1395535072045562 
51 83 5 0 6 18 13.038404810405298 13.038404810405298 1.1502453549047926 
49 82 6 0 6 17 13.038404810405298 13.038404810405298 1.1511580039651743 
47 81 6 0 6 17 12.0 13.038404810405298 1.15156754999868 
45 80 6 0 6 17 11.045361017187261 12.165525060596439 1.148641602935245 
43 76 6 0 6 17 10.198039027185569 12.165525060596439 1.1472045543514757 
41 75 6 0 4 15 9.486832980505138 12.165525060596439 1.1466999991707305 
40 74 6 0 5 15 9.486832980505138 12.165525060596439 1.1459526570705538 
39 73 6 0 4 15 9.486832980505138 11.045361017187261 1.1622827738035724 
37 72 7 0 2 18 9.486832980505138 11.045361017187261 1.1586411142642374 
35 70 7 0 4 16 9.486832980505138 11.045361017187261 1.147599659768491 
34 68 7 1 4 19 8.246211251235321 11.045361017187261 1.1448968849866255 
32 67 7 1 4 16 6.0 11.045361017187261 1.1297507338864867 
31 65 7 2 3 16 6.0 11.045361017187261 1.1309977430745906 
30 64 7 2 3 17 5.0990195135927845 11.045361017187261 1.1154240967388425 
29 63 7 3 4 16 5.0990195135927845 11.045361017187261 1.1147338324959295 
27 62 7 3 4 15 5.0990195135927845 11.045361017187261 1.1259845599354272 
26 61 8 3 3 15 5.0990195135927845 11.045361017187261 1.1271912587111819 
25 60 8 3 2 16 4.47213595499958 10.770329614269007 1.1259185843478017 
24 59 8 3 2 15 3.1622776601683795 10.770329614269007 1.1272377213662135 
23 58 8 3 2 16 2.0 10.770329614269007 1.1262508911247437 
22 57 8 3 1 16 5.0990195135927845 10.770329614269007 1.1380362320303707 
21 56 9 3 0 16 3.1622776601683795 10.770329614269007 1.136809199477207 
21 55 9 3 1 16 1.4142135623730951 10.295630140987 1 
