140 139 0 0 14 18 16.0 16.0 1.0970535595242707 
138 138 0 0 17 15 13.341664064126334 14.0 1.098817339839629 
136 137 0 0 22 16 13.341664064126334 14.0 1.104912610312496 
132 136 0 0 27 19 14.0 14.142135623730951 1.1131397194563675 
128 135 0 0 26 23 13.038404810405298 16.0 1.1122482956495932 
124 134 0 0 28 21 13.038404810405298 16.0 1.1140347270140318 
120 133 0 0 26 21 13.038404810405298 16.0 1.114779615451105 
116 129 0 0 28 23 13.038404810405298 16.0 1.112412825720026 
112 127 0 0 27 21 14.142135623730951 16.0 1.1251354460845548 
108 125 1 0 21 22 14.142135623730951 16.0 1.1188447389496812 
104 121 1 0 18 19 14.142135623730951 16.0 1.1178327945634225 
102 119 1 0 19 19 14.142135623730951 16.0 1.1180985337260143 
100 118 1 0 19 19 14.142135623730951 16.0 1.1183642728886056 
98 117 1 0 19 19 14.142135623730951 16.0 1.1173068674831588 
96 115 1 0 18 19 14.142135623730951 16.0 1.1189115342313563 
94 114 1 0 16 20 14.142135623730951 16.0 1.1163630351651692 
92 113 1 0 14 18 14.142135623730951 16.0 1.1152898467421544 
90 112 1 0 16 17 14.142135623730951 16.0 1.1252377559418523 
89 111 2 0 13 17 14.142135623730951 15.033296378372908 1.127571135554731 
88 110 2 0 16 19 14.0 15.033296378372908 1.1279050662461056 
86 109 2 0 19 19 14.0 15.033296378372908 1.133844663424929 
82 108 2 0 17 22 14.0 15.033296378372908 1.1342943366405431 
80 107 2 0 21 22 13.038404810405298 15.033296378372908 1.1404773987810664 
74 106 2 0 18 24 12.165525060596439 15.033296378372908 1.1389968498361267 
72 104 2 0 15 24 12.165525060596439 14.142135623730951 1.1319004150416545 
71 100 2 0 19 22 12.165525060596439 14.142135623730951 1.1321608515269248 
69 99 2 0 14 22 11.045361017187261 14.142135623730951 1.1314091351219706 
67 97 2 0 22 22 10.0 14.142135623730951 1.1472524548896375 
59 96 3 0 17 22 9.486832980505138 14.142135623730951 1.1462891110991427 
55 95 3 0 14 20 9.055385138137417 14.142135623730951 1.1465321197521399 
53 94 3 0 13 20 9.055385138137417 14.142135623730951 1.1454134703099363 
51 93 3 0 13 19 9.055385138137417 14.142135623730951 1.1396559185353732 
49 92 4 1 10 17 9.055385138137417 14.142135623730951 1.1514433756747644 
48 91 5 1 9 18 9.055385138137417 14.142135623730951 1.1500977694833499 
46 90 5 1 9 17 11.40175425099138 14.142135623730951 1.1497387497321545 
45 89 5 1 10 17 10.0 14.142135623730951 1.154894159291867 
44 88 5 1 10 21 8.602325267042627 14.142135623730951 1.1540820894231942 
42 86 5 1 8 21 5.830951894845301 14.142135623730951 1.1537169180504014 
41 84 5 1 11 22 5.830951894845301 14.142135623730951 1.1649058692517884 
37 83 6 1 8 21 7.211102550927978 14.142135623730951 1.1584719459226522 
36 81 7 2 6 20 7.211102550927978 14.142135623730951 1.1538894791819312 
35 80 7 2 4 17 5.830951894845301 14.142135623730951 1.1533721417340048 
34 79 7 2 4 17 5.830951894845301 14.142135623730951 1.1542164623812794 
33 78 7 2 3 18 5.830951894845301 14.142135623730951 1.1524916312499378 
32 77 7 2 5 17 4.47213595499958 14.142135623730951 1.1555261476221195 
30 76 7 2 5 19 4.47213595499958 14.142135623730951 1.1524919566036549 
29 72 7 2 5 20 4.47213595499958 14.142135623730951 1.1521240480517332 
28 71 7 2 6 20 3.1622776601683795 14.142135623730951 1.1546440813444832 
26 70 7 2 5 22 8.246211251235321 14.142135623730951 1.1648266750857967 
24 68 8 2 1 22 4.47213595499958 14.142135623730951 1.1561069738859162 
23 67 8 2 0 16 3.1622776601683795 14.142135623730951 1.1572183683360704 
23 65 8 2 1 19 1.4142135623730951 12.649110640673518 1.1532416561860592 
22 64 9 3 2 19 4.47213595499958 12.649110640673518 1.1514211675005595 
21 63 9 3 0 18 3.1622776601683795 12.649110640673518 1.146411326402864 
21 59 9 3 1 18 1.4142135623730951 12.649110640673518 1 
