140 139 0 0 14 17 16.0 16.0 1.1116498553529295 
138 137 0 0 17 15 13.038404810405298 14.142135623730951 1.111889706583931 
134 136 0 0 16 14 14.0 15.033296378372908 1.1205080376839662 
132 135 0 0 21 20 15.033296378372908 15.033296378372908 1.1192269090981746 
128 134 0 0 22 18 15.033296378372908 15.033296378372908 1.1260721463587733 
124 133 0 0 22 22 15.033296378372908 15.033296378372908 1.126156378272332 
120 131 0 0 22 22 15.033296378372908 15.033296378372908 1.1277696969912085 
116 127 0 0 22 25 15.033296378372908 15.033296378372908 1.1308433842741874 
112 126 0 0 26 26 15.033296378372908 15.033296378372908 1.1385121860385907 
108 125 1 0 20 23 15.033296378372908 15.033296378372908 1.1441940757562588 
106 124 1 0 22 27 15.033296378372908 15.033296378372908 1.1570371118333986 
100 122 2 0 17 28 15.033296378372908 14.0 1.1516894251254968 
98 121 2 0 18 24 15.033296378372908 14.0 1.1656643280870265 
96 120 2 0 21 34 15.033296378372908 14.0 1.163050283469329 
94 118 2 0 21 33 15.033296378372908 14.0 1.1602725125456639 
92 117 2 0 20 31 15.033296378372908 14.0 1.1551410791304884 
90 113 2 0 20 30 15.033296378372908 14.142135623730951 1.1644281335819529 
86 112 3 0 17 28 15.033296378372908 14.142135623730951 1.164553573237468 
84 111 3 0 18 28 15.033296378372908 14.142135623730951 1.1645956891942475 
82 110 3 0 18 28 15.033296378372908 14.142135623730951 1.16874264992359 
80 109 3 0 18 31 15.033296378372908 14.142135623730951 1.1619072060314068 
78 107 3 0 16 27 14.0 14.142135623730951 1.1576778298181518 
76 106 3 0 14 24 14.0 14.142135623730951 1.1589215799683137 
74 105 3 0 12 25 14.0 14.142135623730951 1.1615336117093304 
72 104 3 0 10 27 14.0 14.142135623730951 1.1504556563869768 
71 100 3 0 13 22 14.0 14.142135623730951 1.1621412568189862 
67 99 4 0 11 22 13.341664064126334 13.038404810405298 1.1674898517417112 
65 98 4 0 9 26 13.341664064126334 13.038404810405298 1.1710551386995884 
64 97 4 0 10 29 13.341664064126334 13.038404810405298 1.1664107361123397 
63 96 4 0 11 26 13.341664064126334 13.038404810405298 1.1781975088041452 
61 95 5 0 9 27 13.341664064126334 12.165525060596439 1.1721966051578465 
60 93 5 0 9 24 13.038404810405298 12.165525060596439 1.1722810372158423 
58 92 5 0 9 24 12.165525060596439 12.165525060596439 1.1709918982201937 
56 91 5 0 9 23 11.40175425099138 12.165525060596439 1.1683280616593836 
54 90 5 0 9 21 10.770329614269007 12.165525060596439 1.1724980352160521 
52 89 5 0 9 24 10.295630140987 12.165525060596439 1.1667017545587675 
50 87 5 0 9 21 10.0 11.045361017187261 1.1706157047452617 
49 86 5 0 15 24 11.40175425099138 11.045361017187261 1.1687513102683198 
45 85 5 0 9 22 11.40175425099138 11.045361017187261 1.1710840283956157 
44 84 5 0 10 24 8.602325267042627 11.045361017187261 1.165653017988978 
42 83 5 0 10 20 8.602325267042627 11.045361017187261 1.1711682603091744 
40 82 5 0 10 24 8.602325267042627 11.045361017187261 1.1684412005730038 
36 81 5 0 10 21 8.48528137423857 11.045361017187261 1.1669483875414575 
34 80 5 0 8 20 8.48528137423857 11.045361017187261 1.179093615523819 
32 79 6 0 6 21 8.48528137423857 11.045361017187261 1.1632112753087211 
31 78 6 1 9 20 8.48528137423857 11.045361017187261 1.1739048980014926 
29 77 7 1 6 20 8.48528137423857 11.045361017187261 1.1845151969955279 
27 76 8 1 2 20 8.48528137423857 11.045361017187261 1.1839608747587536 
26 75 8 1 2 20 7.0710678118654755 11.045361017187261 1.1816903111460726 
25 74 8 1 2 19 5.656854249492381 10.198039027185569 1.1771115467439672 
24 72 8 1 2 17 4.242640687119285 10.198039027185569 1.1764775395915485 
23 71 8 1 2 17 4.47213595499958 10.198039027185569 1.186756135910326 
22 70 9 1 2 17 4.47213595499958 10.198039027185569 1.1860301072653008 
21 69 9 1 0 17 3.1622776601683795 10.198039027185569 1.183542014315984 
21 68 9 1 1 16 1.4142135623730951 10.198039027185569 1 
