140 140 0 0 14 14 16.0 16.0 1.0625012393817121 
138 139 0 0 17 18 16.0 14.0 1.0673399798539893 
136 138 0 0 18 21 13.341664064126334 14.142135623730951 1.0687869628386035 
132 137 0 0 18 19 12.649110640673518 16.0 1.0637603364255253 
130 135 0 0 17 15 12.649110640673518 16.0 1.0641346818513777 
128 134 0 0 17 15 13.341664064126334 16.0 1.0682311053653546 
126 132 0 0 17 19 13.341664064126334 16.0 1.0688402181119787 
124 131 0 0 17 19 13.341664064126334 16.0 1.066493661102973 
122 130 0 0 15 16 13.341664064126334 16.0 1.0703448891233902 
120 129 0 0 16 19 13.341664064126334 16.0 1.0730199302131553 
118 128 0 0 17 21 13.341664064126334 16.0 1.0794687275884367 
116 126 0 0 17 27 13.341664064126334 16.0 1.0789016534044085 
114 125 0 0 17 26 13.341664064126334 16.0 1.0771583922897277 
112 124 0 0 17 24 13.341664064126334 16.0 1.0786572464488406 
110 123 0 0 18 25 13.341664064126334 16.0 1.0790269805542039 
106 122 0 0 17 23 13.341664064126334 16.0 1.0775701649576868 
104 121 0 0 16 21 13.341664064126334 16.0 1.0790690191167993 
102 120 0 0 17 22 13.341664064126334 16.0 1.0782154994146076 
100 119 0 0 18 21 13.341664064126334 16.0 1.0786014441591705 
98 118 0 0 18 21 14.0 16.0 1.0848521129177953 
94 117 0 0 17 24 14.0 16.0 1.100781286610366 
88 116 1 0 17 24 14.0 16.0 1.1017061343349557 
84 115 1 0 18 23 14.142135623730951 16.0 1.1137606073996056 
80 114 2 0 13 20 14.0 16.0 1.130073350053644 
79 112 3 0 12 25 14.0 16.0 1.1330348366615723 
77 111 3 0 12 27 14.0 16.0 1.1359817990415693 
75 110 3 0 10 29 14.0 15.033296378372908 1.1341668222133383 
74 109 3 0 11 28 14.142135623730951 15.033296378372908 1.1357229775304851 
72 108 3 0 9 28 13.038404810405298 15.033296378372908 1.1330664415648641 
71 107 3 0 9 26 13.038404810405298 15.033296378372908 1.130442889306453 
69 106 3 0 9 23 12.165525060596439 15.033296378372908 1.12790316346361 
67 105 3 0 9 20 11.045361017187261 15.033296378372908 1.128866641082218 
65 104 3 0 9 20 10.0 15.033296378372908 1.130972153890742 
63 103 3 0 9 21 9.055385138137417 15.033296378372908 1.1306793799686616 
61 102 3 0 9 20 8.246211251235321 15.033296378372908 1.1362561525176071 
60 101 3 0 9 25 8.246211251235321 15.033296378372908 1.132586125065685 
59 97 3 0 8 25 8.246211251235321 15.033296378372908 1.139973759663551 
58 96 3 0 8 32 8.246211251235321 14.142135623730951 1.146826824318966 
57 95 4 0 9 29 10.295630140987 14.142135623730951 1.13405812965403 
55 94 4 1 7 28 8.246211251235321 14.142135623730951 1.1299389612395931 
54 93 4 1 8 25 8.246211251235321 14.142135623730951 1.132273618514745 
53 92 4 1 7 27 8.246211251235321 14.142135623730951 1.1316830108922653 
52 91 4 1 8 27 8.246211251235321 14.142135623730951 1.1359130734870688 
51 90 4 1 7 31 7.615773105863909 13.038404810405298 1.1391374721747096 
50 89 4 1 7 34 7.615773105863909 13.038404810405298 1.1460592245076735 
46 85 5 1 7 31 7.615773105863909 13.038404810405298 1.1436891340602162 
45 84 5 1 6 29 7.615773105863909 13.038404810405298 1.1440322000153575 
44 82 5 1 5 31 9.899494936611665 13.038404810405298 1.1376667327469896 
44 80 5 1 5 27 7.615773105863909 13.038404810405298 1.1347237512632053 
43 79 5 1 6 25 7.615773105863909 13.038404810405298 1.1237336901476571 
41 75 5 1 5 18 7.615773105863909 13.038404810405298 1.1359862309980155 
40 74 6 1 6 19 7.615773105863909 13.038404810405298 1.1375824087160908 
39 73 6 1 5 20 6.324555320336759 13.038404810405298 1.1273375674141626 
38 72 6 2 5 23 6.324555320336759 13.038404810405298 1.1226151031054006 
37 71 6 2 4 19 6.324555320336759 13.038404810405298 1.1223109410010845 
36 70 6 2 4 19 6.324555320336759 13.038404810405298 1.1342048596593801 
35 69 7 2 3 20 7.211102550927978 12.0 1.1203264210813462 
34 68 7 3 5 20 5.830951894845301 12.0 1.1210880404124626 
32 67 7 3 3 20 7.0710678118654755 12.0 1.1178408968243618 
30 65 7 3 4 18 7.0710678118654755 12.0 1.1172253794382234 
28 63 7 3 2 18 7.0710678118654755 11.045361017187261 1.1174006188035894 
27 62 7 3 2 18 5.656854249492381 11.045361017187261 1.1160096554795 
26 60 7 3 1 18 4.242640687119285 10.0 1.1150087079142137 
25 59 7 3 1 17 2.8284271247461903 10.0 1.1141473481914341 
24 58 7 3 1 17 4.47213595499958 10.0 1.122816271294545 
23 57 8 3 0 15 6.324555320336759 10.0 1.1040115445941237 
23 55 8 4 0 12 4.47213595499958 10.0 1.089595619749598 
23 54 8 5 1 12 2.8284271247461903 10.0 1.089770859114964 
22 53 8 5 1 12 1.4142135623730951 10.0 1.0995024981922683 
21 52 9 5 0 12 7.0710678118654755 10.0 1.0996100943107001 
21 51 9 5 0 12 3.1622776601683795 10.0 1.0957724177015544 
21 50 9 5 1 10 1.4142135623730951 9.055385138137417 1 
