140 140 0 0 14 14 16.0 16.0 1.0894374194771153 
138 138 0 0 17 17 16.0 14.142135623730951 1.0916753864507667 
134 137 0 0 16 16 13.038404810405298 16.0 1.0959182392636293 
132 136 0 0 16 19 14.0 16.0 1.0944356661913432 
130 135 0 0 16 18 14.0 15.033296378372908 1.1013392059430855 
128 134 0 0 16 23 15.033296378372908 15.033296378372908 1.1018564803784523 
126 133 0 0 14 23 15.033296378372908 15.033296378372908 1.0968030760007994 
124 131 0 0 16 20 15.033296378372908 15.033296378372908 1.0944898010938358 
122 129 0 0 17 19 15.033296378372908 15.033296378372908 1.0988768536909361 
120 128 0 0 17 22 15.033296378372908 15.033296378372908 1.1033108670131393 
118 126 0 0 17 26 15.033296378372908 15.033296378372908 1.0992449780611488 
116 124 0 0 17 24 15.033296378372908 14.142135623730951 1.0969534327274544 
114 123 0 0 17 22 15.033296378372908 14.142135623730951 1.0986690461522366 
112 122 0 0 17 23 15.033296378372908 14.142135623730951 1.1017203791631784 
110 121 0 0 17 25 15.033296378372908 14.142135623730951 1.09448757889674 
106 120 0 0 16 18 15.033296378372908 14.142135623730951 1.1056219197230073 
104 119 0 0 15 26 15.033296378372908 14.142135623730951 1.1073844938728925 
102 117 0 0 15 28 15.033296378372908 14.142135623730951 1.117987085949022 
101 116 1 0 16 28 15.033296378372908 14.142135623730951 1.118435670086017 
99 115 1 0 15 28 15.033296378372908 14.142135623730951 1.1286141851647489 
95 113 1 0 14 35 15.033296378372908 14.142135623730951 1.1388310350280333 
93 111 2 0 14 35 15.033296378372908 14.142135623730951 1.1338463209487517 
91 109 2 0 15 32 15.033296378372908 14.142135623730951 1.1526963938309291 
85 108 3 0 15 35 15.033296378372908 14.142135623730951 1.1504735387956064 
83 107 3 0 14 33 15.033296378372908 14.142135623730951 1.1459591384265888 
79 105 3 0 13 29 15.033296378372908 14.142135623730951 1.1476747518513715 
77 104 3 0 13 30 15.033296378372908 14.142135623730951 1.1394858768002085 
75 102 3 0 13 25 15.033296378372908 13.038404810405298 1.131851453121878 
73 101 3 0 13 19 15.033296378372908 13.038404810405298 1.1350871274546652 
71 99 3 0 11 22 15.033296378372908 13.038404810405298 1.1308468583211146 
69 98 3 0 13 19 15.033296378372908 12.165525060596439 1.1531069140330996 
67 97 4 0 12 27 15.033296378372908 12.165525060596439 1.1636351943257557 
63 95 5 0 11 26 15.033296378372908 12.0 1.1629499716193705 
61 93 5 0 10 26 14.0 12.0 1.1586340644262858 
60 91 5 0 10 24 13.341664064126334 12.0 1.159652732097972 
59 90 5 0 8 25 13.341664064126334 12.0 1.1587922928965027 
58 89 5 0 7 25 13.038404810405298 11.045361017187261 1.1583848211103889 
57 87 5 0 7 26 13.038404810405298 11.045361017187261 1.158086106671842 
56 86 5 0 7 26 12.0 11.045361017187261 1.1563429152995692 
55 84 5 0 7 26 12.0 11.045361017187261 1.1573673590134346 
54 83 5 0 7 27 11.045361017187261 11.045361017187261 1.1590724540598798 
50 82 5 0 12 27 11.045361017187261 11.045361017187261 1.171422907512398 
49 81 6 0 7 28 11.045361017187261 11.045361017187261 1.154673726922815 
48 75 6 0 6 21 11.045361017187261 10.0 1.1568907335839165 
47 74 6 0 6 23 11.045361017187261 10.0 1.153764861900382 
46 73 6 0 6 21 11.045361017187261 10.0 1.1546461489753246 
45 72 6 0 6 22 11.045361017187261 10.0 1.1587797155943387 
44 68 7 0 6 20 11.045361017187261 10.0 1.1584352167959664 
43 67 7 0 5 20 10.770329614269007 10.0 1.1554248629159438 
42 66 7 0 5 18 10.0 10.0 1.1575503634306086 
38 65 7 0 5 18 9.486832980505138 10.0 1.1573506635229016 
37 64 7 0 4 18 8.246211251235321 10.0 1.1673023680237145 
36 63 7 0 4 26 8.246211251235321 9.486832980505138 1.1652771242274436 
35 62 7 0 4 25 8.246211251235321 9.055385138137417 1.1733456577279981 
34 61 8 0 3 23 8.246211251235321 9.055385138137417 1.1723211416820911 
32 60 8 0 4 22 8.246211251235321 9.055385138137417 1.1662933124049248 
30 58 8 0 3 18 7.211102550927978 9.055385138137417 1.1644435108173952 
29 57 8 0 6 17 5.830951894845301 8.94427190999916 1.1660895389254298 
27 56 8 0 4 18 7.211102550927978 8.94427190999916 1.1680121182637033 
25 55 8 0 4 19 5.830951894845301 8.94427190999916 1.1495429040680276 
23 53 8 1 1 16 4.47213595499958 8.94427190999916 1.1353905589093167 
22 52 8 2 0 16 3.1622776601683795 8.94427190999916 1.1329595279827036 
22 51 8 2 1 15 1.4142135623730951 8.94427190999916 1.1289351376868202 
21 49 9 3 0 16 7.0710678118654755 8.94427190999916 1.1103093108829034 
21 47 9 4 0 14 3.1622776601683795 8.94427190999916 1.1092139995424493 
21 46 9 4 1 14 1.4142135623730951 8.94427190999916 1 
