140 140 0 0 14 14 16.0 16.0 1.102946964350242 
138 138 0 0 17 17 16.0 14.0 1.101299041732214 
136 137 0 0 22 15 14.142135623730951 14.0 1.103984015695642 
132 135 0 0 27 16 15.033296378372908 14.142135623730951 1.1071284095537928 
128 134 0 0 27 17 15.033296378372908 14.142135623730951 1.121044515759803 
124 133 0 0 28 25 14.142135623730951 16.0 1.1275525704749672 
120 132 0 0 26 29 14.142135623730951 15.033296378372908 1.1282060055901852 
116 131 0 0 28 28 15.033296378372908 15.033296378372908 1.1385743849245809 
112 130 0 0 30 34 15.033296378372908 15.033296378372908 1.1349260005672266 
106 129 1 0 23 22 15.033296378372908 15.033296378372908 1.1403631708412596 
102 128 1 0 20 25 15.033296378372908 15.033296378372908 1.147840387683093 
101 127 2 0 20 23 15.033296378372908 15.033296378372908 1.1490841386468462 
97 125 2 0 16 24 15.033296378372908 15.033296378372908 1.1441299265156553 
95 121 2 0 16 23 15.033296378372908 15.033296378372908 1.1457569037015536 
93 120 2 0 16 24 15.033296378372908 15.033296378372908 1.1473838808874517 
91 119 2 0 16 25 15.033296378372908 15.033296378372908 1.1447078782494249 
89 118 2 0 15 23 15.033296378372908 15.033296378372908 1.1487846891603144 
87 117 2 0 13 26 15.033296378372908 15.033296378372908 1.1418322849077835 
86 116 2 0 16 21 15.033296378372908 15.033296378372908 1.141428140099596 
85 114 2 0 16 22 15.033296378372908 15.033296378372908 1.1498775727164428 
81 113 3 0 16 19 13.341664064126334 15.033296378372908 1.1659125561882429 
77 112 4 0 12 22 13.341664064126334 15.033296378372908 1.1685311899361275 
76 111 4 0 14 24 12.165525060596439 15.033296378372908 1.1646302704356046 
74 110 4 0 14 21 12.165525060596439 15.033296378372908 1.1638112201165622 
72 109 4 0 16 20 12.083045973594572 15.033296378372908 1.166694554210054 
70 108 4 0 15 22 11.40175425099138 15.033296378372908 1.1726245112198772 
68 107 4 0 16 26 11.40175425099138 15.033296378372908 1.180598605516673 
64 106 4 0 20 30 10.198039027185569 15.033296378372908 1.1761122041039405 
60 105 4 0 24 25 9.486832980505138 15.033296378372908 1.1879796502524627 
54 104 5 0 19 24 9.486832980505138 15.033296378372908 1.203139468509207 
48 103 6 0 17 25 8.246211251235321 15.033296378372908 1.204149217007037 
42 102 6 0 11 24 7.0710678118654755 15.033296378372908 1.1910230465787357 
36 101 6 1 6 23 6.324555320336759 15.033296378372908 1.203886080278994 
35 100 7 1 5 25 6.0 15.033296378372908 1.2066490734036626 
34 99 7 1 8 27 5.0990195135927845 15.033296378372908 1.2038993469726804 
30 97 7 1 6 25 8.602325267042627 15.033296378372908 1.2081414435439748 
29 96 8 1 3 21 8.602325267042627 15.033296378372908 1.210770002910209 
28 95 8 1 5 23 7.211102550927978 15.033296378372908 1.2108272883113254 
26 94 8 1 3 23 4.47213595499958 15.033296378372908 1.204471571684852 
25 93 8 1 1 19 4.47213595499958 15.033296378372908 1.20524323017136 
24 92 8 1 0 20 3.1622776601683795 15.033296378372908 1.2043656002668002 
24 91 8 1 2 20 1.4142135623730951 15.033296378372908 1.2127695605809936 
23 90 9 1 0 19 4.47213595499958 15.033296378372908 1.2101369607391952 
23 89 9 1 0 18 4.0 15.033296378372908 1.2088427590934692 
23 88 9 1 0 18 4.47213595499958 15.033296378372908 1.2063197197653166 
23 86 9 1 0 18 4.0 15.033296378372908 1.2050255181195906 
23 85 9 1 0 18 4.47213595499958 15.033296378372908 1.2037748924493974 
23 84 9 1 0 18 4.0 15.033296378372908 1.2038626649752768 
23 83 9 1 0 19 4.47213595499958 15.033296378372908 1.2026120393050836 
23 82 9 1 0 19 4.0 15.033296378372908 1.2013178376593578 
23 81 9 1 0 19 4.47213595499958 15.033296378372908 1.1974128241595998 
23 79 9 1 0 18 4.0 15.033296378372908 1.1961186225138738 
23 78 9 1 0 18 4.47213595499958 15.033296378372908 1.192213609014116 
23 76 9 1 0 17 4.0 15.033296378372908 1.19091940736839 
23 75 9 1 0 17 4.47213595499958 15.033296378372908 1.187855243746603 
23 74 9 1 0 16 4.0 14.142135623730951 1.186561042100877 
23 73 9 1 0 16 4.47213595499958 14.142135623730951 1.1853104164306838 
23 72 9 1 0 16 4.0 14.142135623730951 1.184016214784958 
23 71 9 1 0 16 4.47213595499958 14.142135623730951 1.18414756328637 
23 70 9 1 0 17 4.0 14.142135623730951 1.1842353358122493 
23 69 9 1 0 18 4.47213595499958 14.142135623730951 1.1817122964840967 
23 67 9 1 0 18 4.0 14.142135623730951 1.1804180948383707 
23 66 9 1 0 18 4.47213595499958 14.142135623730951 1.180549443339783 
23 65 9 1 0 19 4.0 14.142135623730951 1.1806372158656622 
23 64 9 1 0 20 4.47213595499958 14.142135623730951 1.159585497605615 
23 63 9 2 0 16 4.0 14.142135623730951 1.1426361258848508 
23 62 9 3 0 15 4.47213595499958 14.142135623730951 1.1413855002146576 
23 61 9 3 0 15 4.0 14.142135623730951 1.1387093243973263 
23 60 9 3 0 14 4.47213595499958 14.142135623730951 1.1346947503839229 
23 59 9 3 0 12 4.0 14.142135623730951 1.1320185745665916 
23 58 9 3 0 11 4.47213595499958 14.142135623730951 1.1321499230680037 
23 57 9 3 0 12 4.0 14.142135623730951 1.11392813768928 
23 55 9 4 0 11 4.47213595499958 14.142135623730951 1.1112267056118508 
23 54 9 4 0 10 4.0 14.0 1.1113144781377302 
23 53 9 4 0 11 4.47213595499958 14.0 1.1083630649465914 
23 52 9 4 0 10 4.0 13.341664064126334 1.1070688633008654 
23 51 9 4 0 10 4.47213595499958 13.341664064126334 1.1072002118022777 
23 50 9 4 0 11 4.0 13.341664064126334 1.0902508400815134 
23 49 9 5 0 10 4.47213595499958 13.341664064126334 1.0918737232681766 
23 47 9 5 0 13 4.0 13.341664064126334 1.0890506876287864 
23 46 9 5 0 12 4.47213595499958 13.038404810405298 1.086418087786988 
23 45 9 5 0 11 4.0 13.038404810405298 1.0809779636264467 
23 44 9 5 0 8 4.47213595499958 13.038404810405298 1.0797273379562535 
23 43 9 5 0 8 4.0 13.038404810405298 1.0573596300627142 
23 41 9 6 0 4 4.47213595499958 13.038404810405298 1.0404538343174827 
23 40 9 7 0 3 4.0 13.038404810405298 1.0248864367683235 
23 39 9 8 0 3 4.47213595499958 13.038404810405298 1.0217509670427218 
23 38 9 8 0 2 4.0 12.0 1.0204567653969958 
23 37 9 8 0 2 4.47213595499958 12.0 1.0192061397268026 
23 36 9 8 0 2 4.0 12.0 1.0165299639094716 
23 35 9 8 0 1 4.47213595499958 12.0 1.0152793382392784 
23 34 9 8 0 1 4.0 12.0 1.0126031624219471 
23 33 9 8 0 0 4.47213595499958 12.0 1.031248854115858 
23 34 9 7 0 2 4.0 12.649110640673518 1.0126031624219471 
23 33 9 8 0 0 4.47213595499958 12.0 0.9797408422486666 
23 21 9 9 0 0 4.0 5.0990195135927845 0.9975243191203589 
21 22 9 8 1 1 1.4142135623730951 3.1622776601683795 1 
