140 138 0 0 14 17 16.0 16.0 1.0755498619877077 
139 137 0 0 19 17 14.0 13.038404810405298 1.0865519106992025 
135 135 0 0 22 20 15.033296378372908 15.033296378372908 1.0996584722555651 
131 133 0 0 25 24 15.033296378372908 15.033296378372908 1.1036488134190587 
127 132 0 0 25 24 14.0 15.033296378372908 1.1096433415910254 
123 131 0 0 28 24 15.033296378372908 15.033296378372908 1.1134796206343978 
123 129 0 0 38 24 15.033296378372908 15.033296378372908 1.1159091156874403 
117 128 0 0 38 22 14.0 15.033296378372908 1.1119567124140302 
113 127 0 0 36 19 14.0 15.033296378372908 1.117258338250231 
107 126 0 0 34 19 14.0 15.033296378372908 1.120309620882485 
103 124 0 0 35 19 14.0 15.033296378372908 1.1300001579480596 
97 123 1 0 26 19 14.0 15.033296378372908 1.1476612517113933 
95 122 1 0 31 25 14.0 15.033296378372908 1.1565821822793065 
87 121 2 0 23 23 12.165525060596439 15.033296378372908 1.1640620802924926 
81 120 2 0 18 25 13.038404810405298 15.033296378372908 1.1837931413095881 
77 119 3 0 15 29 13.038404810405298 14.0 1.1806239111560455 
76 118 3 0 20 26 12.649110640673518 14.0 1.1909816221382135 
72 116 3 0 16 31 12.649110640673518 14.0 1.1882873225310042 
70 114 3 0 22 28 12.649110640673518 14.0 1.1777514879045148 
64 113 4 0 15 18 12.649110640673518 14.0 1.1845501980121615 
62 111 4 0 16 21 12.165525060596439 14.0 1.2022325993983007 
58 110 5 0 10 25 12.165525060596439 14.0 1.20922697545186 
56 109 5 0 9 28 11.661903789690601 14.142135623730951 1.2189012591140556 
52 108 6 0 7 27 11.661903789690601 14.142135623730951 1.2150692430403855 
51 107 6 0 8 25 11.661903789690601 14.142135623730951 1.207155955518971 
49 103 6 0 11 22 10.295630140987 14.142135623730951 1.215996712869563 
41 102 6 0 7 23 10.0 14.142135623730951 1.2131281578060178 
40 98 7 0 6 20 10.0 14.142135623730951 1.2172191544181965 
38 97 7 0 7 21 8.94427190999916 14.142135623730951 1.235602764314832 
37 96 7 0 15 27 8.94427190999916 14.142135623730951 1.2252061349966774 
33 94 7 0 3 25 8.94427190999916 14.142135623730951 1.2203791751175195 
31 92 7 0 3 23 8.48528137423857 12.165525060596439 1.2201825479366186 
30 91 7 0 6 22 7.0710678118654755 12.165525060596439 1.2227657775332155 
28 90 8 0 4 19 7.0710678118654755 12.165525060596439 1.2290992316820066 
27 89 8 0 4 22 6.0 12.165525060596439 1.2368375364135105 
25 88 8 0 4 25 4.47213595499958 12.165525060596439 1.2316570464225784 
24 87 8 0 3 23 3.1622776601683795 12.0 1.2271441677341517 
24 86 8 0 5 21 3.1622776601683795 12.0 1.2355354598480282 
23 85 9 0 4 21 3.1622776601683795 12.0 1.2346423120909218 
22 84 9 0 3 21 2.8284271247461903 12.0 1 
