140 140 0 0 14 14 16.0 16.0 1.1018985051130867 
138 139 0 0 17 19 16.0 14.142135623730951 1.1038922094951718 
134 137 0 0 16 19 12.0 16.0 1.1053358025218558 
132 136 0 0 16 20 13.038404810405298 16.0 1.1055884808138245 
130 135 0 0 16 20 13.038404810405298 16.0 1.1070774460353565 
128 133 0 0 16 22 14.0 16.0 1.1113469854453744 
126 132 0 0 14 25 14.0 16.0 1.1128817646050264 
124 130 0 0 16 27 14.0 16.0 1.113134442896995 
122 129 0 0 16 27 14.0 16.0 1.1081604423909246 
120 127 0 0 16 24 14.0 16.0 1.1123431548193061 
118 126 0 0 16 27 14.142135623730951 16.0 1.1147908247553358 
116 125 0 0 14 29 14.142135623730951 15.033296378372908 1.1052241187888383 
114 121 0 0 16 25 15.033296378372908 14.0 1.1067925021787783 
112 120 0 0 16 26 15.033296378372908 14.0 1.1044499118686508 
110 118 0 0 16 25 15.033296378372908 14.0 1.102107321558523 
108 116 0 0 16 24 15.033296378372908 14.0 1.1023599998504918 
106 115 0 0 16 24 15.033296378372908 14.0 1.098665562848546 
104 114 0 0 16 21 15.033296378372908 14.0 1.1042172031262472 
102 112 0 0 16 26 15.033296378372908 14.0 1.1049378277265274 
96 111 0 0 15 24 15.033296378372908 14.0 1.1207260423614145 
95 110 1 0 16 28 15.033296378372908 14.0 1.11834731045744 
93 109 1 0 16 26 15.033296378372908 14.0 1.1050852832171874 
91 103 1 0 17 21 15.033296378372908 13.038404810405298 1.1260895532644146 
85 102 2 0 16 26 15.033296378372908 13.038404810405298 1.1197985789785934 
83 101 2 0 15 21 15.033296378372908 13.038404810405298 1.1239983725644764 
81 100 2 0 15 24 15.033296378372908 13.038404810405298 1.133573024391112 
73 98 3 0 13 20 14.0 13.038404810405298 1.1635358205139503 
69 97 4 0 13 33 14.0 13.038404810405298 1.1561108049162119 
65 96 4 0 13 26 14.0 13.038404810405298 1.1490537097323439 
64 95 4 0 12 21 14.0 13.038404810405298 1.1473385505027696 
63 94 4 0 11 20 13.341664064126334 13.038404810405298 1.160266926176113 
59 93 5 0 9 20 13.341664064126334 13.038404810405298 1.1598248006819494 
58 92 5 0 8 20 13.038404810405298 13.038404810405298 1.1593823725817853 
57 90 5 0 7 21 13.038404810405298 13.038404810405298 1.1699775126489216 
56 89 6 0 6 21 13.038404810405298 13.038404810405298 1.1681845065387189 
55 87 6 0 6 21 13.038404810405298 13.038404810405298 1.168527102281876 
53 86 6 0 7 21 12.0 13.038404810405298 1.1635531017758056 
51 84 6 0 7 18 12.0 13.038404810405298 1.1664821682392503 
49 83 6 0 9 20 11.045361017187261 13.038404810405298 1.1673394927249205 
43 82 6 0 7 18 10.198039027185569 13.038404810405298 1.165647663523695 
42 81 6 0 7 17 9.055385138137417 13.038404810405298 1.1652610518928235 
41 80 6 0 7 17 8.0 13.038404810405298 1.1668056218553748 
37 79 6 0 7 17 10.0 13.038404810405298 1.1670234272352762 
35 78 6 0 8 17 10.0 13.038404810405298 1.1659609717957478 
31 77 7 1 5 17 10.295630140987 13.038404810405298 1.168778778164869 
30 76 7 1 5 19 4.47213595499958 13.038404810405298 1.1658974799539195 
28 75 7 1 4 17 8.94427190999916 13.038404810405298 1.165543689774999 
27 74 7 1 4 17 7.615773105863909 13.038404810405298 1.165408033960806 
26 73 7 1 4 17 4.47213595499958 13.038404810405298 1.16499921009093 
25 72 7 1 1 17 4.47213595499958 13.038404810405298 1.1655788579693447 
24 71 7 1 1 18 6.324555320336759 13.038404810405298 1.1761739980364807 
23 70 8 1 0 18 6.324555320336759 13.038404810405298 1.1747877977775978 
23 69 8 1 2 18 2.8284271247461903 12.165525060596439 1.184828106047831 
21 68 9 1 0 17 3.1622776601683795 12.165525060596439 1.1837237433442918 
21 67 9 1 1 17 1.4142135623730951 12.165525060596439 1 
