140 140 0 0 14 14 16.0 16.0 1.0756516971435335 
138 139 0 0 17 17 16.0 14.142135623730951 1.075872356302359 
136 137 0 0 22 16 13.341664064126334 14.142135623730951 1.0802523406548417 
132 136 0 0 22 17 15.033296378372908 14.0 1.086920236111875 
128 135 0 0 22 19 14.0 16.0 1.0913932439933478 
124 134 0 0 22 20 14.0 16.0 1.1025087552270705 
120 133 0 0 22 25 14.0 16.0 1.111605222098981 
116 131 0 0 24 29 14.0 16.0 1.1251571056868328 
110 130 1 0 21 29 14.0 16.0 1.126890771399918 
104 128 1 0 17 29 14.0 16.0 1.1373883687045572 
103 124 2 0 16 32 14.0 16.0 1.1410972648237687 
102 123 2 0 21 33 14.0 16.0 1.12862963058159 
94 122 2 0 15 23 14.0 16.0 1.1366180204758622 
93 121 2 0 19 27 14.0 15.033296378372908 1.141568580048706 
91 119 2 0 20 30 13.341664064126334 15.033296378372908 1.1604323756305597 
87 118 3 0 15 35 14.0 15.033296378372908 1.1544547237053653 
86 117 3 0 17 31 14.0 15.033296378372908 1.1493498906220116 
80 116 3 0 17 25 14.0 15.033296378372908 1.14459749007711 
76 115 3 0 15 21 14.0 15.033296378372908 1.1545075291055034 
74 113 3 0 16 27 14.0 15.033296378372908 1.1539213663219783 
72 111 4 0 12 22 14.0 15.033296378372908 1.1654009448479583 
71 110 5 0 12 23 14.0 15.033296378372908 1.157435233797058 
69 109 5 0 11 18 13.038404810405298 15.033296378372908 1.1559783197680202 
68 108 5 0 12 17 13.038404810405298 15.033296378372908 1.157943648129851 
66 107 5 0 11 18 13.038404810405298 15.033296378372908 1.156060923333246 
65 106 5 0 11 17 12.0 15.033296378372908 1.1568592444250005 
63 105 5 0 11 17 11.045361017187261 15.033296378372908 1.1692782952194525 
61 104 5 0 11 24 10.198039027185569 15.033296378372908 1.1617215375672112 
59 103 5 0 11 19 10.770329614269007 15.033296378372908 1.1665289291917107 
59 102 5 0 17 21 10.770329614269007 15.033296378372908 1.1690009415067966 
53 100 5 0 11 22 10.770329614269007 15.033296378372908 1.171807028993674 
52 99 5 0 14 23 10.198039027185569 15.033296378372908 1.169453600888835 
48 98 5 0 10 21 10.198039027185569 15.033296378372908 1.1803826542622746 
48 94 5 0 16 29 10.198039027185569 15.033296378372908 1.1787855020697744 
42 93 6 0 9 21 10.770329614269007 15.033296378372908 1.1794940209184277 
41 92 6 0 11 21 9.486832980505138 15.033296378372908 1.1738120351163892 
40 91 6 0 10 18 8.94427190999916 15.033296378372908 1.1835200927152962 
40 89 6 0 15 24 8.94427190999916 15.033296378372908 1.186868022251544 
32 87 7 0 6 19 6.0 15.033296378372908 1.188485806282747 
31 86 7 0 10 19 5.0990195135927845 15.033296378372908 1.1686253445434438 
27 85 7 1 4 16 4.47213595499958 15.033296378372908 1.1785284048169624 
26 84 8 1 4 16 2.0 15.033296378372908 1.174404478128199 
25 83 8 1 3 14 4.47213595499958 15.033296378372908 1.183740963219558 
24 82 9 1 2 14 5.0990195135927845 15.033296378372908 1.1875805247866986 
23 81 9 1 0 17 4.0 15.033296378372908 1.1879443897454556 
23 80 9 1 0 18 4.47213595499958 15.033296378372908 1.1866797551051378 
23 79 9 1 0 18 4.0 15.033296378372908 1.1774597931137707 
23 77 9 1 0 14 4.47213595499958 15.033296378372908 1.176195158473453 
23 76 9 1 0 14 4.0 15.033296378372908 1.1748983975941474 
23 75 9 1 0 14 4.47213595499958 15.033296378372908 1.1586883064149618 
23 74 9 2 0 14 4.0 15.033296378372908 1.1573915455356563 
23 73 9 2 0 14 4.47213595499958 15.033296378372908 1.154466285057276 
23 72 9 2 0 13 4.0 15.033296378372908 1.1531695241779705 
23 71 9 2 0 13 4.47213595499958 15.033296378372908 1.1369594329987849 
23 70 9 3 0 13 4.0 15.033296378372908 1.1340020462814169 
23 69 9 3 0 12 4.47213595499958 15.033296378372908 1.1314567138812874 
23 67 9 3 0 12 4.0 15.033296378372908 1.1301599530019815 
23 66 9 3 0 12 4.47213595499958 15.033296378372908 1.1305559441997262 
23 65 9 3 0 13 4.0 15.033296378372908 1.1273761653363077 
23 64 9 3 0 12 4.47213595499958 14.142135623730951 1.1244154344377737 
23 63 9 3 0 11 4.0 14.0 1.1218379757986565 
23 61 9 3 0 11 4.47213595499958 14.0 1.1205733411583387 
23 60 9 3 0 11 4.0 14.0 1.1192765802790332 
23 59 9 3 0 11 4.47213595499958 14.0 1.1150706220408413 
23 57 9 3 0 10 4.0 14.0 1.1137738611615358 
23 56 9 3 0 10 4.47213595499958 14.0 1.112509226521218 
23 55 9 3 0 10 4.0 14.0 1.1145337173180374 
23 54 9 3 0 12 4.47213595499958 14.0 1.1082872051635322 
23 53 9 3 0 9 4.0 14.0 1.1069904442842267 
23 52 9 3 0 9 4.47213595499958 14.0 1.1073864354819714 
23 51 9 3 0 10 4.0 14.0 1.1044290487646033 
23 50 9 3 0 9 4.47213595499958 14.0 1.1031644141242856 
23 49 9 3 0 9 4.0 14.0 1.0856414989463008 
23 47 9 4 0 9 4.47213595499958 14.0 1.0710920336051772 
23 46 9 5 0 10 4.0 14.0 1.0681346468878092 
23 45 9 5 0 9 4.47213595499958 14.0 1.065209386409429 
23 44 9 5 0 8 4.0 14.0 1.0605913738539985 
23 43 9 5 0 6 4.47213595499958 14.0 1.0561454463210056 
23 41 9 5 0 5 4.0 13.038404810405298 1.0531880596036376 
23 40 9 5 0 4 4.47213595499958 13.038404810405298 1.0353173425863895 
23 39 9 6 0 3 4.0 13.038404810405298 1.034020581707084 
23 38 9 6 0 3 4.47213595499958 13.038404810405298 1.0178104905278984 
23 37 9 7 0 3 4.0 13.038404810405298 1.013192477972468 
23 36 9 7 0 1 4.47213595499958 13.038404810405298 1.0102672174940877 
23 35 9 7 0 0 4.0 13.038404810405298 1.013192477972468 
23 36 9 7 0 1 4.47213595499958 13.038404810405298 1.0102672174940877 
23 35 9 7 0 0 4.0 13.038404810405298 1.0199528851074722 
23 37 9 7 0 4 4.47213595499958 15.033296378372908 1.0168052324830414 
23 36 9 7 0 3 4.0 14.142135623730951 1.0136480854114776 
23 35 9 7 0 2 4.47213595499958 13.341664064126334 1.0105499959106183 
23 34 9 7 0 1 4.0 12.649110640673518 0.9925264722559334 
23 33 9 8 0 0 4.47213595499958 12.165525060596439 1.0022397040224245 
23 35 9 8 0 4 4.0 14.142135623730951 0.9926471526543825 
23 33 9 8 0 0 4.47213595499958 12.649110640673518 0.9957773683942295 
23 34 9 8 0 1 4.0 13.341664064126334 0.9926471526543825 
23 33 9 8 0 0 4.47213595499958 12.649110640673518 0.9957773683942295 
23 34 9 8 0 1 4.0 13.341664064126334 0.9926471526543825 
23 33 9 8 0 0 4.47213595499958 12.649110640673518 1.0022397040224245 
23 35 9 8 0 4 4.0 14.142135623730951 0.9926471526543825 
23 33 9 8 0 0 4.47213595499958 12.649110640673518 1.0135884691702126 
23 35 9 7 0 2 4.0 13.038404810405298 1.0105339327911245 
23 34 9 7 0 1 4.47213595499958 12.649110640673518 0.9926632157738765 
23 33 9 8 0 0 4.0 12.649110640673518 0.9926471526543825 
23 33 9 8 0 0 4.47213595499958 12.649110640673518 0.9956045393717506 
23 34 9 8 0 1 4.0 12.649110640673518 0.9926471526543825 
23 33 9 8 0 0 4.47213595499958 12.649110640673518 1.0037427939282866 
23 36 9 8 0 4 4.0 15.033296378372908 0.997421931112798 
23 34 9 8 0 2 4.47213595499958 13.341664064126334 0.9925425353754274 
23 33 9 8 0 0 4.0 12.165525060596439 1.0137345040688004 
23 34 9 7 0 3 4.47213595499958 12.165525060596439 0.9942031612134898 
23 33 9 8 0 1 4.0 12.165525060596439 0.9763003179572539 
23 32 9 9 0 0 4.47213595499958 12.165525060596439 0.9762750737444182 
23 32 9 9 0 0 4.0 12.0 0.994307778492445 
23 33 9 8 0 1 4.47213595499958 12.649110640673518 0.9762750737444182 
23 32 9 9 0 0 4.0 12.0 0.9875005765101131 
23 35 9 9 0 4 4.47213595499958 15.033296378372908 0.986013549723745 
23 34 9 9 0 4 4.0 14.142135623730951 0.9764209983557031 
23 32 9 9 0 0 4.47213595499958 12.649110640673518 0.9812118399336125 
23 33 9 9 0 2 4.0 13.341664064126334 0.9764209983557031 
23 32 9 9 0 0 4.47213595499958 12.649110640673518 0.986013549723745 
23 34 9 9 0 4 4.0 14.142135623730951 0.9762590106249243 
23 32 9 9 0 0 4.47213595499958 12.0 0.9990986200703544 
23 34 9 8 0 3 4.0 13.341664064126334 0.9762590106249243 
23 32 9 9 0 0 4.47213595499958 12.0 1.0037427939282866 
23 36 9 8 0 4 4.0 15.033296378372908 1.0021881704827766 
23 35 9 8 0 4 4.47213595499958 14.0 0.9941618538811602 
23 33 9 8 0 1 4.0 12.0 0.9762590106249243 
23 32 9 9 0 0 4.47213595499958 12.0 0.994323841611939 
23 33 9 8 0 1 4.0 12.649110640673518 0.9762590106249243 
23 32 9 9 0 0 4.47213595499958 12.0 0.9941618538811602 
23 33 9 8 0 1 4.0 12.0 0.9762590106249243 
23 32 9 9 0 0 4.47213595499958 12.0 0.9811361605728536 
23 33 9 9 0 2 4.0 13.038404810405298 0.9762590106249243 
23 32 9 9 0 0 4.47213595499958 12.0 0.9599819152263355 
23 21 9 9 0 0 4.0 3.1622776601683795 0.9733890451236528 
21 24 9 9 1 4 1.4142135623730951 4.47213595499958 1 
