140 138 0 0 14 17 16.0 16.0 1.0669408896491874 
138 137 0 0 17 22 14.142135623730951 14.142135623730951 1.0670015543273323 
134 135 0 0 16 20 13.038404810405298 15.033296378372908 1.0621161562269046 
132 134 0 0 16 16 15.033296378372908 15.033296378372908 1.065289739895017 
130 133 0 0 16 18 15.033296378372908 15.033296378372908 1.0610085863012833 
128 132 0 0 16 14 15.033296378372908 15.033296378372908 1.0659238029782296 
126 131 0 0 14 17 15.033296378372908 15.033296378372908 1.0748104908993537 
124 130 0 0 16 24 15.033296378372908 15.033296378372908 1.068206637290291 
122 126 0 0 15 21 15.033296378372908 15.033296378372908 1.067374138596891 
120 124 0 0 16 21 15.033296378372908 15.033296378372908 1.0690265523241065 
118 122 0 0 17 23 15.033296378372908 15.033296378372908 1.0638241036871832 
116 118 0 0 18 22 15.033296378372908 14.142135623730951 1.0657552311449878 
114 117 0 0 18 23 15.033296378372908 14.142135623730951 1.065201446182177 
112 116 0 0 18 22 15.033296378372908 14.142135623730951 1.0671034483086557 
110 114 0 0 18 24 15.033296378372908 14.142135623730951 1.0690345757664603 
108 113 0 0 18 25 15.033296378372908 14.142135623730951 1.066495055181561 
106 112 0 0 16 22 15.033296378372908 14.142135623730951 1.077753796696365 
102 108 0 0 16 32 15.033296378372908 14.142135623730951 1.0701588744869834 
96 106 0 0 15 23 15.033296378372908 14.142135623730951 1.0778930981927322 
95 104 1 0 14 21 15.033296378372908 14.142135623730951 1.0798242256505366 
93 103 1 0 14 22 15.033296378372908 14.142135623730951 1.081975816176279 
91 101 1 0 13 24 15.033296378372908 14.142135623730951 1.0896954551779066 
87 100 2 0 14 19 15.033296378372908 14.142135623730951 1.109289513818168 
79 99 3 0 13 20 15.033296378372908 14.142135623730951 1.1132449446534258 
78 98 3 0 12 23 14.142135623730951 14.142135623730951 1.1318716183156008 
72 97 4 0 12 25 14.142135623730951 14.142135623730951 1.13554437878224 
70 96 4 0 10 27 14.142135623730951 14.142135623730951 1.124567345702243 
69 92 4 0 9 21 13.038404810405298 14.142135623730951 1.1257679351647458 
68 91 4 0 8 22 13.038404810405298 14.142135623730951 1.1254764800176775 
67 90 4 0 8 22 13.038404810405298 14.142135623730951 1.127722136050612 
65 89 4 0 8 23 12.0 14.142135623730951 1.1354059356103052 
63 88 4 0 11 29 11.045361017187261 14.142135623730951 1.1336279216396752 
62 87 4 0 7 27 11.045361017187261 14.142135623730951 1.1335860548918701 
61 86 4 0 6 27 11.045361017187261 14.142135623730951 1.1265704004782577 
59 85 4 0 7 21 11.045361017187261 14.142135623730951 1.1262662039147102 
57 84 4 0 6 20 11.045361017187261 14.142135623730951 1.1294397875828226 
55 83 4 0 6 22 11.045361017187261 14.142135623730951 1.1386769540269794 
53 82 5 0 8 20 11.045361017187261 14.142135623730951 1.1395967928109316 
49 81 5 0 6 18 10.198039027185569 14.142135623730951 1.1384987659277164 
48 79 5 0 5 18 9.486832980505138 14.142135623730951 1.1481469604631096 
47 78 5 0 5 26 9.486832980505138 14.142135623730951 1.147601188888489 
45 77 5 0 5 25 7.0710678118654755 13.038404810405298 1.1379356330458603 
43 76 5 0 6 17 7.615773105863909 13.038404810405298 1.1413715465297152 
42 75 5 0 6 20 7.615773105863909 13.038404810405298 1.1410800913826469 
41 74 5 0 6 20 7.615773105863909 13.038404810405298 1.143882079626643 
39 72 6 1 4 24 7.615773105863909 13.038404810405298 1.1408269983283703 
38 70 6 1 5 23 7.615773105863909 13.038404810405298 1.1196263308073147 
37 66 6 2 4 20 7.615773105863909 13.038404810405298 1.1194763918535222 
36 65 6 2 5 20 6.324555320336759 13.038404810405298 1.119823364499002 
34 64 6 2 3 20 7.211102550927978 12.165525060596439 1.1184579067380973 
33 63 6 2 4 19 5.830951894845301 12.165525060596439 1.1010428585106162 
32 61 6 3 3 17 5.830951894845301 12.165525060596439 1.099820061211788 
31 60 6 3 4 17 5.656854249492381 11.045361017187261 1.1015016002703293 
29 59 6 3 5 18 5.656854249492381 11.045361017187261 1.108242956165034 
28 57 7 3 3 15 5.656854249492381 11.045361017187261 1.108201089417229 
27 56 7 3 2 15 5.656854249492381 11.045361017187261 1.0944717178643713 
26 55 7 4 3 15 4.242640687119285 11.045361017187261 1.0946794395158297 
25 54 7 4 1 15 4.242640687119285 11.045361017187261 1.0919593389787627 
24 53 7 4 1 14 6.324555320336759 10.198039027185569 1.1044137991264789 
23 51 8 4 1 16 6.324555320336759 10.198039027185569 1.1029033605842276 
22 50 8 4 0 15 7.0710678118654755 10.198039027185569 1.0870912469578886 
22 48 8 5 1 15 5.0990195135927845 10.198039027185569 1.0935247637906786 
21 44 9 5 0 14 5.0990195135927845 10.198039027185569 1.0968470751506907 
21 43 9 5 1 17 1.4142135623730951 10.198039027185569 1 
