140 140 0 0 14 14 16.0 16.0 1.0398488717107999 
138 138 0 0 17 17 16.0 14.142135623730951 1.0454026577542233 
136 136 0 0 22 18 14.0 14.142135623730951 1.0652557396866136 
132 135 0 0 22 25 14.0 14.0 1.0595642904013953 
128 134 0 0 22 20 13.038404810405298 16.0 1.058378609599566 
124 132 0 0 22 18 13.038404810405298 15.033296378372908 1.060832559383533 
120 131 0 0 22 17 15.033296378372908 15.033296378372908 1.0726985390643857 
116 130 0 0 23 20 15.033296378372908 15.033296378372908 1.0868519886135746 
110 126 0 0 23 25 15.033296378372908 15.033296378372908 1.0985430281087911 
109 125 1 0 20 27 15.033296378372908 15.033296378372908 1.094947565118966 
107 124 1 0 22 24 15.033296378372908 15.033296378372908 1.0880729582002413 
103 120 1 0 21 21 15.033296378372908 15.033296378372908 1.0927635975034615 
101 119 1 0 19 23 15.033296378372908 15.033296378372908 1.1125836650366658 
100 118 1 0 23 31 15.033296378372908 15.033296378372908 1.11644443501196 
96 117 1 0 25 30 15.033296378372908 15.033296378372908 1.1233222129782736 
90 116 2 0 19 27 15.033296378372908 15.033296378372908 1.13357946607873 
88 115 2 0 19 31 15.033296378372908 15.033296378372908 1.1262470085299314 
84 114 3 0 16 22 15.033296378372908 15.033296378372908 1.1313000720601665 
82 112 3 0 17 24 15.033296378372908 15.033296378372908 1.1279855016578286 
80 111 3 0 16 22 15.033296378372908 15.033296378372908 1.1353994479300467 
78 110 4 0 14 21 15.033296378372908 15.033296378372908 1.1348681844263266 
76 109 4 0 14 20 15.033296378372908 15.033296378372908 1.1388019978677562 
74 107 4 0 13 22 13.341664064126334 15.033296378372908 1.1398028341070887 
72 106 4 0 12 22 13.341664064126334 15.033296378372908 1.1469358877918194 
70 105 5 0 13 20 13.341664064126334 15.033296378372908 1.1504421941293321 
69 103 5 0 14 22 13.038404810405298 15.033296378372908 1.1387379496262995 
65 102 5 1 13 22 12.165525060596439 15.033296378372908 1.1565388149410258 
61 101 5 1 13 28 11.045361017187261 15.033296378372908 1.1452976795274235 
60 97 5 1 16 24 11.045361017187261 15.033296378372908 1.144421705033408 
58 96 5 1 12 24 11.045361017187261 15.033296378372908 1.1476057495777123 
57 95 5 1 17 24 11.045361017187261 15.033296378372908 1.152028304727981 
53 94 5 1 13 25 11.045361017187261 15.033296378372908 1.1620872402933657 
47 90 6 1 9 25 11.045361017187261 15.033296378372908 1.1606111672057042 
46 89 6 1 10 24 11.045361017187261 15.033296378372908 1.1564662972026936 
44 87 6 1 10 22 10.295630140987 15.033296378372908 1.1560030293395165 
44 85 6 1 14 22 9.486832980505138 15.033296378372908 1.153782806472609 
40 84 6 1 10 20 11.661903789690601 15.033296378372908 1.159405446925236 
39 83 6 1 12 22 11.661903789690601 15.033296378372908 1.1723988154292244 
35 82 7 1 7 23 11.661903789690601 15.033296378372908 1.1859236586130708 
29 81 8 1 4 22 5.830951894845301 15.033296378372908 1.1817702740988438 
28 80 8 1 4 20 4.47213595499958 15.033296378372908 1.1998157073923748 
27 79 8 1 5 28 3.1622776601683795 15.033296378372908 1.1848761883925312 
26 77 8 1 4 22 2.0 15.033296378372908 1.1841137706225713 
25 76 8 1 3 22 4.47213595499958 15.033296378372908 1.1840608968190152 
24 75 9 1 2 18 5.0990195135927845 15.033296378372908 1.1872668528145134 
23 74 9 1 0 20 4.0 15.033296378372908 1.1633285303056498 
23 73 9 2 0 17 4.47213595499958 15.033296378372908 1.1596932698031568 
23 72 9 2 0 16 4.0 15.033296378372908 1.160299757292983 
23 71 9 2 0 17 4.47213595499958 15.033296378372908 1.1594655169258272 
23 69 9 2 0 18 4.0 15.033296378372908 1.1622297077364887 
23 68 9 2 0 20 4.47213595499958 15.033296378372908 1.160752150554831 
23 67 9 2 0 20 4.0 15.033296378372908 1.1635163413654925 
23 66 9 2 0 22 4.47213595499958 15.033296378372908 1.1620387841838347 
23 65 9 2 0 22 4.0 15.033296378372908 1.1540144583903196 
23 64 9 2 0 19 4.47213595499958 15.033296378372908 1.146063791246156 
23 63 9 2 0 16 4.0 15.033296378372908 1.147313595550484 
23 61 9 2 0 18 4.47213595499958 15.033296378372908 1.1458360383688264 
23 60 9 2 0 18 4.0 15.033296378372908 1.1442848225378173 
23 59 9 2 0 18 4.47213595499958 15.033296378372908 1.1406495620353243 
23 58 9 2 0 17 4.0 15.033296378372908 1.118868942847296 
23 57 9 3 0 15 4.47213595499958 15.033296378372908 1.115233682344803 
23 56 9 3 0 14 4.0 15.033296378372908 1.0977684697984453 
23 55 9 4 0 14 4.47213595499958 15.033296378372908 1.0962909126167877 
23 54 9 4 0 14 4.0 15.033296378372908 1.0925819934649432 
23 53 9 4 0 13 4.47213595499958 15.033296378372908 1.0911044362832856 
23 52 9 4 0 13 4.0 15.033296378372908 1.0895532204522764 
23 51 9 4 0 13 4.47213595499958 15.033296378372908 1.082114232703577 
23 49 9 4 0 11 4.0 14.0 1.0761637411249254 
23 48 9 4 0 9 4.47213595499958 13.341664064126334 1.0725284806224324 
23 47 9 4 0 8 4.0 13.341664064126334 1.0709772647914233 
23 46 9 4 0 8 4.47213595499958 13.341664064126334 1.0694997076097656 
23 45 9 4 0 8 4.0 13.341664064126334 1.0498767917425724 
23 44 9 5 0 7 4.47213595499958 13.341664064126334 1.0462028973434603 
23 43 9 5 0 6 4.0 13.038404810405298 1.0265799814762673 
23 42 9 6 0 5 4.47213595499958 13.038404810405298 1.0229447209737743 
23 41 9 6 0 4 4.0 13.038404810405298 1.0213935051427652 
23 40 9 6 0 4 4.47213595499958 13.038404810405298 1.0018442479249237 
23 39 9 7 0 3 4.0 13.038404810405298 0.998135328773079 
23 38 9 7 0 2 4.47213595499958 13.038404810405298 0.9988154749122568 
23 37 9 7 0 3 4.0 13.038404810405298 0.9813502623658988 
23 36 9 8 0 3 4.47213595499958 13.038404810405298 0.977715001863406 
23 35 9 8 0 2 4.0 13.038404810405298 0.9761637860323967 
23 34 9 8 0 2 4.47213595499958 13.038404810405298 0.9723962373190682 
23 33 9 8 0 1 4.0 12.0 0.952773321451875 
23 32 9 9 0 0 4.47213595499958 12.0 -1 
