140 139 0 0 14 18 16.0 16.0 1.0844978089330368 
138 138 0 0 17 16 13.341664064126334 14.142135623730951 1.092730832188659 
134 137 0 0 16 20 12.649110640673518 16.0 1.0918074227146501 
132 136 0 0 16 19 12.649110640673518 16.0 1.0946926250008615 
130 135 0 0 16 21 12.649110640673518 16.0 1.0899606037666323 
128 134 0 0 16 17 12.649110640673518 16.0 1.08919575735143 
126 133 0 0 14 16 13.038404810405298 16.0 1.0893046291645971 
124 132 0 0 16 16 13.038404810405298 16.0 1.091038922180517 
122 131 0 0 15 17 13.038404810405298 16.0 1.0962832693983815 
120 130 0 0 16 21 13.341664064126334 16.0 1.1003491001693078 
118 128 0 0 17 25 13.341664064126334 16.0 1.0929593764451495 
116 127 0 0 18 19 13.341664064126334 16.0 1.0920359669711406 
114 126 0 0 18 18 13.341664064126334 16.0 1.0923820947505383 
112 125 0 0 18 18 13.341664064126334 16.0 1.0936049402283734 
108 123 0 0 20 19 13.341664064126334 15.033296378372908 1.0929229636683326 
104 121 0 0 18 18 15.033296378372908 15.033296378372908 1.09307357983489 
102 119 0 0 16 19 15.033296378372908 14.142135623730951 1.1042898259519889 
101 118 0 0 14 28 15.033296378372908 14.142135623730951 1.100242154688361 
100 114 0 0 13 28 15.033296378372908 14.142135623730951 1.0999139375416838 
99 113 0 0 12 28 15.033296378372908 14.142135623730951 1.1072931890739477 
98 112 0 0 12 34 14.0 14.142135623730951 1.113801245543941 
92 110 1 0 18 29 14.0 14.142135623730951 1.111446090625529 
86 109 1 0 14 24 14.0 14.142135623730951 1.1136569479856648 
85 108 1 0 13 26 14.0 14.142135623730951 1.1155834298752993 
84 100 2 0 15 26 14.0 14.142135623730951 1.1136277391141145 
82 99 2 0 13 24 14.0 14.142135623730951 1.1177824786537325 
80 98 2 0 13 27 14.0 14.142135623730951 1.126204496258784 
79 97 3 0 12 25 14.0 14.142135623730951 1.1247857958308516 
78 93 3 0 10 27 14.142135623730951 14.142135623730951 1.1237437583737273 
76 92 3 0 11 26 14.142135623730951 14.142135623730951 1.1306353530020183 
72 91 3 0 12 30 14.142135623730951 14.142135623730951 1.1317997840450706 
71 90 3 0 11 31 13.038404810405298 14.142135623730951 1.1287401789740954 
69 89 3 0 11 28 11.045361017187261 14.142135623730951 1.1107451720773198 
68 88 3 1 12 25 10.198039027185569 14.142135623730951 1.1070393660587259 
66 87 3 1 12 22 11.40175425099138 14.142135623730951 1.0935932920057827 
64 86 3 2 12 22 11.40175425099138 14.142135623730951 1.096715750258225 
62 85 3 2 10 24 11.40175425099138 14.142135623730951 1.1034095643046569 
60 84 3 2 10 29 11.40175425099138 14.142135623730951 1.1067713309350842 
59 83 3 2 10 32 11.40175425099138 14.142135623730951 1.1119232449324263 
58 82 3 2 8 36 10.0 14.142135623730951 1.0918902556775172 
57 80 3 2 8 22 10.0 13.038404810405298 1.0909668462035083 
55 79 3 2 8 21 10.0 13.038404810405298 1.1005397730788515 
54 78 4 2 8 20 10.0 13.038404810405298 1.0976724814253602 
53 77 4 2 7 18 10.0 13.038404810405298 1.0959560990421604 
52 76 4 2 7 17 10.0 13.038404810405298 1.1002733477787339 
51 75 4 2 6 21 9.899494936611665 12.165525060596439 1.1022469491726392 
50 74 4 2 7 23 9.899494936611665 12.165525060596439 1.1019187320259616 
49 73 4 2 6 23 9.899494936611665 12.165525060596439 1.1022648598053597 
47 72 4 2 6 23 9.899494936611665 12.165525060596439 1.1013414503313506 
45 71 4 2 6 22 9.899494936611665 12.165525060596439 1.098448542708743 
43 70 4 2 7 20 9.899494936611665 11.045361017187261 1.109170326442623 
41 69 5 2 4 19 9.899494936611665 11.045361017187261 1.1098743905831214 
40 68 5 2 5 20 9.899494936611665 11.045361017187261 1.1032282063838332 
39 66 5 2 4 16 9.899494936611665 11.045361017187261 1.109922020430265 
37 65 5 2 4 21 9.899494936611665 11.045361017187261 1.1103043301426778 
35 64 6 3 4 23 9.899494936611665 11.045361017187261 1.1183684113866286 
33 63 7 3 2 20 9.899494936611665 11.045361017187261 1.1165334010203136 
32 62 7 3 3 19 9.899494936611665 11.045361017187261 1.1152215193242005 
31 61 7 3 2 18 8.48528137423857 11.045361017187261 1.115383071171193 
30 60 7 3 3 19 8.48528137423857 10.0 1.1143410337140687 
28 59 7 3 4 18 8.48528137423857 10.0 1.1253021258259337 
27 58 8 3 3 18 8.48528137423857 10.0 1.1062708025541435 
26 57 8 4 3 14 7.0710678118654755 10.0 1.1059191384880769 
24 56 8 4 3 13 4.242640687119285 10.0 1.0945050387367279 
23 55 8 5 3 15 2.8284271247461903 10.0 1.1019921649741276 
21 53 9 5 0 13 5.0990195135927845 9.486832980505138 1.0975996823946843 
21 51 9 5 1 11 1.4142135623730951 9.486832980505138 1 
