140 139 0 0 14 18 16.0 16.0 1.103763448183567 
138 137 0 0 17 17 13.341664064126334 14.142135623730951 1.1103464326268728 
134 136 0 0 16 20 14.142135623730951 16.0 1.1156463234401155 
132 134 0 0 21 24 14.142135623730951 16.0 1.118928883724811 
128 133 0 0 22 25 14.142135623730951 16.0 1.117891858209899 
124 132 0 0 22 23 14.142135623730951 16.0 1.1141881930458901 
120 130 0 0 22 20 14.142135623730951 16.0 1.1155649582801865 
116 128 0 0 22 21 14.142135623730951 15.033296378372908 1.1247792246136947 
112 126 0 0 25 27 15.033296378372908 15.033296378372908 1.137799029099214 
106 125 1 0 19 27 15.033296378372908 15.033296378372908 1.1402184590761668 
100 124 2 0 16 19 15.033296378372908 15.033296378372908 1.1515320237365272 
98 123 2 0 16 27 15.033296378372908 15.033296378372908 1.1504781297271012 
96 121 2 0 16 27 15.033296378372908 15.033296378372908 1.1568587539543589 
95 117 3 0 16 27 15.033296378372908 15.033296378372908 1.1556998370166895 
93 116 3 0 16 26 15.033296378372908 15.033296378372908 1.1559267513676903 
91 115 3 0 16 26 15.033296378372908 15.033296378372908 1.1563723559645633 
90 114 3 0 22 26 15.033296378372908 15.033296378372908 1.1557084096258947 
84 113 3 0 15 24 15.033296378372908 15.033296378372908 1.1713126921555146 
83 112 4 0 14 28 15.033296378372908 15.033296378372908 1.1628919287866957 
81 111 4 0 15 22 15.033296378372908 14.0 1.1618951037826244 
79 110 4 0 16 21 15.033296378372908 14.0 1.174594499731655 
77 109 4 0 16 30 15.033296378372908 14.0 1.1748214140826556 
75 108 4 0 16 30 15.033296378372908 14.0 1.1736624971449863 
73 107 4 0 16 29 15.033296378372908 14.0 1.1737746569880376 
71 106 4 0 15 29 14.0 14.0 1.194290294739381 
69 105 5 0 14 36 14.0 14.0 1.183451603417557 
67 101 5 0 12 31 13.341664064126334 14.0 1.1791968400353523 
65 100 5 0 10 28 13.341664064126334 14.0 1.1732886598095569 
64 99 5 0 11 24 13.341664064126334 14.0 1.1727756057330259 
63 98 5 0 11 24 13.038404810405298 14.0 1.1722664930923936 
62 97 5 0 11 24 12.649110640673518 14.0 1.1727120976892669 
61 96 5 0 17 24 12.649110640673518 14.0 1.1789371072831076 
53 95 5 0 9 26 12.649110640673518 14.0 1.17873434414559 
52 94 5 0 11 26 12.649110640673518 14.0 1.1758083430467008 
50 92 5 0 8 25 12.649110640673518 14.0 1.1803548431973092 
48 91 5 0 9 28 12.649110640673518 14.0 1.164918630959883 
46 90 5 1 9 27 12.649110640673518 14.0 1.1741855264682683 
44 89 6 1 7 26 12.649110640673518 14.0 1.1737157234172069 
43 88 6 1 7 26 11.40175425099138 14.0 1.1734060130084571 
42 87 6 1 8 26 10.198039027185569 14.0 1.1727899701838558 
41 86 6 1 16 25 10.198039027185569 14.0 1.178126595220413 
31 85 7 1 3 18 7.211102550927978 14.0 1.1798648185355138 
29 84 7 1 3 19 4.47213595499958 14.0 1.1782296687527252 
28 82 7 1 4 19 4.242640687119285 14.0 1.1803770804145919 
27 81 7 1 3 21 2.8284271247461903 14.0 1.181073872764951 
26 80 7 1 2 22 2.8284271247461903 14.0 1.1848722266346141 
24 76 8 1 2 20 5.0990195135927845 13.038404810405298 1.184069283778256 
23 75 8 1 2 20 2.0 12.165525060596439 1.1927465554741994 
21 74 9 1 0 19 3.1622776601683795 11.045361017187261 1.1917079214477253 
21 73 9 1 1 19 1.4142135623730951 11.045361017187261 1 
