140 139 0 0 14 17 16.0 16.0 1.1096632316696469 
138 137 0 0 17 20 13.038404810405298 14.142135623730951 1.1138059870845574 
134 135 0 0 16 22 13.038404810405298 16.0 1.1142720222877343 
132 134 0 0 21 21 13.038404810405298 16.0 1.1196388568210973 
128 132 0 0 22 24 13.341664064126334 16.0 1.117178390484621 
124 131 0 0 22 21 13.341664064126334 16.0 1.113375654856259 
120 129 0 0 22 18 14.142135623730951 16.0 1.1155179350557853 
116 128 0 0 24 18 14.142135623730951 15.033296378372908 1.1207439904395853 
110 127 0 0 20 20 15.033296378372908 15.033296378372908 1.1318633955013004 
109 126 1 0 19 21 15.033296378372908 15.033296378372908 1.1267607345695776 
107 124 1 0 20 18 15.033296378372908 15.033296378372908 1.1397231665974765 
105 122 1 0 19 28 15.033296378372908 14.142135623730951 1.137247031843271 
104 121 1 0 22 26 15.033296378372908 14.142135623730951 1.1316912992929806 
100 120 1 0 17 22 15.033296378372908 14.142135623730951 1.133803946231809 
98 119 1 0 18 23 15.033296378372908 14.142135623730951 1.140652918213475 
97 117 2 0 17 22 15.033296378372908 14.142135623730951 1.1453858741790928 
95 116 2 0 17 25 15.033296378372908 14.142135623730951 1.147320834459912 
93 114 2 0 17 27 15.033296378372908 14.142135623730951 1.1389487329739745 
91 112 2 0 17 22 15.033296378372908 14.142135623730951 1.139264376753839 
89 111 2 0 17 22 15.033296378372908 14.142135623730951 1.1381075831384528 
87 110 2 0 17 21 15.033296378372908 14.142135623730951 1.1364485371013449 
85 108 2 0 15 21 15.033296378372908 14.142135623730951 1.1323222782938795 
84 106 2 0 17 19 15.033296378372908 14.142135623730951 1.134909074935244 
83 104 2 0 17 22 15.033296378372908 14.142135623730951 1.13799812399833 
82 103 2 0 19 24 15.033296378372908 14.142135623730951 1.1407782757154326 
78 102 2 0 17 25 15.033296378372908 14.142135623730951 1.134536665136019 
78 101 2 0 20 21 15.033296378372908 14.142135623730951 1.127440178059993 
72 99 2 0 15 16 15.033296378372908 13.341664064126334 1.1312491477611213 
70 91 3 0 13 18 15.033296378372908 13.341664064126334 1.1415262094600618 
69 90 3 0 19 24 15.033296378372908 13.341664064126334 1.1383151632744377 
63 89 4 0 11 14 13.341664064126334 13.341664064126334 1.1314324313610549 
62 87 4 1 13 20 13.341664064126334 13.341664064126334 1.1383034027362826 
58 85 5 1 9 18 13.038404810405298 13.341664064126334 1.1149138983638243 
57 81 5 2 11 15 13.038404810405298 12.083045973594572 1.1199897933440037 
53 80 5 2 7 18 13.038404810405298 12.083045973594572 1.118051961305412 
52 79 5 2 7 17 13.038404810405298 12.165525060596439 1.1171453510384484 
50 78 5 2 7 16 12.165525060596439 12.649110640673518 1.1138583429198738 
49 76 5 2 7 15 11.40175425099138 12.649110640673518 1.1160737399597869 
48 75 5 2 7 17 11.045361017187261 12.165525060596439 1.1141140343825748 
47 74 5 2 7 16 10.198039027185569 12.165525060596439 1.104677782781546 
46 70 5 2 7 13 10.198039027185569 11.045361017187261 1.1169440640509782 
45 69 6 2 8 14 10.198039027185569 12.083045973594572 1.125118594322192 
44 68 7 2 7 13 10.198039027185569 12.083045973594572 1.123465765435812 
43 67 7 2 8 12 10.198039027185569 12.083045973594572 1.1225526651904463 
41 66 7 2 7 12 10.198039027185569 10.198039027185569 1.134321201779587 
40 65 8 2 8 13 10.198039027185569 10.198039027185569 1.1323438071294945 
39 64 8 2 8 12 10.198039027185569 10.198039027185569 1.1340373114886027 
38 63 8 2 8 13 9.055385138137417 11.661903789690601 1.1191432610715397 
37 61 8 3 8 14 9.055385138137417 11.661903789690601 1.1192874353441236 
36 60 8 3 10 14 9.055385138137417 11.661903789690601 1.103114302607548 
32 59 8 4 8 12 9.055385138137417 11.661903789690601 1.1011589406496858 
31 58 8 4 8 11 8.0 11.661903789690601 1.1050906883844798 
30 57 8 4 8 14 7.0710678118654755 11.661903789690601 1.1016291456331366 
29 55 8 4 12 12 6.324555320336759 11.661903789690601 1.1131731752501017 
23 54 9 4 4 12 3.1622776601683795 11.661903789690601 1.1094057470541587 
22 53 9 4 3 10 2.8284271247461903 11.661903789690601 1 
