140 140 0 0 14 14 16.0 16.0 1.0630542841745771 
139 139 0 0 19 17 16.0 13.038404810405298 1.0739513299286394 
135 137 0 0 22 20 13.038404810405298 15.033296378372908 1.0740965122769919 
131 135 0 0 25 18 14.142135623730951 15.033296378372908 1.0842893305163464 
127 134 0 0 25 21 13.038404810405298 16.0 1.0944091006590186 
123 133 0 0 28 23 13.038404810405298 16.0 1.0963108284826673 
123 131 0 0 38 22 13.038404810405298 16.0 1.1027897624115532 
117 130 0 0 38 22 12.649110640673518 16.0 1.137124185905722 
116 129 0 0 45 36 13.341664064126334 15.033296378372908 1.1289204185753958 
106 128 1 0 33 26 14.142135623730951 15.033296378372908 1.1446396604456388 
100 127 1 0 28 32 14.0 15.033296378372908 1.1478999881712122 
98 126 1 0 31 32 14.0 15.033296378372908 1.1493778845437874 
92 125 1 0 33 29 14.0 15.033296378372908 1.1426734004238868 
88 124 1 0 30 25 14.0 15.033296378372908 1.139026927287623 
87 122 1 0 33 23 13.038404810405298 15.033296378372908 1.1615008445187467 
86 120 1 0 34 34 13.038404810405298 14.142135623730951 1.14633631309718 
82 116 1 0 31 28 12.165525060596439 14.142135623730951 1.1452381156433473 
78 114 1 0 29 27 12.165525060596439 14.142135623730951 1.1504533493419629 
72 112 1 0 26 28 10.198039027185569 14.142135623730951 1.171498800951268 
71 111 1 0 26 38 10.198039027185569 14.142135623730951 1.1630905320582923 
67 110 2 0 22 29 10.198039027185569 14.142135623730951 1.1708168892643542 
63 108 3 0 22 27 10.198039027185569 14.142135623730951 1.1733893869145158 
61 107 3 0 24 27 10.198039027185569 14.142135623730951 1.1936324391911315 
60 106 3 1 27 43 10.198039027185569 14.142135623730951 1.1692102505107886 
58 104 4 1 21 29 10.198039027185569 14.142135623730951 1.1584070734439489 
57 103 4 1 27 22 10.198039027185569 14.142135623730951 1.1785257812325842 
49 99 5 1 20 27 10.198039027185569 14.142135623730951 1.167855892049384 
48 97 5 1 22 22 9.055385138137417 14.142135623730951 1.1699553061642323 
42 95 6 1 10 20 9.055385138137417 14.142135623730951 1.1803376034963011 
41 94 6 1 19 22 8.0 14.142135623730951 1.1825631181871892 
37 93 7 1 12 19 8.0 14.142135623730951 1.194461785306093 
35 92 7 1 12 24 6.324555320336759 14.142135623730951 1.1878195351588172 
31 88 7 1 6 23 6.324555320336759 13.038404810405298 1.1905952442551653 
30 87 7 1 7 24 5.0990195135927845 13.038404810405298 1.1905407240915948 
30 86 7 1 9 24 5.0990195135927845 13.038404810405298 1.194953994986708 
28 85 8 1 6 22 5.830951894845301 13.038404810405298 1.2076184600315218 
24 84 9 1 2 23 7.0710678118654755 13.038404810405298 1.2061506102816353 
23 83 9 1 3 22 6.0 13.038404810405298 1.2011786279758339 
22 82 9 1 2 20 5.0990195135927845 13.038404810405298 1.2018817273960827 
21 81 9 1 0 21 4.0 13.038404810405298 1.1983182673470447 
22 80 9 1 2 20 5.0990195135927845 13.038404810405298 1.2032537913706605 
21 79 9 1 0 23 4.0 13.038404810405298 1.1933416944165725 
22 78 9 1 2 19 5.0990195135927845 13.038404810405298 1.1961610061385046 
21 77 9 1 0 21 4.0 13.038404810405298 1.1925975460894667 
22 76 9 1 2 20 5.0990195135927845 13.038404810405298 1.1911844332080324 
21 75 9 1 0 20 4.0 13.038404810405298 1.1876209731589944 
22 74 9 1 2 19 5.0990195135927845 13.038404810405298 1.1706446969085338 
21 73 9 2 0 19 4.0 13.038404810405298 1.1670812368594958 
22 72 9 2 2 18 5.0990195135927845 13.038404810405298 1.163551911676378 
21 71 9 2 0 17 4.0 13.038404810405298 1.1621046639290236 
22 70 9 2 2 17 5.0990195135927845 13.038404810405298 1.160691551047589 
21 69 9 2 0 17 4.0 13.038404810405298 1.1592443033002344 
22 68 9 2 2 17 5.0990195135927845 13.038404810405298 1.1578311904188 
21 67 9 2 0 17 4.0 13.038404810405298 1.1563839426714455 
22 66 9 2 2 17 5.0990195135927845 13.038404810405298 1.154970829790011 
21 65 9 2 0 17 4.0 13.038404810405298 1.1535235820426564 
22 64 9 2 2 17 5.0990195135927845 13.038404810405298 1.1521104691612218 
21 63 9 2 0 17 4.0 13.038404810405298 1.1507268469698153 
22 62 9 2 2 17 5.0990195135927845 12.0 1 
