140 140 0 0 14 14 16.0 16.0 1.0878318316665991 
139 139 0 0 19 17 16.0 13.038404810405298 1.097479970623271 
135 137 0 0 22 20 13.341664064126334 15.033296378372908 1.099099027039908 
131 135 0 0 25 19 14.142135623730951 15.033296378372908 1.1001871738977347 
127 134 0 0 25 18 13.341664064126334 16.0 1.115187363467158 
123 133 0 0 28 23 14.142135623730951 16.0 1.1184146627344669 
123 132 0 0 38 22 14.142135623730951 16.0 1.1238324851184232 
117 131 0 0 38 22 13.038404810405298 15.033296378372908 1.1315175073457466 
113 130 0 0 36 25 14.0 15.033296378372908 1.141499316101408 
107 129 0 0 34 28 14.0 15.033296378372908 1.1577951970934728 
106 128 0 0 41 34 14.0 15.033296378372908 1.1602656309097525 
96 122 1 0 29 33 14.0 15.033296378372908 1.1673286253133175 
92 121 1 0 29 35 14.0 15.033296378372908 1.1743486471319258 
86 119 2 0 19 35 14.0 15.033296378372908 1.1535229813151924 
85 118 2 0 27 22 13.038404810405298 15.033296378372908 1.169261002038563 
81 117 2 0 31 27 12.0 15.033296378372908 1.1675467054875688 
80 115 2 0 34 26 11.40175425099138 15.033296378372908 1.1605118823542309 
79 107 2 0 39 26 11.40175425099138 15.033296378372908 1.1582141255036231 
78 106 2 0 39 25 11.40175425099138 15.033296378372908 1.160364901149539 
72 102 3 0 26 25 11.40175425099138 15.033296378372908 1.1687214040295884 
66 100 4 0 21 24 11.40175425099138 15.033296378372908 1.1807024459372844 
60 99 4 0 16 29 11.045361017187261 15.033296378372908 1.175155299008173 
56 98 4 0 15 25 11.045361017187261 15.033296378372908 1.165918685358709 
56 92 4 0 20 23 11.045361017187261 14.0 1.1854139853758188 
55 90 4 0 22 33 11.045361017187261 14.0 1.1863879439557714 
51 88 4 0 18 34 11.045361017187261 14.0 1.1971856264955025 
47 86 5 0 17 34 11.045361017187261 12.649110640673518 1.184756252837642 
46 85 6 0 20 22 11.045361017187261 12.649110640673518 1.1922282963559285 
38 84 7 0 8 21 9.055385138137417 12.649110640673518 1.1736286682169101 
37 80 7 1 19 18 9.055385138137417 12.649110640673518 1.1731927839638623 
35 79 7 1 14 19 7.0710678118654755 12.649110640673518 1.1829801551220638 
29 78 8 1 6 19 7.0710678118654755 12.649110640673518 1.1849094640349862 
30 76 8 1 9 21 8.246211251235321 12.649110640673518 1.1811078080133453 
24 75 8 1 4 18 4.242640687119285 12.649110640673518 1.1772312830214213 
23 74 9 2 4 19 4.242640687119285 12.649110640673518 1.1763584025766127 
22 73 9 2 3 19 2.8284271247461903 11.40175425099138 1 
