140 140 0 0 14 14 16.0 16.0 1.0625600975257652 
138 139 0 0 17 17 16.0 14.142135623730951 1.0728903188718064 
136 138 0 0 22 20 13.038404810405298 14.142135623730951 1.0724853343759986 
132 137 0 0 22 18 13.341664064126334 14.142135623730951 1.0860712952078648 
128 136 0 0 22 23 12.649110640673518 16.0 1.097665480085575 
124 135 0 0 22 27 12.649110640673518 16.0 1.1138285997618431 
120 133 0 0 22 34 13.038404810405298 16.0 1.1058870284969549 
112 132 1 0 18 22 13.038404810405298 16.0 1.1112866952330327 
112 131 1 0 26 23 13.038404810405298 16.0 1.107616705539456 
106 130 1 0 23 19 13.038404810405298 16.0 1.1120497679877837 
102 128 2 0 17 17 13.038404810405298 16.0 1.1154077099437119 
102 127 2 0 25 17 14.0 15.033296378372908 1.1262328622656206 
92 126 2 0 18 19 15.033296378372908 15.033296378372908 1.1282915498193045 
91 125 2 0 25 18 15.033296378372908 15.033296378372908 1.1327083839833219 
83 124 2 0 18 18 15.033296378372908 15.033296378372908 1.1291777703363723 
82 123 2 0 19 16 15.033296378372908 15.033296378372908 1.1264013495352003 
78 122 2 0 15 14 15.033296378372908 15.033296378372908 1.1404233171393316 
70 120 3 0 10 14 15.033296378372908 15.033296378372908 1.1458841977819796 
69 118 3 0 15 16 15.033296378372908 15.033296378372908 1.1443339634977008 
65 114 3 0 10 17 15.033296378372908 15.033296378372908 1.1538202358184177 
64 113 4 0 13 16 15.033296378372908 14.142135623730951 1.1626220956434596 
64 111 4 0 19 20 15.033296378372908 14.142135623730951 1.165130719840019 
62 110 4 0 18 21 15.033296378372908 14.142135623730951 1.1704478973735564 
60 109 5 0 12 20 15.033296378372908 14.142135623730951 1.1706675409920997 
60 107 5 0 17 20 15.033296378372908 14.142135623730951 1.1709294909028225 
59 106 5 0 21 19 15.033296378372908 14.142135623730951 1.1880304877786254 
53 105 6 0 13 22 15.033296378372908 14.142135623730951 1.1919667693037623 
52 104 6 0 13 24 14.0 14.142135623730951 1.2008102154718059 
48 100 7 0 9 25 14.0 14.142135623730951 1.1993522067835471 
47 99 7 0 10 24 13.038404810405298 14.142135623730951 1.1992972443645462 
46 98 7 0 10 24 12.0 14.142135623730951 1.193171892255232 
45 97 7 0 10 21 12.0 14.142135623730951 1.1897175022304873 
44 96 7 0 11 19 11.045361017187261 14.142135623730951 1.191506007347701 
42 94 7 0 11 20 11.045361017187261 12.0 1.195979713603675 
40 92 7 0 12 22 9.055385138137417 12.0 1.1996344027961667 
39 91 7 0 15 23 9.055385138137417 12.0 1.1986237604545593 
33 90 7 0 13 20 8.246211251235321 12.0 1.1956920593552638 
32 89 7 0 15 18 8.246211251235321 12.0 1.2097016598597927 
26 88 8 0 8 19 4.47213595499958 12.0 1.2155512632387462 
25 87 8 0 8 22 4.47213595499958 12.0 1.2087543206029068 
23 86 9 1 4 22 4.242640687119285 12.0 1.2108993232230791 
21 84 9 1 1 24 1.4142135623730951 12.0 1 
