140 140 0 0 14 14 16.0 16.0 1.11742734095917 
138 139 0 0 17 17 16.0 14.142135623730951 1.118889293802008 
136 138 0 0 22 17 13.038404810405298 14.142135623730951 1.1276216915169994 
132 137 0 0 22 22 14.142135623730951 14.142135623730951 1.124182383245545 
128 135 0 0 22 19 13.341664064126334 16.0 1.1258269275423622 
124 133 0 0 22 20 14.0 16.0 1.1360193146086093 
120 132 0 0 22 26 14.0 16.0 1.1405724800910229 
116 130 0 0 22 29 14.0 16.0 1.1372191636478846 
112 128 0 0 25 26 14.0 16.0 1.1560717353896999 
106 127 1 0 18 31 14.142135623730951 16.0 1.1512815532839111 
105 126 1 0 24 27 14.142135623730951 16.0 1.1725617689956358 
93 125 2 0 16 31 14.142135623730951 16.0 1.1689562256655215 
92 124 2 0 21 28 14.0 16.0 1.1727059247809413 
82 123 2 0 14 28 14.0 16.0 1.1629235166359408 
81 121 2 0 17 22 14.0 16.0 1.1668704502699943 
75 119 2 0 15 24 14.0 16.0 1.1899285978305385 
71 118 3 0 18 31 14.0 16.0 1.192239995918737 
70 117 3 0 18 33 14.0 16.0 1.1753933972257913 
66 115 3 0 14 22 14.0 16.0 1.169416244370786 
64 114 3 0 13 18 14.0 16.0 1.1794328093931583 
63 113 4 0 13 18 14.0 16.0 1.1802993602035643 
62 112 4 0 13 19 13.038404810405298 16.0 1.1847601884343608 
60 111 4 0 13 22 12.165525060596439 16.0 1.1839492287754163 
58 110 4 0 15 21 11.40175425099138 16.0 1.182600697657422 
56 109 4 0 15 20 10.770329614269007 16.0 1.1871688947533714 
55 108 4 0 18 23 10.770329614269007 16.0 1.1945798936693737 
49 106 5 0 11 21 10.198039027185569 16.0 1.204864759268934 
48 105 6 0 12 21 10.198039027185569 16.0 1.214613023714118 
47 104 7 0 11 21 10.198039027185569 16.0 1.2185308512152273 
45 103 7 0 9 24 10.198039027185569 16.0 1.2124840676662387 
41 102 7 0 8 19 10.198039027185569 16.0 1.2166294320482751 
41 101 7 0 12 22 10.198039027185569 16.0 1.2178828985764782 
35 100 7 0 6 22 10.198039027185569 16.0 1.218750776830651 
34 99 7 0 6 23 9.055385138137417 16.0 1.2075926434996695 
33 95 7 0 8 18 8.0 16.0 1.2097378213806411 
29 94 7 0 5 19 5.656854249492381 16.0 1.2075884450399335 
27 93 7 0 2 18 4.47213595499958 16.0 1.2187886067613038 
26 92 8 0 1 19 4.47213595499958 16.0 1.219389410308389 
25 91 8 0 0 20 3.1622776601683795 16.0 1.2142996059258662 
25 90 8 0 2 17 1.4142135623730951 16.0 1.2237571504346665 
24 89 9 0 0 17 4.47213595499958 16.0 1.2224736206793914 
24 88 9 0 0 17 4.47213595499958 16.0 1.2211900909241165 
24 87 9 0 0 17 4.47213595499958 16.0 1.2199065611688413 
24 86 9 0 0 17 4.47213595499958 16.0 1.2186230314135664 
24 85 9 0 0 17 4.47213595499958 16.0 1.2173429631541062 
24 84 9 0 0 17 4.0 16.0 1.2189597664553886 
24 83 9 0 0 19 4.47213595499958 16.0 1.2147759036435561 
24 82 9 0 0 17 4.0 16.0 1.2149408096686523 
24 81 9 0 0 18 4.47213595499958 16.0 1.2136607414091922 
24 80 9 0 0 18 4.0 16.0 1.2109218528819161 
24 79 9 0 0 17 4.47213595499958 16.0 1.209641784622456 
24 78 9 0 0 17 4.0 16.0 1.208354793371366 
24 77 9 0 0 17 4.47213595499958 16.0 1.2043392980804448 
24 75 9 0 0 16 4.0 16.0 1.2003168797978938 
24 73 9 0 0 15 4.47213595499958 16.0 1.2004887088146199 
24 72 9 0 0 16 4.0 16.0 1.19920171756353 
24 71 9 0 0 16 4.47213595499958 16.0 1.1979216493040699 
24 70 9 0 0 16 4.0 16.0 1.1807759805552696 
24 69 9 1 0 15 4.47213595499958 16.0 1.1794959122958095 
24 68 9 1 0 15 4.0 16.0 1.1811127155970917 
24 67 9 1 0 17 4.47213595499958 16.0 1.1654258671161077 
24 66 9 2 0 17 4.0 16.0 1.1670426704173902 
24 65 9 2 0 19 4.47213595499958 16.0 1.1628588076055577 
24 64 9 2 0 17 4.0 16.0 1.1615718163544677 
24 63 9 2 0 17 4.47213595499958 16.0 1.14024574628965 
24 61 9 3 0 14 4.0 16.0 1.1375068577623737 
24 60 9 3 0 13 4.47213595499958 16.0 1.1363951570238249 
24 58 9 3 0 14 4.0 16.0 1.135108165772735 
24 57 9 3 0 14 4.47213595499958 16.0 1.1179694200155643 
24 56 9 4 0 13 4.0 16.0 1.1152305314882884 
24 55 9 4 0 12 4.47213595499958 16.0 1.1108440190699689 
24 53 9 4 0 11 4.0 15.033296378372908 1.1081051305426928 
24 52 9 4 0 10 4.47213595499958 15.033296378372908 1.1068250622832327 
24 51 9 4 0 10 4.0 15.033296378372908 1.1055380710321427 
24 50 9 4 0 10 4.47213595499958 15.033296378372908 1.0898512225511587 
24 49 9 5 0 10 4.0 15.033296378372908 1.0885642313000687 
24 48 9 5 0 10 4.47213595499958 15.033296378372908 1.08292847121205 
24 47 9 5 0 7 4.0 15.033296378372908 1.08164147996096 
24 46 9 5 0 7 4.47213595499958 15.033296378372908 1.0617673071723286 
24 44 9 6 0 5 4.0 15.033296378372908 1.0604803159212388 
24 43 9 6 0 5 4.47213595499958 15.033296378372908 1.0560682454593153 
24 41 9 6 0 4 4.0 14.0 1.0547812542082255 
24 40 9 6 0 4 4.47213595499958 14.0 1.037642508451055 
24 39 9 7 0 3 4.0 14.0 1.0363555171999652 
24 38 9 7 0 3 4.47213595499958 14.0 1.0321716543881325 
24 37 9 7 0 1 4.0 14.0 1.0308846631370427 
24 36 9 7 0 1 4.47213595499958 14.0 1.0151978146560583 
24 35 9 8 0 1 4.0 14.0 1.0120898695979266 
24 34 9 8 0 0 4.47213595499958 13.038404810405298 1.0162806554013886 
24 35 9 8 0 2 4.0 13.038404810405298 1.0120898695979266 
24 34 9 8 0 0 4.47213595499958 13.038404810405298 1.0228881582935672 
24 37 9 8 0 4 4.0 16.0 1.021230149915079 
24 36 9 8 0 4 4.47213595499958 15.033296378372908 1.0152523657611103 
24 35 9 8 0 1 4.0 14.142135623730951 1.0120898695979266 
24 34 9 8 0 0 4.47213595499958 13.038404810405298 1.0152523657611103 
24 35 9 8 0 1 4.0 14.142135623730951 1.0120898695979266 
24 34 9 8 0 0 4.47213595499958 13.038404810405298 1.0228881582935672 
24 37 9 8 0 4 4.0 16.0 1.021230149915079 
24 36 9 8 0 4 4.47213595499958 15.033296378372908 1.0120933310937414 
24 34 9 8 0 0 4.0 13.038404810405298 1.0135417668741127 
24 34 9 8 0 1 4.47213595499958 13.038404810405298 0.9964030211169423 
24 33 9 9 0 0 4.0 13.038404810405298 0.9965159493549149 
24 33 9 9 0 0 4.47213595499958 13.341664064126334 1.013661618103715 
24 34 9 8 0 1 4.0 13.341664064126334 0.9965159493549149 
24 33 9 9 0 0 4.47213595499958 13.341664064126334 1.0151135153799011 
24 34 9 8 0 2 4.0 13.341664064126334 0.9965159493549149 
24 33 9 9 0 0 4.47213595499958 13.341664064126334 1.0071978483167683 
24 36 9 9 0 4 4.0 16.0 1.001010491564683 
24 34 9 9 0 2 4.47213595499958 14.142135623730951 0.9964030211169423 
24 33 9 9 0 0 4.0 13.038404810405298 1.0135417668741127 
24 34 9 8 0 1 4.47213595499958 13.038404810405298 0.9964030211169423 
24 33 9 9 0 0 4.0 13.038404810405298 1.0136581566079002 
24 34 9 8 0 1 4.47213595499958 13.341664064126334 0.9964030211169423 
24 33 9 9 0 0 4.0 13.038404810405298 1.0167008015414816 
24 35 9 8 0 2 4.47213595499958 14.142135623730951 1.013661618103715 
24 34 9 8 0 1 4.0 13.341664064126334 0.9963995596211275 
24 33 9 9 0 0 4.47213595499958 13.038404810405298 0.9964030211169423 
24 33 9 9 0 0 4.0 13.038404810405298 1.0055398399382798 
24 35 9 9 0 4 4.47213595499958 15.033296378372908 0.9965194108507298 
24 33 9 9 0 0 4.0 13.341664064126334 1.0136581566079002 
24 34 9 8 0 1 4.47213595499958 13.341664064126334 0.9965194108507298 
24 33 9 9 0 0 4.0 13.341664064126334 0.9779877799954524 
24 21 9 9 0 1 4.47213595499958 1.4142135623730951 -1 
