140 139 0 0 14 19 16.0 16.0 1.0929769984753095 
138 137 0 0 17 22 13.038404810405298 14.142135623730951 1.0984754876995542 
134 135 0 0 16 25 13.038404810405298 16.0 1.0975205062149218 
132 134 0 0 16 24 13.038404810405298 16.0 1.0927601798100737 
130 133 0 0 16 20 13.038404810405298 16.0 1.0942841356450703 
128 132 0 0 16 21 13.341664064126334 16.0 1.0960859463624764 
126 131 0 0 14 22 13.341664064126334 16.0 1.0960265304545866 
124 130 0 0 16 22 14.142135623730951 16.0 1.0939478479101579 
122 128 0 0 15 21 14.142135623730951 16.0 1.095454614697383 
120 126 0 0 16 23 14.142135623730951 16.0 1.0906887388562372 
118 122 0 0 17 22 14.142135623730951 16.0 1.0948075505985593 
116 121 0 0 17 25 14.142135623730951 16.0 1.0899372763994306 
114 120 0 0 18 21 14.142135623730951 16.0 1.089753170423894 
112 119 0 0 18 21 14.142135623730951 15.033296378372908 1.0873942203095779 
110 117 0 0 18 20 15.033296378372908 15.033296378372908 1.091547831504561 
108 115 0 0 18 24 15.033296378372908 15.033296378372908 1.0908127456084902 
106 114 0 0 16 23 15.033296378372908 15.033296378372908 1.092214638038887 
102 113 0 0 16 23 15.033296378372908 14.142135623730951 1.0874543116340387 
100 112 0 0 16 19 15.033296378372908 14.142135623730951 1.0919617385400866 
96 111 0 0 15 21 15.033296378372908 14.142135623730951 1.0899930037899384 
94 109 0 0 13 20 15.033296378372908 14.142135623730951 1.1134940656032577 
93 108 1 0 13 30 15.033296378372908 14.142135623730951 1.12550761680367 
89 106 2 0 12 30 15.033296378372908 14.142135623730951 1.1245526353190374 
87 105 2 0 12 29 15.033296378372908 14.142135623730951 1.111688328805553 
86 104 2 0 11 19 14.142135623730951 14.142135623730951 1.1150607478507677 
85 103 2 0 11 22 14.0 14.142135623730951 1.114726478835232 
84 102 2 0 11 22 13.341664064126334 14.142135623730951 1.1206665886467877 
83 101 2 0 11 27 13.038404810405298 14.142135623730951 1.1122108651160048 
81 100 2 0 10 20 13.038404810405298 14.142135623730951 1.1144544966002337 
80 99 2 0 10 22 12.165525060596439 14.142135623730951 1.1338828143807378 
74 98 3 0 13 26 12.165525060596439 14.142135623730951 1.1317529558229114 
70 96 3 0 15 24 12.165525060596439 14.142135623730951 1.1526071732284728 
69 95 4 0 16 32 12.165525060596439 14.142135623730951 1.1417832726593764 
65 94 4 0 16 22 12.165525060596439 14.142135623730951 1.150205992279921 
61 93 4 0 14 27 12.165525060596439 14.142135623730951 1.1470004445829074 
59 91 4 0 12 25 12.0 14.142135623730951 1.1440153122465635 
57 87 4 0 10 25 11.045361017187261 14.142135623730951 1.1373229274911658 
56 86 4 0 9 20 11.045361017187261 14.142135623730951 1.1495179023381186 
55 85 5 0 8 21 11.045361017187261 14.142135623730951 1.1491677591164138 
54 84 5 0 7 21 11.045361017187261 14.142135623730951 1.160094285656628 
53 83 6 0 6 21 11.045361017187261 14.142135623730951 1.1621710912541197 
52 82 6 0 6 23 11.045361017187261 14.142135623730951 1.137555297206229 
50 76 6 1 5 19 11.045361017187261 14.142135623730951 1.1385634452226705 
49 75 6 1 5 20 10.0 14.142135623730951 1.1371253896867166 
48 74 6 1 4 19 9.055385138137417 14.142135623730951 1.1352869025697114 
47 73 6 1 5 18 9.055385138137417 14.142135623730951 1.1349367593480066 
46 72 6 1 4 18 9.055385138137417 14.142135623730951 1.139055571090329 
44 71 6 1 4 21 9.055385138137417 14.142135623730951 1.1431743828326508 
42 70 6 1 4 24 9.055385138137417 14.142135623730951 1.143487849654757 
40 69 6 1 4 24 9.055385138137417 14.142135623730951 1.1500041930118277 
38 68 7 1 4 20 9.055385138137417 14.142135623730951 1.165271537681646 
36 67 8 1 7 23 8.0 14.142135623730951 1.162656428653233 
32 65 8 1 5 21 7.0710678118654755 12.0 1.1577941902895277 
30 63 8 1 6 18 7.211102550927978 12.0 1.1590862193156515 
29 62 8 1 4 19 5.830951894845301 12.0 1.1587693498571094 
28 61 8 1 3 19 5.656854249492381 12.0 1.1407067427539719 
27 60 8 2 3 16 5.656854249492381 12.0 1.1403565995322669 
26 59 8 2 2 16 5.656854249492381 12.0 1.1388983465022773 
25 58 8 2 2 15 4.242640687119285 12.0 1.1409751520997693 
24 57 8 2 2 17 4.242640687119285 12.0 1.1519016786399836 
23 56 9 2 1 17 4.242640687119285 12.0 1.1491749773032554 
22 55 9 2 1 15 2.8284271247461903 12.0 1.147716724273266 
21 54 9 2 1 14 1.4142135623730951 12.0 1 
