140 139 0 0 14 17 16.0 16.0 1.0339504778491562 
138 137 0 0 17 16 13.341664064126334 14.142135623730951 1.043612705464892 
136 135 0 0 22 19 14.142135623730951 14.142135623730951 1.0468198998079867 
132 133 0 0 22 19 14.142135623730951 13.341664064126334 1.0451057373215047 
128 129 0 0 22 18 15.033296378372908 15.033296378372908 1.054243199706405 
124 128 0 0 22 20 15.033296378372908 15.033296378372908 1.0698562189782537 
120 127 0 0 22 25 15.033296378372908 15.033296378372908 1.072870763129104 
116 125 0 0 25 24 15.033296378372908 15.033296378372908 1.0824702006406228 
108 124 1 0 18 21 14.142135623730951 15.033296378372908 1.1079583193200822 
104 123 1 0 20 30 14.142135623730951 15.033296378372908 1.123464913812273 
103 122 1 0 24 36 14.142135623730951 15.033296378372908 1.1269601806487137 
93 121 1 0 17 33 14.142135623730951 15.033296378372908 1.1279220325810466 
92 120 2 0 21 28 14.142135623730951 15.033296378372908 1.12502587659602 
88 119 2 0 19 25 14.142135623730951 15.033296378372908 1.1506070056388567 
82 118 3 0 15 30 13.038404810405298 15.033296378372908 1.136477003408477 
80 117 4 0 13 19 13.038404810405298 15.033296378372908 1.134988654907602 
79 116 4 0 14 18 13.341664064126334 15.033296378372908 1.1419675983301858 
75 115 4 0 14 19 13.341664064126334 15.033296378372908 1.147599093414766 
74 114 4 0 16 21 13.341664064126334 15.033296378372908 1.1573861780773622 
70 112 4 0 16 24 13.341664064126334 15.033296378372908 1.1632035278890351 
66 110 4 0 20 24 13.038404810405298 15.033296378372908 1.1708650847673714 
60 109 4 0 16 25 13.038404810405298 15.033296378372908 1.173509695419752 
54 108 5 0 10 20 13.341664064126334 15.033296378372908 1.200670758524677 
53 107 6 0 11 28 13.341664064126334 15.033296378372908 1.1939716516145327 
52 106 6 0 14 24 13.341664064126334 15.033296378372908 1.1869781270485362 
51 104 6 0 12 22 13.341664064126334 15.033296378372908 1.1893822002348153 
47 102 7 0 6 19 12.165525060596439 15.033296378372908 1.1917019714207397 
46 101 7 0 6 20 11.045361017187261 15.033296378372908 1.1955982084851473 
44 100 7 0 6 21 10.0 15.033296378372908 1.197328028290034 
42 99 7 0 6 21 9.055385138137417 15.033296378372908 1.1968887108308888 
40 98 7 0 6 20 8.246211251235321 15.033296378372908 1.2011050574243973 
38 96 7 0 9 21 7.615773105863909 15.033296378372908 1.2033370099883154 
37 95 7 0 9 22 7.615773105863909 15.033296378372908 1.2078339062942076 
33 94 7 0 5 23 7.615773105863909 15.033296378372908 1.2161685855840985 
32 93 8 0 4 23 11.661903789690601 15.033296378372908 1.2154607474033876 
31 91 8 0 5 23 10.295630140987 15.033296378372908 1.2102305380601146 
29 90 8 0 4 20 7.615773105863909 15.033296378372908 1.2045792659459478 
28 88 8 0 4 18 6.324555320336759 15.033296378372908 1.2233087575388997 
24 87 9 0 1 21 5.0990195135927845 15.033296378372908 1.2249693447416166 
23 86 9 0 0 22 4.47213595499958 15.033296378372908 1.2197930324100599 
23 84 9 0 0 21 4.47213595499958 15.033296378372908 1.2182841357254397 
23 83 9 0 0 21 4.47213595499958 15.033296378372908 1.2146167200785034 
23 82 9 0 0 20 4.47213595499958 15.033296378372908 1.2021055764530744 
23 78 9 0 0 17 4.47213595499958 15.033296378372908 1.1962796418438217 
23 77 9 0 0 15 4.47213595499958 15.033296378372908 1.1926122261968854 
23 76 9 0 0 14 4.47213595499958 15.033296378372908 1.1911033295122653 
23 75 9 0 0 14 4.47213595499958 15.033296378372908 1.1874359138653288 
23 74 9 0 0 13 4.47213595499958 15.033296378372908 1.1837684982183925 
23 73 9 0 0 12 4.47213595499958 15.033296378372908 1.1691530928332126 
23 71 9 1 0 14 4.47213595499958 15.033296378372908 1.1676441961485924 
23 70 9 1 0 14 4.47213595499958 15.033296378372908 1.1639767805016563 
23 69 9 1 0 13 4.47213595499958 15.033296378372908 1.1624678838170361 
23 68 9 1 0 13 4.47213595499958 15.033296378372908 1.160958987132416 
23 67 9 1 0 13 4.47213595499958 15.033296378372908 1.1594500904477958 
23 66 9 1 0 13 4.47213595499958 15.033296378372908 1.1579411937631756 
23 65 9 1 0 13 4.47213595499958 15.033296378372908 1.1564322970785554 
23 64 9 1 0 13 4.47213595499958 15.033296378372908 1.1526302016210668 
23 63 9 1 0 12 4.47213595499958 14.0 1.155438342861079 
23 62 9 1 0 14 4.47213595499958 14.0 1.1539294461764589 
23 61 9 1 0 14 4.47213595499958 14.0 1.14594499260489 
23 60 9 1 0 11 4.47213595499958 14.0 1.1291710682573937 
23 58 9 2 0 12 4.47213595499958 14.0 1.111747521632202 
23 57 9 3 0 12 4.47213595499958 14.0 1.0964824939693258 
23 56 9 4 0 13 4.47213595499958 14.0 1.0928150783223896 
23 55 9 4 0 12 4.47213595499958 14.0 1.0913061816377694 
23 54 9 4 0 12 4.47213595499958 14.0 1.076041153974893 
23 53 9 5 0 13 4.47213595499958 14.0 1.074532257290273 
23 52 9 5 0 13 4.47213595499958 14.0 1.0730603751208139 
23 51 9 5 0 13 4.0 14.0 1.0613900173389244 
23 49 9 5 0 9 4.47213595499958 14.142135623730951 1.0577596162071492 
23 48 9 5 0 8 4.0 14.142135623730951 1.0562137050073679 
23 47 9 5 0 8 4.47213595499958 14.142135623730951 1.0547418228379093 
23 46 9 5 0 8 4.0 14.142135623730951 1.053195911638128 
23 45 9 5 0 8 4.47213595499958 14.142135623730951 1.051724029468669 
23 44 9 5 0 8 4.0 14.142135623730951 1.0501781182688876 
23 43 9 5 0 8 4.47213595499958 14.142135623730951 1.0442453379426782 
23 42 9 5 0 6 4.0 13.038404810405298 1.0246262578400085 
23 41 9 6 0 5 4.47213595499958 13.038404810405298 1.0209958567082333 
23 40 9 6 0 4 4.0 13.038404810405298 1.0013767766055637 
23 39 9 7 0 3 4.47213595499958 13.038404810405298 0.9977463754737883 
23 38 9 7 0 2 4.0 13.038404810405298 0.996200464274007 
23 37 9 7 0 2 4.47213595499958 13.038404810405298 0.9925700631422317 
23 36 9 7 0 1 4.0 13.038404810405298 0.9910241519424504 
23 35 9 7 0 1 4.47213595499958 13.038404810405298 0.9736376198324198 
23 34 9 8 0 1 4.0 13.038404810405298 0.9697978440269338 
23 33 9 8 0 0 4.47213595499958 12.0 0.9937555365843216 
23 34 9 7 0 3 4.0 12.165525060596439 0.9719779375193358 
23 33 9 8 0 1 4.47213595499958 12.165525060596439 0.9524328864469884 
23 32 9 9 0 0 4.0 12.165525060596439 0.9779176432418911 
23 34 9 8 0 3 4.47213595499958 13.038404810405298 0.969834858542095 
23 33 9 8 0 0 4.0 12.0 0.9779176432418911 
23 34 9 8 0 3 4.47213595499958 13.038404810405298 0.969834858542095 
23 33 9 8 0 0 4.0 12.0 0.9756237786361864 
23 34 9 8 0 2 4.47213595499958 12.0 0.9719933775044112 
23 33 9 8 0 1 4.0 12.0 0.9523958719318273 
23 32 9 9 0 0 4.47213595499958 12.165525060596439 0.9524113119169026 
23 32 9 9 0 0 4.0 12.0 0.9801156890037725 
23 34 9 8 0 4 4.47213595499958 13.341664064126334 0.9719933775044112 
23 33 9 8 0 1 4.0 12.0 0.9524589024578929 
23 32 9 9 0 0 4.47213595499958 12.649110640673518 0.9779546577570523 
23 34 9 8 0 3 4.0 13.038404810405298 0.9719779375193358 
23 33 9 8 0 1 4.47213595499958 12.165525060596439 0.952495916973054 
23 32 9 9 0 0 4.0 12.649110640673518 0.9833539696643406 
23 36 9 8 0 4 4.47213595499958 15.033296378372908 0.9796074146737899 
23 35 9 8 0 3 4.0 14.142135623730951 0.9736401321168239 
23 34 9 8 0 1 4.47213595499958 13.341664064126334 0.9698564330721807 
23 33 9 8 0 0 4.0 12.165525060596439 0.9698194185570196 
23 33 9 8 0 0 4.47213595499958 12.165525060596439 0.9915970176220054 
23 34 9 7 0 2 4.0 12.165525060596439 0.9698194185570196 
23 33 9 8 0 0 4.47213595499958 12.165525060596439 0.969834858542095 
23 33 9 8 0 0 4.0 12.0 0.9953411898670829 
23 35 9 7 0 3 4.47213595499958 13.038404810405298 0.9915754430919196 
23 34 9 7 0 2 4.0 12.0 0.9697978440269338 
23 33 9 8 0 0 4.47213595499958 12.0 0.9540157629729998 
23 22 9 8 0 1 4.0 1.4142135623730951 0.9391589043924721 
21 21 9 9 1 0 1.4142135623730951 7.0710678118654755 1 
