140 140 0 0 14 14 16.0 16.0 1.1165238677861065 
138 138 0 0 17 17 16.0 14.0 1.1229011501207777 
136 137 0 0 22 20 14.0 14.0 1.132461730550663 
132 135 0 0 27 25 14.0 14.142135623730951 1.1327005857552428 
128 134 0 0 27 24 14.0 14.142135623730951 1.135749249160614 
124 132 0 0 28 25 13.038404810405298 16.0 1.1292069799397801 
124 128 0 0 37 22 13.341664064126334 16.0 1.1266418701163141 
120 126 0 0 37 20 13.341664064126334 16.0 1.1288458049610328 
114 125 0 0 30 21 13.341664064126334 16.0 1.1308089123286051 
113 124 0 0 33 22 13.038404810405298 16.0 1.1424926728789855 
107 123 0 0 32 28 13.038404810405298 16.0 1.1520349199700957 
101 122 1 0 41 23 13.038404810405298 16.0 1.1554040669781016 
93 121 1 0 33 24 13.038404810405298 16.0 1.1689179315528015 
83 120 2 0 24 24 14.0 16.0 1.1799933109786898 
82 119 3 0 15 27 14.0 16.0 1.1911230636009176 
81 118 3 0 19 34 14.0 16.0 1.1902495891610205 
77 117 3 0 20 32 14.0 16.0 1.187765742356481 
73 116 4 0 16 23 14.0 16.0 1.1922230540005652 
72 115 4 0 19 26 14.0 15.033296378372908 1.191027406060763 
70 113 4 0 23 25 15.033296378372908 15.033296378372908 1.1950998022414097 
64 112 4 0 13 28 15.033296378372908 15.033296378372908 1.2046026392882379 
58 111 4 0 10 33 15.033296378372908 15.033296378372908 1.2066228763911717 
52 109 5 0 14 25 15.033296378372908 15.033296378372908 1.2071727030858472 
46 108 6 0 6 18 15.033296378372908 15.033296378372908 1.2106559356279791 
44 107 6 0 7 20 13.341664064126334 15.033296378372908 1.2086609848101955 
42 106 6 0 5 19 13.341664064126334 15.033296378372908 1.2185808654645778 
40 105 7 0 3 19 15.033296378372908 15.033296378372908 1.2165400529043153 
39 104 7 0 3 18 14.0 15.033296378372908 1.2159675981140166 
38 103 7 0 3 18 13.038404810405298 15.033296378372908 1.2153953252508103 
37 102 7 0 3 18 12.0 15.033296378372908 1.2164244717488788 
36 100 7 0 3 20 11.045361017187261 15.033296378372908 1.214516777931222 
35 98 7 0 3 20 10.0 15.033296378372908 1.2128319532777656 
34 97 7 0 4 19 9.055385138137417 15.033296378372908 1.1944187815684995 
33 96 7 1 3 17 8.0 15.033296378372908 1.1939793395813496 
32 94 7 1 3 18 7.0710678118654755 15.033296378372908 1.1963441992769566 
31 93 7 1 3 20 6.0 15.033296378372908 1.1928345457229637 
30 92 7 1 3 18 5.0990195135927845 15.033296378372908 1.1834917203134143 
29 88 7 1 2 15 5.0990195135927845 15.033296378372908 1.1869184557616297 
27 86 8 1 2 11 5.0990195135927845 15.033296378372908 1.1856339305610633 
26 85 8 1 0 11 4.0 15.033296378372908 1.1872355483255235 
26 84 8 1 0 13 4.0 15.033296378372908 1.169883897380766 
26 83 8 2 0 12 4.0 15.033296378372908 1.1700169875477242 
26 82 8 2 0 13 4.0 15.033296378372908 1.1672130225196786 
26 81 8 2 0 12 4.0 15.033296378372908 1.165877585089135 
26 80 8 2 0 12 4.0 15.033296378372908 1.1660106752560935 
26 79 8 2 0 13 4.0 15.033296378372908 1.1501275519088379 
26 78 8 3 0 13 4.0 15.033296378372908 1.1502606420757961 
26 77 8 3 0 14 4.0 15.033296378372908 1.1474566770477506 
26 76 8 3 0 13 4.0 15.033296378372908 1.144652712019705 
26 75 8 3 0 12 4.0 15.033296378372908 1.1419818371586177 
26 73 8 3 0 12 4.0 15.033296378372908 1.1393109622975304 
26 71 8 3 0 12 4.0 15.033296378372908 1.1379755248669867 
26 70 8 3 0 12 4.0 15.033296378372908 1.136640087436443 
26 69 8 3 0 12 4.0 15.033296378372908 1.1353046500058994 
26 68 8 3 0 12 4.0 15.033296378372908 1.1339692125753558 
26 67 8 3 0 12 4.0 15.033296378372908 1.1261190680998627 
26 65 8 3 0 9 4.0 13.341664064126334 1.1247836306693193 
26 64 8 3 0 9 4.0 13.341664064126334 1.1219796656412737 
26 63 8 3 0 8 4.0 13.341664064126334 1.12064422821073 
26 62 8 3 0 8 4.0 13.341664064126334 1.1193087907801864 
26 61 8 3 0 8 4.0 13.341664064126334 1.1034256674329308 
26 60 8 4 0 8 4.0 13.341664064126334 1.1004830034179678 
26 59 8 4 0 7 4.0 13.038404810405298 1.0976790383899222 
26 58 8 4 0 6 4.0 13.038404810405298 1.0963436009593786 
26 57 8 4 0 6 4.0 13.038404810405298 1.095008163528835 
26 56 8 4 0 6 4.0 13.038404810405298 1.0936727260982912 
26 55 8 4 0 6 4.0 13.038404810405298 1.0777896027510356 
26 54 8 5 0 6 4.0 13.038404810405298 1.076454165320492 
26 53 8 5 0 6 4.0 13.038404810405298 1.0751187278899483 
26 52 8 5 0 6 4.0 13.038404810405298 1.0723147628619027 
26 51 8 5 0 5 4.0 13.038404810405298 1.0695107978338572 
26 50 8 5 0 4 4.0 13.038404810405298 1.0521591468890994 
26 49 8 6 0 3 4.0 13.038404810405298 1.049355181861054 
26 48 8 6 0 2 4.0 13.038404810405298 1.0480197444305106 
26 47 8 6 0 2 4.0 13.038404810405298 1.029199565888251 
26 46 8 7 0 0 4.0 13.038404810405298 1.0322753200701722 
26 46 8 7 0 2 4.0 13.341664064126334 1.0291546080441683 
26 45 8 7 0 1 4.0 12.649110640673518 1.0115817838648873 
26 44 8 8 0 0 4.0 12.165525060596439 1.0147849701384972 
26 45 8 8 0 1 4.0 13.038404810405298 1.0115817838648873 
26 44 8 8 0 0 4.0 12.165525060596439 1.0321366210832548 
26 46 8 7 0 2 4.0 13.038404810405298 1.0289334348096448 
26 45 8 7 0 1 4.0 12.165525060596439 1.0115817838648873 
26 44 8 8 0 0 4.0 12.165525060596439 1.0289334348096448 
26 45 8 7 0 1 4.0 12.165525060596439 1.0115817838648873 
26 44 8 8 0 0 4.0 12.165525060596439 1.0289334348096448 
26 45 8 7 0 1 4.0 12.165525060596439 1.0115817838648873 
26 44 8 8 0 0 4.0 12.165525060596439 1.0147849701384972 
26 45 8 8 0 1 4.0 13.038404810405298 1.0115817838648873 
26 44 8 8 0 0 4.0 12.165525060596439 0.9810088487816517 
26 32 8 9 0 0 4.0 12.165525060596439 1.001933933180952 
24 33 8 8 1 2 1.4142135623730951 12.649110640673518 0.9939585234387412 
23 32 9 9 0 0 5.656854249492381 12.649110640673518 -1 
