140 139 0 0 14 19 16.0 16.0 1.0916756277424682 
138 138 0 0 17 16 13.038404810405298 14.142135623730951 1.096155844062669 
134 136 0 0 16 18 12.165525060596439 16.0 1.0976936444679557 
132 135 0 0 16 19 13.038404810405298 16.0 1.099247142999368 
130 133 0 0 16 21 14.142135623730951 16.0 1.0982951274736104 
128 131 0 0 16 21 14.142135623730951 16.0 1.1040442262697536 
126 130 0 0 14 25 14.142135623730951 16.0 1.105590906112248 
124 129 0 0 16 26 14.142135623730951 16.0 1.1073020734185117 
122 128 0 0 15 27 14.142135623730951 16.0 1.1089035824155957 
120 127 0 0 16 28 14.142135623730951 16.0 1.0956183235874497 
118 121 0 0 17 23 14.142135623730951 15.033296378372908 1.0984813421965451 
116 120 0 0 17 25 15.033296378372908 15.033296378372908 1.0982782759589658 
114 119 0 0 18 25 15.033296378372908 14.142135623730951 1.0932961102184893 
112 118 0 0 18 21 15.033296378372908 14.142135623730951 1.0962801491485932 
110 117 0 0 18 23 15.033296378372908 14.142135623730951 1.097936487300267 
108 116 0 0 18 24 15.033296378372908 14.142135623730951 1.099111859646794 
106 115 0 0 16 25 15.033296378372908 13.038404810405298 1.0967751056295543 
104 113 0 0 20 24 15.033296378372908 13.341664064126334 1.090911316068232 
100 112 0 0 17 18 15.033296378372908 13.341664064126334 1.0903583296206303 
96 111 0 0 14 16 15.033296378372908 13.341664064126334 1.0952479541260618 
95 110 0 0 13 20 15.033296378372908 13.341664064126334 1.1174134013297121 
91 108 1 0 17 28 15.033296378372908 13.341664064126334 1.1103315692991398 
87 107 1 0 12 21 15.033296378372908 13.341664064126334 1.1172909292893725 
85 105 1 0 13 27 15.033296378372908 13.341664064126334 1.120009428858585 
84 104 2 0 12 21 15.033296378372908 13.341664064126334 1.1231653989733241 
80 103 2 0 14 22 15.033296378372908 13.341664064126334 1.1325694503141153 
79 101 3 0 13 22 15.033296378372908 13.341664064126334 1.135553489244219 
77 100 3 0 13 24 15.033296378372908 13.341664064126334 1.1417708145280805 
76 99 3 0 12 29 15.033296378372908 13.341664064126334 1.1307280296923508 
75 98 3 0 11 21 15.033296378372908 13.341664064126334 1.1302990698089006 
74 96 3 0 11 22 15.033296378372908 13.341664064126334 1.1272147083685906 
73 94 3 0 11 21 15.033296378372908 13.341664064126334 1.1308621253898488 
72 93 3 0 11 24 14.0 13.341664064126334 1.12640301529168 
71 92 3 0 11 21 14.0 13.341664064126334 1.1314130848768822 
69 91 3 0 11 25 14.0 12.165525060596439 1.1437948671405906 
65 89 4 0 13 26 14.0 11.045361017187261 1.150543516924522 
64 87 5 0 12 24 14.0 11.045361017187261 1.1510575688242073 
62 86 5 0 11 24 13.038404810405298 11.045361017187261 1.146818873506444 
61 84 5 0 10 22 12.165525060596439 11.045361017187261 1.1444372801682379 
59 83 5 0 11 20 12.165525060596439 11.045361017187261 1.1469718731788239 
58 82 5 0 8 22 12.165525060596439 11.40175425099138 1.1459728097736375 
56 81 5 0 8 21 12.165525060596439 11.40175425099138 1.1378238601235338 
55 77 5 0 8 18 11.045361017187261 11.40175425099138 1.1439863562528054 
54 76 5 0 8 23 11.045361017187261 11.40175425099138 1.1424851263029059 
52 75 5 0 8 22 10.0 10.198039027185569 1.1491999692014814 
50 74 5 0 8 27 9.055385138137417 9.486832980505138 1.149419176397207 
48 73 5 0 12 27 8.246211251235321 9.486832980505138 1.1466328210297951 
42 72 5 0 8 22 7.615773105863909 9.486832980505138 1.15684929878187 
40 71 6 0 6 21 7.615773105863909 9.486832980505138 1.168752045490913 
39 70 7 0 7 22 7.615773105863909 9.486832980505138 1.1717360844210167 
37 69 7 0 7 24 7.615773105863909 9.486832980505138 1.1547873795562855 
36 67 7 1 5 23 7.615773105863909 9.486832980505138 1.1405675475901884 
35 66 7 2 4 23 6.324555320336759 9.486832980505138 1.138818668203469 
34 65 7 2 3 22 6.324555320336759 9.486832980505138 1.135503432081851 
33 63 7 2 3 21 6.324555320336759 9.055385138137417 1.1360929167142204 
31 62 7 2 4 21 4.0 9.055385138137417 1.133766152530604 
29 61 7 2 4 19 4.0 9.055385138137417 1.1341418377832766 
27 59 7 2 4 20 4.0 9.055385138137417 1.1442941991068212 
25 58 8 2 2 19 4.47213595499958 9.055385138137417 1.1426089118610168 
24 57 8 2 2 18 3.1622776601683795 8.94427190999916 1.1489292461971463 
23 56 8 2 2 23 2.0 8.94427190999916 1.1470769359128965 
22 55 8 2 1 22 1.4142135623730951 8.602325267042627 1.1532781383140005 
21 54 9 2 0 19 5.0990195135927845 8.602325267042627 1.1372824968900634 
21 50 9 3 1 21 1.4142135623730951 8.602325267042627 1 
