140 139 0 0 14 17 16.0 16.0 1.0990203737401953 
138 135 0 0 17 17 13.341664064126334 14.0 1.101921859198014 
136 133 0 0 22 19 15.033296378372908 14.0 1.1050952575498063 
132 131 0 0 27 20 15.033296378372908 14.142135623730951 1.1173024748216613 
128 130 0 0 27 27 15.033296378372908 14.142135623730951 1.1142947595488648 
124 129 0 0 28 23 14.142135623730951 16.0 1.1159390172616808 
120 127 0 0 26 24 14.142135623730951 16.0 1.1188902289467388 
116 126 0 0 31 24 14.142135623730951 16.0 1.1178429070408789 
112 125 0 0 24 23 14.142135623730951 16.0 1.122476445610145 
108 124 0 0 23 25 14.142135623730951 16.0 1.1222270831645853 
104 122 0 0 19 25 14.142135623730951 16.0 1.13435444375734 
100 121 1 0 17 25 14.0 16.0 1.1428087187646678 
99 120 2 0 16 24 14.0 16.0 1.147522932643997 
97 119 2 0 16 27 14.0 16.0 1.144873959163992 
95 118 2 0 16 25 14.0 16.0 1.1437383617763417 
94 117 2 0 20 24 14.0 16.0 1.1435338071744117 
90 116 2 0 24 22 14.0 16.0 1.153291698331333 
82 108 3 0 18 25 14.0 16.0 1.1561981021727612 
78 106 3 0 15 27 14.0 16.0 1.156575880877466 
78 105 3 0 23 27 14.0 16.0 1.156752729945019 
70 104 4 0 12 18 14.0 16.0 1.158772898844357 
69 103 4 0 17 19 14.0 16.0 1.1583570509682597 
65 102 4 0 13 18 14.0 16.0 1.1701368449853418 
63 101 5 0 10 19 14.0 16.0 1.1760228218227275 
62 99 6 0 10 17 14.0 16.0 1.1989111452919445 
62 98 6 0 20 32 14.0 16.0 1.1947571978222247 
54 97 6 0 11 27 14.0 16.0 1.2043052708145472 
53 96 7 0 10 27 14.0 15.033296378372908 1.1917234687498313 
51 95 7 1 10 28 13.038404810405298 15.033296378372908 1.1771236427721243 
50 94 7 1 13 18 13.038404810405298 15.033296378372908 1.1867186499775138 
46 93 8 1 6 17 13.038404810405298 15.033296378372908 1.1706047604070342 
45 92 8 2 7 16 12.0 15.033296378372908 1.1782642492300976 
43 91 8 2 7 21 12.0 15.033296378372908 1.1755069290914224 
41 90 8 2 6 19 10.0 15.033296378372908 1.1781577700896102 
40 89 8 2 7 21 10.0 15.033296378372908 1.1769856718623146 
38 87 8 2 6 21 9.055385138137417 15.033296378372908 1.1758506622599023 
36 86 8 2 6 20 8.246211251235321 15.033296378372908 1.177846103954013 
34 84 8 2 6 22 7.0710678118654755 15.033296378372908 1.1824205747336458 
32 83 8 2 7 25 6.0 14.0 1.1777299648145005 
30 81 8 2 7 23 6.324555320336759 12.165525060596439 1.1708987797452524 
28 80 8 2 8 18 5.830951894845301 12.165525060596439 1.1723568725276192 
27 79 8 2 10 19 4.47213595499958 12.165525060596439 1.187854150481352 
23 78 9 2 3 22 4.242640687119285 12.165525060596439 1.1857383235765624 
22 77 9 2 2 21 2.8284271247461903 12.165525060596439 1 
