0.0011780942266336094 
0.0011761869306523437 
0.0011798780201279979 
0.0011795191849191177 
0.0011770588927246528 
0.0011732386725373063 
0.0011701882107663947 
0.0011680918156856941 
0.001247154263422283 
0.0012486354692486617 
0.0012424562103076952 
0.0012353600547071295 
0.001231881364453124 
0.0012296474377861562 
0.0012292729735225035 
0.001326574853356182 
0.0013265015563291066 
0.0013254239762648284 
0.0013256059807271493 
0.0013218130342114109 
0.0013185939597716463 
0.001316274588922101 
0.0013114022569319175 
0.0013102239714388212 
0.0013101246258010587 
0.001310662001558532 
0.0013022003378413561 
0.0013000565879223588 
0.001294799373796658 
0.0012921956246769375 
0.0012786183651093347 
0.0012774401401444023 
0.00127645335942344 
0.001274212580755675 
0.001271759244242531 
0.0012704266384675634 
0.001269537253406789 
0.0012705392336248452 
0.001268448306738599 
0.0012665105716494068 
0.0012657208742390229 
0.0012619873164738283 
0.0012606229505745523 
0.0012594481341339939 
0.001258935908973085 
0.001341845916179484 
0.0013421828565567744 
0.0013392658642769968 
0.0013381575518405153 
0.0013357195861590089 
0.0013344071348592858 
0.0013289361978529837 
0.0013277007784300578 
0.0013171536186788223 
0.0013168044090541538 
0.0013160428002927974 
0.0013154658712125676 
0.0013157050979714807 
0.001310116900491472 
0.001306661098296272 
0.0013034082366239546 
0.001295705254433774 
0.001282006317637976 
0.001386064410368401 
0.001384388604795044 
0.001378371763182756 
0.0013801239014764556 
0.0013777049676801198 
0.0013686588915629051 
0.001366000967683052 
0.0013682815908542994 
0.001368144195603106 
0.0013650411320592995 
0.0013579985743229588 
0.0013563799319263625 
0.00134864993153357 
0.001382851626718418 
0.0013819741716052253 
0.0013858312886699956 
0.0013838765093066537 
0.0014848425152188443 
0.0014799401621715766 
0.0014726374718669227 
0.0014638929808593838 
0.0014606001746238525 
0.0014579662039200347 
0.001454199851154216 
0.0014518972761861507 
0.0014867312501405873 
0.0014829787841555762 
0.0014814446625789665 
0.0014778571451322827 
0.0014724373952510084 
0.001471280085347629 
0.001472479207994595 
0.001475694366201001 
0.0014756962478774881 
0.0014685275975019453 
0.0015433629069248568 
0.0015420005793484544 
0.0015414737741613388 
0.0015467540020290107 
0.0015478899545413405 
0.001530514773731638 
0.0015318624468457457 
0.0015331830167741433 
0.0015330060610222517 
0.0015347290459803186 
0.0016285439550857794 
0.0016285579035464437 
0.0016141226825994639 
0.001617715093418442 
0.0016044083491485268 
0.0016606258380624827 
0.0016592848468232205 
0.0017743096674491788 
0.0017688604933168187 
0.0017671336300314003 
0.001866748636057318 
0.001864029775415235 
0.001994173879017044 
0.0019958259147112947 
0.001983894388900132 
0.0019919312350285684 
0.0019932514679365044 
0.0019907814710303055 
0.001989966945006268 
0.0019911932858390265 
0.0019812458332656947 
0.001971773517920835 
0.002062260732604992 
0.002116212301683374 
0.0021139927323897073 
0.002112830608541064 
0.0021587409083414126 
0.002157261981366647 
0.002158492450187393 
0.0021597736774417063 
0.0021513996541601146 
0.0021457062446494125 
0.0021905666688809638 
0.002185905542447109 
0.002188956497543715 
0.0021760978489580953 
0.002162975044012331 
0.0021613800841259094 
0.00215851896231622 
0.0021577033208352784 
0.0023019479988534886 
0.002300223732517031 
