0.0006097471100739349 
0.000607647733097753 
0.0006072409527800457 
0.0006041592013423286 
0.0006024349607012369 
0.0006003370967032831 
0.0005973661440902869 
0.000596929530259183 
0.0006567446945523256 
0.0006556421974107881 
0.0006556961209357013 
0.0006533516570611725 
0.0006520278450863232 
0.0006499493818700447 
0.0006487177916619197 
0.0005584465767325926 
0.0005586603114552921 
0.0005574867131887176 
0.0005554154683816611 
0.000552791435600071 
0.0005518459896549319 
0.0005498816000648664 
0.0005482144037673343 
0.0005478393531537667 
0.0005467218237916072 
0.0005421359233645814 
0.0005400532005865736 
0.0005377732040993382 
0.000535773972269463 
0.000536772998409679 
0.0005317373113058636 
0.0005286707687857039 
0.0005262954282415438 
0.0005260206708140999 
0.0005225447296669091 
0.0005199544490995307 
0.0005189712305952376 
0.000516863068529672 
0.0005147108033019153 
0.0005109052714477366 
0.0005096427889775377 
0.0005059973857440438 
0.0005035096320895061 
0.0005014628680327475 
0.0004973336677515123 
0.0005550885904246883 
0.0005529381945737767 
0.0005522762393600382 
0.0005476292096995559 
0.0005448901948498693 
0.0005416217618567444 
0.000537094062352939 
0.0005351160873608902 
0.0005324006374198397 
0.0005305251483476795 
0.0005286784712178605 
0.0005251762050387057 
0.0005235983032368393 
0.0005206322253269766 
0.0005187072695519645 
0.0005156483499540995 
0.0005153944702171813 
0.0005148002183375204 
0.0004251944105061839 
0.0004238096419044137 
0.00042023694119546173 
0.0004175254358016869 
0.0004147978465662522 
0.0004119220754534998 
0.00041129312565291436 
0.0004106582729568857 
0.0004086408474951488 
0.00040576525058835686 
0.00040180514150488564 
0.0003994672423599357 
0.00039742284939359314 
0.0004852248589460126 
0.0004842715276013609 
0.0004788383388860632 
0.00047895700434277057 
0.0003936420898530779 
0.00039497087383309293 
0.0003918879358642542 
0.00039154132805001643 
0.00038829769002486603 
0.00038809862593055253 
0.0003871338383952342 
0.0003837961492001583 
0.00048125543394482076 
0.0004810418453921484 
0.000481633107727146 
0.0004807220426175935 
0.0004796683976367261 
0.00047544953227129867 
0.0004697737696865079 
0.0004644929361048597 
0.00045899279962602834 
0.00045736110346430227 
0.00035560912052738853 
0.00035600396683772666 
0.00035628697601572916 
0.0003520492792907445 
0.0003519297410406424 
0.00030993070110635237 
0.00030310167644157177 
0.0002999934510325114 
0.00029394941884666406 
0.00029282330952362846 
0.0003510446016035224 
0.0003483317284264482 
0.0003473260802110505 
0.0003435037990391798 
0.0003408518806290213 
0.0002495533436498722 
0.00024349745142615366 
0.00015055698779777932 
0.00015011575207683506 
0.00014819709979414455 
6.755271218214699e-05 
6.096106929087693e-05 
-3.040286967948551e-05 
-3.194379109579999e-05 
-3.228006532227448e-05 
-3.888149767921991e-05 
-3.714606711847561e-05 
-3.5181309557493334e-05 
-3.5525780423969145e-05 
-3.424883052449369e-05 
-3.43615711704121e-05 
-3.649227655299267e-05 
1.9691936352704925e-05 
-6.127240100430343e-05 
-6.095929285152262e-05 
-6.083542258855314e-05 
-2.0111576229222366e-05 
-2.810965923875083e-05 
-3.4029789615224106e-05 
-3.250212109901499e-05 
-2.9304440143771865e-05 
-2.8377382083905882e-05 
5.276836047253451e-05 
5.3404255967990665e-05 
5.3092160829819554e-05 
5.329669591461064e-05 
5.459081470953103e-05 
5.498867599596823e-05 
0.00013033996186483383 
0.00012739560671357536 
4.464250550336277e-05 
4.3350647451012735e-05 
