0.9999246758541475 
0.9999243813064569 
0.9999240410304141 
0.9999237700510444 
0.999923486090609 
0.9999231802065297 
0.9999228360138327 
0.9999225415335941 
0.9999120444770053 
0.9999116609916343 
0.9999112786948966 
0.9999108966384932 
0.9999105703521867 
0.9999102052768342 
0.9999098997704267 
0.9999020153115864 
0.9999017560931527 
0.999901470211023 
0.9999011876723158 
0.999900843352484 
0.9999004902322762 
0.9999001643468951 
0.999899820455337 
0.9998994767404875 
0.9998990630731034 
0.9998986010744956 
0.9998982691141657 
0.9998979326461239 
0.9998976410869719 
0.9998972940584385 
0.9998969445281656 
0.9998966454466921 
0.9998962962865267 
0.9998958669909908 
0.999895438845006 
0.9998950485971057 
0.9998948168476213 
0.9998944635882789 
0.9998941433826686 
0.9998937123194351 
0.9998933431526309 
0.9998929437791173 
0.9998925458954333 
0.9998920699203915 
0.999891678554097 
0.9998810417701233 
0.9998807061631547 
0.9998804444024929 
0.9998800217637822 
0.9998796668565134 
0.9998791586338827 
0.9998787544890233 
0.999878380832682 
0.9998779228558258 
0.9998774976179957 
0.9998770699321431 
0.9998766805654303 
0.9998763074012309 
0.9998759809889595 
0.9998755857301213 
0.9998752355091503 
0.9998748701139134 
0.9998744238667493 
0.999866270181658 
0.9998659053085494 
0.9998655077358907 
0.999865178225948 
0.9998648522776529 
0.9998645465916078 
0.9998641845721299 
0.9998638590508945 
0.9998635069139479 
0.9998631766465254 
0.9998627748904348 
0.9998624413516953 
0.9998621139817732 
0.9998510175797798 
0.9998506565568527 
0.9998502873697134 
0.9998499485866338 
0.9998415716683763 
0.9998412842959844 
0.9998409090843993 
0.9998406048084122 
0.9998402771933036 
0.9998400030566945 
0.9998397622692036 
0.9998393434993068 
0.9998283299263133 
0.9998279217666601 
0.9998276596360182 
0.9998273458112047 
0.9998269829402181 
0.9998266092501945 
0.9998262841035427 
0.9998259322400622 
0.9998256241286304 
0.9998253073193469 
0.999816602544076 
0.9998163716249533 
0.9998161341707233 
0.9998158538704124 
0.9998155570615035 
0.9998123310871282 
0.9998120746422994 
0.9998117561906119 
0.9998114915327443 
0.999811139066016 
0.9997999386980989 
0.9997996041322446 
0.9997993167000508 
0.9997989857397386 
0.9997987109496556 
0.9997910874848823 
0.9997909540760754 
0.9997824851044387 
0.9997822442922079 
0.9997819639454621 
0.9997738596226055 
0.9997737851052917 
0.9997649516678864 
0.999764703058076 
0.999764527561948 
0.9997642714279074 
0.9997640364667149 
0.9997638435503677 
0.9997635228522471 
0.9997632181196252 
0.9997630796490137 
0.9997627805250433 
0.9997518248520886 
0.9997447719940478 
0.999744612996313 
0.999744385489581 
0.9997339830017729 
0.9997338787141203 
0.9997337500239499 
0.9997335318233395 
0.9997332721203982 
0.9997330544250593 
0.9997223531131084 
0.9997220893081644 
0.9997219267866366 
0.9997216831030158 
0.9997214433237728 
0.9997212888976306 
0.9997108822891002 
0.9997107791133722 
0.9997018635699259 
0.999701596054821 
