-0.00029273233475839074 
-0.0002864455181636058 
-0.00028298565671892216 
-0.00027874294726153485 
-0.0002739907638634791 
-0.00027110076844744167 
-0.00026821204274060656 
-0.00026632170510891687 
-0.00026089576586939294 
-0.0002558323340930231 
-0.00024958839926342465 
-0.00024692287194578907 
-0.000241671645096947 
-0.0002384568337702842 
-0.00023575230741140378 
-0.00021151120416657072 
-0.00020706434657027033 
-0.0002036223046435601 
-0.00019987185457487114 
-0.0001956268612434559 
-0.00018938946937022242 
-0.00018658533854668352 
-0.00018254858279518384 
-0.0001792997405304498 
-0.0001759452331320661 
-0.00017179532936482383 
-0.00016679009160232476 
-0.0001630184788819843 
-0.00015636191238759786 
-0.000150159096505763 
-0.0001455064817205956 
-0.00013715955479862033 
-0.00013307287267854412 
-0.00013097838995935007 
-0.00012456377967466322 
-0.0001193208559041522 
-0.00011862798311537524 
-0.00011570915984956541 
-0.00010994779428082668 
-0.00010604356343804435 
-0.00010371521782886026 
-0.0001007374103807616 
-9.663388996955066e-05 
-9.298087584139238e-05 
-8.796026315412214e-05 
-8.591039701844077e-05 
-8.149672450632983e-05 
-7.960553394393152e-05 
-7.361375908605854e-05 
-6.869029837164459e-05 
-6.365687137960148e-05 
-5.8329615334160744e-05 
-5.482915458979075e-05 
-5.0542792500582524e-05 
-4.669970841673732e-05 
-4.210092576215688e-05 
-3.717236660411578e-05 
-3.487291206736585e-05 
-2.923861907694618e-05 
-2.4948550816597316e-05 
-2.0548973141849035e-05 
-1.6698847170435486e-05 
-8.892610191702e-06 
1.5010740529047227e-05 
2.273050959430227e-05 
3.056437649131409e-05 
3.8467222844221066e-05 
4.427320042512048e-05 
5.404372551362912e-05 
6.81314365548627e-05 
8.33236987357812e-05 
9.212111578098767e-05 
0.00010512984232156042 
0.0001168883198052005 
0.00012704350875622473 
0.00013592703711972352 
0.00015193044122586977 
0.0001570573091094728 
0.00016209193359772447 
0.0001714119304177941 
0.00019769135280836266 
0.0002022730398556331 
0.0002104913432542642 
0.0002206338770287202 
0.000227708484699146 
0.00023973627380659184 
0.00025080681549398116 
0.0002683005771883029 
0.00028484161848578313 
0.00029681907659649014 
0.0003058399760367585 
0.0003161954212661609 
0.0003245657637126567 
0.0003294349490009727 
0.0003343969232275021 
0.00033904730405249687 
0.0003441652774219899 
0.00035619795302533177 
0.0003795299179642309 
0.0003903679919700413 
0.00040046739333112933 
0.00040533603529378066 
0.00041920415474306234 
0.0003924458822237236 
0.0003968072963636522 
0.00041012434503151556 
0.00041451093102633197 
0.0004320969473258768 
0.00039360843826971305 
0.00040546417761442433 
0.00041418520956732505 
0.0004245172755336955 
0.00044320646938733783 
0.00046113961803105597 
0.00046383738320820934 
0.0004926591762925173 
0.0005084761416068422 
0.0005172500795748002 
0.0005480391072590102 
0.0005512810483270989 
0.0005881471503370736 
0.0005989125476536163 
0.0006199366393249489 
0.0006311218492350264 
0.0006563246551119025 
0.0006654525064943598 
0.0006883419404445242 
0.0006951603136374058 
0.000711037362933717 
0.0007199729646741227 
0.0006823476596493533 
0.0006878300754121258 
0.0006979859718140877 
0.0007125522240261346 
0.0006734604877085031 
0.0006797331717465206 
0.0006852829325875792 
0.0006885638788402618 
0.0007000633802907178 
0.0007279630230634642 
0.000657015736454391 
0.000663807691531023 
0.0006759571248294113 
0.000686373493632713 
0.0007016893740295131 
0.0007095804035069874 
0.0006205117791728836 
0.0006256035777827192 
0.0006625558602465004 
0.0006750977316746588 
