-0.0009253425772449859 
-0.0009132748509401936 
-0.0009044399643396964 
-0.0008908185998259519 
-0.000876306441346707 
-0.0008652994417078825 
-0.0008566526697760018 
-0.0008540288851725444 
-0.0010030629868032512 
-0.000992400610416307 
-0.000980126394565116 
-0.0009724699795355368 
-0.00096052569642353 
-0.0009514512849770852 
-0.0009431646094302208 
-0.0010062897084556525 
-0.0009939228596690059 
-0.0009840292982721335 
-0.0009698691602148925 
-0.0009651754417251283 
-0.0009529794297385325 
-0.0009439801882077622 
-0.0009318054306023832 
-0.0009232035464565542 
-0.000915202385880719 
-0.0009142624134179652 
-0.0009008622433481593 
-0.0008900815668741608 
-0.0008751226170681086 
-0.0008626051573775681 
-0.0008519882603868132 
-0.0008369778277566105 
-0.0008254594537313437 
-0.000819669300091038 
-0.0008036839161084761 
-0.000794012774167474 
-0.0007929729091906598 
-0.0007839061534025194 
-0.0007735578380917832 
-0.0007620919549146527 
-0.0007564016952980477 
-0.0007478621288634275 
-0.0007388348321878064 
-0.000731583094298991 
-0.0007252455781033463 
-0.0008786982594292473 
-0.0008681375614487154 
-0.0008561717494815234 
-0.000845142553535167 
-0.0008343263498398999 
-0.000822190917276258 
-0.0008116608326298578 
-0.0008046451361225662 
-0.0007949959240600313 
-0.0007841894979523633 
-0.0007802863448846769 
-0.0007711264042309497 
-0.0007661208980467343 
-0.0007487210774731226 
-0.0007379017770854653 
-0.0007256242810723691 
-0.0007161583572646343 
-0.0007049682594700684 
-0.0008023656601030432 
-0.0007830766105178793 
-0.0007719834555154764 
-0.0007617923771631484 
-0.0007446500722085111 
-0.000719613609611163 
-0.000691331692219802 
-0.0006649974702010181 
-0.000646778478649699 
-0.0006219394138771352 
-0.0006037644127566464 
-0.0005869405836346007 
-0.0005691109547962456 
-0.0007709704932775873 
-0.0007587083361262597 
-0.0007538613557136482 
-0.0007314371519414017 
-0.0008326567491389109 
-0.0008214691631172358 
-0.0008012267525290487 
-0.0007783443888580586 
-0.0007602477935113031 
-0.0007406281710170846 
-0.0007202910939344704 
-0.0006911332911013143 
-0.0008997090328531209 
-0.000882776132074648 
-0.0008599082402054231 
-0.0008406069276514286 
-0.0008206010347060711 
-0.0008048609413766365 
-0.0007975844266918344 
-0.0007911385762244666 
-0.0007843825042391886 
-0.0007607050581562866 
-0.0008620049896214348 
-0.0008428248338514359 
-0.0008223668829585705 
-0.0008157609815240398 
-0.0007928384843199621 
-0.0008831412945214111 
-0.0008770639875242216 
-0.0008546353542231321 
-0.0008459437763202179 
-0.0008205148805693982 
-0.0010037761478300172 
-0.0009833458464304369 
-0.0009618561442122511 
-0.0009407136023242559 
-0.0009092502468236757 
-0.0010232699508054815 
-0.0010174769239760008 
-0.0011274227628216683 
-0.0010941055140981947 
-0.0010762616753060652 
-0.0011754773572801055 
-0.0011683229260908055 
-0.0012754999263369954 
-0.0012495851946819113 
-0.0012100810606807029 
-0.001194219871031777 
-0.0011598803073363446 
-0.0011294689470272585 
-0.0010886851773522913 
-0.0010653761736842818 
-0.0010323996855820484 
-0.001011378289952729 
-0.0011972474133001357 
-0.0013135089068659097 
-0.0012905156074292528 
-0.0012597077975973223 
-0.0014345209417444067 
-0.0014234198326602378 
-0.001406811956017638 
-0.0013851822861713332 
-0.0013522649469604959 
-0.001315555424468878 
-0.0015066580896978307 
-0.0014745144809215696 
-0.001443492121668729 
-0.0014171431084903361 
-0.0013825519887868763 
-0.0013500126931284783 
-0.0015823302862219668 
-0.0015704131617243484 
-0.001661862371717103 
-0.0016319117711377606 
