0.011672901017017281 
0.011666961542185815 
0.011661031990525294 
0.011654130340625575 
0.011647977284748983 
0.011642071433134086 
0.011636498616193236 
0.011632048923409551 
0.011546319113519842 
0.011539361340882659 
0.011532584415802488 
0.01152679050012787 
0.011520506450421509 
0.011515182718492525 
0.011509918664234103 
0.011418295174399958 
0.011411752679866256 
0.011406132341830098 
0.011399599523284017 
0.011394190100326078 
0.011387833649205726 
0.011382111943149384 
0.011375961546356316 
0.011370261958255619 
0.011363791345068947 
0.01135735661219106 
0.011350926064277187 
0.011344724960172524 
0.01133871555986311 
0.011331731236402794 
0.011325156449170376 
0.0113183307361176 
0.011312111419532079 
0.011306636855793093 
0.011299154824718468 
0.011292154924340601 
0.011289309258542463 
0.011283246706951485 
0.011276669761918975 
0.01126980648303562 
0.011264759486220962 
0.011258871731616877 
0.011252852822039406 
0.011246079156838614 
0.011239742713931095 
0.011154798029526309 
0.011148255687885222 
0.011140668116147216 
0.011133411815262902 
0.011125714885717595 
0.011118444014863041 
0.01111166484838573 
0.011105882848081618 
0.011098589500072375 
0.011091751198400505 
0.011085541690409713 
0.011078952201102872 
0.01107370976114673 
0.011066855404538497 
0.01105878750719769 
0.011052427348056398 
0.011044917076536537 
0.011037156136385612 
0.010950015313576948 
0.010943136492116637 
0.010936166972683415 
0.010930521553075489 
0.01092375208482934 
0.01091641565299827 
0.010909448091656046 
0.010901477832199222 
0.010894171069276072 
0.010886893409427594 
0.010879944419853937 
0.010873469297289077 
0.010866275885447628 
0.010760509987073976 
0.010754870506876802 
0.010749996313250446 
0.0107426754272628 
0.01065492463740548 
0.010649814896254453 
0.010642329111249398 
0.010636730057540731 
0.010630040370788131 
0.010623552230703074 
0.01061754224803343 
0.010608961486545897 
0.010503592463962815 
0.010495895562666691 
0.010490058638246353 
0.010483227379570224 
0.01047649068501844 
0.010470270843785686 
0.010465783864408091 
0.010460953203762648 
0.010456654178238212 
0.01045031058299777 
0.0103545724134659 
0.010349365093398637 
0.010343403657075777 
0.010340045249518976 
0.010334360647352723 
0.010308550715168605 
0.010304930715763732 
0.010297690326172844 
0.010293782715381254 
0.010286511620311495 
0.010175780528930763 
0.01016926495606214 
0.010163358589217485 
0.010157193180702958 
0.010150540168426002 
0.010076380496923807 
0.010074190084933226 
0.009986537390014105 
0.009979530042958385 
0.009974090678451274 
0.009891751029019423 
0.00989013673279152 
0.00980036157875145 
0.00979476790466889 
0.009788509531886286 
0.009783489108687298 
0.009776720172604553 
0.009770621854597488 
0.009761786461930362 
0.009755254044297638 
0.009748877731798085 
0.009743073187774474 
0.009635164232728926 
0.00956510681075407 
0.009560454641681058 
0.009554447482467558 
0.009452551129346017 
0.00944997482684282 
0.009446719716084928 
0.009441813841493405 
0.009434523054572796 
0.009427935039603213 
0.009324485370463279 
0.00931895960594498 
0.00931324056172853 
0.009307996723602534 
0.009300736847580617 
0.009294452593851683 
0.009198966025620833 
0.009196416931503252 
0.009103893611004906 
0.009097632589151411 
