140 140 0 0 14 14 16.0 16.0 1.0741405316431458 
138 138 0 0 17 17 16.0 14.142135623730951 1.0780107980643732 
134 136 0 0 16 18 13.038404810405298 16.0 1.0773448287673446 
132 134 0 0 16 18 13.341664064126334 16.0 1.077860594291825 
130 133 0 0 16 18 13.341664064126334 16.0 1.0795165257989607 
128 132 0 0 16 19 13.341664064126334 16.0 1.0777737562071321 
126 130 0 0 14 18 13.341664064126334 16.0 1.0770808097546916 
124 128 0 0 16 18 13.341664064126334 16.0 1.0776191609899888 
122 127 0 0 15 18 13.341664064126334 16.0 1.0781123408036524 
120 126 0 0 16 18 13.341664064126334 16.0 1.0786055206173162 
118 125 0 0 17 18 13.341664064126334 16.0 1.0801908415224588 
116 124 0 0 18 19 14.142135623730951 16.0 1.080706607046939 
114 123 0 0 18 19 14.142135623730951 16.0 1.082362538554075 
112 122 0 0 18 20 14.142135623730951 16.0 1.0862754274538893 
110 120 0 0 18 24 14.142135623730951 16.0 1.0867911929783696 
108 119 0 0 18 24 14.142135623730951 16.0 1.0862119639418282 
106 118 0 0 16 23 14.142135623730951 16.0 1.0855190174893878 
104 116 0 0 18 23 14.142135623730951 16.0 1.0871515744238915 
102 114 0 0 18 25 14.142135623730951 16.0 1.0830817237214878 
100 110 0 0 16 24 14.142135623730951 16.0 1.0835967003841531 
98 108 0 0 15 25 14.142135623730951 16.0 1.0829948856367948 
96 107 0 0 14 24 14.142135623730951 16.0 1.0827310395857774 
94 106 0 0 14 24 14.142135623730951 15.033296378372908 1.080935592998359 
92 105 0 0 13 22 15.033296378372908 15.033296378372908 1.0826366959271283 
90 104 0 0 11 23 15.033296378372908 15.033296378372908 1.0854327934169195 
88 103 0 0 11 25 15.033296378372908 15.033296378372908 1.0836230555544557 
86 102 0 0 13 23 15.033296378372908 15.033296378372908 1.0897944795705794 
84 101 0 0 15 28 15.033296378372908 15.033296378372908 1.0979075703096162 
82 100 1 0 16 25 15.033296378372908 15.033296378372908 1.1123818540488974 
78 99 2 0 14 26 14.142135623730951 15.033296378372908 1.1129202052841947 
76 98 2 0 13 26 14.142135623730951 15.033296378372908 1.1126495246960608 
74 97 2 0 16 26 14.142135623730951 14.142135623730951 1.1259075908844653 
70 96 3 0 15 26 14.142135623730951 14.142135623730951 1.1264459421197626 
68 95 3 0 14 26 14.142135623730951 14.142135623730951 1.1245981731942538 
64 94 4 1 13 25 14.142135623730951 14.142135623730951 1.120941803737284 
63 92 4 1 11 23 13.038404810405298 14.142135623730951 1.1183601699673866 
62 91 4 1 10 21 13.038404810405298 14.142135623730951 1.1322192620413336 
60 90 5 1 9 23 13.038404810405298 14.142135623730951 1.1361329398029634 
58 89 5 1 10 26 13.038404810405298 14.142135623730951 1.1347537718906118 
57 88 5 1 9 25 12.0 14.142135623730951 1.136768694253436 
56 87 5 1 8 27 11.40175425099138 14.142135623730951 1.135821841030852 
55 86 5 1 7 27 11.40175425099138 13.341664064126334 1.136614882206748 
54 85 5 1 6 28 12.165525060596439 13.341664064126334 1.1340106627260338 
53 84 5 1 6 26 12.165525060596439 13.341664064126334 1.1331282558738909 
52 83 5 1 6 26 12.165525060596439 12.649110640673518 1.1440834043861678 
48 82 6 1 6 24 12.165525060596439 12.649110640673518 1.1425345594033671 
47 81 6 1 5 24 11.40175425099138 11.045361017187261 1.141910158945192 
45 80 6 1 5 23 11.40175425099138 11.045361017187261 1.1515091000312896 
44 79 7 1 4 22 11.40175425099138 11.045361017187261 1.1576995233162972 
43 77 7 1 4 28 11.40175425099138 12.083045973594572 1.1550953038355831 
42 76 7 1 4 26 11.40175425099138 12.083045973594572 1.153251226261472 
41 75 7 1 4 26 11.40175425099138 10.198039027185569 1.1628715494267503 
40 74 8 1 3 25 11.045361017187261 10.198039027185569 1.1602955799530823 
39 73 8 1 4 23 10.198039027185569 10.198039027185569 1.1611804127968333 
38 72 8 1 4 24 9.055385138137417 10.198039027185569 1.1585761933161192 
37 71 8 1 4 22 9.055385138137417 10.198039027185569 1.1579517928579441 
35 70 8 1 4 21 9.055385138137417 10.198039027185569 1.1588539756583927 
34 69 8 1 3 22 8.0 10.198039027185569 1.1538339099474675 
33 68 8 1 9 18 8.0 10.198039027185569 1.1568337695805115 
27 67 8 1 3 17 5.830951894845301 10.198039027185569 1.1599755514347077 
26 66 8 1 1 20 5.830951894845301 10.198039027185569 1.1584767716337352 
25 65 8 1 3 19 5.656854249492381 10.198039027185569 1.1452417330538633 
23 64 8 2 1 19 2.8284271247461903 10.198039027185569 1.147283024306406 
22 63 8 2 1 21 1.4142135623730951 10.198039027185569 1.1566608926976767 
21 62 9 2 0 20 5.0990195135927845 10.198039027185569 1.1557362272332088 
21 61 9 2 1 19 1.4142135623730951 11.661903789690601 1 
