140 140 0 0 14 14 16.0 16.0 1.015915103917854 
138 138 0 0 17 17 16.0 14.142135623730951 1.0243225011697141 
134 137 0 0 16 20 13.038404810405298 16.0 1.0214077807155064 
132 133 0 0 16 19 13.038404810405298 16.0 1.0257697615001478 
130 132 0 0 16 23 14.142135623730951 16.0 1.024840743619624 
128 131 0 0 16 21 14.142135623730951 16.0 1.0275693288908923 
126 130 0 0 14 22 14.142135623730951 16.0 1.02858488541369 
124 128 0 0 16 24 14.142135623730951 16.0 1.0290148632280864 
122 127 0 0 15 23 14.142135623730951 16.0 1.029545684938496 
120 126 0 0 16 23 14.142135623730951 16.0 1.0291368948869541 
118 125 0 0 17 22 14.142135623730951 16.0 1.0287281048354124 
116 124 0 0 18 21 14.142135623730951 16.0 1.0315220409861 
114 122 0 0 18 24 14.142135623730951 16.0 1.0296534113436246 
112 121 0 0 18 21 14.142135623730951 16.0 1.0324828405109057 
110 120 0 0 18 23 14.142135623730951 16.0 1.0311344386974128 
108 119 0 0 19 21 14.142135623730951 16.0 1.0344293386956842 
104 118 0 0 18 21 14.142135623730951 16.0 1.0348593165100808 
102 117 0 0 17 20 14.142135623730951 16.0 1.0343496825625262 
100 116 0 0 16 18 14.142135623730951 16.0 1.035719272138874 
98 115 0 0 15 18 14.142135623730951 16.0 1.0550956980196668 
97 114 1 0 15 26 14.142135623730951 16.0 1.0546869079681251 
95 113 1 0 16 25 14.142135623730951 16.0 1.0565219683754632 
91 112 1 0 14 23 14.142135623730951 16.0 1.0621702328285985 
89 111 1 0 14 28 14.142135623730951 16.0 1.060821831015105 
87 110 1 0 15 26 14.142135623730951 16.0 1.0744933797586154 
83 108 2 0 13 25 14.142135623730951 16.0 1.0725008627711166 
82 107 2 0 11 22 14.142135623730951 16.0 1.0735519123105082 
80 106 2 0 13 23 14.142135623730951 16.0 1.073438618846912 
79 105 2 0 11 22 14.142135623730951 16.0 1.0719663296883957 
78 104 2 0 10 20 14.142135623730951 16.0 1.0785542059034818 
76 103 2 0 10 26 14.142135623730951 16.0 1.0776467880930662 
75 102 2 0 10 25 14.0 16.0 1.0751050820594694 
73 100 2 0 10 22 13.038404810405298 16.0 1.071357228893092 
71 99 2 0 10 17 13.038404810405298 16.0 1.071641986441416 
69 98 2 0 10 16 12.165525060596439 16.0 1.075650920902233 
67 97 2 0 10 19 11.40175425099138 16.0 1.078627280863548 
63 96 2 0 12 20 11.40175425099138 16.0 1.076376356031129 
59 92 2 0 11 17 10.770329614269007 16.0 1.0797720999254135 
55 91 2 0 12 18 10.770329614269007 16.0 1.0901948355686735 
53 90 3 0 11 15 10.770329614269007 16.0 1.1072870273416344 
47 89 4 0 10 15 10.770329614269007 16.0 1.120427754374735 
45 88 5 0 7 14 10.770329614269007 16.0 1.1336462818548383 
44 87 6 0 6 15 10.770329614269007 16.0 1.137463577716731 
42 86 6 0 4 17 10.295630140987 16.0 1.1368351219390946 
41 85 6 0 2 15 8.94427190999916 16.0 1.1375101084424009 
39 84 6 0 3 15 8.48528137423857 16.0 1.1388814623780945 
38 83 6 0 3 16 7.0710678118654755 16.0 1.139412284088504 
36 82 6 0 4 16 7.0710678118654755 16.0 1.1374197671010053 
35 81 6 0 2 13 7.0710678118654755 16.0 1.1245982468397078 
34 79 6 1 2 14 5.656854249492381 16.0 1.1249944959968565 
33 77 6 1 2 15 4.242640687119285 16.0 1.1240424346673221 
32 76 6 1 2 14 4.242640687119285 16.0 1.1107327253707262 
31 75 6 2 1 14 5.830951894845301 16.0 1.1093612801082224 
30 74 6 2 2 13 5.830951894845301 16.0 1.1220595797593436 
29 73 7 2 0 13 5.830951894845301 16.0 1.1211639652913652 
29 72 7 2 1 13 4.242640687119285 16.0 1.1220420885382953 
27 71 7 2 1 13 4.47213595499958 16.0 1.1331356012011153 
26 70 8 2 0 13 8.246211251235321 16.0 1.1333458994779022 
26 69 8 2 0 13 4.47213595499958 16.0 1.119090733050521 
26 68 8 3 2 13 2.0 16.0 1.1196816576594584 
25 67 8 3 1 13 1.4142135623730951 16.0 1.1174102287351866 
24 66 9 4 0 13 5.656854249492381 16.0 1.1151581759998097 
24 65 9 4 0 12 4.47213595499958 15.033296378372908 1.1143313648719362 
24 64 9 4 0 12 4.0 15.033296378372908 1.1113287429188172 
24 63 9 4 0 10 4.47213595499958 15.033296378372908 1.1105019317909437 
24 62 9 4 0 10 4.0 15.033296378372908 1.0961607639432809 
24 61 9 5 0 10 4.47213595499958 15.033296378372908 1.0953339528154074 
24 60 9 5 0 10 4.0 15.033296378372908 1.0932709426242395 
24 59 9 5 0 9 4.47213595499958 15.033296378372908 1.092444131496366 
24 58 9 5 0 9 4.0 15.033296378372908 1.0913207330671495 
24 57 9 5 0 9 4.47213595499958 15.033296378372908 1.090493921939276 
24 56 9 5 0 9 4.0 15.033296378372908 1.0893705235100595 
24 55 9 5 0 9 4.47213595499958 15.033296378372908 1.088543712382186 
24 54 9 5 0 9 4.0 15.033296378372908 1.0874203139529695 
24 53 9 5 0 9 4.47213595499958 15.033296378372908 1.086593502825096 
24 52 9 5 0 9 4.0 15.033296378372908 1.082936874816301 
24 51 9 5 0 7 4.47213595499958 14.142135623730951 1.0821100636884275 
24 50 9 5 0 7 4.0 14.142135623730951 1.080986665259211 
24 49 9 5 0 7 4.47213595499958 14.142135623730951 1.0792202423693862 
24 48 9 5 0 6 4.0 14.142135623730951 1.0658186862836747 
24 47 9 6 0 7 4.47213595499958 14.142135623730951 1.0649918751558014 
24 46 9 6 0 7 4.0 14.142135623730951 1.0623414139972847 
24 45 9 6 0 6 4.47213595499958 13.341664064126334 1.0615146028694114 
24 44 9 6 0 6 4.0 13.341664064126334 1.0603912044401946 
24 43 9 6 0 6 4.47213595499958 13.341664064126334 1.0595643933123213 
24 42 9 6 0 6 4.0 13.341664064126334 1.0584409948831046 
24 41 9 6 0 6 4.47213595499958 13.341664064126334 1.0576141837552313 
24 40 9 6 0 6 4.0 13.341664064126334 1.0413937923836658 
24 39 9 7 0 4 4.47213595499958 13.341664064126334 1.0254699883134435 
24 38 9 8 0 2 4.0 13.341664064126334 1.0243465898842268 
24 37 9 8 0 2 4.47213595499958 13.341664064126334 1.0235197787563535 
24 36 9 8 0 2 4.0 13.341664064126334 1.0223963803271368 
24 35 9 8 0 2 4.47213595499958 13.341664064126334 1.0206299574373123 
24 34 9 8 0 1 4.0 13.341664064126334 1.005349177827698 
24 33 9 9 0 0 4.47213595499958 13.341664064126334 1.0240717367071084 
24 35 9 8 0 3 4.0 14.142135623730951 1.005349177827698 
24 33 9 9 0 0 4.47213595499958 13.341664064126334 1.0239674260559009 
24 35 9 8 0 3 4.0 14.0 1.005349177827698 
24 33 9 9 0 0 4.47213595499958 13.341664064126334 1.0266404593032807 
24 36 9 8 0 4 4.0 15.033296378372908 1.0195420520246894 
24 34 9 8 0 0 4.47213595499958 13.341664064126334 1.0401438344280025 
24 36 9 7 0 5 4.0 14.142135623730951 1.0195420520246894 
24 34 9 8 0 0 4.47213595499958 13.341664064126334 1.037220688490941 
24 36 9 7 0 2 4.0 14.0 1.034674537983632 
24 35 9 7 0 1 4.47213595499958 13.341664064126334 1.019690345675361 
24 34 9 8 0 0 4.0 13.341664064126334 1.0032389224606504 
24 22 9 8 0 0 4.47213595499958 7.0710678118654755 1.007879072780028 
22 23 9 8 2 1 2.0 8.246211251235321 1.0066679700396666 
21 22 9 8 1 0 1.4142135623730951 7.0710678118654755 1 
