140 140 0 0 14 14 16.0 16.0 1.0778878499084392 
138 138 0 0 17 17 16.0 14.142135623730951 1.0820836131914295 
134 136 0 0 16 19 13.038404810405298 16.0 1.0849602576573096 
132 134 0 0 16 23 13.341664064126334 16.0 1.0833388183070216 
130 133 0 0 16 21 13.341664064126334 16.0 1.0835856333319385 
128 132 0 0 16 21 13.341664064126334 16.0 1.082373250345835 
126 131 0 0 14 19 13.341664064126334 16.0 1.0820011473263313 
124 129 0 0 16 20 14.0 16.0 1.086982439209702 
122 127 0 0 15 26 14.0 16.0 1.0888929804277314 
120 126 0 0 16 28 14.0 16.0 1.0880011400829535 
118 125 0 0 17 27 14.0 16.0 1.083372790987766 
116 124 0 0 18 22 14.0 16.0 1.0836196060126828 
114 123 0 0 18 22 14.0 16.0 1.081998166662395 
112 122 0 0 18 20 14.0 16.0 1.0859814904377214 
110 121 0 0 18 24 14.0 16.0 1.0843600510874334 
108 120 0 0 18 22 14.0 16.0 1.0887524312269445 
106 119 0 0 16 26 14.0 16.0 1.0797574722003966 
105 115 0 0 16 21 14.0 15.033296378372908 1.0779953455884586 
103 113 0 0 16 20 14.0 15.033296378372908 1.077273473927389 
99 109 0 0 16 21 14.0 15.033296378372908 1.0841566896978985 
97 108 0 0 17 29 13.038404810405298 14.0 1.08073715942971 
93 107 0 0 19 24 12.165525060596439 14.0 1.0844453461313348 
87 106 0 0 15 24 12.165525060596439 14.0 1.0878435989348048 
86 105 1 0 16 16 12.165525060596439 14.0 1.095038360637123 
84 104 1 0 14 23 12.165525060596439 14.0 1.0894118219442972 
80 98 1 0 15 22 12.165525060596439 13.038404810405298 1.0845187090554431 
79 94 1 0 12 20 12.165525060596439 13.038404810405298 1.096061429550161 
77 93 2 0 14 20 12.165525060596439 13.341664064126334 1.0966304736028956 
75 92 2 0 13 20 11.045361017187261 13.341664064126334 1.0968772886278124 
73 91 2 0 13 20 11.045361017187261 13.341664064126334 1.11592779673763 
67 90 3 0 13 25 11.045361017187261 13.341664064126334 1.1124381030121369 
65 89 3 0 13 21 11.045361017187261 13.341664064126334 1.1154872995998613 
63 88 3 0 13 24 11.045361017187261 13.341664064126334 1.1160484837507347 
61 87 3 0 12 24 10.0 13.341664064126334 1.1172294259632543 
59 86 3 0 12 25 10.0 13.341664064126334 1.1152658898940229 
55 85 3 0 11 21 10.0 13.341664064126334 1.1168343343931095 
51 84 3 0 11 21 10.0 13.341664064126334 1.1282841064158868 
49 83 4 0 10 21 10.0 12.649110640673518 1.1397001769980277 
47 82 5 0 7 20 10.0 12.649110640673518 1.1441613414059641 
46 81 5 0 6 25 10.0 12.649110640673518 1.1493521048194104 
45 80 5 0 6 31 10.0 12.649110640673518 1.1482190666361738 
44 79 5 0 5 30 9.899494936611665 12.649110640673518 1.1494687931171184 
43 78 5 0 6 32 9.899494936611665 12.649110640673518 1.1456714108328883 
42 77 5 0 5 28 8.48528137423857 12.649110640673518 1.143184628563423 
41 76 5 0 6 26 8.48528137423857 12.649110640673518 1.1448434114085524 
40 75 5 0 5 28 8.48528137423857 12.649110640673518 1.1388008723705239 
39 73 5 0 5 25 8.602325267042627 10.198039027185569 1.136474986443481 
38 72 5 0 6 23 7.0710678118654755 10.198039027185569 1.1350580752752855 
36 71 5 0 5 21 7.0710678118654755 10.198039027185569 1.1290948689684794 
35 69 6 1 8 19 7.0710678118654755 10.198039027185569 1.1437008233999946 
31 68 7 1 5 20 7.0710678118654755 10.198039027185569 1.140688970307112 
30 67 7 1 4 17 7.0710678118654755 10.198039027185569 1.12859208927927 
28 66 7 2 3 18 7.0710678118654755 10.198039027185569 1.1293020308354869 
27 65 7 2 2 19 7.211102550927978 10.198039027185569 1.1273316868419339 
26 64 7 2 2 17 4.242640687119285 10.198039027185569 1.1127057367018027 
25 63 7 3 1 16 4.242640687119285 10.198039027185569 1.1102586812176416 
24 61 7 3 1 15 4.47213595499958 10.198039027185569 1.1222686068916257 
23 60 8 3 1 16 4.47213595499958 10.198039027185569 1.1219932657905243 
22 59 8 3 0 16 5.0990195135927845 10.198039027185569 1.1209174256331615 
22 58 8 3 1 16 3.1622776601683795 10.198039027185569 1.1311229378523826 
21 56 9 3 0 16 3.1622776601683795 10.198039027185569 1.1265796001288138 
21 54 9 3 1 14 1.4142135623730951 9.486832980505138 1 
