140 140 0 0 14 14 16.0 16.0 1.004032060907235 
138 138 0 0 17 17 16.0 14.142135623730951 1.0128471780139394 
134 137 0 0 16 20 13.038404810405298 16.0 1.01203645825169 
132 136 0 0 16 18 13.038404810405298 16.0 1.016594531696441 
130 135 0 0 16 22 14.0 16.0 1.0167340925978612 
128 134 0 0 16 21 14.0 16.0 1.0206079420241403 
126 133 0 0 14 23 14.0 16.0 1.0217646177190498 
124 132 0 0 16 24 14.0 16.0 1.0175944985690468 
122 131 0 0 15 18 14.0 16.0 1.0201407814740504 
120 129 0 0 16 21 14.0 16.0 1.0217391804358846 
118 128 0 0 17 22 14.0 16.0 1.0216770846660852 
116 127 0 0 18 22 14.0 15.033296378372908 1.0195583715186993 
114 126 0 0 18 19 15.033296378372908 15.033296378372908 1.020648213083789 
112 125 0 0 18 19 15.033296378372908 15.033296378372908 1.0255367805830566 
110 123 0 0 18 24 15.033296378372908 15.033296378372908 1.0247260608208073 
108 122 0 0 18 22 15.033296378372908 15.033296378372908 1.025746671535577 
106 120 0 0 16 22 15.033296378372908 15.033296378372908 1.0244870383448998 
104 116 0 0 17 23 15.033296378372908 15.033296378372908 1.025061726284015 
100 114 0 0 17 22 15.033296378372908 14.142135623730951 1.028493852443369 
98 113 0 0 16 24 15.033296378372908 14.142135623730951 1.02469208102883 
97 111 0 0 14 20 15.033296378372908 14.142135623730951 1.0219098211282807 
96 110 0 0 14 17 15.033296378372908 14.142135623730951 1.0233549786943366 
94 108 0 0 14 18 14.0 14.142135623730951 1.0380816403258182 
92 107 0 0 14 32 13.038404810405298 14.142135623730951 1.0360184775343944 
88 105 0 0 15 28 13.038404810405298 14.142135623730951 1.0394259334136007 
87 101 1 0 15 22 13.038404810405298 14.142135623730951 1.0399362387709854 
86 100 1 0 14 22 13.038404810405298 14.142135623730951 1.0434351990601591 
84 99 1 0 15 25 13.038404810405298 14.142135623730951 1.046867325219513 
82 98 1 0 14 27 13.038404810405298 14.142135623730951 1.0481859699865161 
81 96 1 0 14 29 12.165525060596439 14.142135623730951 1.0445035417164465 
80 92 1 0 14 28 12.0 14.142135623730951 1.0487281405163875 
74 91 1 0 14 27 12.0 14.142135623730951 1.04309678658547 
72 89 1 0 12 20 12.0 14.142135623730951 1.0414130826722061 
71 88 2 1 13 20 12.0 14.142135623730951 1.049154888882983 
69 87 2 1 13 27 12.0 14.142135623730951 1.0480951155467702 
68 86 2 1 12 25 11.045361017187261 14.142135623730951 1.0467048595768156 
67 85 2 1 11 23 11.045361017187261 14.142135623730951 1.0586720315905507 
66 84 3 1 11 23 11.045361017187261 14.142135623730951 1.0602035964225653 
64 83 3 1 10 23 11.045361017187261 14.142135623730951 1.0593218978493555 
63 82 3 1 10 22 11.045361017187261 14.142135623730951 1.0609512799733327 
61 81 3 1 10 22 9.486832980505138 14.142135623730951 1.0582376021632434 
59 79 3 1 10 19 9.486832980505138 14.142135623730951 1.0592564649173728 
58 78 3 1 10 20 9.486832980505138 14.142135623730951 1.0611465367900916 
57 77 3 1 9 21 8.246211251235321 14.142135623730951 1.0612127221600505 
56 75 3 1 9 22 8.246211251235321 14.142135623730951 1.0639146966601392 
50 74 3 1 9 20 9.899494936611665 14.142135623730951 1.0782241532681383 
49 73 4 1 8 22 9.899494936611665 14.142135623730951 1.0768253461646213 
47 72 4 1 8 20 9.899494936611665 13.341664064126334 1.0928065772659166 
43 71 5 1 8 21 9.899494936611665 13.341664064126334 1.0928156639155406 
42 70 5 1 7 20 8.602325267042627 13.341664064126334 1.078216255285512 
41 69 5 2 6 18 8.602325267042627 13.341664064126334 1.080189543384452 
39 68 5 2 4 18 8.602325267042627 13.341664064126334 1.0802581254749117 
38 67 5 2 4 18 8.602325267042627 13.341664064126334 1.0794450089921614 
36 65 5 2 4 17 8.602325267042627 13.341664064126334 1.0899509462249815 
35 63 6 2 3 16 8.602325267042627 13.341664064126334 1.08997739618239 
34 62 6 2 2 16 10.0 13.341664064126334 1.0896904544274213 
33 61 6 2 3 17 10.0 12.165525060596439 1.0904176171988815 
31 59 7 3 3 19 10.0 12.165525060596439 1.0697702320497728 
30 55 7 4 2 14 8.602325267042627 11.045361017187261 1.068446810209638 
29 54 7 4 3 13 8.602325267042627 11.045361017187261 1.068997014102287 
28 53 7 4 3 13 7.211102550927978 11.045361017187261 1.0552787736734326 
26 52 7 5 2 11 7.615773105863909 11.045361017187261 1.0586451992519879 
25 51 7 5 2 14 6.324555320336759 11.045361017187261 1.060210881772826 
24 50 7 5 2 14 2.0 11.045361017187261 1.0726197770534864 
23 49 8 5 1 14 2.0 11.045361017187261 1.069396525934623 
22 48 8 5 2 11 1.4142135623730951 10.770329614269007 1.0806917085322065 
21 47 9 5 0 10 3.1622776601683795 10.770329614269007 1.0789521825037738 
21 46 9 5 1 9 1.4142135623730951 10.770329614269007 1 
