140 140 0 0 14 14 16.0 16.0 0.9940702058370908 
138 139 0 0 17 17 16.0 14.142135623730951 0.9977358119445855 
134 135 0 0 16 17 12.649110640673518 16.0 1.0003324425678424 
132 134 0 0 16 19 14.142135623730951 16.0 1.003528145276623 
130 132 0 0 16 22 14.142135623730951 16.0 1.0038178507203739 
128 130 0 0 16 22 14.142135623730951 16.0 1.004016015446022 
126 129 0 0 14 20 14.142135623730951 16.0 1.0016655026466048 
124 128 0 0 16 18 14.142135623730951 15.033296378372908 1.0040174318744077 
122 126 0 0 15 20 15.033296378372908 15.033296378372908 1.0038085334996985 
120 125 0 0 16 19 15.033296378372908 15.033296378372908 1.0075143256783663 
118 123 0 0 17 23 15.033296378372908 15.033296378372908 1.0044394575719648 
116 121 0 0 18 20 15.033296378372908 15.033296378372908 1.0056578012373882 
114 120 0 0 18 20 15.033296378372908 15.033296378372908 1.0059475066811387 
112 118 0 0 18 20 15.033296378372908 15.033296378372908 1.0081345161015718 
110 117 0 0 18 21 15.033296378372908 15.033296378372908 1.0093928873003326 
108 115 0 0 18 22 15.033296378372908 15.033296378372908 1.007235171764176 
106 113 0 0 17 19 15.033296378372908 15.033296378372908 1.0065046982681523 
104 111 0 0 15 17 15.033296378372908 15.033296378372908 1.0087929271757248 
100 109 0 0 16 18 15.033296378372908 14.142135623730951 1.0190304537314154 
96 107 0 0 18 27 15.033296378372908 14.142135623730951 1.0292261407223953 
90 106 1 0 19 20 15.033296378372908 14.142135623730951 1.0478786559466238 
86 105 2 0 18 23 15.033296378372908 14.142135623730951 1.0471081549172623 
84 104 2 0 16 20 15.033296378372908 14.142135623730951 1.0483264985826855 
82 103 2 0 16 20 15.033296378372908 14.142135623730951 1.0504619948183533 
80 102 2 0 14 20 15.033296378372908 14.142135623730951 1.0544299973755036 
79 101 2 0 12 23 15.033296378372908 14.142135623730951 1.0521674566508092 
78 99 2 0 11 21 15.033296378372908 14.142135623730951 1.0513436436176749 
77 98 2 0 11 20 15.033296378372908 14.142135623730951 1.0531934662572016 
75 96 2 0 13 23 14.0 13.038404810405298 1.0578360016852693 
71 95 2 0 11 23 13.038404810405298 13.038404810405298 1.054993612913781 
70 93 2 0 10 20 12.0 13.038404810405298 1.0651752634319591 
69 92 3 0 12 19 12.0 13.038404810405298 1.0722857095004756 
63 91 3 0 10 20 12.0 12.649110640673518 1.0814986942636442 
62 90 4 0 12 18 12.0 12.649110640673518 1.084581754274196 
60 89 4 0 9 19 12.0 12.0 1.0977742272459416 
58 88 5 0 11 20 12.0 12.0 1.0999097234816098 
56 87 5 0 9 20 12.0 12.0 1.099901939374178 
55 86 5 0 8 19 11.045361017187261 12.0 1.0978757920894615 
53 82 5 0 9 19 11.045361017187261 12.0 1.0979691316265723 
52 81 5 0 7 18 11.045361017187261 12.0 1.1043845551636293 
51 80 5 0 6 24 11.045361017187261 12.0 1.1049208302584443 
50 79 5 0 6 24 10.0 12.0 1.0908439864136779 
49 78 5 1 4 22 10.0 12.0 1.0914989286054406 
48 77 5 1 5 23 10.0 12.0 1.088227694592399 
47 76 5 1 4 19 10.0 12.0 1.0879139710291519 
46 75 5 1 5 19 10.0 12.0 1.089852054541538 
42 74 5 1 6 18 10.0 12.0 1.0926560239276042 
41 73 5 1 5 21 10.0 11.045361017187261 1.0942281186896121 
40 72 5 1 4 22 10.0 11.045361017187261 1.0891110938846529 
39 70 5 1 5 18 10.0 11.045361017187261 1.092161943871558 
38 69 5 1 5 21 10.0 11.045361017187261 1.0929217112518586 
36 68 5 1 6 21 10.0 11.045361017187261 1.1060111578540748 
34 67 6 1 4 20 10.0 11.045361017187261 1.1037733551531903 
33 66 6 1 4 17 8.602325267042627 11.045361017187261 1.0916747082233524 
31 65 6 2 5 16 5.0990195135927845 11.045361017187261 1.0792214723253586 
29 63 6 3 4 16 5.0990195135927845 11.045361017187261 1.0932795846825845 
27 62 7 3 2 16 5.0990195135927845 11.045361017187261 1.0938359515310099 
26 61 7 3 2 16 4.0 11.045361017187261 1.0943674203167038 
24 60 7 3 1 15 4.47213595499958 11.045361017187261 1.1064348891601368 
23 59 8 3 1 15 4.47213595499958 11.045361017187261 1.1068035894504265 
22 58 8 3 0 15 5.0990195135927845 11.045361017187261 1.106141563734465 
22 57 8 3 1 15 3.1622776601683795 11.045361017187261 1.1186676088630205 
21 56 9 3 0 15 3.1622776601683795 11.045361017187261 1.1189036008736704 
21 55 9 3 1 16 1.4142135623730951 11.045361017187261 1 
