140 140 0 0 14 14 16.0 16.0 0.9981300722763918 
138 139 0 0 17 18 16.0 14.142135623730951 1.008795125244028 
134 137 0 0 16 23 12.649110640673518 16.0 1.0058775553196821 
132 136 0 0 16 19 13.038404810405298 16.0 1.0088718226108107 
130 134 0 0 16 22 13.341664064126334 16.0 1.0044869749854453 
128 130 0 0 16 20 13.341664064126334 15.033296378372908 1.0069169448854716 
126 129 0 0 14 21 15.033296378372908 15.033296378372908 1.008976643166847 
124 128 0 0 16 23 15.033296378372908 15.033296378372908 1.0136159571220407 
122 127 0 0 15 26 15.033296378372908 15.033296378372908 1.0142628882841593 
120 125 0 0 16 27 15.033296378372908 15.033296378372908 1.0178340071599012 
118 124 0 0 17 30 15.033296378372908 15.033296378372908 1.014571646103457 
116 122 0 0 18 27 15.033296378372908 15.033296378372908 1.0098887364774578 
114 120 0 0 18 22 15.033296378372908 15.033296378372908 1.0120393067836442 
112 119 0 0 18 23 15.033296378372908 15.033296378372908 1.0141898770898305 
110 118 0 0 18 24 15.033296378372908 15.033296378372908 1.0165750825576603 
108 117 0 0 18 26 15.033296378372908 14.0 1.020680298973128 
106 116 0 0 18 29 15.033296378372908 14.0 1.0257036798718333 
100 114 0 0 17 29 15.033296378372908 14.0 1.0491050216777056 
99 113 1 0 18 41 15.033296378372908 14.0 1.03341647568235 
95 111 1 0 17 22 15.033296378372908 14.0 1.038055789637544 
93 110 1 0 16 25 15.033296378372908 14.0 1.039319908913901 
91 109 1 0 14 24 15.033296378372908 14.0 1.0385430921579726 
90 107 1 0 12 23 15.033296378372908 14.0 1.0376676219269336 
89 106 1 0 12 22 15.033296378372908 14.0 1.0600589880524673 
81 105 2 0 13 26 15.033296378372908 13.038404810405298 1.0538954692335005 
79 104 2 0 13 18 14.0 13.038404810405298 1.0560589801140674 
77 102 2 0 12 19 13.038404810405298 13.038404810405298 1.0566981298258873 
75 101 2 0 13 19 13.038404810405298 13.038404810405298 1.058278394370927 
73 100 2 0 13 19 12.165525060596439 13.038404810405298 1.0629177083261208 
71 99 2 0 12 22 12.165525060596439 13.038404810405298 1.080898337319064 
70 98 3 0 14 29 12.165525060596439 13.038404810405298 1.095433632262976 
66 97 4 0 12 27 12.165525060596439 13.038404810405298 1.0941219229868102 
64 96 4 0 10 23 11.40175425099138 13.038404810405298 1.0995066724888638 
62 94 4 0 10 28 10.770329614269007 13.038404810405298 1.0962411120839282 
61 92 4 0 9 25 10.770329614269007 13.038404810405298 1.0939716369827224 
59 88 4 0 10 25 10.770329614269007 13.038404810405298 1.0985168795646132 
58 87 4 0 9 29 10.770329614269007 13.038404810405298 1.0959081120353757 
57 86 4 0 9 26 10.295630140987 13.038404810405298 1.0930779956950556 
56 85 4 0 9 23 10.295630140987 13.038404810405298 1.080661526892335 
54 84 4 1 10 23 10.295630140987 13.038404810405298 1.097594693460443 
50 83 5 1 9 24 10.295630140987 13.038404810405298 1.0994889409644715 
48 82 5 1 7 23 8.94427190999916 13.038404810405298 1.1005681168427142 
47 81 5 1 7 24 8.94427190999916 13.038404810405298 1.101929506840866 
43 80 5 1 7 22 8.94427190999916 13.038404810405298 1.0996412694905708 
42 78 5 1 6 20 8.94427190999916 13.038404810405298 1.11122144468954 
41 77 6 1 6 20 8.94427190999916 12.165525060596439 1.1104424401014301 
40 75 6 1 5 20 9.899494936611665 12.165525060596439 1.1095669698703914 
39 74 6 1 5 19 9.899494936611665 12.165525060596439 1.1229134906071314 
38 73 7 1 4 19 8.602325267042627 12.165525060596439 1.124435892000289 
37 72 7 1 5 21 8.602325267042627 12.165525060596439 1.1241055001077669 
35 70 7 1 6 21 8.602325267042627 12.165525060596439 1.1229014235607724 
34 69 7 1 6 19 7.211102550927978 12.165525060596439 1.1215827278148194 
33 68 7 1 5 17 7.211102550927978 12.165525060596439 1.1219478111676722 
31 67 7 1 5 17 8.94427190999916 12.165525060596439 1.1241349875114255 
30 66 7 1 5 17 4.47213595499958 12.165525060596439 1.1222821942257462 
29 65 7 1 5 15 4.47213595499958 12.165525060596439 1.1229032773349699 
28 64 7 1 3 15 4.47213595499958 11.40175425099138 1.1249597762678534 
27 63 7 1 3 17 4.47213595499958 11.40175425099138 1.1257845518165008 
26 62 7 1 3 18 3.1622776601683795 10.198039027185569 1.1268637276947435 
25 61 7 1 3 19 3.1622776601683795 10.198039027185569 1.1396131693746783 
24 59 8 1 2 20 3.1622776601683795 10.198039027185569 1.1392796605164788 
23 58 8 1 2 19 2.0 10.198039027185569 1.13967757515174 
22 57 8 1 1 19 1.4142135623730951 9.486832980505138 1.1507010379485179 
21 56 9 1 0 19 5.0990195135927845 9.486832980505138 1.1506054905447956 
21 55 9 1 1 19 1.4142135623730951 9.055385138137417 1 
