140 140 0 0 14 14 16.0 16.0 1.0568301212517248 
138 139 0 0 17 17 16.0 14.142135623730951 1.061486231670866 
134 138 0 0 16 17 12.165525060596439 16.0 1.059851789264463 
132 137 0 0 16 15 13.341664064126334 16.0 1.061239800987138 
130 136 0 0 16 16 14.142135623730951 16.0 1.0618071731615495 
128 135 0 0 16 16 14.142135623730951 16.0 1.0639127447743102 
126 134 0 0 14 17 14.142135623730951 16.0 1.0649063362862394 
124 133 0 0 16 18 14.142135623730951 16.0 1.066733912873792 
122 132 0 0 15 19 14.142135623730951 16.0 1.0688729209385965 
120 130 0 0 16 22 14.142135623730951 16.0 1.0691622980878002 
118 129 0 0 17 22 14.142135623730951 16.0 1.0683546779888045 
116 127 0 0 18 22 14.142135623730951 16.0 1.0728508877149494 
114 126 0 0 18 26 14.142135623730951 16.0 1.0714538411134944 
112 125 0 0 18 24 14.142135623730951 16.0 1.0709242160397066 
110 123 0 0 18 24 14.142135623730951 16.0 1.0705093788261846 
108 122 0 0 18 23 14.142135623730951 16.0 1.0681301228367963 
106 121 0 0 18 20 14.142135623730951 16.0 1.0676004977630085 
104 119 0 0 18 20 14.142135623730951 16.0 1.066644653351703 
102 117 0 0 16 19 14.142135623730951 16.0 1.0664085299414399 
101 116 0 0 16 19 14.0 16.0 1.071966252763836 
99 114 0 0 16 25 13.038404810405298 16.0 1.0658343441721179 
97 113 0 0 16 18 12.165525060596439 16.0 1.0704847159365913 
95 112 0 0 16 22 11.40175425099138 16.0 1.0904772340187534 
87 110 1 0 16 26 11.40175425099138 16.0 1.0927089756157762 
83 109 1 0 16 26 11.40175425099138 16.0 1.0910118796610653 
79 108 1 0 16 22 11.40175425099138 16.0 1.1110150699472794 
75 107 2 0 15 28 11.40175425099138 16.0 1.1126921003566133 
73 106 2 0 15 29 10.770329614269007 16.0 1.1162079010591435 
72 105 2 0 12 32 10.770329614269007 16.0 1.1199767882686882 
70 103 3 0 10 24 10.770329614269007 16.0 1.117415352173272 
68 102 3 0 11 21 10.295630140987 16.0 1.1167950226407546 
66 101 3 0 11 20 11.313708498984761 16.0 1.1190267642377771 
62 100 3 0 11 20 11.313708498984761 16.0 1.130117590464102 
61 98 4 0 15 22 11.313708498984761 16.0 1.1315189477141379 
59 97 4 0 12 22 11.313708498984761 16.0 1.1320410626232484 
57 96 4 0 12 22 8.0 15.033296378372908 1.1335001479202105 
55 95 4 0 13 23 7.0710678118654755 15.033296378372908 1.1333322266637682 
53 94 4 0 11 22 8.602325267042627 15.033296378372908 1.1335068159527057 
51 92 4 0 12 23 8.602325267042627 15.033296378372908 1.1357344412621664 
47 91 4 0 11 23 10.0 15.033296378372908 1.1343669358408683 
46 90 4 0 9 21 8.48528137423857 15.033296378372908 1.1349343080152798 
44 89 4 0 9 21 8.48528137423857 15.033296378372908 1.133700468578767 
42 87 4 0 8 20 8.48528137423857 15.033296378372908 1.1413981933400452 
40 85 5 0 6 16 8.48528137423857 15.033296378372908 1.1414113758283593 
39 84 5 0 5 16 8.48528137423857 15.033296378372908 1.1435604077668948 
35 83 5 0 6 17 8.602325267042627 14.0 1.1551678709397122 
33 82 6 0 7 17 10.0 14.0 1.1568749640307943 
31 81 6 0 4 17 8.48528137423857 14.0 1.1583319014181115 
29 80 6 0 4 18 8.94427190999916 14.0 1.1696266151600234 
28 79 7 0 3 17 5.656854249492381 14.0 1.1699191279913068 
27 78 7 0 3 18 4.242640687119285 13.038404810405298 1.180981698406469 
25 77 8 0 5 18 3.1622776601683795 12.0 1.181414455142707 
23 76 8 0 1 17 4.47213595499958 12.0 1.1797276050062264 
22 75 8 0 0 15 3.1622776601683795 12.0 1.178982462175729 
22 74 8 0 1 16 1.4142135623730951 11.045361017187261 1.1789617968080255 
21 73 9 1 0 19 7.0710678118654755 11.045361017187261 1.179521184281171 
21 71 9 1 0 21 3.1622776601683795 11.045361017187261 1.1755523989105254 
21 70 9 1 1 18 1.4142135623730951 11.045361017187261 1 
