140 140 0 0 14 14 16.0 16.0 1.0866805772688948 
138 139 0 0 17 19 16.0 14.142135623730951 1.091759905636588 
134 138 0 0 16 20 12.165525060596439 16.0 1.0937725654966781 
132 137 0 0 21 21 12.649110640673518 16.0 1.0983793978956082 
128 136 0 0 22 23 13.038404810405298 16.0 1.0969258828962538 
124 135 0 0 22 20 13.038404810405298 16.0 1.0954723678968994 
120 134 0 0 22 17 13.038404810405298 16.0 1.1002480256223566 
116 133 0 0 25 19 13.038404810405298 16.0 1.1173364456854977 
108 131 1 0 18 21 12.649110640673518 16.0 1.1251689191861505 
106 130 1 0 20 27 12.649110640673518 16.0 1.125971411050303 
102 128 1 0 18 27 12.649110640673518 16.0 1.1386804235877837 
101 124 2 0 15 32 12.165525060596439 16.0 1.1320427972910647 
99 122 2 0 18 27 14.142135623730951 16.0 1.1328207108958388 
95 120 3 0 15 18 14.142135623730951 16.0 1.1393759928973666 
93 118 3 0 16 24 14.142135623730951 16.0 1.1472084663980193 
91 117 3 0 18 30 14.142135623730951 16.0 1.1523905338723608 
85 116 4 0 14 23 14.0 15.033296378372908 1.155135125050389 
83 115 4 0 13 25 15.033296378372908 15.033296378372908 1.154407282307363 
81 114 4 0 13 24 15.033296378372908 15.033296378372908 1.1536772690776396 
79 112 4 0 13 24 15.033296378372908 15.033296378372908 1.1517452010041513 
77 110 4 0 13 23 15.033296378372908 15.033296378372908 1.1544775904550943 
75 109 4 0 11 25 15.033296378372908 15.033296378372908 1.1536038153747432 
73 108 4 0 9 24 15.033296378372908 15.033296378372908 1.1526100932928238 
72 107 4 0 10 24 14.142135623730951 14.142135623730951 1.154294718721868 
70 106 4 0 10 25 14.0 14.142135623730951 1.1547024394271739 
68 105 4 0 8 25 12.649110640673518 14.142135623730951 1.1508042344496803 
67 104 4 0 9 22 12.649110640673518 14.142135623730951 1.1481080843159515 
66 103 4 0 10 20 12.649110640673518 14.142135623730951 1.1477715156288162 
65 102 4 0 10 20 12.165525060596439 14.142135623730951 1.1494926971861164 
63 101 4 0 10 21 11.40175425099138 14.142135623730951 1.1535730738181496 
61 100 4 0 10 24 11.40175425099138 14.142135623730951 1.1552864725732852 
59 99 4 0 10 25 10.770329614269007 14.142135623730951 1.15586156621045 
57 98 4 0 11 25 10.295630140987 14.142135623730951 1.1505938616584532 
53 94 4 0 8 22 10.0 14.142135623730951 1.1498660189154273 
51 93 4 0 8 21 10.0 14.142135623730951 1.158898376773147 
49 91 4 0 10 29 10.0 14.142135623730951 1.1562889610176517 
47 89 4 0 10 28 10.0 13.341664064126334 1.1655136444068321 
46 87 5 0 9 28 10.0 13.341664064126334 1.162302261069453 
45 85 5 0 11 27 10.0 12.649110640673518 1.1747296450162417 
43 84 6 0 8 28 8.246211251235321 12.649110640673518 1.1684212996526397 
42 82 6 0 8 24 7.0710678118654755 12.649110640673518 1.1692583478815428 
41 81 6 0 8 25 7.0710678118654755 12.649110640673518 1.1548975600218063 
40 79 6 1 9 26 6.0 12.649110640673518 1.1540237849414552 
38 78 6 1 7 25 6.0 12.649110640673518 1.1549337993390205 
37 77 6 1 8 26 6.0 12.649110640673518 1.1510355943615271 
36 76 6 1 9 23 6.0 12.649110640673518 1.1668972363496348 
32 75 7 1 5 26 7.0710678118654755 12.165525060596439 1.1594636231085307 
31 73 7 1 6 21 5.830951894845301 12.165525060596439 1.155683911765343 
30 72 7 1 5 19 5.656854249492381 11.045361017187261 1.1609641727544435 
28 70 7 1 5 24 5.656854249492381 11.045361017187261 1.1618843857937406 
27 69 7 1 5 25 4.242640687119285 11.045361017187261 1.1546051394128123 
25 68 7 1 4 19 8.246211251235321 10.770329614269007 1.1657981301926958 
23 66 8 1 2 20 8.246211251235321 10.770329614269007 1.1810352582873977 
22 65 9 1 1 24 8.246211251235321 10.770329614269007 1.17946433661689 
21 64 9 1 0 23 7.0710678118654755 10.770329614269007 1.158347965893004 
21 62 9 2 0 19 3.1622776601683795 10.770329614269007 1.1573195040901876 
21 61 9 2 1 19 1.4142135623730951 10.770329614269007 1 
