140 140 0 0 14 14 16.0 16.0 1.0773478564231 
138 139 0 0 17 19 16.0 14.142135623730951 1.0780434340878764 
134 137 0 0 16 17 12.165525060596439 16.0 1.0792524878445826 
132 136 0 0 16 18 14.0 16.0 1.0827019308071124 
130 135 0 0 16 21 14.0 16.0 1.086053006566002 
128 133 0 0 16 25 14.0 16.0 1.084712284038382 
126 132 0 0 14 23 14.0 16.0 1.088867153856584 
124 131 0 0 16 27 14.0 16.0 1.0842066312479914 
122 129 0 0 15 23 14.0 16.0 1.0885193799676671 
120 128 0 0 16 27 14.0 16.0 1.0877262053942454 
118 127 0 0 17 26 14.0 16.0 1.083771109641325 
116 125 0 0 18 23 14.0 16.0 1.0851781832866159 
114 124 0 0 18 24 14.0 16.0 1.0876064415905264 
112 123 0 0 18 26 14.0 16.0 1.0920770692116757 
110 122 0 0 18 30 14.0 16.0 1.096010768364518 
106 121 0 0 18 32 14.0 16.0 1.092090748051352 
102 120 0 0 16 26 14.0 16.0 1.0975672176955957 
100 119 0 0 16 31 14.142135623730951 16.0 1.096931922023648 
98 118 0 0 16 30 14.142135623730951 16.0 1.088442906885692 
96 117 0 0 14 21 14.142135623730951 16.0 1.0901024268742594 
94 113 0 0 17 26 14.142135623730951 16.0 1.1031896115845254 
90 112 1 0 18 26 14.142135623730951 16.0 1.10829175481157 
88 111 1 0 14 30 14.142135623730951 16.0 1.106115287291369 
87 109 1 0 12 29 14.0 16.0 1.1026849018777165 
86 108 1 0 12 26 14.0 16.0 1.102153404283473 
84 107 1 0 12 25 13.038404810405298 16.0 1.101454451520932 
82 106 1 0 13 24 12.165525060596439 16.0 1.0955760098464387 
80 102 1 0 12 21 12.165525060596439 16.0 1.0798237173578602 
79 100 1 1 10 20 11.40175425099138 16.0 1.0814713097295154 
78 99 1 1 11 22 10.198039027185569 16.0 1.0791854511858912 
77 98 1 1 11 20 9.055385138137417 16.0 1.0964625811541142 
69 97 2 1 11 21 9.055385138137417 16.0 1.096340973786424 
68 96 2 1 10 21 8.246211251235321 16.0 1.0944813921912617 
67 94 2 1 10 22 8.246211251235321 14.142135623730951 1.0940272155848372 
66 93 2 1 10 22 9.055385138137417 14.142135623730951 1.100966555658853 
65 92 2 1 9 29 9.055385138137417 14.142135623730951 1.09743780304156 
64 90 2 1 9 27 9.055385138137417 14.142135623730951 1.0927177687351342 
62 89 2 1 9 22 9.055385138137417 14.142135623730951 1.0904664468815748 
61 88 2 1 8 20 9.055385138137417 14.142135623730951 1.0916990857413955 
60 87 2 1 7 22 9.055385138137417 13.341664064126334 1.103828377556928 
58 86 3 1 11 23 9.055385138137417 13.341664064126334 1.1038245974908756 
56 85 3 1 7 22 9.055385138137417 13.341664064126334 1.0926446942100327 
55 77 3 1 7 19 8.246211251235321 13.341664064126334 1.105432078568267 
53 76 4 1 7 20 8.0 13.341664064126334 1.1072654953491856 
52 75 4 1 6 22 8.0 13.341664064126334 1.1057196003512981 
51 74 4 1 7 21 8.0 13.341664064126334 1.1055106478149777 
50 73 4 1 6 21 8.0 13.341664064126334 1.1062652733504834 
49 72 4 1 6 22 7.0710678118654755 13.341664064126334 1.1075249151993027 
47 71 4 1 5 23 9.899494936611665 13.341664064126334 1.1038260655514966 
45 70 4 1 5 19 9.899494936611665 13.341664064126334 1.1024380494550832 
44 69 4 1 5 18 9.899494936611665 13.341664064126334 1.1116610533144404 
40 67 5 1 6 17 9.899494936611665 11.045361017187261 1.1217392704181282 
38 66 6 1 5 16 11.40175425099138 10.198039027185569 1.1192411251295495 
37 65 7 2 4 16 11.40175425099138 10.198039027185569 1.1191687689570895 
36 64 7 2 5 16 7.211102550927978 10.198039027185569 1.108380443868232 
35 63 7 3 4 19 7.211102550927978 10.198039027185569 1.107870447610748 
34 62 7 3 3 19 10.0 10.198039027185569 1.107172261951533 
30 61 7 3 2 16 7.0710678118654755 10.198039027185569 1.106805430513739 
29 60 7 3 2 16 7.0710678118654755 10.198039027185569 1.1065912544249172 
28 59 7 3 2 16 5.656854249492381 10.198039027185569 1.106224422987123 
27 58 7 3 2 16 5.656854249492381 10.198039027185569 1.1039731011335636 
26 57 7 3 1 14 5.656854249492381 10.198039027185569 1.092158367833586 
25 56 7 4 1 16 4.242640687119285 10.198039027185569 1.0919441917447643 
24 55 7 4 1 16 2.8284271247461903 10.198039027185569 1.102753666181291 
23 54 8 4 1 16 4.47213595499958 10.198039027185569 1.1016649198486805 
22 53 8 4 0 15 3.1622776601683795 10.198039027185569 1.100576181473406 
22 52 8 4 1 15 1.4142135623730951 10.198039027185569 1.1105765598418125 
21 51 9 4 0 15 7.0710678118654755 9.486832980505138 1.1088577523283645 
21 50 9 4 0 14 3.1622776601683795 9.486832980505138 1.1077690139530898 
21 49 9 4 1 14 1.4142135623730951 9.486832980505138 1 
