140 140 0 0 14 14 16.0 16.0 1.014240259663438 
138 138 0 0 17 17 16.0 14.142135623730951 1.0188371063054207 
134 137 0 0 16 16 13.341664064126334 16.0 1.0185817706846785 
132 135 0 0 16 16 14.142135623730951 16.0 1.0204922123803293 
130 134 0 0 16 17 14.142135623730951 16.0 1.0204906518434949 
128 132 0 0 16 17 14.142135623730951 16.0 1.0241869711254303 
126 131 0 0 14 19 14.142135623730951 16.0 1.028047168522378 
124 129 0 0 16 24 14.142135623730951 16.0 1.0287289241428326 
122 128 0 0 15 24 14.142135623730951 15.033296378372908 1.025198716887137 
120 126 0 0 16 21 15.033296378372908 15.033296378372908 1.0276281286696625 
118 125 0 0 17 23 15.033296378372908 15.033296378372908 1.0319400856255438 
116 124 0 0 18 27 15.033296378372908 15.033296378372908 1.032909254734517 
114 123 0 0 18 27 15.033296378372908 15.033296378372908 1.0310251490243265 
112 121 0 0 18 25 15.033296378372908 15.033296378372908 1.029170500373266 
110 120 0 0 18 22 15.033296378372908 15.033296378372908 1.0301396694822393 
108 119 0 0 18 22 15.033296378372908 15.033296378372908 1.0372934837739334 
102 118 0 0 17 24 15.033296378372908 15.033296378372908 1.0524146388197708 
101 117 1 0 16 27 15.033296378372908 15.033296378372908 1.0515291592776836 
97 115 1 0 16 24 15.033296378372908 15.033296378372908 1.057204691320046 
95 114 1 0 16 29 15.033296378372908 15.033296378372908 1.0524378537315622 
93 110 1 0 16 26 15.033296378372908 15.033296378372908 1.0561341730134979 
91 109 1 0 14 28 15.033296378372908 15.033296378372908 1.0490255145514613 
90 108 1 0 13 20 15.033296378372908 15.033296378372908 1.0609005493374624 
89 107 2 0 13 20 15.033296378372908 15.033296378372908 1.0637522636197911 
87 106 2 0 13 22 15.033296378372908 15.033296378372908 1.0631083417028866 
86 104 2 0 13 22 14.0 15.033296378372908 1.0636552083120565 
84 103 2 0 14 22 14.0 15.033296378372908 1.0631354579567647 
83 102 2 0 13 21 14.0 15.033296378372908 1.0631346776883475 
82 101 2 0 13 21 14.0 15.033296378372908 1.0643800264340428 
81 100 2 0 13 22 13.038404810405298 15.033296378372908 1.061525971346462 
80 98 2 0 13 20 13.038404810405298 15.033296378372908 1.047367991982022 
79 97 2 1 13 19 13.038404810405298 15.033296378372908 1.047914858591192 
77 96 2 1 14 19 13.038404810405298 15.033296378372908 1.050495656791789 
76 95 2 1 13 21 12.165525060596439 15.033296378372908 1.054221468986204 
74 94 2 1 14 24 11.045361017187261 15.033296378372908 1.060650716402028 
72 93 2 1 13 29 10.0 15.033296378372908 1.0515529042741332 
70 92 2 1 13 19 10.0 14.142135623730951 1.066867394494113 
69 91 3 1 16 24 10.0 14.142135623730951 1.0714656723570806 
65 90 3 1 12 24 10.0 14.142135623730951 1.0644600098649053 
63 86 3 1 11 18 9.486832980505138 14.142135623730951 1.0806191050844918 
62 85 4 1 12 23 9.486832980505138 14.142135623730951 1.0810454592634315 
61 83 4 1 9 24 9.486832980505138 13.038404810405298 1.0827017491068187 
60 82 4 1 9 26 10.198039027185569 13.038404810405298 1.078996186376756 
58 76 4 1 9 27 10.198039027185569 12.0 1.0718867476463023 
56 74 4 1 8 19 10.198039027185569 12.0 1.070365680030046 
55 73 4 1 8 17 9.055385138137417 12.0 1.0734938513031091 
54 71 4 1 8 21 8.0 12.0 1.066815791750557 
53 67 4 1 8 17 8.0 12.0 1.0677562840688175 
52 66 4 1 8 18 8.0 12.0 1.0664492580276432 
50 65 4 1 8 17 10.0 11.045361017187261 1.0674105554348412 
49 64 4 1 9 18 8.602325267042627 11.045361017187261 1.0508216037510407 
48 62 4 2 8 15 8.602325267042627 11.045361017187261 1.0547597232443968 
47 61 4 2 8 20 8.602325267042627 10.0 1.0514448319197842 
45 60 4 2 7 15 8.602325267042627 10.0 1.051045212783118 
44 59 5 3 7 16 8.602325267042627 10.0 1.0501031599280228 
43 58 5 3 7 15 8.602325267042627 10.0 1.04960216916599 
42 57 5 3 7 14 7.211102550927978 10.0 1.0501490357751597 
40 56 5 3 8 14 7.211102550927978 10.0 1.0501717191382969 
39 55 6 4 7 15 7.211102550927978 10.0 1.050593241369683 
38 54 6 4 6 15 7.211102550927978 10.0 1.0481909458410354 
37 53 6 4 5 12 7.211102550927978 10.0 1.0484374609412064 
36 52 6 4 6 12 5.0990195135927845 10.0 1.0488589831725925 
35 51 6 4 5 12 5.0990195135927845 10.0 1.048886879694888 
33 50 6 4 5 11 5.0990195135927845 10.0 1.049856048803861 
31 49 6 4 5 11 5.0990195135927845 10.0 1.0620075336823918 
29 48 7 4 5 11 5.0990195135927845 9.055385138137417 1.0749251353357312 
27 46 8 4 3 11 4.47213595499958 9.055385138137417 1.0749243550673138 
26 45 8 4 3 11 4.47213595499958 9.055385138137417 1.0753458772986997 
25 44 8 4 2 11 4.47213595499958 9.055385138137417 1.0748190914130418 
24 43 8 4 2 10 3.1622776601683795 9.055385138137417 1.0761280629198433 
23 42 8 4 2 11 2.0 9.055385138137417 1.0614098977610793 
22 41 8 5 1 10 5.0990195135927845 9.055385138137417 1.0743212441524694 
21 40 9 5 0 10 3.1622776601683795 9.055385138137417 1.0728883404113463 
21 39 9 5 1 10 1.4142135623730951 8.246211251235321 1 
