140 140 0 0 14 14 16.0 16.0 0.979835848174403 
138 138 0 0 17 17 16.0 14.142135623730951 0.9917008286203582 
134 137 0 0 16 22 13.038404810405298 16.0 0.9979319596076421 
132 136 0 0 16 27 13.038404810405298 16.0 0.9992860885183723 
130 135 0 0 16 27 13.038404810405298 16.0 0.9968888416543484 
128 131 0 0 16 26 13.038404810405298 16.0 1.0011104342830408 
126 130 0 0 14 29 14.0 15.033296378372908 0.9988924296763785 
124 129 0 0 16 27 15.033296378372908 15.033296378372908 1.0057294562441879 
122 127 0 0 15 33 15.033296378372908 15.033296378372908 1.002626163208646 
120 126 0 0 16 29 15.033296378372908 15.033296378372908 1.0014736710037255 
118 125 0 0 17 27 15.033296378372908 15.033296378372908 1.0003712540943013 
116 123 0 0 18 26 15.033296378372908 15.033296378372908 1.0007499825897208 
114 122 0 0 18 25 15.033296378372908 15.033296378372908 1.002104111500451 
112 121 0 0 18 25 15.033296378372908 15.033296378372908 1.0073598420724243 
110 120 0 0 18 29 15.033296378372908 15.033296378372908 1.006763170152533 
108 119 0 0 18 27 15.033296378372908 15.033296378372908 1.008355025332828 
102 118 0 0 17 22 15.033296378372908 15.033296378372908 1.0189169031257612 
100 117 1 0 17 19 15.033296378372908 15.033296378372908 1.0202710320364914 
98 116 1 0 17 19 15.033296378372908 15.033296378372908 1.0239097013005005 
96 115 1 0 17 22 15.033296378372908 14.142135623730951 1.0237826848063873 
94 113 1 0 18 22 15.033296378372908 14.142135623730951 1.022795966223839 
92 111 1 0 16 20 15.033296378372908 13.341664064126334 1.02844319048088 
91 110 1 0 15 25 15.033296378372908 13.341664064126334 1.031184214512741 
90 109 1 0 13 26 14.142135623730951 13.341664064126334 1.0353703290351204 
89 108 1 0 13 30 14.0 13.341664064126334 1.0391495829857342 
87 107 1 0 13 32 13.038404810405298 13.341664064126334 1.0409342756114133 
85 106 1 0 13 32 12.165525060596439 13.341664064126334 1.0387635466188183 
83 105 1 0 13 28 11.40175425099138 13.341664064126334 1.0360517472683437 
82 104 1 0 13 25 11.40175425099138 13.341664064126334 1.04520907950156 
80 103 1 0 13 33 11.40175425099138 13.341664064126334 1.0535129221144468 
74 102 2 0 20 27 11.40175425099138 13.341664064126334 1.0757339911851396 
68 101 3 0 16 29 11.40175425099138 13.341664064126334 1.0783474716255261 
67 100 3 0 12 29 11.045361017187261 13.341664064126334 1.072020536655045 
66 96 3 0 10 24 11.045361017187261 13.341664064126334 1.0671010597012844 
64 95 3 0 8 16 10.198039027185569 13.341664064126334 1.0692662624273634 
63 94 3 0 8 18 10.198039027185569 13.341664064126334 1.0700865599033471 
62 92 3 0 7 19 10.198039027185569 13.341664064126334 1.074230649905262 
60 91 3 0 9 23 10.198039027185569 13.341664064126334 1.0908373432352356 
56 90 4 0 11 25 10.198039027185569 13.341664064126334 1.0847797625085474 
55 89 4 0 10 18 10.198039027185569 13.341664064126334 1.0840759262643935 
54 88 4 0 9 17 10.198039027185569 12.649110640673518 1.0990952260035989 
52 87 5 0 8 18 10.198039027185569 12.649110640673518 1.099865448184086 
51 86 5 0 7 18 10.198039027185569 12.649110640673518 1.1038498463637942 
47 85 5 0 7 18 9.486832980505138 12.649110640673518 1.1097646986763088 
46 84 5 0 6 23 8.94427190999916 12.649110640673518 1.1165559947113972 
45 83 5 0 5 29 8.602325267042627 12.649110640673518 1.1153754160612628 
44 82 5 0 4 27 8.602325267042627 12.649110640673518 1.1136390171260993 
43 81 5 0 4 25 8.602325267042627 12.649110640673518 1.111483038060654 
42 80 5 0 3 22 8.602325267042627 12.649110640673518 1.1115611998013644 
41 79 5 0 5 23 8.602325267042627 12.649110640673518 1.1084875543364436 
40 78 5 0 4 19 8.48528137423857 12.649110640673518 1.095261516722543 
38 76 5 1 5 19 8.602325267042627 12.649110640673518 1.0985664464638947 
36 75 5 1 5 21 8.602325267042627 12.649110640673518 1.0979697745440036 
34 74 5 1 5 19 8.602325267042627 12.649110640673518 1.1104824531675583 
32 73 6 1 5 18 8.602325267042627 12.649110640673518 1.1133520263766534 
30 72 7 2 2 18 7.0710678118654755 12.649110640673518 1.1142640146753702 
29 71 7 2 2 18 5.656854249492381 12.649110640673518 1.112117163889506 
28 70 7 2 1 16 7.615773105863909 12.649110640673518 1.113211961110098 
27 69 7 2 1 16 5.830951894845301 12.649110640673518 1.100385075901604 
26 68 7 3 1 16 5.830951894845301 12.649110640673518 1.1132892482102263 
25 67 8 3 0 16 5.830951894845301 12.649110640673518 1.1174685680957912 
25 66 8 3 1 21 4.242640687119285 12.649110640673518 1.1164297555638867 
24 65 8 3 1 19 2.8284271247461903 12.649110640673518 1.1119317667055566 
23 64 8 3 1 15 4.47213595499958 12.649110640673518 1.1239221996775088 
22 63 9 3 0 15 6.324555320336759 12.649110640673518 1.1241655827018808 
22 62 9 3 1 15 2.8284271247461903 12.649110640673518 1 
