140 140 0 0 14 14 16.0 16.0 1.0279247285271462 
138 138 0 0 17 17 16.0 14.142135623730951 1.0377274149913702 
134 137 0 0 16 22 13.341664064126334 16.0 1.0441436397367545 
132 136 0 0 16 28 13.341664064126334 16.0 1.041215912425077 
130 135 0 0 16 24 13.341664064126334 16.0 1.0420257659362244 
128 134 0 0 16 24 13.341664064126334 16.0 1.0389900387704893 
126 130 0 0 14 23 13.341664064126334 15.033296378372908 1.0413252132296291 
124 129 0 0 16 26 15.033296378372908 15.033296378372908 1.0405960545222892 
122 127 0 0 15 25 15.033296378372908 15.033296378372908 1.0389463745754848 
120 123 0 0 16 26 15.033296378372908 15.033296378372908 1.0364927818497809 
118 121 0 0 17 24 15.033296378372908 15.033296378372908 1.0382568452651242 
114 119 0 0 19 25 15.033296378372908 15.033296378372908 1.035133394313236 
112 115 0 0 19 24 15.033296378372908 15.033296378372908 1.036026553400888 
108 114 0 0 17 22 15.033296378372908 14.142135623730951 1.0419884582587882 
104 113 0 0 18 26 15.033296378372908 14.142135623730951 1.0534393507698747 
98 112 1 0 16 20 15.033296378372908 14.142135623730951 1.0654746080401625 
97 111 2 0 15 20 15.033296378372908 14.0 1.0634160347207877 
95 109 2 0 15 18 15.033296378372908 14.0 1.0670290738490533 
93 108 2 0 15 21 15.033296378372908 14.0 1.0653223811974053 
92 107 2 0 15 19 14.142135623730951 14.0 1.0659636255792047 
90 105 2 0 13 19 14.0 14.0 1.066737888117526 
89 103 2 0 13 21 14.0 14.0 1.0689068064812859 
88 102 2 0 12 23 14.0 14.0 1.0857588989858997 
82 101 3 0 11 23 13.341664064126334 14.0 1.090306333319872 
80 100 3 0 11 27 13.341664064126334 14.0 1.0927664488356255 
76 99 3 0 12 28 13.341664064126334 13.038404810405298 1.088305650037709 
72 98 3 0 11 20 13.341664064126334 13.038404810405298 1.088693230626148 
71 97 3 0 10 20 13.038404810405298 13.038404810405298 1.0896895603378702 
69 95 3 0 10 21 12.165525060596439 13.038404810405298 1.0887856352580338 
67 93 3 0 10 20 11.40175425099138 13.038404810405298 1.0874189908351082 
65 92 3 0 12 19 10.770329614269007 12.165525060596439 1.0863766909987216 
63 91 3 0 12 17 10.295630140987 12.0 1.0890553349212813 
61 90 3 0 12 19 10.295630140987 12.0 1.0906196362722602 
60 88 3 0 10 21 10.295630140987 12.0 1.0913642485700041 
58 86 3 0 10 22 10.295630140987 12.0 1.1058812840535686 
56 85 4 0 10 24 10.295630140987 12.0 1.117385536313562 
54 83 5 0 8 23 10.295630140987 12.0 1.1259818759603681 
48 79 6 0 8 18 10.295630140987 12.0 1.1300195847355405 
47 78 6 0 7 22 10.295630140987 12.0 1.1261871124587348 
46 77 6 0 7 18 10.295630140987 12.0 1.1274216356167885 
45 76 6 0 6 19 10.295630140987 12.0 1.1126150297736472 
44 75 6 1 6 17 8.94427190999916 12.0 1.1165300243292353 
43 74 6 1 6 21 8.0 12.0 1.1150760680226417 
41 73 6 1 7 19 8.0 12.0 1.113112386157248 
40 72 6 1 7 17 8.0 12.0 1.1265506700420578 
38 71 7 1 5 17 8.0 12.0 1.125762228582142 
37 70 7 1 5 17 8.0 11.045361017187261 1.1260623565344896 
36 69 7 1 4 17 8.0 11.045361017187261 1.1315738363147456 
35 68 7 1 4 23 8.0 11.045361017187261 1.1258429233859495 
33 67 7 1 4 16 8.0 11.045361017187261 1.136047411274486 
32 65 8 1 3 15 8.0 11.045361017187261 1.1371547966080782 
31 64 8 1 3 16 7.0710678118654755 11.045361017187261 1.1420407512415993 
30 63 8 1 3 21 6.0 11.045361017187261 1.1391426741704997 
29 62 8 1 3 18 6.0 11.045361017187261 1.140393126729113 
27 61 8 1 3 18 4.47213595499958 11.045361017187261 1.1384294448637193 
26 60 8 1 3 16 4.47213595499958 11.045361017187261 1.138795753702224 
25 59 8 1 2 16 4.242640687119285 11.045361017187261 1.1258632586382826 
24 58 8 2 1 16 4.242640687119285 11.045361017187261 1.1255606085078445 
23 57 8 2 1 16 2.8284271247461903 10.198039027185569 1.1264297625001474 
23 56 8 2 1 18 2.8284271247461903 10.198039027185569 1.1112631078590423 
23 55 8 3 1 17 2.8284271247461903 10.198039027185569 1.1093290762342265 
23 54 8 3 1 16 2.8284271247461903 10.198039027185569 1.1085794008372738 
22 53 8 3 1 16 5.0990195135927845 10.198039027185569 1.1080438068552587 
21 52 9 4 0 16 3.1622776601683795 10.198039027185569 1.1071532504481676 
21 51 9 4 1 16 1.4142135623730951 10.198039027185569 1 
