140 140 0 0 14 14 16.0 16.0 1.0790919312304406 
138 139 0 0 17 19 16.0 14.142135623730951 1.0844038759631607 
134 137 0 0 16 22 12.165525060596439 16.0 1.089251599006441 
132 136 0 0 16 27 13.038404810405298 16.0 1.0840185783400504 
130 134 0 0 16 23 13.038404810405298 15.033296378372908 1.0876642310334002 
128 132 0 0 16 28 15.033296378372908 15.033296378372908 1.087420771158774 
126 131 0 0 14 27 15.033296378372908 15.033296378372908 1.0871316239757733 
124 129 0 0 16 28 15.033296378372908 15.033296378372908 1.08107058750199 
122 128 0 0 15 21 15.033296378372908 15.033296378372908 1.0811329939620669 
120 127 0 0 16 21 15.033296378372908 15.033296378372908 1.0868033781480935 
118 126 0 0 17 27 15.033296378372908 15.033296378372908 1.0885931557469504 
116 124 0 0 18 30 15.033296378372908 15.033296378372908 1.0803261375624655 
114 120 0 0 18 25 15.033296378372908 14.142135623730951 1.0785868622172297 
112 118 0 0 18 24 15.033296378372908 14.142135623730951 1.0788588675505137 
110 117 0 0 18 24 15.033296378372908 14.142135623730951 1.0781962099294728 
108 116 0 0 18 23 15.033296378372908 14.142135623730951 1.0852724623163021 
100 112 1 0 22 18 15.033296378372908 14.142135623730951 1.090959910452545 
98 111 1 0 14 22 15.033296378372908 14.142135623730951 1.085481983290009 
96 109 1 0 14 17 15.033296378372908 14.142135623730951 1.086688651577618 
94 108 1 0 14 18 15.033296378372908 14.142135623730951 1.0884784291764746 
92 106 1 0 15 21 15.033296378372908 14.142135623730951 1.1057463731625787 
84 105 2 0 17 23 15.033296378372908 14.142135623730951 1.1120455539682275 
82 104 2 0 15 29 15.033296378372908 14.142135623730951 1.1118020940936013 
80 103 2 0 13 28 15.033296378372908 14.142135623730951 1.1147385078216523 
79 102 2 0 11 31 14.0 14.142135623730951 1.1117418116364293 
78 101 2 0 10 28 14.0 14.142135623730951 1.1112380896996727 
77 100 2 0 10 28 14.0 14.0 1.113277338441647 
75 99 2 0 11 30 13.038404810405298 14.0 1.108310968443894 
71 97 2 0 11 24 12.165525060596439 14.0 1.1072689957112456 
70 96 2 0 10 23 11.40175425099138 14.0 1.105932026561465 
69 95 2 0 10 22 11.40175425099138 14.0 1.0883809395910677 
68 93 2 1 9 19 11.40175425099138 14.0 1.087369902551368 
67 92 2 1 10 19 10.770329614269007 13.341664064126334 1.0860827273138962 
66 90 2 1 10 19 9.055385138137417 13.341664064126334 1.0910720191556453 
65 89 2 1 10 25 9.055385138137417 13.038404810405298 1.0897350500058647 
64 88 2 1 10 24 9.055385138137417 13.038404810405298 1.090125451994864 
63 86 2 1 10 26 9.055385138137417 13.038404810405298 1.0906578087537335 
62 85 2 1 10 27 9.055385138137417 13.038404810405298 1.0843871734067427 
60 84 2 1 10 20 9.055385138137417 13.038404810405298 1.0952752096562266 
59 83 3 1 11 20 9.055385138137417 13.038404810405298 1.0950825023339785 
58 82 3 1 10 20 9.055385138137417 13.038404810405298 1.1059197860310843 
56 81 4 1 10 19 9.055385138137417 13.038404810405298 1.1192499546132018 
52 80 5 1 9 19 9.055385138137417 13.038404810405298 1.1193065676933798 
50 79 5 1 6 18 8.246211251235321 13.038404810405298 1.1190065137562915 
49 78 5 1 7 19 8.246211251235321 12.165525060596439 1.1183438561352506 
47 77 5 1 7 18 8.246211251235321 12.165525060596439 1.1172164858586775 
46 76 5 1 6 17 8.246211251235321 12.165525060596439 1.1170237785364292 
45 75 5 1 5 17 8.246211251235321 12.165525060596439 1.1165432667630053 
44 74 5 1 6 17 7.0710678118654755 12.165525060596439 1.1045201491789771 
42 73 5 2 4 18 8.602325267042627 12.165525060596439 1.10357288190475 
41 72 5 2 4 18 8.602325267042627 11.40175425099138 1.1040511930028603 
40 71 5 2 5 19 7.211102550927978 11.40175425099138 1.101989159771962 
39 70 5 2 4 17 7.211102550927978 11.40175425099138 1.1004425917489744 
38 69 5 2 5 16 7.211102550927978 11.40175425099138 1.0867721113657471 
37 68 5 3 4 16 7.211102550927978 11.40175425099138 1.0978189939360605 
35 67 6 3 3 15 7.211102550927978 11.40175425099138 1.0964820247862799 
34 66 6 3 3 14 7.211102550927978 11.40175425099138 1.0990933063270067 
33 65 6 3 2 17 7.211102550927978 11.40175425099138 1.099416064212669 
32 64 6 3 3 18 7.211102550927978 11.40175425099138 1.0993776721310575 
31 63 6 3 2 18 5.830951894845301 11.40175425099138 1.0959717532263538 
30 61 6 3 3 16 4.47213595499958 11.40175425099138 1.0955694470308983 
29 60 6 3 3 16 4.47213595499958 11.40175425099138 1.107825526390062 
27 59 7 3 3 17 4.47213595499958 10.770329614269007 1.1079556391696783 
25 58 7 3 2 17 7.615773105863909 10.770329614269007 1.1199879372466945 
24 57 8 3 2 18 7.615773105863909 10.770329614269007 1.119214537461318 
23 56 8 3 0 17 6.324555320336759 10.770329614269007 1.1027883417031723 
23 55 8 4 1 15 4.47213595499958 10.770329614269007 1.1013812804320942 
22 54 8 4 1 14 5.0990195135927845 10.770329614269007 1.1097425707951474 
21 52 9 4 0 12 5.0990195135927845 10.770329614269007 1.1088825010136312 
21 51 9 4 0 12 3.1622776601683795 10.770329614269007 1.1048646628675913 
21 49 9 4 1 11 1.4142135623730951 9.486832980505138 1 
