140 140 0 0 14 14 16.0 16.0 1.040840314888754 
138 139 0 0 17 17 16.0 14.142135623730951 1.0447963495400405 
134 138 0 0 16 16 12.649110640673518 16.0 1.0472003887906776 
132 136 0 0 16 19 12.649110640673518 16.0 1.051157113285876 
130 135 0 0 16 23 14.142135623730951 16.0 1.0499801465042653 
128 134 0 0 16 21 14.142135623730951 16.0 1.0475956995499403 
126 132 0 0 14 18 14.142135623730951 16.0 1.0468401925734834 
124 131 0 0 16 18 14.142135623730951 15.033296378372908 1.0513112435944076 
122 130 0 0 15 22 15.033296378372908 15.033296378372908 1.051609840915413 
120 129 0 0 16 22 15.033296378372908 15.033296378372908 1.0499773702694781 
118 127 0 0 17 21 15.033296378372908 15.033296378372908 1.0521133255902133 
116 126 0 0 18 23 15.033296378372908 15.033296378372908 1.047899191907375 
114 122 0 0 18 21 15.033296378372908 15.033296378372908 1.047640904125629 
112 121 0 0 18 20 15.033296378372908 15.033296378372908 1.0473826163438829 
110 120 0 0 18 19 15.033296378372908 15.033296378372908 1.0464861186237244 
108 119 0 0 18 18 15.033296378372908 14.142135623730951 1.0480651888417076 
106 118 0 0 18 19 15.033296378372908 14.142135623730951 1.0487255800598263 
104 117 0 0 18 19 15.033296378372908 14.142135623730951 1.0528655960717652 
102 116 0 0 16 22 15.033296378372908 14.142135623730951 1.0627454155565745 
96 115 0 0 15 28 15.033296378372908 14.142135623730951 1.069681962051942 
95 113 1 0 15 24 15.033296378372908 14.142135623730951 1.0836502059771012 
89 112 2 0 15 22 15.033296378372908 14.142135623730951 1.0812493817796542 
87 110 2 0 14 20 15.033296378372908 13.341664064126334 1.0800609939380996 
86 108 2 0 14 20 15.033296378372908 13.341664064126334 1.0793281099608696 
85 107 2 0 13 19 15.033296378372908 13.341664064126334 1.0809894690861206 
84 106 2 0 13 21 15.033296378372908 13.341664064126334 1.0837490903430236 
82 105 2 0 13 23 14.0 13.341664064126334 1.0830109153144596 
80 104 2 0 15 22 13.038404810405298 13.341664064126334 1.083558504234207 
79 103 2 0 13 22 13.038404810405298 13.341664064126334 1.0764832025246198 
78 97 2 0 13 20 13.038404810405298 13.341664064126334 1.0808749490002436 
74 96 2 0 13 22 12.165525060596439 13.341664064126334 1.0880277188700944 
66 95 2 0 12 23 11.40175425099138 13.341664064126334 1.1011269344346126 
65 94 3 0 13 25 11.40175425099138 13.341664064126334 1.10013523430918 
64 90 3 0 12 27 11.313708498984761 13.341664064126334 1.0958404366308618 
62 89 3 0 13 22 11.313708498984761 13.341664064126334 1.0972778485505157 
61 88 3 0 12 23 10.0 13.341664064126334 1.0847230707504527 
60 87 3 1 11 23 8.0 13.341664064126334 1.0725801047153825 
59 86 3 2 10 24 8.0 13.341664064126334 1.0755983169747694 
58 85 3 2 9 28 8.0 12.165525060596439 1.0751008556423314 
57 84 3 2 8 27 7.0710678118654755 12.165525060596439 1.0674817148017242 
56 82 3 2 8 20 7.0710678118654755 12.165525060596439 1.0796104758502136 
52 81 4 2 11 19 7.0710678118654755 12.165525060596439 1.0810767437698263 
51 80 4 2 9 20 7.0710678118654755 12.165525060596439 1.0793314708255202 
50 78 4 2 8 19 7.0710678118654755 12.165525060596439 1.081364530059543 
49 77 4 2 8 22 7.0710678118654755 11.40175425099138 1.0760382510829891 
48 76 4 2 7 16 7.0710678118654755 11.40175425099138 1.0870511170490358 
46 75 5 2 11 16 7.0710678118654755 11.40175425099138 1.1013191556646558 
42 74 6 2 7 15 7.615773105863909 11.045361017187261 1.1037782138621532 
38 73 6 2 4 15 11.40175425099138 11.045361017187261 1.1039640088847877 
37 72 6 2 3 15 11.40175425099138 11.045361017187261 1.1027756210432333 
36 70 6 2 3 15 11.40175425099138 11.045361017187261 1.10168094316889 
35 69 6 2 3 14 11.40175425099138 11.045361017187261 1.1015049442944114 
34 68 6 2 3 14 11.40175425099138 11.045361017187261 1.112209916756449 
33 67 7 2 3 13 11.40175425099138 11.045361017187261 1.1008060829926885 
32 66 7 3 2 14 8.48528137423857 11.045361017187261 1.101183584582788 
31 65 7 3 4 15 7.0710678118654755 11.045361017187261 1.101457128348047 
29 64 7 3 3 15 7.0710678118654755 10.0 1.101553865187067 
27 63 7 3 4 14 4.242640687119285 10.0 1.1015445690040635 
26 62 7 3 1 13 4.242640687119285 10.0 1.1017269793885245 
25 61 7 3 1 13 2.8284271247461903 10.0 1.1016860854562418 
24 60 7 3 1 13 4.47213595499958 10.770329614269007 1.1132020654744905 
23 59 8 3 0 13 6.324555320336759 10.770329614269007 1.1117404628483163 
23 58 8 3 0 12 4.47213595499958 10.770329614269007 1.1107828510589903 
23 57 8 3 1 12 2.8284271247461903 10.770329614269007 1.1109652614434515 
22 56 8 3 1 12 1.4142135623730951 10.770329614269007 1.1215170697667076 
21 55 9 3 0 12 7.0710678118654755 10.770329614269007 1.121495299627576 
21 54 9 3 0 12 3.1622776601683795 10.770329614269007 1.1205641349712014 
21 53 9 3 1 12 1.4142135623730951 10.770329614269007 1 
