140 140 0 0 14 14 16.0 16.0 1.022613265577225 
138 138 0 0 17 17 16.0 14.142135623730951 1.031754505897187 
134 137 0 0 16 21 13.038404810405298 16.0 1.0326290326467151 
132 136 0 0 16 21 13.038404810405298 16.0 1.0312404386660496 
130 134 0 0 16 20 14.142135623730951 16.0 1.0386593167451266 
128 133 0 0 16 27 14.142135623730951 16.0 1.0375419600322513 
126 132 0 0 14 24 14.142135623730951 16.0 1.0327545393614919 
124 128 0 0 16 22 14.142135623730951 16.0 1.0323961341948409 
122 127 0 0 15 21 14.142135623730951 15.033296378372908 1.0325936669838378 
120 126 0 0 16 21 15.033296378372908 15.033296378372908 1.033061774465378 
118 125 0 0 17 21 15.033296378372908 15.033296378372908 1.035399696612504 
116 124 0 0 18 23 15.033296378372908 15.033296378372908 1.035281125289123 
114 122 0 0 18 23 15.033296378372908 15.033296378372908 1.0294367284887531 
112 118 0 0 18 19 15.033296378372908 15.033296378372908 1.0316525818390614 
110 117 0 0 17 20 15.033296378372908 15.033296378372908 1.0321206893206016 
108 116 0 0 18 20 15.033296378372908 15.033296378372908 1.0329952160701297 
106 115 0 0 18 20 15.033296378372908 15.033296378372908 1.0346825813556328 
104 114 0 0 16 20 15.033296378372908 15.033296378372908 1.0402316447691244 
102 113 0 0 16 25 15.033296378372908 15.033296378372908 1.0406997522506647 
100 112 0 0 17 25 15.033296378372908 15.033296378372908 1.0392980450666198 
98 111 0 0 18 23 15.033296378372908 15.033296378372908 1.0411074791489405 
96 110 0 0 18 24 15.033296378372908 15.033296378372908 1.0418017463615346 
94 108 0 0 16 24 15.033296378372908 15.033296378372908 1.0398715511126841 
92 107 0 0 16 21 15.033296378372908 15.033296378372908 1.0572755802573128 
91 106 1 0 16 27 15.033296378372908 15.033296378372908 1.0728065099716333 
87 105 2 0 16 28 15.033296378372908 15.033296378372908 1.0908948060427617 
79 104 3 0 15 28 15.033296378372908 14.142135623730951 1.0893710300618988 
77 103 3 0 14 25 15.033296378372908 14.142135623730951 1.0964541761855882 
76 102 3 0 11 31 14.0 14.142135623730951 1.0887935630647385 
75 101 3 0 9 22 14.0 14.142135623730951 1.0896691847358408 
74 100 3 0 9 23 14.0 14.142135623730951 1.0903710615096391 
72 98 3 0 10 24 13.038404810405298 14.142135623730951 1.088829662237318 
71 96 3 0 10 24 12.0 13.038404810405298 1.0869005619100418 
70 95 3 0 10 22 12.0 13.038404810405298 1.0835080661851682 
69 94 3 0 9 18 12.0 13.038404810405298 1.085318595189063 
68 93 3 0 9 20 12.0 13.038404810405298 1.0885310440857168 
64 91 3 0 10 22 12.0 13.038404810405298 1.0912764804224044 
63 90 3 0 10 25 12.0 13.038404810405298 1.0901077152075727 
62 86 3 0 10 27 12.0 13.038404810405298 1.0898097894663241 
61 85 3 0 9 26 11.045361017187261 13.038404810405298 1.0792919509235652 
60 81 3 0 9 18 11.045361017187261 13.038404810405298 1.0910865360714375 
59 80 4 0 9 18 11.045361017187261 13.038404810405298 1.0907435689606368 
58 79 4 0 9 18 11.045361017187261 12.649110640673518 1.0976833579076113 
57 77 5 0 7 13 11.045361017187261 12.649110640673518 1.0976240722459207 
56 76 5 0 7 13 11.045361017187261 12.649110640673518 1.097152291207899 
55 75 5 0 7 13 11.045361017187261 12.083045973594572 1.0980279128790014 
54 74 5 0 7 14 11.045361017187261 12.083045973594572 1.0983254215041935 
53 73 5 0 6 14 10.198039027185569 11.661903789690601 1.087785398078537 
52 71 5 1 6 18 10.198039027185569 11.661903789690601 1.0761781755425874 
51 70 5 2 7 20 9.486832980505138 11.661903789690601 1.07624879137797 
49 69 5 2 7 19 9.055385138137417 11.661903789690601 1.0755750349688942 
48 68 5 2 7 18 8.0 11.661903789690601 1.0753317760742895 
46 67 5 2 7 17 8.602325267042627 11.661903789690601 1.0743375830798063 
45 66 5 2 7 16 8.602325267042627 11.661903789690601 1.0870670755604712 
44 65 6 2 7 17 8.602325267042627 11.661903789690601 1.085544394501183 
43 64 6 2 6 15 8.602325267042627 11.661903789690601 1.0873538285835036 
41 63 6 2 6 16 8.602325267042627 11.661903789690601 1.0877009621898006 
40 62 6 2 5 16 8.602325267042627 11.661903789690601 1.08764167652811 
39 61 6 2 5 16 8.602325267042627 11.661903789690601 1.0856223138488328 
38 59 7 3 4 16 8.602325267042627 11.661903789690601 1.0841735674650388 
37 58 7 3 4 16 9.899494936611665 10.295630140987 1.0835857937385431 
36 57 7 3 3 15 9.899494936611665 10.295630140987 1.0844614154096452 
35 56 7 3 3 16 9.899494936611665 10.295630140987 1.0814893799226342 
34 54 7 3 3 15 9.899494936611665 8.94427190999916 1.079966698863346 
33 53 7 3 2 13 9.899494936611665 8.94427190999916 1.0795239589241734 
32 52 7 3 4 13 8.48528137423857 8.94427190999916 1.0808049049416888 
30 51 7 3 3 13 8.48528137423857 8.94427190999916 1.0825382002082027 
28 50 7 3 3 13 5.656854249492381 8.94427190999916 1.0696580647922718 
27 49 7 4 2 13 5.656854249492381 8.94427190999916 1.068686836788294 
26 48 7 4 3 12 4.242640687119285 8.94427190999916 1.0685054823297857 
25 47 7 4 1 11 4.242640687119285 8.94427190999916 1.0683765171953137 
24 46 7 4 1 11 4.47213595499958 8.94427190999916 1.0799219233758792 
23 45 8 4 1 11 4.47213595499958 8.602325267042627 1.0800787222695631 
22 44 8 4 0 11 5.0990195135927845 8.602325267042627 1.0792672394990814 
22 43 8 4 1 11 3.1622776601683795 8.602325267042627 1.0905333365821483 
21 42 9 4 0 10 3.1622776601683795 8.602325267042627 1.0735743856124953 
21 40 9 5 1 8 1.4142135623730951 8.602325267042627 1 
