140 140 0 0 14 14 16.0 16.0 1.070895347403392 
138 139 0 0 17 17 16.0 14.142135623730951 1.072051296100456 
134 138 0 0 16 14 12.0 16.0 1.0732233543208962 
132 137 0 0 16 15 13.038404810405298 16.0 1.0771178400248853 
130 135 0 0 16 20 14.0 16.0 1.0763976852095865 
128 133 0 0 16 20 14.0 16.0 1.0761512951054908 
126 131 0 0 14 20 14.0 16.0 1.0749367027695638 
124 129 0 0 16 20 14.142135623730951 16.0 1.0726930741465384 
122 128 0 0 15 17 14.142135623730951 16.0 1.0785337790339429 
120 127 0 0 16 23 14.142135623730951 16.0 1.0805708847117323 
118 126 0 0 17 25 14.142135623730951 16.0 1.0835588901919257 
116 125 0 0 18 28 14.142135623730951 16.0 1.079035136167012 
114 123 0 0 18 24 14.142135623730951 16.0 1.0794073245955962 
112 122 0 0 18 24 14.142135623730951 16.0 1.0807304128265838 
110 121 0 0 18 25 14.142135623730951 16.0 1.0958871999006998 
100 120 1 0 17 22 14.142135623730951 16.0 1.1010602545296142 
96 119 1 0 16 26 14.142135623730951 15.033296378372908 1.090200609558401 
94 113 1 0 17 21 15.033296378372908 14.142135623730951 1.0910465626981884 
92 112 1 0 15 21 15.033296378372908 14.142135623730951 1.0940129494089532 
91 111 1 0 13 24 15.033296378372908 14.142135623730951 1.1082811491959217 
83 109 2 0 17 24 15.033296378372908 14.142135623730951 1.1064077536782246 
81 108 2 0 14 21 15.033296378372908 14.0 1.1031118113856446 
80 102 2 0 12 23 14.0 14.0 1.1162140709795068 
78 101 3 0 11 24 14.0 14.0 1.1146844598032837 
76 100 3 0 11 22 14.0 14.0 1.1138540475438392 
75 94 3 0 10 27 14.0 14.0 1.107333054999996 
73 93 3 0 11 20 14.0 14.0 1.0898054571108275 
72 91 3 1 10 17 14.0 14.0 1.1007507863548494 
71 90 4 1 11 17 14.0 14.0 1.1035942902769644 
69 89 4 1 9 19 13.341664064126334 14.0 1.102991563247941 
68 88 4 1 8 19 13.341664064126334 13.341664064126334 1.1026314858402917 
67 87 4 1 8 19 13.341664064126334 13.341664064126334 1.0906662765424435 
65 86 4 2 8 20 12.165525060596439 13.341664064126334 1.091201386392034 
63 85 4 2 8 20 11.045361017187261 13.341664064126334 1.0899304109185555 
62 84 4 2 8 19 10.770329614269007 13.341664064126334 1.0923164389662094 
60 83 4 2 8 21 10.0 13.341664064126334 1.0939955499650378 
59 82 4 2 8 23 9.055385138137417 13.341664064126334 1.0904267503823368 
57 81 4 2 8 19 10.0 13.341664064126334 1.0900666729746873 
56 80 4 2 8 19 10.0 13.341664064126334 1.0887556957646343 
55 79 4 2 8 18 10.0 13.341664064126334 1.0876816009101826 
54 78 4 2 7 17 10.0 13.341664064126334 1.0863706237001296 
53 77 4 2 7 16 10.0 13.341664064126334 1.085764591418357 
51 76 4 2 9 16 10.0 12.649110640673518 1.0967281690518105 
49 75 5 2 9 15 10.0 12.649110640673518 1.0984848839687626 
48 74 5 2 7 17 8.94427190999916 12.083045973594572 1.0972693456728322 
47 72 5 2 6 17 8.94427190999916 12.083045973594572 1.0975571376070927 
46 71 5 2 6 18 7.615773105863909 11.40175425099138 1.0961047169555604 
45 69 5 2 6 18 7.615773105863909 11.40175425099138 1.0975049957112388 
44 67 5 2 6 21 7.615773105863909 11.40175425099138 1.0933413190939747 
43 66 5 2 6 17 7.615773105863909 11.40175425099138 1.1029327269291525 
42 65 6 2 5 16 7.615773105863909 10.198039027185569 1.1025726495215027 
41 64 6 2 5 16 7.615773105863909 10.198039027185569 1.1012616723114497 
40 63 6 2 5 15 7.615773105863909 10.198039027185569 1.1011384772594022 
39 62 6 2 4 15 7.615773105863909 10.198039027185569 1.1005415174961506 
38 61 6 2 5 15 7.615773105863909 10.198039027185569 1.100418322444103 
37 60 6 2 4 15 7.615773105863909 10.198039027185569 1.101196945043376 
36 59 6 2 4 16 6.324555320336759 10.198039027185569 1.0997699252175395 
34 58 6 2 4 14 8.48528137423857 10.770329614269007 1.0994098478098902 
33 57 6 2 4 14 8.48528137423857 10.770329614269007 1.0990497704022404 
32 56 6 2 4 14 8.48528137423857 10.770329614269007 1.1107057467130674 
31 55 7 2 2 14 8.48528137423857 10.770329614269007 1.1101087869498163 
30 54 7 2 3 14 8.48528137423857 10.770329614269007 1.1092563820244972 
29 53 7 2 2 14 7.0710678118654755 9.486832980505138 1.1091344384940514 
27 52 7 2 4 14 7.211102550927978 9.486832980505138 1.11064901970374 
25 51 7 2 1 14 4.242640687119285 9.486832980505138 1.1112064633310028 
24 50 7 2 1 15 4.47213595499958 9.486832980505138 1.1117820141518109 
23 49 8 3 1 18 4.47213595499958 9.486832980505138 1.111567642489719 
22 48 8 3 0 18 5.0990195135927845 9.486832980505138 1.0951589450688888 
22 47 8 4 1 16 3.1622776601683795 9.486832980505138 1.104676239419307 
21 46 9 4 0 14 3.1622776601683795 9.486832980505138 1.089190999705912 
21 45 9 5 1 13 1.4142135623730951 9.486832980505138 1 
