140 140 0 0 14 14 16.0 16.0 1.0645552107029272 
138 138 0 0 17 17 16.0 14.142135623730951 1.0694992484114674 
134 136 0 0 16 19 13.038404810405298 16.0 1.070728335160722 
132 134 0 0 16 21 13.341664064126334 16.0 1.0681504778302604 
130 132 0 0 16 19 13.341664064126334 16.0 1.0705292330121154 
128 131 0 0 16 21 13.341664064126334 16.0 1.0724549905293377 
126 130 0 0 14 22 13.341664064126334 16.0 1.0722589145290968 
124 128 0 0 16 23 13.341664064126334 16.0 1.0710357994638566 
122 127 0 0 15 21 13.341664064126334 16.0 1.070265682063249 
120 126 0 0 16 20 13.341664064126334 16.0 1.0686505388333805 
118 124 0 0 17 20 13.341664064126334 15.033296378372908 1.0695268198884436 
116 123 0 0 18 21 15.033296378372908 15.033296378372908 1.0709411832375049 
114 122 0 0 18 22 15.033296378372908 15.033296378372908 1.0704267629209778 
112 121 0 0 18 21 15.033296378372908 15.033296378372908 1.0704237367726122 
110 120 0 0 16 20 15.033296378372908 15.033296378372908 1.0693979222879244 
108 119 0 0 18 19 15.033296378372908 15.033296378372908 1.0721056052503128 
104 118 0 0 19 20 15.033296378372908 15.033296378372908 1.0768004683818173 
100 117 0 0 16 22 15.033296378372908 15.033296378372908 1.0771083694532755 
99 115 0 0 13 23 15.033296378372908 15.033296378372908 1.090285318279955 
98 114 0 0 13 37 15.033296378372908 15.033296378372908 1.0975519327740622 
94 113 1 0 15 31 15.033296378372908 15.033296378372908 1.107127011353646 
93 112 1 0 14 41 15.033296378372908 15.033296378372908 1.0900303998252492 
92 102 1 0 14 35 14.142135623730951 13.341664064126334 1.0854027150934658 
90 101 1 0 15 30 14.142135623730951 13.341664064126334 1.094145115588528 
86 100 2 0 15 25 14.142135623730951 13.341664064126334 1.0952963647570466 
85 99 2 0 13 26 14.142135623730951 13.341664064126334 1.0952275250086903 
84 98 2 0 12 26 14.142135623730951 13.341664064126334 1.0952923084640809 
83 97 2 0 11 26 13.341664064126334 13.341664064126334 1.102300199725742 
77 95 3 0 12 19 13.341664064126334 13.341664064126334 1.1028560246292118 
76 93 3 0 12 21 13.038404810405298 13.341664064126334 1.1064449998484507 
74 92 3 0 12 25 12.165525060596439 12.165525060596439 1.108951251755559 
72 91 3 0 12 27 11.40175425099138 12.165525060596439 1.1103363658544847 
70 89 3 0 12 29 10.770329614269007 12.165525060596439 1.10700801191104 
68 88 3 0 12 25 10.295630140987 12.165525060596439 1.1065861798591023 
66 87 3 0 13 25 9.055385138137417 11.045361017187261 1.1105139517383655 
62 86 3 0 13 27 9.055385138137417 11.045361017187261 1.11179366173908 
60 84 3 0 13 29 9.055385138137417 11.045361017187261 1.1097377820410264 
56 83 3 0 10 24 9.055385138137417 11.045361017187261 1.1207229195698667 
55 82 4 0 11 24 9.055385138137417 11.045361017187261 1.1348135075899848 
49 81 5 0 15 24 9.055385138137417 11.045361017187261 1.1377620534435293 
47 80 5 0 9 25 9.055385138137417 11.045361017187261 1.136970811544646 
45 79 5 0 7 23 8.0 11.045361017187261 1.1322350798468297 
44 78 5 0 6 18 7.0710678118654755 11.045361017187261 1.1344367695130868 
43 77 5 0 5 21 7.0710678118654755 10.198039027185569 1.143858990547484 
42 76 6 0 4 19 7.0710678118654755 10.0 1.128152870825888 
41 75 6 1 4 17 7.0710678118654755 10.0 1.1249351584950689 
40 74 6 1 4 14 7.0710678118654755 10.0 1.126654339894622 
38 70 6 1 4 19 8.602325267042627 10.0 1.1268486143268086 
36 69 6 1 5 19 8.602325267042627 10.0 1.127744166411246 
35 68 6 1 4 20 8.602325267042627 10.0 1.1274196295788093 
34 67 6 1 4 20 8.602325267042627 10.0 1.13891616127581 
33 66 7 1 3 20 8.602325267042627 10.0 1.1390795591806504 
32 65 7 1 2 20 7.211102550927978 10.0 1.1416228901500036 
31 64 7 1 3 23 5.830951894845301 10.0 1.1394906133877123 
30 62 7 1 2 22 5.830951894845301 10.0 1.1387757261228482 
29 60 7 1 3 23 5.830951894845301 10.0 1.138933714344838 
28 59 7 1 2 23 4.47213595499958 10.0 1.1385721358692416 
27 58 7 1 3 23 3.1622776601683795 10.0 1.132716945124121 
26 57 7 1 2 17 3.1622776601683795 10.0 1.1323307309235222 
25 56 7 1 3 17 2.0 10.0 1.1306033585654907 
24 55 7 1 2 16 2.0 9.055385138137417 1.1415712499868447 
23 53 8 1 2 17 2.8284271247461903 9.055385138137417 1.1269618848993037 
22 52 8 2 0 16 5.0990195135927845 9.055385138137417 1.1249660522954894 
22 51 8 2 1 15 3.1622776601683795 9.055385138137417 1.1383913676580786 
21 50 9 2 0 17 3.1622776601683795 9.055385138137417 1.1382928226274796 
21 49 9 2 1 18 1.4142135623730951 9.055385138137417 1 
