140 140 0 0 14 14 16.0 16.0 1.0759094802361333 
138 139 0 0 17 19 16.0 14.142135623730951 1.0828228021232473 
134 137 0 0 16 23 12.0 16.0 1.0779720920422111 
132 136 0 0 16 18 13.341664064126334 16.0 1.0824606087838924 
130 135 0 0 16 22 13.341664064126334 16.0 1.093072760836123 
128 134 0 0 16 32 13.341664064126334 16.0 1.0886997998261556 
126 133 0 0 14 27 13.341664064126334 16.0 1.0877613119282032 
124 132 0 0 16 26 13.341664064126334 16.0 1.0844394433209514 
122 130 0 0 15 24 13.341664064126334 15.033296378372908 1.0821467401822176 
120 126 0 0 16 25 15.033296378372908 15.033296378372908 1.0772878163509871 
118 125 0 0 17 20 15.033296378372908 15.033296378372908 1.0764107454774996 
116 123 0 0 18 20 15.033296378372908 15.033296378372908 1.0778374445639058 
114 122 0 0 18 21 15.033296378372908 15.033296378372908 1.0782435377652206 
112 121 0 0 18 21 15.033296378372908 15.033296378372908 1.0781356888653824 
108 120 0 0 18 19 15.033296378372908 15.033296378372908 1.077521176181606 
106 119 0 0 18 18 15.033296378372908 15.033296378372908 1.0798679105704805 
104 117 0 0 18 21 15.033296378372908 15.033296378372908 1.079253397886704 
102 116 0 0 18 20 15.033296378372908 15.033296378372908 1.0906673874677464 
98 115 1 0 17 18 15.033296378372908 15.033296378372908 1.0917473557176705 
96 114 1 0 15 19 15.033296378372908 14.142135623730951 1.09521526657426 
94 113 1 0 15 22 15.033296378372908 14.142135623730951 1.0954593721684873 
92 112 1 0 16 22 15.033296378372908 14.142135623730951 1.094906276509175 
90 110 1 0 15 22 15.033296378372908 14.142135623730951 1.096170987988494 
88 109 1 0 16 23 15.033296378372908 14.142135623730951 1.0945358694196254 
86 108 1 0 16 21 15.033296378372908 14.142135623730951 1.1079910707708513 
82 107 2 0 15 21 15.033296378372908 14.142135623730951 1.1136621810047118 
80 106 2 0 14 26 15.033296378372908 14.142135623730951 1.118731644011145 
79 105 2 0 12 31 15.033296378372908 14.142135623730951 1.1217000473860292 
78 104 2 0 11 34 14.142135623730951 14.142135623730951 1.1121733435587768 
77 103 2 0 11 25 14.0 14.142135623730951 1.1115684728299469 
75 101 2 0 11 25 13.038404810405298 14.142135623730951 1.1108920170206493 
73 100 2 0 12 24 12.165525060596439 14.142135623730951 1.1072026551382288 
71 98 2 0 12 21 11.40175425099138 14.142135623730951 1.1087017245029505 
69 97 2 0 12 22 10.770329614269007 14.142135623730951 1.1073779843216547 
68 96 2 0 12 21 10.295630140987 14.142135623730951 1.108203036180634 
67 95 2 0 11 22 10.295630140987 14.142135623730951 1.11575337057759 
65 94 2 0 11 29 10.295630140987 14.142135623730951 1.1221400450871701 
59 93 3 0 12 21 10.295630140987 14.0 1.121849507617569 
57 92 3 0 10 20 10.295630140987 14.0 1.1201378704389295 
56 91 3 0 9 19 10.295630140987 13.341664064126334 1.1187936063555521 
55 90 3 0 9 18 10.0 13.341664064126334 1.1058161606721684 
54 89 3 1 9 19 10.0 13.341664064126334 1.1095410425793348 
53 88 3 1 9 23 10.0 13.341664064126334 1.1230242232104508 
51 87 4 1 11 25 10.0 13.341664064126334 1.1176306563153915 
49 86 4 1 9 19 10.0 13.341664064126334 1.1170161436316148 
47 85 4 1 9 18 10.0 13.341664064126334 1.11698257721259 
46 84 4 1 7 18 10.0 13.341664064126334 1.118677766664764 
45 83 4 1 7 20 9.899494936611665 13.341664064126334 1.1294097914117167 
43 82 5 1 8 19 8.602325267042627 13.341664064126334 1.118540561662115 
41 81 5 2 6 21 8.602325267042627 13.341664064126334 1.1168031716932658 
40 80 5 2 5 20 8.602325267042627 12.649110640673518 1.1156618437076953 
39 78 5 2 3 20 8.48528137423857 12.649110640673518 1.1140211379996927 
38 76 5 2 4 20 8.48528137423857 12.649110640673518 1.1136635963664927 
37 75 5 2 4 20 8.48528137423857 12.649110640673518 1.1124474364552888 
36 74 5 2 3 19 8.48528137423857 12.649110640673518 1.0981254096726383 
35 73 5 3 5 19 8.48528137423857 12.649110640673518 1.1102153289619217 
33 72 6 3 3 19 8.48528137423857 12.649110640673518 1.1100063600346404 
32 71 6 3 2 19 8.602325267042627 12.649110640673518 1.1075684146639497 
31 70 6 3 2 17 8.94427190999916 12.649110640673518 1.107048885423662 
30 69 6 3 3 17 8.94427190999916 12.649110640673518 1.1074549786249768 
28 68 6 3 3 17 8.94427190999916 12.649110640673518 1.1187812630797456 
27 67 7 3 1 17 8.94427190999916 12.649110640673518 1.1057940947194105 
26 66 7 4 2 18 7.615773105863909 12.649110640673518 1.105247406040067 
24 65 7 4 3 18 6.324555320336759 11.40175425099138 1.1172517643397477 
22 64 8 4 1 18 7.0710678118654755 11.40175425099138 1.1265003037248416 
21 62 9 4 0 17 5.0990195135927845 11.40175425099138 1.1214564768976014 
21 60 9 4 1 14 1.4142135623730951 11.40175425099138 1 
