140 140 0 0 14 14 16.0 16.0 1.086722289342899 
138 138 0 0 17 17 16.0 14.142135623730951 1.094176474160743 
134 137 0 0 16 21 13.341664064126334 16.0 1.0923477088198428 
132 136 0 0 16 19 13.341664064126334 16.0 1.096837942497738 
130 135 0 0 16 23 13.341664064126334 16.0 1.0992218431693679 
128 134 0 0 16 25 13.341664064126334 16.0 1.1027662432760434 
126 133 0 0 14 28 13.341664064126334 16.0 1.1049344159919718 
124 131 0 0 16 31 14.142135623730951 16.0 1.0979531577988748 
122 127 0 0 15 28 14.142135623730951 15.033296378372908 1.0943118911709935 
120 126 0 0 16 25 15.033296378372908 14.142135623730951 1.087960895308514 
118 122 0 0 17 22 15.033296378372908 14.142135623730951 1.0850252969985248 
116 121 0 0 18 19 15.033296378372908 14.142135623730951 1.0874091976701545 
114 120 0 0 18 21 15.033296378372908 14.142135623730951 1.0950589308574474 
112 119 0 0 18 28 15.033296378372908 14.142135623730951 1.0942833320196799 
110 118 0 0 18 27 15.033296378372908 14.142135623730951 1.095891633853542 
106 116 0 0 18 28 15.033296378372908 14.142135623730951 1.0961692015189068 
104 115 0 0 18 28 15.033296378372908 14.142135623730951 1.1043454626496019 
102 113 1 0 18 26 15.033296378372908 14.142135623730951 1.1028350496773611 
100 112 1 0 16 25 15.033296378372908 13.038404810405298 1.0933782207714402 
98 108 1 0 16 19 15.033296378372908 13.038404810405298 1.0971003413479885 
96 107 1 0 15 22 15.033296378372908 13.341664064126334 1.0984531091007017 
94 105 1 0 13 24 15.033296378372908 13.341664064126334 1.109461437263786 
88 103 2 0 13 22 15.033296378372908 13.341664064126334 1.1142115213390187 
87 101 2 0 13 28 15.033296378372908 13.341664064126334 1.1134120693099507 
85 100 2 0 14 27 14.0 13.341664064126334 1.1137173814851147 
83 99 2 0 14 27 13.038404810405298 13.341664064126334 1.1150733004933804 
81 98 2 0 14 28 12.165525060596439 13.341664064126334 1.118532404432616 
79 97 2 0 14 31 11.40175425099138 13.341664064126334 1.111072424181487 
77 96 2 0 21 24 11.045361017187261 13.341664064126334 1.1109500582707803 
73 94 2 0 14 23 11.045361017187261 13.341664064126334 1.111227625936145 
71 93 2 0 14 23 11.045361017187261 13.341664064126334 1.1093988605952447 
69 92 2 0 14 21 11.045361017187261 13.341664064126334 1.1087305946893904 
67 91 2 0 12 20 11.045361017187261 13.341664064126334 1.1078696965039252 
65 89 2 0 12 20 11.045361017187261 13.341664064126334 1.094319588803408 
63 88 2 1 12 20 11.045361017187261 13.341664064126334 1.0957576559038187 
61 87 2 1 10 21 11.045361017187261 13.341664064126334 1.101699872295838 
60 86 2 1 9 27 11.045361017187261 13.341664064126334 1.1034294226753272 
59 85 2 1 8 29 11.045361017187261 13.341664064126334 1.091041108909512 
57 83 2 1 8 18 9.055385138137417 13.341664064126334 1.093770159326177 
56 82 2 1 8 21 9.055385138137417 13.341664064126334 1.0945245408232323 
55 76 3 1 9 17 9.055385138137417 13.341664064126334 1.094303530154174 
54 75 3 1 8 18 9.055385138137417 12.165525060596439 1.107979124297465 
50 74 4 1 12 19 9.055385138137417 12.165525060596439 1.1215601837574765 
48 73 5 1 11 21 9.055385138137417 12.165525060596439 1.1261274306620832 
46 72 5 1 10 25 8.246211251235321 12.165525060596439 1.1266635975303996 
42 71 5 1 11 24 10.0 12.165525060596439 1.124967098536811 
40 69 5 1 7 23 9.899494936611665 12.165525060596439 1.1294007659175667 
38 68 5 1 8 27 10.0 12.165525060596439 1.1120676492231703 
37 67 5 2 8 24 7.0710678118654755 12.165525060596439 1.1095940193156555 
36 66 5 2 6 22 8.602325267042627 12.165525060596439 1.109817920515064 
34 65 5 2 7 22 8.602325267042627 12.165525060596439 1.1182404803913262 
32 64 6 2 4 19 8.602325267042627 12.165525060596439 1.1199565046806608 
31 63 6 2 4 21 7.211102550927978 12.165525060596439 1.1190418086965779 
30 62 6 2 3 21 5.656854249492381 11.40175425099138 1.1176118595666693 
29 61 6 2 2 20 5.656854249492381 11.40175425099138 1.117222214195153 
28 60 6 2 2 20 4.242640687119285 11.40175425099138 1.114820163386414 
27 59 6 2 2 19 4.242640687119285 10.198039027185569 1.1266400395851957 
26 58 7 2 1 20 4.242640687119285 10.198039027185569 1.1261122668926173 
25 57 7 2 1 20 7.615773105863909 10.198039027185569 1.1362826596149789 
24 56 8 2 1 20 7.615773105863909 9.486832980505138 1.1338367989566829 
23 55 8 2 0 18 6.324555320336759 9.486832980505138 1.1189241048326664 
23 54 8 3 0 18 4.47213595499958 9.486832980505138 1.1173495850461683 
23 53 8 3 0 17 4.47213595499958 10.295630140987 1.1159855532756757 
23 52 8 3 0 17 4.47213595499958 10.0 1.1137939209217131 
23 51 8 3 0 16 4.47213595499958 10.0 1.1116022885677506 
23 50 8 3 0 15 4.47213595499958 10.0 1.0933913484939433 
23 48 8 4 0 13 4.47213595499958 10.0 1.0933060491462459 
23 47 8 4 0 14 4.47213595499958 10.0 1.0783399079295337 
23 46 8 5 0 14 4.47213595499958 10.0 1.0753822759738398 
23 45 8 5 0 14 4.47213595499958 7.615773105863909 1.0731906436198773 
23 44 8 5 0 13 4.47213595499958 7.615773105863909 1.0709990112659147 
23 43 8 5 0 12 4.47213595499958 7.615773105863909 1.068498615111415 
23 42 8 5 0 11 4.47213595499958 7.211102550927978 1.065630546854385 
23 41 8 5 0 10 4.47213595499958 6.324555320336759 1.06659841400982 
23 40 8 5 0 12 4.47213595499958 6.324555320336759 1.0654599481589897 
23 39 8 5 0 12 4.47213595499958 6.324555320336759 1.0632683158050273 
23 38 8 5 0 11 4.47213595499958 6.324555320336759 1.060829047607613 
23 37 8 5 0 10 4.47213595499958 6.0 1.059690581756783 
23 36 8 5 0 10 4.47213595499958 6.0 1.0589178339258698 
23 35 8 5 0 11 4.47213595499958 5.0990195135927845 1.0567262015719072 
23 34 8 5 0 10 4.47213595499958 5.0990195135927845 1.0555877357210772 
23 33 8 5 0 10 4.47213595499958 5.0990195135927845 1.0503659186704073 
23 31 8 5 0 8 4.47213595499958 4.0 1.0471211198133121 
23 30 8 5 0 6 4.47213595499958 4.0 1.045982653962482 
23 29 8 5 0 6 4.47213595499958 4.0 1.0341760122551678 
23 28 8 6 0 9 4.47213595499958 4.0 1.016050371529058 
23 27 8 7 0 6 4.47213595499958 4.0 1.0132195566838413 
23 26 8 7 0 5 4.47213595499958 3.1622776601683795 1.0110279243298785 
23 25 8 7 0 4 4.47213595499958 3.1622776601683795 1.0085815638795155 
23 24 8 7 0 3 4.47213595499958 2.8284271247461903 0.9925622561596709 
23 23 8 8 0 2 4.47213595499958 2.8284271247461903 0.990344744776708 
23 22 8 8 0 2 4.47213595499958 1.4142135623730951 0.9746060441822644 
23 21 8 9 0 0 4.47213595499958 3.1622776601683795 0.9841374707151495 
23 24 8 9 0 4 4.47213595499958 5.656854249492381 0.9802636622000256 
23 22 8 9 0 2 4.47213595499958 6.324555320336759 0.9775884526822617 
23 21 8 9 0 0 4.47213595499958 7.0710678118654755 0.9925622561596709 
23 23 8 8 0 2 4.47213595499958 2.8284271247461903 0.9775884526822617 
23 21 8 9 0 0 4.47213595499958 7.0710678118654755 0.9978394314552509 
23 25 8 8 0 4 4.47213595499958 4.0 0.994668589165936 
23 23 8 8 0 4 4.47213595499958 2.8284271247461903 0.9746060441822644 
23 21 8 9 0 0 4.47213595499958 3.1622776601683795 1.0008696161519581 
23 26 8 8 0 5 4.47213595499958 5.0990195135927845 0.9978394314552509 
23 25 8 8 0 4 4.47213595499958 4.0 0.9960617831131667 
23 24 8 8 0 4 4.47213595499958 3.1622776601683795 0.9916785184052413 
23 22 8 8 0 2 4.47213595499958 3.1622776601683795 0.9743254370568636 
23 21 8 9 0 1 4.47213595499958 1.4142135623730951 -1 
