140 140 0 0 14 14 16.0 16.0 0.980717525315044 
138 139 0 0 17 19 16.0 14.142135623730951 0.9852050575879446 
134 138 0 0 16 16 12.165525060596439 16.0 0.988186278407814 
132 136 0 0 16 19 12.165525060596439 16.0 0.9893588385050324 
130 135 0 0 16 20 14.0 16.0 0.9948942135358039 
128 134 0 0 16 25 14.0 16.0 0.9938953836009096 
126 132 0 0 14 22 14.0 16.0 0.9932389966843533 
125 128 0 0 14 24 14.142135623730951 16.0 0.9922650003928373 
123 126 0 0 15 23 14.0 16.0 0.9960812666934011 
121 125 0 0 15 26 14.0 16.0 0.9960116289085059 
120 124 0 0 14 25 14.0 16.0 0.9958380089675445 
119 123 0 0 14 24 13.038404810405298 16.0 0.9956274200897632 
117 122 0 0 15 23 13.038404810405298 16.0 0.9967408363727697 
115 120 0 0 16 24 12.165525060596439 16.0 0.9962593308478144 
113 119 0 0 16 22 12.165525060596439 16.0 0.9980855717709964 
111 118 0 0 15 22 12.165525060596439 16.0 0.9979485095464433 
109 114 0 0 16 24 12.165525060596439 16.0 0.9976996926187809 
108 112 0 0 16 24 11.40175425099138 16.0 0.9966295493758959 
106 111 0 0 17 22 11.40175425099138 16.0 1.0001748990292856 
104 110 0 0 16 24 11.40175425099138 16.0 0.9977975147962528 
103 109 0 0 16 21 11.40175425099138 16.0 1.0001476016949529 
99 108 0 0 18 22 11.40175425099138 15.033296378372908 1.000165209728758 
97 106 0 0 18 22 12.165525060596439 15.033296378372908 1.0061124524995895 
96 105 0 0 17 28 12.165525060596439 15.033296378372908 1.0000259341589675 
95 104 0 0 16 20 12.165525060596439 15.033296378372908 1.0084108889322247 
93 103 0 0 17 29 12.165525060596439 15.033296378372908 1.0102371298554067 
91 102 0 0 16 29 12.165525060596439 15.033296378372908 1.0101434305273715 
90 101 0 0 16 28 11.045361017187261 15.033296378372908 1.01912996245396 
86 97 1 0 20 26 11.045361017187261 15.033296378372908 1.0159398282794052 
85 96 1 0 17 20 11.045361017187261 15.033296378372908 1.0201454534206917 
79 95 1 0 19 20 11.045361017187261 15.033296378372908 1.028447247063242 
78 94 1 0 14 26 11.045361017187261 15.033296378372908 1.0272003338424873 
77 93 1 0 15 25 11.045361017187261 15.033296378372908 1.038702987749757 
75 92 2 0 14 22 11.045361017187261 15.033296378372908 1.024905302846519 
73 91 2 1 14 19 10.198039027185569 15.033296378372908 1.0271434115097613 
72 90 2 1 12 20 10.198039027185569 15.033296378372908 1.0308121198178437 
68 89 2 1 12 20 9.486832980505138 15.033296378372908 1.0189358058035787 
67 88 2 2 11 20 9.055385138137417 15.033296378372908 1.0199966390309612 
66 87 2 2 11 21 9.055385138137417 15.033296378372908 1.0219170266234479 
65 86 2 2 11 23 9.055385138137417 15.033296378372908 1.0231546298287002 
63 85 2 2 11 23 9.055385138137417 15.033296378372908 1.0357877547482475 
61 84 3 2 11 22 9.055385138137417 15.033296378372908 1.0478322419498656 
59 83 4 2 12 21 9.055385138137417 15.033296378372908 1.049232793464962 
57 82 4 2 10 20 8.0 14.0 1.0472466569559131 
56 78 4 2 8 19 8.0 14.0 1.0477188524653664 
55 77 4 2 9 20 8.0 14.0 1.046172790575965 
53 73 4 2 8 21 8.0 11.40175425099138 1.0486818158863813 
52 72 4 2 7 23 8.0 11.40175425099138 1.0327379617605508 
50 71 4 3 7 18 8.0 11.40175425099138 1.0361065414360708 
49 70 4 3 6 21 8.0 11.40175425099138 1.034334544566883 
49 68 4 3 4 20 8.0 10.770329614269007 1.0302380516036427 
48 67 4 3 4 15 8.0 10.770329614269007 1.0406575767443575 
47 66 5 3 6 14 8.0 10.770329614269007 1.0562474135993651 
43 64 6 3 6 15 8.0 10.770329614269007 1.057592148997592 
39 62 6 3 5 13 8.0 10.770329614269007 1.0592416199429042 
38 61 6 3 4 14 8.0 10.770329614269007 1.059937389853808 
36 60 6 3 2 12 8.0 10.770329614269007 1.06146641609676 
35 59 6 3 2 13 7.0710678118654755 10.770329614269007 1.0594897920386332 
34 57 6 3 2 11 6.324555320336759 10.770329614269007 1.0583745972639582 
34 56 6 3 2 12 6.324555320336759 9.055385138137417 1.0596122004692103 
32 55 6 3 2 12 6.324555320336759 9.055385138137417 1.063009827239941 
31 54 6 3 2 15 5.0990195135927845 9.055385138137417 1.0596206275483444 
31 52 6 3 2 13 5.0990195135927845 9.055385138137417 1.0572010684839659 
29 51 6 3 2 11 8.94427190999916 9.055385138137417 1.0434126997128126 
28 49 6 4 1 10 8.94427190999916 9.055385138137417 1.0555981380073165 
27 48 7 4 0 9 8.94427190999916 9.055385138137417 1.0533533932029087 
27 46 7 4 1 8 7.211102550927978 9.055385138137417 1.052649334076857 
26 45 7 4 1 8 7.615773105863909 8.0 1.0534392506570656 
25 44 7 4 0 8 7.615773105863909 8.0 1.0526442222070187 
25 43 7 4 0 7 5.830951894845301 8.0 1.052021066994728 
25 42 7 4 1 7 4.242640687119285 8.0 1.0505556937028502 
24 41 7 4 1 7 6.324555320336759 7.0710678118654755 1.0615638565614947 
23 40 8 4 2 6 6.324555320336759 7.0710678118654755 1.0780744937092275 
21 39 9 4 0 8 5.0990195135927845 6.324555320336759 1.0750942885324197 
21 37 9 4 1 5 1.4142135623730951 6.324555320336759 1 
