140 140 0 0 14 14 16.0 16.0 0.9857849188989862 
138 138 0 0 17 17 16.0 14.142135623730951 0.9919263775463458 
134 136 0 0 16 19 13.038404810405298 16.0 0.9914308882924814 
132 135 0 0 16 17 13.038404810405298 16.0 0.9924786064614015 
130 134 0 0 16 18 14.0 16.0 0.9953879433043376 
128 132 0 0 16 22 14.0 16.0 1.0001634971543054 
126 131 0 0 14 26 14.0 16.0 0.9954894129471166 
125 130 0 0 14 19 14.142135623730951 16.0 0.9970704581488747 
123 129 0 0 15 21 14.142135623730951 16.0 0.9999407231861096 
121 128 0 0 15 24 14.142135623730951 16.0 1.000031079815876 
120 126 0 0 14 24 14.142135623730951 16.0 1.0006860865774572 
119 125 0 0 14 24 13.038404810405298 16.0 0.99767229118878 
117 121 0 0 15 22 13.038404810405298 16.0 0.9977481701413409 
115 120 0 0 16 21 12.0 16.0 0.9979258317456962 
113 119 0 0 16 20 12.0 16.0 0.9993927131855281 
111 118 0 0 15 20 12.0 16.0 0.9996665284765478 
109 116 0 0 16 21 12.0 16.0 0.999318299055157 
107 115 0 0 16 20 12.0 15.033296378372908 1.000367047856191 
105 113 0 0 16 22 13.038404810405298 15.033296378372908 1.000487627579583 
103 112 0 0 15 20 13.038404810405298 15.033296378372908 1.0012633480859332 
101 110 0 0 13 19 13.038404810405298 15.033296378372908 1.001987783768218 
100 109 0 0 12 19 13.038404810405298 15.033296378372908 1.0021654453725735 
98 108 0 0 12 18 13.038404810405298 15.033296378372908 1.002330893958565 
97 107 0 0 13 19 13.038404810405298 15.033296378372908 1.0160967506362921 
91 106 1 0 17 19 13.038404810405298 15.033296378372908 1.0180655372914547 
89 105 1 0 13 17 13.038404810405298 15.033296378372908 1.0202446413952075 
87 103 1 0 12 19 13.038404810405298 15.033296378372908 1.0203920799059372 
86 101 1 0 12 20 13.038404810405298 15.033296378372908 1.037948239475028 
78 100 2 0 12 19 12.0 15.033296378372908 1.0442086848400898 
74 99 2 0 10 23 12.0 15.033296378372908 1.0413875094758525 
70 98 2 0 14 19 12.0 15.033296378372908 1.048006591059973 
66 97 2 0 10 21 11.045361017187261 15.033296378372908 1.0504969780099658 
65 96 2 0 9 23 10.198039027185569 15.033296378372908 1.0518774167986689 
63 95 2 0 11 24 8.0 15.033296378372908 1.054843835522568 
61 93 2 0 12 29 8.0 15.033296378372908 1.069010560284619 
60 92 3 0 14 34 8.0 14.142135623730951 1.0677277564106082 
58 91 3 0 12 29 8.0 14.142135623730951 1.0657595886600137 
57 90 3 0 11 25 8.0 14.142135623730951 1.0783345743399966 
56 89 4 0 12 26 8.0 14.142135623730951 1.0751855534589534 
54 87 4 0 12 21 8.0 14.142135623730951 1.0619777994970792 
53 85 4 1 11 20 8.0 14.142135623730951 1.0615936242689177 
52 84 4 1 10 19 8.0 13.341664064126334 1.0761431936609607 
50 83 5 1 9 20 8.0 13.341664064126334 1.0797505271926657 
49 82 5 1 8 24 7.615773105863909 13.341664064126334 1.0771092085838514 
48 81 5 1 7 19 7.615773105863909 13.341664064126334 1.0784074565205708 
44 79 5 1 7 18 7.0710678118654755 13.341664064126334 1.079258268983146 
42 78 5 1 7 18 7.0710678118654755 13.341664064126334 1.0786639318310287 
41 76 5 1 6 18 7.0710678118654755 12.083045973594572 1.0911818356300484 
40 75 6 1 6 18 7.0710678118654755 12.083045973594572 1.0931098853615606 
39 74 6 1 5 19 6.0 12.083045973594572 1.0932182520665887 
38 73 6 1 5 19 6.0 12.083045973594572 1.1063522248428652 
37 72 7 1 4 19 6.0 12.083045973594572 1.0925626633567636 
36 71 7 2 4 18 7.211102550927978 12.083045973594572 1.0926710300617917 
35 70 7 2 4 18 7.211102550927978 12.083045973594572 1.093434537549778 
34 68 7 2 3 19 7.211102550927978 12.083045973594572 1.0936103766117082 
33 67 7 2 4 19 5.830951894845301 12.083045973594572 1.0931362280571373 
32 65 7 2 3 19 5.830951894845301 11.045361017187261 1.0914379787555608 
30 63 7 2 3 17 5.830951894845301 10.0 1.1045719515318373 
29 62 8 2 2 17 5.830951894845301 10.0 1.1040640733815514 
28 61 8 2 3 16 4.47213595499958 10.0 1.1061348107802762 
27 60 8 2 2 18 4.47213595499958 10.0 1.0929777258523472 
26 59 8 3 3 17 3.1622776601683795 10.0 1.0937021615346323 
25 58 8 3 2 17 3.1622776601683795 10.0 1.0930969447080854 
24 57 8 3 3 16 2.0 10.0 1.0931482295321504 
23 56 8 3 2 15 2.0 10.0 1.1052558417592995 
22 55 9 3 2 15 2.8284271247461903 10.0 1.1061668143229921 
21 54 9 3 1 15 1.4142135623730951 9.055385138137417 1 
