140 140 0 0 14 14 16.0 16.0 0.9798866239151572 
138 139 0 0 17 19 16.0 14.142135623730951 0.9903174135325113 
134 138 0 0 16 22 12.165525060596439 16.0 0.9897544203737945 
132 137 0 0 16 20 12.165525060596439 16.0 0.990704515531558 
130 136 0 0 16 20 13.038404810405298 16.0 0.9887415231117175 
128 134 0 0 16 18 14.0 16.0 0.9925006409164898 
126 133 0 0 14 20 14.0 15.033296378372908 0.9912762050287137 
124 132 0 0 16 19 15.033296378372908 15.033296378372908 0.9951717943703039 
122 131 0 0 15 21 15.033296378372908 15.033296378372908 0.9979477206605543 
120 130 0 0 16 23 15.033296378372908 15.033296378372908 0.999804277060281 
118 128 0 0 17 25 15.033296378372908 15.033296378372908 1.001605515606872 
116 127 0 0 18 26 15.033296378372908 15.033296378372908 1.003966585679133 
114 126 0 0 18 27 15.033296378372908 15.033296378372908 1.0034589103735516 
112 124 0 0 18 26 15.033296378372908 15.033296378372908 1.003870604958494 
110 123 0 0 18 25 15.033296378372908 15.033296378372908 1.0042822995434366 
108 122 0 0 18 24 15.033296378372908 15.033296378372908 1.000961196713148 
106 118 0 0 18 22 15.033296378372908 15.033296378372908 1.003322266785409 
104 117 0 0 18 23 15.033296378372908 15.033296378372908 1.0029042489343725 
102 116 0 0 16 20 15.033296378372908 15.033296378372908 1.0097508655654013 
98 115 0 0 16 24 15.033296378372908 14.0 1.0124935787974287 
97 114 0 0 15 26 15.033296378372908 14.0 1.034173082208591 
93 113 1 0 15 32 15.033296378372908 14.0 1.0295637179664683 
92 112 1 0 14 26 14.142135623730951 14.0 1.0342890197440369 
90 111 1 0 15 30 14.142135623730951 14.0 1.0558515641828348 
82 110 2 0 13 30 14.142135623730951 14.0 1.0560486957106034 
80 108 2 0 10 28 14.142135623730951 14.0 1.055282247758024 
76 107 2 0 11 24 14.142135623730951 14.0 1.069604371865861 
75 106 3 0 11 26 14.142135623730951 14.0 1.0665542764890679 
74 104 3 0 10 23 14.142135623730951 14.0 1.0637586655830396 
72 98 3 0 11 24 14.142135623730951 14.0 1.064170360167982 
70 97 3 0 11 23 14.142135623730951 14.0 1.0808567159811269 
69 96 4 0 12 28 14.142135623730951 14.0 1.076940042898484 
67 95 4 0 10 21 13.341664064126334 14.0 1.0767586928995336 
66 94 4 0 9 20 13.341664064126334 14.0 1.077552030644242 
65 93 4 0 8 20 13.341664064126334 14.0 1.078219177650234 
64 92 4 0 8 21 13.038404810405298 13.038404810405298 1.0790671594060148 
62 91 4 0 8 20 12.165525060596439 13.038404810405298 1.0818099812668402 
60 90 4 0 8 21 11.40175425099138 13.038404810405298 1.0804982447650586 
58 88 4 0 10 20 10.770329614269007 13.038404810405298 1.0845726213118314 
54 87 4 0 8 19 10.295630140987 13.038404810405298 1.085959003640433 
52 86 4 0 8 19 10.295630140987 13.038404810405298 1.0890440673721986 
51 85 4 0 8 22 8.94427190999916 12.0 1.0899415905819454 
50 84 4 0 8 22 7.615773105863909 12.0 1.0883477672021227 
49 82 4 0 7 21 8.602325267042627 12.0 1.0870467541518325 
48 81 4 0 8 20 8.602325267042627 12.0 1.1001575226639244 
46 80 5 0 7 19 8.602325267042627 12.0 1.0999761726649737 
45 79 5 0 6 18 8.602325267042627 12.0 1.1031337421149905 
44 78 5 0 6 21 8.602325267042627 12.0 1.102570748956274 
42 77 5 0 6 19 8.602325267042627 12.0 1.1068811945158532 
40 76 5 0 6 22 8.602325267042627 12.0 1.1043688258698179 
38 75 5 0 6 18 8.602325267042627 12.0 1.1153520305286873 
37 74 6 0 5 16 8.602325267042627 12.0 1.116840736246994 
36 73 6 0 4 16 7.211102550927978 12.0 1.1182271185755959 
34 72 6 0 4 16 7.211102550927978 12.0 1.1198872114740575 
32 70 7 1 2 17 7.211102550927978 12.0 1.119003275449984 
31 69 7 1 4 17 5.830951894845301 11.045361017187261 1.1209494893042555 
29 68 7 1 3 17 5.830951894845301 11.045361017187261 1.1260339735900422 
27 67 7 1 4 20 3.1622776601683795 11.045361017187261 1.1235216049440069 
25 66 7 1 4 16 3.1622776601683795 11.045361017187261 1.1333923123565326 
24 64 8 1 2 14 3.1622776601683795 10.0 1.1324584593300067 
23 62 8 1 1 13 2.8284271247461903 10.0 1.1305644016958234 
23 61 8 1 1 12 2.8284271247461903 10.0 1.1296630089443298 
22 60 8 1 1 12 5.0990195135927845 10.0 1.1455129966854203 
21 59 9 1 0 14 3.1622776601683795 10.0 1.144907521506819 
21 58 9 1 1 14 1.4142135623730951 10.0 1 
