140 140 0 0 14 14 16.0 16.0 1.0192726977373021 
138 139 0 0 17 18 16.0 14.142135623730951 1.023066992903309 
134 138 0 0 16 16 12.649110640673518 16.0 1.0268228275623859 
132 137 0 0 16 19 12.649110640673518 16.0 1.0268183612753325 
130 136 0 0 16 18 12.649110640673518 16.0 1.027753970224812 
128 135 0 0 16 18 12.649110640673518 16.0 1.0314031818284175 
126 134 0 0 14 20 12.649110640673518 16.0 1.0334118796020535 
125 133 0 0 14 22 12.165525060596439 16.0 1.0339307624610021 
123 132 0 0 15 22 12.165525060596439 16.0 1.0343771848787267 
121 128 0 0 15 25 13.341664064126334 16.0 1.0337503266498116 
119 127 0 0 16 24 14.0 16.0 1.031448983799163 
117 126 0 0 17 21 14.0 16.0 1.0320488496539857 
116 125 0 0 16 21 13.341664064126334 16.0 1.03535801434332 
115 124 0 0 15 24 13.038404810405298 16.0 1.037488328623778 
114 123 0 0 15 26 12.165525060596439 16.0 1.0389472867192593 
112 122 0 0 16 27 12.165525060596439 16.0 1.040822970905271 
110 121 0 0 16 28 12.165525060596439 16.0 1.0351780531990231 
108 120 0 0 16 21 12.165525060596439 16.0 1.0362399778001001 
106 119 0 0 14 21 12.165525060596439 15.033296378372908 1.0355460955280842 
104 118 0 0 15 20 13.038404810405298 15.033296378372908 1.0399680219886063 
100 117 0 0 18 23 13.038404810405298 15.033296378372908 1.0512461942843891 
92 116 0 0 16 27 13.038404810405298 15.033296378372908 1.0566318560247439 
88 114 1 0 18 19 13.038404810405298 15.033296378372908 1.0791708826166688 
84 113 2 0 14 25 11.40175425099138 15.033296378372908 1.0754061153834857 
82 112 2 0 14 20 11.40175425099138 15.033296378372908 1.077241213682472 
80 110 2 0 14 22 11.40175425099138 15.033296378372908 1.0790102748130128 
78 109 2 0 12 22 11.40175425099138 15.033296378372908 1.0761855828163622 
76 108 2 0 12 18 11.40175425099138 15.033296378372908 1.0769965089103843 
75 107 2 0 10 18 11.40175425099138 15.033296378372908 1.0808456219387057 
74 106 2 0 10 22 11.045361017187261 15.033296378372908 1.0808230958516665 
73 105 2 0 10 22 11.045361017187261 15.033296378372908 1.0810652753487056 
72 104 2 0 10 22 10.198039027185569 15.033296378372908 1.0838810347712498 
70 103 2 0 10 24 10.198039027185569 15.033296378372908 1.0819783582111457 
69 102 2 0 10 22 10.198039027185569 15.033296378372908 1.0878184661541719 
68 101 2 0 10 28 9.486832980505138 15.033296378372908 1.0841298386573002 
67 99 2 0 10 25 9.055385138137417 15.033296378372908 1.0835839634242588 
66 98 2 0 9 24 9.055385138137417 15.033296378372908 1.0944898600154043 
65 97 3 0 9 23 9.055385138137417 15.033296378372908 1.09500286904756 
63 95 3 0 10 24 8.94427190999916 15.033296378372908 1.0904046496333157 
61 94 3 0 12 19 8.94427190999916 15.033296378372908 1.0889186991637418 
60 93 3 0 11 17 8.94427190999916 15.033296378372908 1.095114153041858 
56 92 3 0 12 21 8.94427190999916 15.033296378372908 1.0982400154994618 
54 91 3 0 9 22 8.94427190999916 15.033296378372908 1.1162497878923363 
53 90 4 0 10 29 8.94427190999916 15.033296378372908 1.1082013705670215 
51 89 4 0 9 19 8.94427190999916 15.033296378372908 1.1196306163041687 
50 88 5 0 10 19 8.94427190999916 15.033296378372908 1.1189781180156564 
49 87 5 0 7 17 8.94427190999916 15.033296378372908 1.1207291193462108 
48 86 5 0 5 18 8.94427190999916 15.033296378372908 1.1209947910131608 
47 85 5 0 5 19 8.94427190999916 14.142135623730951 1.1210971497429438 
45 84 5 0 5 18 8.602325267042627 14.142135623730951 1.1234762719592015 
43 83 5 0 5 20 10.0 14.142135623730951 1.1239018700047845 
42 82 5 0 4 20 9.899494936611665 14.142135623730951 1.1210591182081477 
41 81 5 0 4 17 9.899494936611665 14.142135623730951 1.1233334686847039 
40 80 5 0 3 19 9.899494936611665 14.142135623730951 1.1228942165071338 
39 79 5 0 4 19 9.899494936611665 14.142135623730951 1.1110334311928327 
38 78 5 1 4 20 8.48528137423857 14.142135623730951 1.1081906793961958 
37 77 5 1 4 17 8.48528137423857 14.142135623730951 1.1087175837323189 
36 76 5 1 3 18 8.48528137423857 13.038404810405298 1.121104964505985 
34 75 6 1 4 18 8.48528137423857 13.038404810405298 1.123379314982541 
33 74 6 1 3 20 8.48528137423857 13.038404810405298 1.1233567888955018 
32 73 6 1 3 20 8.48528137423857 13.038404810405298 1.1327586752170875 
31 71 7 1 2 18 8.48528137423857 13.038404810405298 1.1323194230395173 
30 70 7 1 3 18 8.48528137423857 13.038404810405298 1.133155427022437 
29 69 7 1 2 18 7.0710678118654755 13.038404810405298 1.119496036401644 
28 68 7 2 3 18 7.0710678118654755 13.038404810405298 1.1203320403845638 
27 67 7 2 2 18 5.656854249492381 13.038404810405298 1.1203095142975246 
26 66 7 2 2 18 5.656854249492381 13.038404810405298 1.121145518280444 
25 65 7 2 1 18 4.242640687119285 13.038404810405298 1.1219913725139026 
24 64 7 2 1 19 4.47213595499958 13.038404810405298 1.119677130661825 
23 63 8 3 1 18 4.47213595499958 13.038404810405298 1.121420609025437 
22 62 8 3 0 19 3.1622776601683795 13.038404810405298 1.1214688109121587 
22 60 8 3 1 21 1.4142135623730951 13.038404810405298 1.1295858711824847 
21 59 9 3 0 18 5.656854249492381 13.038404810405298 1.1157551806790973 
21 58 9 4 0 18 4.47213595499958 13.038404810405298 1.1139819408140907 
21 57 9 4 0 17 4.0 13.038404810405298 1.1166140841415788 
21 56 9 4 0 21 4.47213595499958 13.038404810405298 1.1157809195131045 
21 55 9 4 0 21 4.0 13.038404810405298 1.10803164935171 
21 53 9 4 0 15 4.47213595499958 13.038404810405298 1.1071984847232357 
21 52 9 4 0 15 4.0 13.038404810405298 1.1053107416873256 
21 51 9 4 0 15 4.47213595499958 12.0 1 
