140 140 0 0 14 14 16.0 16.0 1.0300990420999294 
138 138 0 0 17 17 16.0 14.142135623730951 1.030516685901113 
134 134 0 0 16 16 13.341664064126334 15.033296378372908 1.0364098395434664 
132 133 0 0 16 22 15.033296378372908 15.033296378372908 1.0381245086451687 
130 132 0 0 16 23 15.033296378372908 15.033296378372908 1.0370447970260983 
128 131 0 0 16 21 15.033296378372908 15.033296378372908 1.0395417293349256 
126 130 0 0 14 22 15.033296378372908 15.033296378372908 1.0432685159502761 
124 129 0 0 16 26 15.033296378372908 15.033296378372908 1.0415765472438567 
122 127 0 0 15 24 15.033296378372908 15.033296378372908 1.039889918669263 
120 123 0 0 16 25 15.033296378372908 15.033296378372908 1.0421449164076606 
118 122 0 0 17 27 15.033296378372908 15.033296378372908 1.0445824683214464 
116 121 0 0 18 30 15.033296378372908 14.0 1.0416398362218606 
114 120 0 0 18 26 15.033296378372908 14.0 1.0395567359118787 
112 118 0 0 18 24 15.033296378372908 14.0 1.0439938572837004 
110 116 0 0 18 29 15.033296378372908 14.0 1.0466399866256606 
108 115 0 0 18 31 15.033296378372908 14.0 1.0463425382137148 
106 114 0 0 16 29 15.033296378372908 14.0 1.0485975359521125 
104 113 0 0 17 31 15.033296378372908 14.0 1.0507033366573775 
102 112 0 0 16 32 15.033296378372908 14.0 1.0430696363699292 
101 110 0 0 16 25 15.033296378372908 14.0 1.045076780093436 
99 109 0 0 16 26 14.0 14.0 1.0418659989517918 
97 108 0 0 15 21 13.038404810405298 14.0 1.0438277367358677 
95 107 0 0 15 22 12.165525060596439 14.0 1.0436075569064012 
93 105 0 0 15 22 12.165525060596439 14.0 1.0661694548941925 
85 103 1 0 15 28 12.165525060596439 14.0 1.0708946901048682 
83 102 1 0 15 32 11.40175425099138 14.0 1.0672737566179007 
79 100 1 0 19 28 11.40175425099138 14.142135623730951 1.0670753315293977 
75 96 1 0 16 27 11.40175425099138 14.142135623730951 1.0648483743181085 
73 92 1 0 16 27 11.40175425099138 14.142135623730951 1.0651294160069378 
72 91 1 0 15 27 11.40175425099138 14.142135623730951 1.0620253284242487 
71 90 1 0 14 23 10.198039027185569 14.142135623730951 1.074298846145959 
63 88 2 0 18 20 11.40175425099138 14.142135623730951 1.0812275596947825 
59 87 2 0 14 23 11.40175425099138 14.142135623730951 1.0865570341884623 
58 86 2 0 12 28 11.40175425099138 14.142135623730951 1.0894680327624122 
56 85 3 0 13 18 11.40175425099138 14.142135623730951 1.0914975105395177 
52 84 3 0 12 17 11.40175425099138 14.142135623730951 1.104336314257713 
48 83 4 0 16 17 11.40175425099138 14.142135623730951 1.1283854700772749 
40 82 5 0 10 21 11.40175425099138 14.142135623730951 1.1327453228666173 
38 81 5 0 8 24 11.40175425099138 14.142135623730951 1.132988203091367 
36 80 5 0 7 23 11.40175425099138 14.142135623730951 1.1463928339268732 
34 79 6 0 6 23 10.0 14.142135623730951 1.1461335469790073 
33 78 6 0 4 22 10.0 14.142135623730951 1.1454876087679684 
32 77 6 0 4 21 8.602325267042627 14.142135623730951 1.1476342250338238 
31 76 6 0 4 23 7.211102550927978 14.142135623730951 1.1454396093038302 
30 74 6 0 3 21 5.830951894845301 14.142135623730951 1.1437858020614904 
29 72 6 0 2 20 5.830951894845301 14.142135623730951 1.1404182713717683 
28 70 6 0 3 18 5.830951894845301 14.142135623730951 1.1525328367792413 
27 69 7 0 2 18 5.830951894845301 14.142135623730951 1.1537388200642475 
26 68 7 0 2 19 4.47213595499958 14.142135623730951 1.1526795780237442 
25 67 7 0 0 18 4.47213595499958 13.038404810405298 1.1643648503635755 
23 66 8 0 0 17 4.47213595499958 13.038404810405298 1.1482645848082664 
23 64 8 1 1 16 2.8284271247461903 13.038404810405298 1.1343871796698441 
22 63 8 2 1 15 1.4142135623730951 13.038404810405298 1.1462323255347873 
21 62 9 2 0 16 5.656854249492381 13.038404810405298 1.146495731691298 
21 61 9 2 0 17 4.47213595499958 13.038404810405298 1.1313247345157686 
21 60 9 3 0 16 4.47213595499958 13.038404810405298 1.1302494173742037 
21 58 9 3 0 17 4.47213595499958 13.038404810405298 1.1284214917104578 
21 56 9 3 0 18 4.47213595499958 12.0 1 
