140 140 0 0 14 14 16.0 16.0 1.0679243277794734 
138 139 0 0 17 17 16.0 14.142135623730951 1.0719397307445044 
134 137 0 0 16 18 12.165525060596439 16.0 1.0733119309890102 
132 136 0 0 16 19 12.165525060596439 16.0 1.077552426638601 
130 135 0 0 16 23 12.165525060596439 16.0 1.071617704044284 
128 131 0 0 16 20 13.341664064126334 16.0 1.0685710001577073 
126 130 0 0 14 16 14.142135623730951 16.0 1.069451758098986 
124 129 0 0 16 17 14.142135623730951 16.0 1.0729818764318289 
122 128 0 0 15 20 14.142135623730951 16.0 1.0731522570563594 
120 127 0 0 16 20 14.142135623730951 16.0 1.0735714281134605 
118 126 0 0 17 21 14.142135623730951 15.033296378372908 1.0735972428634404 
116 125 0 0 18 21 15.033296378372908 15.033296378372908 1.0721011477028615 
114 124 0 0 18 19 15.033296378372908 15.033296378372908 1.08112213569426 
112 123 0 0 18 28 15.033296378372908 15.033296378372908 1.080582139002043 
110 122 0 0 18 27 15.033296378372908 15.033296378372908 1.0771738469047412 
108 121 0 0 18 23 15.033296378372908 15.033296378372908 1.0790374894524741 
106 120 0 0 16 24 15.033296378372908 15.033296378372908 1.0760938535203066 
104 119 0 0 18 21 15.033296378372908 15.033296378372908 1.076509955296451 
102 118 0 0 18 21 15.033296378372908 15.033296378372908 1.0762156797558475 
100 117 0 0 17 20 15.033296378372908 15.033296378372908 1.0893720588834328 
90 113 1 0 24 20 14.142135623730951 15.033296378372908 1.1060890091571216 
84 112 2 0 17 20 14.142135623730951 15.033296378372908 1.1106020120964186 
82 111 2 0 12 23 14.142135623730951 15.033296378372908 1.1189126227710688 
80 110 2 0 11 31 14.142135623730951 15.033296378372908 1.137488197705295 
74 109 3 0 12 35 14.142135623730951 15.033296378372908 1.1314573313545222 
72 108 3 0 11 28 14.142135623730951 15.033296378372908 1.1332633862162655 
71 106 3 0 10 31 13.341664064126334 15.033296378372908 1.1329720101999845 
70 105 3 0 10 31 13.038404810405298 15.033296378372908 1.124219769966721 
68 101 3 0 10 26 12.165525060596439 13.341664064126334 1.1253731008649923 
66 100 3 0 11 27 12.0 13.341664064126334 1.1263313977661416 
65 99 3 0 10 28 11.40175425099138 13.341664064126334 1.1211812893566473 
61 97 3 0 11 22 11.40175425099138 13.341664064126334 1.1297527280428075 
55 96 3 0 10 27 10.770329614269007 13.341664064126334 1.126789582452232 
54 95 3 0 9 24 10.770329614269007 13.341664064126334 1.1283475337377968 
53 94 3 0 9 26 9.486832980505138 13.038404810405298 1.1364933496237501 
51 93 4 0 9 22 9.486832980505138 13.038404810405298 1.1364684897675352 
50 92 4 0 8 22 9.055385138137417 13.038404810405298 1.1556886365636012 
46 91 5 0 8 28 9.055385138137417 13.038404810405298 1.1468477541808655 
45 89 5 0 7 20 9.055385138137417 13.038404810405298 1.1619319804969632 
43 88 6 0 6 23 9.055385138137417 13.038404810405298 1.157074662979088 
42 87 6 0 5 18 8.94427190999916 13.038404810405298 1.1566647685030131 
41 86 6 0 5 18 7.615773105863909 12.649110640673518 1.1564244988918326 
39 85 6 0 5 18 11.661903789690601 12.649110640673518 1.141671583469259 
38 84 6 1 5 17 11.661903789690601 12.649110640673518 1.1541571117267937 
36 83 7 1 4 17 10.0 12.649110640673518 1.159199306140007 
35 82 7 1 4 23 10.0 12.165525060596439 1.1579489321310417 
33 81 7 1 3 21 10.0 12.165525060596439 1.1583187381106854 
32 80 7 1 4 22 10.0 12.165525060596439 1.1525728847151127 
31 78 7 1 3 17 8.602325267042627 12.165525060596439 1.1529426906947566 
30 77 7 1 4 18 8.602325267042627 12.165525060596439 1.1639399748134072 
29 76 8 1 2 17 7.0710678118654755 12.165525060596439 1.1633536823246895 
28 75 8 1 3 17 7.0710678118654755 12.165525060596439 1.1661108229366337 
27 74 8 1 3 20 5.656854249492381 12.165525060596439 1.1665269247127779 
25 73 8 1 3 20 5.656854249492381 12.165525060596439 1.1779861825105427 
24 72 9 1 2 20 5.656854249492381 12.165525060596439 1.1769489204378913 
22 71 9 1 2 18 2.8284271247461903 12.165525060596439 1.162529996728904 
21 69 9 2 1 18 1.4142135623730951 12.165525060596439 1 
