140 140 0 0 14 14 16.0 16.0 1.0854935659038456 
138 139 0 0 17 17 16.0 14.142135623730951 1.0866339421041364 
134 137 0 0 16 16 12.165525060596439 16.0 1.0903813290401356 
132 136 0 0 21 19 14.0 16.0 1.095634774630048 
128 135 0 0 22 22 14.0 16.0 1.0963720927854999 
124 133 0 0 22 22 14.0 16.0 1.096028130111586 
120 132 0 0 22 20 14.0 16.0 1.0957051996908949 
116 131 0 0 24 18 14.0 16.0 1.1115703390429386 
108 130 1 0 16 18 13.341664064126334 16.0 1.1164190279570478 
106 129 1 0 17 22 13.341664064126334 16.0 1.112318173325002 
104 128 1 0 17 18 13.341664064126334 16.0 1.1285659804612647 
100 127 2 0 17 21 13.341664064126334 16.0 1.1289346395389905 
98 126 2 0 17 21 13.341664064126334 16.0 1.1293025935360537 
96 125 2 0 16 21 12.649110640673518 16.0 1.1289481147355285 
92 124 2 0 15 19 12.649110640673518 16.0 1.1440195815177538 
91 123 3 0 14 23 12.649110640673518 16.0 1.1432708621680368 
89 122 3 0 14 22 12.649110640673518 16.0 1.1457659853064173 
87 118 3 0 14 27 12.649110640673518 16.0 1.1416340342738656 
85 116 3 0 15 24 13.038404810405298 16.0 1.1419665957535143 
83 114 3 0 15 25 13.038404810405298 16.0 1.1445489794329031 
81 113 3 0 13 27 13.038404810405298 16.0 1.1460139846848487 
79 112 3 0 11 28 13.038404810405298 16.0 1.144525230036732 
78 111 3 0 13 27 13.038404810405298 16.0 1.1566767317591913 
72 110 4 0 10 25 13.038404810405298 16.0 1.1551774609844627 
71 109 4 0 11 24 13.038404810405298 16.0 1.162617217629278 
70 108 4 0 12 31 13.038404810405298 16.0 1.159990052300495 
69 107 4 0 12 29 13.038404810405298 16.0 1.1592536985864725 
67 106 4 0 12 28 12.165525060596439 16.0 1.1607505560374443 
65 105 4 0 12 29 11.40175425099138 16.0 1.1644912083245555 
63 104 4 0 12 32 10.0 16.0 1.1720028277390862 
57 98 5 0 11 31 10.770329614269007 16.0 1.1442010775020635 
55 86 5 0 13 19 9.486832980505138 13.341664064126334 1.1427215537681141 
51 85 5 0 13 16 10.770329614269007 13.341664064126334 1.146446557626935 
49 84 5 0 10 19 8.246211251235321 13.341664064126334 1.1524021088418754 
47 83 5 0 10 24 8.246211251235321 13.341664064126334 1.1449025052028121 
45 81 5 0 9 18 8.246211251235321 13.341664064126334 1.1305511118694567 
44 80 5 1 9 18 7.0710678118654755 13.341664064126334 1.1150762085863086 
43 79 5 2 10 17 7.0710678118654755 13.341664064126334 1.11431697310998 
41 78 5 2 9 16 7.0710678118654755 13.341664064126334 1.1139397378994884 
40 77 5 2 9 16 6.0 13.341664064126334 1.11353681329898 
39 76 5 2 8 16 6.0 13.341664064126334 1.1165303360849224 
38 75 5 2 10 19 5.0990195135927845 13.341664064126334 1.1157711006085937 
36 74 5 2 9 18 5.0990195135927845 13.341664064126334 1.1154258097552303 
35 73 5 2 12 18 4.0 13.341664064126334 1.129341775353607 
31 72 6 2 5 19 5.656854249492381 13.341664064126334 1.1278214723256554 
30 71 6 2 4 18 5.656854249492381 13.341664064126334 1.1291133788838987 
29 70 6 2 4 20 5.656854249492381 12.649110640673518 1.141625326315253 
27 69 7 2 6 21 5.656854249492381 12.649110640673518 1.1511099009602637 
26 68 8 2 5 20 5.656854249492381 12.649110640673518 1.1518338730922593 
25 67 8 2 3 21 4.242640687119285 12.649110640673518 1.1352205591284452 
24 66 8 3 2 19 4.242640687119285 12.649110640673518 1.1454381581292319 
23 65 9 3 1 19 4.242640687119285 12.165525060596439 1.1433518763477137 
22 64 9 3 2 18 2.8284271247461903 11.40175425099138 1 
