140 140 0 0 14 14 16.0 16.0 0.9740426035114598 
138 139 0 0 17 17 16.0 14.142135623730951 0.9835879665879081 
134 138 0 0 16 20 12.649110640673518 16.0 0.9857436486503542 
132 137 0 0 16 21 12.649110640673518 16.0 0.9845726681571492 
130 133 0 0 16 21 12.649110640673518 16.0 0.9877635585856639 
128 132 0 0 16 24 14.0 16.0 0.9876574179059867 
126 131 0 0 14 21 14.0 16.0 0.9904126309451042 
125 130 0 0 14 24 14.142135623730951 16.0 0.9911063587095359 
123 129 0 0 15 24 14.142135623730951 16.0 0.9915334636592644 
121 128 0 0 15 23 14.142135623730951 16.0 0.9915456391543177 
120 126 0 0 14 23 14.142135623730951 16.0 0.9906188732167192 
119 125 0 0 14 21 13.038404810405298 16.0 0.9913126009811508 
117 124 0 0 15 21 13.038404810405298 16.0 0.9917713478414051 
113 122 0 0 20 22 13.038404810405298 16.0 0.99366992969025 
109 121 0 0 20 21 13.038404810405298 15.033296378372908 0.9973401308502251 
105 120 0 0 21 22 13.038404810405298 15.033296378372908 1.015086270317922 
97 118 1 0 27 24 12.0 15.033296378372908 1.022087698425865 
95 117 1 0 16 23 12.0 15.033296378372908 1.0233790919319525 
93 116 1 0 16 23 12.0 15.033296378372908 1.030356809414424 
87 115 1 0 15 24 12.0 15.033296378372908 1.0179031117903343 
85 114 1 1 15 23 12.0 15.033296378372908 1.0178404683339184 
83 112 1 1 13 21 12.0 15.033296378372908 1.0193984846547086 
81 111 1 1 14 22 12.0 15.033296378372908 1.0210209210877492 
79 110 1 1 12 21 12.0 15.033296378372908 1.0200176310329498 
78 109 1 1 12 19 11.045361017187261 15.033296378372908 1.0253845742351397 
77 108 1 1 12 25 10.0 14.142135623730951 1.0243932221101149 
75 106 1 1 13 24 10.0 14.142135623730951 1.037004880525647 
71 105 2 1 12 20 10.198039027185569 14.0 1.0386161392883406 
69 104 2 1 11 19 9.055385138137417 14.0 1.0380306490417381 
68 102 2 1 11 19 9.055385138137417 14.0 1.0535915065025276 
62 100 3 1 9 16 9.055385138137417 14.0 1.0610721589668453 
61 99 3 1 7 23 9.055385138137417 14.0 1.0581604258658692 
60 97 3 1 8 21 9.055385138137417 14.0 1.0572648155813027 
59 96 3 1 7 19 9.055385138137417 14.0 1.0572773112586735 
55 92 3 1 10 20 9.055385138137417 14.0 1.0703736978820189 
54 91 4 1 9 20 9.055385138137417 14.0 1.0708443000550085 
52 89 4 1 9 20 9.055385138137417 14.0 1.0706306359274371 
51 88 4 1 9 19 8.246211251235321 14.0 1.0713243636918686 
49 87 4 1 10 19 8.246211251235321 14.0 1.0712930419636608 
48 86 4 1 9 18 8.246211251235321 14.0 1.0755831630172463 
47 85 4 1 8 22 8.246211251235321 14.0 1.0889461724552942 
46 84 5 1 8 23 8.246211251235321 14.0 1.0902375659613817 
44 83 5 1 8 23 8.246211251235321 14.0 1.098350423949027 
43 82 6 1 11 20 8.246211251235321 14.0 1.1050089538172811 
39 81 6 1 7 21 8.246211251235321 14.0 1.1037644427835136 
37 80 6 1 6 17 7.615773105863909 14.0 1.1052601508283453 
36 79 6 1 5 17 6.324555320336759 14.0 1.1206413429748747 
35 77 7 1 4 22 6.324555320336759 12.165525060596439 1.1208766440613696 
34 76 7 1 4 22 6.324555320336759 12.165525060596439 1.1208766853275964 
33 75 7 1 4 21 5.0990195135927845 12.165525060596439 1.1191606889386219 
31 74 7 1 3 18 7.0710678118654755 12.165525060596439 1.1201218610807047 
30 73 7 1 3 18 5.656854249492381 12.165525060596439 1.1203571621671995 
29 72 7 1 3 18 5.656854249492381 12.165525060596439 1.1204543933780982 
28 70 7 1 4 18 3.1622776601683795 12.165525060596439 1.1217457868841856 
26 69 7 1 4 18 3.1622776601683795 12.165525060596439 1.13515194592032 
25 68 8 1 3 19 4.242640687119285 12.165525060596439 1.1351206241921121 
24 67 8 1 2 18 4.242640687119285 12.165525060596439 1.135339378512708 
23 66 8 1 2 18 2.8284271247461903 11.045361017187261 1.1356045878833934 
22 65 8 1 0 18 5.0990195135927845 11.045361017187261 1.1354829029899123 
22 64 8 1 1 19 3.1622776601683795 10.198039027185569 1.148972207885137 
21 63 9 1 0 20 3.1622776601683795 9.486832980505138 1.134705885647813 
21 62 9 2 1 19 1.4142135623730951 9.486832980505138 1 
