140 140 0 0 14 14 16.0 16.0 1.0156878656705957 
138 138 0 0 17 17 16.0 14.142135623730951 1.0195872842717513 
134 137 0 0 16 15 13.341664064126334 16.0 1.02306205905517 
132 135 0 0 16 19 14.142135623730951 16.0 1.0240090333773282 
130 134 0 0 16 19 14.142135623730951 16.0 1.0230228076200996 
128 133 0 0 16 17 14.142135623730951 16.0 1.027868046853001 
126 132 0 0 14 20 14.142135623730951 16.0 1.0268884087845378 
125 130 0 0 14 20 14.0 16.0 1.0273361507108643 
123 129 0 0 15 20 14.0 16.0 1.0282831250330224 
121 128 0 0 15 20 14.0 16.0 1.025810798197674 
120 126 0 0 14 18 14.0 16.0 1.028191740203387 
118 125 0 0 15 20 14.0 16.0 1.02767288209002 
116 124 0 0 16 19 14.0 16.0 1.0275723206694654 
115 123 0 0 15 18 13.038404810405298 16.0 1.029259510781248 
113 122 0 0 16 20 13.038404810405298 15.033296378372908 1.029251263791059 
111 121 0 0 17 20 14.142135623730951 15.033296378372908 1.0340646382719898 
109 120 0 0 17 24 14.142135623730951 15.033296378372908 1.0340227979347654 
108 119 0 0 16 23 13.038404810405298 15.033296378372908 1.0349589363645804 
107 118 0 0 16 24 13.038404810405298 15.033296378372908 1.0344400782512135 
105 117 0 0 17 23 13.038404810405298 15.033296378372908 1.033596098020499 
101 111 0 0 17 25 13.038404810405298 14.142135623730951 1.0324922851804241 
100 110 0 0 16 23 12.165525060596439 14.142135623730951 1.0365345994825186 
99 109 0 0 14 27 12.165525060596439 13.038404810405298 1.0413371380711063 
98 108 0 0 14 32 12.165525060596439 13.038404810405298 1.0408182799577395 
96 107 0 0 15 31 12.165525060596439 13.038404810405298 1.0509012728697815 
90 106 1 0 19 26 12.165525060596439 13.038404810405298 1.0731988493538183 
86 105 1 0 15 44 12.165525060596439 13.038404810405298 1.0548036299148278 
82 104 1 0 17 23 12.165525060596439 13.038404810405298 1.0635275083409372 
78 102 1 0 13 28 12.165525060596439 13.038404810405298 1.0572300788490379 
77 101 1 0 12 21 12.165525060596439 13.038404810405298 1.0561917196972446 
76 99 1 0 12 21 12.165525060596439 13.038404810405298 1.0715439759166756 
72 97 2 0 15 24 12.165525060596439 13.038404810405298 1.0720554473469426 
70 96 2 0 12 22 12.165525060596439 13.038404810405298 1.0725242181328958 
69 95 2 0 11 22 12.165525060596439 13.038404810405298 1.0820856639393597 
68 94 3 0 14 21 12.165525060596439 13.038404810405298 1.0838684393385831 
67 93 3 0 11 21 11.40175425099138 13.038404810405298 1.0820425831228924 
66 91 3 0 9 19 11.045361017187261 13.038404810405298 1.0810042239710989 
65 89 3 0 9 19 11.045361017187261 13.038404810405298 1.0858067625596866 
64 88 3 0 9 24 11.045361017187261 13.038404810405298 1.0828873367230718 
62 87 3 0 9 20 11.045361017187261 13.038404810405298 1.0818902750735 
61 86 3 0 9 19 11.045361017187261 13.038404810405298 1.0859546825895645 
59 85 3 0 9 22 11.045361017187261 13.341664064126334 1.084989485691963 
58 84 3 0 7 20 11.045361017187261 13.341664064126334 1.097546968798477 
54 83 4 0 6 17 11.045361017187261 13.341664064126334 1.0993323972935263 
53 82 4 0 5 18 10.198039027185569 13.341664064126334 1.0992542565714936 
51 81 4 0 5 16 8.0 13.341664064126334 1.0880649749011186 
49 80 4 1 7 18 8.0 13.341664064126334 1.0900104140149405 
47 79 4 1 5 18 8.0 13.341664064126334 1.0903637260361594 
46 78 4 1 5 18 7.0710678118654755 13.341664064126334 1.089809159101015 
45 77 4 1 5 17 6.0 13.341664064126334 1.0892794650953046 
44 76 4 1 6 17 6.0 13.341664064126334 1.0897482358812582 
43 75 4 1 5 17 6.0 13.341664064126334 1.0906952102034162 
41 74 4 1 5 17 6.0 13.341664064126334 1.1012551208015438 
40 73 5 1 6 16 6.0 13.341664064126334 1.102223123983329 
39 72 5 1 4 16 6.0 13.341664064126334 1.0886130059471115 
38 70 5 2 3 16 6.0 13.341664064126334 1.0735464882256205 
37 69 5 3 5 15 6.0 13.341664064126334 1.0904696038867394 
33 68 6 3 3 16 6.0 13.341664064126334 1.0895950897224176 
32 67 6 3 3 16 6.0 12.165525060596439 1.1006542327163766 
31 66 7 3 3 15 6.0 12.165525060596439 1.1020591419321446 
29 64 7 3 2 16 6.0 12.165525060596439 1.0996225262728716 
28 62 7 3 2 15 5.0990195135927845 11.045361017187261 1.101422532348908 
26 61 7 3 1 15 4.242640687119285 11.045361017187261 1.1001278070705856 
25 60 7 3 1 15 5.830951894845301 10.198039027185569 1.1111869500645446 
24 59 8 3 1 14 5.830951894845301 10.198039027185569 1.0991461028694867 
23 58 8 4 0 14 4.47213595499958 10.198039027185569 1.0981739902221574 
23 56 8 4 1 14 2.8284271247461903 11.40175425099138 1.0947569051371606 
22 54 8 4 1 11 1.4142135623730951 11.313708498984761 1.1047516637662829 
21 52 9 4 0 11 5.0990195135927845 11.313708498984761 1.1030664341743184 
21 51 9 4 1 11 1.4142135623730951 8.94427190999916 1 
