140 140 0 0 14 14 16.0 16.0 0.9718562637177949 
138 139 0 0 17 17 16.0 14.142135623730951 0.9808569276401596 
134 138 0 0 16 19 12.165525060596439 16.0 0.9831239013699373 
132 137 0 0 16 20 12.0 16.0 0.9887658761833955 
130 136 0 0 16 25 12.0 16.0 0.9848233848123915 
128 130 0 0 16 25 13.038404810405298 15.033296378372908 0.9811633892486318 
126 128 0 0 14 20 15.033296378372908 15.033296378372908 0.9848743522782492 
125 127 0 0 14 24 15.033296378372908 15.033296378372908 0.9890992740763493 
123 125 0 0 15 29 15.033296378372908 15.033296378372908 0.9861382483874777 
121 123 0 0 15 25 15.033296378372908 15.033296378372908 0.9871378716884438 
120 119 0 0 14 28 15.033296378372908 15.033296378372908 0.9879740611349404 
119 117 0 0 14 29 14.0 15.033296378372908 0.9809507852059253 
117 115 0 0 15 21 14.0 15.033296378372908 0.9882214911522329 
115 114 0 0 16 28 13.038404810405298 15.033296378372908 0.9817994815473258 
113 112 0 0 16 20 13.038404810405298 15.033296378372908 0.9898226739306683 
111 110 0 0 15 28 13.038404810405298 15.033296378372908 0.9871399215913781 
107 109 0 0 18 23 13.038404810405298 15.033296378372908 0.9908607318062237 
105 108 0 0 14 23 13.038404810405298 15.033296378372908 0.9914479975890127 
104 107 0 0 12 22 13.038404810405298 15.033296378372908 0.9875722666333734 
102 106 0 0 12 16 13.038404810405298 15.033296378372908 0.9930137216210085 
101 105 0 0 12 22 13.038404810405298 15.033296378372908 0.9966090828590012 
100 101 0 0 11 28 13.038404810405298 15.033296378372908 1.0101288220247624 
94 100 1 0 11 23 13.038404810405298 15.033296378372908 1.0151599764822459 
90 99 1 0 17 29 13.038404810405298 15.033296378372908 1.014820355281807 
86 98 1 0 18 26 13.038404810405298 14.142135623730951 1.0183409388241909 
82 97 1 0 15 24 13.038404810405298 14.142135623730951 1.0317849552195166 
78 96 2 0 19 25 13.038404810405298 13.038404810405298 1.048551157934171 
72 94 3 0 18 24 13.038404810405298 13.038404810405298 1.0509919751304038 
68 92 3 0 14 21 13.038404810405298 13.038404810405298 1.055304204484129 
67 91 3 0 13 25 13.038404810405298 13.038404810405298 1.0526944660057833 
66 90 3 0 12 21 13.038404810405298 13.038404810405298 1.0512569434295387 
64 89 3 0 12 18 13.341664064126334 13.038404810405298 1.042425325240378 
63 88 3 1 10 21 13.341664064126334 13.038404810405298 1.0406808327410413 
62 87 3 1 9 18 13.341664064126334 13.038404810405298 1.0400023251466157 
61 86 3 1 8 16 13.341664064126334 13.341664064126334 1.054987690390158 
57 84 4 1 8 17 13.341664064126334 12.165525060596439 1.0698130341357437 
53 82 5 1 11 19 13.341664064126334 12.165525060596439 1.0700515726085122 
52 81 6 2 10 19 13.341664064126334 12.165525060596439 1.074363942765011 
50 80 6 2 7 19 11.045361017187261 12.165525060596439 1.0761298934694683 
49 78 6 2 6 21 11.045361017187261 12.165525060596439 1.0751138801057565 
47 77 6 2 7 19 11.045361017187261 12.165525060596439 1.0759651255434464 
46 76 6 2 6 19 11.045361017187261 12.165525060596439 1.0764156244828516 
44 75 6 2 6 18 11.045361017187261 12.165525060596439 1.0789339020494813 
42 74 6 2 4 18 11.045361017187261 12.165525060596439 1.079726899246049 
41 73 6 2 4 18 10.0 12.165525060596439 1.0775205381936441 
39 71 6 2 5 15 9.055385138137417 12.165525060596439 1.0845851484629536 
35 70 6 2 4 18 8.246211251235321 12.165525060596439 1.0857638781931622 
34 69 6 2 3 18 7.615773105863909 12.165525060596439 1.0870028697413856 
33 68 6 2 3 20 7.615773105863909 11.045361017187261 1.0892028309119 
31 67 6 2 2 20 7.0710678118654755 11.045361017187261 1.0752861148572568 
31 66 6 3 2 19 5.830951894845301 11.045361017187261 1.0758000736257396 
30 65 6 3 3 20 5.830951894845301 11.045361017187261 1.0784863885299043 
29 64 6 3 3 22 4.47213595499958 11.045361017187261 1.0736079184881546 
27 63 6 3 4 17 5.830951894845301 10.198039027185569 1.088617146967323 
25 62 7 3 3 17 4.242640687119285 10.198039027185569 1.1004273798773432 
24 60 8 3 3 18 4.242640687119285 9.055385138137417 1.099397561326823 
23 59 8 3 1 17 6.324555320336759 8.246211251235321 1.0981305351060757 
22 58 8 3 0 15 7.0710678118654755 8.246211251235321 1.0971083521226759 
22 57 8 3 1 14 5.0990195135927845 8.602325267042627 1.111957250441447 
21 56 9 3 0 16 5.0990195135927845 8.602325267042627 1.111589042589669 
21 55 9 3 1 15 1.4142135623730951 8.602325267042627 1 
