140 140 0 0 14 14 16.0 16.0 1.0203771107255304 
138 139 0 0 17 17 16.0 14.142135623730951 1.027882648507073 
134 138 0 0 16 19 12.649110640673518 16.0 1.0267717949629132 
132 134 0 0 16 20 12.649110640673518 16.0 1.023465148042923 
130 133 0 0 16 16 14.142135623730951 16.0 1.0236732679915737 
128 132 0 0 16 16 14.142135623730951 15.033296378372908 1.0260739970137005 
126 131 0 0 14 17 15.033296378372908 15.033296378372908 1.026161745340491 
124 130 0 0 16 17 15.033296378372908 15.033296378372908 1.0302557585227463 
122 128 0 0 15 21 15.033296378372908 15.033296378372908 1.0307564637487285 
120 127 0 0 16 21 15.033296378372908 15.033296378372908 1.0350123319358024 
118 126 0 0 17 25 15.033296378372908 15.033296378372908 1.0364518279020578 
116 125 0 0 18 26 15.033296378372908 15.033296378372908 1.037365490027232 
114 124 0 0 18 26 15.033296378372908 15.033296378372908 1.0364015706718603 
112 123 0 0 18 24 15.033296378372908 15.033296378372908 1.0354376513164887 
110 122 0 0 18 22 15.033296378372908 15.033296378372908 1.0429466980714037 
106 121 0 0 18 27 15.033296378372908 15.033296378372908 1.0419827787160323 
104 120 0 0 18 25 15.033296378372908 15.033296378372908 1.042783563899317 
102 119 0 0 16 24 15.033296378372908 15.033296378372908 1.0469146304205865 
101 118 0 0 15 28 15.033296378372908 15.033296378372908 1.0474153356465687 
99 117 0 0 16 28 15.033296378372908 15.033296378372908 1.0506195361514807 
97 116 0 0 15 30 15.033296378372908 15.033296378372908 1.0467902665123612 
95 114 0 0 15 26 15.033296378372908 15.033296378372908 1.0505083761344385 
94 113 0 0 15 30 15.033296378372908 15.033296378372908 1.047988794736937 
92 112 0 0 15 26 14.0 15.033296378372908 1.0467714361526381 
88 110 0 0 16 24 14.0 14.0 1.0565734676667142 
87 106 1 0 16 25 14.0 14.0 1.0651841599861465 
85 105 1 0 14 32 13.038404810405298 14.0 1.0644432048341155 
83 103 1 0 14 31 12.165525060596439 14.0 1.0653807164071203 
79 102 1 0 14 29 12.165525060596439 14.0 1.0509174352278634 
75 101 1 1 17 26 12.165525060596439 14.0 1.0552714789362923 
71 100 1 1 11 25 12.165525060596439 14.0 1.0653333215810457 
70 99 2 1 13 24 12.165525060596439 14.0 1.0666109625424822 
68 97 2 1 12 25 12.165525060596439 14.0 1.062117905305522 
67 96 2 1 12 20 11.40175425099138 14.0 1.0824274992969531 
63 95 3 1 10 25 11.045361017187261 14.0 1.080925821376585 
62 94 3 1 9 23 11.045361017187261 14.0 1.087084167527302 
61 93 3 1 9 30 10.0 13.038404810405298 1.0858767806663188 
60 92 3 1 8 28 9.055385138137417 13.038404810405298 1.0886560995481236 
59 91 3 1 8 31 9.055385138137417 13.038404810405298 1.0838761144448155 
58 89 3 1 8 27 9.055385138137417 13.038404810405298 1.076692714019881 
57 87 3 1 7 20 9.055385138137417 13.038404810405298 1.0753039130414022 
56 86 3 1 8 19 9.055385138137417 13.038404810405298 1.0822513517834904 
55 85 3 1 7 26 9.055385138137417 13.038404810405298 1.085808599460645 
54 84 3 1 8 30 8.246211251235321 13.038404810405298 1.074982913016508 
53 82 3 1 9 20 8.246211251235321 13.038404810405298 1.0762486292540292 
52 80 3 1 8 22 8.246211251235321 13.038404810405298 1.0742230485080342 
51 79 3 1 8 20 8.602325267042627 13.038404810405298 1.0610269642163888 
50 78 3 2 9 20 7.0710678118654755 13.038404810405298 1.0604640770362934 
49 77 3 2 8 19 7.0710678118654755 13.038404810405298 1.0562099257740667 
48 75 3 2 9 16 7.0710678118654755 13.038404810405298 1.0711648498595134 
46 74 4 2 6 17 7.0710678118654755 13.038404810405298 1.085406737088466 
44 73 5 2 7 19 7.0710678118654755 13.038404810405298 1.0851775368889094 
43 72 5 2 6 18 6.0 13.038404810405298 1.0857179515140942 
42 71 5 2 5 19 8.48528137423857 13.038404810405298 1.086206732016161 
41 70 5 2 6 20 8.48528137423857 13.038404810405298 1.0860844375307932 
40 69 5 2 5 19 7.0710678118654755 13.038404810405298 1.0869980996559674 
38 68 5 2 5 19 7.0710678118654755 13.038404810405298 1.0887376755795253 
36 67 5 2 3 19 7.0710678118654755 13.038404810405298 1.0901652468218652 
35 66 5 2 4 21 7.0710678118654755 13.038404810405298 1.0898037866637806 
34 65 5 2 4 20 5.0990195135927845 13.038404810405298 1.088666076081934 
32 64 5 2 4 18 5.656854249492381 13.038404810405298 1.069626212798081 
31 60 5 3 4 15 5.656854249492381 13.038404810405298 1.0701191348715386 
29 59 6 4 4 16 5.656854249492381 13.038404810405298 1.0819456820549487 
28 58 7 4 4 16 5.656854249492381 13.038404810405298 1.0813827948748536 
27 57 7 4 3 15 5.656854249492381 13.038404810405298 1.0807656682554314 
26 56 7 4 2 14 5.830951894845301 13.038404810405298 1.0812544487574984 
25 55 7 4 3 15 5.830951894845301 13.038404810405298 1.0934939528401004 
24 54 8 4 2 15 5.830951894845301 13.038404810405298 1.093880233283553 
23 53 8 4 2 15 4.47213595499958 13.038404810405298 1.09431930215301 
22 52 8 4 0 15 3.1622776601683795 12.0 1.1061458493364202 
21 51 9 4 0 15 3.1622776601683795 12.0 1.1052897261550987 
21 50 9 4 1 15 1.4142135623730951 12.0 1 
