140 140 0 0 14 14 16.0 16.0 1.0882197872066741 
138 139 0 0 17 17 16.0 14.142135623730951 1.0907415334037627 
134 138 0 0 16 16 12.649110640673518 16.0 1.0987712952104298 
132 137 0 0 21 22 12.649110640673518 16.0 1.10448051654084 
128 136 0 0 22 25 13.341664064126334 16.0 1.1077445184502444 
124 135 0 0 22 26 13.341664064126334 16.0 1.1041838775502317 
120 133 0 0 22 23 13.341664064126334 15.033296378372908 1.1049644027734105 
116 132 0 0 22 22 15.033296378372908 15.033296378372908 1.110941100343222 
112 130 0 0 26 26 15.033296378372908 15.033296378372908 1.1202060648631473 
106 128 1 0 20 23 15.033296378372908 15.033296378372908 1.1171980363257061 
104 127 1 0 22 20 15.033296378372908 15.033296378372908 1.1138294491086214 
102 123 1 0 20 20 15.033296378372908 15.033296378372908 1.1130570973908631 
100 122 1 0 20 19 15.033296378372908 15.033296378372908 1.1243589373724259 
98 121 1 0 21 28 15.033296378372908 15.033296378372908 1.1323118474126392 
94 119 2 0 19 25 15.033296378372908 15.033296378372908 1.1316093292624652 
92 117 2 0 20 25 15.033296378372908 15.033296378372908 1.135634079402584 
90 116 2 0 20 28 15.033296378372908 15.033296378372908 1.1347802906301974 
88 115 2 0 19 27 15.033296378372908 15.033296378372908 1.137442891196591 
86 114 2 0 17 29 15.033296378372908 15.033296378372908 1.1353736926698597 
85 112 2 0 26 28 15.033296378372908 15.033296378372908 1.1499377647986886 
77 111 3 0 20 27 14.0 15.033296378372908 1.1501902109490993 
75 109 3 0 18 28 14.0 15.033296378372908 1.1471827907317904 
73 108 3 0 16 26 14.0 14.0 1.1462475649047759 
71 107 3 0 14 25 14.0 14.0 1.1477439407337597 
69 106 3 0 12 26 13.341664064126334 14.0 1.1408821711519823 
67 104 3 0 11 21 13.341664064126334 14.0 1.1549477829924448 
66 103 4 0 11 24 13.341664064126334 14.0 1.165310847448641 
62 102 5 0 9 22 13.341664064126334 14.0 1.1661995823653373 
61 101 5 0 10 23 13.341664064126334 14.0 1.1634242784910103 
60 100 5 0 10 21 13.038404810405298 14.0 1.164371166526104 
56 99 5 0 11 20 13.038404810405298 14.0 1.1819531677053468 
55 98 6 0 10 26 13.038404810405298 14.0 1.178826086622679 
53 97 6 0 10 23 12.165525060596439 14.0 1.1804906297540199 
51 96 6 0 10 24 11.40175425099138 14.0 1.1801369067426986 
49 95 6 0 10 24 10.770329614269007 13.038404810405298 1.1817585751510475 
48 94 6 0 20 25 10.770329614269007 13.038404810405298 1.1937529172303978 
38 92 7 0 7 22 10.295630140987 13.038404810405298 1.1947379308510504 
37 91 7 0 9 23 10.0 13.038404810405298 1.1935390592114332 
31 90 7 0 6 19 7.211102550927978 13.038404810405298 1.205446724052312 
30 89 8 0 5 21 7.211102550927978 12.0 1.2040183450946973 
29 88 8 0 7 20 7.211102550927978 12.0 1.2054816701966216 
27 87 8 0 5 21 7.211102550927978 12.0 1.2170672940535177 
26 86 9 0 4 22 7.211102550927978 12.0 1.2155453292939526 
25 85 9 0 4 21 5.830951894845301 12.0 1.2127635410628832 
24 84 9 0 4 19 5.656854249492381 12.0 1 
