140 140 0 0 14 14 16.0 16.0 0.9873112965369253 
138 138 0 0 17 17 16.0 14.142135623730951 0.9952747897030885 
134 136 0 0 16 22 13.341664064126334 16.0 0.9942239637673096 
133 132 0 0 15 22 13.038404810405298 16.0 0.9924254033840423 
131 131 0 0 16 19 13.038404810405298 16.0 0.9946046383505707 
129 130 0 0 16 21 13.038404810405298 16.0 0.995568009531615 
127 129 0 0 16 22 14.142135623730951 16.0 1.0004269213001484 
125 125 0 0 14 29 14.142135623730951 16.0 0.9952994129921945 
123 123 0 0 15 22 14.142135623730951 16.0 0.9949692739889275 
121 121 0 0 15 22 14.142135623730951 15.033296378372908 0.9947926643156009 
120 119 0 0 14 23 15.033296378372908 14.142135623730951 0.9953990282025124 
119 118 0 0 14 23 14.0 14.142135623730951 0.996292427748658 
117 117 0 0 15 24 14.0 14.142135623730951 0.995717571269579 
116 116 0 0 15 23 14.0 14.142135623730951 0.9948365529897013 
112 115 0 0 18 21 14.0 14.142135623730951 0.9980754677720549 
111 113 0 0 17 25 13.038404810405298 14.142135623730951 1.0003789657709723 
107 112 0 0 17 25 13.038404810405298 14.142135623730951 0.9959244474453715 
105 110 0 0 18 19 13.038404810405298 14.142135623730951 1.000673366280795 
104 109 0 0 17 25 13.038404810405298 14.142135623730951 0.9987545168088797 
102 108 0 0 16 20 13.038404810405298 14.142135623730951 1.0011369077597698 
98 106 0 0 18 23 13.038404810405298 14.0 1.003380261214363 
94 105 0 0 17 22 13.038404810405298 14.0 1.0055146182441281 
93 104 0 0 16 24 13.038404810405298 14.142135623730951 1.0102635370795519 
92 103 0 0 15 30 13.038404810405298 14.142135623730951 1.0203035125290099 
91 99 1 0 17 31 13.038404810405298 14.142135623730951 1.0182623869965766 
90 98 1 0 15 26 13.038404810405298 14.142135623730951 1.018422652016045 
88 97 1 0 15 25 13.038404810405298 14.142135623730951 1.0158308125617768 
86 96 1 0 14 19 13.038404810405298 14.142135623730951 1.0180741660163701 
82 95 1 0 13 18 13.038404810405298 14.142135623730951 1.0189675655625159 
80 94 1 0 14 19 13.038404810405298 14.142135623730951 1.0347760112589426 
79 93 2 0 13 23 13.038404810405298 14.142135623730951 1.0209637970363947 
77 92 2 1 13 20 13.038404810405298 14.142135623730951 1.0208182694695227 
76 91 2 1 13 19 12.165525060596439 14.142135623730951 1.0362604088208272 
72 90 3 1 14 21 12.165525060596439 14.142135623730951 1.036973374734001 
70 89 3 1 12 19 12.165525060596439 14.142135623730951 1.0407519769087816 
69 88 3 1 11 23 11.40175425099138 14.142135623730951 1.0423713836166622 
68 87 3 1 11 25 11.045361017187261 14.142135623730951 1.0395213254481643 
67 86 3 1 11 20 10.198039027185569 14.142135623730951 1.0396914265311084 
66 85 3 1 11 21 10.198039027185569 13.038404810405298 1.0399546959562094 
65 84 3 1 11 21 10.198039027185569 13.341664064126334 1.0414007963960608 
63 83 3 1 10 21 10.198039027185569 13.341664064126334 1.0401529499346283 
62 82 3 1 10 19 10.198039027185569 13.341664064126334 1.0526565902636125 
61 81 4 1 10 19 10.198039027185569 13.341664064126334 1.0549600882625296 
57 80 4 1 10 19 10.198039027185569 13.341664064126334 1.0557684733816426 
56 79 4 1 9 19 10.0 13.341664064126334 1.055866606884917 
55 78 4 1 9 19 10.0 13.341664064126334 1.0690777628001518 
53 77 5 1 8 19 10.0 12.165525060596439 1.0772517760916656 
52 76 5 1 8 31 10.0 12.165525060596439 1.0849863289717232 
50 75 6 1 6 21 10.0 12.165525060596439 1.0842357689745363 
49 74 6 1 5 19 10.770329614269007 12.649110640673518 1.085117259282435 
48 73 6 1 4 18 9.055385138137417 12.649110640673518 1.0839897019096503 
47 72 6 1 6 18 9.055385138137417 12.649110640673518 1.0727471715559975 
46 71 6 2 5 19 9.055385138137417 12.649110640673518 1.0749244195506555 
45 70 6 2 6 23 9.055385138137417 12.649110640673518 1.075635398491959 
44 69 6 2 5 23 9.055385138137417 12.649110640673518 1.0756671455723075 
43 68 6 2 4 23 9.055385138137417 11.40175425099138 1.0731093211332485 
42 66 6 2 4 20 9.055385138137417 11.40175425099138 1.0725344646541692 
41 65 6 2 4 19 9.055385138137417 11.40175425099138 1.0567491549296066 
40 61 6 3 4 17 9.055385138137417 11.40175425099138 1.056847288432881 
39 60 6 3 4 17 9.055385138137417 11.40175425099138 1.042927053489253 
38 56 6 4 4 17 8.0 11.40175425099138 1.044155075471991 
37 55 6 4 4 18 7.0710678118654755 11.40175425099138 1.0410320916125053 
35 53 6 4 4 16 8.48528137423857 9.055385138137417 1.039784245151073 
34 52 6 4 4 14 8.48528137423857 9.055385138137417 1.0411080695304062 
33 51 6 4 2 14 8.48528137423857 9.055385138137417 1.0410977907792058 
33 50 6 4 2 14 7.211102550927978 9.055385138137417 1.0399789654309557 
32 49 6 4 3 13 7.0710678118654755 9.055385138137417 1.0412998996585192 
31 48 6 4 2 13 5.830951894845301 9.055385138137417 1.0394392077590577 
30 47 6 4 3 11 5.830951894845301 9.055385138137417 1.0275190357421324 
29 46 6 5 2 10 4.47213595499958 9.055385138137417 1.0272394779060643 
27 45 6 5 4 10 4.242640687119285 9.055385138137417 1.0283423098337974 
26 44 7 6 2 10 4.242640687119285 9.055385138137417 1.0283181672765533 
26 43 7 6 1 10 4.242640687119285 9.055385138137417 1.0262537341554394 
26 42 7 6 2 8 3.1622776601683795 9.055385138137417 1.0256982113213 
26 41 7 6 1 8 4.242640687119285 9.055385138137417 1.0249797581648925 
26 40 7 6 2 8 3.1622776601683795 9.055385138137417 1.024424235330753 
26 39 7 6 1 8 4.242640687119285 9.055385138137417 1.0237057821743456 
26 38 7 6 2 8 3.1622776601683795 9.055385138137417 1.0231502593402062 
26 37 7 6 1 8 4.242640687119285 9.055385138137417 1.0219911809626643 
26 36 7 6 2 8 3.1622776601683795 8.246211251235321 1.0213541929673908 
26 35 7 6 2 8 3.1622776601683795 8.246211251235321 1.020125680150898 
26 34 7 6 1 7 4.242640687119285 8.246211251235321 1.0061077377348273 
26 33 7 7 2 6 3.1622776601683795 8.246211251235321 1.0052089179261903 
26 32 7 7 1 6 4.242640687119285 7.615773105863909 1.0044904647697828 
26 31 7 7 2 6 3.1622776601683795 7.615773105863909 1.00255883593399 
26 30 7 7 1 5 4.242640687119285 6.324555320336759 0.9885408935179191 
26 29 7 8 2 4 3.1622776601683795 6.324555320336759 0.9879853706837798 
26 28 7 8 1 4 4.242640687119285 6.324555320336759 0.9869981321376922 
26 27 7 8 2 4 3.1622776601683795 5.830951894845301 0.9856748166901158 
26 26 7 8 1 3 4.242640687119285 5.656854249492381 0.9836103835690017 
26 25 7 8 2 1 3.1622776601683795 5.656854249492381 0.9822847689489823 
26 24 7 8 1 1 4.242640687119285 4.242640687119285 0.9807962240066946 
26 23 7 8 2 1 3.1622776601683795 2.8284271247461903 0.9825509765301955 
26 22 7 8 1 1 4.242640687119285 7.0710678118654755 0.9674591806055286 
26 21 7 9 2 0 3.1622776601683795 5.0990195135927845 0.9701909634701226 
26 22 7 9 1 2 4.242640687119285 6.324555320336759 0.9674591806055286 
26 21 7 9 2 0 3.1622776601683795 5.0990195135927845 0.985168633313006 
26 24 7 8 1 4 4.242640687119285 5.830951894845301 0.9813956578604652 
26 22 7 8 2 1 3.1622776601683795 5.0990195135927845 0.9675406457666628 
26 21 7 9 1 0 4.242640687119285 5.0990195135927845 0.9723658662434782 
26 24 7 9 2 4 3.1622776601683795 5.656854249492381 0.9710402516234589 
26 23 7 9 1 4 4.242640687119285 4.242640687119285 0.9661256569529578 
26 21 7 9 2 1 3.1622776601683795 1.4142135623730951 -1 
