140 140 0 0 14 14 16.0 16.0 1.0249148648576458 
138 138 0 0 17 17 16.0 14.142135623730951 1.0313040212896338 
134 136 0 0 16 19 13.341664064126334 16.0 1.0302311493280407 
132 135 0 0 16 17 13.341664064126334 16.0 1.0310627829972394 
130 134 0 0 16 17 13.341664064126334 16.0 1.0306334895558034 
128 133 0 0 16 16 14.142135623730951 16.0 1.0343159167510456 
126 132 0 0 14 18 14.142135623730951 16.0 1.036181985414523 
125 131 0 0 14 20 14.0 16.0 1.03361784248288 
123 129 0 0 15 18 14.0 16.0 1.0334972233366826 
121 128 0 0 15 17 14.0 16.0 1.0376202576622513 
120 126 0 0 14 22 14.0 16.0 1.0398832530146167 
118 125 0 0 15 24 14.0 16.0 1.0401758685291613 
116 123 0 0 16 25 14.0 16.0 1.0428310775063252 
115 122 0 0 15 27 13.038404810405298 16.0 1.0402669345746818 
113 120 0 0 16 25 13.038404810405298 16.0 1.037768665850067 
111 119 0 0 17 22 13.038404810405298 16.0 1.0386002995192658 
109 118 0 0 17 22 13.038404810405298 16.0 1.0436653083786505 
105 117 0 0 18 25 13.038404810405298 16.0 1.0536271952352771 
104 115 1 0 18 24 13.038404810405298 16.0 1.0534407018820515 
102 113 1 0 18 24 13.038404810405298 16.0 1.0542663706311053 
100 112 1 0 16 23 13.038404810405298 16.0 1.0549828639227605 
99 111 1 0 15 23 12.165525060596439 16.0 1.0684425253511654 
91 110 2 0 24 23 12.165525060596439 15.033296378372908 1.0874586463409026 
83 109 3 0 22 23 13.038404810405298 15.033296378372908 1.0962112467432439 
75 108 3 0 19 24 13.038404810405298 15.033296378372908 1.1044060544709706 
67 107 3 0 14 23 12.0 15.033296378372908 1.1114517214497557 
66 106 3 0 13 30 12.0 15.033296378372908 1.1089748602745804 
65 105 3 0 12 27 12.0 15.033296378372908 1.11422735560014 
64 104 3 0 12 33 11.045361017187261 14.0 1.1064887139307742 
62 103 3 0 12 24 11.045361017187261 14.0 1.112819998298734 
60 97 4 0 13 24 11.045361017187261 12.649110640673518 1.1159102506188836 
59 96 4 0 13 27 10.198039027185569 12.649110640673518 1.1104782379714813 
58 94 4 0 13 22 9.055385138137417 12.649110640673518 1.11181038805789 
57 93 4 0 12 23 9.055385138137417 12.649110640673518 1.107407613702483 
55 92 4 0 13 18 9.055385138137417 12.649110640673518 1.11159652223508 
54 91 4 0 12 22 9.055385138137417 12.649110640673518 1.1180207568495126 
50 90 4 0 13 26 8.0 12.649110640673518 1.1164029018131205 
48 88 4 0 12 24 8.0 12.649110640673518 1.1310610295259786 
42 87 5 0 14 23 8.0 12.649110640673518 1.1448037546021748 
38 86 6 0 10 20 8.0 12.649110640673518 1.1450627537189104 
37 85 6 0 8 19 7.0710678118654755 12.649110640673518 1.1457305178284696 
36 84 6 0 7 19 6.324555320336759 12.649110640673518 1.1461104150994823 
35 83 6 0 6 19 6.324555320336759 12.649110640673518 1.149346512555454 
34 82 6 0 6 22 5.0990195135927845 12.649110640673518 1.1445905554157016 
32 80 6 0 6 18 7.0710678118654755 12.649110640673518 1.145042651505418 
31 79 6 0 6 18 5.656854249492381 12.649110640673518 1.1454382084499464 
30 78 6 0 7 18 3.1622776601683795 12.649110640673518 1.148195755299377 
29 77 6 0 5 20 3.1622776601683795 12.649110640673518 1.1577795390910097 
27 76 7 0 5 17 4.242640687119285 12.649110640673518 1.1610161948082105 
26 75 7 0 4 20 4.242640687119285 12.649110640673518 1.1717910008991046 
25 73 8 0 3 20 5.830951894845301 12.649110640673518 1.1702453900451708 
24 71 8 0 1 18 4.47213595499958 12.649110640673518 1.1684855688071596 
23 70 8 0 1 17 6.324555320336759 12.649110640673518 1.1791697781691182 
22 68 9 0 0 17 6.324555320336759 11.661903789690601 1.1805013699942977 
21 67 9 0 0 18 5.0990195135927845 11.661903789690601 1.1673456328955756 
21 66 9 1 1 18 1.4142135623730951 11.661903789690601 1 
