140 140 0 0 14 14 16.0 16.0 0.9848737368348117 
138 138 0 0 17 17 16.0 14.142135623730951 0.9925685909741847 
134 137 0 0 16 18 13.341664064126334 16.0 0.9967989405622257 
132 136 0 0 16 21 13.341664064126334 16.0 1.0010664596159866 
130 134 0 0 16 25 13.341664064126334 16.0 0.9965029526933787 
128 133 0 0 16 19 13.341664064126334 16.0 1.001833193254648 
126 132 0 0 14 22 13.341664064126334 16.0 1.0002432486696373 
125 130 0 0 14 21 13.038404810405298 16.0 1.000015272099665 
123 129 0 0 15 20 13.038404810405298 16.0 1.0016330597054321 
121 127 0 0 15 22 13.038404810405298 15.033296378372908 1.0053574013885611 
119 125 0 0 16 27 15.033296378372908 15.033296378372908 1.0070836151542883 
117 124 0 0 17 28 15.033296378372908 15.033296378372908 1.002569872012918 
116 118 0 0 16 27 14.142135623730951 15.033296378372908 1.0046319927594964 
114 117 0 0 17 29 14.142135623730951 14.142135623730951 1.00582879057787 
112 116 0 0 17 29 14.142135623730951 14.0 1.004623718840048 
110 115 0 0 18 27 14.142135623730951 14.0 1.0052304872076117 
106 114 0 0 18 24 14.142135623730951 14.0 1.0153605772684715 
104 112 0 0 18 34 14.142135623730951 14.0 1.015682546185113 
102 111 0 0 18 33 14.142135623730951 14.0 1.0142753868375511 
100 110 0 0 16 29 14.142135623730951 14.142135623730951 1.0126235614984105 
99 109 0 0 14 26 14.142135623730951 14.142135623730951 1.0061493613383872 
95 103 0 0 13 20 14.142135623730951 14.142135623730951 1.0078559711840316 
94 102 0 0 12 21 14.142135623730951 14.142135623730951 1.005493608970405 
93 101 0 0 12 18 13.341664064126334 14.142135623730951 1.0050972406493317 
92 100 0 0 12 18 13.341664064126334 13.341664064126334 1.0072310001762121 
91 99 0 0 12 20 13.341664064126334 13.341664064126334 1.0100571049151676 
89 98 0 0 11 21 13.341664064126334 13.341664064126334 1.0172579478469237 
85 97 0 0 15 27 13.341664064126334 13.341664064126334 1.0364044102332088 
81 96 1 0 14 30 13.341664064126334 13.341664064126334 1.018369444986005 
79 95 1 1 13 23 13.341664064126334 13.341664064126334 1.017594054487024 
78 94 1 1 14 22 12.165525060596439 13.341664064126334 1.0173609868432298 
76 93 1 1 16 21 11.045361017187261 13.341664064126334 1.0281517781126581 
72 92 1 1 14 27 10.0 13.038404810405298 1.0369773433338303 
68 91 2 1 14 20 10.0 13.038404810405298 1.0526425747299513 
64 90 3 1 14 20 10.0 13.038404810405298 1.0555381655064837 
62 88 3 1 12 21 9.055385138137417 13.038404810405298 1.0608488021476705 
61 87 3 1 8 24 9.055385138137417 13.038404810405298 1.0562120585609835 
59 85 3 1 8 20 10.0 12.165525060596439 1.0559644780709283 
58 84 3 1 7 19 10.0 12.165525060596439 1.0550350760264349 
57 83 3 1 6 18 11.40175425099138 12.165525060596439 1.0550864328360587 
56 81 3 1 7 18 8.602325267042627 12.165525060596439 1.0562430971950891 
55 80 3 1 7 19 8.602325267042627 12.165525060596439 1.0597811015710554 
54 79 3 1 8 23 8.602325267042627 12.165525060596439 1.0601030704876968 
52 78 3 1 8 22 8.602325267042627 12.165525060596439 1.0608325851654914 
51 77 3 1 7 22 8.602325267042627 12.165525060596439 1.060455112909301 
50 76 3 1 5 21 10.0 12.165525060596439 1.0574472658091736 
49 74 3 1 8 19 7.211102550927978 12.165525060596439 1.0606181340485483 
45 73 4 2 7 19 7.211102550927978 12.165525060596439 1.060370553558493 
44 72 4 2 6 18 7.211102550927978 12.165525060596439 1.0640313537398374 
43 71 4 2 5 21 7.211102550927978 12.165525060596439 1.064210922931018 
42 70 4 2 5 21 7.211102550927978 12.165525060596439 1.0634133969543489 
41 69 4 2 5 20 7.211102550927978 12.165525060596439 1.0612715901780914 
40 68 5 3 4 18 7.211102550927978 12.165525060596439 1.060370806429798 
40 67 5 3 5 18 6.0 12.165525060596439 1.0562035578601234 
39 63 5 3 6 17 6.0 12.165525060596439 1.058052567431229 
37 62 5 3 5 17 6.0 12.165525060596439 1.0703789180675003 
35 61 6 3 7 17 6.0 12.165525060596439 1.0819870391425426 
33 60 7 3 5 15 6.324555320336759 11.045361017187261 1.083836048713648 
31 59 7 3 4 15 6.324555320336759 11.045361017187261 1.0717613463722786 
30 58 7 4 3 15 5.830951894845301 11.045361017187261 1.0704138749089953 
29 57 7 4 4 14 5.830951894845301 11.045361017187261 1.0734474575772424 
27 56 7 4 1 14 5.656854249492381 11.045361017187261 1.0593535790922326 
26 54 7 5 1 13 4.242640687119285 11.045361017187261 1.0720072567406687 
24 53 8 5 1 13 5.830951894845301 11.045361017187261 1.072645572590529 
23 52 8 5 0 13 4.47213595499958 10.0 1.0719552110939397 
23 51 8 5 1 13 2.8284271247461903 10.0 1.0724534395895866 
22 50 8 5 1 13 1.4142135623730951 9.486832980505138 1.0831274489070233 
21 49 9 5 0 13 5.0990195135927845 8.94427190999916 1.0834298891164336 
21 48 9 5 1 13 1.4142135623730951 8.94427190999916 1 
