140 140 0 0 14 14 16.0 16.0 1.0044918956656885 
138 138 0 0 17 17 16.0 14.142135623730951 1.00873416004123 
134 137 0 0 16 15 13.341664064126334 16.0 1.0133329985606512 
132 135 0 0 16 20 14.142135623730951 16.0 1.0173303117168941 
130 134 0 0 16 23 14.142135623730951 16.0 1.0144742557766344 
128 130 0 0 16 22 14.142135623730951 16.0 1.0136561844646994 
126 128 0 0 14 20 14.142135623730951 16.0 1.0157118805372016 
125 127 0 0 14 22 14.0 16.0 1.0123765698513958 
123 126 0 0 15 18 14.0 16.0 1.014427146126117 
121 125 0 0 15 19 14.0 16.0 1.0188849526739536 
120 124 0 0 14 23 14.0 16.0 1.019443115751191 
118 123 0 0 15 23 14.0 16.0 1.0303587713079057 
112 122 0 0 19 31 14.0 16.0 1.034537908267092 
108 121 0 0 17 31 14.0 16.0 1.0297678118269844 
107 119 0 0 15 26 14.0 16.0 1.0313055130525388 
106 118 0 0 14 27 14.0 16.0 1.033362259034816 
105 117 0 0 12 28 14.0 16.0 1.0592317205692492 
101 116 1 0 14 40 14.0 16.0 1.0462141832114615 
99 114 1 0 13 26 14.0 16.0 1.0492442976344993 
98 113 1 0 11 28 14.0 16.0 1.0556950530138747 
94 112 1 0 14 33 14.0 16.0 1.063072964883994 
93 111 1 0 13 40 14.0 16.0 1.0587510224203682 
91 109 1 0 14 36 14.0 16.0 1.06177496713585 
89 108 1 0 14 38 14.0 16.0 1.0611825630086205 
87 107 1 0 14 37 14.0 15.033296378372908 1.0466110066971839 
85 101 1 0 15 27 15.033296378372908 15.033296378372908 1.0621753574097126 
83 100 2 0 16 30 15.033296378372908 15.033296378372908 1.0633172863163582 
81 99 2 0 14 29 15.033296378372908 15.033296378372908 1.0663474007393963 
80 98 2 0 12 31 15.033296378372908 15.033296378372908 1.0717724060204377 
78 97 2 0 13 36 15.033296378372908 15.033296378372908 1.0699356782396714 
77 96 2 0 11 33 15.033296378372908 15.033296378372908 1.0694572105818898 
76 94 2 0 11 33 14.0 15.033296378372908 1.0675098540639825 
75 92 2 0 11 33 13.038404810405298 13.038404810405298 1.068074186848776 
74 91 2 0 10 33 13.038404810405298 13.038404810405298 1.0694838590763047 
73 90 2 0 10 34 12.165525060596439 13.038404810405298 1.066213269463184 
71 89 2 0 9 29 12.165525060596439 13.038404810405298 1.064653959859331 
70 88 2 0 9 27 11.40175425099138 13.038404810405298 1.066928838144136 
69 87 2 0 9 29 10.770329614269007 13.038404810405298 1.0642899403563426 
68 85 2 0 10 27 9.055385138137417 13.038404810405298 1.059014062496571 
67 84 2 0 9 21 9.055385138137417 13.038404810405298 1.0649186485483737 
63 83 2 0 10 24 8.246211251235321 13.038404810405298 1.0674235485071326 
61 82 2 0 11 26 8.246211251235321 13.038404810405298 1.0807686624570458 
57 81 3 0 9 23 8.246211251235321 13.038404810405298 1.0813977163145243 
56 80 3 0 6 22 8.246211251235321 13.038404810405298 1.0809239595858717 
55 79 3 0 7 22 8.246211251235321 13.038404810405298 1.0805149239299041 
54 78 3 0 6 21 8.246211251235321 13.038404810405298 1.0800411672012515 
53 77 3 0 7 21 8.246211251235321 13.038404810405298 1.0786587631045232 
52 76 3 0 6 19 8.246211251235321 13.038404810405298 1.0656881844570056 
50 74 3 1 6 19 8.246211251235321 13.038404810405298 1.066765392290966 
48 73 3 1 6 19 8.246211251235321 13.038404810405298 1.0779819455564137 
46 72 4 1 6 17 8.246211251235321 13.038404810405298 1.0916642804601064 
44 71 5 1 5 17 8.246211251235321 13.038404810405298 1.0909616840232255 
43 70 5 1 5 17 8.246211251235321 12.0 1.0929537089328176 
42 69 5 1 5 19 8.246211251235321 12.0 1.0800025633299148 
41 68 5 2 3 18 8.246211251235321 12.0 1.0773605084826576 
40 67 5 2 3 16 9.899494936611665 12.0 1.076432428069967 
39 66 5 2 3 15 9.899494936611665 12.0 1.078424452979559 
38 65 5 2 3 17 9.899494936611665 12.0 1.0774963725668687 
37 64 5 2 3 16 9.899494936611665 12.0 1.090659662713838 
35 63 6 2 3 16 9.899494936611665 12.0 1.074256103694871 
34 61 6 3 2 13 9.899494936611665 12.0 1.0731144914544735 
33 60 6 3 1 12 10.0 11.045361017187261 1.0741331479233047 
32 59 6 3 1 13 10.0 11.045361017187261 1.0867773933135512 
30 58 7 3 2 13 10.0 11.045361017187261 1.076094877613339 
29 57 7 4 1 15 10.295630140987 11.045361017187261 1.0747374730309387 
29 56 7 4 2 15 8.602325267042627 10.198039027185569 1.0763793424978703 
28 55 7 4 2 16 7.211102550927978 10.198039027185569 1.0761006151528234 
28 54 7 4 3 16 4.47213595499958 10.198039027185569 1.0750299022037637 
27 53 7 4 3 15 4.47213595499958 10.0 1.074688586732123 
26 52 7 4 3 14 3.1622776601683795 10.0 1.0738948950034377 
24 51 7 4 2 13 6.324555320336759 10.0 1.0864017525980374 
23 50 8 4 1 12 4.47213595499958 10.0 1.0860604371263969 
22 49 8 4 1 11 3.1622776601683795 10.0 1.0978432681321357 
21 48 9 4 0 11 5.0990195135927845 10.0 1.0979882395762937 
21 47 9 4 1 11 1.4142135623730951 10.0 1 
