140 140 0 0 14 14 16.0 16.0 1.0776326203015847 
138 139 0 0 17 18 16.0 14.142135623730951 1.0793092673133253 
134 138 0 0 16 16 12.649110640673518 16.0 1.081885308506453 
132 136 0 0 16 19 12.649110640673518 16.0 1.0843964345846842 
130 135 0 0 16 21 14.142135623730951 16.0 1.0848430927203796 
128 134 0 0 16 21 14.142135623730951 16.0 1.0854718676057187 
126 133 0 0 14 21 14.142135623730951 16.0 1.0857364089917707 
124 132 0 0 16 21 14.142135623730951 16.0 1.0840297385371567 
122 130 0 0 15 20 14.142135623730951 16.0 1.0832918957923894 
120 129 0 0 16 19 14.142135623730951 16.0 1.0824965510937727 
118 127 0 0 17 19 14.142135623730951 16.0 1.0839455933602873 
116 126 0 0 18 20 14.142135623730951 16.0 1.0847294119273032 
114 125 0 0 18 21 14.142135623730951 15.033296378372908 1.0839520569753187 
112 123 0 0 18 21 15.033296378372908 15.033296378372908 1.085492157616655 
110 122 0 0 18 22 15.033296378372908 15.033296378372908 1.0892191432692733 
108 121 0 0 18 25 15.033296378372908 15.033296378372908 1.0919773012120442 
106 119 0 0 16 28 15.033296378372908 15.033296378372908 1.0909662833428122 
104 118 0 0 20 27 15.033296378372908 15.033296378372908 1.0866320057894918 
100 117 0 0 18 21 15.033296378372908 15.033296378372908 1.0853816043586675 
96 111 0 0 15 23 15.033296378372908 15.033296378372908 1.0881062058804665 
94 110 0 0 14 25 15.033296378372908 15.033296378372908 1.0982992593594705 
90 109 1 0 13 22 13.341664064126334 15.033296378372908 1.0933122613879336 
88 107 1 0 12 18 13.341664064126334 15.033296378372908 1.1034177853247535 
86 106 1 0 14 27 13.341664064126334 15.033296378372908 1.1144471193933985 
85 105 2 0 12 27 13.341664064126334 15.033296378372908 1.112706892517812 
83 104 2 0 12 25 13.341664064126334 15.033296378372908 1.109873223136585 
81 103 2 0 12 22 13.341664064126334 15.033296378372908 1.1074252533382276 
80 102 2 0 11 20 13.341664064126334 15.033296378372908 1.1077808530991013 
78 101 2 0 12 20 13.341664064126334 15.033296378372908 1.1177167446621055 
77 100 3 0 10 19 13.341664064126334 15.033296378372908 1.1035564847400228 
76 99 3 1 10 19 13.341664064126334 15.033296378372908 1.1022268224759104 
75 98 3 1 9 18 13.038404810405298 15.033296378372908 1.11015139744972 
69 97 3 1 10 22 13.038404810405298 15.033296378372908 1.1076027909312518 
67 96 3 1 10 20 13.038404810405298 14.0 1.1112509328499962 
65 95 3 1 10 23 14.0 14.0 1.1107862652296945 
63 94 3 1 8 22 14.0 14.0 1.1152878796015826 
59 92 3 1 8 25 10.0 14.0 1.1124542102203554 
57 91 3 1 8 22 10.0 14.0 1.1244859284198192 
56 90 4 1 7 23 10.0 14.0 1.12482487211975 
54 89 4 1 7 23 11.313708498984761 14.0 1.1234822383391547 
53 87 4 1 8 23 8.246211251235321 14.0 1.1199408260351564 
52 86 4 1 7 20 8.246211251235321 14.0 1.1330933888721155 
48 85 5 1 8 20 8.246211251235321 14.0 1.136112631601962 
47 84 5 1 7 23 8.246211251235321 14.0 1.1302932759118602 
46 83 5 1 7 18 8.246211251235321 14.0 1.144217237914558 
44 82 6 1 6 20 8.246211251235321 14.0 1.142868005366918 
43 81 6 1 6 19 7.0710678118654755 14.0 1.142694740263669 
42 80 6 1 5 19 6.0 14.0 1.1423425971017713 
41 79 6 1 5 19 6.0 14.0 1.1419904539398738 
40 78 6 1 5 19 6.0 14.0 1.1417293691527979 
39 77 6 1 4 19 6.0 14.0 1.1394404395201354 
38 76 6 1 5 18 6.0 13.038404810405298 1.1253712379728744 
37 75 6 2 4 18 6.0 13.038404810405298 1.1244100878208323 
36 74 6 2 4 18 5.0990195135927845 12.165525060596439 1.108964842094855 
35 73 6 3 5 17 6.324555320336759 12.165525060596439 1.1119840848247018 
34 72 6 3 4 20 6.324555320336759 12.165525060596439 1.0958284831895915 
33 71 6 4 3 18 5.0990195135927845 12.165525060596439 1.0949289469870191 
31 70 6 4 4 17 7.0710678118654755 12.165525060596439 1.0935744196943022 
30 69 6 4 3 16 7.0710678118654755 12.165525060596439 1.104455193434276 
29 67 7 4 2 17 7.0710678118654755 12.165525060596439 1.1019410619981127 
28 66 7 4 3 15 5.656854249492381 12.165525060596439 1.099493092199755 
27 65 7 4 2 13 5.656854249492381 12.165525060596439 1.0991658457748732 
26 64 7 4 3 13 4.242640687119285 12.165525060596439 1.0981194804647645 
25 63 7 4 1 13 4.242640687119285 11.045361017187261 1.1141204521796892 
23 62 8 4 1 17 4.47213595499958 11.045361017187261 1.112714525045336 
22 61 8 4 0 16 5.0990195135927845 11.045361017187261 1.1105378782943582 
22 60 8 4 1 15 3.1622776601683795 11.045361017187261 1.1203827114825406 
21 59 9 4 0 14 3.1622776601683795 11.045361017187261 1.1181905945431572 
21 58 9 4 1 13 1.4142135623730951 11.045361017187261 1 
