140 140 0 0 14 14 16.0 16.0 1.0375479326769603 
138 139 0 0 17 17 16.0 14.142135623730951 1.0443109895092018 
134 137 0 0 16 20 12.649110640673518 16.0 1.043068978578535 
132 136 0 0 16 18 13.038404810405298 16.0 1.0434287341510076 
130 134 0 0 16 19 14.0 16.0 1.0434377996765942 
128 133 0 0 16 19 14.0 15.033296378372908 1.0436867875071205 
126 132 0 0 14 18 15.033296378372908 15.033296378372908 1.0427294442829058 
124 131 0 0 16 17 15.033296378372908 15.033296378372908 1.0493321363426862 
122 130 0 0 15 23 15.033296378372908 15.033296378372908 1.0495761885593813 
120 128 0 0 16 24 15.033296378372908 15.033296378372908 1.0453027298181008 
118 127 0 0 17 19 15.033296378372908 15.033296378372908 1.0446252882539964 
116 125 0 0 18 19 15.033296378372908 15.033296378372908 1.0452392000768242 
114 123 0 0 18 20 15.033296378372908 15.033296378372908 1.0468645636264742 
112 122 0 0 18 21 15.033296378372908 15.033296378372908 1.0475684333953246 
110 121 0 0 18 21 15.033296378372908 15.033296378372908 1.048272303164175 
108 120 0 0 18 21 15.033296378372908 15.033296378372908 1.0508191604946244 
106 119 0 0 18 23 15.033296378372908 15.033296378372908 1.050511578536653 
104 117 0 0 18 23 15.033296378372908 15.033296378372908 1.0502910069131568 
102 116 0 0 16 22 15.033296378372908 14.0 1.0500472579881486 
101 114 0 0 16 23 15.033296378372908 14.0 1.049060375789584 
97 112 0 0 15 20 15.033296378372908 14.0 1.0502677140773828 
95 111 0 0 15 21 14.0 13.038404810405298 1.0512257400965888 
93 110 0 0 15 21 13.038404810405298 13.038404810405298 1.0567677869162986 
91 109 0 0 15 26 12.165525060596439 13.038404810405298 1.0636126725162858 
87 108 0 0 13 30 12.165525060596439 13.038404810405298 1.080237128230123 
83 107 1 0 14 33 12.165525060596439 13.038404810405298 1.0743225518275934 
81 106 1 0 15 26 11.40175425099138 13.038404810405298 1.075214506634043 
79 105 1 0 12 25 11.40175425099138 13.038404810405298 1.0704812303406075 
77 103 1 0 14 21 11.40175425099138 13.038404810405298 1.085208589990239 
75 102 2 0 13 23 11.40175425099138 13.038404810405298 1.0866521789713555 
73 101 2 0 11 23 11.40175425099138 13.038404810405298 1.100377868053698 
67 100 3 0 10 21 11.40175425099138 12.0 1.1009768952007326 
65 98 3 0 8 21 10.770329614269007 12.0 1.0957894674926243 
64 97 3 0 7 15 10.295630140987 12.0 1.0975568011634202 
63 96 3 0 7 17 10.0 12.0 1.0965787780612108 
62 95 3 0 5 15 8.94427190999916 12.0 1.098267974643824 
61 94 3 0 5 17 8.94427190999916 12.0 1.0986658178395048 
60 93 3 0 6 18 8.94427190999916 12.0 1.1026858031254203 
58 92 3 0 7 22 8.94427190999916 12.0 1.1010588841909683 
57 91 3 0 6 20 8.94427190999916 12.0 1.1046190519247285 
55 89 3 0 8 25 8.94427190999916 12.0 1.1173153389751618 
53 88 4 0 10 26 8.94427190999916 12.0 1.1116687380464811 
51 84 4 0 9 22 8.94427190999916 12.0 1.1081988315504299 
50 83 4 0 8 18 8.94427190999916 12.0 1.1178589047439083 
48 81 5 0 8 16 8.94427190999916 12.0 1.1312976386916958 
46 80 6 0 6 16 8.246211251235321 12.0 1.1334746364160122 
44 79 6 0 7 18 8.246211251235321 12.0 1.1332041462027773 
43 78 6 0 5 17 8.0 12.0 1.1349473668799668 
39 77 6 0 5 16 7.0710678118654755 12.0 1.1347935759009808 
38 76 6 0 5 16 7.0710678118654755 12.0 1.1344859939430094 
36 74 6 0 5 16 7.0710678118654755 12.0 1.1367423585394343 
35 73 6 0 4 18 6.324555320336759 12.0 1.1234625030339147 
33 72 6 1 6 18 6.324555320336759 12.0 1.1322010824465938 
31 70 7 1 6 15 6.324555320336759 12.0 1.1452580057330806 
29 69 8 1 4 15 7.0710678118654755 12.0 1.1343420702841374 
27 68 8 2 2 16 7.211102550927978 12.0 1.1338184196990186 
26 67 8 2 3 16 7.211102550927978 12.0 1.1343992716772797 
25 66 8 2 2 16 5.830951894845301 12.0 1.1335593477396457 
24 65 8 2 2 16 5.830951894845301 11.045361017187261 1.1331231090782246 
23 63 8 2 1 16 4.47213595499958 11.045361017187261 1.1328036284448129 
22 62 8 2 1 16 5.0990195135927845 11.045361017187261 1.1439088460042097 
21 61 9 2 0 15 5.0990195135927845 11.045361017187261 1.141828622445918 
21 60 9 2 1 14 1.4142135623730951 10.0 1 
