140 140 0 0 14 14 16.0 16.0 0.9966305242910126 
138 139 0 0 17 19 16.0 14.142135623730951 1.0057218870212425 
134 138 0 0 16 21 12.0 16.0 1.0075969199612613 
132 137 0 0 16 22 12.649110640673518 16.0 1.0076372026525477 
130 136 0 0 16 21 13.038404810405298 16.0 1.0083858379324637 
128 135 0 0 16 21 14.0 16.0 1.0126211729322125 
126 134 0 0 14 23 14.0 16.0 1.0166643073317707 
124 133 0 0 16 27 14.0 16.0 1.0164471973800524 
122 132 0 0 15 25 14.0 16.0 1.0220065135301313 
120 131 0 0 16 30 14.0 16.0 1.0197357944776866 
118 130 0 0 17 27 14.0 16.0 1.0155075666246114 
116 129 0 0 18 22 14.0 16.0 1.0166433816290472 
114 128 0 0 18 22 14.142135623730951 16.0 1.0168810503358967 
112 126 0 0 18 22 14.142135623730951 16.0 1.0171052674342884 
110 125 0 0 18 21 14.142135623730951 16.0 1.0155269957472617 
106 121 0 0 20 20 14.142135623730951 16.0 1.0180888030752748 
104 120 0 0 18 21 14.142135623730951 15.033296378372908 1.016313083019109 
102 116 0 0 18 22 15.033296378372908 14.142135623730951 1.0146893432254231 
100 114 0 0 16 19 15.033296378372908 14.142135623730951 1.0207860867257075 
98 113 0 0 16 24 15.033296378372908 14.142135623730951 1.0327003620075563 
92 109 1 0 14 20 15.033296378372908 14.142135623730951 1.0308548693494128 
91 107 1 0 13 18 14.142135623730951 14.142135623730951 1.03205784084812 
89 106 1 0 13 18 14.142135623730951 14.142135623730951 1.038154584348404 
87 105 1 0 13 23 14.142135623730951 14.142135623730951 1.0403363102474266 
85 104 1 0 13 24 14.142135623730951 14.142135623730951 1.0405605273458183 
83 103 1 0 13 23 14.142135623730951 14.142135623730951 1.042195543449764 
82 102 1 0 12 24 14.142135623730951 14.142135623730951 1.0423815342974603 
81 101 1 0 12 24 14.0 14.142135623730951 1.0415439058641223 
79 100 1 0 13 22 13.038404810405298 14.142135623730951 1.041768122962514 
77 99 1 0 13 21 13.038404810405298 14.142135623730951 1.05453521114458 
76 98 2 0 12 21 13.038404810405298 14.142135623730951 1.055296855593177 
74 97 2 0 11 20 13.038404810405298 14.142135623730951 1.0579692088583086 
72 96 2 0 11 21 12.0 14.142135623730951 1.0580880432117334 
71 95 2 0 11 21 12.0 14.142135623730951 1.0611565923745625 
70 93 2 0 11 25 12.0 14.142135623730951 1.0749024349569443 
69 92 3 0 10 26 12.0 14.142135623730951 1.0734126566779516 
68 91 3 0 10 24 11.045361017187261 14.0 1.0735314910313762 
67 90 3 0 10 24 11.045361017187261 14.0 1.073222449943149 
66 88 3 0 9 24 11.045361017187261 14.0 1.0716848796812515 
65 86 3 0 9 24 11.045361017187261 13.038404810405298 1.0725554709207732 
64 85 3 0 9 25 10.198039027185569 12.165525060596439 1.0703824908664545 
63 83 3 0 8 23 10.0 12.165525060596439 1.0700692806146412 
61 82 3 0 9 22 10.0 12.165525060596439 1.0734405264039129 
57 81 3 0 9 22 10.0 12.165525060596439 1.0725066128057419 
55 80 3 0 10 21 11.313708498984761 12.165525060596439 1.0844003293324593 
53 79 4 0 9 19 11.313708498984761 12.165525060596439 1.0866781555315772 
51 78 4 0 7 19 11.313708498984761 12.165525060596439 1.0869412043021118 
50 76 4 0 8 20 9.899494936611665 12.165525060596439 1.0866187116054264 
49 75 4 0 7 19 9.899494936611665 12.165525060596439 1.0805353123357087 
48 74 4 1 7 26 9.899494936611665 12.165525060596439 1.0811070840805972 
46 73 4 1 7 25 9.899494936611665 12.649110640673518 1.0899591546614018 
45 72 5 1 6 21 9.899494936611665 12.649110640673518 1.088202755217829 
44 71 5 1 6 20 9.899494936611665 11.40175425099138 1.1041261545356469 
40 70 6 1 7 21 9.899494936611665 11.40175425099138 1.1060934164933065 
38 69 6 1 5 20 8.48528137423857 11.40175425099138 1.0922760823211608 
37 68 6 2 3 18 8.48528137423857 11.40175425099138 1.0929416264696623 
35 67 6 2 4 18 8.48528137423857 11.40175425099138 1.1057087146517286 
34 66 7 2 3 18 8.48528137423857 11.40175425099138 1.1077850578057842 
33 65 7 2 3 20 8.48528137423857 11.40175425099138 1.1056238906618931 
31 63 7 2 2 17 8.48528137423857 11.40175425099138 1.1058734878239698 
30 62 7 2 3 17 7.0710678118654755 11.40175425099138 1.1065297495275999 
29 61 7 2 2 17 7.0710678118654755 11.40175425099138 1.1062419193394712 
28 60 7 2 4 17 5.656854249492381 11.40175425099138 1.1075409911382739 
26 59 7 2 2 16 5.656854249492381 11.40175425099138 1.108408586317007 
24 58 7 2 1 15 4.47213595499958 10.770329614269007 1.1192481855035026 
23 57 8 2 1 14 4.47213595499958 10.198039027185569 1.1186295017393957 
22 56 8 2 0 13 5.0990195135927845 10.198039027185569 1.117530700588391 
22 55 8 2 1 13 3.1622776601683795 9.486832980505138 1.1322552975710878 
21 54 9 2 0 15 3.1622776601683795 9.486832980505138 1.1195037358622337 
21 53 9 3 1 16 1.4142135623730951 9.486832980505138 1 
