140 140 0 0 14 14 16.0 16.0 0.982121480654093 
138 138 0 0 17 17 16.0 14.142135623730951 0.9885184154624148 
134 136 0 0 16 18 13.341664064126334 16.0 0.9923065578417763 
132 135 0 0 16 21 13.341664064126334 16.0 0.9909101936048162 
130 134 0 0 16 18 13.341664064126334 16.0 0.9921237141736429 
128 132 0 0 16 19 13.341664064126334 16.0 0.9944842758100659 
126 131 0 0 14 19 13.341664064126334 16.0 0.9974021793588446 
125 130 0 0 14 22 13.038404810405298 16.0 0.9988798165834878 
123 129 0 0 15 23 13.038404810405298 16.0 1.0000757056546885 
121 128 0 0 15 23 13.038404810405298 16.0 1.0016968444397398 
120 127 0 0 14 24 13.038404810405298 16.0 1.000582228356222 
118 126 0 0 15 22 13.038404810405298 16.0 1.0020598655808652 
116 125 0 0 16 23 13.038404810405298 16.0 1.0085182407698028 
115 124 0 0 15 29 12.0 16.0 1.009131793558392 
113 123 0 0 16 29 12.0 16.0 1.0106230157913878 
109 122 0 0 19 29 12.0 16.0 1.0081355197585127 
103 116 0 0 21 27 12.0 15.033296378372908 1.0091982485149031 
99 114 0 0 17 24 14.142135623730951 15.033296378372908 1.0132869790234333 
97 113 0 0 15 26 14.142135623730951 15.033296378372908 1.009386518966442 
95 107 0 0 15 25 14.142135623730951 15.033296378372908 1.0295391088182992 
87 106 1 0 14 25 14.142135623730951 15.033296378372908 1.0284421242324073 
85 104 1 0 15 24 14.142135623730951 15.033296378372908 1.043031184362264 
83 103 2 0 16 26 14.142135623730951 15.033296378372908 1.058351652415812 
79 102 3 0 14 24 13.341664064126334 15.033296378372908 1.0582446223287563 
78 101 3 0 13 23 13.341664064126334 15.033296378372908 1.0581552237393264 
77 99 3 0 12 23 13.341664064126334 15.033296378372908 1.0564437796047197 
76 97 3 0 13 23 12.0 13.341664064126334 1.065648219891437 
72 96 3 0 13 30 12.165525060596439 13.341664064126334 1.0682158249590286 
71 95 3 0 12 32 12.0 13.341664064126334 1.062941919753277 
70 93 3 0 11 26 12.0 13.341664064126334 1.0624459291893351 
69 92 3 0 10 24 11.045361017187261 13.341664064126334 1.0617565628196683 
68 91 3 0 10 23 11.045361017187261 13.341664064126334 1.0621019524631679 
64 90 3 0 12 21 11.045361017187261 13.341664064126334 1.06214048868004 
60 89 3 0 14 19 11.661903789690601 13.341664064126334 1.0662292191885703 
58 88 3 0 12 21 11.661903789690601 13.341664064126334 1.0688715289784356 
56 87 3 0 11 22 11.661903789690601 13.341664064126334 1.08561400769425 
55 86 4 0 11 27 11.661903789690601 13.341664064126334 1.0851607214409915 
54 84 4 0 11 26 9.486832980505138 13.341664064126334 1.0806033526216121 
50 83 4 0 14 19 9.486832980505138 13.341664064126334 1.0972535947368236 
46 82 5 0 12 19 9.486832980505138 13.341664064126334 1.1018681143561204 
42 81 5 0 8 19 11.40175425099138 13.341664064126334 1.1030286298305803 
41 80 5 0 7 20 11.40175425099138 12.649110640673518 1.1033604344657273 
39 79 5 0 7 19 11.40175425099138 12.649110640673518 1.1173859982886991 
37 78 6 0 6 19 11.40175425099138 12.649110640673518 1.1283616341055809 
36 77 7 0 7 18 11.40175425099138 12.649110640673518 1.1349267264677643 
32 76 7 0 7 22 11.661903789690601 12.649110640673518 1.1378101961270637 
31 75 7 0 5 23 10.295630140987 12.649110640673518 1.1343546946969008 
30 73 7 0 5 19 8.94427190999916 12.649110640673518 1.1373113935956465 
29 72 7 0 6 21 5.656854249492381 12.649110640673518 1.1396895867296952 
27 70 7 0 4 22 5.656854249492381 12.649110640673518 1.1529757277012953 
26 69 8 0 4 23 5.656854249492381 12.649110640673518 1.152586949460797 
25 68 8 0 2 21 5.656854249492381 12.649110640673518 1.1491979941333643 
24 64 8 0 2 19 4.242640687119285 12.649110640673518 1.1497948183398798 
23 63 8 0 1 18 2.8284271247461903 12.649110640673518 1.1399301515229525 
23 62 8 1 1 22 2.0 12.649110640673518 1.1373555297124178 
23 61 8 1 1 20 2.0 12.649110640673518 1.13650907677399 
23 60 8 1 1 20 2.0 12.649110640673518 1.136526708271616 
23 59 8 1 1 21 2.0 12.649110640673518 1.132223917588974 
23 58 8 1 1 17 2.0 12.649110640673518 1.1289007826454962 
23 56 8 1 1 17 2.0 10.198039027185569 1.1276420214078289 
23 55 8 1 1 17 2.8284271247461903 10.198039027185569 1.1147727929835016 
23 54 8 2 1 18 2.8284271247461903 10.198039027185569 1.1147904244811275 
23 53 8 2 1 19 2.8284271247461903 10.198039027185569 1.113470942210029 
23 52 8 2 1 19 2.8284271247461903 9.486832980505138 1.101465798221755 
23 51 8 3 1 21 2.8284271247461903 9.486832980505138 1.1011572833153147 
23 50 8 3 1 21 2.8284271247461903 10.295630140987 1.0986002930024057 
23 48 8 3 1 20 2.8284271247461903 10.295630140987 1.0968897556279245 
23 47 8 3 1 19 2.8284271247461903 10.295630140987 1.095144502566541 
23 46 8 3 1 19 2.8284271247461903 8.94427190999916 1.0891311745094179 
23 44 8 3 1 14 2.8284271247461903 8.94427190999916 1.0736696927769298 
23 43 8 4 1 12 2.8284271247461903 8.94427190999916 1.0599363799165489 
23 42 8 5 1 12 2.8284271247461903 8.94427190999916 1.0634103491583888 
23 41 8 5 1 17 2.8284271247461903 8.94427190999916 1.0606082956589902 
23 40 8 5 1 15 2.8284271247461903 8.602325267042627 1.0588977582845092 
23 39 8 5 1 14 2.8284271247461903 8.602325267042627 1.0579734584341145 
23 38 8 5 1 14 2.8284271247461903 8.48528137423857 1.0571270054956867 
23 37 8 5 1 14 2.8284271247461903 8.48528137423857 1.0553399468062459 
23 36 8 5 1 14 2.8284271247461903 7.0710678118654755 1.052765324995711 
23 35 8 5 1 12 2.8284271247461903 7.0710678118654755 1.0519188720572832 
23 34 8 5 1 12 2.8284271247461903 7.0710678118654755 1.0364573903247953 
23 33 8 6 1 10 2.8284271247461903 7.0710678118654755 1.0338827685142604 
23 32 8 6 1 8 2.8284271247461903 7.0710678118654755 1.0303675409527124 
23 31 8 6 1 6 2.8284271247461903 5.656854249492381 1.0295210880142849 
23 30 8 6 1 6 2.8284271247461903 5.656854249492381 1.028674635075857 
23 29 8 6 1 6 2.8284271247461903 5.656854249492381 1.014941322215476 
23 28 8 7 1 6 2.8284271247461903 5.656854249492381 1.0133069028264505 
23 27 8 7 1 6 2.8284271247461903 4.47213595499958 0.9987095055300158 
23 26 8 8 1 5 2.8284271247461903 4.47213595499958 0.9968463288551194 
23 25 8 8 1 4 2.8284271247461903 4.242640687119285 0.9942717070445846 
23 24 8 8 1 2 2.8284271247461903 4.242640687119285 0.9924846483551435 
23 23 8 8 1 2 2.8284271247461903 2.8284271247461903 0.9922843017439106 
23 22 8 8 1 1 2.8284271247461903 5.0990195135927845 0.977686904447476 
23 21 8 9 1 0 2.8284271247461903 5.0990195135927845 0.9950769016633041 
23 23 8 8 1 5 2.8284271247461903 2.8284271247461903 0.976100192369268 
23 21 8 9 1 1 2.8284271247461903 1.4142135623730951 -1 
