140 140 0 0 14 14 16.0 16.0 0.9827274808387555 
138 138 0 0 17 17 16.0 14.142135623730951 0.9945179202902218 
134 137 0 0 16 22 13.038404810405298 16.0 0.9997455731584258 
132 136 0 0 16 26 13.038404810405298 16.0 1.0001345904933165 
130 134 0 0 16 26 13.038404810405298 16.0 1.000479150533193 
128 133 0 0 16 25 13.038404810405298 16.0 1.0016702615635444 
126 132 0 0 14 25 14.142135623730951 15.033296378372908 1.0004761452258712 
124 131 0 0 16 24 15.033296378372908 15.033296378372908 1.0024824318190897 
122 127 0 0 15 27 15.033296378372908 15.033296378372908 1.0022752557563328 
120 126 0 0 16 26 15.033296378372908 15.033296378372908 1.00109146112791 
118 125 0 0 17 24 15.033296378372908 15.033296378372908 1.0028375221964843 
116 124 0 0 18 25 15.033296378372908 15.033296378372908 1.002205463670695 
114 123 0 0 18 23 15.033296378372908 15.033296378372908 1.0025500237105713 
112 122 0 0 18 22 15.033296378372908 15.033296378372908 1.0058688967424587 
110 120 0 0 18 25 15.033296378372908 15.033296378372908 1.0091433124793316 
108 119 0 0 18 27 15.033296378372908 15.033296378372908 1.0086381075931437 
106 118 0 0 16 24 15.033296378372908 15.033296378372908 1.0069025768620876 
104 117 0 0 18 22 15.033296378372908 15.033296378372908 1.0062791105031716 
100 113 0 0 17 20 15.033296378372908 15.033296378372908 1.01388695688717 
96 112 0 0 15 23 15.033296378372908 15.033296378372908 1.0125125293410466 
94 111 0 0 15 21 15.033296378372908 14.0 1.03167285248232 
93 110 1 0 15 28 15.033296378372908 14.0 1.0306159114934985 
91 109 1 0 14 25 15.033296378372908 14.0 1.0284491405212735 
90 105 1 0 14 25 14.142135623730951 14.0 1.0339393587293508 
89 104 1 0 12 30 14.142135623730951 13.038404810405298 1.0356622220650948 
88 103 1 0 11 31 14.142135623730951 13.038404810405298 1.0375996933682285 
87 102 1 0 11 33 14.0 12.649110640673518 1.0456155275569787 
85 101 2 0 12 28 14.0 12.649110640673518 1.043544290483281 
83 99 2 0 12 25 13.038404810405298 12.649110640673518 1.0452917456130517 
81 98 2 0 12 25 12.165525060596439 12.649110640673518 1.0490123033751413 
80 96 2 0 11 29 12.165525060596439 12.649110640673518 1.0459216670810472 
76 95 2 0 16 25 12.165525060596439 12.649110640673518 1.0520944382906803 
75 91 3 0 15 21 12.165525060596439 12.649110640673518 1.0584468229263353 
74 89 3 0 11 26 12.165525060596439 12.649110640673518 1.06016968626208 
73 88 3 0 10 27 12.165525060596439 12.649110640673518 1.0622655420588096 
72 87 3 0 9 28 11.40175425099138 12.649110640673518 1.0607613192598249 
71 86 3 0 9 27 11.045361017187261 11.40175425099138 1.0620593001325374 
70 85 3 0 7 27 11.045361017187261 11.40175425099138 1.049658705224967 
68 84 3 1 10 28 11.045361017187261 11.40175425099138 1.042786510137167 
66 82 3 1 9 20 11.045361017187261 11.40175425099138 1.044043263784406 
65 81 3 1 8 20 10.0 11.40175425099138 1.0385114329429015 
64 77 3 1 8 17 10.0 11.40175425099138 1.0396825601760125 
63 76 3 1 8 18 10.0 11.40175425099138 1.0418303059747889 
62 75 3 1 8 20 10.0 11.40175425099138 1.0372750936989499 
61 71 3 1 8 18 10.0 11.40175425099138 1.0365161815335597 
59 70 3 1 10 17 10.0 11.40175425099138 1.038977258715844 
57 69 3 1 7 16 9.055385138137417 11.40175425099138 1.0405732684119866 
56 68 3 1 8 18 9.055385138137417 11.40175425099138 1.0282763294111883 
55 67 3 2 7 18 9.055385138137417 11.40175425099138 1.0279191019760001 
54 66 3 2 8 18 9.055385138137417 11.40175425099138 1.0286653467460791 
53 65 3 2 7 18 9.055385138137417 11.40175425099138 1.0390509235332117 
52 64 3 2 8 29 9.055385138137417 11.40175425099138 1.0199176545727544 
51 63 3 3 7 22 9.055385138137417 11.40175425099138 1.019158742407364 
49 62 3 3 9 21 9.055385138137417 11.40175425099138 1.0346894962980078 
47 61 4 3 7 22 9.055385138137417 11.40175425099138 1.0415786605486612 
46 60 5 3 8 17 9.055385138137417 11.40175425099138 1.0413482867530748 
45 59 5 3 7 16 9.055385138137417 11.40175425099138 1.0365104400592589 
44 57 5 3 7 13 8.0 9.055385138137417 1.0397616580633018 
43 56 5 3 5 15 8.0 9.055385138137417 1.0405598682015895 
41 55 5 3 5 14 7.0710678118654755 9.055385138137417 1.039046358115369 
41 54 5 3 5 14 7.0710678118654755 8.246211251235321 1.0400674339760492 
41 53 5 3 5 16 7.0710678118654755 8.246211251235321 1.042178059293309 
39 52 5 3 6 17 6.324555320336759 8.246211251235321 1.0428419077188011 
38 50 5 3 7 19 6.324555320336759 8.246211251235321 1.0397048759590473 
36 49 5 3 8 15 6.324555320336759 8.246211251235321 1.0421295267698558 
34 48 5 3 6 15 6.324555320336759 8.246211251235321 1.034707378105978 
33 44 6 4 6 11 6.324555320336759 8.246211251235321 1.0230066325028273 
32 42 6 5 4 12 6.324555320336759 8.246211251235321 1.0080653495552703 
31 40 6 6 3 10 5.830951894845301 8.246211251235321 1.0078199726524133 
30 39 6 6 5 10 4.47213595499958 8.246211251235321 1.0092131219499754 
28 38 6 6 3 10 5.656854249492381 7.615773105863909 1.0212622840409888 
26 37 7 6 2 8 5.656854249492381 7.615773105863909 1.0236757878023102 
25 36 7 6 1 9 4.242640687119285 7.615773105863909 1.0228305489917715 
24 35 7 6 1 9 4.47213595499958 6.324555320336759 1.0342740592497264 
23 34 8 6 1 9 4.47213595499958 5.0990195135927845 1.0327609242101596 
22 33 8 6 0 7 5.0990195135927845 5.0990195135927845 1.0298633038249747 
22 31 8 6 1 5 3.1622776601683795 5.830951894845301 1.0446922702405539 
21 30 9 6 0 7 3.1622776601683795 5.830951894845301 1.0421091951366885 
21 29 9 6 1 6 1.4142135623730951 4.47213595499958 1 
