140 140 0 0 14 14 16.0 16.0 1.0720026975014376 
138 138 0 0 17 17 16.0 14.142135623730951 1.073834032462335 
134 137 0 0 16 15 13.038404810405298 16.0 1.0792361470190326 
132 136 0 0 16 20 14.0 16.0 1.0803632396112355 
130 132 0 0 16 24 14.0 16.0 1.0817998716946675 
128 131 0 0 16 25 14.0 16.0 1.0773460365092442 
126 129 0 0 14 21 14.0 16.0 1.071296033252409 
124 125 0 0 16 19 14.0 15.033296378372908 1.0737960671401483 
122 124 0 0 15 21 15.033296378372908 15.033296378372908 1.0708855577298044 
120 122 0 0 16 19 15.033296378372908 15.033296378372908 1.0700143641430575 
118 120 0 0 17 19 15.033296378372908 15.033296378372908 1.0702660082985185 
116 119 0 0 18 19 15.033296378372908 15.033296378372908 1.068643666646555 
114 118 0 0 18 17 15.033296378372908 15.033296378372908 1.0721196145535838 
112 117 0 0 18 20 15.033296378372908 15.033296378372908 1.0755955624606124 
110 116 0 0 18 23 15.033296378372908 15.033296378372908 1.0780518524558427 
108 115 0 0 18 25 15.033296378372908 15.033296378372908 1.0767601708362242 
106 114 0 0 16 23 15.033296378372908 15.033296378372908 1.0768464849755126 
104 113 0 0 18 23 15.033296378372908 15.033296378372908 1.0744319656136863 
102 111 0 0 16 21 15.033296378372908 15.033296378372908 1.0755379376647733 
100 110 0 0 18 22 15.033296378372908 15.033296378372908 1.0945403680894503 
94 108 1 0 17 27 15.033296378372908 15.033296378372908 1.1045553712776393 
86 106 2 0 18 22 15.033296378372908 15.033296378372908 1.102950636305554 
82 102 2 0 13 21 15.033296378372908 15.033296378372908 1.1109202978308261 
81 101 2 0 12 29 15.033296378372908 15.033296378372908 1.1043462387443388 
80 99 2 0 12 24 15.033296378372908 15.033296378372908 1.1026801531998665 
78 98 2 0 13 22 14.0 15.033296378372908 1.1035583736917978 
76 97 2 0 13 23 13.038404810405298 14.142135623730951 1.1090736374224233 
74 96 2 0 13 28 13.038404810405298 14.142135623730951 1.1037877460943162 
73 95 2 0 12 23 13.038404810405298 14.142135623730951 1.1011452768880685 
71 93 2 0 12 21 12.165525060596439 14.142135623730951 1.098923808892109 
69 92 2 0 10 18 11.40175425099138 14.142135623730951 1.1022965769687283 
67 90 2 0 10 22 11.40175425099138 14.142135623730951 1.1138323636391256 
66 89 3 0 13 23 11.40175425099138 14.142135623730951 1.1160909285262133 
62 87 3 0 11 24 10.770329614269007 14.142135623730951 1.1128443530217031 
61 86 3 0 10 21 10.770329614269007 14.142135623730951 1.1105431368293142 
60 85 3 0 9 19 11.40175425099138 14.142135623730951 1.1091705471322284 
59 84 3 0 9 18 11.40175425099138 14.142135623730951 1.1092100374467422 
58 82 3 0 7 19 10.0 14.142135623730951 1.1086917756452823 
57 81 3 0 8 19 10.0 14.142135623730951 1.1085041738761676 
56 80 3 0 7 19 10.0 14.142135623730951 1.1083801858766102 
55 79 3 0 8 20 8.246211251235321 13.038404810405298 1.1054016056976943 
53 77 4 1 8 20 8.246211251235321 13.038404810405298 1.1052140039285796 
52 76 4 1 7 20 8.246211251235321 13.038404810405298 1.108939703790486 
51 75 4 1 7 24 8.246211251235321 13.038404810405298 1.1179125067740059 
50 74 5 1 7 22 8.246211251235321 13.038404810405298 1.1143974214229135 
49 72 5 1 7 20 8.246211251235321 13.038404810405298 1.1106325841169438 
47 70 5 1 7 17 8.246211251235321 13.038404810405298 1.1088417223880394 
46 69 5 1 6 16 7.615773105863909 12.165525060596439 1.0999493129609992 
45 68 5 2 6 21 7.615773105863909 12.165525060596439 1.0807571445855648 
44 66 5 3 6 17 7.615773105863909 12.165525060596439 1.0811741187571984 
42 65 5 3 6 17 7.615773105863909 12.165525060596439 1.0809020950493784 
40 64 5 3 4 16 7.615773105863909 12.165525060596439 1.0793641753361198 
39 63 5 3 5 15 7.615773105863909 12.165525060596439 1.0791765735670054 
38 62 5 3 4 15 7.615773105863909 12.165525060596439 1.0800562465649928 
37 61 5 3 3 16 7.211102550927978 12.165525060596439 1.0793726547473608 
36 60 5 3 5 16 7.211102550927978 12.165525060596439 1.0773377396782853 
35 59 5 3 4 15 7.0710678118654755 11.045361017187261 1.0604423253993374 
33 57 5 4 7 13 7.211102550927978 11.045361017187261 1.0613728452014235 
31 56 5 4 5 13 5.656854249492381 11.045361017187261 1.0722196339923677 
30 55 6 4 6 13 5.656854249492381 11.045361017187261 1.0751729919825372 
28 54 6 4 4 15 4.242640687119285 11.045361017187261 1.0857484651158391 
26 53 7 4 4 14 5.830951894845301 11.045361017187261 1.0959929505465056 
24 52 8 4 2 13 7.615773105863909 10.198039027185569 1.0968242922984495 
23 51 8 4 0 14 4.47213595499958 9.486832980505138 1.0936902209738697 
23 50 8 4 1 12 2.8284271247461903 9.486832980505138 1.0788462720386325 
22 49 8 5 1 11 1.4142135623730951 9.486832980505138 1.0880133007102477 
21 48 9 5 0 10 7.0710678118654755 9.055385138137417 1.0873504032646524 
21 47 9 5 0 10 3.1622776601683795 9.055385138137417 1.0852482691482372 
21 46 9 5 1 9 1.4142135623730951 9.055385138137417 1 
