140 140 0 0 14 14 16.0 16.0 1.058360515207339 
138 139 0 0 17 17 16.0 14.142135623730951 1.0628232304882095 
134 137 0 0 16 18 12.165525060596439 16.0 1.0663038626330659 
132 136 0 0 16 21 12.165525060596439 16.0 1.0664969156889503 
130 132 0 0 16 24 12.165525060596439 16.0 1.0647025910633305 
128 131 0 0 16 22 14.142135623730951 16.0 1.061881555709246 
126 130 0 0 14 18 14.142135623730951 16.0 1.0648169539988033 
124 129 0 0 16 21 14.142135623730951 16.0 1.0685702030713093 
122 128 0 0 15 24 14.142135623730951 16.0 1.0649313169342765 
120 127 0 0 16 20 14.142135623730951 16.0 1.0661830746217003 
118 126 0 0 17 21 14.142135623730951 16.0 1.0663389726128005 
116 124 0 0 18 22 14.142135623730951 16.0 1.0796008924065708 
114 123 0 0 18 35 14.142135623730951 16.0 1.0700126578135412 
112 119 0 0 18 28 14.142135623730951 16.0 1.0715370324286149 
110 118 0 0 18 29 14.142135623730951 16.0 1.0925065164116001 
102 117 1 0 19 34 14.142135623730951 15.033296378372908 1.0841896856829487 
98 115 1 0 17 24 15.033296378372908 15.033296378372908 1.0819564312346739 
96 113 1 0 16 22 15.033296378372908 15.033296378372908 1.08570968030718 
94 112 1 0 15 25 15.033296378372908 15.033296378372908 1.080579194629015 
92 108 1 0 13 22 15.033296378372908 15.033296378372908 1.0796020778590065 
90 107 1 0 15 21 15.033296378372908 15.033296378372908 1.0907224573845096 
86 106 2 0 14 18 15.033296378372908 15.033296378372908 1.0929491418465207 
85 105 2 0 12 20 15.033296378372908 15.033296378372908 1.1009647307769306 
79 104 2 0 11 24 15.033296378372908 15.033296378372908 1.1015963397956783 
78 103 2 0 12 25 14.0 15.033296378372908 1.098728995796488 
77 101 2 0 11 23 13.038404810405298 15.033296378372908 1.0974760601085258 
76 100 2 0 11 22 13.038404810405298 15.033296378372908 1.0951720860710503 
74 98 2 0 11 20 12.0 15.033296378372908 1.0988383289410097 
72 97 2 0 11 23 11.045361017187261 15.033296378372908 1.0975930623135088 
70 96 2 0 11 21 10.198039027185569 15.033296378372908 1.0967292964840905 
66 94 2 0 11 19 10.198039027185569 15.033296378372908 1.094770848958886 
65 93 2 0 10 17 10.198039027185569 15.033296378372908 1.0960226066463101 
63 92 2 0 11 18 10.198039027185569 15.033296378372908 1.1102737935183316 
61 90 3 0 10 21 10.198039027185569 15.033296378372908 1.1297369060241504 
60 89 4 0 10 30 10.198039027185569 14.142135623730951 1.1248826504434426 
59 88 4 0 8 25 11.40175425099138 14.142135623730951 1.1123795491192665 
58 87 4 1 8 26 10.198039027185569 14.142135623730951 1.1072140983717385 
57 86 4 1 8 21 10.198039027185569 14.142135623730951 1.1090110899144618 
55 85 4 1 7 22 10.198039027185569 14.142135623730951 1.1215808261797715 
54 84 5 1 6 23 10.198039027185569 14.142135623730951 1.1022477248636038 
52 80 5 2 6 20 11.313708498984761 14.142135623730951 1.1005908925760242 
51 79 5 2 7 19 8.94427190999916 13.341664064126334 1.0996105738157114 
50 78 5 2 6 18 8.94427190999916 13.341664064126334 1.0856900395296067 
49 77 5 3 6 18 10.0 13.341664064126334 1.0932402627256672 
48 76 5 3 6 26 10.0 13.341664064126334 1.0841622969185736 
47 75 5 3 6 17 10.0 13.341664064126334 1.0852537766240549 
45 74 5 3 4 17 10.0 13.341664064126334 1.0802359179072096 
44 70 5 3 5 16 9.899494936611665 13.038404810405298 1.0789829822192474 
43 69 5 3 5 15 9.899494936611665 13.038404810405298 1.0787081752961767 
42 68 5 3 5 15 9.899494936611665 13.038404810405298 1.0652459822186244 
41 67 5 4 4 15 10.0 13.038404810405298 1.0666548158976867 
40 66 5 4 5 17 10.0 13.038404810405298 1.0652386144854946 
39 65 5 4 4 15 7.211102550927978 13.038404810405298 1.0643738366611932 
37 64 5 4 2 13 7.211102550927978 13.038404810405298 1.0640947558895202 
36 63 5 4 3 13 5.830951894845301 13.038404810405298 1.063662872974811 
34 62 5 4 3 12 5.830951894845301 13.038404810405298 1.050925732962156 
33 61 5 5 3 13 5.830951894845301 13.038404810405298 1.0615392116976827 
32 60 6 5 2 12 5.830951894845301 13.038404810405298 1.059835838322436 
31 58 6 5 1 12 8.94427190999916 13.038404810405298 1.059561031399365 
30 57 6 5 1 12 8.94427190999916 13.038404810405298 1.0576625780470719 
29 56 6 5 1 11 8.94427190999916 12.165525060596439 1.067881029694182 
28 55 7 5 1 10 8.94427190999916 12.0 1.0653448918966404 
27 53 7 5 0 10 9.486832980505138 10.198039027185569 1.0670263425033524 
26 52 7 5 0 12 9.486832980505138 10.198039027185569 1.0629695393493315 
26 50 7 5 1 10 7.615773105863909 10.198039027185569 1.0625721561608854 
25 49 7 5 1 10 8.246211251235321 10.198039027185569 1.0749848164345566 
23 48 8 5 0 10 8.246211251235321 10.198039027185569 1.0742625848396972 
23 47 8 5 0 10 6.324555320336759 10.198039027185569 1.0705329069330478 
23 45 8 5 1 10 4.47213595499958 8.0 1.054628686503714 
22 44 8 6 0 8 7.0710678118654755 8.0 1.0536436357833232 
22 43 8 6 1 8 5.0990195135927845 8.0 1.0652352432837415 
21 42 9 6 0 8 5.0990195135927845 8.0 1.0645832045140595 
21 41 9 6 1 8 1.4142135623730951 8.0 1 
