140 140 0 0 14 14 16.0 16.0 1.074618496253625 
138 139 0 0 17 18 16.0 14.142135623730951 1.0772763446957947 
134 137 0 0 16 18 12.649110640673518 16.0 1.0813650777231525 
132 136 0 0 16 22 12.649110640673518 16.0 1.0825798333106773 
130 135 0 0 16 23 13.038404810405298 16.0 1.0810229445149107 
128 134 0 0 16 21 13.038404810405298 16.0 1.0832533611273067 
126 130 0 0 14 26 13.038404810405298 16.0 1.0778523679738752 
124 126 0 0 16 24 14.142135623730951 16.0 1.07652042495503 
122 125 0 0 15 22 14.142135623730951 16.0 1.0794432752349452 
120 124 0 0 16 25 14.142135623730951 16.0 1.0775193293196685 
118 122 0 0 17 24 14.142135623730951 16.0 1.079501242629063 
116 121 0 0 18 26 14.142135623730951 16.0 1.0760624798922542 
114 120 0 0 18 22 14.142135623730951 16.0 1.0735646541259667 
112 119 0 0 18 19 14.142135623730951 16.0 1.0751383564530181 
110 117 0 0 16 21 14.142135623730951 16.0 1.0787532489977179 
106 116 0 0 16 23 14.142135623730951 16.0 1.0793338358518991 
105 115 0 0 16 24 14.0 16.0 1.0833240094992527 
103 114 0 0 17 28 13.038404810405298 16.0 1.0833484757421372 
99 113 0 0 22 28 12.165525060596439 15.033296378372908 1.0951352491198878 
91 111 1 0 19 24 13.038404810405298 15.033296378372908 1.101507849784502 
85 110 1 0 13 26 13.038404810405298 15.033296378372908 1.0982940328246151 
83 109 1 0 12 22 13.038404810405298 15.033296378372908 1.1008525383153223 
82 108 1 0 12 25 12.165525060596439 15.033296378372908 1.108938148463327 
80 107 2 0 12 21 12.165525060596439 15.033296378372908 1.10855911687941 
79 106 2 0 12 21 12.165525060596439 15.033296378372908 1.1100619592365346 
78 105 2 0 12 23 12.165525060596439 15.033296378372908 1.1067060309340597 
76 103 2 0 11 20 12.165525060596439 15.033296378372908 1.1053443365648958 
75 101 2 0 11 20 11.40175425099138 15.033296378372908 1.09933369460892 
74 97 2 0 11 19 11.40175425099138 13.038404810405298 1.0989546630250029 
73 96 2 0 11 19 11.40175425099138 13.038404810405298 1.1013984423526484 
72 95 2 0 11 22 11.40175425099138 13.038404810405298 1.1160825857587064 
71 94 3 0 12 26 11.40175425099138 13.038404810405298 1.112418877244976 
69 93 3 0 13 22 11.40175425099138 13.038404810405298 1.115566673301813 
67 92 3 0 13 25 11.40175425099138 13.038404810405298 1.119415425690858 
65 90 3 0 11 30 10.770329614269007 12.165525060596439 1.1146190467286134 
64 89 3 0 10 25 10.295630140987 12.165525060596439 1.11592938659182 
62 88 3 0 11 26 8.246211251235321 12.165525060596439 1.115059309591226 
61 87 3 0 9 25 8.246211251235321 12.165525060596439 1.1021558192151695 
60 86 3 1 9 26 8.246211251235321 12.165525060596439 1.0968351825373193 
58 85 3 1 9 20 8.246211251235321 12.165525060596439 1.0958044847624537 
56 84 3 1 9 19 11.40175425099138 12.165525060596439 1.0975322728965005 
55 83 3 1 8 21 11.40175425099138 12.165525060596439 1.0963552989901102 
54 82 3 1 9 20 8.602325267042627 12.165525060596439 1.0970052692806596 
50 80 3 1 9 20 8.602325267042627 12.165525060596439 1.1090915475520766 
49 79 4 1 9 21 8.602325267042627 12.165525060596439 1.1079965247745607 
48 78 4 1 8 20 8.602325267042627 12.165525060596439 1.105735619249602 
47 77 4 1 8 18 8.602325267042627 12.165525060596439 1.1052197067927085 
43 75 4 1 9 17 8.602325267042627 12.165525060596439 1.1175189563766406 
41 74 5 1 7 17 8.602325267042627 12.165525060596439 1.1194000020017718 
39 72 5 1 7 20 10.0 12.165525060596439 1.1178620937821087 
38 71 5 1 6 19 7.211102550927978 11.045361017187261 1.115826134034072 
37 70 5 1 5 17 7.211102550927978 11.045361017187261 1.1159706528530062 
35 69 5 1 4 17 10.295630140987 11.045361017187261 1.1162956379982811 
33 68 5 1 4 17 10.295630140987 11.045361017187261 1.1279200502514473 
31 67 6 1 5 17 10.295630140987 11.045361017187261 1.1404418578350615 
29 66 7 1 3 17 8.602325267042627 11.045361017187261 1.1392047237149576 
28 64 7 1 2 17 8.602325267042627 11.045361017187261 1.1255852421453023 
27 63 7 2 1 17 8.602325267042627 11.045361017187261 1.1253890646649647 
26 62 7 2 1 17 7.211102550927978 11.045361017187261 1.1244754407447988 
25 61 7 2 0 16 5.830951894845301 11.045361017187261 1.1069458868897675 
25 59 7 3 1 14 4.242640687119285 11.045361017187261 1.1187650814161993 
23 58 8 3 1 14 4.47213595499958 11.045361017187261 1.1185286017337828 
22 57 8 3 0 14 5.0990195135927845 11.045361017187261 1.1174799710153727 
22 56 8 3 2 14 1.4142135623730951 11.045361017187261 1.1288454486412056 
21 55 9 3 0 14 3.1622776601683795 11.045361017187261 1.1133608770469012 
21 54 9 4 1 13 1.4142135623730951 11.045361017187261 1 
