140 140 0 0 14 14 16.0 16.0 1.0419817983538857 
138 138 0 0 17 17 16.0 14.142135623730951 1.051268323885511 
134 137 0 0 16 22 13.038404810405298 16.0 1.0509827866185089 
132 136 0 0 16 21 13.038404810405298 16.0 1.0552911083972085 
130 135 0 0 16 25 13.038404810405298 16.0 1.0568431147484867 
128 134 0 0 16 26 13.038404810405298 16.0 1.0645258448747332 
126 132 0 0 14 34 13.038404810405298 16.0 1.0598510690280898 
124 131 0 0 16 29 13.038404810405298 16.0 1.0533951463456923 
122 129 0 0 15 22 13.038404810405298 16.0 1.0535962886759125 
120 128 0 0 16 22 13.341664064126334 16.0 1.054791219355651 
118 127 0 0 17 23 13.341664064126334 16.0 1.056706911045731 
116 126 0 0 18 25 14.142135623730951 16.0 1.0610152328244302 
114 125 0 0 18 29 14.142135623730951 16.0 1.0616484673665685 
112 124 0 0 18 29 14.142135623730951 16.0 1.0564835337868632 
108 122 0 0 18 22 14.142135623730951 16.0 1.058954311947282 
106 121 0 0 18 24 14.142135623730951 16.0 1.0641814055351215 
104 120 0 0 18 29 14.142135623730951 16.0 1.0682851068477608 
102 119 0 0 16 32 14.142135623730951 16.0 1.0792481164549805 
94 118 1 0 14 25 14.142135623730951 15.033296378372908 1.0764042745593558 
92 117 1 0 14 21 13.341664064126334 15.033296378372908 1.079793824528915 
90 116 1 0 14 24 13.341664064126334 15.033296378372908 1.0923852029093906 
86 115 2 0 13 22 13.341664064126334 15.033296378372908 1.0917425899708482 
84 114 2 0 14 21 13.341664064126334 15.033296378372908 1.0919817252028787 
80 113 2 0 12 18 13.341664064126334 15.033296378372908 1.0966471226531183 
78 112 2 0 11 22 13.341664064126334 15.033296378372908 1.0940570850522597 
77 111 2 0 10 19 13.341664064126334 15.033296378372908 1.0939413037476595 
76 110 2 0 10 19 13.038404810405298 15.033296378372908 1.0956131739213664 
74 108 2 0 10 21 12.165525060596439 15.033296378372908 1.0956251309166027 
72 106 2 0 12 22 11.40175425099138 15.033296378372908 1.09785800381928 
68 105 2 0 10 21 10.770329614269007 15.033296378372908 1.0964081751991197 
67 103 2 0 9 20 9.486832980505138 15.033296378372908 1.0952484196019865 
66 102 2 0 10 19 8.246211251235321 15.033296378372908 1.1086821609160467 
60 101 3 0 14 18 8.0 15.033296378372908 1.1000594646158879 
56 100 3 1 10 19 8.0 15.033296378372908 1.09966404630485 
55 99 3 1 8 18 8.0 15.033296378372908 1.112649523995433 
53 98 4 1 9 19 8.0 15.033296378372908 1.1132827585375715 
51 97 4 1 9 19 8.0 15.033296378372908 1.114367808173274 
50 96 4 1 8 20 8.0 15.033296378372908 1.1137251952347318 
48 95 4 1 9 19 8.0 15.033296378372908 1.1168314711259835 
47 94 4 1 8 23 8.0 14.0 1.117202318485899 
46 92 4 1 8 25 9.055385138137417 14.0 1.1146122808850405 
45 91 4 1 7 22 9.055385138137417 14.0 1.1245791068986866 
44 90 5 1 9 21 9.055385138137417 14.0 1.128269989136795 
40 89 5 1 6 22 11.40175425099138 14.0 1.1287716795665597 
39 88 5 1 6 22 8.602325267042627 14.0 1.130885382055438 
37 87 5 1 7 24 8.602325267042627 14.0 1.1291166730155764 
35 85 5 1 7 23 8.602325267042627 13.341664064126334 1.1409787584309594 
33 84 6 1 6 22 8.602325267042627 13.341664064126334 1.1410502968354972 
31 83 6 1 5 21 8.602325267042627 13.341664064126334 1.1420831793057253 
30 82 6 1 4 21 5.0990195135927845 13.341664064126334 1.1443885720404305 
28 81 6 1 3 23 7.211102550927978 13.341664064126334 1.1534943420283934 
26 80 7 1 2 19 7.211102550927978 13.341664064126334 1.1540020245314788 
25 79 7 1 1 19 5.830951894845301 13.341664064126334 1.1531274290108782 
24 78 7 1 0 18 6.324555320336759 13.341664064126334 1.1522137518023658 
24 77 7 1 1 18 4.47213595499958 13.341664064126334 1.1518678832210185 
23 76 7 1 1 18 5.0990195135927845 13.341664064126334 1.1619144943243314 
22 74 8 1 0 18 5.0990195135927845 12.083045973594572 1.1735142434901984 
21 73 9 1 0 18 5.0990195135927845 12.083045973594572 1.1730538395144756 
21 72 9 1 1 18 1.4142135623730951 12.083045973594572 1 
