140 140 0 0 14 14 16.0 16.0 0.9970307124712449 
138 139 0 0 17 18 16.0 14.142135623730951 1.0063123641002583 
134 138 0 0 16 21 12.649110640673518 16.0 1.0046061403988142 
132 137 0 0 16 18 12.649110640673518 16.0 1.0087359587591014 
130 135 0 0 16 22 12.649110640673518 16.0 1.0106419742215842 
128 134 0 0 16 23 13.341664064126334 16.0 1.0166140423647065 
126 133 0 0 14 27 13.341664064126334 16.0 1.0159314443911933 
124 132 0 0 16 26 13.341664064126334 16.0 1.0121380502234985 
122 128 0 0 15 24 13.341664064126334 15.033296378372908 1.0103200925637819 
120 127 0 0 16 22 15.033296378372908 15.033296378372908 1.0110594411868583 
118 126 0 0 17 22 15.033296378372908 15.033296378372908 1.0108319100796574 
116 125 0 0 18 21 15.033296378372908 15.033296378372908 1.0129932052993238 
114 124 0 0 18 22 15.033296378372908 15.033296378372908 1.0190220194400994 
112 123 0 0 18 27 15.033296378372908 15.033296378372908 1.0125856881274669 
110 119 0 0 18 22 15.033296378372908 15.033296378372908 1.0199669261566098 
104 118 0 0 18 24 15.033296378372908 15.033296378372908 1.035371789582145 
103 117 1 0 17 27 15.033296378372908 15.033296378372908 1.0331537530167356 
101 116 1 0 16 23 15.033296378372908 15.033296378372908 1.0371920616993031 
99 115 1 0 14 25 15.033296378372908 15.033296378372908 1.034974025133894 
97 114 1 0 13 21 15.033296378372908 15.033296378372908 1.0361684406232825 
95 113 1 0 13 21 15.033296378372908 15.033296378372908 1.0306989890409273 
93 109 1 0 13 17 15.033296378372908 15.033296378372908 1.032838301943006 
91 107 1 0 11 18 15.033296378372908 15.033296378372908 1.0315822687460714 
90 105 1 0 12 18 15.033296378372908 15.033296378372908 1.0370250830131074 
88 104 1 0 12 22 14.0 15.033296378372908 1.040507708288752 
86 103 1 0 12 24 13.038404810405298 15.033296378372908 1.0438854013153935 
82 102 1 0 14 25 13.038404810405298 15.033296378372908 1.0451515098839532 
80 101 1 0 15 26 12.165525060596439 14.0 1.0505742553333721 
76 100 1 0 11 26 11.40175425099138 14.0 1.050705405052961 
75 99 1 0 11 26 11.40175425099138 14.0 1.0676158244040395 
69 98 2 0 12 26 11.40175425099138 14.0 1.065135493051363 
65 97 2 0 12 20 11.40175425099138 14.0 1.0786633430139967 
64 96 3 0 13 22 11.40175425099138 14.0 1.0822465848302523 
62 95 3 0 12 24 11.40175425099138 14.0 1.0832405260546487 
61 94 3 0 11 24 10.295630140987 14.0 1.0839798746777252 
59 93 3 0 12 24 10.295630140987 14.0 1.0857383282521815 
57 92 3 0 11 24 10.0 14.0 1.0849792851122542 
55 91 3 0 9 21 9.899494936611665 14.0 1.0845302831563162 
54 90 3 0 10 20 7.615773105863909 14.0 1.0853043030181084 
52 89 3 0 8 19 8.602325267042627 14.0 1.0939147155647961 
48 88 3 0 7 24 8.602325267042627 14.0 1.1049309534180678 
46 86 4 0 8 24 8.602325267042627 13.038404810405298 1.1014058185762883 
44 84 5 1 5 20 8.602325267042627 13.038404810405298 1.1039825406203974 
43 83 5 1 6 23 8.602325267042627 13.038404810405298 1.1174536445853778 
42 82 6 1 5 24 8.602325267042627 13.038404810405298 1.1175964795602247 
41 80 6 1 4 25 9.899494936611665 13.038404810405298 1.1155361742477814 
39 78 6 1 6 23 8.48528137423857 13.038404810405298 1.117640723469794 
37 77 6 1 4 23 8.48528137423857 13.038404810405298 1.1186069749913294 
36 76 6 1 5 25 8.48528137423857 12.165525060596439 1.1148800813674014 
35 75 6 1 4 20 7.0710678118654755 12.165525060596439 1.1156194299904778 
33 74 6 1 5 20 7.0710678118654755 12.165525060596439 1.1185944729032455 
32 73 6 1 3 22 7.0710678118654755 12.165525060596439 1.1191806894891463 
31 72 6 1 2 22 7.0710678118654755 12.165525060596439 1.1184111810537039 
30 71 6 1 3 21 5.656854249492381 12.165525060596439 1.1151646423985608 
29 69 6 1 2 18 5.656854249492381 12.165525060596439 1.1148407252518373 
28 68 6 1 3 18 5.656854249492381 12.165525060596439 1.1283118292168175 
27 67 7 1 2 19 5.656854249492381 12.165525060596439 1.116597628385685 
26 66 7 2 1 20 5.830951894845301 12.165525060596439 1.0982837340225347 
25 62 7 3 0 17 5.830951894845301 12.165525060596439 1.09941577254785 
25 61 7 3 1 19 4.242640687119285 12.165525060596439 1.0984954490685925 
24 60 7 3 1 18 4.47213595499958 12.165525060596439 1.1105446064369835 
23 59 8 3 1 18 4.47213595499958 12.165525060596439 1.1108997496107824 
22 58 8 3 0 18 5.0990195135927845 12.165525060596439 1.111228105918739 
22 56 8 3 1 20 3.1622776601683795 12.165525060596439 1.1246992098837194 
21 55 9 3 0 21 3.1622776601683795 12.165525060596439 1.1214594727546845 
21 54 9 3 1 19 1.4142135623730951 11.40175425099138 1 
