140 140 0 0 14 14 16.0 16.0 1.0242105286498167 
138 138 0 0 17 17 16.0 14.142135623730951 1.0341553227984353 
134 137 0 0 16 22 13.341664064126334 16.0 1.0378211186005004 
132 136 0 0 16 25 13.341664064126334 16.0 1.0358681462844201 
130 135 0 0 16 22 13.341664064126334 16.0 1.0340881215096167 
128 133 0 0 16 21 13.341664064126334 15.033296378372908 1.0333710623858108 
126 132 0 0 14 19 15.033296378372908 15.033296378372908 1.032484023530429 
124 131 0 0 16 18 15.033296378372908 15.033296378372908 1.0374897753081929 
122 130 0 0 15 22 15.033296378372908 15.033296378372908 1.0388791537815343 
120 129 0 0 16 23 15.033296378372908 15.033296378372908 1.0373992355094945 
118 127 0 0 17 22 15.033296378372908 15.033296378372908 1.0387287012965272 
116 125 0 0 18 24 15.033296378372908 15.033296378372908 1.0442674198046404 
114 124 0 0 18 29 15.033296378372908 15.033296378372908 1.0535519837248501 
112 123 0 0 18 38 15.033296378372908 15.033296378372908 1.0470248095857673 
110 119 0 0 18 34 15.033296378372908 14.142135623730951 1.0402097924456406 
108 115 0 0 18 29 15.033296378372908 14.142135623730951 1.0398369067018525 
106 113 0 0 16 28 15.033296378372908 14.0 1.0397669255536823 
105 112 0 0 16 28 15.033296378372908 14.0 1.0352546745494524 
103 110 0 0 16 23 14.0 14.0 1.0349301638873656 
101 109 0 0 15 21 13.038404810405298 14.0 1.0387979355472958 
99 107 0 0 15 25 12.165525060596439 14.0 1.059303217256199 
89 106 1 0 21 28 12.165525060596439 14.0 1.085477560606279 
81 105 2 0 13 33 12.165525060596439 14.0 1.0847002708898223 
80 104 2 0 13 32 11.40175425099138 14.0 1.0779355197009481 
78 103 2 0 11 23 11.40175425099138 14.0 1.078801999905802 
77 102 2 0 11 24 11.40175425099138 14.0 1.100558039330177 
71 101 3 0 14 31 11.40175425099138 14.0 1.1004578527964224 
67 100 3 0 14 28 11.40175425099138 14.0 1.0988081885692629 
61 98 3 0 13 22 11.40175425099138 14.0 1.1164203958815198 
60 96 4 0 10 28 11.40175425099138 14.0 1.114467483971559 
58 94 4 0 8 25 10.770329614269007 14.0 1.1214756305630447 
56 93 4 0 9 32 10.770329614269007 14.0 1.1042534704332145 
54 87 4 0 10 20 10.770329614269007 12.0 1.1066316099311244 
53 86 4 0 9 22 10.198039027185569 12.0 1.1050922006995816 
52 85 4 0 8 20 10.198039027185569 12.0 1.1071091230594117 
50 84 4 0 8 21 8.0 11.40175425099138 1.109315559239965 
49 83 4 0 7 23 8.0 11.40175425099138 1.121094888605384 
48 82 5 0 7 23 8.0 11.40175425099138 1.1167460953147685 
47 81 5 0 6 18 8.0 11.40175425099138 1.1166761141665984 
46 80 5 0 6 18 8.0 11.40175425099138 1.1146732976260714 
45 78 5 0 6 17 8.0 11.40175425099138 1.113666855124877 
44 77 5 0 6 16 8.0 11.40175425099138 1.125849679112971 
43 76 6 0 5 16 8.0 11.40175425099138 1.1295255433768976 
42 75 6 0 5 20 8.0 11.40175425099138 1.1294555622287274 
41 74 6 0 5 20 8.0 11.40175425099138 1.1293295024947652 
40 73 6 0 4 20 8.0 10.770329614269007 1.12885602672392 
39 72 6 0 5 20 8.0 10.770329614269007 1.1262553673732862 
38 71 6 0 5 17 7.0710678118654755 10.770329614269007 1.1271117791162786 
36 70 6 0 5 17 7.0710678118654755 10.770329614269007 1.1283817539438077 
35 69 6 0 4 18 7.0710678118654755 10.770329614269007 1.1273753114426135 
34 68 6 0 4 17 7.0710678118654755 10.770329614269007 1.1133627900193754 
33 67 6 1 4 16 6.324555320336759 10.770329614269007 1.118218113299868 
31 66 6 1 4 21 8.602325267042627 10.770329614269007 1.1176313639085553 
30 65 6 1 4 21 7.211102550927978 9.486832980505138 1.1034117592010484 
28 64 6 2 4 18 4.0 9.486832980505138 1.1156739863333185 
26 63 7 2 2 17 4.0 9.055385138137417 1.116169368531366 
25 62 7 2 2 17 3.1622776601683795 9.486832980505138 1.1189192716324545 
24 61 7 2 1 20 4.47213595499958 9.486832980505138 1.1306986009978734 
23 60 8 2 1 20 4.47213595499958 9.486832980505138 1.129907570370771 
22 59 8 2 0 19 5.0990195135927845 9.486832980505138 1.1272158561837873 
22 58 8 2 1 17 3.1622776601683795 9.486832980505138 1.137525757465833 
21 57 9 2 0 15 3.1622776601683795 9.486832980505138 1.1366503573366262 
21 56 9 2 1 15 1.4142135623730951 9.486832980505138 1 
