140 140 0 0 14 14 16.0 16.0 1.0605257543353073 
138 139 0 0 17 17 16.0 14.142135623730951 1.063858632832078 
134 138 0 0 16 16 12.165525060596439 16.0 1.0696139024460414 
132 137 0 0 16 22 12.165525060596439 16.0 1.0724724348749872 
130 136 0 0 16 25 13.341664064126334 16.0 1.0697692593409038 
128 132 0 0 16 25 13.341664064126334 16.0 1.0689199421274072 
126 131 0 0 14 23 14.0 16.0 1.0704456738717125 
124 130 0 0 16 25 14.142135623730951 16.0 1.0685122193664534 
122 129 0 0 15 22 14.142135623730951 16.0 1.068824180470225 
120 128 0 0 16 23 14.142135623730951 15.033296378372908 1.061448371688588 
118 124 0 0 17 19 15.033296378372908 14.142135623730951 1.0624326338932482 
116 123 0 0 18 20 15.033296378372908 14.142135623730951 1.0619580377429492 
114 122 0 0 18 19 15.033296378372908 14.142135623730951 1.0632634032395816 
112 121 0 0 18 20 15.033296378372908 14.142135623730951 1.0654587495596808 
110 120 0 0 18 22 15.033296378372908 14.142135623730951 1.0632041917624493 
108 119 0 0 18 19 15.033296378372908 14.142135623730951 1.0632729529374683 
106 118 0 0 16 18 15.033296378372908 14.0 1.0673464958984031 
104 116 0 0 18 24 15.033296378372908 14.0 1.0701840488024472 
102 115 0 0 16 26 15.033296378372908 14.0 1.078609260886809 
100 114 0 0 16 35 15.033296378372908 14.0 1.076350749476868 
96 113 0 0 15 30 15.033296378372908 14.0 1.0918962149032758 
95 112 1 0 16 35 15.033296378372908 14.0 1.0876139212195914 
93 111 1 0 14 29 15.033296378372908 14.0 1.0815649334492827 
92 110 1 0 13 22 14.142135623730951 14.0 1.0811307344975556 
91 108 1 0 13 23 14.0 14.0 1.0811397700915697 
90 107 1 0 12 23 14.0 14.0 1.0800190137446155 
86 106 1 0 13 20 14.0 14.0 1.0838586426815593 
84 105 1 0 14 24 13.038404810405298 14.0 1.0871043798761166 
78 104 1 0 12 23 12.165525060596439 14.0 1.0974685352013593 
76 103 2 0 12 21 12.165525060596439 14.0 1.0953342371987695 
74 99 2 0 13 22 12.165525060596439 14.0 1.1001142802020871 
73 98 2 0 11 27 12.165525060596439 14.0 1.0996971102832789 
72 97 2 0 12 27 11.045361017187261 14.0 1.099950827029033 
68 96 2 0 12 25 10.198039027185569 14.0 1.1040204163772582 
64 94 2 0 13 29 10.198039027185569 14.0 1.1002855671449627 
63 93 2 0 13 25 9.486832980505138 14.0 1.1047307987210433 
61 92 2 0 14 30 10.0 14.0 1.099399949374261 
60 91 2 0 13 24 10.0 14.0 1.096739042497877 
59 90 2 0 12 21 10.0 14.0 1.0931458861403274 
57 86 2 0 12 20 10.0 14.0 1.0932401675215218 
55 85 2 0 13 20 10.0 14.0 1.0932492031155359 
54 84 2 0 12 20 10.0 14.0 1.1056410943272315 
52 83 3 0 14 21 10.0 14.0 1.1174375661868932 
50 82 4 0 13 21 10.0 13.038404810405298 1.1167151957970733 
48 81 4 0 11 19 10.0 13.038404810405298 1.1196771040816322 
47 80 4 0 10 23 10.0 12.165525060596439 1.1280135235204225 
45 79 5 0 8 18 10.0 12.165525060596439 1.1437136101737522 
41 78 6 0 7 20 10.0 12.165525060596439 1.1430106201608272 
39 77 6 0 5 18 9.899494936611665 12.165525060596439 1.1430196557548415 
38 76 6 0 4 18 9.899494936611665 12.165525060596439 1.1416680679878 
37 74 6 0 4 18 9.899494936611665 12.165525060596439 1.1422459811133077 
36 73 6 0 4 19 9.899494936611665 12.165525060596439 1.1288108711766263 
34 72 6 1 3 18 9.899494936611665 12.165525060596439 1.1405486390696489 
33 71 7 1 2 18 9.899494936611665 12.165525060596439 1.1260165727754021 
32 70 7 2 3 17 8.48528137423857 12.165525060596439 1.12513562754595 
31 69 7 2 2 16 8.48528137423857 12.165525060596439 1.1247751591535242 
30 68 7 2 3 16 7.0710678118654755 12.165525060596439 1.125190543826691 
28 67 7 2 3 16 7.0710678118654755 12.165525060596439 1.1261513336948674 
26 66 7 2 3 16 4.242640687119285 12.165525060596439 1.127386282874915 
25 65 7 2 0 17 5.830951894845301 12.165525060596439 1.1263319333352373 
25 64 7 2 1 17 4.242640687119285 12.165525060596439 1.1259756120978341 
24 63 7 2 1 17 4.47213595499958 12.165525060596439 1.124110659620529 
23 62 8 3 1 17 4.47213595499958 12.165525060596439 1.123998813348247 
22 61 8 3 0 17 5.0990195135927845 12.165525060596439 1.1221376464725028 
22 60 8 3 2 16 1.4142135623730951 12.165525060596439 1.1338594387093417 
21 59 9 3 0 16 3.1622776601683795 12.165525060596439 1.1186642963946212 
21 58 9 4 1 15 1.4142135623730951 12.165525060596439 1 
