140 140 0 0 14 14 16.0 16.0 1.0361273533428634 
138 139 0 0 17 19 16.0 14.142135623730951 1.0411947967472654 
134 135 0 0 16 22 12.0 16.0 1.0404248934190918 
132 134 0 0 16 21 14.142135623730951 16.0 1.0448656675506132 
130 133 0 0 16 25 14.142135623730951 16.0 1.0446867550326966 
128 132 0 0 16 24 14.142135623730951 16.0 1.0424983032200714 
126 131 0 0 14 20 14.142135623730951 16.0 1.0434049926669764 
124 130 0 0 16 21 14.142135623730951 16.0 1.042683279166649 
122 129 0 0 15 19 14.142135623730951 16.0 1.0448950422909185 
120 128 0 0 16 21 14.142135623730951 16.0 1.0452589307554128 
118 127 0 0 17 21 14.142135623730951 16.0 1.0529286555770618 
116 125 0 0 18 30 14.142135623730951 16.0 1.05090186839937 
114 124 0 0 18 27 14.142135623730951 16.0 1.0470272065619033 
112 123 0 0 18 22 14.142135623730951 16.0 1.046848294043987 
110 122 0 0 18 21 14.142135623730951 16.0 1.0465837192441247 
108 120 0 0 18 21 14.142135623730951 16.0 1.0482526813859832 
106 119 0 0 18 22 14.142135623730951 16.0 1.0480737688680668 
104 118 0 0 18 21 14.142135623730951 16.0 1.051428941034767 
102 117 0 0 16 23 14.142135623730951 16.0 1.0513358672338742 
101 116 0 0 16 23 14.0 16.0 1.0514222478719757 
99 115 0 0 16 22 13.038404810405298 16.0 1.0563304869955839 
97 114 0 0 16 27 12.165525060596439 15.033296378372908 1.0561515744776675 
95 113 0 0 16 26 12.165525060596439 15.033296378372908 1.0487649711723774 
91 109 0 0 20 20 11.40175425099138 15.033296378372908 1.066544644793147 
85 108 1 0 16 21 11.40175425099138 14.0 1.070061481594781 
83 107 1 0 16 24 11.40175425099138 14.0 1.0704845334048994 
82 106 1 0 15 24 10.770329614269007 14.0 1.0887690349717025 
74 104 2 0 14 25 10.198039027185569 14.0 1.089248216081158 
73 103 2 0 13 26 10.198039027185569 13.038404810405298 1.0876491903689287 
72 102 2 0 12 24 10.198039027185569 13.038404810405298 1.086651223981416 
71 98 2 0 12 26 9.055385138137417 13.038404810405298 1.078121442625265 
70 94 2 0 12 21 9.055385138137417 12.0 1.08332448945174 
68 93 2 0 10 25 9.055385138137417 12.0 1.0800392537146695 
67 92 2 0 11 22 9.055385138137417 12.0 1.0848611641936678 
65 91 2 0 10 26 9.055385138137417 12.0 1.0970224577869683 
59 90 3 0 13 23 9.055385138137417 12.0 1.1000431187241766 
58 89 3 0 12 26 9.055385138137417 12.0 1.0948633832093457 
56 88 3 0 13 20 9.055385138137417 12.0 1.0962850184343245 
54 86 3 0 11 21 9.055385138137417 12.0 1.0946859927220949 
53 85 3 0 10 19 9.055385138137417 12.0 1.096167226971534 
49 84 3 0 13 19 8.602325267042627 12.0 1.1125564635454415 
45 83 4 0 10 20 8.602325267042627 12.0 1.1118813751630996 
44 82 4 0 9 19 8.602325267042627 12.0 1.113437983935774 
43 81 4 0 8 20 7.211102550927978 12.0 1.111753295941598 
42 79 4 0 7 19 7.211102550927978 12.0 1.114247033905154 
41 78 4 0 8 23 7.211102550927978 11.045361017187261 1.1257175157584935 
40 77 5 0 11 24 7.211102550927978 11.045361017187261 1.123910200293345 
38 76 5 0 8 20 7.211102550927978 11.045361017187261 1.1342372731042543 
37 75 6 0 14 21 7.211102550927978 11.045361017187261 1.1362129485742263 
33 73 7 1 9 21 7.211102550927978 11.045361017187261 1.137528837287714 
31 72 7 1 6 21 7.0710678118654755 10.198039027185569 1.137252745561969 
29 70 7 1 6 22 8.602325267042627 9.486832980505138 1.1360375423449807 
28 69 7 1 5 20 7.211102550927978 9.486832980505138 1.136200729010581 
27 67 7 1 4 21 7.211102550927978 9.486832980505138 1.1477936572461809 
26 66 8 1 3 21 8.94427190999916 9.486832980505138 1.1451850319221175 
25 64 8 1 2 19 8.94427190999916 9.486832980505138 1.1563321845055896 
24 63 9 1 1 18 8.94427190999916 9.486832980505138 1.156566414788285 
23 62 9 1 1 18 7.615773105863909 9.486832980505138 1.1530089480612449 
22 60 9 1 1 15 6.324555320336759 9.486832980505138 1.1525863087618042 
21 58 9 1 0 15 5.0990195135927845 9.486832980505138 1.152212168778317 
21 57 9 1 1 15 1.4142135623730951 9.486832980505138 1 
