140 140 0 0 14 14 16.0 16.0 1.0079308551840445 
138 138 0 0 17 17 16.0 14.142135623730951 1.0118601727429244 
134 137 0 0 16 15 13.038404810405298 16.0 1.0148034317232595 
132 136 0 0 16 17 13.038404810405298 16.0 1.0145735663140447 
130 135 0 0 16 16 14.0 16.0 1.0165662644894087 
128 134 0 0 16 17 14.0 16.0 1.0222308547036107 
126 133 0 0 14 21 14.142135623730951 16.0 1.0262075125833203 
124 132 0 0 16 25 14.142135623730951 16.0 1.028634072113968 
122 131 0 0 15 26 14.142135623730951 16.0 1.0301747057639954 
120 127 0 0 16 30 14.142135623730951 16.0 1.0241229884209566 
118 125 0 0 17 24 14.142135623730951 16.0 1.0247312644360658 
116 124 0 0 18 24 14.142135623730951 16.0 1.0248228410014881 
114 123 0 0 18 23 14.142135623730951 16.0 1.0211121743470264 
112 122 0 0 18 18 14.142135623730951 16.0 1.0221543117174192 
110 121 0 0 18 18 14.142135623730951 16.0 1.0231964490878125 
108 120 0 0 18 18 14.142135623730951 16.0 1.0280408296780894 
106 119 0 0 18 22 14.142135623730951 16.0 1.052671614095876 
98 118 1 0 18 28 14.142135623730951 16.0 1.0546791184656101 
94 117 1 0 16 26 14.142135623730951 16.0 1.0751332754787082 
88 116 2 0 15 30 14.142135623730951 15.033296378372908 1.077261937852849 
86 115 2 0 14 31 15.033296378372908 15.033296378372908 1.0735452034750363 
84 113 2 0 14 27 15.033296378372908 15.033296378372908 1.0759717630056842 
82 112 2 0 13 28 15.033296378372908 15.033296378372908 1.0760633395711063 
80 111 2 0 13 27 15.033296378372908 15.033296378372908 1.087127355802997 
79 110 3 0 15 27 15.033296378372908 15.033296378372908 1.0852349726640742 
77 109 3 0 13 23 15.033296378372908 15.033296378372908 1.0863258893198393 
75 108 3 0 12 22 13.341664064126334 15.033296378372908 1.0864113981619103 
73 106 3 0 12 22 13.341664064126334 15.033296378372908 1.0864726879712698 
72 105 3 0 10 21 13.038404810405298 15.033296378372908 1.0878998645525604 
71 104 3 0 9 22 13.038404810405298 15.033296378372908 1.1033569781832941 
69 103 4 0 8 25 13.038404810405298 14.0 1.1005480501894165 
68 102 4 0 8 22 13.038404810405298 14.0 1.100590804610452 
67 101 4 0 8 22 13.038404810405298 14.0 1.1038258497742408 
65 100 4 0 8 24 12.165525060596439 14.0 1.107268136651628 
63 99 4 0 8 27 11.40175425099138 13.038404810405298 1.1087126518652417 
61 98 4 0 8 27 10.198039027185569 13.038404810405298 1.1080914095346506 
59 97 4 0 8 25 9.486832980505138 13.038404810405298 1.1088810528275412 
57 96 4 0 9 25 8.94427190999916 13.038404810405298 1.1098671987870856 
53 95 4 0 13 25 9.899494936611665 13.038404810405298 1.1153863361228376 
49 94 4 0 8 26 9.899494936611665 12.165525060596439 1.122608025461477 
47 92 5 0 8 21 9.899494936611665 12.165525060596439 1.1331705770759497 
43 91 5 0 6 28 9.899494936611665 12.165525060596439 1.1359819322512115 
42 90 5 0 5 30 8.602325267042627 12.165525060596439 1.1263974050169434 
41 89 5 0 5 20 8.602325267042627 12.0 1.1243814690957117 
39 88 6 1 9 20 8.602325267042627 12.0 1.1309612951071242 
37 87 6 1 5 24 8.602325267042627 12.0 1.1428930340495826 
36 86 7 1 5 24 8.602325267042627 12.0 1.1419852276656473 
35 85 7 1 5 23 8.602325267042627 12.0 1.1439291036966248 
34 84 7 1 5 25 8.602325267042627 12.0 1.1373179324828637 
33 83 7 1 5 18 8.602325267042627 12.0 1.1496835327806059 
32 82 8 1 4 18 8.602325267042627 12.0 1.1529784777123617 
31 81 8 1 2 21 10.0 12.0 1.1516368099731424 
30 80 8 1 3 20 10.0 12.0 1.1535312011691934 
29 79 8 1 2 21 8.602325267042627 12.0 1.1521895334299739 
28 78 8 1 3 20 8.602325267042627 12.0 1.152180646236331 
27 77 8 1 2 19 7.211102550927978 12.0 1.151789539302083 
26 76 8 1 3 19 7.211102550927978 12.0 1.1517708832176137 
25 74 8 1 2 19 5.830951894845301 12.0 1.1530130264314538 
24 73 8 1 2 21 5.830951894845301 11.045361017187261 1.1558449887177547 
23 72 8 1 1 23 4.47213595499958 11.045361017187261 1.1405654545435666 
22 71 8 2 1 21 5.0990195135927845 11.045361017187261 1.1519804940363383 
21 70 9 2 0 20 5.0990195135927845 11.045361017187261 1.1508712000307506 
21 69 9 2 1 19 1.4142135623730951 11.045361017187261 1 
