140 140 0 0 14 14 16.0 16.0 1.0682569195471254 
138 138 0 0 17 17 16.0 14.142135623730951 1.0721866878051192 
134 137 0 0 16 17 13.038404810405298 16.0 1.076101062072108 
132 135 0 0 16 22 14.0 16.0 1.0734964060782894 
130 133 0 0 16 20 14.0 16.0 1.0767473608758555 
128 132 0 0 16 23 14.0 16.0 1.0776223196504293 
126 131 0 0 14 23 14.0 16.0 1.0765829924227182 
124 130 0 0 16 22 14.0 16.0 1.075312810184653 
122 129 0 0 15 20 14.0 16.0 1.0754662985341132 
120 128 0 0 16 20 14.0 16.0 1.0784767631899752 
118 127 0 0 17 23 14.0 16.0 1.0776779261039684 
116 126 0 0 18 22 14.0 16.0 1.0761672537241989 
114 125 0 0 18 20 14.0 16.0 1.0766158886017017 
110 124 0 0 20 19 14.0 16.0 1.0890377005059073 
104 123 0 0 18 28 14.0 16.0 1.088479353561605 
102 122 0 0 18 27 14.0 16.0 1.0911277858380843 
96 121 0 0 21 27 14.0 16.0 1.09631628285464 
92 120 0 0 23 31 14.142135623730951 16.0 1.085883633668959 
88 116 0 0 17 20 14.142135623730951 16.0 1.0989864317360425 
87 115 1 0 17 22 14.142135623730951 16.0 1.0972449043459191 
85 114 1 0 14 19 14.142135623730951 16.0 1.1045456510270582 
83 113 1 0 13 26 14.142135623730951 16.0 1.114813983415234 
81 112 2 0 16 25 14.142135623730951 16.0 1.1149988719343278 
79 111 2 0 13 24 14.0 16.0 1.1159889327375194 
78 110 2 0 12 25 13.038404810405298 16.0 1.1139747694468474 
77 109 2 0 11 23 13.038404810405298 16.0 1.1235087559137666 
76 108 3 0 10 21 13.038404810405298 16.0 1.1206207835627842 
74 104 3 0 10 21 13.038404810405298 16.0 1.1167019694011775 
73 103 3 0 9 17 13.038404810405298 16.0 1.1155850926451938 
71 102 4 1 8 17 12.0 16.0 1.1154755802254561 
70 101 4 1 7 17 12.0 16.0 1.1186322274741238 
68 100 4 1 8 20 11.045361017187261 16.0 1.117637158189498 
66 98 4 1 9 20 11.40175425099138 16.0 1.1225907238491128 
62 97 4 1 9 23 10.0 16.0 1.1223533648177226 
58 96 4 1 9 21 11.40175425099138 16.0 1.1289422762050993 
56 95 4 1 7 27 11.40175425099138 16.0 1.1257000199216423 
55 94 4 1 6 24 8.602325267042627 15.033296378372908 1.1249011828356352 
53 93 4 1 7 23 8.602325267042627 15.033296378372908 1.1264879769039717 
51 92 4 1 6 24 8.602325267042627 15.033296378372908 1.1266414652534322 
49 91 4 1 7 24 8.602325267042627 15.033296378372908 1.1229856518610237 
47 90 4 1 8 20 8.602325267042627 15.033296378372908 1.1354087603931886 
45 89 5 1 6 20 8.602325267042627 15.033296378372908 1.1237679047832938 
43 88 5 2 8 22 8.602325267042627 15.033296378372908 1.1116097278204253 
41 82 5 2 5 16 8.602325267042627 12.165525060596439 1.1097806189259731 
39 81 5 2 8 15 11.40175425099138 12.0 1.122391910138953 
37 80 6 2 7 15 8.602325267042627 12.0 1.1227633780026243 
36 79 6 2 4 15 8.602325267042627 12.0 1.123365700876649 
35 78 6 2 4 16 8.602325267042627 12.0 1.1345638480727982 
34 77 7 2 4 16 8.602325267042627 12.0 1.1332879861519083 
33 76 7 2 3 15 10.0 12.0 1.1341307991676375 
32 75 7 2 2 16 10.0 12.0 1.1331043626516828 
31 74 7 2 3 16 10.0 11.40175425099138 1.1339014947114379 
30 73 7 2 2 17 8.602325267042627 11.045361017187261 1.1333110020082913 
29 72 7 2 3 17 8.602325267042627 11.045361017187261 1.132196802320217 
28 71 7 2 2 16 8.94427190999916 11.045361017187261 1.1316013964822784 
26 70 7 2 3 15 7.615773105863909 11.045361017187261 1.1324335875706137 
24 69 7 2 2 15 6.324555320336759 11.045361017187261 1.1450443607645322 
22 68 8 2 0 15 5.0990195135927845 11.045361017187261 1.144033646282438 
22 67 8 2 2 15 1.4142135623730951 11.045361017187261 1.1548276484819866 
21 66 9 2 0 15 3.1622776601683795 10.198039027185569 1.1528085280120492 
21 65 9 2 1 14 1.4142135623730951 10.198039027185569 1 
