140 140 0 0 14 14 16.0 16.0 1.084463986850765 
138 139 0 0 17 18 16.0 14.142135623730951 1.0922742634201605 
134 138 0 0 16 22 12.649110640673518 16.0 1.0883177221604905 
132 137 0 0 16 18 12.649110640673518 16.0 1.0940408498164444 
130 136 0 0 16 23 12.649110640673518 16.0 1.0932911240885543 
128 135 0 0 16 22 13.038404810405298 16.0 1.096999988705461 
126 134 0 0 14 25 13.038404810405298 16.0 1.0949905362139614 
124 132 0 0 16 24 13.038404810405298 16.0 1.094328938508378 
122 131 0 0 15 23 13.038404810405298 16.0 1.0924550475366344 
120 130 0 0 16 21 13.038404810405298 16.0 1.0948678536218677 
118 129 0 0 17 23 13.341664064126334 16.0 1.1004554197580658 
116 127 0 0 18 29 13.341664064126334 16.0 1.0964988784983958 
114 126 0 0 18 25 13.341664064126334 16.0 1.0968038210861577 
112 125 0 0 18 25 14.142135623730951 16.0 1.094998317363293 
110 124 0 0 18 23 14.142135623730951 16.0 1.0953438511772333 
108 123 0 0 18 23 14.142135623730951 16.0 1.1029679137712236 
102 122 0 0 18 27 14.142135623730951 16.0 1.1125890685768693 
101 121 1 0 19 26 14.142135623730951 16.0 1.1287009108618262 
93 119 2 0 16 27 14.142135623730951 16.0 1.1223918092527212 
91 115 2 0 16 24 14.142135623730951 16.0 1.1260322866207484 
89 114 2 0 15 27 14.142135623730951 16.0 1.1191090567549586 
87 113 2 0 16 21 14.142135623730951 15.033296378372908 1.12377986289392 
85 112 2 0 15 25 15.033296378372908 15.033296378372908 1.1176734970754463 
83 110 2 0 14 20 15.033296378372908 15.033296378372908 1.1170118993698632 
81 109 2 0 13 19 15.033296378372908 15.033296378372908 1.117690051503599 
80 107 2 0 12 21 15.033296378372908 15.033296378372908 1.1193753351568585 
79 105 2 0 12 24 15.033296378372908 15.033296378372908 1.1200915290292075 
77 104 2 0 13 25 14.0 14.142135623730951 1.117123706685434 
75 102 2 0 14 23 13.038404810405298 14.142135623730951 1.1228910973247825 
73 101 2 0 14 28 12.165525060596439 14.142135623730951 1.1081045598458286 
71 95 2 0 14 20 11.40175425099138 13.038404810405298 1.1138597065035023 
69 94 2 0 14 25 10.770329614269007 13.038404810405298 1.1084573301633223 
67 90 2 0 16 23 11.40175425099138 13.038404810405298 1.1207919205824932 
61 89 3 0 16 21 11.40175425099138 13.038404810405298 1.123425266430997 
59 88 3 0 14 23 11.40175425099138 13.038404810405298 1.1239075747426954 
57 87 3 0 12 23 11.40175425099138 13.038404810405298 1.1221032839978327 
55 85 3 0 11 22 11.40175425099138 13.038404810405298 1.1402992580995386 
47 84 4 0 11 24 10.0 13.038404810405298 1.1464923337873467 
46 80 5 0 12 23 10.0 13.038404810405298 1.1469797386246006 
44 79 5 0 10 23 9.899494936611665 13.038404810405298 1.1452426221506147 
42 78 5 0 9 21 9.899494936611665 13.038404810405298 1.1449808170357032 
41 77 5 0 7 21 9.899494936611665 13.038404810405298 1.1286097708308802 
40 76 5 1 7 19 9.899494936611665 13.038404810405298 1.1248490733932472 
39 74 5 1 8 17 9.899494936611665 13.038404810405298 1.1278171508913621 
38 73 5 1 7 20 8.48528137423857 13.038404810405298 1.1284940900470957 
37 72 5 1 7 21 8.48528137423857 13.038404810405298 1.1371081133332177 
36 71 6 1 7 19 8.48528137423857 13.038404810405298 1.1420954827385381 
34 70 6 1 4 23 5.830951894845301 13.038404810405298 1.140621384357466 
33 69 6 1 4 22 5.830951894845301 13.038404810405298 1.148228276124064 
32 68 7 1 3 19 5.830951894845301 13.038404810405298 1.1478296965113948 
31 67 7 1 3 19 5.830951894845301 13.038404810405298 1.1466284279168886 
30 66 7 1 3 19 5.830951894845301 12.0 1.146298235553098 
29 65 7 1 2 19 5.830951894845301 12.0 1.1447645782654094 
28 64 7 1 3 18 5.656854249492381 12.0 1.130673032894785 
27 63 7 2 2 18 4.47213595499958 12.0 1.1312932223098224 
26 62 7 2 3 19 4.242640687119285 12.0 1.1310178142284404 
25 61 7 2 2 19 3.1622776601683795 12.0 1.1382864086846511 
24 57 8 2 3 19 3.1622776601683795 12.0 1.1380151544240569 
23 56 8 2 2 19 2.0 12.0 1.1485609207561052 
22 55 9 2 2 19 6.324555320336759 12.0 1.14728574274234 
21 54 9 2 0 18 5.0990195135927845 12.0 1.1451859970348994 
21 53 9 2 1 17 1.4142135623730951 12.0 1 
