140 140 0 0 14 14 16.0 16.0 1.015141969462464 
138 139 0 0 17 17 16.0 14.142135623730951 1.0234108135922146 
134 137 0 0 16 20 12.165525060596439 16.0 1.0258147032823783 
132 136 0 0 16 22 13.341664064126334 16.0 1.0238866831678362 
130 135 0 0 16 19 13.341664064126334 16.0 1.0257753027822956 
128 133 0 0 16 21 13.341664064126334 16.0 1.028713267206683 
126 132 0 0 14 22 13.341664064126334 16.0 1.0278125852003628 
125 130 0 0 14 22 13.038404810405298 16.0 1.0330989647933615 
123 129 0 0 15 27 13.038404810405298 16.0 1.0290669689708811 
121 127 0 0 15 24 14.0 15.033296378372908 1.0320122125229234 
120 126 0 0 14 27 15.033296378372908 15.033296378372908 1.0266864609412156 
118 125 0 0 15 21 15.033296378372908 15.033296378372908 1.027149144545711 
116 124 0 0 16 21 15.033296378372908 15.033296378372908 1.027040116319935 
115 123 0 0 15 20 14.142135623730951 15.033296378372908 1.0275027999244306 
113 122 0 0 16 20 14.142135623730951 15.033296378372908 1.0298949619243274 
111 121 0 0 17 22 14.142135623730951 15.033296378372908 1.0318258986005873 
109 120 0 0 17 23 14.142135623730951 15.033296378372908 1.0327920960791468 
107 119 0 0 17 23 14.142135623730951 15.033296378372908 1.030864047453231 
105 117 0 0 15 20 14.142135623730951 15.033296378372908 1.03273106377778 
104 115 0 0 14 22 13.038404810405298 15.033296378372908 1.0317458951896086 
103 114 0 0 14 21 13.038404810405298 15.033296378372908 1.030501132650402 
101 113 0 0 15 20 13.038404810405298 14.0 1.0293774042169381 
100 111 0 0 14 19 12.165525060596439 14.0 1.0327343054145355 
98 110 0 0 15 22 12.165525060596439 14.0 1.0322526507004277 
97 109 0 0 14 21 12.165525060596439 14.0 1.027073517161297 
95 105 0 0 15 19 12.165525060596439 13.038404810405298 1.0279826656149924 
94 103 0 0 14 20 11.045361017187261 13.038404810405298 1.0293677713553882 
92 101 0 0 15 22 11.045361017187261 13.038404810405298 1.0375906570919153 
90 100 0 0 14 29 11.045361017187261 13.038404810405298 1.0279870119461954 
88 99 0 0 12 17 11.045361017187261 13.038404810405298 1.0298771183528872 
84 97 0 0 14 18 11.045361017187261 13.038404810405298 1.0366755263603094 
80 96 0 0 14 22 11.045361017187261 13.038404810405298 1.0477737894729733 
78 94 1 0 12 20 11.045361017187261 13.038404810405298 1.0562903355049353 
77 93 2 0 19 20 11.045361017187261 13.038404810405298 1.0669270033560854 
71 91 2 0 13 24 11.40175425099138 13.038404810405298 1.0674742640614352 
69 90 2 0 10 22 11.40175425099138 13.038404810405298 1.0674512545206014 
65 88 2 0 12 20 9.055385138137417 13.038404810405298 1.0679343390041942 
64 87 2 0 11 20 9.055385138137417 13.038404810405298 1.0683751064259865 
63 85 2 0 10 21 9.055385138137417 13.038404810405298 1.0772587662222786 
61 84 3 0 11 18 9.055385138137417 12.0 1.096622260644644 
57 83 4 0 10 22 9.055385138137417 12.0 1.0961002743604629 
55 82 4 0 10 20 8.0 12.0 1.0840180228471312 
54 81 4 1 8 20 8.0 12.0 1.0858542666168984 
53 80 4 1 7 21 7.0710678118654755 12.0 1.0867781470336573 
51 78 4 1 7 22 7.0710678118654755 12.0 1.086737316764089 
49 77 4 1 9 22 7.0710678118654755 12.0 1.0829827476675091 
47 76 4 1 7 18 9.899494936611665 11.045361017187261 1.0831245848359095 
46 75 4 1 8 17 6.0 11.045361017187261 1.0893961045057057 
45 74 4 1 7 23 6.0 11.045361017187261 1.0898587881102013 
43 73 4 1 8 23 6.0 11.045361017187261 1.095104439814905 
42 71 5 1 8 17 6.0 11.045361017187261 1.0975082190278735 
38 70 5 1 7 17 8.48528137423857 11.045361017187261 1.1093516766568852 
37 69 6 1 7 17 8.48528137423857 10.770329614269007 1.1113030142122424 
36 68 6 1 5 18 8.48528137423857 10.770329614269007 1.1112825848217716 
35 67 6 1 5 18 8.48528137423857 10.770329614269007 1.1122268946290013 
34 66 6 1 5 19 8.48528137423857 10.770329614269007 1.1136747183102946 
33 65 6 1 4 20 8.48528137423857 10.770329614269007 1.123217200738236 
31 64 7 1 2 16 10.0 10.770329614269007 1.121809422673117 
30 63 7 1 4 15 8.602325267042627 10.770329614269007 1.1228179087021037 
28 62 7 1 2 14 8.602325267042627 10.770329614269007 1.125446431326608 
26 61 7 1 1 14 5.830951894845301 10.770329614269007 1.1121143677469985 
25 60 7 2 0 14 7.615773105863909 10.770329614269007 1.1118536096797114 
25 59 7 2 0 14 5.830951894845301 10.770329614269007 1.1087364896038132 
25 58 7 2 1 12 4.242640687119285 10.295630140987 1.0941821145144717 
24 54 7 3 1 13 2.8284271247461903 10.295630140987 1.1040677105823926 
23 53 8 3 2 12 4.47213595499958 10.295630140987 1.1178403856994557 
21 52 9 3 0 12 5.0990195135927845 10.295630140987 1.116324484118635 
21 51 9 3 1 11 1.4142135623730951 9.486832980505138 1 
