140 140 0 0 14 14 16.0 16.0 1.0103837252696526 
138 138 0 0 17 17 16.0 14.142135623730951 1.016522529819448 
134 137 0 0 16 17 13.038404810405298 16.0 1.0190445410507942 
132 135 0 0 16 20 14.0 16.0 1.0193590948311329 
130 134 0 0 16 20 14.0 15.033296378372908 1.0247751249509187 
128 132 0 0 16 26 15.033296378372908 15.033296378372908 1.0277791989142402 
126 131 0 0 14 27 15.033296378372908 15.033296378372908 1.0229100925306531 
125 130 0 0 14 22 15.033296378372908 15.033296378372908 1.028261662954112 
123 128 0 0 15 28 15.033296378372908 15.033296378372908 1.0224233449864515 
121 126 0 0 15 22 15.033296378372908 15.033296378372908 1.025863824209312 
120 125 0 0 14 25 15.033296378372908 15.033296378372908 1.0263635364504922 
118 124 0 0 15 25 15.033296378372908 15.033296378372908 1.0268632486916722 
116 123 0 0 16 25 15.033296378372908 15.033296378372908 1.0287378583566906 
115 122 0 0 15 26 14.142135623730951 15.033296378372908 1.0282625968979924 
113 121 0 0 16 25 14.142135623730951 15.033296378372908 1.0287623091391722 
111 120 0 0 17 25 14.142135623730951 15.033296378372908 1.0326967384874084 
109 119 0 0 17 28 14.142135623730951 15.033296378372908 1.0259064571369825 
107 118 0 0 17 20 14.142135623730951 15.033296378372908 1.028910531100304 
105 117 0 0 15 21 14.142135623730951 15.033296378372908 1.029901781792607 
104 116 0 0 14 21 13.038404810405298 15.033296378372908 1.0298845335912987 
103 114 0 0 14 22 13.038404810405298 15.033296378372908 1.0316935458460839 
101 113 0 0 15 24 13.038404810405298 14.142135623730951 1.0306123452365303 
100 111 0 0 14 23 12.165525060596439 14.142135623730951 1.0296431336524567 
99 110 0 0 14 22 12.165525060596439 14.142135623730951 1.0282375168088438 
97 109 0 0 13 19 12.165525060596439 14.142135623730951 1.0302436067551735 
95 107 0 0 11 20 12.165525060596439 14.142135623730951 1.0326256209337092 
91 105 0 0 12 21 12.165525060596439 14.0 1.043838868809961 
90 104 0 0 12 32 11.045361017187261 14.0 1.0408721721799932 
86 103 0 0 18 29 11.045361017187261 14.0 1.0371305831078526 
82 101 0 0 14 21 11.045361017187261 14.0 1.0523941654025744 
81 99 1 0 14 26 11.045361017187261 13.038404810405298 1.0485446510338292 
80 98 1 0 12 21 11.045361017187261 13.038404810405298 1.049881582349506 
79 97 1 0 11 22 11.40175425099138 13.038404810405298 1.0557788856483707 
75 96 1 0 13 26 11.40175425099138 13.038404810405298 1.061198084703906 
73 95 1 0 12 30 11.40175425099138 13.038404810405298 1.0587746998568683 
72 93 1 0 12 28 10.198039027185569 13.038404810405298 1.0495405209813107 
71 92 1 0 11 18 10.198039027185569 13.038404810405298 1.0489187777595805 
70 91 1 0 11 18 10.198039027185569 12.165525060596439 1.0537763980576638 
69 89 1 0 11 24 10.198039027185569 12.165525060596439 1.0663195556252363 
68 88 2 0 12 25 10.198039027185569 12.165525060596439 1.0877813386563029 
62 87 3 0 13 30 10.198039027185569 12.165525060596439 1.080922026354538 
60 83 3 0 13 25 10.198039027185569 12.165525060596439 1.0785414358110466 
58 82 3 0 12 21 10.198039027185569 12.165525060596439 1.0815008914594042 
56 81 3 0 12 23 10.198039027185569 12.165525060596439 1.093578871334519 
55 80 4 0 12 23 10.198039027185569 12.165525060596439 1.0936134058832416 
53 79 4 0 12 22 10.198039027185569 12.165525060596439 1.0885453831642786 
51 75 4 0 11 18 9.486832980505138 12.165525060596439 1.1086850964985675 
47 74 5 0 10 22 8.0 12.165525060596439 1.1067855295295794 
46 73 5 0 8 19 8.0 12.165525060596439 1.1067520197430665 
45 72 5 0 7 19 8.0 11.40175425099138 1.1072675778662922 
44 71 5 0 6 19 8.0 11.40175425099138 1.0942073183526027 
43 70 5 1 6 19 8.0 11.40175425099138 1.104845146835382 
42 69 6 1 5 17 8.0 11.40175425099138 1.1043969835051202 
41 68 6 1 5 17 8.0 10.770329614269007 1.1044027456209249 
40 67 6 1 5 17 8.0 10.770329614269007 1.117432688878805 
39 65 7 1 5 19 8.0 10.770329614269007 1.1183486038043755 
38 64 7 1 4 19 7.0710678118654755 10.770329614269007 1.1189218404218138 
34 63 7 1 3 18 11.661903789690601 10.770329614269007 1.1247774447368883 
33 62 7 1 3 24 11.661903789690601 10.770329614269007 1.1189333646534232 
32 61 7 1 3 18 11.661903789690601 10.770329614269007 1.1313147037717919 
31 60 8 1 2 18 10.0 9.486832980505138 1.1308106698801759 
30 59 8 1 3 18 10.0 9.486832980505138 1.131928606297482 
29 58 8 1 2 18 8.602325267042627 9.486832980505138 1.1322809443101713 
27 57 8 1 3 18 8.94427190999916 9.486832980505138 1.1338112342434075 
26 55 8 1 3 20 7.615773105863909 9.486832980505138 1.1352707693324215 
25 54 8 1 3 20 4.242640687119285 9.486832980505138 1.123695279526031 
24 53 8 2 2 21 4.242640687119285 9.486832980505138 1.1243105479404618 
23 52 8 2 2 21 2.8284271247461903 9.486832980505138 1.122992292522008 
22 51 8 2 0 20 5.0990195135927845 8.94427190999916 1.1223192211935678 
22 50 8 2 1 20 3.1622776601683795 8.94427190999916 1.1346611747349917 
21 49 9 2 0 20 3.1622776601683795 8.602325267042627 1.1328059788281337 
21 48 9 2 1 20 1.4142135623730951 7.0710678118654755 1 
