140 140 0 0 14 14 16.0 16.0 1.0597749638217753 
138 139 0 0 17 18 16.0 14.142135623730951 1.0675526258118984 
134 138 0 0 16 22 12.649110640673518 16.0 1.0697784249080577 
132 137 0 0 16 24 12.649110640673518 16.0 1.0691772822321641 
130 135 0 0 16 24 12.649110640673518 16.0 1.0714030813283235 
128 134 0 0 16 26 12.649110640673518 16.0 1.068839060528247 
126 133 0 0 14 22 13.038404810405298 16.0 1.0765268923862596 
124 131 0 0 16 32 13.038404810405298 16.0 1.0710318986915168 
122 130 0 0 15 25 13.038404810405298 16.0 1.0682708509077559 
120 129 0 0 16 22 14.0 16.0 1.0648062970800085 
118 128 0 0 17 18 14.0 16.0 1.0687134079146785 
116 127 0 0 18 23 14.0 15.033296378372908 1.069695637817602 
114 125 0 0 18 25 15.033296378372908 15.033296378372908 1.0737095896757358 
112 124 0 0 18 29 15.033296378372908 15.033296378372908 1.075041312390908 
110 123 0 0 18 30 15.033296378372908 15.033296378372908 1.0763730351060798 
108 122 0 0 18 31 15.033296378372908 15.033296378372908 1.071374449284851 
106 116 0 0 16 30 15.033296378372908 15.033296378372908 1.0659812227986403 
105 115 0 0 16 25 15.033296378372908 14.142135623730951 1.0746703367448678 
103 114 0 0 16 34 14.0 14.142135623730951 1.0693659133871258 
101 113 0 0 15 27 13.038404810405298 14.142135623730951 1.0690824719220906 
99 112 0 0 15 26 12.165525060596439 14.142135623730951 1.0654433886692405 
97 111 0 0 17 22 11.40175425099138 14.142135623730951 1.065951665534241 
95 110 0 0 17 22 11.045361017187261 14.142135623730951 1.0741242818796 
91 109 0 0 17 29 11.045361017187261 14.142135623730951 1.0681034278253647 
85 107 0 0 18 20 11.045361017187261 14.142135623730951 1.086577318335933 
77 106 1 0 15 21 11.045361017187261 14.142135623730951 1.1066267940185321 
76 105 2 0 16 31 11.045361017187261 14.142135623730951 1.1172060777006625 
68 103 3 0 15 25 10.770329614269007 14.142135623730951 1.113630560449933 
66 101 3 0 14 22 10.0 13.038404810405298 1.1152881778030883 
64 100 3 0 13 23 10.0 13.038404810405298 1.1148317477562861 
62 99 3 0 13 22 10.0 13.038404810405298 1.1107444075378043 
61 93 3 0 12 23 9.055385138137417 13.038404810405298 1.114432464757955 
59 92 3 0 13 27 9.055385138137417 13.038404810405298 1.115619474844036 
57 90 3 0 13 29 9.055385138137417 13.038404810405298 1.1245418881409115 
55 89 4 0 12 25 9.055385138137417 13.038404810405298 1.1236731350599605 
54 88 4 0 11 24 9.055385138137417 13.038404810405298 1.1181892874449817 
53 86 4 0 10 19 9.055385138137417 13.038404810405298 1.1143645305947474 
52 82 4 0 9 18 8.246211251235321 13.038404810405298 1.1150227902600962 
50 81 4 0 10 19 10.0 13.038404810405298 1.1144386054437585 
49 80 4 0 9 19 10.0 12.165525060596439 1.1168202632487734 
48 79 4 0 9 22 10.0 12.165525060596439 1.1165852338826552 
47 78 4 0 8 22 11.313708498984761 12.165525060596439 1.1284155047877897 
43 77 5 0 7 19 8.602325267042627 12.165525060596439 1.128440828087826 
42 76 5 0 6 19 8.602325267042627 12.165525060596439 1.1276839713953972 
41 75 5 0 5 19 8.602325267042627 11.045361017187261 1.1273834000574503 
40 74 5 0 5 19 8.602325267042627 11.045361017187261 1.1279769051004906 
39 73 5 0 5 20 8.602325267042627 11.045361017187261 1.13020270419665 
37 72 5 0 5 22 8.602325267042627 11.045361017187261 1.140345088512496 
35 71 6 0 3 19 8.602325267042627 11.045361017187261 1.1400445171745492 
34 70 6 0 3 19 8.602325267042627 11.045361017187261 1.1514791236852588 
33 69 7 0 3 19 8.602325267042627 11.045361017187261 1.151780161532042 
32 68 7 0 2 19 7.211102550927978 11.045361017187261 1.1371111087814396 
31 66 7 1 3 19 5.830951894845301 11.045361017187261 1.1389245848434504 
30 65 7 1 2 21 5.830951894845301 11.045361017187261 1.1204057062991561 
29 63 7 2 3 17 5.830951894845301 11.045361017187261 1.1213596089054283 
28 62 7 2 2 18 5.656854249492381 11.045361017187261 1.122971602526787 
26 61 7 2 2 19 4.242640687119285 11.045361017187261 1.119968501614118 
24 59 7 2 2 16 2.8284271247461903 11.045361017187261 1.1323431257620225 
22 58 8 2 0 16 5.0990195135927845 11.045361017187261 1.132256344819876 
22 57 8 2 1 17 3.1622776601683795 11.045361017187261 1.1307395279342323 
21 56 9 3 0 17 3.1622776601683795 11.045361017187261 1.1164439601439964 
21 55 9 4 1 17 1.4142135623730951 11.045361017187261 1 
