140 140 0 0 14 14 16.0 16.0 0.9894814043752738 
138 138 0 0 17 17 16.0 14.142135623730951 1.000989059695182 
134 137 0 0 16 22 13.341664064126334 16.0 1.0051986989249893 
132 135 0 0 16 26 13.341664064126334 16.0 1.0025362283403947 
130 134 0 0 16 22 13.341664064126334 16.0 0.9988953140380635 
128 133 0 0 16 17 13.341664064126334 16.0 1.0038075362621488 
126 131 0 0 14 21 14.142135623730951 16.0 1.005980594521505 
125 130 0 0 14 23 14.0 16.0 1.0066884559952471 
123 129 0 0 15 23 14.0 16.0 1.0059828728461253 
121 128 0 0 15 21 14.0 16.0 1.0076691780376044 
119 127 0 0 16 22 14.0 16.0 1.0083770395113467 
117 126 0 0 17 22 14.0 16.0 1.0103629222076105 
116 125 0 0 16 23 13.341664064126334 16.0 1.0111998905410544 
115 124 0 0 15 23 13.038404810405298 16.0 1.0109293082970603 
113 123 0 0 16 22 13.038404810405298 16.0 1.0096802823353297 
111 122 0 0 17 20 13.038404810405298 16.0 1.0089977029764545 
109 120 0 0 17 19 13.038404810405298 16.0 1.0146624956904886 
103 119 0 0 17 19 13.038404810405298 16.0 1.0169152474848229 
101 117 0 0 17 21 13.038404810405298 16.0 1.020123439206647 
99 116 0 0 17 23 13.038404810405298 16.0 1.025396960271426 
97 115 0 0 15 26 13.038404810405298 16.0 1.0241709380999418 
95 113 0 0 16 25 13.038404810405298 16.0 1.0241402434611568 
93 111 0 0 13 23 13.038404810405298 16.0 1.0263765087737884 
92 109 0 0 11 25 13.038404810405298 16.0 1.0257040221726015 
91 108 0 0 12 25 12.165525060596439 15.033296378372908 1.0283682200427393 
90 107 0 0 12 28 13.038404810405298 15.033296378372908 1.0283165720669727 
89 105 0 0 12 29 12.165525060596439 14.142135623730951 1.029433042770058 
88 103 0 0 11 31 12.165525060596439 13.341664064126334 1.0299476577229671 
87 102 0 0 11 31 11.40175425099138 13.341664064126334 1.0281387024669248 
86 101 0 0 11 29 11.40175425099138 13.341664064126334 1.0254992356725765 
84 99 0 0 11 26 11.40175425099138 13.341664064126334 1.028147498100089 
83 98 0 0 10 28 11.40175425099138 13.341664064126334 1.0423444194555853 
77 97 1 0 13 26 11.40175425099138 13.341664064126334 1.0412728467720758 
75 93 1 0 12 26 11.40175425099138 13.341664064126334 1.0355501166450876 
74 92 1 0 12 20 11.40175425099138 13.341664064126334 1.0581617598109572 
72 91 2 0 13 30 11.40175425099138 13.341664064126334 1.0539609162143142 
71 90 2 0 12 25 11.40175425099138 13.341664064126334 1.0503891800283844 
70 88 2 0 12 22 11.045361017187261 13.341664064126334 1.0516923909370108 
69 87 2 0 11 23 10.770329614269007 12.649110640673518 1.0686832285748296 
65 86 3 0 12 25 10.770329614269007 12.649110640673518 1.0697274329405408 
63 85 3 0 11 24 10.295630140987 12.649110640673518 1.0709787372268922 
61 84 3 0 11 24 10.295630140987 12.649110640673518 1.0696788748214698 
60 83 3 0 10 23 10.0 11.045361017187261 1.066891475847691 
59 82 3 0 10 20 10.0 11.045361017187261 1.0666526591302254 
58 81 3 0 9 19 9.899494936611665 11.045361017187261 1.0586631340135155 
54 80 3 1 9 20 8.602325267042627 11.045361017187261 1.0633767257839828 
53 79 3 1 6 23 8.602325267042627 11.045361017187261 1.0639596588685407 
52 78 3 1 7 24 8.602325267042627 11.045361017187261 1.0597588152718982 
51 77 3 1 6 19 8.602325267042627 11.045361017187261 1.0716075775426663 
49 76 4 1 7 18 8.602325267042627 11.045361017187261 1.0909573305576803 
47 75 5 1 5 23 8.602325267042627 11.045361017187261 1.0923500497149183 
43 74 5 1 7 22 8.602325267042627 11.045361017187261 1.1041823255039838 
42 73 6 1 6 21 8.602325267042627 11.045361017187261 1.101968034146311 
41 71 6 1 7 19 6.324555320336759 11.045361017187261 1.1057290424301274 
39 70 6 1 7 22 7.211102550927978 11.045361017187261 1.106420417422167 
38 69 6 1 6 22 7.211102550927978 11.045361017187261 1.103198017543261 
37 68 6 1 5 18 7.211102550927978 11.045361017187261 1.101614830043548 
36 67 6 1 5 17 7.211102550927978 10.0 1.1013277613178514 
35 66 6 1 4 16 7.211102550927978 10.0 1.1135950380120443 
34 65 7 1 4 16 7.211102550927978 10.0 1.114949016842861 
33 64 7 1 3 16 5.830951894845301 10.0 1.114553506209683 
32 63 7 1 4 16 5.830951894845301 10.0 1.1027560281039623 
30 62 7 2 4 16 5.830951894845301 10.0 1.1151317467056363 
29 61 8 2 2 15 5.830951894845301 10.0 1.115388597214313 
28 60 8 2 3 15 4.47213595499958 10.0 1.1180368596418258 
27 59 8 2 2 17 4.47213595499958 10.0 1.1032875397780926 
26 57 8 3 3 16 3.1622776601683795 10.0 1.102022027334659 
25 56 8 3 2 14 3.1622776601683795 10.0 1.1021845207396335 
24 55 8 3 3 14 2.0 10.0 1.1018974520139364 
23 54 8 3 2 13 2.0 10.0 1.11572389217732 
22 53 9 3 2 15 2.8284271247461903 10.0 1.114158893296031 
21 52 9 3 1 12 1.4142135623730951 10.0 1 
