140 140 0 0 14 14 16.0 16.0 0.9925210896075 
138 139 0 0 17 17 16.0 14.142135623730951 1.003319176385264 
134 138 0 0 16 21 12.649110640673518 16.0 0.9996683489754141 
132 136 0 0 16 17 12.649110640673518 16.0 1.006586722353199 
130 135 0 0 16 23 13.038404810405298 16.0 1.0117311407923342 
128 134 0 0 16 27 13.038404810405298 16.0 1.0101818740645727 
126 130 0 0 14 26 13.038404810405298 16.0 1.012817950145745 
125 128 0 0 14 30 14.0 16.0 1.0086061373892108 
123 127 0 0 15 25 14.0 16.0 1.010811785862188 
121 126 0 0 15 26 14.0 16.0 1.0095387430718115 
119 125 0 0 16 24 14.0 16.0 1.0063065203039965 
117 124 0 0 17 20 14.0 16.0 1.0085791390227643 
116 122 0 0 16 23 13.341664064126334 15.033296378372908 1.0079048241707478 
114 121 0 0 17 22 14.142135623730951 15.033296378372908 1.0120696526211637 
112 120 0 0 17 25 14.142135623730951 15.033296378372908 1.0059036294788244 
110 114 0 0 17 23 14.142135623730951 14.142135623730951 1.0093353364360593 
106 112 0 0 17 24 14.142135623730951 14.142135623730951 1.0056634449767208 
104 111 0 0 17 19 14.142135623730951 14.142135623730951 1.0074504888076632 
102 109 0 0 16 20 14.142135623730951 14.142135623730951 1.008676547291921 
100 108 0 0 16 20 14.142135623730951 14.142135623730951 1.023863661711653 
99 107 1 0 16 23 14.142135623730951 14.142135623730951 1.0255293888874344 
97 106 1 0 17 24 14.142135623730951 14.142135623730951 1.050096324320764 
91 105 2 0 17 31 14.142135623730951 14.142135623730951 1.0474250868996335 
89 103 2 0 17 28 14.142135623730951 14.142135623730951 1.0437742594897836 
87 101 2 0 17 24 14.142135623730951 14.142135623730951 1.04999852052331 
85 100 2 0 15 28 14.142135623730951 14.142135623730951 1.0485112134874595 
81 99 2 0 15 23 14.142135623730951 14.142135623730951 1.0472257210797302 
80 98 2 0 14 21 14.142135623730951 14.142135623730951 1.0469322682780733 
78 97 2 0 15 20 14.142135623730951 14.142135623730951 1.0495651358252212 
77 96 2 0 14 22 14.142135623730951 14.142135623730951 1.0502388233949302 
76 95 2 0 13 22 14.142135623730951 14.142135623730951 1.0604559487764018 
75 93 3 0 13 22 14.142135623730951 12.649110640673518 1.0650479963009887 
74 92 3 0 12 26 14.142135623730951 12.649110640673518 1.0703600222773442 
73 90 4 0 14 21 14.142135623730951 12.649110640673518 1.0693085487478005 
71 88 4 0 11 18 14.142135623730951 12.649110640673518 1.070703492749215 
69 87 4 0 10 18 13.038404810405298 11.40175425099138 1.07191710161612 
68 86 4 0 8 18 13.038404810405298 11.40175425099138 1.0765215987580594 
66 85 4 0 9 22 13.038404810405298 11.40175425099138 1.0762156963390492 
65 84 4 0 8 21 13.038404810405298 11.40175425099138 1.074942653548673 
63 83 4 0 9 19 13.038404810405298 11.40175425099138 1.0741970824381393 
62 82 4 0 7 17 13.038404810405298 11.40175425099138 1.0792287986542497 
61 81 4 0 7 22 13.038404810405298 11.40175425099138 1.0809509820541716 
60 80 4 0 7 24 12.0 10.198039027185569 1.0805663232905942 
59 79 4 0 6 23 12.165525060596439 10.198039027185569 1.0783347545609876 
57 77 4 0 7 21 12.165525060596439 10.198039027185569 1.0824801829053645 
56 76 4 0 6 24 11.045361017187261 10.198039027185569 1.0826139491778783 
55 75 4 0 6 24 11.045361017187261 10.198039027185569 1.0707975943587777 
54 71 4 1 5 27 10.0 10.198039027185569 1.0645349634512689 
53 69 4 1 6 22 10.0 10.198039027185569 1.0636891397350634 
52 68 4 1 6 21 10.0 10.198039027185569 1.0769170741773564 
51 67 5 1 6 22 10.0 10.198039027185569 1.0772094683020272 
50 66 5 1 6 23 10.0 9.055385138137417 1.0763636445858218 
49 65 5 1 6 22 10.0 9.055385138137417 1.0735586408921776 
48 64 5 1 6 19 10.0 9.055385138137417 1.0742323284618869 
47 63 5 1 5 19 10.0 9.055385138137417 1.0850614142352177 
46 62 6 1 4 17 10.0 9.055385138137417 1.0832570645797817 
45 60 6 1 4 16 10.0 9.055385138137417 1.0816529786756945 
44 59 6 1 4 15 10.0 8.0 1.0817867449482081 
43 58 6 1 4 15 10.0 8.0 1.0833073297439795 
41 57 6 1 5 15 8.246211251235321 8.0 1.0878993772685663 
40 56 6 1 4 19 8.246211251235321 8.0 1.0870836572654163 
38 55 6 1 5 19 10.0 7.0710678118654755 1.0908212030951752 
37 54 6 1 5 22 8.602325267042627 7.0710678118654755 1.0896577291304053 
36 53 6 1 5 20 7.211102550927978 7.0710678118654755 1.0874137107834458 
35 51 6 1 4 18 7.211102550927978 7.0710678118654755 1.0855882970785207 
34 50 6 1 4 16 7.211102550927978 7.0710678118654755 1.0873583250258037 
33 49 6 1 4 17 5.830951894845301 7.0710678118654755 1.0754210670045405 
32 48 6 2 4 18 5.830951894845301 7.0710678118654755 1.0780539345516884 
31 47 6 2 3 20 5.830951894845301 7.0710678118654755 1.0583010206701593 
30 45 6 3 3 14 5.830951894845301 7.0710678118654755 1.046051757399503 
29 43 6 4 3 15 4.47213595499958 7.0710678118654755 1.0452059336832975 
28 42 6 4 3 14 4.47213595499958 7.0710678118654755 1.0579941994340667 
27 41 7 4 2 14 4.47213595499958 7.0710678118654755 1.0587511924906727 
26 40 7 4 2 14 3.1622776601683795 7.0710678118654755 1.0571755425977334 
25 39 7 4 1 13 5.830951894845301 7.0710678118654755 1.068654357338365 
24 38 8 4 1 13 5.830951894845301 6.0 1.0719337455753497 
23 37 8 4 0 15 4.47213595499958 6.0 1.056207575981198 
23 36 8 5 1 13 2.8284271247461903 6.0 1.0599529909381062 
22 35 8 5 1 16 1.4142135623730951 6.0 1.0530605365097376 
21 33 9 6 0 12 5.0990195135927845 6.0 1.0503765393096876 
21 32 9 6 1 9 1.4142135623730951 6.0 1 
