140 140 0 0 14 14 16.0 16.0 1.0120760116373595 
138 138 0 0 17 17 16.0 14.142135623730951 1.0200874311181751 
134 137 0 0 16 19 13.038404810405298 16.0 1.0210753840870834 
132 136 0 0 16 19 13.038404810405298 16.0 1.0249642088234174 
130 135 0 0 16 22 13.038404810405298 16.0 1.0298199908155603 
128 134 0 0 16 26 13.038404810405298 16.0 1.0327542590408816 
126 132 0 0 14 28 13.038404810405298 16.0 1.0250124684098165 
125 131 0 0 14 20 13.038404810405298 16.0 1.03032889821632 
123 130 0 0 15 25 13.038404810405298 16.0 1.0303498939294198 
121 129 0 0 15 24 13.038404810405298 16.0 1.0279491990188456 
120 128 0 0 14 21 13.038404810405298 16.0 1.0303647570579233 
118 127 0 0 15 23 13.038404810405298 16.0 1.0308464005853837 
116 126 0 0 16 23 13.038404810405298 16.0 1.030820241146199 
115 125 0 0 15 22 12.0 16.0 1.0327951782255047 
113 124 0 0 16 24 13.038404810405298 16.0 1.0323098644971567 
111 123 0 0 17 23 13.038404810405298 16.0 1.030363684816347 
109 121 0 0 17 21 13.038404810405298 16.0 1.032318595041064 
107 120 0 0 17 22 13.038404810405298 16.0 1.031385034243151 
105 118 0 0 15 20 13.038404810405298 16.0 1.0341562492934908 
104 116 0 0 14 23 12.165525060596439 16.0 1.0368595477210134 
98 115 0 0 19 24 12.165525060596439 15.033296378372908 1.0386439098265252 
92 114 0 0 15 19 13.038404810405298 15.033296378372908 1.0435182251480597 
91 113 0 0 13 23 13.038404810405298 15.033296378372908 1.0415449171695548 
90 111 0 0 13 22 13.038404810405298 15.033296378372908 1.0405532939997584 
88 110 0 0 15 21 13.038404810405298 15.033296378372908 1.0420475564101146 
86 109 0 0 14 21 13.038404810405298 15.033296378372908 1.0420685521232145 
84 108 0 0 14 20 13.038404810405298 15.033296378372908 1.041601771724258 
83 107 0 0 13 19 13.038404810405298 15.033296378372908 1.0440715863587269 
79 106 0 0 14 19 13.038404810405298 15.033296378372908 1.0536464275076738 
78 105 1 0 17 18 13.038404810405298 15.033296378372908 1.075603691537512 
72 104 2 0 13 21 13.038404810405298 15.033296378372908 1.0731968640423424 
70 102 2 0 12 18 13.038404810405298 15.033296378372908 1.0940745065266386 
62 101 3 0 10 18 11.045361017187261 15.033296378372908 1.0935117284550757 
61 99 3 0 10 18 10.0 15.033296378372908 1.1030565668038719 
60 98 3 0 10 29 11.045361017187261 14.142135623730951 1.1112038028826496 
59 97 4 0 12 26 11.045361017187261 14.142135623730951 1.1142169936173498 
57 96 4 0 8 26 11.045361017187261 14.142135623730951 1.1083920423346751 
56 95 4 0 7 19 10.0 14.142135623730951 1.1064519952384617 
55 94 4 0 7 17 10.0 14.142135623730951 1.107900596021731 
53 93 4 0 8 18 10.0 14.142135623730951 1.1079215917348304 
51 92 4 0 8 17 10.0 14.142135623730951 1.1084217685916824 
50 91 4 0 7 17 10.0 14.142135623730951 1.1118228172159603 
49 90 4 0 6 20 10.0 14.142135623730951 1.1123229940728123 
48 89 4 0 5 20 10.0 14.142135623730951 1.1138232183983396 
47 87 4 0 5 23 9.055385138137417 13.038404810405298 1.1224582305891733 
45 86 5 0 8 20 9.055385138137417 13.038404810405298 1.1337717320109875 
43 84 6 0 7 19 9.055385138137417 12.649110640673518 1.1357451755650962 
42 83 6 0 5 20 9.055385138137417 12.649110640673518 1.1357847046075873 
41 82 6 0 3 19 9.055385138137417 12.649110640673518 1.1346486579095216 
40 81 6 0 4 18 8.246211251235321 12.649110640673518 1.1215673109826096 
39 80 6 1 5 18 7.0710678118654755 12.649110640673518 1.1224118228113071 
37 79 6 1 4 18 8.602325267042627 12.649110640673518 1.1224897111480354 
36 78 6 1 5 18 7.211102550927978 12.649110640673518 1.1249238025165045 
35 77 6 1 4 20 7.211102550927978 12.649110640673518 1.125884627187717 
34 76 6 1 4 21 7.211102550927978 12.649110640673518 1.126891113486017 
33 75 6 1 2 21 7.211102550927978 12.649110640673518 1.1288982181842102 
32 74 6 1 3 23 5.830951894845301 12.649110640673518 1.1250699182034674 
31 73 6 1 1 18 5.830951894845301 12.649110640673518 1.1236731895874312 
30 71 6 1 1 17 4.47213595499958 12.649110640673518 1.1250982661082873 
29 70 6 1 1 19 5.656854249492381 12.649110640673518 1.1236188668264344 
28 69 6 1 2 18 5.656854249492381 12.649110640673518 1.1332517703472642 
27 67 7 1 1 16 5.656854249492381 12.649110640673518 1.135878158477003 
26 66 7 1 0 18 4.242640687119285 12.083045973594572 1.1217625083128193 
26 65 7 2 1 18 3.1622776601683795 12.083045973594572 1.1212708225570416 
26 64 7 2 1 19 4.242640687119285 12.083045973594572 1.1187951147808097 
26 63 7 2 1 17 3.1622776601683795 12.083045973594572 1.116369514513415 
26 62 7 2 1 16 4.242640687119285 12.083045973594572 1.116794678504609 
26 61 7 2 1 17 3.1622776601683795 12.083045973594572 1.1143690782372142 
26 60 7 2 1 16 4.242640687119285 12.083045973594572 1.1147942422284083 
26 59 7 2 1 17 3.1622776601683795 12.083045973594572 1.1128448012302457 
26 58 7 2 1 17 4.242640687119285 11.40175425099138 1.1111669824860173 
24 57 7 2 1 16 8.246211251235321 11.40175425099138 1.1245494250107524 
23 56 8 2 0 16 6.324555320336759 11.40175425099138 1.1247958822462807 
23 55 8 2 1 17 4.47213595499958 11.40175425099138 1.1245237473931236 
22 54 8 2 1 17 5.0990195135927845 11.40175425099138 1.1370907835636705 
21 53 9 2 0 17 5.0990195135927845 11.40175425099138 1.1361808534408213 
21 52 9 2 1 16 1.4142135623730951 11.40175425099138 1 
