140 140 0 0 14 14 16.0 16.0 1.0813207908677707 
138 139 0 0 17 17 16.0 14.142135623730951 1.0827518699293253 
134 137 0 0 16 16 12.165525060596439 16.0 1.086307108335981 
132 135 0 0 16 20 12.165525060596439 16.0 1.0831879584868316 
130 131 0 0 16 20 13.038404810405298 16.0 1.0856690300815295 
128 130 0 0 16 22 14.0 16.0 1.0881645221667529 
126 126 0 0 14 27 14.0 16.0 1.0883880190674007 
124 125 0 0 16 27 14.0 16.0 1.0899244683344789 
122 124 0 0 15 28 14.0 16.0 1.0869814435208698 
120 123 0 0 16 25 14.0 16.0 1.0851196704581807 
118 122 0 0 17 23 14.0 16.0 1.084339149146412 
116 121 0 0 18 22 14.0 16.0 1.090123371878667 
114 120 0 0 18 27 14.0 16.0 1.0883388323544814 
112 119 0 0 18 25 14.0 16.0 1.0846560764608324 
110 117 0 0 18 23 14.0 15.033296378372908 1.0817264604564492 
108 116 0 0 18 20 15.033296378372908 15.033296378372908 1.0875106831887043 
106 115 0 0 18 25 15.033296378372908 15.033296378372908 1.088969898917279 
104 114 0 0 18 26 15.033296378372908 15.033296378372908 1.0895023299719402 
102 113 0 0 16 26 15.033296378372908 15.033296378372908 1.0924100087143456 
98 112 0 0 17 27 15.033296378372908 15.033296378372908 1.1032009983716196 
97 111 1 0 17 27 15.033296378372908 15.033296378372908 1.1111477246057146 
95 110 1 0 17 34 15.033296378372908 15.033296378372908 1.1191882115998 
89 109 2 0 18 28 15.033296378372908 15.033296378372908 1.1339029343206442 
83 105 3 0 14 31 15.033296378372908 15.033296378372908 1.130351528307875 
82 104 3 0 13 28 15.033296378372908 15.033296378372908 1.1212501491782425 
81 102 3 0 13 21 15.033296378372908 15.033296378372908 1.1206879196727577 
79 101 3 0 12 20 14.0 15.033296378372908 1.1188855424948656 
77 100 3 0 13 18 13.038404810405298 15.033296378372908 1.1208538718423637 
73 98 3 0 12 19 12.165525060596439 15.033296378372908 1.1183064840420112 
72 97 3 0 12 17 12.165525060596439 15.033296378372908 1.1230786454011636 
70 96 3 0 12 21 11.045361017187261 15.033296378372908 1.1258153074226365 
69 92 3 0 11 27 11.045361017187261 15.033296378372908 1.124475212699865 
65 91 3 0 11 24 11.045361017187261 15.033296378372908 1.1230863101889357 
64 90 3 0 10 23 11.045361017187261 15.033296378372908 1.125749694649858 
62 89 3 0 10 25 9.055385138137417 15.033296378372908 1.107908785929454 
60 88 3 1 11 21 9.055385138137417 15.033296378372908 1.112611756910789 
58 87 3 1 11 25 9.055385138137417 15.033296378372908 1.116694302263931 
57 86 3 1 10 29 8.0 15.033296378372908 1.1086620156370781 
53 85 3 1 10 20 11.313708498984761 15.033296378372908 1.1218960171998598 
49 84 4 1 8 20 11.313708498984761 15.033296378372908 1.120353298003547 
47 83 4 1 6 18 9.899494936611665 15.033296378372908 1.1199684137050345 
46 82 4 1 6 18 9.899494936611665 15.033296378372908 1.1195936491188854 
45 81 4 1 7 18 8.48528137423857 15.033296378372908 1.118204746607956 
44 80 4 1 6 17 8.48528137423857 15.033296378372908 1.121063617562204 
43 79 4 1 6 20 8.48528137423857 15.033296378372908 1.118120592748595 
41 78 4 1 7 17 8.48528137423857 15.033296378372908 1.1299928341567889 
40 77 5 1 7 18 8.48528137423857 15.033296378372908 1.1166313995170718 
38 76 5 2 6 18 8.48528137423857 15.033296378372908 1.129584892676186 
37 75 6 2 6 20 8.48528137423857 15.033296378372908 1.1277453391446717 
36 74 6 2 4 19 5.830951894845301 14.142135623730951 1.1262859010030408 
35 73 6 2 5 18 4.47213595499958 14.142135623730951 1.127059501993952 
34 72 6 2 4 19 4.47213595499958 14.142135623730951 1.124434880655096 
33 71 6 2 5 17 4.47213595499958 14.142135623730951 1.1213164870286558 
32 69 6 2 4 17 4.47213595499958 12.0 1.1317838289119373 
31 68 7 2 6 17 7.211102550927978 12.0 1.1293989239007682 
30 67 7 2 5 15 5.830951894845301 12.0 1.1280939528361444 
29 66 7 2 4 14 4.47213595499958 12.0 1.1278635356146385 
28 65 7 2 2 14 4.47213595499958 12.0 1.127482325204388 
27 64 7 2 3 14 3.1622776601683795 12.0 1.1143728132156647 
26 62 7 3 2 16 3.1622776601683795 12.0 1.112901235282629 
25 61 7 3 3 15 2.0 12.0 1.1118524669034846 
24 60 7 3 2 15 2.0 11.045361017187261 1.1076279214805638 
23 58 8 4 2 15 2.8284271247461903 11.045361017187261 1.1031424460894976 
22 56 8 4 0 12 5.0990195135927845 11.40175425099138 1.1020678498120227 
22 55 8 4 2 12 1.4142135623730951 11.40175425099138 1.1129053319901765 
21 54 9 4 0 12 3.1622776601683795 11.40175425099138 1.1108538567415414 
21 53 9 4 1 12 1.4142135623730951 10.198039027185569 1 
