140 140 0 0 14 14 16.0 16.0 1.0822170513121947 
138 139 0 0 17 19 16.0 14.142135623730951 1.0858755714485693 
134 137 0 0 16 20 12.165525060596439 16.0 1.0883139331487437 
132 135 0 0 16 23 13.038404810405298 16.0 1.0832275365675772 
130 133 0 0 16 19 13.038404810405298 16.0 1.0823442228504954 
128 129 0 0 16 21 13.038404810405298 16.0 1.0883200244145628 
126 128 0 0 14 26 13.038404810405298 16.0 1.0841444031674279 
124 127 0 0 16 22 14.142135623730951 16.0 1.0835383349428571 
122 126 0 0 15 21 14.142135623730951 16.0 1.0827687667556587 
120 125 0 0 16 20 14.142135623730951 16.0 1.092832731580667 
118 124 0 0 17 29 14.142135623730951 16.0 1.0844796902849234 
116 123 0 0 18 21 14.142135623730951 16.0 1.08595857868148 
114 122 0 0 18 22 14.142135623730951 16.0 1.0852707604755956 
112 121 0 0 18 21 14.142135623730951 16.0 1.0867496488721522 
110 120 0 0 18 22 14.142135623730951 16.0 1.089643668932896 
108 119 0 0 18 25 14.142135623730951 15.033296378372908 1.0899140943468837 
106 117 0 0 18 26 15.033296378372908 15.033296378372908 1.0886036231055136 
102 116 0 0 18 23 15.033296378372908 15.033296378372908 1.0922492181045116 
100 115 0 0 18 26 15.033296378372908 15.033296378372908 1.0910204968444555 
96 114 0 0 17 23 15.033296378372908 15.033296378372908 1.1048182206522184 
88 113 1 0 20 21 15.033296378372908 15.033296378372908 1.112419825764556 
84 112 1 0 17 26 15.033296378372908 15.033296378372908 1.1118955075212993 
82 111 1 0 15 25 15.033296378372908 15.033296378372908 1.1092044826756013 
80 110 1 0 13 22 15.033296378372908 15.033296378372908 1.1287403120706332 
79 109 2 0 17 31 15.033296378372908 14.142135623730951 1.1393457245592635 
73 105 3 0 12 30 14.142135623730951 14.142135623730951 1.1304659064239841 
72 104 3 0 10 22 14.142135623730951 14.142135623730951 1.1300989755815243 
71 103 3 0 10 22 14.0 14.142135623730951 1.1304774430248248 
69 102 3 0 11 22 13.038404810405298 14.142135623730951 1.1314089780240149 
65 100 3 0 10 22 12.165525060596439 14.142135623730951 1.1278503867861143 
64 98 3 0 9 20 11.40175425099138 14.142135623730951 1.1264722917780656 
63 97 3 0 8 19 11.40175425099138 14.142135623730951 1.1132989116501053 
62 95 3 1 8 21 11.40175425099138 14.142135623730951 1.1125293434629067 
60 94 3 1 9 20 11.40175425099138 14.142135623730951 1.1176513682621825 
59 93 3 1 8 25 11.40175425099138 14.142135623730951 1.114105785362096 
58 92 3 1 8 22 10.198039027185569 14.142135623730951 1.1191460601800578 
57 91 3 1 8 27 10.198039027185569 14.142135623730951 1.1027877853188341 
56 90 3 2 8 25 10.198039027185569 14.142135623730951 1.0919134565614281 
54 84 3 2 8 20 10.198039027185569 14.0 1.0905304729331686 
53 83 3 2 8 19 9.055385138137417 14.0 1.0902249724165294 
52 82 3 2 8 19 8.0 14.0 1.0855150675235046 
51 81 3 2 8 15 8.0 14.0 1.0883068857577112 
50 80 3 2 9 18 8.0 14.0 1.0890381708257222 
48 79 3 2 9 19 8.0 13.038404810405298 1.0982037339326174 
46 78 4 2 12 17 8.0 13.038404810405298 1.0969891388871973 
45 77 4 2 9 16 8.0 13.038404810405298 1.104886397109764 
43 76 4 2 10 23 8.0 13.038404810405298 1.1170036870708178 
39 74 5 2 9 23 7.0710678118654755 13.038404810405298 1.1139941033699787 
38 73 6 3 9 23 7.0710678118654755 13.038404810405298 1.1072809918371407 
37 72 6 3 7 17 7.0710678118654755 13.038404810405298 1.1069862501303127 
36 71 6 3 6 17 7.0710678118654755 13.038404810405298 1.1088582150259265 
35 70 6 3 5 19 7.0710678118654755 13.038404810405298 1.1096371227158117 
34 69 6 3 5 20 6.0 13.038404810405298 1.1067910897619544 
32 65 6 3 5 21 7.0710678118654755 12.0 1.1083517281398252 
30 64 6 3 4 22 7.0710678118654755 12.0 1.1149055577860576 
29 63 7 3 3 18 7.0710678118654755 12.0 1.114624194098036 
28 62 7 3 3 18 5.656854249492381 12.0 1.1114205506438317 
27 61 7 3 2 16 5.656854249492381 11.045361017187261 1.107768290817355 
26 59 7 3 2 15 3.1622776601683795 9.486832980505138 1.1073191278036851 
25 58 7 3 2 15 4.242640687119285 9.486832980505138 1.1170412673722656 
24 57 8 3 2 14 4.242640687119285 9.486832980505138 1.1168416536655579 
23 56 8 3 1 14 2.8284271247461903 9.486832980505138 1.116179777977056 
22 55 8 3 1 14 7.0710678118654755 9.486832980505138 1.127199671946606 
21 54 9 3 0 14 5.0990195135927845 9.486832980505138 1.1262172643757173 
21 53 9 3 1 14 1.4142135623730951 9.486832980505138 1 
