140 140 0 0 14 14 16.0 16.0 1.066088017985457 
138 139 0 0 17 19 16.0 14.142135623730951 1.0722694288426957 
134 137 0 0 16 22 12.0 16.0 1.0704898418237596 
132 135 0 0 16 21 13.038404810405298 16.0 1.0727805276413727 
130 133 0 0 16 24 13.038404810405298 16.0 1.0680158384739404 
128 129 0 0 16 22 13.038404810405298 16.0 1.0727003407177125 
126 128 0 0 14 26 14.142135623730951 16.0 1.0736260131672208 
124 127 0 0 16 27 14.142135623730951 16.0 1.0681471272543912 
122 123 0 0 15 24 14.142135623730951 16.0 1.0693310790125665 
120 122 0 0 16 25 14.142135623730951 16.0 1.0724599828788721 
118 121 0 0 17 28 14.142135623730951 16.0 1.0668366022585927 
116 120 0 0 18 22 14.142135623730951 16.0 1.0673063572713706 
114 119 0 0 18 22 14.142135623730951 16.0 1.063773037728504 
112 115 0 0 18 22 14.142135623730951 15.033296378372908 1.0621430479798823 
110 114 0 0 18 20 15.033296378372908 15.033296378372908 1.0646470720955703 
106 113 0 0 17 21 15.033296378372908 14.0 1.0577295559898676 
104 111 0 0 15 14 15.033296378372908 14.0 1.0593060450620828 
102 109 0 0 14 16 15.033296378372908 14.0 1.0614624728743236 
100 108 0 0 15 18 15.033296378372908 14.0 1.080405890612109 
92 107 1 0 14 20 15.033296378372908 14.0 1.0985744704238927 
84 106 2 0 16 22 15.033296378372908 14.0 1.1150753544032315 
78 105 3 0 12 22 13.341664064126334 14.0 1.116061668033344 
76 104 3 0 10 22 13.341664064126334 14.0 1.1140616240615901 
75 103 3 0 9 20 13.341664064126334 14.0 1.1399327946071558 
69 102 4 0 9 31 13.341664064126334 14.0 1.1350153224732071 
68 101 4 0 8 26 13.341664064126334 14.0 1.1278232730812163 
67 99 4 0 8 20 13.038404810405298 14.0 1.1303895974852625 
65 98 4 0 8 22 12.165525060596439 14.0 1.1397443022860236 
63 97 4 0 8 31 11.40175425099138 14.0 1.138378782254376 
61 96 4 0 8 29 10.770329614269007 14.0 1.1330961351920024 
59 95 4 0 8 23 10.295630140987 14.0 1.1329170220250837 
58 93 4 0 7 24 10.295630140987 14.0 1.129238593512934 
56 92 4 0 8 20 10.295630140987 14.0 1.131239160391841 
55 90 4 0 7 23 8.94427190999916 14.0 1.1283690130966513 
53 89 4 0 8 21 11.40175425099138 13.038404810405298 1.1283139212330275 
52 88 4 0 7 21 11.40175425099138 13.038404810405298 1.1278765287574415 
51 86 4 0 7 22 11.40175425099138 13.038404810405298 1.1265906815310855 
50 85 4 0 7 21 11.40175425099138 13.038404810405298 1.1249914631324383 
48 83 4 0 7 20 11.40175425099138 13.038404810405298 1.1279963456954492 
46 81 4 0 8 24 11.40175425099138 13.038404810405298 1.1289137298858902 
45 80 4 0 7 25 11.40175425099138 13.038404810405298 1.1235466258648705 
44 79 5 1 8 22 11.40175425099138 13.038404810405298 1.1168313561439047 
43 75 5 1 6 18 9.899494936611665 13.038404810405298 1.115803788226216 
42 74 5 1 5 17 9.899494936611665 13.038404810405298 1.1154904170539248 
41 73 5 1 5 17 9.899494936611665 13.038404810405298 1.1169326481207678 
39 72 5 1 5 18 9.899494936611665 13.038404810405298 1.1193473552416755 
37 71 5 1 5 20 9.899494936611665 13.038404810405298 1.1299603909614548 
35 70 6 1 3 18 9.899494936611665 13.038404810405298 1.129647019789164 
34 69 6 1 3 18 9.899494936611665 13.038404810405298 1.1411636021233371 
33 68 7 1 2 18 9.899494936611665 13.038404810405298 1.1415644276964436 
32 67 7 1 3 19 9.899494936611665 13.038404810405298 1.1398100294945124 
31 66 7 1 2 17 8.48528137423857 13.038404810405298 1.1402108550676189 
30 65 7 1 3 18 8.48528137423857 13.038404810405298 1.1404014089738177 
29 64 7 1 2 18 7.0710678118654755 13.038404810405298 1.1398297584928594 
28 63 7 1 3 18 7.0710678118654755 13.038404810405298 1.139047836344993 
27 62 7 1 2 17 5.656854249492381 13.038404810405298 1.138734465172702 
26 61 7 1 2 17 5.656854249492381 13.038404810405298 1.1379525430248356 
25 60 7 1 1 16 4.242640687119285 13.038404810405298 1.136832799558794 
24 59 7 1 1 16 4.47213595499958 12.0 1.1460221291728747 
23 57 8 1 1 15 4.47213595499958 12.0 1.1353258776073116 
22 56 8 2 0 18 5.0990195135927845 12.0 1.1343075087202716 
22 55 8 2 1 18 3.1622776601683795 12.0 1.1447275936970849 
21 53 9 2 0 18 3.1622776601683795 12.0 1.130102731021985 
21 51 9 3 1 19 1.4142135623730951 12.0 1 
