140 140 0 0 14 14 16.0 16.0 1.0818033918995387 
138 139 0 0 17 17 16.0 14.142135623730951 1.0821906119223994 
134 137 0 0 16 15 12.165525060596439 16.0 1.0868654990110087 
132 136 0 0 16 20 14.0 16.0 1.085999854388276 
130 134 0 0 16 20 14.0 16.0 1.0842072799991145 
128 132 0 0 16 19 14.0 16.0 1.0875772856517816 
126 131 0 0 14 22 14.0 16.0 1.0873909943131597 
124 130 0 0 16 22 14.0 16.0 1.0877863337435403 
122 129 0 0 15 22 14.0 16.0 1.0845925979375812 
120 125 0 0 16 22 14.0 16.0 1.0845876918225794 
118 124 0 0 17 22 14.142135623730951 16.0 1.084595277406958 
116 123 0 0 18 22 14.142135623730951 16.0 1.0820159506150524 
114 122 0 0 18 19 14.142135623730951 16.0 1.082217413122432 
112 121 0 0 18 19 14.142135623730951 16.0 1.0813517684996992 
110 119 0 0 18 19 14.142135623730951 16.0 1.0860477024755373 
108 117 0 0 18 25 14.142135623730951 16.0 1.0821500329448392 
104 116 0 0 17 19 14.142135623730951 16.0 1.0831382478549634 
102 114 0 0 17 21 14.142135623730951 16.0 1.0802248667763725 
100 112 0 0 18 19 14.142135623730951 16.0 1.0847156791184693 
98 111 0 0 15 23 14.142135623730951 16.0 1.0815182841861484 
94 107 0 0 13 21 14.142135623730951 16.0 1.0933389658384802 
90 106 1 0 14 20 14.142135623730951 16.0 1.0927612615274944 
86 105 1 0 15 18 14.142135623730951 16.0 1.1017070904917945 
84 103 2 0 14 16 14.142135623730951 16.0 1.102641605842602 
82 102 2 0 15 17 14.142135623730951 16.0 1.1041116379874742 
78 101 2 0 15 17 14.142135623730951 16.0 1.1047008543408556 
76 100 2 0 13 17 14.142135623730951 16.0 1.1072426982517756 
75 99 2 0 12 20 14.142135623730951 16.0 1.1173544023708704 
74 98 3 0 12 19 14.142135623730951 16.0 1.1206417908245982 
73 97 3 0 12 23 14.0 16.0 1.1212018433618702 
69 96 4 1 11 24 14.142135623730951 16.0 1.117652411677258 
67 94 4 1 11 21 13.038404810405298 16.0 1.1170182054292517 
65 93 4 1 11 20 12.0 16.0 1.1179000667303156 
64 92 4 1 9 21 12.0 16.0 1.1181854284241004 
62 91 4 1 9 21 11.045361017187261 16.0 1.118321181117167 
60 89 4 1 9 22 10.198039027185569 16.0 1.115416605373525 
58 88 4 1 11 19 9.486832980505138 16.0 1.1160058217269069 
56 87 4 1 9 19 9.486832980505138 16.0 1.1164539953130286 
54 86 4 1 9 20 9.486832980505138 15.033296378372908 1.1159959487253814 
52 82 4 1 10 23 10.0 15.033296378372908 1.116197411232761 
50 81 4 1 10 23 10.0 15.033296378372908 1.1242613788959974 
49 80 5 1 11 20 10.0 15.033296378372908 1.1237758943130685 
48 79 5 1 8 20 8.94427190999916 14.0 1.123006518296067 
47 78 5 1 6 20 9.486832980505138 13.038404810405298 1.1226750789439306 
46 76 5 1 5 21 8.94427190999916 13.038404810405298 1.1240961161654213 
45 75 5 1 5 23 8.94427190999916 13.038404810405298 1.1231565519652065 
44 74 5 1 4 23 8.602325267042627 12.0 1.1225298527308392 
43 73 5 1 5 23 8.602325267042627 12.0 1.1225461076754173 
42 72 5 1 4 24 8.602325267042627 11.045361017187261 1.1202569128989672 
41 71 5 1 5 23 8.602325267042627 10.0 1.120017967510602 
40 70 5 1 4 23 8.602325267042627 10.0 1.11680435589995 
39 69 5 1 4 20 8.602325267042627 10.0 1.1149054279017283 
38 68 5 1 2 18 8.602325267042627 10.0 1.1138182160987449 
37 67 5 1 2 18 8.48528137423857 9.055385138137417 1.1122645870979493 
36 66 5 1 3 17 8.48528137423857 9.055385138137417 1.1111448166406257 
35 65 5 1 2 16 7.0710678118654755 8.94427190999916 1.1151527662384009 
34 64 5 1 3 21 7.0710678118654755 8.94427190999916 1.1141111803378925 
33 63 5 1 2 20 5.656854249492381 8.94427190999916 1.099067800542558 
32 62 5 2 3 19 5.656854249492381 8.94427190999916 1.1081123975315401 
31 60 6 2 3 18 5.656854249492381 8.94427190999916 1.1078734521431743 
30 59 6 2 2 18 5.656854249492381 8.94427190999916 1.1056440509061618 
29 58 6 2 1 16 7.211102550927978 8.94427190999916 1.1052112285947955 
28 57 6 2 1 16 7.211102550927978 8.94427190999916 1.1163035620396355 
27 55 7 2 0 17 7.211102550927978 8.94427190999916 1.1133253147694548 
27 54 7 2 1 15 5.656854249492381 8.94427190999916 1.099527030917835 
26 53 7 3 1 15 4.242640687119285 8.94427190999916 1.0989546186457768 
25 52 7 3 1 15 5.830951894845301 8.94427190999916 1.1099932525312997 
24 51 8 3 1 15 5.830951894845301 8.94427190999916 1.0963839769397181 
23 50 8 4 0 15 4.47213595499958 8.94427190999916 1.094389940043177 
23 49 8 4 0 14 4.47213595499958 8.94427190999916 1.0919047144362526 
23 48 8 4 0 13 4.47213595499958 8.246211251235321 1.0952990101811328 
23 47 8 4 0 18 4.47213595499958 8.0 1.0933049732845916 
23 46 8 4 0 17 4.47213595499958 8.0 1.0768942558270833 
23 45 8 5 0 15 4.47213595499958 8.0 1.072899116164073 
23 41 8 5 0 16 4.47213595499958 7.0710678118654755 1.0728574739090868 
23 40 8 5 0 17 4.47213595499958 7.211102550927978 1.0680826477132603 
23 39 8 5 0 13 4.47213595499958 7.211102550927978 1.0660886108167191 
23 38 8 5 0 12 4.47213595499958 7.211102550927978 1.0634707570850348 
23 37 8 5 0 11 4.47213595499958 6.324555320336759 1.060202467554111 
23 36 8 5 0 9 4.47213595499958 5.830951894845301 1.05820843065757 
23 35 8 5 0 8 4.47213595499958 5.830951894845301 1.057945749902772 
23 34 8 5 0 9 4.47213595499958 5.656854249492381 1.0568786427726593 
23 33 8 5 0 9 4.47213595499958 5.656854249492381 1.054050981686109 
23 32 8 5 0 8 4.47213595499958 4.47213595499958 1.0548377340888535 
23 31 8 5 0 10 4.47213595499958 4.47213595499958 1.0499519283440373 
23 29 8 5 0 6 4.47213595499958 5.830951894845301 1.0316873513536722 
23 28 8 6 0 2 4.47213595499958 5.830951894845301 1.0306202442235597 
23 27 8 6 0 2 4.47213595499958 5.830951894845301 1.029553137093447 
23 26 8 6 0 2 4.47213595499958 5.830951894845301 1.014069349402367 
23 25 8 7 0 1 4.47213595499958 5.830951894845301 0.9995124914777158 
23 24 8 8 0 1 4.47213595499958 5.830951894845301 0.9978657774491291 
23 23 8 8 0 0 4.47213595499958 6.324555320336759 1.0161303544394942 
23 24 8 7 0 4 4.47213595499958 6.324555320336759 0.9968632547507155 
23 22 8 8 0 1 4.47213595499958 5.0990195135927845 0.9813794670596356 
23 21 8 9 0 0 4.47213595499958 5.0990195135927845 0.9800166832938042 
23 21 8 9 0 0 4.47213595499958 3.1622776601683795 0.9813794670596356 
23 21 8 9 0 0 4.47213595499958 5.0990195135927845 0.9797135919451853 
23 21 8 9 0 1 4.47213595499958 1.4142135623730951 -1 
