140 140 0 0 14 14 16.0 16.0 1.075233668511864 
138 138 0 0 17 17 16.0 14.142135623730951 1.084732650333744 
134 137 0 0 16 22 13.038404810405298 16.0 1.0829527656693623 
132 136 0 0 16 20 13.038404810405298 16.0 1.086861839548477 
130 135 0 0 16 23 13.038404810405298 16.0 1.0831333748662915 
128 133 0 0 16 21 13.341664064126334 15.033296378372908 1.0824209631830015 
126 131 0 0 14 21 15.033296378372908 15.033296378372908 1.0840174279210808 
124 130 0 0 16 22 15.033296378372908 15.033296378372908 1.087945014662014 
122 129 0 0 15 25 15.033296378372908 15.033296378372908 1.0829822494498373 
120 125 0 0 16 24 15.033296378372908 14.0 1.090286185593232 
118 124 0 0 17 30 15.033296378372908 14.0 1.0827787078512265 
116 122 0 0 18 24 15.033296378372908 14.0 1.086667660058033 
114 120 0 0 18 28 15.033296378372908 14.0 1.0826121919762524 
112 119 0 0 18 24 15.033296378372908 14.0 1.076220775460148 
110 115 0 0 18 21 15.033296378372908 14.0 1.0761685483457124 
108 113 0 0 18 22 15.033296378372908 13.341664064126334 1.0778020388074288 
106 112 0 0 18 23 15.033296378372908 13.341664064126334 1.1011186492832172 
98 110 1 0 17 30 15.033296378372908 13.341664064126334 1.0961964706667016 
94 108 1 0 16 25 15.033296378372908 13.038404810405298 1.092141002584921 
92 107 1 0 16 21 15.033296378372908 13.038404810405298 1.109272955764196 
86 106 2 0 15 23 15.033296378372908 13.038404810405298 1.1086292539980236 
84 104 2 0 14 23 15.033296378372908 13.038404810405298 1.1137131453094744 
82 103 2 0 12 27 15.033296378372908 13.038404810405298 1.1145198297041783 
81 102 2 0 12 28 15.033296378372908 13.038404810405298 1.1093798480290589 
79 101 2 0 12 23 14.0 13.038404810405298 1.1099251278901816 
77 100 2 0 12 23 13.038404810405298 13.038404810405298 1.1093280417582712 
75 99 2 0 12 22 12.165525060596439 13.038404810405298 1.1086674359407704 
73 98 2 0 13 21 12.165525060596439 13.038404810405298 1.1227476119082278 
72 97 3 0 15 24 12.165525060596439 13.038404810405298 1.140950586961986 
62 96 4 0 14 24 11.40175425099138 13.038404810405298 1.1345961961695186 
60 92 4 0 12 21 11.40175425099138 13.038404810405298 1.150534819054639 
54 91 5 0 14 22 11.40175425099138 13.038404810405298 1.153405192083049 
52 90 5 0 12 24 10.198039027185569 13.038404810405298 1.1527950929252868 
50 89 5 0 10 23 10.295630140987 13.038404810405298 1.1521715128314227 
48 88 5 0 9 22 10.295630140987 13.038404810405298 1.1549042746550153 
46 87 5 0 8 24 11.40175425099138 13.038404810405298 1.152393555244337 
45 86 5 0 7 22 9.899494936611665 13.038404810405298 1.150699067209823 
43 85 5 0 6 20 8.602325267042627 13.038404810405298 1.1503864727576458 
42 84 5 0 5 20 8.602325267042627 13.038404810405298 1.1622079693590333 
41 82 6 0 5 22 8.602325267042627 13.038404810405298 1.1615473635415323 
39 81 6 0 6 21 8.602325267042627 13.038404810405298 1.1613065023557372 
38 80 6 0 5 21 7.211102550927978 13.038404810405298 1.1481643937004749 
37 79 6 1 4 22 7.211102550927978 13.038404810405298 1.1570491321438712 
36 78 7 1 3 21 7.211102550927978 12.165525060596439 1.1567180248298756 
35 77 7 1 3 21 7.211102550927978 12.165525060596439 1.1541454707513017 
34 76 7 1 5 19 5.830951894845301 12.165525060596439 1.154047348426166 
32 75 7 1 4 19 5.830951894845301 11.40175425099138 1.157079770233846 
28 74 7 1 4 20 10.770329614269007 11.40175425099138 1.1701903598680823 
27 73 8 1 2 22 8.94427190999916 11.40175425099138 1.1722033351107686 
26 72 8 1 2 24 7.615773105863909 11.40175425099138 1.1719642555173464 
25 71 8 1 2 24 5.830951894845301 11.40175425099138 1.1716331482033513 
24 70 8 1 2 24 5.830951894845301 11.40175425099138 1.1789421125040682 
23 69 9 1 1 21 5.830951894845301 11.40175425099138 1.177543275811903 
22 68 9 1 1 20 4.47213595499958 11.40175425099138 1.1786087545341968 
21 67 9 1 0 22 3.1622776601683795 10.198039027185569 1.1763846690583184 
21 66 9 1 1 21 1.4142135623730951 10.198039027185569 1 
