140 140 0 0 14 14 16.0 16.0 0.9811235771209876 
138 138 0 0 17 17 16.0 14.142135623730951 0.9893793063407124 
134 136 0 0 16 21 13.038404810405298 16.0 0.991158941608438 
132 135 0 0 16 22 13.038404810405298 16.0 0.9931554110362929 
130 134 0 0 16 24 14.142135623730951 16.0 0.9934184567443491 
128 133 0 0 16 23 14.142135623730951 16.0 0.9957114382631473 
126 131 0 0 14 24 14.142135623730951 16.0 0.9974580751953099 
125 130 0 0 14 26 14.0 16.0 0.9971716902130582 
123 128 0 0 15 26 14.0 16.0 0.9989513254807837 
121 127 0 0 15 27 14.0 16.0 1.0004769636301003 
120 126 0 0 14 28 14.0 16.0 1.0018673105819673 
119 125 0 0 14 29 13.038404810405298 16.0 1.0000067428232824 
117 124 0 0 15 26 13.038404810405298 16.0 0.9993326811479071 
115 123 0 0 16 24 12.165525060596439 16.0 0.9975539777852481 
113 121 0 0 16 22 12.165525060596439 15.033296378372908 1.0017873099960746 
111 120 0 0 15 26 13.038404810405298 15.033296378372908 1.001443331797059 
109 119 0 0 16 25 13.038404810405298 15.033296378372908 1.0032229670647848 
107 118 0 0 16 26 13.038404810405298 15.033296378372908 1.0028631162928225 
105 117 0 0 16 25 13.038404810405298 14.0 1.0045764245723277 
103 115 0 0 14 26 13.038404810405298 13.038404810405298 1.0052225485549764 
102 113 0 0 14 27 12.165525060596439 13.038404810405298 1.007760478602537 
100 112 0 0 14 29 12.165525060596439 13.038404810405298 1.0062555026336506 
98 108 0 0 15 29 12.165525060596439 13.341664064126334 1.0114792220033002 
92 107 0 0 15 30 12.165525060596439 13.341664064126334 1.03129550500039 
86 106 1 0 15 34 12.165525060596439 13.341664064126334 1.0396998010913128 
84 102 2 0 16 32 12.165525060596439 12.165525060596439 1.0424431836301657 
80 101 2 0 16 32 12.165525060596439 12.165525060596439 1.0494337931025008 
76 100 2 0 14 36 12.165525060596439 12.165525060596439 1.0511163391159932 
72 99 2 0 12 33 12.165525060596439 12.165525060596439 1.0489080965828999 
71 97 2 0 11 30 12.165525060596439 12.165525060596439 1.052499846611815 
70 96 2 0 10 33 11.045361017187261 12.165525060596439 1.050234010861958 
69 95 2 0 9 29 11.045361017187261 12.165525060596439 1.0529232117822813 
67 94 2 0 10 32 11.045361017187261 12.165525060596439 1.048787759684092 
65 93 2 0 11 26 11.045361017187261 12.165525060596439 1.0522942687352541 
63 92 2 0 9 27 10.0 12.165525060596439 1.048765840544137 
61 91 2 0 9 21 10.0 12.165525060596439 1.0507548813114755 
60 90 2 0 8 22 9.055385138137417 12.165525060596439 1.0519274926721296 
58 89 2 0 9 23 9.055385138137417 12.165525060596439 1.0514322436003511 
56 88 2 0 9 21 9.055385138137417 12.165525060596439 1.05552428337494 
55 87 2 0 8 25 9.055385138137417 12.649110640673518 1.0559302908869639 
54 86 2 0 7 24 8.246211251235321 12.649110640673518 1.0589725185959495 
53 85 2 0 6 27 8.246211251235321 12.649110640673518 1.0509338449546965 
52 81 2 0 7 19 7.0710678118654755 12.649110640673518 1.052864751095185 
50 80 2 0 8 21 7.0710678118654755 12.649110640673518 1.0661010446253658 
49 79 3 0 8 22 7.0710678118654755 12.649110640673518 1.0652005275624155 
48 78 3 0 6 19 7.0710678118654755 12.649110640673518 1.0685452970169271 
47 77 3 0 7 24 7.0710678118654755 12.649110640673518 1.070980500818841 
46 76 3 0 7 27 7.0710678118654755 12.649110640673518 1.0724256534524237 
44 74 3 0 7 28 6.324555320336759 12.649110640673518 1.083931396237097 
42 72 4 0 7 28 6.324555320336759 10.770329614269007 1.0841944419451532 
40 71 4 0 7 27 6.324555320336759 10.770329614269007 1.081523338204124 
40 70 4 0 4 22 6.324555320336759 10.770329614269007 1.079315095671031 
39 68 4 0 3 19 6.324555320336759 10.770329614269007 1.0910347996415426 
38 67 5 0 3 18 6.324555320336759 10.770329614269007 1.0874612384215427 
37 65 5 0 3 14 6.324555320336759 10.770329614269007 1.0888873898777358 
36 63 5 0 2 15 5.0990195135927845 10.770329614269007 1.0780079564798823 
36 61 5 1 1 19 5.830951894845301 10.770329614269007 1.0755427077694575 
36 60 5 1 2 17 5.0990195135927845 10.770329614269007 1.0758482585739055 
36 59 5 1 1 18 5.830951894845301 10.770329614269007 1.058521738195533 
36 55 5 2 2 16 5.0990195135927845 10.770329614269007 1.0555655425754464 
36 53 5 2 1 14 5.830951894845301 10.295630140987 1.0418577164459564 
36 52 5 3 2 14 5.0990195135927845 10.295630140987 1.0414049724705696 
36 51 5 3 1 14 5.830951894845301 10.295630140987 1.0404563133198144 
36 50 5 3 2 14 5.0990195135927845 10.295630140987 1.0407618641242622 
36 49 5 3 1 15 5.830951894845301 10.295630140987 1.0405714997533417 
36 48 5 3 2 16 5.0990195135927845 10.295630140987 1.0374742087060356 
36 46 5 3 1 16 5.830951894845301 7.0710678118654755 1.038858027111548 
36 44 5 3 2 20 5.0990195135927845 7.0710678118654755 1.038157325548477 
36 43 5 3 2 20 5.0990195135927845 7.0710678118654755 1.0224225726671672 
36 42 5 4 2 17 5.0990195135927845 7.0710678118654755 1.021721871104096 
36 41 5 4 2 17 5.0990195135927845 7.0710678118654755 1.0195045799813558 
36 40 5 4 2 15 5.0990195135927845 7.0710678118654755 1.0172872888586155 
36 39 5 4 2 13 5.0990195135927845 7.0710678118654755 1.0045857150966442 
36 38 5 5 2 14 5.0990195135927845 7.0710678118654755 1.0038850135335733 
36 37 5 5 2 14 5.0990195135927845 7.0710678118654755 1.0031843119705022 
36 36 5 5 2 14 5.0990195135927845 7.0710678118654755 0.9875071523059561 
36 34 5 6 2 12 5.0990195135927845 7.0710678118654755 0.9845315664033809 
36 33 5 6 2 9 5.0990195135927845 7.0710678118654755 0.9826225539634527 
36 32 5 6 2 8 5.0990195135927845 6.324555320336759 0.9699209802014815 
36 31 5 7 2 9 5.0990195135927845 6.324555320336759 0.9532898758246704 
36 29 5 8 2 6 5.0990195135927845 6.0 0.9505294514970773 
36 28 5 8 2 4 5.0990195135927845 5.0990195135927845 0.9494508491010971 
36 27 5 8 2 4 5.0990195135927845 4.47213595499958 0.9479605327302612 
36 26 5 8 2 4 5.0990195135927845 3.1622776601683795 0.947911100580995 
36 25 5 8 2 4 5.0990195135927845 4.242640687119285 0.9456938094582548 
36 24 5 8 2 2 5.0990195135927845 4.242640687119285 0.9443731585093093 
36 23 5 8 2 1 5.0990195135927845 4.47213595499958 0.9421245473586384 
36 22 5 8 2 0 5.0990195135927845 3.1622776601683795 0.9598753380459065 
36 24 5 7 2 5 5.0990195135927845 2.8284271247461903 0.9421245473586384 
36 22 5 8 2 0 5.0990195135927845 3.1622776601683795 0.9454898424795012 
36 23 5 8 2 1 5.0990195135927845 6.324555320336759 0.9421245473586384 
36 22 5 8 2 0 5.0990195135927845 3.1622776601683795 0.9448988799444312 
36 23 5 8 2 3 5.0990195135927845 2.8284271247461903 0.9418290660911034 
36 22 5 8 2 1 5.0990195135927845 1.4142135623730951 0.9310209936918123 
36 21 5 9 2 0 5.0990195135927845 7.0710678118654755 0.93278826871753 
36 22 5 9 2 2 5.0990195135927845 6.324555320336759 0.9310209936918123 
36 21 5 9 2 0 5.0990195135927845 7.0710678118654755 0.93278826871753 
36 22 5 9 2 2 5.0990195135927845 6.324555320336759 0.9310209936918123 
36 21 5 9 2 0 5.0990195135927845 7.0710678118654755 0.9337505304761184 
36 23 5 9 2 4 5.0990195135927845 4.242640687119285 0.9283691975492977 
36 21 5 9 2 1 5.0990195135927845 1.4142135623730951 -1 
