140 140 0 0 14 14 16.0 16.0 1.0796667129855544 
138 139 0 0 17 17 16.0 14.142135623730951 1.084225841810465 
134 137 0 0 16 19 12.165525060596439 16.0 1.0864732876669148 
132 136 0 0 16 21 13.341664064126334 16.0 1.0867977445113564 
130 135 0 0 16 21 13.341664064126334 16.0 1.0839769620367 
128 133 0 0 16 19 13.341664064126334 16.0 1.087637857325424 
126 132 0 0 14 22 13.341664064126334 16.0 1.0845236475274018 
124 130 0 0 16 20 13.341664064126334 16.0 1.083921324483371 
122 129 0 0 15 19 14.0 16.0 1.0840990676661295 
120 128 0 0 16 19 14.0 16.0 1.0862032567313187 
118 126 0 0 17 22 14.0 16.0 1.0862787717158962 
116 124 0 0 18 23 14.0 16.0 1.0876175656006433 
114 123 0 0 18 24 14.0 16.0 1.0837824460856813 
112 121 0 0 18 21 14.0 16.0 1.0833835026704164 
110 120 0 0 18 21 14.0 15.033296378372908 1.0836151099466453 
108 119 0 0 18 21 15.033296378372908 15.033296378372908 1.085968240871698 
106 118 0 0 18 23 15.033296378372908 15.033296378372908 1.0862926977161393 
104 117 0 0 18 23 15.033296378372908 15.033296378372908 1.0858962448436407 
102 116 0 0 16 22 15.033296378372908 15.033296378372908 1.0915334912123116 
100 115 0 0 16 28 15.033296378372908 14.0 1.084464161451248 
98 114 0 0 18 21 15.033296378372908 14.0 1.090153730820583 
96 113 0 0 16 26 15.033296378372908 14.0 1.1057105716388957 
90 112 1 0 16 27 15.033296378372908 14.0 1.109078039604254 
88 111 1 0 16 30 15.033296378372908 14.0 1.105918546991778 
84 110 1 0 15 25 15.033296378372908 14.0 1.1232379451276644 
83 109 2 0 13 31 15.033296378372908 14.0 1.1165958977559478 
82 105 2 0 12 28 15.033296378372908 14.0 1.1121203447968193 
81 103 2 0 12 25 14.142135623730951 14.0 1.1098423301808682 
80 102 2 0 11 23 14.142135623730951 14.0 1.1094590479547604 
79 101 2 0 11 23 14.0 14.0 1.1072535853899113 
75 100 2 0 11 19 13.038404810405298 14.0 1.123398078205907 
71 99 3 0 11 22 13.038404810405298 14.0 1.1425713288494415 
63 98 4 0 10 25 13.038404810405298 14.0 1.1373287380220218 
62 97 4 0 9 20 12.165525060596439 14.0 1.1363598199508966 
61 96 4 0 8 20 12.165525060596439 13.038404810405298 1.1233301173370553 
60 95 4 1 8 21 12.165525060596439 13.038404810405298 1.1224935234795084 
58 94 4 1 9 20 12.165525060596439 13.038404810405298 1.1221981245735857 
57 93 4 1 9 20 11.045361017187261 13.038404810405298 1.120812447007514 
56 92 4 1 9 19 10.770329614269007 13.038404810405298 1.1194534804485403 
55 91 4 1 9 18 10.198039027185569 13.038404810405298 1.1248408531878837 
53 90 4 1 9 23 10.295630140987 13.038404810405298 1.121548501531627 
52 89 4 1 8 20 10.295630140987 13.038404810405298 1.1204992570252092 
51 88 4 1 8 20 10.295630140987 12.165525060596439 1.1309986659353715 
49 87 5 1 9 19 10.295630140987 12.165525060596439 1.1317636624403375 
48 86 5 1 8 20 10.295630140987 12.165525060596439 1.129045108163862 
46 85 5 1 8 17 10.295630140987 12.165525060596439 1.1286756185919709 
45 84 5 1 8 17 10.0 12.165525060596439 1.129682193987375 
44 83 5 1 6 18 8.94427190999916 12.165525060596439 1.1292861397903524 
43 82 5 1 6 18 8.94427190999916 12.165525060596439 1.1400793746993567 
42 81 6 1 7 18 8.94427190999916 12.165525060596439 1.1408439725288464 
40 80 6 1 4 18 8.94427190999916 12.165525060596439 1.139286867629835 
39 79 6 1 5 17 8.94427190999916 12.165525060596439 1.1390375270944952 
38 78 6 1 4 17 8.94427190999916 12.165525060596439 1.1413906580195479 
36 77 6 1 4 19 8.94427190999916 12.165525060596439 1.1405953079657645 
34 76 6 1 5 18 8.48528137423857 12.165525060596439 1.1415544622025575 
33 75 6 1 4 19 6.324555320336759 12.165525060596439 1.1401440709652293 
32 74 6 1 4 18 6.324555320336759 12.165525060596439 1.1375827477404747 
31 73 7 2 3 18 6.324555320336759 12.165525060596439 1.1370399798817692 
30 72 7 2 4 18 6.324555320336759 12.165525060596439 1.1367928944358294 
28 71 7 2 4 18 6.324555320336759 11.40175425099138 1.1476128617348984 
27 70 8 2 3 18 6.324555320336759 11.045361017187261 1.145611277309649 
26 69 8 2 2 17 5.830951894845301 10.0 1.1500249969579956 
25 68 8 2 2 22 4.47213595499958 9.486832980505138 1.147528582970394 
23 67 8 2 2 19 2.0 9.486832980505138 1.1473318798186127 
22 66 8 2 1 19 1.4142135623730951 9.486832980505138 1.1549421947858216 
21 64 9 2 0 17 5.0990195135927845 9.486832980505138 1.1540100238317152 
21 63 9 2 1 17 1.4142135623730951 9.486832980505138 1 
