140 140 0 0 14 14 16.0 16.0 1.094151569009249 
138 139 0 0 17 19 16.0 14.142135623730951 1.1001526939352042 
134 137 0 0 16 22 12.165525060596439 16.0 1.0949412865881119 
132 136 0 0 21 17 13.038404810405298 16.0 1.10294208457269 
128 134 0 0 22 23 14.0 16.0 1.101295311144542 
124 132 0 0 22 21 14.0 16.0 1.1080486309303943 
120 130 0 0 22 26 14.0 16.0 1.1237073052772788 
112 128 1 0 18 27 13.038404810405298 16.0 1.121970374596441 
108 126 1 0 17 25 13.038404810405298 16.0 1.1091464701636229 
106 120 1 0 18 19 14.142135623730951 16.0 1.1108049595388734 
104 118 1 0 19 21 14.142135623730951 16.0 1.1110831210924579 
102 116 1 0 18 22 14.142135623730951 16.0 1.109051413266161 
100 114 1 0 18 21 14.142135623730951 16.0 1.1117379092482544 
98 113 1 0 17 23 14.142135623730951 16.0 1.1129745618994535 
92 112 1 0 18 21 14.142135623730951 16.0 1.1247023342512408 
91 111 2 0 19 22 14.142135623730951 16.0 1.1383692645852856 
89 110 2 0 20 33 14.142135623730951 16.0 1.1400235390824172 
85 109 3 0 16 24 14.142135623730951 16.0 1.134465332968079 
83 105 3 0 17 22 14.142135623730951 16.0 1.1297714345470775 
81 104 3 0 14 18 14.142135623730951 16.0 1.1392271975526984 
77 103 3 0 13 25 14.142135623730951 15.033296378372908 1.1533071234798737 
76 101 4 0 14 29 15.033296378372908 15.033296378372908 1.1573739472836326 
74 100 4 0 15 32 15.033296378372908 15.033296378372908 1.166598679556148 
72 99 4 0 15 40 15.033296378372908 14.142135623730951 1.1513751330466453 
70 98 4 0 15 27 15.033296378372908 14.142135623730951 1.1514515048176455 
68 97 4 0 13 27 15.033296378372908 14.0 1.1410054140105936 
67 91 4 0 22 23 15.033296378372908 14.0 1.1608737604333548 
59 90 5 0 11 27 13.341664064126334 14.0 1.1592713637983245 
58 89 5 0 11 26 13.038404810405298 14.0 1.1624633972666452 
54 87 5 0 11 28 12.165525060596439 14.0 1.1600081523898285 
53 86 5 0 15 26 12.165525060596439 14.0 1.158303834892316 
47 85 5 0 10 22 12.165525060596439 14.0 1.1711414633076989 
46 84 6 0 10 24 12.165525060596439 14.0 1.1618930599918134 
44 80 6 0 10 19 12.165525060596439 14.0 1.161657527242188 
43 79 6 0 12 19 12.165525060596439 14.0 1.1630538526553054 
41 78 6 0 10 20 12.165525060596439 14.0 1.1603281360204183 
40 77 6 0 11 18 12.165525060596439 14.0 1.171197582649687 
38 76 7 0 7 18 12.165525060596439 14.0 1.1674131609507272 
37 75 8 1 6 18 12.165525060596439 14.0 1.1505068454604643 
36 73 8 2 6 17 11.045361017187261 14.0 1.147381077361273 
35 71 8 2 6 17 10.0 12.165525060596439 1.1480158822096702 
33 70 8 2 8 17 8.246211251235321 12.165525060596439 1.1347863291379081 
32 69 8 3 9 18 7.615773105863909 12.165525060596439 1.134296953279336 
30 68 8 3 9 18 5.830951894845301 11.045361017187261 1.132125734671775 
28 67 8 3 7 16 5.0990195135927845 11.045361017187261 1.1332291661503426 
27 66 8 3 10 17 4.0 11.045361017187261 1.1453317991485796 
23 65 9 3 3 17 5.830951894845301 11.045361017187261 1.144004000736185 
22 64 9 3 2 17 4.47213595499958 10.0 1.1422659800220798 
21 63 9 3 0 16 3.1622776601683795 10.0 1.1412254257434715 
21 62 9 3 1 16 1.4142135623730951 10.0 1 
