140 140 0 0 14 14 16.0 16.0 1.0000946712490624 
138 138 0 0 17 17 16.0 14.142135623730951 1.0049580670661995 
134 137 0 0 16 17 13.038404810405298 16.0 1.007597880882127 
133 135 0 0 15 22 14.0 16.0 1.006963116925321 
131 134 0 0 16 21 14.0 16.0 1.0082000998255987 
129 133 0 0 16 22 14.0 16.0 1.0081862359134892 
127 132 0 0 16 21 14.0 16.0 1.0094141720907732 
125 131 0 0 14 20 14.0 16.0 1.0081547106812017 
123 129 0 0 15 19 14.0 16.0 1.0125195365658737 
121 127 0 0 15 26 14.0 16.0 1.0131338676312296 
120 126 0 0 14 26 14.0 16.0 1.0104771184485517 
119 125 0 0 14 21 13.038404810405298 16.0 1.0117193506637536 
117 123 0 0 15 24 13.038404810405298 16.0 1.0110828349167227 
116 122 0 0 14 22 13.038404810405298 16.0 1.0121318530690695 
114 121 0 0 15 23 12.165525060596439 16.0 1.01212148668166 
113 119 0 0 14 23 12.165525060596439 16.0 1.012119441063816 
112 118 0 0 15 24 12.165525060596439 16.0 1.0128774878454516 
111 117 0 0 14 25 12.165525060596439 15.033296378372908 1.0106767693077798 
110 116 0 0 15 24 13.038404810405298 14.0 1.0106664029203702 
109 114 0 0 14 24 13.038404810405298 14.0 1.0108033236138891 
107 113 0 0 15 25 13.038404810405298 13.038404810405298 1.0114131313177483 
106 112 0 0 13 24 13.038404810405298 13.038404810405298 1.0076607231230275 
105 108 0 0 14 22 13.038404810405298 13.038404810405298 1.0070287307374934 
104 107 0 0 14 21 13.038404810405298 13.038404810405298 1.0114211250774523 
94 106 1 0 36 21 13.038404810405298 13.038404810405298 1.0250743570814393 
93 105 1 0 14 21 13.038404810405298 13.038404810405298 1.0244423646959053 
92 104 1 0 14 20 13.038404810405298 13.038404810405298 1.0230707613403196 
91 102 1 0 13 17 12.0 13.038404810405298 1.0222913555632263 
90 101 1 0 14 16 11.045361017187261 13.038404810405298 1.0229029150573103 
88 100 1 0 14 16 11.045361017187261 13.038404810405298 1.024149964461628 
88 99 1 0 13 18 11.045361017187261 13.038404810405298 1.0235103833157062 
84 97 1 0 16 18 11.045361017187261 13.038404810405298 1.0422463615073352 
82 96 2 0 16 27 11.045361017187261 13.038404810405298 1.0540835690038028 
78 95 3 0 15 22 11.045361017187261 13.038404810405298 1.0546805386323497 
74 94 3 0 15 20 11.045361017187261 13.038404810405298 1.056106237823669 
73 93 3 0 13 21 11.045361017187261 12.165525060596439 1.062974802950959 
72 92 3 0 12 31 11.045361017187261 12.165525060596439 1.0502611446986458 
71 91 3 1 12 30 10.198039027185569 12.165525060596439 1.0514981275989232 
69 90 3 1 12 31 10.198039027185569 12.165525060596439 1.044608235985826 
67 84 3 1 12 24 10.198039027185569 12.165525060596439 1.0458361721631102 
65 83 3 1 10 23 10.198039027185569 12.165525060596439 1.0458296031837695 
64 82 3 1 10 23 10.198039027185569 12.165525060596439 1.0464484576106219 
63 81 3 1 10 24 10.198039027185569 12.165525060596439 1.0471610130706033 
62 80 3 1 9 24 10.0 12.165525060596439 1.0486428329552513 
60 79 3 1 9 26 10.0 11.40175425099138 1.0486226521878965 
58 78 4 2 9 25 10.0 11.40175425099138 1.051981381747947 
56 77 4 2 7 27 9.486832980505138 11.40175425099138 1.0507312608889883 
56 76 4 2 7 26 9.486832980505138 11.40175425099138 1.0494811400300292 
56 75 4 2 7 25 9.486832980505138 11.40175425099138 1.0463481799731493 
55 73 4 2 7 21 9.486832980505138 11.40175425099138 1.0457161875876153 
54 72 4 2 7 20 9.486832980505138 11.40175425099138 1.0457068470370026 
52 71 4 2 8 20 9.486832980505138 11.40175425099138 1.0457002780576619 
51 70 4 2 8 20 9.486832980505138 11.40175425099138 1.0488163027477913 
50 69 4 2 7 24 9.486832980505138 11.40175425099138 1.0594562117606547 
49 68 5 2 13 27 9.486832980505138 11.40175425099138 1.0593950746714846 
43 67 5 2 9 18 9.486832980505138 11.40175425099138 1.0694170798447709 
42 66 6 2 11 17 9.486832980505138 10.198039027185569 1.0721126260806442 
41 65 6 2 8 18 9.055385138137417 10.198039027185569 1.073871312429614 
40 64 6 2 6 18 8.0 10.198039027185569 1.07448564349497 
39 63 6 2 5 18 8.0 10.198039027185569 1.0863492591512403 
38 62 7 2 5 17 8.0 10.198039027185569 1.0861734798717855 
37 61 7 2 4 15 7.0710678118654755 10.198039027185569 1.084916064080058 
36 60 7 2 4 13 7.0710678118654755 10.198039027185569 1.084284071694524 
35 59 7 2 4 12 7.0710678118654755 10.198039027185569 1.0848991287133078 
34 57 7 2 3 13 7.0710678118654755 10.198039027185569 1.084890514116123 
32 55 7 2 4 14 7.0710678118654755 10.198039027185569 1.0729087304886935 
31 54 7 3 3 13 6.0 10.198039027185569 1.0736571876460528 
29 53 7 3 4 13 4.47213595499958 10.198039027185569 1.06114941972309 
28 51 7 4 4 14 4.47213595499958 10.198039027185569 1.0630073026680642 
26 50 7 4 3 15 4.47213595499958 10.198039027185569 1.0761172417752245 
25 49 8 4 2 15 4.47213595499958 10.198039027185569 1.06238287375115 
24 47 8 5 2 13 3.1622776601683795 10.198039027185569 1.0500361673375278 
23 45 8 6 1 13 2.8284271247461903 10.198039027185569 1.050731027127099 
22 44 8 6 1 13 1.4142135623730951 10.198039027185569 1.062013357610774 
21 43 9 6 0 13 5.0990195135927845 10.198039027185569 1.060379573035946 
21 41 9 6 1 10 1.4142135623730951 10.770329614269007 1 
