140 140 0 0 14 14 16.0 16.0 1.023355404567451 
138 139 0 0 17 19 16.0 14.142135623730951 1.0314342432631252 
134 137 0 0 16 22 12.0 16.0 1.030243786786474 
132 133 0 0 16 23 12.0 16.0 1.0283513282640482 
130 132 0 0 16 21 14.142135623730951 16.0 1.0263030007426077 
128 130 0 0 16 19 14.142135623730951 16.0 1.0290760949834867 
126 128 0 0 14 21 14.142135623730951 16.0 1.0319548036918642 
125 127 0 0 14 24 14.0 16.0 1.0352395362049476 
123 126 0 0 15 27 14.0 16.0 1.0341527035585754 
121 124 0 0 15 26 14.0 16.0 1.031693271178743 
120 123 0 0 14 23 14.0 16.0 1.0314016848113328 
118 122 0 0 15 23 14.0 15.033296378372908 1.0342728172915778 
116 121 0 0 16 26 15.033296378372908 15.033296378372908 1.031480509059002 
115 119 0 0 15 24 14.142135623730951 14.142135623730951 1.031807821252158 
114 117 0 0 15 25 13.038404810405298 14.142135623730951 1.0322328734975295 
113 116 0 0 14 25 13.038404810405298 14.142135623730951 1.0277265526765247 
111 115 0 0 16 21 13.038404810405298 13.341664064126334 1.0266645243876442 
110 113 0 0 14 20 13.038404810405298 13.341664064126334 1.0283078137491275 
109 112 0 0 14 22 13.038404810405298 13.038404810405298 1.028708061637007 
107 111 0 0 15 22 13.038404810405298 13.038404810405298 1.0339157839002266 
105 110 0 0 16 27 13.038404810405298 13.038404810405298 1.0323930420379703 
103 109 0 0 17 25 13.038404810405298 13.038404810405298 1.0361654956820776 
101 108 0 0 17 28 13.038404810405298 13.038404810405298 1.0355446702257034 
97 106 0 0 16 25 13.038404810405298 13.038404810405298 1.0358931061984435 
95 104 0 0 17 26 13.038404810405298 13.038404810405298 1.0449721793199642 
94 103 1 0 19 24 13.038404810405298 13.038404810405298 1.068921059232944 
88 102 2 0 18 31 13.038404810405298 13.038404810405298 1.0930588053648662 
78 101 3 0 15 34 13.038404810405298 12.0 1.0872163102582935 
76 100 3 0 15 27 13.038404810405298 12.0 1.0861231605802617 
74 99 3 0 14 24 12.0 12.0 1.0854883877369084 
70 97 3 0 15 22 12.0 12.0 1.1089256293776832 
64 95 4 0 11 28 12.0 12.0 1.102029981299458 
62 94 4 0 10 19 11.045361017187261 12.0 1.1082240027952375 
61 93 4 0 9 25 11.045361017187261 12.0 1.1177601287349705 
60 92 4 0 8 34 10.198039027185569 12.165525060596439 1.122031160480614 
59 91 4 0 7 38 10.198039027185569 12.165525060596439 1.1128273165883262 
58 90 4 0 8 29 10.198039027185569 12.165525060596439 1.1116754635112773 
57 89 4 0 7 27 10.198039027185569 12.649110640673518 1.1101527216490208 
55 88 4 0 8 25 10.198039027185569 12.649110640673518 1.1264313565024817 
51 87 5 0 7 26 10.198039027185569 12.649110640673518 1.123459398634134 
49 86 5 0 9 23 10.198039027185569 12.649110640673518 1.1229120990339247 
47 85 5 0 8 21 10.198039027185569 12.649110640673518 1.1242738417968723 
45 84 5 0 9 22 10.198039027185569 12.649110640673518 1.1299832325780945 
43 83 5 0 7 26 10.198039027185569 12.649110640673518 1.1304082848234658 
42 82 5 0 6 26 10.198039027185569 12.649110640673518 1.1260010583360056 
40 81 5 0 7 21 10.198039027185569 12.649110640673518 1.1244209606123956 
39 79 5 0 7 20 9.055385138137417 12.649110640673518 1.1342171179414882 
37 77 5 0 8 30 7.0710678118654755 12.649110640673518 1.132764959066701 
33 76 5 0 8 25 5.656854249492381 12.649110640673518 1.1379974856874127 
32 75 5 0 7 30 5.656854249492381 12.649110640673518 1.1494764127195802 
30 74 6 0 8 29 5.656854249492381 12.649110640673518 1.1685268445551005 
28 73 7 0 6 35 7.211102550927978 12.649110640673518 1.1633682918324355 
27 72 7 0 4 27 3.1622776601683795 12.649110640673518 1.1633056229467833 
26 71 7 0 4 27 3.1622776601683795 12.649110640673518 1.177220065217602 
25 70 8 0 2 28 3.1622776601683795 12.649110640673518 1.1745422255914206 
25 68 8 0 1 28 4.242640687119285 11.661903789690601 1.1687105874553607 
24 67 8 0 1 22 4.242640687119285 11.661903789690601 1.170175484117316 
23 66 8 0 1 23 2.8284271247461903 11.661903789690601 1.1653161978268363 
23 65 8 0 1 19 2.8284271247461903 11.661903789690601 1.151224111569268 
23 64 8 1 1 19 2.8284271247461903 11.661903789690601 1.1550600615686575 
22 63 8 1 1 24 5.0990195135927845 11.661903789690601 1.1692620070399629 
21 62 9 1 0 25 3.1622776601683795 11.661903789690601 1.16846068095006 
21 61 9 1 1 25 1.4142135623730951 11.661903789690601 1 
