140 140 0 0 14 14 16.0 16.0 1.0814314031238847 
138 138 0 0 17 17 16.0 14.142135623730951 1.0849414885125654 
134 137 0 0 16 17 13.038404810405298 16.0 1.0864242643266404 
132 135 0 0 21 19 14.142135623730951 16.0 1.0883597046028899 
128 133 0 0 22 20 14.142135623730951 16.0 1.0936830021072983 
124 132 0 0 22 23 14.142135623730951 16.0 1.093376579249901 
120 130 0 0 22 22 14.142135623730951 16.0 1.0975805519955795 
116 129 0 0 22 24 14.142135623730951 16.0 1.0995458752237977 
112 128 0 0 22 24 14.142135623730951 16.0 1.0992458795987738 
108 126 0 0 24 23 14.142135623730951 16.0 1.111480046024469 
102 124 1 0 15 22 14.142135623730951 16.0 1.1186024455275159 
100 123 1 0 15 28 14.142135623730951 16.0 1.1237164656600638 
96 121 2 0 17 22 14.142135623730951 16.0 1.1207780592778929 
94 120 2 0 13 19 13.038404810405298 16.0 1.1302767437562704 
92 118 3 0 14 19 13.038404810405298 15.033296378372908 1.1273148709534024 
90 117 3 0 13 16 13.341664064126334 15.033296378372908 1.1288075500946435 
88 115 3 0 13 18 13.341664064126334 15.033296378372908 1.1292172146614967 
86 114 3 0 14 18 13.341664064126334 15.033296378372908 1.1329848535045404 
84 113 3 0 15 21 13.341664064126334 15.033296378372908 1.136066287875302 
80 112 3 0 14 22 13.341664064126334 15.033296378372908 1.1342009927403527 
78 110 3 0 14 21 13.341664064126334 15.033296378372908 1.1337820444399613 
76 109 3 0 13 21 13.341664064126334 14.0 1.1353046065331713 
74 108 3 0 12 22 13.341664064126334 14.0 1.1334328841658483 
72 106 3 0 10 21 13.341664064126334 14.0 1.1307476686853073 
71 102 3 0 18 22 13.341664064126334 14.0 1.1474954443302652 
65 101 4 0 10 24 13.341664064126334 14.0 1.144543921004741 
63 100 4 0 10 21 13.341664064126334 14.0 1.1540259404247812 
62 98 5 0 9 21 13.341664064126334 14.0 1.1681212279629518 
58 97 6 0 9 22 13.341664064126334 14.0 1.1632837982046687 
57 96 6 0 13 18 13.341664064126334 14.0 1.1614419587893146 
55 95 6 0 10 16 13.341664064126334 14.0 1.15958333590871 
54 93 6 0 10 17 13.038404810405298 12.165525060596439 1.162255402961678 
52 92 6 0 12 19 12.165525060596439 12.165525060596439 1.176337836035101 
48 91 7 0 8 20 12.165525060596439 12.165525060596439 1.1767622589433786 
46 90 7 0 8 20 11.40175425099138 12.165525060596439 1.1787424399491697 
42 89 7 0 8 20 10.770329614269007 12.165525060596439 1.1750278670130065 
41 87 7 0 14 18 9.486832980505138 12.165525060596439 1.175751020846855 
40 85 7 0 8 20 8.246211251235321 12.165525060596439 1.1842388125096983 
38 84 7 0 9 28 7.615773105863909 11.045361017187261 1.173351804679491 
34 83 7 1 7 29 7.211102550927978 11.045361017187261 1.1684904945815326 
33 81 7 1 5 26 6.0 11.045361017187261 1.165876410440779 
32 80 7 1 3 24 5.830951894845301 11.045361017187261 1.1632647757352093 
31 79 7 1 3 22 5.830951894845301 11.045361017187261 1.1618076531094497 
30 78 7 1 4 21 4.47213595499958 11.045361017187261 1.1599110051149721 
28 77 7 1 4 19 7.211102550927978 11.045361017187261 1.1584511708909229 
27 76 7 1 4 18 5.830951894845301 11.045361017187261 1.1580781857028133 
26 75 7 1 4 18 5.830951894845301 11.045361017187261 1.1668827841999632 
25 73 8 1 2 18 5.830951894845301 10.198039027185569 1.1665097990118536 
24 72 8 1 2 18 5.830951894845301 10.198039027185569 1.177144239758779 
23 71 9 1 1 18 5.830951894845301 10.198039027185569 1.176803228275563 
22 70 9 1 1 18 4.47213595499958 10.198039027185569 1.17533852641645 
21 69 9 1 0 17 3.1622776601683795 10.198039027185569 1.1742304516391813 
21 68 9 1 1 17 1.4142135623730951 10.198039027185569 1 
