140 140 0 0 14 14 16.0 16.0 1.0359458766896708 
138 139 0 0 17 17 16.0 14.142135623730951 1.0437906121031928 
134 138 0 0 16 20 12.649110640673518 16.0 1.042580489376428 
132 136 0 0 16 19 12.649110640673518 16.0 1.0432005140681453 
130 135 0 0 16 19 13.038404810405298 16.0 1.0484656905057566 
128 134 0 0 16 24 13.341664064126334 16.0 1.0462421492265659 
126 133 0 0 14 20 13.341664064126334 16.0 1.0462173187559416 
124 132 0 0 16 20 13.341664064126334 16.0 1.0463922688643315 
122 131 0 0 15 19 13.341664064126334 16.0 1.0485050443678665 
120 129 0 0 16 22 13.341664064126334 16.0 1.04885494303782 
118 128 0 0 17 22 13.341664064126334 16.0 1.048280434865054 
116 127 0 0 18 21 13.341664064126334 16.0 1.044177150077911 
114 123 0 0 18 20 14.0 15.033296378372908 1.044538194895849 
112 121 0 0 18 21 15.033296378372908 15.033296378372908 1.0498848569199775 
110 120 0 0 18 26 15.033296378372908 15.033296378372908 1.0486747341932128 
108 118 0 0 18 25 15.033296378372908 15.033296378372908 1.0503237688464635 
106 117 0 0 18 26 15.033296378372908 15.033296378372908 1.0491995829715561 
104 116 0 0 18 24 15.033296378372908 15.033296378372908 1.0496633253686667 
102 114 0 0 16 24 15.033296378372908 15.033296378372908 1.0455650295001946 
101 110 0 0 16 23 15.033296378372908 15.033296378372908 1.0456428966087428 
99 109 0 0 16 22 14.0 15.033296378372908 1.0487660158068546 
97 108 0 0 17 25 14.0 15.033296378372908 1.062988780482177 
89 107 1 0 19 22 14.0 15.033296378372908 1.0693457877477084 
85 106 1 0 16 25 14.0 15.033296378372908 1.0771462550320257 
84 105 2 0 14 20 14.0 15.033296378372908 1.077204856072515 
82 104 2 0 14 19 13.038404810405298 15.033296378372908 1.0781640261682355 
80 103 2 0 14 19 12.165525060596439 15.033296378372908 1.08001828559739 
78 102 2 0 14 20 11.40175425099138 15.033296378372908 1.0787002812071527 
76 101 2 0 15 19 11.40175425099138 14.0 1.077745758767849 
74 100 2 0 15 17 10.770329614269007 14.0 1.0870225505325046 
72 99 2 0 15 27 10.770329614269007 13.038404810405298 1.083879887536555 
70 98 2 0 15 23 11.40175425099138 13.038404810405298 1.0829554822406617 
68 97 2 0 12 20 11.40175425099138 13.038404810405298 1.0894822899938807 
66 96 2 0 13 26 9.055385138137417 13.038404810405298 1.0905816469449898 
64 95 2 0 12 26 9.055385138137417 13.038404810405298 1.088072388234928 
62 93 2 0 13 24 9.055385138137417 13.038404810405298 1.0906458297308983 
60 92 2 0 13 26 9.055385138137417 13.038404810405298 1.0857059890137148 
59 91 2 0 11 20 9.055385138137417 13.038404810405298 1.1005311671902769 
55 90 3 0 12 21 9.055385138137417 13.038404810405298 1.0880126493750923 
53 89 3 1 12 21 9.055385138137417 13.038404810405298 1.0897703168445214 
51 88 3 1 10 21 8.0 13.038404810405298 1.0873322090597033 
50 87 3 1 9 18 7.615773105863909 13.038404810405298 1.0866717640350803 
48 85 3 1 10 18 7.615773105863909 13.038404810405298 1.0988375638638148 
46 84 4 1 11 18 7.615773105863909 13.038404810405298 1.0984628362700632 
44 83 4 1 9 16 7.615773105863909 13.038404810405298 1.1115240271798252 
43 81 5 1 10 19 7.615773105863909 13.038404810405298 1.1252498499521044 
39 80 6 1 9 18 7.615773105863909 13.038404810405298 1.1258564502912376 
38 79 6 1 7 18 7.615773105863909 13.038404810405298 1.1253102766453178 
37 78 6 1 6 17 7.0710678118654755 13.038404810405298 1.1140608820661426 
36 77 6 2 6 19 6.0 13.038404810405298 1.11391802412412 
35 76 6 2 6 19 6.0 13.038404810405298 1.113467581416857 
34 75 6 2 5 18 5.0990195135927845 13.038404810405298 1.1150236472885646 
33 74 6 2 5 20 5.656854249492381 13.038404810405298 1.127071419645901 
32 73 7 2 4 20 5.656854249492381 13.038404810405298 1.1251502146588228 
31 72 7 2 5 18 4.0 13.038404810405298 1.125325164767213 
29 71 7 2 4 17 4.0 13.038404810405298 1.1382973439672688 
28 70 8 2 3 18 4.0 13.038404810405298 1.1352953286452305 
27 68 8 2 3 16 4.0 13.038404810405298 1.1327815805977126 
26 67 8 2 3 14 3.1622776601683795 12.0 1.1339378586389874 
25 66 8 2 2 15 3.1622776601683795 12.0 1.1337950006969648 
24 65 8 2 2 15 3.1622776601683795 12.0 1.1455524801322459 
23 64 9 2 1 15 4.242640687119285 12.0 1.144200391735156 
22 62 9 2 2 16 4.47213595499958 11.045361017187261 1.146083357085142 
21 61 9 2 0 17 3.1622776601683795 11.045361017187261 1.144243581221847 
21 60 9 2 1 16 1.4142135623730951 11.045361017187261 1 
