140 140 0 0 14 14 16.0 16.0 0.9868261830774622 
138 138 0 0 17 17 16.0 14.142135623730951 0.9907110165764258 
134 137 0 0 16 14 13.038404810405298 16.0 0.9968713655760871 
132 136 0 0 16 19 13.038404810405298 16.0 0.9972036397507219 
130 134 0 0 16 19 13.038404810405298 16.0 0.9945733944638546 
128 133 0 0 16 15 13.038404810405298 16.0 1.0017122592616932 
126 131 0 0 14 21 13.341664064126334 16.0 1.0040109395212946 
125 129 0 0 14 24 13.038404810405298 16.0 1.0067269363707039 
123 127 0 0 15 27 13.038404810405298 16.0 1.0063632332824104 
121 125 0 0 15 27 13.038404810405298 15.033296378372908 1.0051513217503225 
119 124 0 0 16 26 15.033296378372908 15.033296378372908 1.005881531836733 
117 123 0 0 17 26 15.033296378372908 15.033296378372908 1.0050719388379303 
116 122 0 0 16 24 14.142135623730951 15.033296378372908 1.0058344702903332 
114 120 0 0 17 25 14.142135623730951 15.033296378372908 1.0041809577019691 
112 119 0 0 17 22 14.142135623730951 15.033296378372908 1.004513231876604 
110 117 0 0 17 22 14.142135623730951 15.033296378372908 1.004813184685246 
108 116 0 0 17 21 14.142135623730951 15.033296378372908 1.0065201274701594 
106 115 0 0 18 22 14.142135623730951 15.033296378372908 1.012680476469821 
104 114 0 0 18 27 14.142135623730951 15.033296378372908 1.0090734984844503 
102 113 0 0 18 22 14.142135623730951 15.033296378372908 1.0104664021345624 
100 112 0 0 16 21 14.142135623730951 15.033296378372908 1.0332868248433427 
90 110 1 0 14 21 13.341664064126334 15.033296378372908 1.0563268443706102 
84 109 2 0 17 28 13.341664064126334 15.033296378372908 1.0785133716218602 
76 107 3 0 12 28 12.649110640673518 15.033296378372908 1.1063554517927765 
70 106 4 0 8 36 12.649110640673518 15.033296378372908 1.1051209839467446 
64 105 4 0 10 30 12.649110640673518 15.033296378372908 1.1179570341682898 
63 104 5 0 9 30 12.649110640673518 15.033296378372908 1.1154430070243897 
61 103 5 0 7 25 12.649110640673518 15.033296378372908 1.1188534666591008 
60 102 5 0 7 28 12.0 15.033296378372908 1.1144577709981491 
59 100 5 0 7 24 11.40175425099138 15.033296378372908 1.1138519663170163 
58 98 5 0 7 24 11.045361017187261 15.033296378372908 1.1106576480310564 
57 97 5 0 6 20 11.045361017187261 15.033296378372908 1.108431790492722 
56 95 5 0 6 18 10.0 15.033296378372908 1.1134815910725555 
55 94 5 0 6 23 10.0 15.033296378372908 1.1087640646673567 
54 93 5 0 6 18 10.0 15.033296378372908 1.1124244728492765 
52 92 5 0 7 21 10.0 15.033296378372908 1.1208615994888393 
51 91 5 0 7 29 9.055385138137417 15.033296378372908 1.111997392235033 
50 83 5 0 7 26 8.0 15.033296378372908 1.1113727357457122 
49 82 5 0 7 25 7.615773105863909 15.033296378372908 1.105812292363335 
47 81 5 0 7 18 7.615773105863909 15.033296378372908 1.1100882286833098 
45 80 5 0 6 21 8.602325267042627 15.033296378372908 1.1092776330721243 
44 79 5 0 6 20 8.602325267042627 15.033296378372908 1.0944441877200233 
43 78 5 1 6 18 8.602325267042627 15.033296378372908 1.0955870575058435 
42 77 5 1 6 19 8.602325267042627 15.033296378372908 1.0954890744027102 
40 75 5 1 5 18 8.602325267042627 15.033296378372908 1.0962557402803468 
39 74 6 2 4 19 8.602325267042627 15.033296378372908 1.0973986100661675 
38 73 6 2 4 20 8.602325267042627 15.033296378372908 1.0957274998994453 
37 72 6 2 2 17 8.602325267042627 15.033296378372908 1.0953794829320203 
36 70 6 2 3 18 8.602325267042627 15.033296378372908 1.096765350576817 
35 69 6 2 2 18 7.211102550927978 15.033296378372908 1.0960761765738376 
34 68 6 2 3 17 5.830951894845301 15.033296378372908 1.0987422544788963 
33 67 6 2 2 19 5.830951894845301 15.033296378372908 1.0990194886540317 
32 66 6 2 3 19 4.47213595499958 15.033296378372908 1.098755368463581 
31 65 6 2 2 18 4.47213595499958 15.033296378372908 1.0834077690567374 
30 63 6 3 3 17 4.47213595499958 15.033296378372908 1.0942934451223105 
29 61 7 3 3 18 4.47213595499958 13.038404810405298 1.0938487509235995 
27 60 7 3 5 18 4.47213595499958 12.165525060596439 1.1083418249857075 
25 59 8 3 3 18 4.47213595499958 12.165525060596439 1.1087115852050484 
24 58 8 3 2 17 3.1622776601683795 12.165525060596439 1.1086090254788388 
23 57 8 3 1 16 2.8284271247461903 12.165525060596439 1.108641346844831 
23 56 8 3 1 17 2.8284271247461903 12.165525060596439 1.103416766322779 
23 54 8 3 1 14 2.0 11.045361017187261 1.1010947211199442 
23 53 8 3 1 13 2.8284271247461903 11.045361017187261 1.0995744782607513 
23 52 8 3 1 12 2.0 11.045361017187261 1.0842063160155047 
23 51 8 4 1 11 2.8284271247461903 11.045361017187261 1.0836628058548148 
23 50 8 4 1 11 2.0 11.045361017187261 1.0692713763080715 
23 49 8 5 1 11 2.8284271247461903 11.045361017187261 1.0706813315443877 
23 48 8 5 1 13 2.0 11.045361017187261 1.068391607707546 
23 46 8 5 1 13 2.8284271247461903 11.045361017187261 1.0678480975468558 
23 45 8 5 1 13 2.0 11.045361017187261 1.0655260523440213 
23 44 8 5 1 12 2.8284271247461903 11.045361017187261 1.0642299356106066 
23 43 8 5 1 12 2.0 10.0 1.061907890407772 
23 42 8 5 1 11 2.8284271247461903 10.0 1.0609634790752611 
23 41 8 5 1 11 2.8284271247461903 10.0 1.0609958004412536 
23 40 8 5 1 12 2.8284271247461903 10.0 1.0590863958676087 
22 39 8 5 1 11 5.0990195135927845 10.0 1.072859694587372 
21 38 9 5 0 11 3.1622776601683795 10.0 1.0715346749239663 
21 37 9 5 1 11 1.4142135623730951 9.055385138137417 1 
