140 140 0 0 14 14 16.0 16.0 1.0003210678118655 
138 139 0 0 17 18 16.0 14.142135623730951 1.0075422374697016 
134 137 0 0 16 22 12.165525060596439 16.0 1.0083557975947974 
132 136 0 0 16 23 13.038404810405298 16.0 1.0089807975947975 
130 135 0 0 16 23 13.038404810405298 16.0 1.0084289321881346 
128 131 0 0 16 25 14.142135623730951 16.0 1.0096789321881343 
126 130 0 0 14 24 14.142135623730951 16.0 1.00975 
125 129 0 0 14 24 14.0 16.0 1.00725 
123 128 0 0 15 20 14.0 16.0 1.0085 
121 127 0 0 15 21 14.0 16.0 1.0091250000000003 
120 126 0 0 14 21 14.0 16.0 1.0066224457839839 
119 124 0 0 14 18 13.038404810405298 15.033296378372908 1.0067666481891866 
117 122 0 0 15 20 14.0 15.033296378372908 1.0056960678118654 
116 121 0 0 14 18 14.0 14.142135623730951 1.0061768654066627 
114 120 0 0 15 18 13.038404810405298 14.142135623730951 1.008676865406663 
113 119 0 0 14 21 13.038404810405298 14.142135623730951 1.0099268654066629 
111 118 0 0 16 24 13.038404810405298 14.142135623730951 1.0099268654066629 
110 116 0 0 14 23 13.038404810405298 14.142135623730951 1.0105518654066628 
109 115 0 0 14 24 13.038404810405298 14.142135623730951 1.0099268654066629 
107 114 0 0 15 23 13.038404810405298 14.142135623730951 1.0099268654066629 
105 113 0 0 15 22 13.038404810405298 14.142135623730951 1.009301865406663 
103 112 0 0 17 22 13.038404810405298 14.142135623730951 1.0111768654066629 
102 111 0 0 16 24 13.038404810405298 14.142135623730951 1.0086768654066631 
101 109 0 0 16 21 13.038404810405298 14.142135623730951 1.0085710678118653 
100 108 0 0 15 19 12.0 14.142135623730951 1.0102983873032718 
98 107 0 0 16 21 11.045361017187261 14.142135623730951 1.0152983873032717 
97 106 0 0 16 29 11.045361017187261 14.142135623730951 1.015298387303272 
95 105 0 0 17 29 11.045361017187261 14.142135623730951 1.0159233873032718 
91 101 0 0 16 29 11.045361017187261 14.142135623730951 1.019673387303272 
87 100 0 0 18 34 11.045361017187261 14.142135623730951 1.0177983873032717 
86 99 0 0 16 29 11.045361017187261 14.142135623730951 1.0221733873032717 
80 95 1 0 23 21 11.045361017187261 14.142135623730951 1.02699519068637 
76 94 1 0 15 18 11.40175425099138 14.142135623730951 1.0263470482982726 
75 93 1 0 14 15 10.198039027185569 14.142135623730951 1.0244720482982725 
74 91 1 0 14 13 10.198039027185569 14.142135623730951 1.0275970482982726 
73 90 1 0 12 16 10.198039027185569 14.142135623730951 1.0288470482982728 
71 89 1 0 12 17 10.198039027185569 14.142135623730951 1.0300970482982728 
69 87 1 0 10 17 10.198039027185569 14.142135623730951 1.0307220482982729 
69 86 1 0 10 19 10.198039027185569 14.142135623730951 1.027597048298273 
67 84 1 0 13 17 10.198039027185569 14.142135623730951 1.0304526513216128 
65 83 1 0 11 18 9.486832980505138 14.142135623730951 1.0350524155418104 
63 82 1 0 12 26 9.486832980505138 13.341664064126334 1.0456774155418105 
59 80 2 0 12 21 9.486832980505138 13.341664064126334 1.0481774155418104 
58 79 2 0 9 22 9.486832980505138 13.341664064126334 1.0465181394629945 
58 78 2 0 8 19 9.055385138137417 13.341664064126334 1.0483931394629944 
56 77 2 0 9 22 9.055385138137417 13.341664064126334 1.0483931394629946 
54 76 2 0 9 21 9.055385138137417 13.341664064126334 1.0621431394629945 
52 75 3 0 9 22 9.055385138137417 13.341664064126334 1.0746431394629945 
50 74 4 0 9 21 9.055385138137417 13.341664064126334 1.0765181394629944 
46 73 4 0 10 22 9.055385138137417 13.341664064126334 1.0871431394629945 
45 72 5 0 12 21 9.055385138137417 13.341664064126334 1.0765181394629946 
43 71 5 1 9 20 9.055385138137417 13.341664064126334 1.0771431394629944 
41 70 5 1 9 20 9.055385138137417 13.341664064126334 1.0757958320320633 
39 68 5 1 9 17 8.0 13.341664064126334 1.0895458320320635 
37 67 6 1 8 17 8.0 13.341664064126334 1.0901708320320633 
36 66 6 1 6 16 8.0 13.341664064126334 1.0901708320320633 
35 65 6 1 6 16 8.0 13.341664064126334 1.0896640214144042 
34 64 6 1 6 15 7.0710678118654755 12.649110640673518 1.0885454179889127 
33 62 6 1 6 15 7.0710678118654755 11.661903789690601 1.0997954179889127 
32 61 7 1 7 14 7.0710678118654755 11.661903789690601 1.0991704179889128 
31 60 8 2 7 13 7.0710678118654755 11.661903789690601 1.1039064421380491 
29 59 8 2 3 14 5.0990195135927845 11.661903789690601 1.105156442138049 
28 58 8 2 3 16 5.0990195135927845 11.661903789690601 1.1044559518948456 
27 57 8 2 3 14 4.0 11.661903789690601 1.1044559518948456 
26 56 8 2 3 14 4.0 11.661903789690601 1.0923748130647613 
25 55 8 3 2 13 3.1622776601683795 11.661903789690601 1.0923748130647613 
24 54 8 3 2 13 3.1622776601683795 11.661903789690601 1.105499813064761 
23 53 9 3 1 13 3.1622776601683795 11.661903789690601 1.1067059518948454 
22 52 9 3 2 15 2.0 11.661903789690601 1.1063738451136587 
21 51 9 3 1 13 1.4142135623730951 11.661903789690601 1 
