140 140 0 0 14 14 16.0 16.0 1.0709724660634428 
138 138 0 0 17 17 16.0 14.142135623730951 1.0757258540190777 
134 137 0 0 16 18 13.038404810405298 16.0 1.0789250162224995 
132 136 0 0 16 21 13.038404810405298 16.0 1.0792805475164131 
130 135 0 0 16 21 13.038404810405298 16.0 1.0785521324713156 
128 134 0 0 16 20 14.0 16.0 1.0796205819749505 
126 133 0 0 14 21 14.0 15.033296378372908 1.0801662773469234 
124 131 0 0 16 23 15.033296378372908 15.033296378372908 1.0779118302948238 
122 130 0 0 15 20 15.033296378372908 15.033296378372908 1.0789815859950787 
120 129 0 0 16 21 15.033296378372908 15.033296378372908 1.0819470956350057 
118 128 0 0 17 24 15.033296378372908 15.033296378372908 1.0801732204257526 
116 127 0 0 18 22 15.033296378372908 15.033296378372908 1.0786329977799944 
114 126 0 0 18 20 15.033296378372908 15.033296378372908 1.079936406043744 
112 125 0 0 18 21 15.033296378372908 15.033296378372908 1.0826549964043195 
110 124 0 0 16 23 15.033296378372908 15.033296378372908 1.0768542727339583 
108 120 0 0 17 21 15.033296378372908 14.0 1.0778127824510109 
104 119 0 0 17 20 15.033296378372908 14.142135623730951 1.0793498432782553 
102 118 0 0 16 21 15.033296378372908 14.142135623730951 1.0795041405808483 
98 117 0 0 19 20 15.033296378372908 14.142135623730951 1.0934198823569699 
92 115 1 0 14 19 15.033296378372908 14.142135623730951 1.0961108070134244 
91 113 1 0 13 23 14.142135623730951 14.142135623730951 1.0921933231336787 
90 111 1 0 13 21 14.0 13.341664064126334 1.0930065836264236 
89 110 1 0 12 22 14.0 13.341664064126334 1.090878630015341 
88 109 1 0 12 20 13.038404810405298 13.341664064126334 1.090565447577384 
87 108 1 0 12 20 12.649110640673518 13.341664064126334 1.0872093552220403 
86 106 1 0 12 18 12.649110640673518 13.341664064126334 1.0887464160492848 
84 105 1 0 11 19 12.649110640673518 13.341664064126334 1.1052662510309599 
80 103 2 0 13 24 12.649110640673518 13.341664064126334 1.1073294702521224 
79 102 2 0 11 26 12.165525060596439 13.341664064126334 1.1044181479698363 
78 100 2 0 11 25 12.165525060596439 12.649110640673518 1.1061792854324173 
77 99 2 0 10 27 12.165525060596439 12.649110640673518 1.1048631394219952 
76 98 2 0 10 26 12.165525060596439 12.649110640673518 1.0891361990887791 
75 97 2 1 10 24 12.165525060596439 12.649110640673518 1.1005611179273598 
73 96 3 1 12 24 12.165525060596439 12.649110640673518 1.0968686461344195 
72 95 3 1 10 20 12.165525060596439 12.649110640673518 1.0966588845576906 
71 94 3 1 10 20 11.045361017187261 12.649110640673518 1.0964105147948002 
70 93 3 1 10 20 10.198039027185569 12.649110640673518 1.0960422457542143 
69 92 3 1 10 20 10.198039027185569 12.649110640673518 1.0950386812056594 
67 91 3 1 10 19 10.198039027185569 12.083045973594572 1.0956463124089368 
66 90 3 1 10 20 10.0 12.083045973594572 1.0962985354192312 
65 89 3 1 10 21 9.486832980505138 12.083045973594572 1.0987738972881533 
64 88 3 1 10 24 9.486832980505138 12.083045973594572 1.095795649901554 
63 87 3 1 9 21 9.486832980505138 12.083045973594572 1.093531626921296 
62 86 3 1 9 19 9.486832980505138 12.083045973594572 1.110163235736047 
60 85 4 1 9 24 9.486832980505138 12.083045973594572 1.1136284690751372 
56 84 4 1 10 26 9.486832980505138 12.083045973594572 1.1093056670271773 
54 83 4 1 10 21 9.055385138137417 12.083045973594572 1.1073897977867255 
53 82 4 1 9 19 8.246211251235321 12.083045973594572 1.10990715415598 
49 81 4 1 10 20 8.246211251235321 12.083045973594572 1.120841925223556 
48 80 5 1 11 20 8.246211251235321 12.083045973594572 1.1074780439570018 
47 79 5 2 9 20 8.246211251235321 12.083045973594572 1.1059006246996572 
46 78 5 2 8 19 8.246211251235321 11.40175425099138 1.1157529023203063 
44 76 6 2 8 18 8.246211251235321 11.40175425099138 1.1167420259982757 
42 75 6 2 6 18 7.0710678118654755 11.40175425099138 1.1167130438722117 
41 74 6 2 5 18 6.324555320336759 11.40175425099138 1.1178910023378383 
39 73 6 2 5 19 7.211102550927978 11.40175425099138 1.120600016770255 
38 72 6 2 4 22 7.211102550927978 11.40175425099138 1.119283870759833 
37 71 6 2 4 21 7.211102550927978 11.40175425099138 1.1179677247494113 
36 70 6 2 4 20 7.211102550927978 11.40175425099138 1.1179444405128256 
35 68 6 2 4 22 7.211102550927978 10.770329614269007 1.1291128641438966 
34 67 7 2 4 22 7.211102550927978 10.770329614269007 1.12472901058863 
32 66 7 2 4 17 7.211102550927978 10.770329614269007 1.1363647393466905 
31 65 8 2 2 17 7.211102550927978 10.770329614269007 1.131244851994627 
30 61 8 2 3 15 5.830951894845301 11.40175425099138 1.1297773083715077 
29 60 8 2 1 15 7.0710678118654755 9.486832980505138 1.1293800255785837 
27 58 8 2 2 15 5.656854249492381 10.0 1.1299356734593875 
25 57 8 2 2 15 4.242640687119285 10.0 1.129165599401611 
23 55 8 2 3 15 2.8284271247461903 10.0 1.141725245081061 
21 54 9 2 1 15 1.4142135623730951 10.0 1 
