140 140 0 0 14 14 16.0 16.0 1.0778308533655343 
138 138 0 0 17 17 16.0 14.142135623730951 1.0782681588712741 
134 137 0 0 16 14 13.341664064126334 16.0 1.0807947068168349 
132 135 0 0 16 17 13.341664064126334 16.0 1.0844711752131209 
130 134 0 0 16 20 13.341664064126334 16.0 1.0827075311501377 
128 133 0 0 16 18 13.341664064126334 16.0 1.0909072472427523 
126 132 0 0 14 25 13.341664064126334 16.0 1.0900604679427095 
124 131 0 0 16 24 13.341664064126334 16.0 1.0883205047853115 
122 129 0 0 15 23 13.341664064126334 16.0 1.0910991703447417 
120 128 0 0 16 26 14.142135623730951 15.033296378372908 1.0891243164567792 
118 126 0 0 17 25 15.033296378372908 15.033296378372908 1.0905391610049007 
116 125 0 0 18 26 15.033296378372908 15.033296378372908 1.0909515619256251 
114 124 0 0 18 26 15.033296378372908 15.033296378372908 1.0928407053533427 
110 123 0 0 19 26 15.033296378372908 15.033296378372908 1.0932767871796525 
108 121 0 0 18 27 15.033296378372908 15.033296378372908 1.0882490756411074 
106 120 0 0 18 22 15.033296378372908 15.033296378372908 1.0941015890211012 
104 119 0 0 18 27 15.033296378372908 15.033296378372908 1.0946232497118678 
102 117 0 0 16 28 15.033296378372908 15.033296378372908 1.0839315147841537 
100 111 0 0 15 23 15.033296378372908 15.033296378372908 1.0862982803063896 
96 110 0 0 15 24 15.033296378372908 14.142135623730951 1.084927076913992 
95 109 0 0 14 23 15.033296378372908 14.142135623730951 1.095131680261401 
93 108 0 0 14 32 15.033296378372908 14.142135623730951 1.0881728875864063 
92 106 0 0 14 27 15.033296378372908 14.142135623730951 1.0897472090913831 
90 105 0 0 14 28 14.0 14.142135623730951 1.089071587520254 
88 104 0 0 14 27 14.0 14.142135623730951 1.0915251582571346 
86 100 1 0 17 22 14.0 14.142135623730951 1.098764278423217 
84 98 1 0 19 30 13.038404810405298 13.341664064126334 1.1005536990684874 
78 96 1 0 14 29 12.165525060596439 13.341664064126334 1.093264363681778 
76 95 1 0 15 22 12.165525060596439 13.341664064126334 1.0925887421106488 
74 94 1 0 15 21 12.165525060596439 13.341664064126334 1.109629035711614 
72 93 2 0 15 26 12.165525060596439 13.341664064126334 1.1022149511121688 
71 91 2 0 14 21 12.165525060596439 12.649110640673518 1.1085400157561018 
70 90 2 0 13 27 11.045361017187261 12.649110640673518 1.0973147119781483 
69 88 2 0 12 18 11.045361017187261 12.649110640673518 1.1120078028664926 
67 87 3 0 14 21 11.045361017187261 12.649110640673518 1.11461992967651 
65 85 3 0 13 24 11.045361017187261 12.649110640673518 1.108649865256927 
63 84 3 0 11 18 11.40175425099138 12.649110640673518 1.109313526778922 
62 82 3 0 11 20 11.313708498984761 12.649110640673518 1.1104716347336734 
60 81 3 0 15 21 11.313708498984761 12.649110640673518 1.0964812215554602 
56 79 3 1 14 20 11.313708498984761 12.649110640673518 1.0985536167844157 
55 78 3 1 12 22 10.0 12.649110640673518 1.0824070449383147 
54 77 3 2 11 20 8.246211251235321 12.649110640673518 1.0875639764970402 
53 76 3 2 10 25 8.246211251235321 12.649110640673518 1.0891480442821515 
51 70 4 2 9 21 8.246211251235321 12.649110640673518 1.0887792845171513 
50 69 4 2 9 21 8.246211251235321 12.649110640673518 1.100379465658847 
48 68 5 2 9 21 8.246211251235321 12.649110640673518 1.100937556159176 
46 67 5 2 7 21 8.602325267042627 12.649110640673518 1.0835861935256024 
45 65 5 3 6 19 7.615773105863909 12.649110640673518 1.0821294112687483 
44 64 5 3 6 18 7.615773105863909 12.649110640673518 1.07958460652004 
43 63 5 3 6 16 7.615773105863909 12.649110640673518 1.0803038692468936 
42 62 5 3 6 17 7.615773105863909 12.649110640673518 1.0788470869900393 
41 61 5 3 6 16 7.615773105863909 12.649110640673518 1.091927731294175 
40 60 6 3 5 18 7.615773105863909 12.649110640673518 1.0910887851528699 
38 59 6 3 5 17 9.899494936611665 12.649110640673518 1.0897175817604723 
37 58 6 3 4 16 9.899494936611665 12.649110640673518 1.0882763607250956 
36 57 6 3 5 15 8.48528137423857 12.649110640673518 1.0869051573326978 
35 56 6 3 4 14 8.48528137423857 12.649110640673518 1.0836009528248611 
31 54 6 3 5 11 8.602325267042627 11.661903789690601 1.0984652014421188 
29 53 7 3 5 14 8.602325267042627 11.661903789690601 1.1094447474666256 
27 52 8 3 2 13 5.656854249492381 11.661903789690601 1.1068999427179171 
26 51 8 3 2 11 5.656854249492381 11.661903789690601 1.1088083680225584 
25 50 8 3 2 13 4.242640687119285 11.661903789690601 1.1074371646301608 
24 49 8 3 1 12 4.242640687119285 11.661903789690601 1.0932711946943727 
23 48 8 4 2 12 2.8284271247461903 11.661903789690601 1.1038687371787264 
21 46 9 4 0 12 3.1622776601683795 11.661903789690601 1.1038462763768628 
21 45 9 4 1 13 1.4142135623730951 11.661903789690601 1 
