140 140 0 0 14 14 16.0 16.0 1.0231696837402986 
138 139 0 0 17 17 16.0 14.142135623730951 1.0292362910841735 
134 138 0 0 16 17 12.165525060596439 16.0 1.0267735685696322 
132 137 0 0 16 14 13.341664064126334 16.0 1.0324169122480202 
130 136 0 0 16 19 13.341664064126334 16.0 1.0322676818435361 
128 134 0 0 16 19 13.341664064126334 16.0 1.0436494455019218 
126 133 0 0 14 29 13.341664064126334 16.0 1.0427389567483303 
125 132 0 0 14 28 13.038404810405298 16.0 1.0479014438171492 
123 131 0 0 15 33 13.038404810405298 16.0 1.047812739382506 
121 130 0 0 15 32 13.038404810405298 16.0 1.0414710653547887 
120 128 0 0 14 26 13.038404810405298 16.0 1.04281218701492 
118 127 0 0 15 27 13.038404810405298 16.0 1.0422426259707076 
116 126 0 0 16 26 13.038404810405298 16.0 1.0438695745177484 
115 125 0 0 15 28 13.038404810405298 15.033296378372908 1.046686568430935 
113 124 0 0 16 31 14.142135623730951 15.033296378372908 1.0499383727954101 
111 123 0 0 17 34 14.142135623730951 15.033296378372908 1.0469836443042513 
109 122 0 0 17 30 14.142135623730951 15.033296378372908 1.0449842571652643 
107 121 0 0 17 27 14.142135623730951 15.033296378372908 1.0437650053358922 
105 117 0 0 15 27 14.142135623730951 15.033296378372908 1.037858141759464 
104 115 0 0 14 21 13.038404810405298 15.033296378372908 1.0377230005873808 
103 113 0 0 14 22 13.038404810405298 15.033296378372908 1.037153439543168 
101 112 0 0 15 21 13.038404810405298 15.033296378372908 1.038858889877399 
100 111 0 0 14 22 12.165525060596439 15.033296378372908 1.0414687208221496 
99 107 0 0 14 28 12.165525060596439 15.033296378372908 1.0384189160293809 
95 105 0 0 16 24 12.165525060596439 15.033296378372908 1.0406612249388094 
93 103 0 0 15 26 12.165525060596439 15.033296378372908 1.0448120137258523 
87 102 0 0 16 26 12.165525060596439 15.033296378372908 1.0399466025303494 
85 101 0 0 16 20 12.165525060596439 15.033296378372908 1.0305991931163314 
83 100 0 1 16 23 12.165525060596439 15.033296378372908 1.028139410467143 
82 99 0 1 15 20 12.165525060596439 15.033296378372908 1.0270552998098545 
81 97 0 1 13 19 12.165525060596439 15.033296378372908 1.0269201586377712 
80 95 0 1 13 20 12.165525060596439 15.033296378372908 1.028106079349494 
78 94 0 1 13 21 12.165525060596439 14.142135623730951 1.031378344813337 
77 93 0 1 12 24 12.165525060596439 14.142135623730951 1.0332144123154385 
76 92 0 1 12 26 12.165525060596439 14.142135623730951 1.0302533119573132 
74 91 0 1 14 23 12.165525060596439 14.142135623730951 1.029209266170498 
72 90 0 1 14 21 12.165525060596439 14.142135623730951 1.032007046891738 
71 89 0 1 12 23 12.165525060596439 14.142135623730951 1.0477071856361941 
69 87 1 1 14 28 12.165525060596439 14.142135623730951 1.050971733734602 
67 86 1 1 11 29 12.165525060596439 14.142135623730951 1.0271267153608838 
66 82 1 2 11 21 12.165525060596439 14.142135623730951 1.0278965080180489 
64 81 1 2 12 22 12.165525060596439 13.341664064126334 1.042138642202928 
60 79 2 2 13 23 12.165525060596439 13.341664064126334 1.0555268832042115 
58 78 3 2 10 22 12.165525060596439 13.341664064126334 1.0622290802387602 
57 77 4 2 11 17 12.165525060596439 13.341664064126334 1.062629481641533 
55 75 4 2 11 17 10.770329614269007 13.341664064126334 1.0744499157591365 
53 74 4 2 12 29 10.295630140987 13.038404810405298 1.0742772297627883 
51 73 5 3 10 28 10.295630140987 13.038404810405298 1.0665057296402967 
50 71 5 3 8 20 10.295630140987 13.038404810405298 1.0707410695308268 
49 70 5 3 8 24 9.055385138137417 13.038404810405298 1.0677863410396682 
47 69 5 3 8 20 9.055385138137417 13.038404810405298 1.07042203604972 
46 68 5 3 7 22 8.246211251235321 13.038404810405298 1.0669463860785187 
45 66 5 3 6 19 8.246211251235321 13.038404810405298 1.0665851188135949 
44 64 5 3 5 19 7.615773105863909 13.038404810405298 1.0654066373380617 
43 63 5 3 6 19 7.615773105863909 12.165525060596439 1.064857537393217 
42 62 5 3 5 18 7.615773105863909 12.165525060596439 1.0652574069335774 
41 61 5 3 6 19 7.615773105863909 12.165525060596439 1.0656636483409048 
40 60 5 3 5 19 7.615773105863909 12.165525060596439 1.0651359901326403 
39 59 5 3 7 19 6.324555320336759 12.165525060596439 1.0618767009945562 
38 58 5 3 6 16 6.324555320336759 11.045361017187261 1.0618084576592806 
37 57 5 3 4 15 6.324555320336759 11.045361017187261 1.0612612961584857 
36 56 5 3 4 14 5.0990195135927845 11.045361017187261 1.06280902175225 
35 55 5 3 4 16 5.830951894845301 11.045361017187261 1.0614391900685745 
33 53 5 3 3 15 5.830951894845301 10.0 1.0724436091213798 
32 52 6 3 3 14 5.830951894845301 10.0 1.0718945091765348 
31 51 6 3 2 13 5.830951894845301 10.0 1.071799432874925 
29 50 6 3 4 13 5.830951894845301 10.0 1.084046696577726 
28 49 7 3 2 13 5.830951894845301 9.055385138137417 1.0845215230737635 
27 48 7 3 1 13 5.656854249492381 9.055385138137417 1.069639787684179 
26 47 7 4 1 12 7.615773105863909 9.055385138137417 1.069565172481937 
25 46 7 4 1 12 7.615773105863909 9.055385138137417 1.0785983828605574 
24 44 8 4 1 10 7.615773105863909 9.055385138137417 1.0797116069702941 
23 43 8 4 0 11 8.246211251235321 9.055385138137417 1.0629652914871712 
23 41 8 5 1 9 6.324555320336759 9.055385138137417 1.0621221058563823 
22 40 8 5 0 8 7.0710678118654755 9.055385138137417 1.0614022626643638 
22 39 8 5 1 8 5.0990195135927845 9.055385138137417 1.0617181506430196 
21 38 9 6 0 9 5.0990195135927845 9.055385138137417 1.0609197704935325 
21 37 9 6 1 9 1.4142135623730951 8.0 1 
