140 140 0 0 14 14 16.0 16.0 1.001562789948069 
138 138 0 0 17 17 16.0 14.142135623730951 1.0103820833334045 
134 137 0 0 16 20 13.341664064126334 16.0 1.010537510056795 
132 136 0 0 16 19 13.341664064126334 16.0 1.0116563238076743 
130 135 0 0 16 19 13.341664064126334 16.0 1.0118117505310649 
128 134 0 0 16 18 13.341664064126334 16.0 1.0183555484644833 
126 133 0 0 14 23 14.142135623730951 16.0 1.0176208308932422 
124 132 0 0 16 22 14.142135623730951 16.0 1.0230382649013932 
122 131 0 0 15 26 14.142135623730951 16.0 1.0169867537114798 
120 129 0 0 16 20 14.142135623730951 16.0 1.0215140434249992 
118 128 0 0 17 24 14.142135623730951 16.0 1.019297623946096 
116 127 0 0 18 21 14.142135623730951 16.0 1.0184896636419978 
114 126 0 0 18 19 14.142135623730951 16.0 1.0205718644203658 
112 125 0 0 18 20 14.142135623730951 16.0 1.0245808392537121 
110 124 0 0 18 23 14.142135623730951 16.0 1.0256996530045914 
108 123 0 0 18 23 14.142135623730951 16.0 1.0345255629753822 
106 122 0 0 18 31 14.142135623730951 16.0 1.0327542156437948 
104 121 0 0 18 28 14.142135623730951 16.0 1.0290382207212088 
102 117 0 0 16 25 14.142135623730951 16.0 1.0290018805672219 
100 116 0 0 17 25 14.142135623730951 15.033296378372908 1.030925452919311 
96 114 0 0 17 25 15.033296378372908 15.033296378372908 1.0305625647625283 
94 113 0 0 16 23 15.033296378372908 15.033296378372908 1.0496955114565838 
86 112 1 0 17 23 14.0 15.033296378372908 1.0734428642909108 
80 111 2 0 13 28 14.0 15.033296378372908 1.0713167219618058 
79 110 2 0 12 25 13.341664064126334 15.033296378372908 1.06805055675717 
78 106 2 0 11 24 13.341664064126334 15.033296378372908 1.0800413249162324 
77 105 3 0 11 24 13.341664064126334 15.033296378372908 1.0796284079961727 
76 103 3 0 10 24 13.341664064126334 15.033296378372908 1.0769320604727937 
75 102 3 0 10 21 13.038404810405298 15.033296378372908 1.0793218739675456 
73 101 3 0 10 22 12.165525060596439 15.033296378372908 1.0797464621802348 
71 100 3 0 10 21 11.40175425099138 15.033296378372908 1.0825147127029293 
69 98 3 0 9 23 10.770329614269007 15.033296378372908 1.0859016611092747 
65 97 3 0 9 24 10.770329614269007 14.0 1.0860570878326654 
63 96 3 0 9 23 10.770329614269007 14.0 1.0864715031621237 
61 94 3 0 11 24 10.295630140987 14.0 1.0891357464122529 
57 93 3 0 10 23 10.295630140987 14.0 1.0913221306027507 
55 92 3 0 10 24 10.0 14.0 1.0916145276505862 
51 91 3 0 10 21 10.0 14.0 1.1026556076104703 
49 89 4 0 8 19 10.0 14.0 1.1167928780230825 
48 88 5 0 14 24 10.0 14.0 1.110918835714392 
44 87 5 1 9 26 10.0 14.0 1.107695397207876 
42 83 5 1 7 23 8.602325267042627 14.0 1.1051212030724118 
41 82 5 1 6 20 7.211102550927978 13.038404810405298 1.1050280194227962 
40 81 5 1 5 21 9.899494936611665 12.165525060596439 1.1170872727440813 
38 80 6 1 5 20 9.899494936611665 12.165525060596439 1.1281146538756546 
37 79 7 1 5 19 9.899494936611665 12.165525060596439 1.1300391596763513 
36 78 7 1 3 19 7.211102550927978 12.165525060596439 1.1301261012375194 
35 77 7 1 3 19 7.211102550927978 12.165525060596439 1.1302130427986872 
34 76 7 1 3 19 7.211102550927978 12.165525060596439 1.1297389647187606 
33 75 7 1 3 19 7.211102550927978 11.40175425099138 1.1302709784272442 
32 74 7 1 2 19 7.211102550927978 11.40175425099138 1.13181467398651 
31 73 7 1 4 22 5.830951894845301 10.0 1.135305333939683 
29 72 7 1 3 24 5.830951894845301 10.0 1.1325476835981299 
27 71 7 1 3 19 3.1622776601683795 10.0 1.1321163102791245 
26 70 7 1 2 18 3.1622776601683795 10.0 1.1340945535677638 
25 69 7 1 3 20 2.0 10.0 1.1346265672762474 
24 68 7 1 2 20 2.0 10.0 1.1463253883277902 
23 67 8 1 2 20 2.8284271247461903 10.0 1.144845047968694 
22 66 8 1 0 19 5.0990195135927845 9.055385138137417 1.1489545101089764 
22 65 8 1 1 24 3.1622776601683795 9.055385138137417 1.1617626349886785 
21 61 9 1 0 27 3.1622776601683795 9.486832980505138 1.1600252827846143 
21 60 9 1 1 26 1.4142135623730951 9.486832980505138 1 
