140 140 0 0 14 14 16.0 16.0 1.0412309706873093 
138 138 0 0 17 17 16.0 14.142135623730951 1.0467731584791178 
134 136 0 0 16 19 13.038404810405298 16.0 1.0510106370961123 
132 135 0 0 16 23 13.341664064126334 16.0 1.0544059032381177 
130 134 0 0 16 26 13.341664064126334 16.0 1.0496736795043013 
128 132 0 0 16 22 13.341664064126334 15.033296378372908 1.0448191934330742 
126 128 0 0 14 19 15.033296378372908 15.033296378372908 1.0447432063038045 
124 127 0 0 16 19 15.033296378372908 15.033296378372908 1.0469437157523664 
122 126 0 0 15 21 15.033296378372908 14.142135623730951 1.0490622130553762 
120 125 0 0 16 23 15.033296378372908 14.142135623730951 1.0502629947651017 
118 124 0 0 17 24 15.033296378372908 14.142135623730951 1.048614880036425 
116 122 0 0 18 23 15.033296378372908 14.142135623730951 1.0491555455743031 
114 121 0 0 18 23 15.033296378372908 14.0 1.0542904932443264 
112 119 0 0 18 29 15.033296378372908 14.0 1.0540148970131953 
110 118 0 0 18 28 15.033296378372908 14.0 1.0555747319686326 
108 117 0 0 18 29 15.033296378372908 14.0 1.0495055932021462 
106 113 0 0 18 25 15.033296378372908 14.0 1.0472988161258967 
104 111 0 0 18 23 15.033296378372908 14.0 1.0504944731660408 
102 110 0 0 16 25 15.033296378372908 14.0 1.0511365925281937 
100 109 0 0 16 25 15.033296378372908 14.0 1.048287056190341 
96 108 0 0 15 19 15.033296378372908 14.0 1.0519333332755374 
92 104 0 0 13 23 15.033296378372908 14.0 1.0509186988621293 
91 103 0 0 14 23 15.033296378372908 13.341664064126334 1.04814721790575 
89 102 0 0 14 19 14.0 13.341664064126334 1.0697605621307538 
83 101 1 0 13 25 14.0 13.341664064126334 1.0634141836200857 
82 99 1 0 12 19 14.0 13.341664064126334 1.0482880366753358 
81 97 1 1 12 18 13.038404810405298 13.341664064126334 1.047864883602697 
80 95 1 1 13 19 12.165525060596439 13.341664064126334 1.046665745406022 
79 93 1 1 13 19 12.165525060596439 13.341664064126334 1.0477568413001772 
78 92 1 1 12 20 12.165525060596439 13.341664064126334 1.0478600608440378 
74 91 1 1 13 18 12.165525060596439 13.341664064126334 1.0471157255516246 
73 90 1 1 12 17 12.165525060596439 13.341664064126334 1.0513031882165347 
72 89 1 1 12 22 11.045361017187261 12.649110640673518 1.0623674979106021 
70 87 2 1 13 22 11.045361017187261 12.649110640673518 1.062540878211473 
69 86 2 1 12 22 11.045361017187261 12.649110640673518 1.047271070472135 
68 85 2 2 12 20 11.045361017187261 12.649110640673518 1.0588801063567548 
67 84 3 2 12 20 11.045361017187261 12.649110640673518 1.0604399413121919 
65 83 3 2 12 21 11.045361017187261 12.649110640673518 1.0601292521347108 
63 81 3 2 10 20 10.0 12.649110640673518 1.0599435791898704 
62 80 3 2 10 20 10.0 12.649110640673518 1.0710978121702281 
61 78 4 2 11 21 10.0 12.649110640673518 1.070353476877815 
60 77 4 2 10 20 10.0 12.649110640673518 1.0697188274009721 
58 76 4 2 11 19 10.0 12.649110640673518 1.0708099232951274 
57 75 4 2 10 20 10.0 12.649110640673518 1.0713731020988229 
56 74 4 2 10 21 9.055385138137417 12.083045973594572 1.0713888909427132 
55 73 4 2 10 21 8.246211251235321 12.083045973594572 1.071982624241898 
54 72 4 2 8 21 8.0 12.083045973594572 1.065085693168418 
53 68 4 2 8 17 8.0 12.083045973594572 1.0649000202235774 
52 67 4 2 8 17 8.0 12.083045973594572 1.0776959016609018 
50 66 5 2 7 17 8.0 12.083045973594572 1.0765925131227772 
49 65 5 2 7 16 8.0 12.083045973594572 1.0764068401779363 
48 64 5 2 7 16 8.0 12.083045973594572 1.0762211672330957 
47 63 5 2 7 16 8.0 12.083045973594572 1.0763945475339665 
46 62 5 2 6 16 8.0 12.083045973594572 1.0633192242269078 
45 61 5 3 5 16 8.0 12.083045973594572 1.060461689779584 
44 59 5 3 5 15 8.0 11.045361017187261 1.0606350700804548 
43 58 5 3 4 15 8.0 11.045361017187261 1.0593441841998996 
42 57 5 3 5 15 8.0 10.0 1.045351145299557 
41 56 5 4 4 14 8.0 10.0 1.044401300152586 
39 55 5 4 4 13 8.0 9.055385138137417 1.0459611351080231 
37 54 5 4 4 14 8.0 9.055385138137417 1.0481952189792998 
35 53 5 4 4 15 8.0 10.0 1.0615497627641972 
33 52 6 4 4 16 8.0 10.0 1.069828870505162 
31 48 7 4 2 14 8.0 10.0 1.071874063096438 
30 47 7 4 2 17 7.0710678118654755 8.94427190999916 1.0681745143638512 
28 46 7 4 2 12 5.0990195135927845 8.602325267042627 1.0682624667060379 
27 45 7 4 2 12 4.0 8.602325267042627 1.0577898064924869 
26 44 7 5 2 15 3.1622776601683795 8.602325267042627 1.0582963959599396 
25 43 7 5 1 15 5.830951894845301 10.0 1.0631941737159198 
24 39 8 5 1 11 5.830951894845301 10.0 1.0618704302005277 
23 38 8 5 0 9 4.47213595499958 10.0 1.0602004493049872 
23 37 8 5 1 8 2.8284271247461903 10.295630140987 1.063120022977296 
22 36 8 5 1 11 1.4142135623730951 10.295630140987 1.0723352667408983 
21 35 9 5 0 9 5.0990195135927845 10.295630140987 1.0567960276290158 
21 34 9 6 1 7 1.4142135623730951 10.295630140987 1 
