140 140 0 0 14 14 16.0 16.0 0.979146477938457 
138 138 0 0 17 17 16.0 14.142135623730951 0.9881400648586434 
134 137 0 0 16 21 13.038404810405298 16.0 0.9929636104572228 
132 136 0 0 16 26 13.038404810405298 16.0 0.9955180950285647 
130 135 0 0 16 28 13.038404810405298 16.0 0.9937200696594565 
128 131 0 0 16 27 13.038404810405298 16.0 0.9965888288258717 
126 130 0 0 14 28 13.341664064126334 16.0 0.9947048969769424 
125 128 0 0 14 26 13.038404810405298 16.0 0.9936238470352696 
123 127 0 0 15 24 13.038404810405298 16.0 0.9939092705793741 
121 126 0 0 15 23 13.038404810405298 16.0 0.9924239764865574 
120 125 0 0 14 20 13.038404810405298 16.0 0.9937846078956322 
119 124 0 0 14 21 12.165525060596439 16.0 0.9931449723897692 
117 120 0 0 15 23 12.0 15.033296378372908 0.9938206919530158 
115 119 0 0 16 24 13.038404810405298 15.033296378372908 0.9912663129081617 
113 115 0 0 16 22 13.038404810405298 15.033296378372908 0.9982126856682643 
111 114 0 0 15 29 13.038404810405298 15.033296378372908 0.9920227721103956 
109 110 0 0 16 23 13.038404810405298 15.033296378372908 0.991613712683429 
107 108 0 0 16 22 13.038404810405298 15.033296378372908 0.9926554899032792 
105 107 0 0 16 22 13.038404810405298 15.033296378372908 0.9952099744746213 
103 106 0 0 16 24 13.038404810405298 15.033296378372908 1.0046321808359326 
95 105 0 0 17 29 13.038404810405298 15.033296378372908 1.0139554568668105 
94 104 1 0 16 24 13.038404810405298 15.033296378372908 1.0198980986589552 
88 102 1 0 15 26 13.038404810405298 15.033296378372908 1.024323523019324 
87 98 1 0 14 33 12.165525060596439 15.033296378372908 1.0154827967394384 
86 96 1 0 14 22 12.165525060596439 15.033296378372908 1.0191112870651282 
84 95 1 0 11 23 12.165525060596439 15.033296378372908 1.0328021638526774 
76 94 2 0 19 23 12.165525060596439 15.033296378372908 1.0469016020260857 
68 93 2 0 12 27 11.045361017187261 15.033296378372908 1.047114627398786 
67 89 2 0 11 29 11.045361017187261 15.033296378372908 1.049316705204818 
66 88 2 0 11 31 10.0 15.033296378372908 1.0494903523292076 
65 87 2 0 11 31 10.0 15.033296378372908 1.0595699820358315 
64 86 3 0 10 27 10.0 15.033296378372908 1.0449757049260064 
62 85 3 1 11 24 10.0 15.033296378372908 1.044246764508936 
61 84 3 1 10 22 10.0 15.033296378372908 1.0491047675535152 
60 83 3 1 11 29 10.0 15.033296378372908 1.0598855986580933 
56 82 4 1 11 24 10.0 14.142135623730951 1.0687449887446547 
55 81 5 1 12 20 10.0 14.142135623730951 1.071617125394599 
53 80 5 1 9 20 10.0 14.142135623730951 1.0716445386532742 
52 79 5 1 8 19 10.0 14.142135623730951 1.0714468797493766 
51 77 5 1 8 20 9.055385138137417 12.649110640673518 1.071010407063735 
50 76 5 1 9 20 9.055385138137417 12.649110640673518 1.0734950226881097 
48 75 5 1 7 19 7.0710678118654755 12.649110640673518 1.0740100621460387 
47 74 5 1 6 19 7.615773105863909 12.649110640673518 1.0744417195558578 
45 73 5 1 7 19 7.615773105863909 12.649110640673518 1.073981977713077 
44 72 5 1 5 17 7.615773105863909 12.083045973594572 1.0743552669159202 
43 71 5 1 5 17 7.211102550927978 12.083045973594572 1.0737383102287188 
42 70 5 1 5 17 7.211102550927978 10.770329614269007 1.0728728034892956 
41 68 5 1 5 17 7.211102550927978 10.198039027185569 1.0746709343848917 
39 67 5 1 5 18 7.211102550927978 10.198039027185569 1.090045039821736 
38 66 6 1 4 21 7.211102550927978 10.198039027185569 1.0925496186780386 
37 64 6 1 4 25 7.211102550927978 10.198039027185569 1.0926389026413887 
36 62 6 1 3 25 7.211102550927978 10.198039027185569 1.090605359443216 
35 60 6 1 3 23 7.211102550927978 10.198039027185569 1.0795348404266907 
34 59 6 2 3 25 7.211102550927978 10.198039027185569 1.0795622536853657 
33 58 6 2 2 24 7.211102550927978 10.198039027185569 1.0785066853496688 
32 57 6 2 3 24 7.0710678118654755 9.055385138137417 1.0627928734813876 
31 53 6 3 2 21 5.830951894845301 9.055385138137417 1.0624422909484845 
30 52 6 3 3 21 5.656854249492381 9.055385138137417 1.0622978250374273 
29 51 6 3 2 19 4.47213595499958 9.055385138137417 1.0627309263044113 
28 50 6 3 3 20 4.242640687119285 9.055385138137417 1.0617786235981779 
27 49 6 3 2 17 3.1622776601683795 9.055385138137417 1.0601502012195703 
26 48 7 4 3 16 3.1622776601683795 9.055385138137417 1.0602877564905282 
25 47 7 4 2 16 4.47213595499958 9.055385138137417 1.0603151697492035 
24 46 7 4 1 15 4.47213595499958 9.055385138137417 1.0726638604830647 
23 45 8 4 0 14 4.47213595499958 9.055385138137417 1.0706574654102436 
23 44 8 4 1 12 2.8284271247461903 9.055385138137417 1.0580155801493742 
22 43 8 5 1 11 1.4142135623730951 9.055385138137417 1.067910769264057 
21 42 9 5 0 10 5.0990195135927845 8.0 1.0684240460144065 
21 41 9 5 1 10 1.4142135623730951 8.0 1 
