140 140 0 0 14 14 16.0 16.0 1.0809357635704957 
138 139 0 0 17 17 16.0 14.142135623730951 1.082264340329433 
134 137 0 0 16 16 12.649110640673518 16.0 1.0851172410166408 
132 136 0 0 16 19 14.142135623730951 16.0 1.0837254030558365 
130 135 0 0 16 18 14.142135623730951 15.033296378372908 1.0797187191667017 
128 131 0 0 16 17 15.033296378372908 15.033296378372908 1.0840319435458492 
126 130 0 0 14 21 15.033296378372908 15.033296378372908 1.0820020082734363 
124 129 0 0 16 19 15.033296378372908 15.033296378372908 1.0825668744436363 
122 127 0 0 15 21 15.033296378372908 14.142135623730951 1.0816598466938208 
120 126 0 0 16 20 15.033296378372908 14.142135623730951 1.0815333244711889 
118 124 0 0 17 21 15.033296378372908 14.142135623730951 1.0796002635584623 
116 123 0 0 18 19 15.033296378372908 14.0 1.0844449672341687 
114 122 0 0 18 24 15.033296378372908 14.0 1.089144411656474 
112 120 0 0 18 30 15.033296378372908 14.0 1.0921375857710107 
110 119 0 0 18 33 15.033296378372908 14.0 1.0914277007632083 
108 118 0 0 18 32 15.033296378372908 14.0 1.0907178157554058 
106 117 0 0 18 31 15.033296378372908 14.0 1.090933695528188 
104 116 0 0 18 31 15.033296378372908 14.0 1.0913403740567789 
98 115 0 0 16 28 15.033296378372908 14.0 1.091805280060185 
96 113 0 0 14 29 15.033296378372908 14.0 1.1061644387128968 
95 112 1 0 16 33 15.033296378372908 14.0 1.1028744021053525 
93 111 1 0 15 29 15.033296378372908 14.0 1.100896350321551 
91 109 1 0 16 28 15.033296378372908 14.0 1.1007778935397865 
89 108 1 0 13 27 15.033296378372908 14.0 1.101556955711155 
88 107 1 0 12 28 14.142135623730951 14.0 1.09747834813556 
86 106 1 0 15 24 14.142135623730951 14.0 1.100498324721734 
82 105 1 0 12 25 14.142135623730951 14.0 1.1141288613358737 
81 104 2 0 13 28 14.142135623730951 14.0 1.1081134138751858 
79 102 2 0 11 22 14.142135623730951 14.0 1.1107641859943083 
77 100 2 0 12 26 14.142135623730951 14.0 1.1059049327027948 
76 99 2 0 11 21 14.142135623730951 14.0 1.1160295529366078 
75 98 3 0 11 20 14.142135623730951 14.0 1.1183926291447213 
74 97 3 0 11 23 14.0 14.0 1.1168473236268441 
72 96 3 0 11 21 13.038404810405298 14.0 1.1162697206383925 
70 95 3 0 12 21 12.165525060596439 13.038404810405298 1.1184088881481102 
68 94 3 0 12 23 11.40175425099138 13.038404810405298 1.1203384786622201 
66 93 3 0 13 25 10.770329614269007 13.038404810405298 1.1195028525855455 
62 92 3 0 11 22 10.295630140987 13.038404810405298 1.1197187323583278 
60 91 3 0 11 22 10.295630140987 13.038404810405298 1.1326994730828788 
56 90 4 0 11 22 10.295630140987 13.038404810405298 1.1352881313828882 
54 89 4 0 9 24 8.94427190999916 13.038404810405298 1.1316038092913185 
52 88 4 0 10 20 8.94427190999916 13.038404810405298 1.130676884605582 
51 87 4 0 8 19 8.602325267042627 13.038404810405298 1.1319036992941367 
50 86 4 0 9 21 8.602325267042627 13.038404810405298 1.1304651922477622 
48 85 4 0 8 19 8.602325267042627 13.038404810405298 1.1311605276397574 
47 84 4 0 7 20 8.602325267042627 13.038404810405298 1.1440624422153252 
46 83 5 0 7 22 8.602325267042627 13.038404810405298 1.143832012826736 
45 82 5 0 6 22 8.602325267042627 13.038404810405298 1.1414076518815628 
44 80 5 0 6 21 8.602325267042627 13.038404810405298 1.142973315515876 
40 78 5 0 5 22 8.48528137423857 13.038404810405298 1.1422634305080737 
38 77 5 0 5 21 8.48528137423857 13.038404810405298 1.1422821675388433 
36 76 5 0 6 21 8.48528137423857 13.038404810405298 1.153444525160066 
34 75 6 0 4 20 8.48528137423857 13.038404810405298 1.1532140957714765 
33 74 6 0 3 20 8.48528137423857 13.038404810405298 1.1523679006924727 
32 73 6 0 2 20 8.48528137423857 12.165525060596439 1.1510145637812863 
31 72 6 0 2 19 8.48528137423857 12.165525060596439 1.1468839325283446 
30 71 6 0 2 15 8.48528137423857 12.165525060596439 1.1446436390596642 
29 70 7 1 1 15 8.48528137423857 12.165525060596439 1.145859457182068 
28 69 7 1 2 17 8.602325267042627 12.165525060596439 1.146532857149175 
26 68 7 1 1 17 5.830951894845301 12.165525060596439 1.1463024277605858 
25 67 7 1 0 17 5.830951894845301 12.165525060596439 1.130769900785111 
25 66 7 2 1 16 4.242640687119285 12.165525060596439 1.1293950022201364 
24 65 7 2 1 15 4.47213595499958 12.165525060596439 1.1404453872345341 
23 64 8 2 1 15 4.47213595499958 12.165525060596439 1.14015606056941 
22 63 8 2 0 15 5.0990195135927845 12.165525060596439 1.1390698555292926 
22 62 8 2 1 15 3.1622776601683795 12.165525060596439 1.1503173832857032 
21 61 9 2 0 15 3.1622776601683795 12.165525060596439 1.1465717116188574 
21 60 9 2 1 13 1.4142135623730951 11.045361017187261 1 
