140 140 0 0 14 14 16.0 16.0 0.9994750960547057 
138 138 0 0 17 17 16.0 14.142135623730951 1.005606525903157 
134 136 0 0 16 18 13.038404810405298 16.0 1.009659328376332 
132 134 0 0 16 22 13.038404810405298 16.0 1.013692701046293 
130 133 0 0 16 25 13.038404810405298 16.0 1.0129124362161128 
128 132 0 0 16 23 13.038404810405298 16.0 1.014956678001406 
126 131 0 0 14 23 13.038404810405298 16.0 1.018110428859164 
124 129 0 0 16 27 13.038404810405298 16.0 1.0176710587384046 
122 128 0 0 15 25 13.341664064126334 16.0 1.0135530856004307 
120 127 0 0 16 20 13.341664064126334 16.0 1.0142487499625985 
118 126 0 0 17 20 13.341664064126334 16.0 1.0130383891279238 
116 124 0 0 18 19 13.341664064126334 16.0 1.0170717617978846 
114 123 0 0 18 22 13.341664064126334 16.0 1.0182169519677609 
112 122 0 0 18 22 13.341664064126334 16.0 1.0203248696376654 
110 121 0 0 18 23 13.341664064126334 16.0 1.0157131246105862 
108 119 0 0 18 18 13.341664064126334 16.0 1.0192332955882275 
106 118 0 0 17 20 13.341664064126334 16.0 1.0184724605612614 
104 116 0 0 17 19 13.341664064126334 16.0 1.021479429846583 
102 115 0 0 15 20 13.341664064126334 16.0 1.0248404596523717 
98 114 0 0 19 22 13.341664064126334 16.0 1.0243305829333753 
96 112 0 0 19 22 13.341664064126334 15.033296378372908 1.0270995986292506 
95 111 0 0 16 24 15.033296378372908 15.033296378372908 1.0277315871068073 
93 110 0 0 15 23 15.033296378372908 15.033296378372908 1.0279140497766552 
91 109 0 0 15 22 15.033296378372908 15.033296378372908 1.0286097141388226 
89 108 0 0 16 22 15.033296378372908 15.033296378372908 1.0287921768086705 
87 107 0 0 16 21 15.033296378372908 15.033296378372908 1.0422319299248202 
85 106 1 0 13 20 15.033296378372908 15.033296378372908 1.0532788616844986 
84 105 2 0 13 19 15.033296378372908 15.033296378372908 1.0548735776620835 
82 104 2 0 12 19 15.033296378372908 15.033296378372908 1.0560187678319595 
80 103 2 0 12 19 15.033296378372908 15.033296378372908 1.0562012305018076 
78 102 2 0 12 18 15.033296378372908 15.033296378372908 1.0580336545061375 
77 101 2 0 11 19 14.142135623730951 15.033296378372908 1.058185515426136 
76 100 2 0 11 19 14.0 15.033296378372908 1.0601883622069286 
74 99 2 0 12 20 13.038404810405298 15.033296378372908 1.0637736104346955 
72 98 2 0 12 23 12.165525060596439 14.0 1.0624801439121956 
70 97 2 0 11 20 12.165525060596439 14.0 1.0774595021053042 
68 96 3 0 11 22 12.165525060596439 14.0 1.0788782841305637 
66 95 3 0 11 22 11.40175425099138 14.0 1.0789792303670949 
65 94 3 0 11 22 11.40175425099138 14.0 1.0820693053402417 
63 92 3 0 11 25 11.40175425099138 14.0 1.0827649697024093 
61 91 3 0 12 25 11.40175425099138 14.0 1.09626839870317 
59 90 4 0 11 25 11.40175425099138 14.0 1.111952002272864 
57 89 5 0 10 28 11.40175425099138 13.038404810405298 1.1110897209662596 
55 88 5 0 9 25 10.198039027185569 13.038404810405298 1.1097856779628532 
54 87 5 0 8 23 10.0 13.038404810405298 1.1074479675070081 
53 86 5 0 7 20 10.0 13.038404810405298 1.1081436318691757 
51 85 5 0 8 20 10.0 13.038404810405298 1.1077508062166015 
50 83 5 0 7 20 10.0 13.038404810405298 1.106889024953104 
49 82 5 0 7 19 10.0 13.038404810405298 1.1071881370014722 
48 81 5 0 7 20 10.0 12.0 1.1158158418719888 
47 79 6 0 6 17 10.0 12.0 1.116879515608548 
46 78 6 0 6 18 10.0 12.0 1.1168056325145066 
45 77 6 0 5 17 9.055385138137417 12.0 1.123344700602064 
41 76 6 0 9 22 8.246211251235321 12.0 1.1133283670488183 
37 74 6 1 7 22 8.246211251235321 12.0 1.1184038628439132 
36 70 7 1 6 18 8.246211251235321 11.045361017187261 1.1272283713445197 
30 69 7 1 5 20 5.0990195135927845 11.045361017187261 1.1387248289119067 
29 68 8 1 4 19 5.0990195135927845 11.045361017187261 1.138706255414168 
28 67 8 1 3 18 4.0 11.045361017187261 1.1388072016506992 
27 66 8 1 3 18 4.0 11.045361017187261 1.1392082300668167 
26 65 8 1 3 18 3.1622776601683795 11.045361017187261 1.137383721303291 
25 64 8 1 3 16 3.1622776601683795 11.045361017187261 1.1379341933475309 
24 63 8 1 2 16 3.1622776601683795 11.045361017187261 1.1259865938215339 
22 62 8 2 1 15 1.4142135623730951 11.045361017187261 1.1364194259172344 
21 61 9 2 0 15 7.0710678118654755 11.045361017187261 1.1368763036872733 
21 60 9 2 0 15 3.1622776601683795 11.045361017187261 1.1229038921791974 
21 59 9 3 1 15 1.4142135623730951 11.045361017187261 1 
