140 140 0 0 14 14 16.0 16.0 1.0753583264806714 
138 139 0 0 17 18 16.0 14.142135623730951 1.0771647249962688 
134 138 0 0 16 16 12.649110640673518 16.0 1.079786059057619 
132 136 0 0 16 19 12.649110640673518 16.0 1.081169058056926 
130 134 0 0 16 21 14.142135623730951 16.0 1.0827513222789988 
128 133 0 0 16 22 14.142135623730951 16.0 1.0854563376150848 
126 129 0 0 14 27 14.142135623730951 16.0 1.0890330602409766 
124 128 0 0 16 30 14.142135623730951 16.0 1.0885196156967023 
122 127 0 0 15 29 14.142135623730951 16.0 1.0888427402666498 
120 125 0 0 16 30 14.142135623730951 16.0 1.0925207132550696 
118 124 0 0 17 33 14.142135623730951 16.0 1.0785445047994175 
116 116 0 0 18 28 14.142135623730951 15.033296378372908 1.0723539347460693 
114 115 0 0 18 22 15.033296378372908 15.033296378372908 1.0728377194037046 
112 114 0 0 18 22 15.033296378372908 15.033296378372908 1.0705922781344805 
108 112 0 0 20 20 15.033296378372908 14.0 1.083905033108779 
104 111 0 0 18 30 15.033296378372908 14.0 1.0860674457631991 
102 110 0 0 18 32 15.033296378372908 13.341664064126334 1.077667718184879 
100 108 0 0 16 25 15.033296378372908 13.038404810405298 1.079730125722829 
99 107 0 0 14 27 15.033296378372908 13.038404810405298 1.07923241331916 
98 105 0 0 15 28 15.033296378372908 13.038404810405298 1.0832892792609283 
97 104 0 0 15 32 15.033296378372908 13.038404810405298 1.084584799648627 
93 102 1 0 14 22 15.033296378372908 13.038404810405298 1.0964322729039853 
92 101 1 0 13 33 15.033296378372908 13.038404810405298 1.0862089045080676 
91 100 1 0 13 24 15.033296378372908 13.038404810405298 1.0836989606624106 
90 98 1 0 13 23 14.142135623730951 13.038404810405298 1.0800797838632676 
89 97 1 0 13 20 14.0 13.038404810405298 1.0862472918050048 
87 96 1 0 12 25 13.038404810405298 13.038404810405298 1.0822582630127298 
85 94 1 0 13 22 12.165525060596439 13.038404810405298 1.0804438381789625 
83 93 1 0 14 20 12.165525060596439 13.038404810405298 1.0886169797876597 
81 92 1 0 14 27 12.165525060596439 13.038404810405298 1.0836205012778788 
79 90 1 0 14 23 11.40175425099138 13.038404810405298 1.0907543104950066 
77 89 1 0 14 29 10.770329614269007 13.038404810405298 1.0889819888508991 
75 88 1 0 14 27 11.40175425099138 13.038404810405298 1.0885697946691528 
73 87 1 0 12 26 11.40175425099138 13.038404810405298 1.1048863464351772 
65 86 2 0 15 26 11.40175425099138 13.038404810405298 1.1060076888383852 
63 85 2 0 10 26 10.0 13.038404810405298 1.1096856618268047 
61 84 2 0 11 29 10.0 13.038404810405298 1.097760612090119 
59 83 2 0 13 18 11.313708498984761 13.038404810405298 1.1126010480638102 
55 82 3 0 9 19 11.313708498984761 13.038404810405298 1.1129835823589178 
53 81 3 0 10 19 11.313708498984761 13.038404810405298 1.1241235781891854 
49 80 4 0 10 17 11.313708498984761 13.038404810405298 1.1318917183477712 
47 79 4 0 14 24 11.313708498984761 13.038404810405298 1.1445351951925877 
43 78 5 0 10 23 11.313708498984761 13.038404810405298 1.1571849010981046 
39 77 6 0 10 23 11.313708498984761 12.165525060596439 1.1680854536331604 
37 76 7 0 7 22 11.313708498984761 12.165525060596439 1.1678057324801512 
35 75 7 0 5 21 9.899494936611665 12.165525060596439 1.1655054444265605 
34 74 7 0 4 19 8.48528137423857 12.165525060596439 1.1641711629086702 
33 73 7 0 3 18 8.48528137423857 12.165525060596439 1.1649638128233357 
32 72 7 0 4 19 7.0710678118654755 12.165525060596439 1.1487286654411388 
31 71 7 1 3 17 7.0710678118654755 12.165525060596439 1.134589226825289 
30 70 7 2 3 17 7.0710678118654755 12.165525060596439 1.1488603599194225 
29 69 8 2 2 20 7.0710678118654755 12.165525060596439 1.1462250981120385 
28 68 8 2 3 18 7.0710678118654755 12.165525060596439 1.1461217691873227 
27 67 8 2 2 18 5.656854249492381 12.165525060596439 1.1476877252343154 
25 66 8 2 2 19 5.830951894845301 12.165525060596439 1.1487304067153266 
24 65 8 2 2 20 2.8284271247461903 12.165525060596439 1.1335937388975668 
23 64 8 3 1 19 2.8284271247461903 12.165525060596439 1.1310909501189204 
22 63 8 3 2 17 1.4142135623730951 12.165525060596439 1.1420041492135646 
21 62 9 3 0 17 3.1622776601683795 12.165525060596439 1.1409087552301438 
21 61 9 3 1 17 1.4142135623730951 12.165525060596439 1 
