140 140 0 0 14 14 16.0 16.0 1.0668245382766606 
138 139 0 0 17 17 16.0 14.142135623730951 1.0739010532286244 
134 138 0 0 16 20 12.165525060596439 16.0 1.075319884555571 
132 137 0 0 16 21 12.0 16.0 1.0784893772585544 
130 135 0 0 16 25 12.0 16.0 1.0806227234187098 
128 134 0 0 16 27 13.341664064126334 16.0 1.0806011899204302 
126 133 0 0 14 26 13.341664064126334 16.0 1.0795713709766765 
124 132 0 0 16 25 13.341664064126334 16.0 1.0765317386279551 
122 130 0 0 15 23 13.341664064126334 15.033296378372908 1.0773974442984993 
120 129 0 0 16 24 15.033296378372908 15.033296378372908 1.0747020215901655 
118 128 0 0 17 21 15.033296378372908 15.033296378372908 1.074883111570755 
116 127 0 0 18 21 15.033296378372908 15.033296378372908 1.0743574353497383 
114 126 0 0 18 20 15.033296378372908 15.033296378372908 1.0728729215657473 
112 125 0 0 18 18 15.033296378372908 15.033296378372908 1.075223758033654 
110 124 0 0 18 20 15.033296378372908 15.033296378372908 1.0737392442496632 
108 123 0 0 18 18 15.033296378372908 15.033296378372908 1.0759072093033204 
104 122 0 0 21 19 15.033296378372908 15.033296378372908 1.078055422292358 
102 121 0 0 18 20 15.033296378372908 15.033296378372908 1.0835348428105562 
100 120 0 0 17 25 15.033296378372908 15.033296378372908 1.0838278228246165 
98 118 0 0 17 26 15.033296378372908 15.033296378372908 1.0778847913261655 
96 114 0 0 14 22 15.033296378372908 15.033296378372908 1.0802356277940721 
94 113 0 0 14 24 15.033296378372908 15.033296378372908 1.083293230463585 
92 112 0 0 15 27 15.033296378372908 15.033296378372908 1.0749000898220211 
90 106 0 0 13 23 15.033296378372908 15.033296378372908 1.0791686014158768 
88 105 0 0 13 27 15.033296378372908 15.033296378372908 1.0729424659356752 
87 103 0 0 13 22 15.033296378372908 15.033296378372908 1.0714579521516843 
85 102 0 0 13 20 15.033296378372908 15.033296378372908 1.0730174534540797 
83 101 0 0 13 21 14.0 15.033296378372908 1.0712287352536178 
82 100 0 0 13 20 13.038404810405298 14.142135623730951 1.0718546440421353 
81 99 0 0 13 21 13.038404810405298 14.142135623730951 1.0698561115030976 
80 98 0 0 12 19 13.038404810405298 14.142135623730951 1.0738725517355847 
78 97 0 0 13 23 13.038404810405298 14.142135623730951 1.0699563440705984 
77 96 0 0 12 19 13.038404810405298 14.142135623730951 1.0688060758104365 
76 95 0 0 12 18 12.165525060596439 14.142135623730951 1.067695893543897 
75 94 0 0 12 17 11.045361017187261 14.142135623730951 1.0682985130202856 
73 93 0 0 12 17 10.0 14.142135623730951 1.0494493602377708 
72 89 0 1 12 15 9.055385138137417 14.142135623730951 1.048157593900339 
71 88 0 1 12 14 9.055385138137417 14.142135623730951 1.0477557024912392 
69 87 0 1 10 13 11.40175425099138 14.142135623730951 1.052516331174577 
68 86 0 1 11 18 8.0 14.142135623730951 1.0525834218636196 
67 85 0 1 9 18 8.0 14.0 1.0522504930891625 
66 84 0 1 9 18 8.0 14.0 1.0360905754491896 
65 83 0 2 7 15 8.0 14.0 1.0345566137826994 
63 82 0 2 11 14 8.0 14.0 1.0482636766636364 
61 81 1 2 8 15 8.0 14.0 1.0460130727632302 
60 80 1 2 8 13 8.0 14.0 1.0459915392649506 
58 79 1 2 6 12 8.0 14.0 1.0502007269439975 
57 78 1 2 7 17 8.0 14.0 1.0463855013769587 
53 77 2 3 11 14 8.0 14.0 1.0581969786098138 
49 76 3 3 15 14 8.0 13.038404810405298 1.0756231291308593 
43 75 4 3 10 15 7.0710678118654755 13.038404810405298 1.0897724766468415 
39 74 5 3 8 15 6.324555320336759 13.038404810405298 1.0870671779061978 
38 73 5 3 6 12 6.324555320336759 13.038404810405298 1.085833895590039 
37 71 5 3 6 12 5.0990195135927845 13.038404810405298 1.0847967751793908 
35 69 5 3 5 12 8.94427190999916 13.038404810405298 1.0693723875019652 
34 68 5 4 6 10 5.656854249492381 13.038404810405298 1.084240911424746 
32 67 6 4 6 13 5.656854249492381 13.038404810405298 1.086591747892653 
30 66 6 4 6 15 5.656854249492381 13.038404810405298 1.0839676791853372 
28 65 7 5 3 13 5.656854249492381 13.038404810405298 1.084822838910159 
27 64 7 5 3 14 4.242640687119285 13.038404810405298 1.0969899822754474 
25 63 8 5 3 14 3.1622776601683795 13.038404810405298 1.0944730944289776 
24 62 8 5 1 11 2.0 13.038404810405298 1.09327628693855 
23 61 8 5 1 10 1.4142135623730951 13.038404810405298 1.1038782822875575 
22 59 9 5 0 12 4.47213595499958 11.40175425099138 1 
