140 140 0 0 14 14 16.0 16.0 1.1036371407133767 
138 139 0 0 17 19 16.0 14.142135623730951 1.1056457332887988 
134 138 0 0 16 18 12.165525060596439 16.0 1.1076691348039545 
132 137 0 0 21 19 13.341664064126334 16.0 1.1047290907099399 
128 135 0 0 22 16 13.341664064126334 16.0 1.1028485514319457 
124 133 0 0 22 14 14.142135623730951 16.0 1.1081273352407408 
120 132 0 0 22 17 14.142135623730951 16.0 1.1124339061644037 
116 130 0 0 24 20 14.142135623730951 16.0 1.1175933551679715 
112 129 0 0 23 23 14.142135623730951 16.0 1.130949605414793 
108 127 1 0 20 25 14.142135623730951 16.0 1.1321644074362744 
104 125 1 0 16 26 14.142135623730951 16.0 1.1362188477564459 
102 124 1 0 18 29 14.142135623730951 16.0 1.1388467384307541 
100 123 1 0 18 31 14.142135623730951 16.0 1.1456125135994297 
94 122 2 0 17 25 14.142135623730951 16.0 1.1399252440258798 
92 121 2 0 17 20 14.142135623730951 16.0 1.142553134700188 
90 120 2 0 17 22 14.142135623730951 16.0 1.1453003601797236 
88 119 2 0 18 24 14.142135623730951 16.0 1.1491161308894402 
86 118 2 0 18 27 14.142135623730951 16.0 1.143479188740581 
84 114 2 0 19 25 14.142135623730951 16.0 1.1541835700522924 
82 113 2 0 17 34 14.142135623730951 16.0 1.1471345150512298 
78 107 3 0 13 23 14.142135623730951 16.0 1.1411395684866878 
76 103 3 0 11 21 14.142135623730951 16.0 1.1423254117969586 
75 102 3 0 15 22 14.142135623730951 16.0 1.1375873526483617 
73 101 3 0 13 18 14.142135623730951 16.0 1.1375623134630453 
72 99 3 0 17 19 14.142135623730951 16.0 1.148327136488774 
68 98 4 0 12 18 14.142135623730951 16.0 1.1508447327720153 
66 97 4 0 11 20 13.341664064126334 16.0 1.1480859291001997 
65 95 4 0 12 19 13.341664064126334 16.0 1.1536652881364209 
64 94 4 0 13 24 13.341664064126334 16.0 1.1597614623725285 
62 93 5 0 11 20 13.341664064126334 16.0 1.1597594256473907 
61 92 5 0 15 20 13.341664064126334 16.0 1.1750593669185017 
49 90 6 0 9 19 12.165525060596439 16.0 1.1736204290638101 
48 88 6 0 11 19 11.045361017187261 16.0 1.163381298932769 
44 87 6 1 9 21 7.0710678118654755 16.0 1.162901922986721 
43 86 6 1 9 21 7.0710678118654755 16.0 1.165986187146898 
42 85 6 1 9 24 7.0710678118654755 16.0 1.1666716887760797 
41 83 6 1 9 26 7.0710678118654755 16.0 1.1486238546123508 
40 82 6 2 10 23 6.0 16.0 1.1504972362769408 
39 80 6 2 10 26 6.0 16.0 1.135167797540156 
38 74 6 2 13 21 6.0 12.165525060596439 1.1487028485055992 
32 73 7 2 9 21 6.0 12.165525060596439 1.1352751031877797 
31 72 7 3 9 22 6.0 12.165525060596439 1.137615629649373 
29 68 8 3 6 18 6.324555320336759 12.165525060596439 1.1418786124152682 
28 66 8 3 6 23 5.0990195135927845 12.165525060596439 1.1385608028048229 
26 65 8 3 6 20 5.656854249492381 12.165525060596439 1.1374571667265079 
25 64 8 3 6 20 4.242640687119285 11.40175425099138 1.1369899922498194 
24 63 8 3 6 20 3.1622776601683795 11.40175425099138 1.1477221222837213 
22 62 9 3 3 20 2.8284271247461903 11.40175425099138 1 
