140 140 0 0 14 14 16.0 16.0 1.0971588818419313 
138 138 0 0 17 17 16.0 14.142135623730951 1.102857224561066 
134 136 0 0 16 20 13.038404810405298 16.0 1.1001072180836633 
132 135 0 0 21 17 13.341664064126334 16.0 1.0987941953612141 
128 133 0 0 22 16 13.341664064126334 15.033296378372908 1.1041339282900957 
124 132 0 0 22 19 15.033296378372908 15.033296378372908 1.1083217677538133 
120 131 0 0 22 21 15.033296378372908 15.033296378372908 1.1066426091382913 
116 130 0 0 23 18 15.033296378372908 15.033296378372908 1.1099661548588766 
112 129 0 0 26 19 15.033296378372908 15.033296378372908 1.114797498156644 
108 128 0 0 21 22 15.033296378372908 15.033296378372908 1.1149573219819278 
104 127 0 0 17 21 15.033296378372908 15.033296378372908 1.1370480928685447 
100 126 1 0 16 29 15.033296378372908 15.033296378372908 1.153294433331809 
96 124 2 0 13 34 13.341664064126334 14.0 1.1548550832496036 
94 122 2 0 14 36 14.142135623730951 14.0 1.1479744796960296 
92 121 2 0 14 30 14.142135623730951 14.0 1.1410432737338831 
90 117 2 0 14 27 14.142135623730951 14.0 1.1485084134613823 
88 116 2 0 14 33 14.142135623730951 14.0 1.148800681548345 
86 115 2 0 14 33 14.142135623730951 14.0 1.1522039494988336 
80 114 3 0 14 24 13.341664064126334 14.0 1.1512838715095162 
78 112 3 0 14 24 13.341664064126334 14.0 1.1539670968099909 
76 111 3 0 14 26 13.341664064126334 14.0 1.1553649061493363 
75 110 3 0 20 27 13.341664064126334 14.0 1.1726909577614808 
69 108 4 0 13 32 13.341664064126334 13.038404810405298 1.1670058328146626 
67 107 4 0 13 27 13.341664064126334 13.038404810405298 1.171859225419567 
65 106 4 0 11 31 13.341664064126334 13.038404810405298 1.173516465036789 
61 105 5 0 9 22 13.341664064126334 13.038404810405298 1.179144214030452 
60 104 5 0 10 27 13.341664064126334 13.038404810405298 1.189280198849508 
56 103 6 0 9 25 13.341664064126334 13.038404810405298 1.192414409191921 
55 102 6 0 9 28 13.038404810405298 13.038404810405298 1.1819529922165761 
53 100 6 0 9 20 12.165525060596439 13.038404810405298 1.1844351062689873 
51 99 6 0 7 22 11.40175425099138 13.038404810405298 1.1855606548143562 
43 98 6 0 6 19 10.770329614269007 13.038404810405298 1.1841381578199022 
42 97 6 0 8 18 10.295630140987 13.038404810405298 1.1908847734264223 
36 96 6 0 6 21 7.211102550927978 13.038404810405298 1.1929260865998168 
35 95 6 0 7 23 7.211102550927978 13.038404810405298 1.2037492957148448 
33 93 7 0 5 24 10.0 13.038404810405298 1.197482051186916 
32 89 7 0 7 22 10.0 13.038404810405298 1.1979263160987628 
31 88 7 0 7 23 8.602325267042627 12.649110640673518 1.2076427704067907 
29 87 8 0 5 22 8.602325267042627 12.649110640673518 1.2071391031768068 
28 86 8 0 5 22 10.295630140987 12.649110640673518 1.218394989580641 
24 85 9 0 3 21 8.94427190999916 12.649110640673518 1.2190542631944514 
23 84 9 0 2 22 7.615773105863909 12.649110640673518 1.2167879225243818 
22 82 9 0 0 22 6.324555320336759 12.165525060596439 1.2187504168435577 
21 81 9 0 0 24 5.0990195135927845 12.165525060596439 1.2165479266523196 
21 80 9 0 1 23 1.4142135623730951 12.165525060596439 1 
