140 140 0 0 14 14 16.0 16.0 1.0787271212122793 
138 138 0 0 17 17 16.0 14.142135623730951 1.0838065755097217 
134 136 0 0 16 20 13.038404810405298 16.0 1.0840096272790323 
132 135 0 0 16 20 13.341664064126334 16.0 1.0851107900115808 
130 134 0 0 16 21 14.0 16.0 1.0825433005284282 
128 133 0 0 16 18 14.0 16.0 1.0821056523937245 
126 131 0 0 14 18 14.0 16.0 1.0856727625203255 
124 130 0 0 16 22 14.0 16.0 1.08797377629328 
122 129 0 0 15 24 14.0 16.0 1.0926748941178783 
120 128 0 0 16 29 14.0 16.0 1.0898928051590993 
118 127 0 0 17 26 14.142135623730951 16.0 1.0917930513151144 
116 126 0 0 18 28 14.142135623730951 16.0 1.090408454682217 
114 125 0 0 18 27 14.142135623730951 15.033296378372908 1.0896190837060986 
112 124 0 0 18 26 15.033296378372908 15.033296378372908 1.0898524658915287 
110 123 0 0 18 26 15.033296378372908 15.033296378372908 1.091019471966486 
108 122 0 0 18 27 15.033296378372908 15.033296378372908 1.089385606372861 
106 121 0 0 18 25 15.033296378372908 15.033296378372908 1.0959539719765143 
104 120 0 0 19 32 15.033296378372908 15.033296378372908 1.086591795354 
100 119 0 0 19 21 15.033296378372908 14.142135623730951 1.1105886221836876 
99 117 1 0 19 36 15.033296378372908 14.142135623730951 1.0951078161459586 
95 113 1 0 18 21 15.033296378372908 14.142135623730951 1.0953411983313885 
93 112 1 0 18 21 15.033296378372908 14.142135623730951 1.100676465958356 
89 110 1 0 17 26 15.033296378372908 14.142135623730951 1.0944366906780176 
87 108 1 0 16 20 15.033296378372908 14.142135623730951 1.0968899682573576 
85 107 1 0 15 23 15.033296378372908 13.038404810405298 1.101258613617837 
83 106 1 0 13 27 15.033296378372908 13.038404810405298 1.091741234765356 
81 102 1 0 13 20 15.033296378372908 13.038404810405298 1.1051373100880264 
80 101 2 0 20 24 15.033296378372908 13.038404810405298 1.106572995124274 
78 100 2 0 14 24 15.033296378372908 13.038404810405298 1.1092441719975255 
77 99 2 0 13 27 14.142135623730951 13.038404810405298 1.1034236045930086 
76 98 2 0 12 21 14.142135623730951 13.038404810405298 1.1156603193345727 
74 96 3 0 12 23 14.142135623730951 12.649110640673518 1.118161716915997 
72 95 3 0 10 25 14.142135623730951 12.649110640673518 1.110473901732425 
71 94 3 0 9 17 14.142135623730951 12.649110640673518 1.1150368455094777 
69 92 3 0 10 23 14.142135623730951 12.649110640673518 1.1225670001836847 
68 91 4 0 9 19 14.142135623730951 12.649110640673518 1.1239673884440722 
64 89 4 0 9 20 14.142135623730951 12.649110640673518 1.1304257451812059 
63 87 5 0 8 16 14.142135623730951 12.649110640673518 1.1298825789249962 
62 85 5 0 8 17 14.0 12.649110640673518 1.130212134868955 
60 84 5 0 8 17 13.038404810405298 12.649110640673518 1.1328008333512065 
58 83 5 0 6 19 12.165525060596439 12.649110640673518 1.1342488732544402 
57 82 5 0 6 21 12.165525060596439 12.649110640673518 1.1341064375781797 
56 81 5 0 5 21 11.40175425099138 12.649110640673518 1.1326038094862951 
55 80 5 0 6 21 11.40175425099138 11.40175425099138 1.1333186093084708 
54 79 5 0 5 22 11.40175425099138 11.40175425099138 1.1173467921906506 
53 78 5 1 6 20 11.40175425099138 11.40175425099138 1.1169897940757538 
52 76 5 1 5 21 11.40175425099138 11.40175425099138 1.1150183126791735 
50 75 5 1 7 19 10.770329614269007 11.40175425099138 1.1163568385971196 
48 74 5 1 7 20 9.055385138137417 11.40175425099138 1.1022525486097108 
46 73 5 2 7 19 8.246211251235321 11.40175425099138 1.1058827118865522 
44 72 5 2 9 23 7.615773105863909 11.40175425099138 1.1024206822827285 
40 71 5 2 6 17 7.615773105863909 11.40175425099138 1.1132326485592625 
39 70 6 2 6 17 7.615773105863909 11.045361017187261 1.1149947206677329 
37 68 6 2 7 20 7.615773105863909 11.045361017187261 1.1265975252061295 
36 67 7 2 8 21 7.615773105863909 10.770329614269007 1.110545058068503 
34 66 7 3 8 18 7.615773105863909 10.770329614269007 1.1153951210657278 
33 65 7 3 5 23 7.615773105863909 10.770329614269007 1.1166985919837282 
32 64 7 3 3 25 7.615773105863909 10.0 1.124961986738993 
31 63 8 3 3 22 7.615773105863909 10.0 1.1230210954227455 
30 61 8 3 2 20 7.211102550927978 11.661903789690601 1.1233491331755618 
29 60 8 3 3 21 7.0710678118654755 11.661903789690601 1.1215279194331953 
27 59 8 3 3 19 8.94427190999916 11.661903789690601 1.1172360419517187 
26 57 8 3 3 16 8.94427190999916 11.661903789690601 1.1160835939948395 
25 56 8 3 2 15 8.94427190999916 11.661903789690601 1.1282818681166835 
24 55 9 3 1 16 8.94427190999916 11.661903789690601 1.1277951459855864 
23 54 9 3 2 16 7.615773105863909 11.661903789690601 1.1256124238143659 
22 53 9 3 1 15 8.246211251235321 10.295630140987 1.1255111314928024 
21 52 9 3 0 15 7.0710678118654755 10.295630140987 1.1141461644674606 
21 51 9 4 0 18 3.1622776601683795 10.295630140987 1.1130488150175177 
21 50 9 4 1 18 1.4142135623730951 10.295630140987 1 
