140 140 0 0 14 14 14 14 0.010000000000000009 
138 138 0 0 17 17 25 25 0.09250000000000014 
134 136 0 0 16 21 30 34 0.12874999999999992 
132 135 0 0 16 23 32 37 0.17000000000000012 
130 133 0 0 16 27 32 44 0.10375000000000001 
128 129 0 0 16 24 32 47 0.12749999999999995 
126 128 0 0 14 23 30 46 0.06500000000000006 
125 124 0 0 14 22 28 54 0.09500000000000004 
123 123 0 0 15 24 36 58 0.02625000000000001 
121 121 0 0 16 19 42 59 0.05874999999999994 
119 120 0 0 17 21 45 56 0.0699999999999999 
117 119 0 0 17 21 45 57 0.09499999999999993 
116 118 0 0 16 22 46 58 0.11125000000000011 
114 117 0 0 17 23 49 58 0.20875000000000027 
110 116 0 0 18 29 54 65 0.25749999999999995 
109 115 0 0 17 32 58 70 0.33499999999999996 
107 114 0 0 17 38 56 76 0.33250000000000013 
105 113 0 0 17 37 53 75 0.245 
103 109 0 0 17 32 53 75 0.25249999999999995 
101 107 0 0 17 33 53 79 0.26875000000000016 
99 106 0 0 15 32 51 84 0.2849999999999999 
93 105 0 0 14 27 47 77 0.5287499999999998 
92 104 1 0 14 27 43 78 0.6012500000000002 
91 103 1 0 13 32 41 78 0.5425000000000001 
90 102 1 0 13 26 50 74 0.5387500000000001 
88 101 1 0 13 25 50 77 0.5662500000000001 
86 100 1 0 13 26 49 74 0.5937500000000001 
85 99 1 0 13 28 48 71 0.59125 
84 97 1 0 12 28 46 71 0.6162500000000002 
83 96 1 0 12 31 46 81 0.5075 
82 94 1 0 12 22 45 67 0.54 
78 93 1 0 13 22 49 65 0.9375000000000001 
76 92 2 0 13 35 51 89 0.99 
75 91 2 0 12 38 46 82 0.97625 
71 90 2 0 12 33 52 79 1.1400000000000001 
70 88 3 0 19 34 58 84 1.1837499999999999 
66 84 3 0 14 33 59 90 1.415 
65 82 4 0 13 34 44 100 1.33625 
64 80 4 0 13 26 56 85 1.4200000000000002 
62 79 4 0 11 30 52 84 1.195 
61 78 4 1 10 32 40 82 1.1887499999999998 
59 77 4 1 11 31 45 82 1.17875 
57 76 4 1 11 29 45 80 1.175 
56 75 4 1 10 27 41 69 1.18 
55 71 4 1 10 31 43 77 1.1149999999999998 
54 69 4 1 10 26 45 71 0.855 
53 68 4 2 10 25 46 70 0.80875 
52 66 4 2 9 21 44 65 0.76625 
51 65 4 2 9 17 43 58 0.8225000000000001 
47 64 4 2 10 20 45 65 0.5500000000000003 
45 62 4 3 9 17 44 62 0.5662500000000001 
44 61 4 3 8 17 39 54 0.56 
43 59 4 3 8 17 45 55 0.81125 
42 58 5 3 8 17 46 55 0.8175 
41 56 5 3 7 18 41 55 0.7875 
40 55 5 3 7 16 35 53 0.77375 
39 53 5 3 5 14 31 50 0.7637500000000002 
38 52 5 3 6 14 34 51 0.7837500000000001 
37 51 5 3 4 14 28 49 0.7887500000000001 
35 50 5 3 5 14 33 50 1.0475 
34 49 6 3 5 14 39 49 1.0474999999999999 
33 48 6 3 4 14 27 47 1.085 
32 47 6 3 4 18 27 57 1.0899999999999999 
30 46 6 3 4 17 29 55 1.3099999999999998 
29 45 7 3 3 13 28 48 1.295 
28 44 7 3 4 13 26 48 1.34 
26 43 7 3 1 13 22 48 1.3487500000000001 
25 42 7 3 1 14 20 49 1.0875000000000004 
24 41 7 4 1 13 21 49 1.3262500000000002 
23 40 8 4 0 11 18 45 1.305 
23 39 8 4 0 10 19 43 1.2937499999999997 
23 38 8 4 0 10 18 41 1.28375 
23 37 8 4 0 10 19 40 1.2674999999999998 
23 36 8 4 0 10 18 42 1.2550000000000001 
23 35 8 4 0 10 19 43 1.2225 
23 34 8 4 0 8 18 38 0.9587499999999998 
23 33 8 5 0 8 19 40 0.9249999999999999 
23 32 8 5 0 6 18 36 0.9362499999999999 
23 31 8 5 0 8 19 38 0.62 
23 29 8 6 0 4 18 30 0.36124999999999974 
23 28 8 7 0 4 19 28 0.34750000000000003 
23 27 8 7 0 4 18 28 0.053750000000000145 
23 25 8 8 0 2 19 24 0.03249999999999996 
23 24 8 8 0 1 18 20 0.019999999999999792 
23 23 8 8 0 1 19 21 -0.0024999999999999467 
23 22 8 8 0 0 18 18 0.07875000000000015 
23 25 8 8 0 4 19 24 0.05249999999999996 
23 24 8 8 0 3 18 24 0.01874999999999979 
23 23 8 8 0 1 19 22 -0.0024999999999999467 
23 22 8 8 0 0 18 18 0.006250000000000058 
23 22 8 8 0 1 19 22 -0.2650000000000001 
23 21 8 9 0 0 18 18 0.09124999999999989 
23 26 8 8 0 4 19 24 0.06500000000000014 
23 25 8 8 0 3 18 24 0.009999999999999787 
23 23 8 8 0 0 19 19 0.06625000000000014 
23 25 8 8 0 3 18 23 0.04249999999999997 
23 24 8 8 0 2 19 23 0.008749999999999786 
23 23 8 8 0 0 18 19 0.06625000000000014 
23 25 8 8 0 3 19 24 0.02999999999999996 
23 24 8 8 0 1 18 22 0.011249999999999788 
23 23 8 8 0 0 19 18 0.02999999999999996 
23 24 8 8 0 1 18 22 0.011249999999999788 
23 23 8 8 0 0 19 18 0.024999999999999786 
23 23 8 8 0 2 18 26 -0.24249999999999994 
23 22 8 9 0 1 19 21 -0.2650000000000001 
23 21 8 9 0 0 18 18 0.02874999999999979 
23 23 8 8 0 2 19 24 0.006250000000000058 
23 22 8 8 0 1 18 21 -0.26375000000000015 
23 21 8 9 0 0 19 18 -0.19500000000000023 
23 23 8 9 0 4 18 22 -0.22124999999999995 
23 22 8 9 0 3 19 24 -0.2650000000000001 
23 21 8 9 0 0 18 18 -0.19375000000000023 
23 23 8 9 0 4 19 22 -0.26375000000000015 
23 21 8 9 0 0 18 17 -0.23249999999999996 
23 22 8 9 0 2 19 23 -0.26375000000000015 
23 21 8 9 0 0 18 17 0.029999999999999787 
23 23 8 8 0 2 19 23 0.0037500000000000554 
23 22 8 8 0 1 18 23 -0.2625000000000001 
23 21 8 9 0 0 19 17 0.048749999999999793 
23 23 8 8 0 4 18 27 -0.2625000000000001 
23 21 8 9 0 0 19 17 0.048749999999999793 
23 23 8 8 0 4 18 27 -0.2625000000000001 
23 21 8 9 0 0 19 17 0.048749999999999793 
23 23 8 8 0 4 18 27 0.003750000000000059 
23 22 8 8 0 1 19 24 -0.26375000000000015 
23 21 8 9 0 0 18 17 -0.17875000000000005 
23 24 8 9 0 4 19 20 -0.19500000000000023 
23 23 8 9 0 4 18 22 -0.22249999999999995 
23 22 8 9 0 3 19 25 -0.25875000000000015 
23 21 8 9 0 1 18 23 -1 
