140 140 0 0 14 14 14 14 0.16106405994701417 
138 138 0 0 17 17 25 25 0.24326801858593572 
134 136 0 0 16 21 30 34 0.25563152848863896 
132 134 0 0 16 23 32 45 0.3135758963125797 
130 133 0 0 16 27 32 48 0.25567609644575956 
128 132 0 0 16 21 32 43 0.25344642540073753 
126 130 0 0 14 19 30 40 0.2541626234659425 
124 128 0 0 16 21 38 49 0.25691507516495393 
123 127 0 0 14 20 34 50 0.24853800397313014 
121 125 0 0 15 19 41 45 0.2608658557918777 
119 124 0 0 16 19 48 44 0.24158272730381125 
117 122 0 0 16 18 46 45 0.24834956210938186 
115 120 0 0 16 19 46 48 0.30651725176957684 
113 118 0 0 16 25 46 60 0.34217102094734597 
111 116 0 0 14 26 44 57 0.34380539193986204 
110 115 0 0 14 26 44 55 0.2884321930289461 
110 114 0 0 13 22 41 54 0.27012318514466604 
109 113 0 0 13 21 39 55 0.32640486899827814 
108 111 0 0 13 27 39 59 0.2916833674024085 
107 109 0 0 13 26 39 65 0.2994243228117654 
106 108 0 0 13 27 39 68 0.24778407716995976 
105 106 0 0 12 23 38 66 0.2889247207654658 
104 104 0 0 12 29 36 79 0.2760203598260893 
103 103 0 0 13 28 39 73 0.23730983108530884 
102 101 0 0 12 24 41 65 0.28707028594816475 
101 99 0 0 12 30 41 74 0.45992687870715143 
100 97 1 0 15 27 45 70 0.5498591054846078 
98 96 1 0 13 32 42 73 0.49243686583676405 
94 95 1 0 15 25 45 62 0.5308588056623333 
90 93 1 0 14 26 45 69 0.6321705477257112 
88 92 1 0 14 34 50 84 0.8831482655884365 
84 91 2 0 15 31 56 80 0.84480211274221 
83 90 2 0 14 27 55 78 0.9074157360303721 
81 89 2 0 15 31 68 85 0.9438529647383435 
80 88 2 0 14 34 59 83 1.0379855643760687 
78 82 3 0 19 32 50 82 1.084950582474595 
76 81 3 0 15 31 45 76 1.0814822100156356 
75 80 3 0 14 30 43 75 0.7934999845384262 
73 79 3 1 15 26 48 71 0.5344578278520645 
71 77 3 2 13 23 45 62 0.5431073594809939 
70 76 3 2 12 23 45 64 0.5737113355624778 
68 74 3 2 13 27 47 71 0.555949341261043 
67 73 3 2 15 26 62 75 0.901554452579671 
65 72 4 2 15 34 60 85 0.8922019058817557 
63 71 4 2 13 32 46 82 0.8851226995217713 
62 70 4 2 12 30 47 78 0.7971898469387791 
61 69 4 2 11 21 44 63 0.7870800680255581 
59 68 4 2 11 19 47 64 0.7812440021412442 
58 66 4 2 10 19 44 63 0.7492174534258058 
56 64 4 2 11 15 54 51 0.7666948021483655 
55 63 4 2 10 16 51 52 1.0256285490476136 
54 62 5 2 11 19 45 56 1.0386038893224663 
52 61 5 2 8 17 40 57 1.031619947708275 
51 60 5 2 7 16 39 60 1.0501171150702506 
50 59 5 2 6 17 32 55 1.0247695324924877 
48 58 5 2 7 15 34 57 1.1301677585209862 
40 57 5 2 7 15 42 52 1.399822896285464 
39 56 6 2 6 16 42 55 1.39865367554636 
37 55 6 2 6 15 39 51 1.3980767231817952 
36 54 6 2 6 15 40 52 1.4211433106184685 
34 53 6 2 6 16 41 54 1.1309745832250149 
32 49 6 3 6 15 41 53 1.405748367453216 
30 48 7 3 4 15 37 56 1.4043770786102077 
29 47 7 3 4 15 36 55 1.3994480902848239 
28 45 7 3 3 15 32 52 1.3784353260584479 
27 44 7 3 3 13 32 48 1.398804094875402 
26 43 7 3 3 15 32 51 1.15272074814425 
25 42 7 4 3 16 33 58 1.1193605536100326 
24 41 8 5 3 13 32 52 1.142774299331828 
23 40 8 5 1 14 23 50 1.1400987646906688 
22 39 8 5 1 14 22 50 1.353758714808113 
21 38 9 5 0 10 17 41 1.084843641088859 
21 37 9 6 0 9 19 38 1.0602259806838341 
21 36 9 6 0 8 19 37 1.0469318878882552 
21 35 9 6 0 8 19 37 1.0336377950926758 
21 34 9 6 0 8 19 37 0.9830982284844749 
21 32 9 6 0 6 19 36 0.9737168730833496 
21 31 9 6 0 6 19 33 0.9604227802877707 
21 30 9 6 0 6 19 33 0.9458244416940401 
21 29 9 6 0 6 19 34 0.6722022941018895 
21 28 9 7 0 5 19 32 0.6702317689157564 
21 27 9 7 0 6 19 33 0.6456141085107316 
21 26 9 7 0 5 19 32 0.39463909613747217 
21 25 9 8 0 6 19 32 0.33058211489743805 
21 23 9 8 0 2 19 22 0.31467953050555675 
21 22 9 8 0 2 19 24 0.03364655269841402 
21 21 9 9 0 0 19 18 0.10552900872735532 
21 23 9 9 0 4 19 22 0.03364655269841402 
21 21 9 9 0 0 19 18 0.06437079752027988 
21 22 9 9 0 2 19 24 0.032342306900262824 
21 21 9 9 0 0 19 19 0.11882310152293424 
21 24 9 9 0 4 19 22 0.10292051713105294 
21 23 9 9 0 4 19 24 0.032342306900262824 
21 21 9 9 0 0 19 19 0.35151035974426376 
21 23 9 8 0 5 19 35 0.039753137115255105 
21 21 9 9 0 1 19 23 -1 
