140 140 0 0 14 14 14 14 0.08537847228989606 
138 139 0 0 17 17 25 21 0.15268749254390795 
134 137 0 0 16 20 30 32 0.1622434053333365 
132 135 0 0 16 21 32 36 0.14640306788624638 
130 133 0 0 16 20 32 38 0.16731283032536298 
128 132 0 0 16 21 32 41 0.2202959452989896 
126 130 0 0 14 24 30 46 0.16638112611533035 
124 128 0 0 16 21 38 47 0.19185934646195246 
123 127 0 0 14 22 34 52 0.21221266809689732 
121 126 0 0 15 23 41 53 0.2222633575247871 
119 124 0 0 16 24 48 52 0.28220896209904955 
117 123 0 0 16 29 46 62 0.21472421626498234 
115 122 0 0 16 22 46 55 0.3050361746310262 
113 121 0 0 16 29 46 63 0.24814741720758066 
111 119 0 0 14 22 44 55 0.2630357445002447 
110 118 0 0 14 24 44 63 0.30657824716946813 
108 116 0 0 15 29 43 67 0.3402817889499354 
106 115 0 0 15 31 45 72 0.3131826385697064 
105 114 0 0 14 27 46 64 0.23070843336976246 
103 113 0 0 15 20 45 58 0.31255094457623295 
99 111 0 0 16 25 55 63 0.30338950100442286 
98 110 0 0 14 22 47 51 0.32869882975545833 
96 109 0 0 15 24 52 56 0.316771283064335 
94 108 0 0 15 22 52 55 0.3688211375204593 
92 106 0 0 16 27 62 64 0.36509943097115755 
88 104 0 0 14 23 52 55 0.3150749856928692 
87 103 0 0 13 18 49 51 0.3213894788652598 
86 102 0 0 13 18 54 51 0.631778469285602 
85 101 1 0 12 23 45 53 0.6353234712434747 
83 100 1 0 13 23 47 52 0.8638116553276799 
82 99 2 0 15 24 46 58 0.8715579670182632 
76 95 2 0 13 21 45 59 0.8682299240933705 
75 94 2 0 12 19 44 50 0.8611688256519097 
73 92 2 0 12 19 43 54 0.8451346565262488 
72 90 2 0 11 18 41 54 0.841696862939092 
71 89 2 0 10 17 37 52 1.1214500214327559 
70 88 3 0 10 20 36 57 1.139129620224831 
66 87 3 0 12 20 43 60 1.4625993526557985 
65 86 4 0 11 26 39 67 1.4330176737303257 
63 85 4 0 11 22 40 61 1.457188886670001 
57 84 4 0 10 17 47 58 1.743149082609066 
56 82 5 0 11 23 44 66 1.7387500427718892 
54 81 5 0 8 19 36 60 1.724239266847655 
53 80 5 0 7 17 35 60 1.4944572350661214 
52 78 5 1 6 19 31 59 1.528256316921123 
51 77 5 1 6 22 32 63 1.502595933192112 
49 76 5 1 7 19 33 54 1.5159664592820272 
48 75 5 1 6 19 34 54 1.7609677941111639 
47 74 6 1 5 18 28 51 1.7759683952984797 
45 73 6 1 6 19 31 52 1.4910117812663681 
44 71 6 2 5 16 31 49 1.7422116491004107 
43 70 7 2 4 16 23 49 1.7444159477139882 
42 69 7 2 4 16 24 48 1.471108650441334 
41 67 7 3 4 15 25 47 1.4592766438247455 
40 66 7 3 4 14 24 45 1.470260181443952 
39 65 7 3 4 15 24 46 1.2185198071616135 
38 64 7 4 4 15 24 47 1.2143262632415934 
37 62 7 4 4 16 25 51 1.2066069744162056 
35 61 7 4 5 15 28 50 1.244035570630732 
34 60 7 4 4 17 30 52 1.2075691594671518 
33 59 7 4 3 13 24 44 1.2015567552359363 
32 57 7 4 2 13 21 45 1.1914479547074515 
31 56 7 4 3 13 23 45 1.2035759549085512 
30 55 7 4 2 13 24 46 1.1921289742681596 
29 54 7 4 3 13 25 46 1.1927057210167242 
28 53 7 4 2 12 24 44 1.180111868710608 
27 52 7 4 3 12 26 46 1.1920485604655249 
26 51 7 4 2 12 25 45 1.18193975993704 
25 50 7 4 3 12 27 45 1.4473672414474326 
24 49 8 4 2 13 23 48 1.4518628743086275 
23 48 8 4 1 12 24 45 1.4586381540620983 
22 47 8 4 0 12 21 46 1.4300151981542575 
22 46 8 4 1 11 26 44 1.6812150659883007 
21 45 9 4 0 11 18 44 1.6684273820036137 
21 44 9 4 0 11 18 44 1.3992240697845522 
21 43 9 5 0 10 19 40 1.3864363857998652 
21 42 9 5 0 10 19 40 1.3736487018151782 
21 41 9 5 0 10 19 40 1.1094970509352984 
21 40 9 6 0 10 19 41 1.0839216829659244 
21 38 9 6 0 10 19 41 1.0622591057525168 
21 37 9 6 0 9 19 38 1.048228895879014 
21 36 9 6 0 9 19 39 1.0354412118943275 
21 35 9 6 0 9 19 39 1.0238960537984563 
21 34 9 6 0 9 19 38 1.0111083698137693 
21 33 9 6 0 9 19 38 0.9869607408227306 
21 32 9 6 0 8 19 37 0.9628131118316915 
21 31 9 6 0 7 19 36 0.9386654828406527 
21 30 9 6 0 6 19 35 0.9384802697511333 
21 29 9 6 0 7 19 35 0.6730860929824378 
21 28 9 7 0 7 19 37 0.6514235157690305 
21 27 9 7 0 6 19 34 0.6272758867779915 
21 26 9 7 0 5 19 33 0.6018857318981373 
21 25 9 7 0 4 19 33 0.5851932582399929 
21 24 9 7 0 3 19 26 0.5724055742553059 
21 23 9 7 0 3 19 26 0.2892616110291693 
21 22 9 8 0 1 19 22 0.01872011869820041 
21 21 9 9 0 0 19 18 0.3604619721134703 
21 25 9 8 0 4 19 26 0.3237118722272637 
21 24 9 8 0 2 19 25 0.314651765909024 
21 23 9 8 0 2 19 22 0.01872011869820041 
21 21 9 9 0 0 19 18 0.28801908514035357 
21 22 9 8 0 1 19 23 0.01872011869820041 
21 21 9 9 0 0 19 18 0.3540641295798722 
21 24 9 8 0 5 19 31 0.29937903014670547 
21 22 9 8 0 2 19 24 0.01872011869820041 
21 21 9 9 0 0 19 18 0.3476742881287833 
21 24 9 8 0 4 19 26 0.29832171734740903 
21 23 9 8 0 1 19 25 0.2816292436892646 
21 22 9 8 0 0 19 18 0.32228413324892863 
21 23 9 8 0 3 19 26 0.2816292436892646 
21 22 9 8 0 0 19 18 0.31340924002020826 
21 23 9 8 0 2 19 23 0.2816292436892646 
21 22 9 8 0 0 19 18 0.29565145248025826 
21 22 9 8 0 2 19 27 0.01996264458701616 
21 21 9 9 0 0 19 17 0.32743144881120184 
21 23 9 8 0 4 19 32 0.01996264458701616 
21 21 9 9 0 0 19 17 0.10500800245530056 
21 24 9 9 0 4 19 20 0.08973526669298207 
21 23 9 9 0 4 19 22 0.054227692695591245 
21 22 9 9 0 2 19 20 0.01872011869820041 
21 21 9 9 0 0 19 18 0.3109241882425767 
21 23 9 8 0 2 19 25 0.01872011869820041 
21 21 9 9 0 0 19 18 0.08973526669298207 
21 23 9 9 0 4 19 22 0.02759501192692084 
21 21 9 9 0 1 19 21 -1 
