140 140 0 0 14 14 14 14 0.11957672898395483 
138 138 0 0 17 17 25 24 0.16605574771515497 
134 137 0 0 16 16 30 22 0.2079368065612664 
132 136 0 0 16 19 32 30 0.1884414732569824 
130 134 0 0 16 18 32 34 0.21822150356945566 
128 132 0 0 16 21 32 39 0.21759270205681375 
126 131 0 0 14 18 30 36 0.2095746473710955 
124 129 0 0 16 19 38 41 0.23870785975282907 
123 128 0 0 14 20 34 42 0.24465920072981245 
121 127 0 0 15 20 41 45 0.33968385703612114 
119 126 0 0 16 28 48 57 0.20404495722995297 
117 120 0 0 16 22 46 59 0.23700950710698254 
115 119 0 0 16 24 46 62 0.24689517313114925 
113 118 0 0 16 23 46 54 0.30142947520446844 
111 117 0 0 14 25 44 57 0.2577358291982107 
110 115 0 0 14 22 44 51 0.29109533472606786 
109 114 0 0 14 25 45 55 0.3240967809512416 
108 113 0 0 13 27 46 59 0.26918146297163253 
106 112 0 0 13 21 45 51 0.2571668843280449 
105 111 0 0 13 20 45 50 0.25857507180521144 
103 110 0 0 14 20 49 53 0.4611694320907137 
102 108 1 0 14 19 47 66 0.5946804992420752 
100 107 1 0 14 29 51 74 0.8838612042751632 
99 106 2 0 15 33 54 76 0.7458065368005018 
98 105 2 0 14 19 57 59 0.8114581627449767 
97 104 2 0 12 24 41 57 0.835827140680177 
95 103 2 0 12 25 41 57 0.41476492207780746 
94 95 2 1 11 18 38 55 0.41505454790853813 
92 93 2 1 12 19 38 54 0.5044032156754343 
91 92 2 1 11 27 35 68 0.49168615054425124 
89 91 2 1 13 26 39 63 0.6021765692547373 
87 90 2 1 11 34 39 83 0.12494100381475655 
86 82 2 2 12 22 48 71 0.1017419818542184 
84 80 2 2 13 22 48 78 0.10090338421333102 
83 79 2 2 12 21 41 70 0.33587533442796497 
81 77 3 2 13 21 43 73 0.38137363204027974 
80 76 3 2 12 24 43 76 0.40123635282380754 
79 75 3 2 11 25 41 77 0.39984618176473835 
78 74 3 2 10 24 39 75 0.41697350374442177 
76 73 3 2 10 24 39 71 0.3609159080334301 
74 71 3 2 11 19 43 60 0.32732750051999304 
73 70 3 2 11 16 41 54 0.31666683786271804 
72 69 3 2 11 15 41 52 0.2958284723447311 
71 68 4 3 11 13 43 50 0.2856776492622283 
70 66 4 3 10 13 40 53 0.28377302706040897 
69 65 4 3 10 13 41 55 0.29642015527266763 
65 64 4 3 13 13 46 51 0.38658499897126297 
61 63 4 3 10 15 43 54 0.4062872512411645 
60 62 4 3 9 16 40 54 0.4084443769982832 
59 61 4 3 9 16 41 53 0.37936222663651875 
57 60 4 3 10 13 41 46 0.3870034484704761 
55 58 4 3 8 13 37 53 0.41579695161624525 
53 56 4 3 9 16 40 53 0.10175894691425542 
52 52 4 4 9 15 39 60 0.08083718881851093 
51 51 4 4 9 12 40 48 0.10153937444560113 
50 50 4 4 9 14 41 52 0.09638082562362743 
48 49 4 4 9 12 43 48 -0.16573964617927486 
47 48 4 5 9 10 47 42 -0.397667001085552 
46 47 4 6 8 11 44 43 -0.3997320918009975 
45 46 4 6 8 11 44 44 -0.12328680196581226 
43 45 5 6 7 11 44 42 -0.15062876893197388 
42 43 5 6 6 9 41 39 -0.1764569926735839 
41 42 5 6 7 8 40 38 -0.1783285692735316 
40 41 5 6 6 7 35 33 -0.19488158346798867 
39 39 5 6 6 7 35 35 -0.19124005607905575 
38 37 6 7 5 7 37 33 -0.21758208968802872 
37 35 6 7 5 6 38 34 0.030239827340195577 
36 34 7 7 5 6 39 36 0.0344495048249498 
35 33 7 7 3 5 29 30 0.008337240404231325 
35 32 7 7 3 4 27 28 -0.010363570030419045 
35 31 7 7 3 3 29 25 -0.28404369366837817 
35 30 7 8 3 2 27 21 -0.2955028481475118 
35 29 7 8 3 2 29 22 -0.3116656246400884 
35 28 7 8 3 2 27 22 -0.32631401663272597 
35 27 7 8 3 2 26 22 -0.33944802412542463 
35 26 7 8 3 2 26 22 -0.3525820316181233 
35 25 7 8 3 2 26 22 -0.36571603911082196 
35 24 7 8 3 2 26 22 -0.3802039625898335 
35 23 7 8 3 2 26 23 -0.4118830299525037 
35 22 7 8 3 0 26 18 -0.34581706325453776 
35 24 7 8 3 4 26 26 -0.3915073665042883 
35 23 7 8 3 1 26 22 -0.4118830299525037 
35 22 7 8 3 0 26 18 -0.34581706325453776 
35 24 7 8 3 4 26 26 -0.4032874580106743 
35 22 7 8 3 1 26 21 -0.6752927286350685 
35 21 7 9 3 0 26 18 -0.39469188606884487 
35 22 7 8 3 2 26 24 -0.6752927286350685 
35 21 7 9 3 0 26 18 -0.40464137399698696 
35 22 7 8 3 1 26 22 -0.6752927286350685 
35 21 7 9 3 0 26 18 -0.6038110979918521 
35 23 7 9 3 4 26 22 -0.6739388126487558 
35 21 7 9 3 0 26 17 -0.6038110979918521 
35 23 7 9 3 4 26 22 -0.6323102573579436 
35 22 7 9 3 3 26 24 -1 
