140 140 0 0 14 14 14 14 0.07286499682234455 
138 139 0 0 17 19 25 25 0.1401030535754236 
134 137 0 0 16 22 30 36 0.12400268769790082 
132 135 0 0 16 20 32 31 0.1311314900467452 
130 134 0 0 16 20 32 35 0.15595860686866933 
128 133 0 0 16 21 32 35 0.22489319220987747 
126 132 0 0 14 25 30 47 0.16974016898803965 
124 130 0 0 16 21 38 40 0.2008878566452665 
123 128 0 0 14 24 34 50 0.17923155836775453 
121 126 0 0 15 22 41 45 0.2120146193979301 
119 125 0 0 16 25 48 56 0.1918239808376698 
117 124 0 0 16 22 46 50 0.186315994177635 
115 122 0 0 16 22 46 54 0.23959663666143138 
113 121 0 0 16 26 46 61 0.32233878630350327 
111 120 0 0 14 31 44 72 0.2812144531829659 
110 119 0 0 14 27 44 65 0.1917520364359585 
108 115 0 0 15 23 43 65 0.18958537629138678 
106 114 0 0 15 21 45 59 0.18212060008647957 
105 113 0 0 14 19 46 56 0.1839172297494785 
103 111 0 0 15 21 45 63 0.18943110879246378 
102 109 0 0 14 22 43 66 0.2745249296353424 
100 108 0 0 15 29 46 71 0.10573832930940304 
98 102 0 0 15 18 49 59 -0.13750207234567952 
96 100 0 1 13 17 48 62 -0.12462048717575525 
95 99 0 1 12 18 45 68 -0.14118204480663663 
94 98 0 1 12 17 45 71 -0.07181588727027746 
93 97 0 1 12 22 51 72 0.14460969605059198 
92 96 1 1 12 20 44 71 0.2118133372706908 
91 95 1 1 12 26 45 78 0.25177895356733715 
90 94 1 1 12 29 45 76 0.5646581722703095 
82 93 2 1 13 27 48 69 0.4974577513437301 
81 91 2 1 12 22 43 67 0.5054337889272931 
79 90 2 1 13 22 47 65 0.5426611041619613 
78 89 2 1 12 24 46 64 0.5072738615944641 
77 87 2 1 12 22 44 60 0.503781251547425 
76 86 2 1 11 20 46 55 0.5258043054140351 
75 85 2 1 11 22 43 54 0.5041722825158685 
73 84 2 1 10 18 40 48 0.4976903709849397 
72 83 2 1 10 18 42 55 0.5291358702201322 
71 82 2 1 9 19 44 52 0.5804524247057057 
65 81 2 1 10 19 47 54 0.6127993726292247 
64 80 2 1 10 22 49 60 0.5997581757815155 
63 78 2 1 10 22 46 57 0.8631855447372095 
61 77 3 1 9 21 45 55 0.7792500272117956 
60 73 3 1 8 17 39 55 0.739567078429164 
59 72 3 1 9 14 40 48 0.7366912669232122 
58 70 4 2 9 15 41 51 0.7448437048607759 
57 69 4 2 8 15 38 51 0.7616790918310984 
56 68 4 2 8 17 35 54 0.7554588495430063 
54 67 4 2 8 15 35 49 0.7511373304429956 
53 65 4 2 7 15 34 51 0.759515651980046 
52 64 4 2 7 16 33 53 0.7492942103556903 
51 63 4 2 6 14 32 50 0.7915189686866804 
47 62 4 2 7 16 34 58 0.8147758876491803 
46 61 4 2 6 17 31 56 0.7922696820475189 
45 60 4 2 6 15 32 55 1.047786737137263 
44 59 5 2 5 15 29 57 1.0250729741178621 
43 57 5 2 5 14 29 55 1.2854094306001926 
42 56 6 2 5 14 31 49 1.2922649518136848 
41 55 6 2 4 14 28 50 1.2784416952447817 
40 54 6 2 5 14 29 52 1.2968366112536025 
39 53 6 2 4 15 30 58 1.2962267698823755 
38 52 6 2 5 15 34 53 1.0206577464855207 
37 50 6 3 4 13 32 51 1.0094283233647614 
36 49 6 3 5 13 33 51 0.9951899901361025 
35 47 6 3 4 12 32 51 0.7405724392771845 
34 46 6 4 5 12 35 48 0.7369169972588405 
33 45 6 4 4 10 35 41 0.7227050251191465 
32 44 6 4 4 9 32 39 0.7405483935858725 
31 43 6 4 2 9 27 39 0.4679068643112654 
30 42 6 5 3 8 26 36 0.4788159676682777 
29 41 6 5 2 8 25 36 0.47309987538641507 
28 40 6 5 3 8 30 36 0.7158987254816279 
27 38 7 5 2 8 26 37 0.47539395279909225 
26 37 7 6 1 8 24 37 0.4821680580269322 
25 36 7 6 0 8 20 37 0.46130008718426785 
25 35 7 6 1 8 24 38 0.44976336447836984 
24 34 7 6 1 7 22 35 0.6909417577922442 
23 33 8 6 1 6 22 32 0.6964189462960119 
22 32 8 6 0 6 18 33 0.6668863526023362 
22 30 8 6 1 6 23 32 0.6384376984007052 
21 28 9 7 0 4 18 29 0.37835919951014657 
21 27 9 8 0 4 18 27 0.3485640316777674 
21 26 9 8 0 2 19 22 0.3359272426688886 
21 25 9 8 0 2 19 22 0.3232904536600094 
21 24 9 8 0 2 19 22 0.30935674792705825 
21 23 9 8 0 2 19 23 0.2928292087459631 
21 22 9 8 0 2 19 26 0.015510915046252353 
21 21 9 9 0 0 19 18 0.32057047877977823 
21 23 9 8 0 3 19 24 0.024130812450828418 
21 21 9 9 0 1 19 21 -1 
