140 140 0 0 14 14 16.0 16.0 1.0682999962783226 
138 138 0 0 17 17 16.0 14.142135623730951 1.0657053806291694 
134 134 0 0 16 16 13.341664064126334 15.033296378372908 1.0782673613739966 
132 133 0 0 21 22 15.033296378372908 15.033296378372908 1.0816052837630905 
128 131 0 0 22 23 15.033296378372908 15.033296378372908 1.085597218205261 
124 130 0 0 22 24 15.033296378372908 15.033296378372908 1.0846446582087288 
120 129 0 0 22 22 15.033296378372908 15.033296378372908 1.0935810870896012 
116 128 0 0 22 26 15.033296378372908 15.033296378372908 1.0860358678414668 
112 127 0 0 22 20 15.033296378372908 15.033296378372908 1.0883256762604776 
110 126 0 0 22 21 15.033296378372908 15.033296378372908 1.0862586726366372 
108 124 0 0 22 20 15.033296378372908 15.033296378372908 1.0825435041998965 
106 122 0 0 22 18 15.033296378372908 15.033296378372908 1.0856685367038617 
104 121 0 0 20 20 15.033296378372908 15.033296378372908 1.0879583451228725 
102 120 0 0 20 21 15.033296378372908 15.033296378372908 1.098394237511868 
94 116 1 0 19 20 15.033296378372908 15.033296378372908 1.1006840459308789 
92 115 1 0 19 21 15.033296378372908 15.033296378372908 1.101325689536989 
90 114 1 0 19 21 15.033296378372908 15.033296378372908 1.101967333143099 
88 113 1 0 19 21 15.033296378372908 15.033296378372908 1.11209149526264 
86 112 1 0 18 27 15.033296378372908 15.033296378372908 1.121710659093932 
86 111 1 0 24 32 15.033296378372908 15.033296378372908 1.1307815837216575 
80 110 2 0 16 31 13.341664064126334 15.033296378372908 1.1157386810000816 
79 109 2 0 16 22 13.341664064126334 15.033296378372908 1.1242496425707476 
77 108 3 0 15 21 13.341664064126334 15.033296378372908 1.124446693529251 
76 107 3 0 16 21 13.341664064126334 15.033296378372908 1.1354410439977713 
74 106 4 0 13 22 13.341664064126334 15.033296378372908 1.1352697468759352 
72 105 4 0 11 22 13.341664064126334 15.033296378372908 1.1358732681984118 
71 104 4 0 13 22 13.341664064126334 15.033296378372908 1.1344602766276481 
69 103 4 0 12 21 13.341664064126334 15.033296378372908 1.1371184331269983 
68 102 4 0 15 22 13.341664064126334 15.033296378372908 1.1397988729833568 
67 101 4 0 14 24 13.341664064126334 15.033296378372908 1.1401443964940183 
65 100 4 0 14 24 13.341664064126334 14.142135623730951 1.1428402003983464 
63 99 4 0 15 25 14.142135623730951 14.142135623730951 1.1395414172356206 
59 95 4 0 13 24 14.142135623730951 14.142135623730951 1.1523004088571462 
58 91 5 0 13 28 14.142135623730951 13.038404810405298 1.1475534402556034 
57 90 5 0 14 25 13.341664064126334 13.038404810405298 1.1524378464037615 
53 89 6 0 8 22 13.341664064126334 13.038404810405298 1.1509867325493643 
52 88 6 0 9 21 13.341664064126334 13.038404810405298 1.14748116342623 
51 87 6 0 9 19 13.038404810405298 13.038404810405298 1.1467177952405436 
49 85 6 0 9 19 12.165525060596439 12.0 1.1520568447022386 
47 83 6 0 11 22 11.40175425099138 12.0 1.1494564944846066 
43 82 6 0 11 19 10.770329614269007 12.0 1.1492866947925302 
41 81 6 0 9 19 8.246211251235321 12.0 1.1522534429598668 
39 79 6 0 10 21 8.246211251235321 11.045361017187261 1.1503962327480621 
38 78 6 0 10 20 7.615773105863909 11.045361017187261 1.1505932837065653 
37 77 6 0 11 20 7.615773105863909 11.045361017187261 1.1416355228210413 
35 76 7 1 8 18 7.615773105863909 11.045361017187261 1.151350056557001 
34 75 8 1 8 18 7.615773105863909 11.045361017187261 1.1577336195488028 
33 74 8 1 8 22 7.0710678118654755 11.045361017187261 1.1445716612723769 
32 73 8 2 9 23 6.324555320336759 11.045361017187261 1.140413273229099 
31 72 8 2 15 19 6.324555320336759 11.661903789690601 1.1415059539131986 
29 71 8 2 8 21 6.324555320336759 11.661903789690601 1.152203632455152 
23 70 9 2 4 20 3.1622776601683795 11.661903789690601 1.1499397759291814 
22 69 9 2 3 19 2.8284271247461903 11.661903789690601 1 
