140 140 0 0 14 14 16.0 16.0 1.0217206733173192 
138 139 0 0 17 18 16.0 14.142135623730951 1.0309860817384953 
134 138 0 0 16 22 12.165525060596439 16.0 1.0317690368965666 
132 134 0 0 16 25 12.649110640673518 16.0 1.0254256097388736 
130 133 0 0 16 18 14.142135623730951 16.0 1.0234059273218392 
128 132 0 0 16 15 14.142135623730951 16.0 1.025875784191203 
126 131 0 0 14 16 14.142135623730951 16.0 1.0270556065249843 
124 130 0 0 16 17 14.142135623730951 16.0 1.0301640852651042 
122 129 0 0 15 19 14.142135623730951 16.0 1.0355357597940298 
120 127 0 0 16 25 14.142135623730951 16.0 1.0331935687430995 
118 126 0 0 17 22 14.142135623730951 16.0 1.0318125081968212 
116 125 0 0 18 20 14.142135623730951 16.0 1.0307539562844386 
114 124 0 0 18 18 14.142135623730951 16.0 1.0319523790160163 
112 123 0 0 18 19 14.142135623730951 15.033296378372908 1.0350973266469121 
110 122 0 0 16 21 15.033296378372908 15.033296378372908 1.0391605404946485 
108 121 0 0 18 25 15.033296378372908 15.033296378372908 1.0429856638386743 
102 120 0 0 17 24 15.033296378372908 15.033296378372908 1.0495003084101677 
98 119 0 0 14 27 15.033296378372908 15.033296378372908 1.0494640084776232 
97 118 0 0 14 27 15.033296378372908 15.033296378372908 1.0484665780404272 
96 117 0 0 14 26 15.033296378372908 15.033296378372908 1.048741139393644 
95 115 0 0 14 27 14.142135623730951 15.033296378372908 1.047105087085692 
94 114 0 0 13 25 14.142135623730951 15.033296378372908 1.0587878562677455 
88 113 1 0 15 21 14.142135623730951 15.033296378372908 1.0602965826324575 
86 112 1 0 13 21 14.142135623730951 15.033296378372908 1.0675656966280447 
84 111 1 0 14 28 14.142135623730951 15.033296378372908 1.070990288605025 
82 110 1 0 15 31 14.142135623730951 15.033296378372908 1.0690381230602122 
81 109 1 0 12 28 14.142135623730951 15.033296378372908 1.0686181930185856 
79 108 1 0 13 27 14.142135623730951 15.033296378372908 1.0799068262306288 
77 107 2 0 14 26 14.142135623730951 15.033296378372908 1.0821470565867208 
76 106 2 0 14 28 13.038404810405298 15.033296378372908 1.082444057962246 
75 105 2 0 14 28 12.0 15.033296378372908 1.090050803523596 
73 103 2 0 12 35 11.045361017187261 15.033296378372908 1.08879841607509 
72 102 2 0 11 34 11.045361017187261 14.142135623730951 1.0924591267251063 
71 101 3 0 12 26 11.045361017187261 14.142135623730951 1.0907619529419674 
69 100 3 0 11 23 11.045361017187261 14.142135623730951 1.0938704316820873 
67 99 3 0 10 25 11.045361017187261 14.142135623730951 1.0935558654934423 
66 97 3 0 9 25 10.0 14.142135623730951 1.0922230103258788 
65 96 3 0 8 23 9.055385138137417 14.142135623730951 1.0957087237780454 
64 95 3 0 9 27 9.055385138137417 14.142135623730951 1.0959949324793965 
63 94 3 0 8 27 9.055385138137417 14.142135623730951 1.0956361239129564 
62 93 3 0 9 27 9.055385138137417 14.142135623730951 1.0988057241282625 
61 92 3 0 8 30 9.055385138137417 14.142135623730951 1.1186375270926694 
53 91 4 0 9 32 8.246211251235321 14.142135623730951 1.1175789751802865 
51 90 4 0 9 30 8.246211251235321 14.142135623730951 1.1126759012492973 
49 89 4 0 9 24 8.246211251235321 14.142135623730951 1.1001920567271803 
47 88 4 1 9 24 8.246211251235321 14.142135623730951 1.1086036938223036 
45 87 5 1 7 19 8.246211251235321 14.142135623730951 1.1071699959876775 
44 86 5 1 6 17 7.615773105863909 14.142135623730951 1.1160822811421336 
42 85 5 1 7 26 8.48528137423857 14.142135623730951 1.1166298770021938 
40 84 5 1 5 25 8.48528137423857 14.142135623730951 1.1182861949265817 
39 83 5 1 4 26 7.211102550927978 14.142135623730951 1.1175346855069386 
38 82 5 1 4 26 7.211102550927978 13.038404810405298 1.12786218821433 
36 81 6 1 5 24 7.211102550927978 13.038404810405298 1.128148396915681 
35 80 6 1 4 24 7.211102550927978 13.038404810405298 1.1407454908089136 
33 78 7 1 4 25 7.211102550927978 13.038404810405298 1.1372569465935145 
32 76 7 1 3 22 7.0710678118654755 13.038404810405298 1.1235505844080365 
31 75 7 2 4 22 7.0710678118654755 13.038404810405298 1.1242907193869878 
30 74 7 2 3 22 5.656854249492381 13.038404810405298 1.1227276692618908 
29 73 7 2 3 21 5.656854249492381 12.165525060596439 1.1230138779632417 
28 72 7 2 2 21 5.656854249492381 12.165525060596439 1.1207328083874981 
27 71 7 2 3 19 5.656854249492381 12.165525060596439 1.1205118128617972 
26 70 7 2 2 18 4.242640687119285 12.165525060596439 1.1182555648286956 
25 68 7 2 3 17 4.242640687119285 12.165525060596439 1.1302503367837162 
24 67 8 2 2 17 4.242640687119285 12.165525060596439 1.117320409509734 
23 66 8 3 2 17 2.8284271247461903 12.165525060596439 1.1170994139840333 
22 65 8 3 1 16 1.4142135623730951 12.165525060596439 1.126771276601603 
21 64 9 3 0 15 5.656854249492381 12.165525060596439 1.1281374928322783 
21 63 9 3 0 17 4.47213595499958 12.165525060596439 1.125430466391784 
21 62 9 3 0 15 4.0 12.165525060596439 1.125303744403607 
21 61 9 3 0 16 4.47213595499958 12.165525060596439 1.128363500991023 
21 60 9 3 0 20 4.0 12.165525060596439 1.1215088654702836 
21 59 9 3 0 14 4.47213595499958 12.165525060596439 1.1202291821457049 
21 58 9 3 0 14 4.0 11.40175425099138 1 
