140 140 0 0 14 14 16.0 16.0 1.0249897261655998 
138 138 0 0 17 17 16.0 14.142135623730951 1.0302890877960151 
134 137 0 0 16 18 13.038404810405298 16.0 1.033755310467805 
132 136 0 0 16 22 13.038404810405298 16.0 1.0372215331395946 
130 135 0 0 16 26 13.038404810405298 16.0 1.0365577411444258 
128 134 0 0 16 25 14.142135623730951 16.0 1.036591812159361 
126 133 0 0 14 23 14.142135623730951 16.0 1.0342499188367429 
125 131 0 0 14 21 14.0 16.0 1.0344224559936606 
123 130 0 0 15 22 14.0 15.033296378372908 1.0330046469659784 
121 128 0 0 15 21 15.033296378372908 15.033296378372908 1.0311517515975328 
120 127 0 0 14 18 15.033296378372908 15.033296378372908 1.0321591020051604 
119 126 0 0 14 19 14.0 15.033296378372908 1.0343831355139839 
117 125 0 0 15 22 14.0 15.033296378372908 1.030413344525431 
115 123 0 0 16 18 13.038404810405298 14.0 1.030921302205827 
113 122 0 0 16 18 13.038404810405298 14.0 1.0363692802884317 
111 121 0 0 15 24 13.038404810405298 14.0 1.034853452045429 
109 119 0 0 16 23 13.038404810405298 14.0 1.0346218434779764 
107 118 0 0 16 22 13.038404810405298 14.0 1.0336086381500913 
105 116 0 0 16 21 13.038404810405298 14.0 1.0373405404042688 
103 115 0 0 14 24 13.038404810405298 14.0 1.0375455108711091 
102 114 0 0 14 24 12.165525060596439 14.0 1.0387510986240973 
100 110 0 0 14 28 12.165525060596439 14.142135623730951 1.0423121103233217 
99 109 0 0 14 33 12.165525060596439 14.142135623730951 1.0448965539702555 
93 108 0 0 15 33 12.165525060596439 14.142135623730951 1.0353690222780108 
92 106 0 0 13 20 12.165525060596439 14.142135623730951 1.0473999552523783 
91 105 1 0 13 20 12.165525060596439 14.142135623730951 1.0483397690856513 
89 103 1 0 15 23 12.165525060596439 14.142135623730951 1.0509530074539535 
88 102 1 0 11 24 12.165525060596439 14.142135623730951 1.0567327178967232 
87 101 1 0 11 32 12.165525060596439 14.142135623730951 1.0546141429458902 
86 100 1 0 12 30 12.165525060596439 14.142135623730951 1.054477323405872 
85 99 1 0 12 30 12.165525060596439 14.142135623730951 1.0511613583092743 
83 95 1 0 12 28 12.165525060596439 14.142135623730951 1.0578892360109513 
82 91 2 0 12 24 12.165525060596439 14.142135623730951 1.058397193691347 
80 90 2 0 12 24 12.165525060596439 14.142135623730951 1.0620203287165761 
79 89 2 0 11 28 11.40175425099138 14.142135623730951 1.0540139600326122 
78 88 2 0 9 16 11.40175425099138 14.142135623730951 1.0562353906988158 
77 87 2 0 9 19 11.045361017187261 14.142135623730951 1.0555959482436796 
76 86 2 0 10 19 11.045361017187261 14.142135623730951 1.0561039059240753 
74 85 2 0 10 19 11.045361017187261 14.142135623730951 1.0690825537576532 
68 84 3 0 16 20 11.045361017187261 14.142135623730951 1.0827635097826709 
66 83 4 0 14 20 11.045361017187261 14.142135623730951 1.085642369261649 
60 82 4 0 10 17 11.045361017187261 14.142135623730951 1.089924259708806 
56 81 4 0 8 19 11.045361017187261 14.142135623730951 1.0917691955796025 
55 80 4 0 7 21 11.045361017187261 14.142135623730951 1.0950932639460964 
54 79 4 0 6 25 11.045361017187261 14.142135623730951 1.091785308444804 
53 77 4 0 7 22 10.198039027185569 14.142135623730951 1.0904058099828018 
52 75 4 0 7 21 9.486832980505138 14.142135623730951 1.0901181187289397 
51 74 4 0 6 21 9.486832980505138 13.038404810405298 1.0991487561993296 
50 72 5 0 6 18 9.486832980505138 13.038404810405298 1.1019702016507056 
49 71 5 0 6 22 9.486832980505138 13.038404810405298 1.1047671522217861 
48 70 5 0 5 25 8.94427190999916 13.038404810405298 1.1035666912910795 
46 69 5 0 6 23 8.246211251235321 13.038404810405298 1.1029130589364302 
45 68 5 0 6 23 8.246211251235321 12.165525060596439 1.1020366731485638 
44 67 5 0 6 22 8.246211251235321 12.165525060596439 1.0876028129967816 
43 66 5 1 6 20 8.246211251235321 12.165525060596439 1.0879660239605822 
41 65 5 1 5 20 9.899494936611665 12.165525060596439 1.0863080414122834 
40 63 5 1 5 19 9.899494936611665 12.165525060596439 1.0817812045187578 
39 61 6 2 5 15 9.899494936611665 12.165525060596439 1.0821470078938578 
38 60 6 2 4 15 9.899494936611665 12.165525060596439 1.0820101883538393 
37 59 6 2 4 15 9.899494936611665 12.165525060596439 1.0814211569920538 
36 58 6 2 4 15 9.899494936611665 11.40175425099138 1.0824317375875674 
34 57 6 2 3 15 9.899494936611665 11.40175425099138 1.0821473853609858 
33 56 7 3 2 15 9.899494936611665 11.40175425099138 1.0800288104101525 
32 55 7 3 3 13 9.899494936611665 11.40175425099138 1.080118423970165 
31 54 7 3 2 13 8.48528137423857 10.0 1.0659215071511134 
30 53 7 4 3 12 8.48528137423857 10.0 1.0697993334244538 
29 52 7 4 2 16 7.0710678118654755 10.0 1.0691598909693176 
28 51 7 4 3 16 7.0710678118654755 10.0 1.070079452251264 
27 50 7 4 2 16 5.656854249492381 10.0 1.0669843677198518 
26 49 7 4 2 12 5.656854249492381 10.0 1.067903929001798 
25 48 7 4 1 12 4.242640687119285 10.0 1.0663783950869319 
24 47 7 4 1 11 4.47213595499958 9.055385138137417 1.0779302340805905 
23 46 8 4 1 11 4.47213595499958 8.246211251235321 1.078050571186324 
22 45 8 4 0 11 5.0990195135927845 8.246211251235321 1.063185642590968 
22 43 8 5 1 10 3.1622776601683795 8.246211251235321 1.0742400659847566 
21 42 9 5 0 8 3.1622776601683795 8.246211251235321 1.0751194612208437 
21 41 9 5 1 10 1.4142135623730951 8.246211251235321 1 
