140 140 0 0 14 14 16.0 16.0 1.1397189064285707 
139 139 0 0 19 19 16.0 13.038404810405298 1.1401147149739654 
135 137 0 0 22 17 13.038404810405298 15.033296378372908 1.1564101446334427 
131 136 0 0 25 22 15.033296378372908 15.033296378372908 1.1560671073501978 
127 135 0 0 25 20 14.0 16.0 1.1531142855224439 
123 133 0 0 28 17 14.0 16.0 1.166621481523121 
123 132 0 0 38 21 14.0 16.0 1.1791427195546869 
117 131 0 0 38 24 13.038404810405298 16.0 1.187092534816914 
113 130 0 0 36 27 13.038404810405298 15.033296378372908 1.1896515651341355 
107 129 0 0 34 26 14.0 15.033296378372908 1.2060967586005442 
105 128 0 0 38 32 14.0 15.033296378372908 1.2188449391072793 
97 127 1 0 28 33 12.0 15.033296378372908 1.2207474505756137 
93 125 1 0 35 31 12.0 15.033296378372908 1.2351347298881392 
83 124 2 0 17 34 12.0 15.033296378372908 1.2369706917509424 
82 123 2 0 27 32 12.0 15.033296378372908 1.2396509868247483 
81 122 2 0 35 31 13.038404810405298 15.033296378372908 1.2472563576512747 
73 121 3 0 27 29 11.40175425099138 15.033296378372908 1.2558815497617923 
65 120 4 0 14 29 12.0 15.033296378372908 1.257479118413378 
64 118 4 0 20 29 12.0 15.033296378372908 1.266601309554193 
56 117 5 0 11 28 11.40175425099138 15.033296378372908 1.2748190573809 
54 115 5 0 12 32 11.40175425099138 15.033296378372908 1.284963817865145 
54 114 5 0 17 36 11.40175425099138 15.033296378372908 1.2736105508588293 
52 110 5 0 17 33 12.165525060596439 15.033296378372908 1.268983912960964 
50 108 5 0 15 32 12.165525060596439 15.033296378372908 1.2611882506215188 
46 107 6 0 8 25 12.165525060596439 15.033296378372908 1.2591372134376877 
45 106 6 0 9 24 12.165525060596439 15.033296378372908 1.2697160678140016 
45 104 6 0 11 30 12.165525060596439 15.033296378372908 1.2668207209070104 
43 103 6 0 12 28 12.165525060596439 15.033296378372908 1.254962863541888 
39 101 7 0 5 20 11.40175425099138 15.033296378372908 1.2507464414751137 
38 100 7 0 6 18 11.40175425099138 15.033296378372908 1.2500711853003676 
37 98 7 0 7 19 10.770329614269007 13.341664064126334 1.2493796689407561 
36 97 7 0 10 18 11.40175425099138 13.341664064126334 1.2531377526848195 
35 96 7 0 10 20 10.770329614269007 13.341664064126334 1.2579477316980543 
33 95 8 0 7 19 10.770329614269007 12.649110640673518 1.2645582340459935 
32 94 8 0 8 22 10.770329614269007 12.649110640673518 1.2723371788037472 
30 93 9 0 6 22 10.770329614269007 12.165525060596439 1.2689496987894289 
29 89 9 0 7 23 9.486832980505138 12.165525060596439 1.2668543854706087 
27 88 9 0 6 22 8.602325267042627 12.165525060596439 1.2687451048376912 
26 86 9 0 6 24 8.48528137423857 12.165525060596439 1.2676752415922796 
25 85 9 0 6 24 7.0710678118654755 11.40175425099138 1.2605883672078066 
24 84 9 0 6 21 5.656854249492381 11.40175425099138 1 
