140 140 0 0 14 14 16.0 16.0 1.154625030152134 
139 139 0 0 19 17 16.0 13.038404810405298 1.157701544230161 
135 137 0 0 22 16 13.341664064126334 15.033296378372908 1.1780341795939642 
131 135 0 0 25 22 14.142135623730951 15.033296378372908 1.1828010114444396 
127 134 0 0 25 22 13.341664064126334 16.0 1.1868468998513035 
123 133 0 0 28 21 13.341664064126334 16.0 1.178581676369803 
123 129 0 0 38 18 13.341664064126334 16.0 1.185790061925348 
117 128 0 0 41 17 13.038404810405298 16.0 1.193222745003792 
111 127 0 0 38 18 13.038404810405298 16.0 1.2027883180485444 
101 126 0 0 30 19 13.038404810405298 16.0 1.2545194518464757 
100 125 1 0 36 34 13.038404810405298 16.0 1.2245905024762411 
90 124 2 0 22 19 13.038404810405298 16.0 1.2297775394224866 
89 123 2 0 32 18 13.038404810405298 16.0 1.2417314243847866 
85 122 2 0 35 20 13.038404810405298 16.0 1.2551869009866228 
77 121 2 0 26 24 13.038404810405298 16.0 1.281208448053442 
76 119 3 0 26 32 13.038404810405298 16.0 1.2788955357847094 
75 118 3 0 31 30 13.038404810405298 15.033296378372908 1.2726483581851855 
71 117 3 0 28 27 14.0 15.033296378372908 1.279846836983575 
69 116 3 0 26 30 14.0 15.033296378372908 1.2905179013110142 
68 115 3 0 30 33 14.0 15.033296378372908 1.31412907910405 
60 113 4 0 18 40 12.165525060596439 14.0 1.2942479857780889 
59 112 4 0 20 32 13.038404810405298 14.142135623730951 1.3068921120835673 
53 111 5 0 14 33 13.038404810405298 14.142135623730951 1.307504133996471 
49 110 6 0 10 30 13.038404810405298 14.142135623730951 1.2940462527626988 
48 108 6 0 13 25 13.038404810405298 14.142135623730951 1.2715392264341085 
44 106 6 0 9 17 13.038404810405298 14.142135623730951 1.285384427603886 
38 104 7 0 4 19 11.045361017187261 14.142135623730951 1.2944278064188244 
37 103 8 0 3 20 14.0 14.142135623730951 1.2981402170339544 
36 102 8 0 5 21 14.0 14.142135623730951 1.2974910730652967 
35 101 8 0 5 21 13.038404810405298 14.142135623730951 1.2894446205884706 
34 97 8 0 4 21 13.038404810405298 14.142135623730951 1.299286620565979 
33 96 8 0 4 25 10.770329614269007 14.142135623730951 1.2958662858261185 
31 95 9 0 2 21 13.038404810405298 14.142135623730951 1.292584731840219 
30 94 9 0 2 20 12.165525060596439 14.142135623730951 1.2954229173817693 
29 93 9 0 3 21 11.40175425099138 14.142135623730951 1.2928652931662807 
28 92 9 0 7 19 10.198039027185569 14.142135623730951 1.28781023549847 
24 90 9 0 2 18 6.324555320336759 14.142135623730951 1.2849823966106468 
23 88 9 0 2 18 5.830951894845301 14.142135623730951 1.2853911596211576 
23 87 9 0 2 19 5.0990195135927845 14.142135623730951 1.2805871431259024 
23 86 9 0 2 18 5.830951894845301 14.142135623730951 1.2809959061364131 
23 85 9 0 2 19 5.0990195135927845 14.142135623730951 1.276630261750598 
23 83 9 0 2 19 5.830951894845301 14.142135623730951 1.2624438440945978 
23 82 9 1 2 21 5.0990195135927845 14.142135623730951 1.2550038287475305 
23 81 9 1 2 19 5.830951894845301 14.142135623730951 1.2554125917580414 
23 80 9 1 2 20 5.0990195135927845 14.142135623730951 1.2479725764109741 
23 79 9 1 2 18 5.830951894845301 14.142135623730951 1.2483813394214849 
23 78 9 1 2 19 5.0990195135927845 14.142135623730951 1.2399453097690192 
23 76 9 1 2 18 5.830951894845301 12.0 1.2395265697182796 
24 75 9 1 6 18 5.656854249492381 12.0 1.2372810171810071 
24 74 9 1 6 18 4.47213595499958 12.0 1.2377673150853474 
24 73 9 1 6 19 5.656854249492381 12.0 1.232885763696263 
24 72 9 1 6 18 4.47213595499958 12.0 1.233372061600603 
24 71 9 1 6 19 5.656854249492381 12.0 1.2311265090633308 
24 70 9 1 6 19 4.47213595499958 12.0 1.2263408092640466 
24 69 9 1 6 18 5.656854249492381 12.0 1.2208200260855029 
24 68 9 1 6 17 4.47213595499958 11.045361017187261 1.2160343262862188 
24 67 9 1 6 16 5.656854249492381 11.045361017187261 1.2111527748971345 
24 66 9 1 6 15 4.47213595499958 11.045361017187261 1.1895742676889671 
24 64 9 2 6 15 5.656854249492381 11.045361017187261 1.1846927162998826 
24 63 9 2 6 14 4.47213595499958 11.045361017187261 1.1825430153524108 
24 62 9 2 6 14 5.656854249492381 11.045361017187261 1.1848694807298807 
24 61 9 2 6 16 4.47213595499958 10.0 1.1827197797824087 
24 60 9 2 6 16 5.656854249492381 10.0 1.1752022295415123 
24 59 9 2 6 14 4.47213595499958 10.0 1.1730525285940403 
24 58 9 2 6 14 5.656854249492381 10.0 1.1562117953902569 
24 57 9 3 6 15 4.47213595499958 10.0 1.154062094442785 
24 56 9 3 6 15 5.656854249492381 10.0 1.1297517367930052 
24 54 9 4 6 14 4.47213595499958 10.0 1.1276020358455332 
24 53 9 4 6 14 5.656854249492381 10.0 1.125356483308261 
24 52 9 4 6 14 4.47213595499958 10.0 1.123206782360789 
24 51 9 4 6 14 5.656854249492381 10.0 1.1209612298235165 
24 50 9 4 6 14 4.47213595499958 10.0 1.111341904430048 
24 48 9 4 6 12 5.656854249492381 10.0 1.1064603530409636 
24 47 9 4 6 11 4.47213595499958 10.0 1.1043106520934916 
24 46 9 4 6 11 5.656854249492381 10.0 1.097231473962035 
24 44 9 4 6 10 4.47213595499958 10.0 1.0944492534345234 
24 43 9 4 6 10 5.656854249492381 9.055385138137417 1.092203700897251 
24 42 9 4 6 10 4.47213595499958 9.055385138137417 1.0706251936890838 
24 40 9 5 6 10 5.656854249492381 9.055385138137417 1.0683796411518114 
24 39 9 5 6 10 4.47213595499958 9.055385138137417 1.0662299402043394 
24 38 9 5 6 10 5.656854249492381 9.055385138137417 1.0580056979651418 
24 37 9 5 6 8 4.47213595499958 8.0 1.0558559970176697 
24 36 9 5 6 8 5.656854249492381 8.0 1.0562464433322094 
24 35 9 5 6 9 4.47213595499958 8.0 1.0315935651627903 
24 34 9 6 6 7 5.656854249492381 8.0 1.029348012625518 
24 33 9 6 6 7 4.47213595499958 8.0 1.0073311333079107 
24 32 9 7 6 6 5.656854249492381 8.0 1.0044635623997162 
24 31 9 7 6 6 4.47213595499958 7.0710678118654755 1.0023138614522447 
24 30 9 7 6 6 5.656854249492381 7.0710678118654755 0.9995684398289564 
24 29 9 7 6 6 4.47213595499958 6.324555320336759 0.996598113010453 
24 28 9 7 6 6 5.656854249492381 5.0990195135927845 0.9718493832512332 
24 27 9 8 6 4 4.47213595499958 5.0990195135927845 0.9670636834519494 
24 26 9 8 6 3 5.656854249492381 5.0990195135927845 0.9643983660547071 
24 25 9 8 6 3 4.47213595499958 4.47213595499958 0.9431747809656285 
24 24 9 9 6 2 5.656854249492381 5.656854249492381 0.9410458052195654 
24 23 9 9 6 2 4.47213595499958 5.830951894845301 0.9392266239833569 
24 22 9 9 6 2 5.656854249492381 6.324555320336759 0.9322089428284759 
24 21 9 9 6 0 4.47213595499958 7.0710678118654755 0.94636572871809 
24 23 9 9 6 4 5.656854249492381 5.830951894845301 0.929591594314247 
24 21 9 9 6 0 4.47213595499958 3.1622776601683795 0.9517043252216547 
24 22 9 8 6 1 5.656854249492381 3.1622776601683795 0.929591594314247 
24 21 9 9 6 0 4.47213595499958 3.1622776601683795 0.9395215951557195 
24 22 9 9 6 3 5.656854249492381 2.8284271247461903 0.9310570793263343 
24 21 9 9 6 1 4.47213595499958 1.4142135623730951 -1 
