140 140 0 0 14 14 16.0 16.0 1.0702659742677727 
138 139 0 0 17 18 16.0 14.142135623730951 1.0783563154034697 
134 137 0 0 16 23 12.165525060596439 16.0 1.0743670504746707 
132 135 0 0 16 20 13.341664064126334 16.0 1.0777603850123894 
130 134 0 0 16 23 14.0 16.0 1.080232853005008 
128 133 0 0 16 25 14.0 16.0 1.0799985231084672 
126 132 0 0 14 24 14.0 16.0 1.078972905896963 
124 131 0 0 16 23 14.0 16.0 1.0795749013538953 
122 130 0 0 15 23 14.0 16.0 1.082883694699987 
120 129 0 0 16 26 14.0 16.0 1.0820558993172236 
118 128 0 0 17 25 14.0 16.0 1.081064693306041 
116 124 0 0 18 27 14.0 16.0 1.079321644916745 
114 122 0 0 18 26 14.142135623730951 16.0 1.076568906788822 
112 120 0 0 18 24 14.142135623730951 16.0 1.0749047860525858 
110 119 0 0 18 22 14.142135623730951 16.0 1.076343106862991 
108 118 0 0 18 23 14.142135623730951 16.0 1.0767472804911822 
106 117 0 0 18 23 14.142135623730951 16.0 1.0719262479988318 
104 115 0 0 18 19 14.142135623730951 16.0 1.074739889439459 
102 113 0 0 16 22 14.142135623730951 16.0 1.0756027069053147 
98 112 0 0 16 21 14.142135623730951 16.0 1.0778228828597196 
96 110 0 0 17 24 14.142135623730951 16.0 1.0775340827537057 
94 108 0 0 15 24 14.142135623730951 16.0 1.0781222778883175 
92 107 0 0 16 25 14.142135623730951 15.033296378372908 1.0763048140751574 
90 106 0 0 16 23 15.033296378372908 15.033296378372908 1.0760704841786166 
88 105 0 0 14 22 15.033296378372908 15.033296378372908 1.0847496863594568 
87 101 1 0 15 23 15.033296378372908 15.033296378372908 1.085351681816389 
85 100 1 0 14 23 15.033296378372908 15.033296378372908 1.095336333793069 
83 99 2 0 13 21 15.033296378372908 15.033296378372908 1.093672213056833 
81 98 2 0 13 19 15.033296378372908 15.033296378372908 1.0940763866850243 
79 97 2 0 13 19 15.033296378372908 15.033296378372908 1.109888240239178 
75 96 3 0 11 21 15.033296378372908 15.033296378372908 1.121743364751545 
73 95 4 0 11 21 15.033296378372908 15.033296378372908 1.1256810832179198 
72 93 4 0 10 26 15.033296378372908 15.033296378372908 1.1265741598324763 
70 92 4 0 9 26 13.341664064126334 15.033296378372908 1.127516089137378 
69 91 4 0 8 27 13.038404810405298 15.033296378372908 1.1261397200734167 
68 90 4 0 8 26 13.038404810405298 15.033296378372908 1.1266940911445755 
66 89 4 0 8 26 12.165525060596439 15.033296378372908 1.1230808309666376 
65 87 4 0 7 25 12.165525060596439 13.038404810405298 1.1018041929483846 
64 83 4 1 7 21 12.0 13.038404810405298 1.1055650038168945 
63 82 4 1 8 25 11.045361017187261 13.038404810405298 1.1020124652133017 
61 81 4 1 8 21 10.0 13.038404810405298 1.0987656236136536 
60 80 4 1 7 18 10.0 13.038404810405298 1.096962801345279 
59 79 4 1 7 17 9.055385138137417 12.165525060596439 1.0988281093283303 
58 78 4 1 7 19 8.246211251235321 12.165525060596439 1.0978963592860487 
56 77 4 1 7 18 10.0 12.165525060596439 1.0965199902220872 
55 76 4 1 7 17 10.0 12.165525060596439 1.098246062704767 
54 75 4 1 7 19 10.0 12.165525060596439 1.102040429551874 
53 74 4 1 7 23 10.0 12.165525060596439 1.0893697193570522 
52 73 4 2 6 24 10.0 12.165525060596439 1.092878185626824 
51 69 5 2 7 20 10.0 12.165525060596439 1.0929316074025581 
50 68 5 2 5 20 10.0 12.165525060596439 1.090323269327642 
49 67 5 2 6 18 10.0 12.165525060596439 1.0890902518829484 
48 65 5 2 5 18 10.0 12.165525060596439 1.0861396919262845 
46 63 5 2 6 16 10.0 12.165525060596439 1.0724348345492494 
45 62 5 3 5 16 10.0 12.165525060596439 1.0721352903703818 
44 61 5 3 6 16 8.602325267042627 12.165525060596439 1.0710372139552502 
43 60 5 3 6 16 8.602325267042627 11.045361017187261 1.0724755347656552 
41 59 5 3 6 17 8.602325267042627 11.045361017187261 1.0847263029355039 
39 58 6 3 4 17 8.602325267042627 11.045361017187261 1.0820634946511147 
38 56 6 3 5 16 8.602325267042627 11.045361017187261 1.0818493046345723 
36 55 6 3 3 15 8.48528137423857 11.045361017187261 1.0832876254449773 
34 54 6 3 3 16 8.48528137423857 11.045361017187261 1.0818880815123948 
32 53 6 3 4 15 8.48528137423857 10.198039027185569 1.082292255140586 
30 52 6 3 4 15 8.48528137423857 10.198039027185569 1.093508876128221 
28 51 7 3 2 14 8.48528137423857 10.198039027185569 1.0929300982143384 
27 50 7 3 2 14 7.0710678118654755 9.486832980505138 1.0782366172137576 
26 49 7 4 2 13 5.656854249492381 9.486832980505138 1.0783355625481594 
25 48 7 4 1 13 4.242640687119285 9.486832980505138 1.0789879983285442 
24 47 7 4 1 14 4.47213595499958 9.486832980505138 1.0900967273309718 
23 46 8 4 1 14 4.47213595499958 9.486832980505138 1.089478354056423 
22 45 8 4 0 14 5.0990195135927845 8.94427190999916 1.0849516994438284 
22 44 8 4 1 11 3.1622776601683795 8.246211251235321 1.0962582502749971 
21 43 9 4 0 11 3.1622776601683795 8.246211251235321 1.0944796494442548 
21 42 9 4 1 11 1.4142135623730951 7.0710678118654755 1 
