140 140 0 0 14 14 16.0 16.0 1.3270175443275336 
139 139 0 0 19 18 16.0 13.038404810405298 1.3444090517438716 
135 138 0 0 22 18 13.341664064126334 15.033296378372908 1.3856761461096447 
131 137 0 0 25 24 13.341664064126334 15.033296378372908 1.3858865616452387 
127 136 0 0 25 22 12.649110640673518 16.0 1.3815087453437203 
123 134 0 0 28 19 12.649110640673518 16.0 1.3928178312160127 
123 132 0 0 38 19 12.649110640673518 16.0 1.4432099038299215 
117 131 0 0 38 27 13.038404810405298 16.0 1.4561025384826456 
116 129 0 0 45 28 13.038404810405298 16.0 1.5306031426830302 
110 128 0 0 41 43 13.038404810405298 16.0 1.4996694400339883 
106 127 0 0 40 35 13.038404810405298 16.0 1.444967505300774 
100 126 0 0 31 24 13.038404810405298 16.0 1.5618069800683025 
99 124 0 0 35 49 13.038404810405298 16.0 1.5462876584856466 
98 122 0 0 46 42 12.0 16.0 1.5138907735870812 
92 120 0 0 48 32 12.0 16.0 1.4701956277453085 
88 112 1 0 50 26 12.0 16.0 1.530195936744115 
82 110 1 0 50 37 11.045361017187261 16.0 1.5107576481650775 
76 109 2 0 48 30 11.045361017187261 16.0 1.4965882871333145 
75 108 2 0 53 25 10.770329614269007 16.0 1.4843517673287832 
69 106 2 0 49 22 10.0 16.0 1.5273714087601487 
61 105 3 0 37 32 9.486832980505138 15.033296378372908 1.5190986112180238 
60 101 3 0 41 32 10.198039027185569 14.0 1.4804779083556026 
52 95 4 0 35 26 10.198039027185569 14.142135623730951 1.458889803782114 
51 91 4 0 36 24 9.486832980505138 14.142135623730951 1.4712703068719584 
50 90 4 0 36 27 9.486832980505138 14.142135623730951 1.4463253948320143 
46 88 4 0 31 23 8.94427190999916 14.142135623730951 1.4397055744289247 
46 87 4 0 30 23 10.0 14.142135623730951 1.4186052213646037 
46 85 4 0 33 19 10.0 14.142135623730951 1.4278753329593763 
44 84 4 0 28 23 7.0710678118654755 13.341664064126334 1.4513962187239953 
45 83 4 0 32 28 7.0710678118654755 13.341664064126334 1.4591581724505038 
46 82 4 0 35 30 7.0710678118654755 13.341664064126334 1.3725748769065986 
44 72 4 1 32 26 7.0710678118654755 12.0 1.3652581420679852 
42 70 4 1 32 25 7.0710678118654755 12.0 1.3453713144115544 
41 69 4 2 27 28 7.211102550927978 12.0 1.3434443372657605 
40 68 4 2 29 27 7.211102550927978 12.0 1.3128517034561011 
34 66 5 2 19 22 6.324555320336759 12.0 1.3004390297864645 
30 65 6 2 12 20 5.0990195135927845 12.0 1.295831792360701 
29 64 6 2 15 18 5.656854249492381 12.0 1.2879936734520847 
25 63 7 2 8 17 4.47213595499958 12.0 1.268586465687266 
23 61 8 2 4 15 2.0 10.198039027185569 1.2671891060962839 
21 60 9 2 1 15 1.4142135623730951 10.198039027185569 1 
