140 140 0 0 14 14 16.0 16.0 1.0554097476425768 
138 139 0 0 17 17 16.0 14.142135623730951 1.0580245109710718 
134 138 0 0 16 17 12.0 16.0 1.06476789563259 
132 136 0 0 21 20 12.0 16.0 1.0693054301352185 
128 135 0 0 22 21 14.142135623730951 16.0 1.0701520583744837 
124 134 0 0 22 20 14.142135623730951 16.0 1.0749364982563832 
120 132 0 0 22 22 14.142135623730951 16.0 1.0815218939824345 
116 131 0 0 24 24 14.142135623730951 16.0 1.0969429246997766 
108 130 1 0 19 25 14.142135623730951 16.0 1.0983374450243577 
102 129 2 0 16 18 13.341664064126334 16.0 1.111793846860946 
100 128 2 0 15 26 13.341664064126334 16.0 1.1050998617360204 
98 124 2 0 16 23 13.341664064126334 16.0 1.0992958665951866 
96 123 2 0 16 19 13.341664064126334 16.0 1.1023474121460577 
94 121 2 0 16 21 13.341664064126334 16.0 1.0988419856315017 
92 119 2 0 16 19 13.341664064126334 16.0 1.1051720172150858 
90 117 2 0 16 23 13.341664064126334 16.0 1.1096145836233424 
88 116 2 0 17 25 14.0 16.0 1.1110268861578567 
86 114 2 0 17 26 14.0 16.0 1.1045182171469188 
84 112 2 0 15 23 14.0 14.142135623730951 1.101333409381729 
84 110 2 0 20 21 15.033296378372908 14.142135623730951 1.1079159712487043 
80 109 2 0 18 24 15.033296378372908 14.142135623730951 1.1094445778832156 
79 108 2 0 22 24 15.033296378372908 14.142135623730951 1.1092856989144964 
79 107 2 0 24 24 15.033296378372908 14.142135623730951 1.106692128293253 
75 105 2 0 22 22 15.033296378372908 14.142135623730951 1.1113782625512225 
69 101 3 0 15 20 14.0 13.038404810405298 1.107506835512354 
68 97 3 0 17 19 14.0 13.038404810405298 1.1061646414739343 
67 96 3 0 18 18 14.0 13.038404810405298 1.1201696457644337 
63 95 4 0 14 20 14.0 13.038404810405298 1.1249739045725826 
62 94 4 0 14 23 14.0 13.038404810405298 1.1281861861438311 
61 93 5 0 14 19 14.0 13.038404810405298 1.1280728420394128 
60 92 5 0 14 19 14.142135623730951 13.038404810405298 1.1304640824880898 
58 91 5 0 14 20 13.038404810405298 13.038404810405298 1.1340841047070194 
56 90 5 0 13 22 12.0 13.038404810405298 1.1351329824094263 
54 89 5 0 14 22 11.045361017187261 12.649110640673518 1.1402963658864247 
50 88 5 0 13 24 10.198039027185569 12.0 1.1442814060818576 
49 87 5 0 15 26 9.055385138137417 12.0 1.138981581474554 
45 86 5 0 16 21 9.055385138137417 12.0 1.1475675200415292 
43 85 6 0 15 20 9.055385138137417 12.0 1.1540862774647438 
42 83 7 0 13 19 9.055385138137417 12.649110640673518 1.1564775608171927 
40 82 7 0 13 20 8.0 12.649110640673518 1.1584622022489488 
38 81 7 0 12 21 11.313708498984761 12.649110640673518 1.1542974501244718 
36 80 7 0 12 18 11.313708498984761 12.649110640673518 1.1575107085031378 
34 79 7 0 14 19 11.313708498984761 12.649110640673518 1.165776945306851 
30 78 8 0 8 18 11.313708498984761 12.649110640673518 1.1640229770232207 
29 77 8 0 8 17 9.899494936611665 12.649110640673518 1.1684154615861588 
28 76 8 0 7 20 8.48528137423857 12.649110640673518 1.163383007269815 
27 75 8 0 7 17 7.0710678118654755 12.649110640673518 1.160035204697626 
25 74 8 0 5 15 5.656854249492381 12.649110640673518 1.1599646331317979 
23 73 8 0 3 15 2.8284271247461903 12.649110640673518 1.1710083155653026 
21 72 9 0 0 16 3.1622776601683795 12.649110640673518 1.1687981230634834 
21 71 9 0 1 15 1.4142135623730951 12.649110640673518 1 
