140 140 0 0 14 14 16.0 16.0 1.2198840542712912 
139 139 0 0 19 18 16.0 13.038404810405298 1.23443931997457 
135 135 0 0 22 21 13.341664064126334 15.033296378372908 1.2530111519123492 
131 133 0 0 25 24 15.033296378372908 15.033296378372908 1.2874170183528726 
127 129 0 0 25 34 14.142135623730951 16.0 1.3024992168237717 
123 127 0 0 28 36 14.142135623730951 16.0 1.3069091219866182 
123 123 0 0 40 36 14.142135623730951 16.0 1.2883188259083769 
117 121 0 0 39 29 13.038404810405298 16.0 1.2983818079083664 
109 120 0 0 37 28 13.038404810405298 16.0 1.304922961502709 
103 119 0 0 36 27 13.038404810405298 16.0 1.3255028338456862 
99 118 0 0 38 30 13.038404810405298 16.0 1.3372140904659426 
98 117 0 0 44 31 12.649110640673518 16.0 1.33050075633786 
97 116 0 0 40 31 12.649110640673518 16.0 1.333645489767507 
93 112 0 0 50 29 12.0 15.033296378372908 1.351758846003961 
92 111 0 0 53 33 13.038404810405298 15.033296378372908 1.3312771549514197 
86 110 0 0 46 27 12.165525060596439 15.033296378372908 1.3520848218333068 
78 109 1 0 38 30 12.165525060596439 15.033296378372908 1.3566864401727061 
70 108 1 0 28 31 12.165525060596439 14.142135623730951 1.366265123132744 
69 104 2 0 31 34 12.165525060596439 14.142135623730951 1.3669868778517824 
63 103 2 0 26 33 11.40175425099138 14.142135623730951 1.3472724630585462 
57 99 3 0 18 29 11.40175425099138 14.142135623730951 1.3500525303864481 
56 97 3 0 26 28 11.40175425099138 13.038404810405298 1.3521792497552438 
55 96 3 0 28 28 11.40175425099138 13.038404810405298 1.3483827126715549 
51 95 4 0 20 27 11.40175425099138 13.038404810405298 1.336704100353517 
49 94 5 0 15 24 11.40175425099138 13.038404810405298 1.3013465165287752 
47 88 5 0 16 18 11.40175425099138 13.038404810405298 1.3144947854720275 
46 87 5 0 18 21 10.770329614269007 13.038404810405298 1.3302103428353524 
40 86 5 0 14 24 9.486832980505138 12.0 1.3390896402576142 
36 85 6 0 12 24 9.486832980505138 12.165525060596439 1.3306936276446386 
34 83 7 0 9 22 9.486832980505138 12.165525060596439 1.3311910725740972 
33 82 8 0 9 21 9.486832980505138 12.165525060596439 1.3358863768356142 
32 80 8 0 10 23 8.94427190999916 12.165525060596439 1.3214602946684373 
31 76 8 0 10 22 8.94427190999916 12.165525060596439 1.3168110506364015 
30 75 8 1 11 26 7.615773105863909 12.165525060596439 1.2896496146665382 
28 73 8 1 11 19 7.0710678118654755 12.165525060596439 1.2911467375339443 
27 72 8 1 10 20 5.656854249492381 12.165525060596439 1.2977407808600951 
23 71 9 1 4 21 4.242640687119285 12.165525060596439 1.2955844380636703 
22 70 9 1 3 21 2.8284271247461903 12.165525060596439 1 
