140 140 0 0 14 14 16.0 16.0 1.051790823276929 
138 139 0 0 17 18 16.0 14.142135623730951 1.0567004833034666 
134 135 0 0 16 21 12.649110640673518 16.0 1.0581301820312186 
132 133 0 0 21 21 14.142135623730951 16.0 1.0606496855854186 
128 132 0 0 22 21 14.142135623730951 15.033296378372908 1.0679064740761626 
124 131 0 0 22 24 15.033296378372908 15.033296378372908 1.0665831959310303 
120 125 0 0 25 24 15.033296378372908 15.033296378372908 1.0709967152425521 
116 124 0 0 21 26 15.033296378372908 15.033296378372908 1.0625544017908395 
110 122 0 0 18 19 15.033296378372908 15.033296378372908 1.0706295712891816 
109 121 1 0 17 18 15.033296378372908 15.033296378372908 1.0727579287611175 
107 120 1 0 21 18 15.033296378372908 15.033296378372908 1.0751288206558496 
105 119 1 0 21 19 15.033296378372908 15.033296378372908 1.0728332229960378 
103 118 1 0 21 17 15.033296378372908 15.033296378372908 1.0834791881546064 
103 117 1 0 28 23 15.033296378372908 15.033296378372908 1.0804455274520846 
97 116 1 0 29 18 15.033296378372908 15.033296378372908 1.0869873802814465 
91 115 1 0 26 20 15.033296378372908 15.033296378372908 1.1179297069805567 
85 114 2 0 24 31 14.0 15.033296378372908 1.1108087533455346 
85 112 2 0 32 26 14.0 15.033296378372908 1.1078042662628511 
75 106 3 0 16 19 14.0 15.033296378372908 1.1084618022911479 
74 105 3 0 23 18 14.0 15.033296378372908 1.1220951101197252 
66 104 4 0 15 18 14.0 15.033296378372908 1.1273334296015154 
65 103 4 0 17 21 14.0 15.033296378372908 1.1255217299735143 
64 101 4 0 17 21 14.0 13.341664064126334 1.1327681056685726 
60 99 5 0 13 19 14.142135623730951 13.341664064126334 1.147254729184908 
58 98 5 0 12 28 14.142135623730951 13.341664064126334 1.140049076521248 
57 97 5 0 14 23 14.142135623730951 13.341664064126334 1.144188476767055 
53 95 6 0 10 19 14.142135623730951 13.341664064126334 1.1490138806504566 
51 94 6 0 8 22 14.142135623730951 13.341664064126334 1.1622406804112215 
50 90 7 0 8 26 14.142135623730951 13.341664064126334 1.1513805113945526 
49 89 7 1 11 28 14.142135623730951 13.341664064126334 1.1497715616679862 
48 88 7 1 11 27 13.038404810405298 13.341664064126334 1.148702188976001 
47 87 7 1 8 27 13.038404810405298 13.341664064126334 1.1542134253228278 
45 86 7 1 8 30 12.0 13.341664064126334 1.1541557579040926 
44 85 7 1 8 30 11.045361017187261 13.341664064126334 1.1541467391197595 
43 84 7 1 13 29 11.40175425099138 13.341664064126334 1.1500787368561092 
35 83 7 1 10 23 10.198039027185569 13.341664064126334 1.1587290079930241 
31 82 8 1 4 22 9.055385138137417 12.165525060596439 1.1583390123069983 
30 80 8 1 6 22 8.246211251235321 12.165525060596439 1.1572937041164695 
26 79 8 1 4 20 4.47213595499958 12.165525060596439 1.1541350842443878 
25 78 8 1 4 18 3.1622776601683795 12.165525060596439 1.1543268513628884 
23 77 8 1 2 18 2.0 12.165525060596439 1.1657329692318958 
22 76 9 1 2 19 5.830951894845301 12.165525060596439 1.163474748660749 
21 75 9 1 0 18 4.47213595499958 12.165525060596439 1.160947899858812 
21 74 9 1 0 17 4.0 12.165525060596439 1.1646163464622254 
21 73 9 1 0 20 4.47213595499958 12.165525060596439 1.1620894976602885 
21 72 9 1 0 19 4.0 12.165525060596439 1.1579804616727953 
21 71 9 1 0 17 4.47213595499958 12.165525060596439 1.1585646059072208 
21 70 9 1 0 18 4.0 12.165525060596439 1.1575665629560903 
21 69 9 1 0 18 4.47213595499958 12.165525060596439 1.1550397141541535 
21 68 9 1 0 17 4.0 12.165525060596439 1.1540416712030228 
21 67 9 1 0 17 4.47213595499958 12.165525060596439 1.1530703189192673 
21 66 9 1 0 17 4.0 12.165525060596439 1.1505167794499553 
21 65 9 1 0 16 4.47213595499958 12.165525060596439 1.1495454271661998 
21 64 9 1 0 16 4.0 12.165525060596439 1.1501028807332503 
21 63 9 1 0 17 4.47213595499958 12.165525060596439 1.1475760319313135 
21 62 9 1 0 16 4.0 12.165525060596439 1.1440377948445586 
21 60 9 1 0 15 4.47213595499958 12.165525060596439 1.1430664425608028 
21 59 9 1 0 15 4.0 12.165525060596439 1.1420683996096723 
21 58 9 1 0 15 4.47213595499958 12.165525060596439 1.125241117204349 
21 56 9 2 0 15 4.0 12.165525060596439 1.1242430742532183 
21 55 9 2 0 15 4.47213595499958 12.165525060596439 1.1099559859835193 
21 54 9 3 0 16 4.0 12.165525060596439 1.1086227721234525 
21 53 9 3 0 16 4.47213595499958 11.40175425099138 1.1064972533495383 
21 52 9 3 1 15 1.4142135623730951 11.40175425099138 1 
