140 140 0 0 14 14 16.0 16.0 1.13173709436732 
139 139 0 0 19 18 16.0 13.038404810405298 1.1444605110953365 
135 137 0 0 22 22 13.341664064126334 15.033296378372908 1.1582329450074087 
131 135 0 0 25 27 14.0 15.033296378372908 1.166407057101854 
127 133 0 0 25 30 13.038404810405298 16.0 1.163542944300412 
123 131 0 0 28 27 13.038404810405298 16.0 1.1582505019113203 
123 127 0 0 38 25 14.142135623730951 15.033296378372908 1.16807580462168 
117 126 0 0 38 27 14.0 15.033296378372908 1.1646506664736944 
113 122 0 0 36 27 14.0 15.033296378372908 1.170631555647267 
107 120 0 0 36 28 14.0 15.033296378372908 1.18210431344504 
105 119 0 0 43 31 14.0 15.033296378372908 1.1847708129927093 
101 118 1 0 35 29 14.0 15.033296378372908 1.2066490360025333 
97 117 1 0 35 38 14.0 15.033296378372908 1.2208126572088933 
85 116 2 0 24 38 13.038404810405298 14.0 1.2266155968158161 
79 112 2 0 26 40 13.038404810405298 14.0 1.2095796192473336 
73 111 3 0 19 27 13.038404810405298 14.0 1.2078294996429773 
69 110 4 0 17 21 13.038404810405298 14.0 1.226745025187963 
63 109 4 0 15 28 13.038404810405298 14.0 1.223224122625924 
62 108 4 0 20 25 13.038404810405298 14.0 1.2316522482048993 
58 106 4 0 18 29 13.038404810405298 14.0 1.2516115958639737 
50 105 5 0 13 32 13.038404810405298 14.0 1.2457501164245126 
49 103 5 0 18 29 13.038404810405298 13.038404810405298 1.2364349672785344 
48 101 5 0 20 25 13.038404810405298 13.038404810405298 1.2399439126412666 
42 99 6 0 9 24 13.038404810405298 13.038404810405298 1.2404670801885178 
43 97 6 0 14 25 13.038404810405298 13.038404810405298 1.2458735820685938 
37 95 7 0 6 24 12.0 13.038404810405298 1.2498474810948872 
37 93 7 0 8 27 12.0 13.038404810405298 1.2550788745621464 
33 92 8 0 4 25 11.40175425099138 13.038404810405298 1.2527437692648224 
32 90 8 0 4 25 10.770329614269007 13.038404810405298 1.2542663116167285 
31 89 8 0 4 26 10.295630140987 13.038404810405298 1.255385291661837 
27 88 8 0 4 25 10.295630140987 13.038404810405298 1.246790533474285 
26 86 8 0 4 22 8.94427190999916 13.038404810405298 1.2399715708152792 
25 85 8 0 4 19 7.615773105863909 13.038404810405298 1.2354492957710252 
24 83 8 0 4 18 4.47213595499958 13.038404810405298 1.2379329026432795 
26 82 8 0 8 20 4.47213595499958 13.038404810405298 1.238233234427538 
25 81 8 0 6 21 5.656854249492381 13.038404810405298 1.2389504322200662 
23 80 8 0 3 22 2.8284271247461903 13.038404810405298 1.242043953549416 
22 79 9 0 2 20 5.830951894845301 12.165525060596439 1.252118892796721 
23 78 9 0 4 26 5.830951894845301 11.045361017187261 1.2382352661801272 
24 76 9 0 6 21 5.656854249492381 11.045361017187261 1.232263072909808 
23 75 9 0 4 19 5.830951894845301 11.045361017187261 1.2305338510461092 
24 74 9 0 6 19 5.656854249492381 11.045361017187261 1.226637582072262 
23 73 9 0 4 18 5.830951894845301 11.045361017187261 1.224908360208563 
24 72 9 0 6 18 5.656854249492381 11.045361017187261 1.2230880155311874 
23 71 9 0 4 18 5.830951894845301 11.045361017187261 1.2213587936674886 
24 70 9 0 6 18 5.656854249492381 11.045361017187261 1.2195384489901127 
23 69 9 0 4 18 5.830951894845301 11.045361017187261 1.1978144697895687 
24 67 9 1 6 17 5.656854249492381 11.045361017187261 1.1962038235543286 
23 66 9 1 4 17 5.830951894845301 11.40175425099138 1.1923986773941582 
24 65 9 1 6 16 5.656854249492381 11.40175425099138 1.188502408420311 
23 64 9 1 4 15 5.830951894845301 11.40175425099138 1.1865962538178478 
24 63 9 1 7 15 5.656854249492381 10.0 1.1700599373281306 
23 62 9 2 4 16 5.830951894845301 10.0 1.1683307154644318 
24 61 9 2 6 16 5.656854249492381 10.0 1.1706622193799991 
23 60 9 2 4 18 5.830951894845301 10.0 1.166857073219829 
24 59 9 2 6 17 5.656854249492381 10.0 1.1471178955020795 
23 57 9 3 4 17 5.830951894845301 10.0 1.1292446238685447 
24 56 9 4 6 17 5.656854249492381 10.0 1.1274242791911688 
23 55 9 4 4 17 5.830951894845301 10.0 1.1239202740569327 
24 53 9 4 6 17 5.656854249492381 10.0 1.1220999293795568 
23 52 9 4 4 17 5.830951894845301 10.0 1.1182947832193864 
24 51 9 4 6 16 5.656854249492381 10.0 1.1164744385420107 
23 50 9 4 4 16 5.830951894845301 10.0 1.1079616412478763 
24 49 9 4 6 13 5.656854249492381 9.055385138137417 1.1019894479775574 
23 48 9 4 4 11 5.830951894845301 9.055385138137417 1.1002602261138585 
24 47 9 4 6 11 5.656854249492381 9.055385138137417 1.100515805732954 
23 46 9 4 4 12 5.830951894845301 9.055385138137417 1.0983104735298723 
24 45 9 4 6 12 5.656854249492381 8.246211251235321 1.0957986854547312 
23 44 9 4 4 12 5.830951894845301 7.0710678118654755 1.0940694635910324 
24 43 9 4 6 12 5.656854249492381 7.0710678118654755 1.090173194617185 
23 42 9 4 4 11 5.830951894845301 7.0710678118654755 1.0824894166689534 
24 38 9 4 6 11 5.656854249492381 6.0 1.0606743146547324 
23 36 9 5 4 10 5.830951894845301 6.0 1.036874411157717 
24 34 9 6 6 8 5.656854249492381 6.0 1.0371299907768126 
23 33 9 6 4 9 5.830951894845301 6.0 1.041819507114454 
24 32 9 6 6 12 5.656854249492381 6.324555320336759 1.035847313844135 
23 31 9 6 4 10 5.830951894845301 6.324555320336759 1.034118091980436 
24 30 9 6 6 10 5.656854249492381 6.324555320336759 1.0120018489402813 
23 29 9 7 4 8 5.830951894845301 6.324555320336759 1.0099821954422508 
24 28 9 7 6 8 5.656854249492381 5.830951894845301 0.9899418766985674 
23 27 9 8 4 7 5.830951894845301 5.830951894845301 0.9882126548348684 
24 26 9 8 6 7 5.656854249492381 5.830951894845301 0.9855927955800315 
23 25 9 8 4 7 5.830951894845301 4.47213595499958 0.9744064359051581 
24 23 9 8 6 4 5.656854249492381 2.0 0.9480948140423601 
23 21 9 9 4 1 5.830951894845301 1.4142135623730951 -1 
