140 140 0 0 14 14 16.0 16.0 1.0715334324126502 
138 139 0 0 17 19 16.0 14.142135623730951 1.0773717061229615 
134 137 0 0 16 22 12.0 16.0 1.0723690875535759 
132 136 0 0 21 17 13.341664064126334 16.0 1.077416175683148 
128 135 0 0 22 19 14.142135623730951 16.0 1.0835704680741907 
124 134 0 0 22 22 14.142135623730951 16.0 1.0925278177393543 
120 133 0 0 22 27 14.142135623730951 16.0 1.0902729383080345 
116 132 0 0 22 24 14.142135623730951 16.0 1.093756775873839 
112 130 0 0 21 26 14.142135623730951 16.0 1.1052108679802235 
108 129 0 0 20 33 14.142135623730951 16.0 1.094931103727814 
106 127 0 0 20 26 14.142135623730951 16.0 1.0930605112977672 
104 125 0 0 20 25 14.142135623730951 16.0 1.0935540588600587 
102 124 0 0 20 25 14.142135623730951 16.0 1.0929523926181903 
100 123 0 0 21 24 14.142135623730951 16.0 1.0826726283657808 
98 121 0 0 21 17 14.142135623730951 16.0 1.0970651177541912 
94 120 1 0 19 19 14.142135623730951 16.0 1.111818552256011 
88 119 2 0 18 20 14.142135623730951 16.0 1.1126184146512028 
86 118 2 0 19 20 14.142135623730951 16.0 1.1323128328388783 
82 117 3 0 16 26 14.0 16.0 1.1258713013625856 
78 116 3 0 13 21 14.0 15.033296378372908 1.126788288210015 
76 114 3 0 13 22 15.033296378372908 15.033296378372908 1.128683364409367 
74 113 3 0 13 23 15.033296378372908 15.033296378372908 1.1311537184440568 
72 111 3 0 12 26 15.033296378372908 13.038404810405298 1.1330487946434087 
70 110 3 0 12 27 15.033296378372908 13.038404810405298 1.135747365548476 
69 109 3 0 17 28 15.033296378372908 13.038404810405298 1.1489847038824408 
63 108 4 0 11 29 14.0 13.038404810405298 1.1657100847014414 
59 106 5 0 6 34 13.341664064126334 13.038404810405298 1.1626870912652822 
59 105 5 0 13 31 13.341664064126334 13.038404810405298 1.1573290289589075 
58 104 5 0 10 28 13.341664064126334 13.038404810405298 1.1705716742626484 
56 103 6 0 9 30 13.341664064126334 13.038404810405298 1.168339791000816 
55 102 6 0 13 28 13.341664064126334 12.165525060596439 1.1784698969020284 
49 101 7 0 6 27 12.165525060596439 12.165525060596439 1.1742216441342692 
49 100 7 0 9 24 12.165525060596439 12.165525060596439 1.1752524061154306 
45 99 7 0 6 24 12.165525060596439 12.165525060596439 1.1848925167916091 
44 98 8 0 4 24 12.0 12.649110640673518 1.1832564562580554 
43 97 8 0 4 23 12.0 12.649110640673518 1.1879688895 
41 96 8 0 4 26 11.045361017187261 12.649110640673518 1.1870736006664826 
39 95 8 0 4 25 10.198039027185569 12.649110640673518 1.1883797829558012 
37 94 8 0 4 26 9.486832980505138 11.40175425099138 1.1874799290346782 
35 93 8 0 4 25 8.94427190999916 11.40175425099138 1.1879785986985307 
33 92 8 0 4 25 8.602325267042627 11.40175425099138 1.1942691258489797 
32 91 8 0 7 29 8.602325267042627 11.40175425099138 1.1879859298119388 
28 90 8 0 3 24 8.602325267042627 11.40175425099138 1.1962764791271474 
27 89 9 0 2 23 9.899494936611665 11.40175425099138 1.1907246318640299 
26 87 9 0 2 20 8.48528137423857 11.045361017187261 1.1925025050415865 
25 86 9 0 4 21 8.602325267042627 11.045361017187261 1.1938072077375284 
21 85 9 0 0 21 3.1622776601683795 12.083045973594572 1.1931770958905323 
21 84 9 0 1 21 1.4142135623730951 12.083045973594572 1 
