140 140 0 0 14 14 16.0 16.0 1.1259072004450308 
138 138 0 0 17 17 16.0 14.142135623730951 1.1377579011217225 
134 137 0 0 16 20 13.038404810405298 16.0 1.1424837156157097 
132 136 0 0 21 20 13.038404810405298 16.0 1.1429556895222395 
128 134 0 0 22 19 14.0 16.0 1.1519680109218005 
124 133 0 0 22 21 14.142135623730951 16.0 1.1501254843650748 
120 129 0 0 22 21 14.142135623730951 16.0 1.1717556080340221 
116 128 0 0 26 27 14.142135623730951 16.0 1.1904687154885092 
112 127 0 0 26 33 14.142135623730951 16.0 1.185082025816881 
106 125 1 0 20 27 14.0 16.0 1.1924711486494861 
104 124 1 0 22 29 14.0 16.0 1.1770424377368731 
100 120 1 0 20 24 14.0 16.0 1.1845884708846768 
96 118 2 0 16 24 14.0 16.0 1.1835405809684878 
94 117 3 0 15 20 14.0 16.0 1.1974770554966718 
92 116 3 0 16 25 14.0 16.0 1.200982134972315 
90 115 3 0 16 26 14.0 16.0 1.2127167377852386 
86 114 4 0 15 26 14.0 16.0 1.2113707467614192 
84 113 4 0 15 25 14.0 16.0 1.2104494834830561 
82 111 4 0 15 25 14.0 16.0 1.2072438757473942 
82 110 4 0 20 23 14.0 16.0 1.2132633884153354 
76 109 4 0 15 24 14.0 16.0 1.2026399841380468 
74 107 4 0 15 20 14.0 16.0 1.2041442561094153 
72 105 4 0 15 21 14.0 16.0 1.214925941334253 
70 104 4 0 15 25 14.0 16.0 1.225194805855243 
69 103 5 0 15 26 14.0 16.0 1.2211038387349429 
68 102 5 0 20 23 14.0 16.0 1.2446607865041894 
67 101 5 0 23 32 14.0 16.0 1.2292681734709687 
61 100 6 0 18 21 14.0 15.033296378372908 1.2490164698862949 
59 99 6 0 17 29 13.341664064126334 15.033296378372908 1.22379672003219 
59 95 6 0 20 21 13.341664064126334 15.033296378372908 1.2262302904508002 
53 94 7 0 12 18 13.341664064126334 15.033296378372908 1.225047634942707 
49 93 7 0 8 17 13.341664064126334 15.033296378372908 1.2274372662987139 
48 91 7 0 8 19 13.341664064126334 15.033296378372908 1.226080063430575 
46 90 7 0 8 18 12.165525060596439 15.033296378372908 1.2278781834613328 
44 89 7 0 9 18 11.045361017187261 15.033296378372908 1.2312988601939285 
40 88 7 0 8 18 10.0 15.033296378372908 1.2410318505184015 
39 87 7 0 12 21 10.0 15.033296378372908 1.245886064291555 
33 86 8 0 4 19 9.486832980505138 15.033296378372908 1.244531641472894 
31 85 8 0 4 18 8.602325267042627 15.033296378372908 1.2489209645824857 
30 84 8 0 4 20 8.48528137423857 15.033296378372908 1.2450542892004421 
29 83 8 0 6 18 7.0710678118654755 15.033296378372908 1.2421349084443447 
25 82 8 0 3 16 2.8284271247461903 15.033296378372908 1.2374984117683347 
23 81 9 1 0 18 4.0 15.033296378372908 1.2306510345207229 
23 80 9 1 0 16 4.47213595499958 15.033296378372908 1.2286615206450413 
23 79 9 1 0 16 5.656854249492381 15.033296378372908 1.2266494195121733 
23 78 9 1 0 16 4.47213595499958 15.033296378372908 1.224659905636492 
23 77 9 1 0 16 5.656854249492381 15.033296378372908 1.2274988750030869 
23 76 9 1 0 18 4.47213595499958 15.033296378372908 1.2206582906279424 
23 75 9 1 0 16 5.656854249492381 15.033296378372908 1.2186461894950746 
23 74 9 1 0 16 4.47213595499958 15.033296378372908 1.216656675619393 
23 73 9 1 0 16 5.656854249492381 15.033296378372908 1.214644574486525 
23 72 9 1 0 16 4.47213595499958 15.033296378372908 1.2126550606108435 
23 71 9 1 0 16 5.656854249492381 15.033296378372908 1.2106429594779757 
23 70 9 1 0 16 4.47213595499958 15.033296378372908 1.2086534456022942 
23 69 9 1 0 16 5.656854249492381 15.033296378372908 1.2042158092196948 
23 68 9 1 0 15 4.47213595499958 15.033296378372908 1.2022262953440135 
23 67 9 1 0 15 5.656854249492381 15.033296378372908 1.1835197157436261 
23 66 9 2 0 15 4.47213595499958 15.033296378372908 1.1815302018679446 
23 65 9 2 0 15 5.656854249492381 15.033296378372908 1.1795181007350768 
23 64 9 2 0 15 4.47213595499958 15.033296378372908 1.160834108391876 
23 63 9 3 0 15 5.656854249492381 15.033296378372908 1.1563964720092768 
23 62 9 3 0 14 4.47213595499958 15.033296378372908 1.1568324933833267 
23 61 9 3 0 15 5.656854249492381 15.033296378372908 1.1523948570007274 
23 60 9 3 0 14 4.47213595499958 15.033296378372908 1.1528308783747772 
23 59 9 3 0 15 5.656854249492381 15.033296378372908 1.1508187772419092 
23 58 9 3 0 15 4.47213595499958 15.033296378372908 1.1464037281164965 
23 57 9 3 0 14 5.656854249492381 15.033296378372908 1.1492426974830912 
23 56 9 3 0 16 4.47213595499958 15.033296378372908 1.1369890210385736 
23 55 9 3 0 12 5.656854249492381 14.142135623730951 1.1182824414381867 
23 54 9 4 0 12 4.47213595499958 14.142135623730951 1.0878955005917852 
23 52 9 5 0 8 5.656854249492381 14.142135623730951 1.0858833994589174 
23 51 9 5 0 8 4.47213595499958 14.142135623730951 1.0838938855832358 
23 50 9 5 0 8 5.656854249492381 14.142135623730951 1.0794562492006365 
23 49 9 5 0 7 4.47213595499958 14.142135623730951 1.0743451185644157 
23 48 9 5 0 6 5.656854249492381 13.038404810405298 1.0723330174315477 
23 47 9 5 0 6 4.47213595499958 13.038404810405298 1.0703435035558662 
23 46 9 5 0 6 5.656854249492381 13.038404810405298 1.0683314024229982 
23 45 9 5 0 6 4.47213595499958 13.038404810405298 1.0496474100797977 
23 44 9 6 0 6 5.656854249492381 13.038404810405298 1.0476353089469297 
23 43 9 6 0 6 4.47213595499958 13.038404810405298 1.0432202598215168 
23 42 9 6 0 5 5.656854249492381 13.038404810405298 1.041208158688649 
23 41 9 6 0 5 4.47213595499958 13.038404810405298 1.0367931095632361 
23 40 9 6 0 4 5.656854249492381 13.038404810405298 1.0347810084303681 
23 39 9 6 0 4 4.47213595499958 13.038404810405298 1.030365959304955 
23 38 9 6 0 3 5.656854249492381 13.038404810405298 1.0140849149542994 
23 37 9 7 0 4 4.47213595499958 13.038404810405298 1.0048187953294236 
23 36 9 7 0 1 5.656854249492381 13.038404810405298 1.0003811589468241 
23 35 9 7 0 0 4.47213595499958 13.038404810405298 1.0054347772801158 
23 35 9 7 0 2 5.656854249492381 13.341664064126334 0.9790301826129696 
23 33 9 8 0 0 4.47213595499958 12.0 0.9940065570257025 
23 35 9 8 0 4 5.656854249492381 14.0 0.9841114082247618 
23 34 9 8 0 1 4.47213595499958 13.038404810405298 0.9790414762415629 
23 33 9 8 0 0 5.656854249492381 12.0 0.9940849029890385 
23 35 9 8 0 4 4.47213595499958 14.142135623730951 0.9791458666716075 
23 33 9 8 0 0 5.656854249492381 12.165525060596439 1.002680929514271 
23 34 9 7 0 2 4.47213595499958 12.165525060596439 0.9791458666716075 
23 33 9 8 0 0 5.656854249492381 12.165525060596439 0.9514476809876914 
23 22 9 8 0 0 4.47213595499958 3.1622776601683795 0.9629060927125314 
21 23 9 8 1 2 1.4142135623730951 4.47213595499958 1 
