140 140 0 0 14 14 16.0 16.0 1.155716611876171 
139 138 0 0 19 17 16.0 13.038404810405298 1.1690298564663644 
135 137 0 0 22 20 14.142135623730951 15.033296378372908 1.176903376603658 
131 135 0 0 25 22 14.142135623730951 15.033296378372908 1.1963900676043087 
127 134 0 0 25 29 13.341664064126334 16.0 1.1882870847761844 
123 133 0 0 28 23 13.341664064126334 16.0 1.1891055184958883 
123 132 0 0 38 21 13.341664064126334 16.0 1.1947771857585785 
117 131 0 0 38 21 12.165525060596439 16.0 1.1943172151853116 
113 130 0 0 36 20 13.038404810405298 16.0 1.205351344439841 
107 129 0 0 34 23 13.038404810405298 16.0 1.220410903049426 
105 127 0 0 35 30 13.038404810405298 16.0 1.2425392528093946 
101 125 0 0 36 39 13.038404810405298 16.0 1.2405900735624291 
101 123 0 0 48 36 13.038404810405298 16.0 1.2376527750226192 
100 122 0 0 49 35 12.0 15.033296378372908 1.1943618925334185 
100 116 0 0 52 20 13.038404810405298 15.033296378372908 1.2726200258938425 
98 115 0 0 60 52 13.038404810405298 15.033296378372908 1.214672004218088 
92 114 1 0 41 26 13.038404810405298 15.033296378372908 1.2527144410188435 
80 113 2 0 20 40 12.0 15.033296378372908 1.2584229599487127 
79 112 2 0 35 38 11.40175425099138 15.033296378372908 1.2632076992828312 
69 111 3 0 18 37 11.40175425099138 15.033296378372908 1.2557763966138447 
69 110 3 0 29 31 11.40175425099138 15.033296378372908 1.2637907662793542 
63 109 3 0 26 33 10.770329614269007 15.033296378372908 1.2895982187035715 
57 108 3 0 29 41 9.486832980505138 15.033296378372908 1.26422947499298 
53 106 4 0 24 27 9.486832980505138 15.033296378372908 1.2719896504985484 
51 105 5 0 16 29 9.486832980505138 15.033296378372908 1.2645117286713636 
50 101 5 0 21 27 9.486832980505138 15.033296378372908 1.2682244661561701 
42 99 6 0 15 24 8.94427190999916 15.033296378372908 1.26388988198033 
42 98 6 0 18 22 8.246211251235321 15.033296378372908 1.2353603466516756 
40 97 6 1 16 17 8.246211251235321 15.033296378372908 1.242443337038291 
39 96 7 1 15 17 8.246211251235321 15.033296378372908 1.2424350755172828 
38 95 7 1 16 17 7.615773105863909 15.033296378372908 1.2515916516295553 
32 94 8 1 3 19 6.0 15.033296378372908 1.2617513507422142 
33 93 8 1 9 23 7.0710678118654755 15.033296378372908 1.265277194128356 
27 92 8 1 3 24 5.656854249492381 15.033296378372908 1.25820598172597 
25 91 8 1 2 21 2.8284271247461903 15.033296378372908 1.2576830119140068 
25 90 8 1 4 21 2.8284271247461903 15.033296378372908 1.264203588907434 
24 89 9 1 2 21 5.0990195135927845 15.033296378372908 1.2593323727869619 
24 88 9 1 2 20 5.830951894845301 14.0 1.2550534404509865 
24 87 9 1 2 19 5.0990195135927845 14.0 1.2508818019330825 
24 86 9 1 2 18 5.830951894845301 14.0 1.2488475127518137 
24 85 9 1 2 18 5.0990195135927845 14.0 1.251409803698029 
24 84 9 1 2 20 5.830951894845301 14.0 1.242905585935114 
24 82 9 1 2 18 5.0990195135927845 14.0 1.2389979482996831 
24 80 9 1 2 18 5.830951894845301 14.0 1.2372276600008876 
24 78 9 1 2 19 5.0990195135927845 14.0 1.2265860929013372 
24 76 9 1 2 16 5.830951894845301 14.0 1.2118759474392495 
24 72 9 1 2 13 5.0990195135927845 14.0 1.1957460855671687 
24 71 9 2 2 14 5.830951894845301 14.0 1.1937117963858999 
24 70 9 2 2 14 5.0990195135927845 14.0 1.1895401578679956 
24 69 9 2 2 13 5.830951894845301 14.0 1.187505868686727 
24 68 9 2 2 13 5.0990195135927845 14.0 1.183598231051296 
24 66 9 2 2 13 5.830951894845301 14.0 1.1651164322064373 
24 65 9 3 2 13 5.0990195135927845 14.0 1.1631894368432396 
24 64 9 3 2 13 5.830951894845301 14.0 1.161155147661971 
24 63 9 3 2 13 5.0990195135927845 14.0 1.1659620817628926 
24 62 9 3 2 16 5.830951894845301 14.0 1.1619471503093906 
24 60 9 3 2 16 5.0990195135927845 14.0 1.128652145847078 
24 56 9 4 2 12 5.830951894845301 14.0 1.1244694442740961 
24 55 9 4 2 11 5.0990195135927845 14.142135623730951 1.1225424489108984 
24 54 9 4 2 11 5.830951894845301 14.142135623730951 1.1205081597296296 
24 53 9 4 2 11 5.0990195135927845 14.142135623730951 1.1208258075211384 
24 52 9 4 2 12 5.830951894845301 14.142135623730951 1.1113225812951055 
24 51 9 5 2 16 5.0990195135927845 14.142135623730951 1.1093955859319078 
24 50 9 5 2 16 5.830951894845301 14.142135623730951 1.0983827241318134 
24 49 9 5 2 12 5.0990195135927845 14.142135623730951 1.093463821448053 
24 48 9 5 2 11 5.830951894845301 13.038404810405298 1.0914295322667842 
24 47 9 5 2 11 5.0990195135927845 13.038404810405298 1.0895025369035864 
24 46 9 5 2 11 5.830951894845301 13.038404810405298 1.082978961412905 
24 45 9 5 2 9 5.0990195135927845 13.038404810405298 1.0832966092044136 
24 44 9 5 2 10 5.830951894845301 13.038404810405298 1.0812623200231448 
24 43 9 5 2 10 5.0990195135927845 13.038404810405298 1.0561538855322379 
24 42 9 6 2 7 5.830951894845301 13.038404810405298 1.054119596350969 
24 41 9 6 2 7 5.0990195135927845 13.038404810405298 1.035745091324182 
24 40 9 7 2 7 5.830951894845301 13.038404810405298 1.033710802142913 
24 39 9 7 2 7 5.0990195135927845 13.038404810405298 1.0317838067797154 
24 38 9 7 2 7 5.830951894845301 13.038404810405298 1.0252602312890338 
24 37 9 7 2 5 5.0990195135927845 13.038404810405298 1.0210885927711297 
24 36 9 7 2 4 5.830951894845301 13.038404810405298 1.0125256911926694 
24 35 9 7 2 1 5.0990195135927845 13.341664064126334 0.9941511861658819 
24 34 9 8 2 1 5.830951894845301 13.341664064126334 0.989075966799779 
24 33 9 8 2 0 5.0990195135927845 12.165525060596439 1.0059916941129703 
24 36 9 8 2 4 5.830951894845301 15.033296378372908 0.9983815084993315 
24 34 9 8 2 3 5.0990195135927845 13.038404810405298 0.9707014617729915 
24 32 9 9 2 0 5.830951894845301 12.165525060596439 0.9913206099544855 
24 33 9 8 2 1 5.0990195135927845 12.165525060596439 0.9707014617729915 
24 32 9 9 2 0 5.830951894845301 12.165525060596439 0.9934531868835856 
24 33 9 8 2 2 5.0990195135927845 12.0 0.9705893955473852 
24 32 9 9 2 0 5.830951894845301 12.0 0.970647814863956 
24 32 9 9 2 0 5.0990195135927845 12.165525060596439 0.9849795530653397 
24 34 9 9 2 4 5.830951894845301 14.142135623730951 0.977708713408802 
24 33 9 9 2 2 5.0990195135927845 13.038404810405298 0.9707014617729915 
24 32 9 9 2 0 5.830951894845301 12.165525060596439 -1 
