140 140 0 0 14 14 16.0 16.0 1.0868239585630326 
139 139 0 0 19 18 16.0 13.038404810405298 1.0855496376287828 
135 138 0 0 22 15 13.341664064126334 15.033296378372908 1.091516168301329 
131 137 0 0 25 18 13.341664064126334 15.033296378372908 1.0981912202443873 
127 136 0 0 25 22 12.649110640673518 16.0 1.1014966452285693 
123 132 0 0 28 25 12.649110640673518 16.0 1.0932103564567213 
123 131 0 0 38 17 13.038404810405298 16.0 1.0957500853616984 
117 129 0 0 38 18 12.0 16.0 1.0960044322914462 
113 128 0 0 36 18 13.038404810405298 15.033296378372908 1.1041335217682346 
107 127 0 0 34 23 14.0 15.033296378372908 1.102267663221984 
107 125 0 0 38 22 14.142135623730951 15.033296378372908 1.1215545703708427 
101 124 1 0 34 28 14.142135623730951 15.033296378372908 1.124690576169075 
95 123 1 0 33 29 13.341664064126334 15.033296378372908 1.1044570972188004 
94 115 1 1 44 27 13.341664064126334 15.033296378372908 1.1218828907336125 
86 114 1 1 35 40 13.341664064126334 15.033296378372908 1.1296007097751632 
85 113 2 1 40 37 13.341664064126334 15.033296378372908 1.1278093905949245 
85 112 2 1 37 37 13.341664064126334 15.033296378372908 1.1398613626978298 
77 111 2 1 32 45 12.0 15.033296378372908 1.13779797916886 
69 110 3 1 23 35 12.0 15.033296378372908 1.1425376924418622 
68 109 3 1 27 38 12.0 15.033296378372908 1.125515861788399 
66 108 3 1 22 26 12.0 15.033296378372908 1.1198904938365482 
62 104 3 1 17 24 12.0 15.033296378372908 1.1417851486123165 
56 103 4 1 13 32 12.0 15.033296378372908 1.1450866521253888 
55 102 5 1 12 27 12.0 15.033296378372908 1.1504339424051802 
53 101 5 1 12 31 12.0 15.033296378372908 1.1475757564345344 
51 100 5 1 11 29 10.198039027185569 15.033296378372908 1.1416984618167068 
50 98 5 1 13 25 10.198039027185569 15.033296378372908 1.1510508143763394 
49 97 5 1 15 32 10.198039027185569 15.033296378372908 1.161495648389042 
45 96 6 1 11 32 10.198039027185569 15.033296378372908 1.15631937161748 
44 94 6 1 11 29 10.198039027185569 15.033296378372908 1.1468146348215529 
43 93 6 1 11 22 10.198039027185569 15.033296378372908 1.1483657142613846 
41 91 6 1 10 24 10.198039027185569 15.033296378372908 1.1513657897908622 
40 90 7 1 8 19 10.198039027185569 15.033296378372908 1.1522920435025752 
39 89 7 1 8 20 10.198039027185569 15.033296378372908 1.1511815129220002 
38 88 7 1 10 19 9.486832980505138 15.033296378372908 1.1536887383495609 
37 87 7 1 11 21 8.94427190999916 15.033296378372908 1.1542733334065505 
31 86 7 1 6 21 7.211102550927978 15.033296378372908 1.1555115314032323 
32 85 7 1 10 22 10.0 15.033296378372908 1.164937535160509 
30 84 8 1 6 22 10.0 15.033296378372908 1.1638823917729457 
29 83 8 1 5 22 8.602325267042627 14.142135623730951 1.1611297858071605 
28 82 8 1 6 20 7.0710678118654755 14.142135623730951 1.1635979236977416 
27 81 8 1 7 22 5.656854249492381 14.142135623730951 1.1737491367924109 
23 80 9 1 2 22 5.830951894845301 14.142135623730951 1.1702215318718796 
23 79 9 1 2 20 5.0990195135927845 14.142135623730951 1.1719750663335011 
23 78 9 1 2 22 5.830951894845301 14.142135623730951 1.1655031678435632 
23 76 9 1 2 19 5.0990195135927845 12.0 1.1535049858373936 
23 75 9 2 4 21 5.830951894845301 12.0 1.1527035843818538 
24 74 9 2 6 21 5.656854249492381 12.0 1.1517634227969091 
24 73 9 2 6 21 4.47213595499958 12.0 1.1496256401094889 
24 72 9 2 6 20 5.656854249492381 12.0 1.1473816047110892 
24 71 9 2 6 19 4.47213595499958 12.0 1.1465476958371241 
24 70 9 2 6 19 5.656854249492381 12.0 1.1443036604387247 
24 69 9 2 6 18 4.47213595499958 12.0 1.1434697515647594 
24 68 9 2 6 18 5.656854249492381 12.0 1.142529589979815 
24 67 9 2 6 18 4.47213595499958 12.0 1.1416956811058496 
24 66 9 2 6 18 5.656854249492381 12.0 1.13945164570745 
24 65 9 2 6 17 4.47213595499958 12.0 1.1386177368334847 
24 64 9 2 6 17 5.656854249492381 12.0 1.1347340831290433 
24 63 9 2 6 15 4.47213595499958 11.045361017187261 1.1339001742550783 
24 62 9 2 6 15 5.656854249492381 11.045361017187261 1.1320729774406788 
24 60 9 2 6 15 4.47213595499958 11.045361017187261 1.1299351947532583 
24 59 9 2 6 14 5.656854249492381 11.045361017187261 1.1289950331683138 
24 58 9 2 6 14 4.47213595499958 11.045361017187261 1.1281611242943488 
24 57 9 2 6 14 5.656854249492381 11.045361017187261 1.127220962709404 
24 56 9 2 6 14 4.47213595499958 11.045361017187261 1.126387053835439 
24 55 9 2 6 14 5.656854249492381 11.045361017187261 1.1110923198155138 
24 54 9 3 6 14 4.47213595499958 11.045361017187261 1.1102584109415488 
24 53 9 3 6 14 5.656854249492381 11.045361017187261 1.1119259969835145 
24 52 9 3 6 16 4.47213595499958 11.045361017187261 1.0928258942342035 
24 51 9 4 6 13 5.656854249492381 11.045361017187261 1.091885732649259 
24 50 9 4 6 13 4.47213595499958 11.045361017187261 1.0923556975887487 
24 49 9 4 6 14 5.656854249492381 11.045361017187261 1.0770609635688237 
24 48 9 5 6 14 4.47213595499958 11.045361017187261 1.0749231808814037 
24 47 9 5 6 13 5.656854249492381 11.045361017187261 1.073615368058028 
24 46 9 5 6 13 4.47213595499958 10.0 1.072781459184063 
24 45 9 5 6 13 5.656854249492381 10.0 1.0718412975991183 
24 44 9 5 6 13 4.47213595499958 10.0 1.0710073887251532 
24 43 9 5 6 13 5.656854249492381 10.0 1.0700672271402087 
24 42 9 5 6 13 4.47213595499958 10.0 1.0679294444527885 
24 41 9 5 6 12 5.656854249492381 10.0 1.066989282867844 
24 40 9 5 6 12 4.47213595499958 10.0 1.0645192811497786 
24 39 9 5 6 11 5.656854249492381 9.055385138137417 1.0632945348359852 
24 38 9 5 6 11 4.47213595499958 8.246211251235321 1.0481060535270394 
24 37 9 6 6 11 5.656854249492381 8.246211251235321 1.0471658919420948 
24 36 9 6 6 11 4.47213595499958 8.246211251235321 1.0461102593180671 
24 35 9 6 6 11 5.656854249492381 7.615773105863909 1.024712994814867 
24 33 9 7 6 7 4.47213595499958 7.615773105863909 1.023424967401825 
24 32 9 7 6 7 5.656854249492381 6.324555320336759 1.0224848058168803 
24 31 9 7 6 7 4.47213595499958 6.324555320336759 1.0201734238583071 
24 30 9 7 6 6 5.656854249492381 5.830951894845301 1.0187553696076992 
24 29 9 7 6 6 4.47213595499958 4.47213595499958 1.0009591406718437 
24 28 9 8 6 4 5.656854249492381 4.47213595499958 1.0000189790868987 
24 27 9 8 6 4 4.47213595499958 4.47213595499958 0.9991850702129338 
24 26 9 8 6 4 5.656854249492381 4.47213595499958 0.995637161001079 
24 25 9 8 6 2 4.47213595499958 4.47213595499958 0.993418665317801 
24 24 9 8 6 1 5.656854249492381 4.242640687119285 0.9919811278415961 
24 23 9 8 6 1 4.47213595499958 2.8284271247461903 0.991945781464229 
24 22 9 8 6 1 5.656854249492381 5.0990195135927845 0.9746660256549576 
24 21 9 9 6 0 4.47213595499958 3.1622776601683795 0.9956545195859483 
24 23 9 8 6 4 5.656854249492381 2.0 0.9925153809463031 
24 22 9 8 6 2 4.47213595499958 3.1622776601683795 0.9754082354119353 
24 21 9 9 6 1 5.656854249492381 1.4142135623730951 -1 
