140 140 0 0 14 14 16.0 16.0 1.2635150905335222 
139 139 0 0 19 18 16.0 13.038404810405298 1.28010762474639 
135 138 0 0 22 18 13.341664064126334 15.033296378372908 1.3102834605890992 
131 137 0 0 25 22 14.142135623730951 15.033296378372908 1.3390228659588284 
129 136 0 0 28 27 14.142135623730951 15.033296378372908 1.3277790988688656 
125 135 0 0 29 22 14.142135623730951 15.033296378372908 1.3482009965500912 
125 134 0 0 37 24 15.033296378372908 15.033296378372908 1.3461014246202099 
117 133 0 0 32 21 14.0 16.0 1.3726548825783018 
115 132 0 0 38 24 13.038404810405298 16.0 1.3614111154883388 
111 131 0 0 39 19 13.038404810405298 16.0 1.3670281462675926 
105 129 0 0 35 20 13.038404810405298 16.0 1.4524259210332866 
105 128 0 0 40 39 13.038404810405298 16.0 1.4539542326004948 
103 127 0 0 46 36 12.165525060596439 16.0 1.5009804043190809 
104 126 0 0 52 46 12.165525060596439 16.0 1.4996221080278207 
98 125 0 0 53 42 12.165525060596439 16.0 1.4594959136448824 
98 115 0 0 59 39 12.165525060596439 15.033296378372908 1.4295666236300715 
92 109 0 0 56 35 12.165525060596439 14.0 1.439086391382057 
91 108 0 0 55 38 12.165525060596439 14.0 1.4701328285544417 
91 107 0 0 62 43 12.165525060596439 14.0 1.444991738982131 
89 106 0 0 61 37 12.165525060596439 14.0 1.4208081989548667 
87 104 0 0 52 36 12.165525060596439 14.0 1.3911624532494187 
83 102 0 0 54 27 11.40175425099138 14.0 1.370436385823642 
82 101 0 0 40 29 11.40175425099138 14.0 1.3609093277508146 
82 99 0 0 37 30 11.40175425099138 14.0 1.3699435729113256 
72 93 1 0 39 29 10.198039027185569 14.0 1.3697893480641525 
71 91 2 1 42 33 10.198039027185569 14.0 1.358350770461132 
65 89 3 1 34 31 10.198039027185569 14.0 1.3729402308878342 
55 87 4 1 17 37 9.055385138137417 13.341664064126334 1.3181037532607736 
55 86 4 2 21 28 9.055385138137417 13.341664064126334 1.306875455383174 
51 85 4 2 22 23 8.94427190999916 13.341664064126334 1.3103933098521998 
50 83 4 2 22 25 8.94427190999916 13.341664064126334 1.302228523176995 
50 82 4 2 24 23 8.94427190999916 13.341664064126334 1.308274954084984 
48 81 4 2 24 24 8.94427190999916 13.341664064126334 1.3156318484447238 
47 80 4 2 24 26 8.94427190999916 13.341664064126334 1.2832430083838895 
43 78 5 2 15 21 7.615773105863909 12.649110640673518 1.298086247114495 
42 77 6 2 17 23 7.615773105863909 12.649110640673518 1.2907878153630217 
38 76 7 2 12 21 7.615773105863909 12.649110640673518 1.285481364470134 
37 75 7 2 14 19 7.615773105863909 12.649110640673518 1.2881042979017474 
31 74 8 2 7 19 8.48528137423857 12.649110640673518 1.2687963057436469 
30 73 8 2 4 16 7.0710678118654755 12.649110640673518 1.2700960765512688 
29 72 8 2 5 16 5.0990195135927845 12.649110640673518 1.2808419869779564 
27 71 8 2 4 19 5.0990195135927845 11.40175425099138 1.2636688510576077 
26 69 8 2 4 16 4.0 11.40175425099138 1.2800448612923188 
27 68 7 2 11 19 4.0 11.40175425099138 1.2834100080799709 
23 67 8 2 5 20 2.8284271247461903 11.40175425099138 1.2651516044300417 
21 66 9 2 1 16 1.4142135623730951 12.083045973594572 1 
