140 140 0 0 14 14 16.0 16.0 1.0893280236780758 
138 139 0 0 17 19 16.0 14.142135623730951 1.0917852444235103 
134 135 0 0 16 22 12.165525060596439 16.0 1.0914363111684275 
132 134 0 0 21 22 14.0 15.033296378372908 1.0896586300036333 
128 130 0 0 22 22 15.033296378372908 15.033296378372908 1.0929285144107048 
124 129 0 0 22 24 15.033296378372908 15.033296378372908 1.0939859982754638 
120 128 0 0 22 24 15.033296378372908 15.033296378372908 1.0974477437165286 
116 126 0 0 24 27 15.033296378372908 15.033296378372908 1.0929742262255067 
112 125 0 0 24 22 15.033296378372908 15.033296378372908 1.1203000936720806 
104 124 1 0 18 34 13.341664064126334 15.033296378372908 1.128941693939364 
98 123 2 0 15 30 13.038404810405298 15.033296378372908 1.1245884651685367 
96 122 2 0 16 26 13.038404810405298 15.033296378372908 1.115099679972013 
94 116 2 0 16 22 13.038404810405298 14.142135623730951 1.1175133976016831 
92 114 2 0 16 25 14.0 14.142135623730951 1.114252070115183 
90 113 2 0 16 22 14.0 14.142135623730951 1.1133664062313295 
88 111 2 0 16 22 14.0 14.142135623730951 1.109027476447332 
86 110 2 0 18 18 14.0 14.142135623730951 1.1099772172763431 
82 109 2 0 15 18 14.0 14.0 1.1133530914167806 
80 108 2 0 15 21 14.0 14.0 1.11466552908841 
78 106 2 0 14 23 14.0 14.0 1.1230272413301725 
77 105 3 0 12 21 14.0 14.0 1.1230559166834817 
75 104 3 0 10 21 14.0 14.0 1.1259459845418538 
74 103 3 0 11 24 14.0 14.0 1.1202355072122867 
73 101 3 0 18 20 14.0 14.0 1.1332815483671788 
67 100 4 0 14 20 14.0 14.0 1.1521278436715523 
63 98 5 0 10 27 14.0 14.0 1.1462112063211625 
62 97 5 0 14 22 14.0 14.0 1.1439643883592825 
58 96 5 0 15 19 14.0 14.0 1.1556447014145135 
57 95 6 0 13 20 14.0 14.0 1.15348965157882 
53 93 6 0 9 18 14.0 14.0 1.1636393578908342 
52 92 7 0 8 18 14.0 13.038404810405298 1.1692325528866996 
50 91 7 0 7 23 13.038404810405298 13.038404810405298 1.1699245191895882 
49 90 7 0 9 24 13.038404810405298 13.038404810405298 1.171767363984078 
47 89 7 0 7 26 13.038404810405298 12.165525060596439 1.1735257807647674 
46 88 7 0 5 28 12.165525060596439 12.165525060596439 1.1718058579161181 
45 86 7 0 6 28 12.165525060596439 11.40175425099138 1.1779584779472054 
44 85 8 0 4 24 12.0 11.40175425099138 1.1735806341016568 
43 81 8 0 4 23 12.0 11.40175425099138 1.1703383868821424 
41 80 8 0 4 20 11.045361017187261 11.40175425099138 1.174808798653835 
39 79 8 0 2 24 10.198039027185569 11.40175425099138 1.1755950979916279 
38 78 8 0 9 25 9.055385138137417 11.40175425099138 1.1729398655073888 
37 77 8 0 9 23 9.055385138137417 11.40175425099138 1.1694399118450305 
29 75 8 0 2 18 8.246211251235321 11.40175425099138 1.1690382783763744 
28 74 8 0 4 18 7.615773105863909 11.40175425099138 1.172396441509456 
26 73 8 0 2 21 7.0710678118654755 11.40175425099138 1.1708756750312022 
25 72 8 0 2 20 5.656854249492381 11.40175425099138 1.175034873982234 
24 70 8 0 1 25 4.242640687119285 11.40175425099138 1.1688155325892593 
23 69 8 0 2 20 2.8284271247461903 10.770329614269007 1.1694928676664882 
22 68 8 0 1 21 1.4142135623730951 10.770329614269007 1.1821806170403903 
21 67 9 0 0 23 7.0710678118654755 10.770329614269007 1.180372867188379 
21 65 9 0 0 23 3.1622776601683795 10.770329614269007 1.1772667667917565 
21 64 9 0 1 21 1.4142135623730951 10.770329614269007 1 
