140 140 0 0 14 14 16.0 16.0 1.3553321012971122 
139 138 0 0 19 17 16.0 13.038404810405298 1.3525949403365685 
135 134 0 0 22 16 14.142135623730951 14.0 1.3947383253867662 
131 133 0 0 25 22 16.0 14.0 1.4139167723733193 
127 131 0 0 25 25 15.033296378372908 15.033296378372908 1.4232683400774315 
123 129 0 0 28 25 15.033296378372908 15.033296378372908 1.420906937153667 
123 127 0 0 38 22 15.033296378372908 15.033296378372908 1.430277995646908 
117 125 0 0 38 22 14.0 15.033296378372908 1.4289194134371177 
113 124 0 0 36 21 14.0 15.033296378372908 1.4432360377591786 
107 123 0 0 34 22 14.0 15.033296378372908 1.4781248809966527 
105 122 0 0 43 25 14.0 15.033296378372908 1.5087890924736307 
104 120 0 0 38 35 14.0 15.033296378372908 1.5132776339613936 
104 118 0 0 49 33 14.142135623730951 15.033296378372908 1.473700663669789 
96 116 0 0 41 25 13.341664064126334 15.033296378372908 1.5028240955503793 
96 115 0 0 39 33 13.341664064126334 15.033296378372908 1.5646835108374875 
95 114 0 0 42 45 13.341664064126334 15.033296378372908 1.564259705107286 
95 113 0 0 44 45 13.341664064126334 15.033296378372908 1.5522492657088665 
93 112 0 0 42 43 12.165525060596439 15.033296378372908 1.5308689978564336 
91 111 0 0 41 39 12.165525060596439 14.0 1.5011612398034524 
85 105 0 0 36 37 12.165525060596439 14.0 1.4960534978345175 
84 104 0 0 50 30 12.083045973594572 14.0 1.4602298061569385 
82 102 0 0 48 24 11.40175425099138 14.0 1.5200171530373432 
82 101 0 0 47 38 11.40175425099138 14.0 1.500226698387348 
80 99 0 0 51 33 10.198039027185569 13.038404810405298 1.4918847944441318 
80 97 0 0 47 35 10.198039027185569 13.038404810405298 1.535223444684438 
79 96 0 0 48 44 10.198039027185569 13.038404810405298 1.463192307817828 
79 92 0 0 52 31 10.198039027185569 13.038404810405298 1.4450418416871642 
77 91 0 0 45 30 10.198039027185569 13.038404810405298 1.4671089782176712 
75 90 1 0 49 32 10.198039027185569 13.038404810405298 1.4564607458797525 
69 89 2 0 43 29 10.198039027185569 13.038404810405298 1.4477217278621974 
69 87 2 0 50 26 10.198039027185569 13.038404810405298 1.442361717839236 
61 83 3 0 39 28 10.198039027185569 13.038404810405298 1.4055436881701198 
55 79 4 0 34 22 10.198039027185569 13.038404810405298 1.3954729031009747 
53 77 4 0 33 21 10.198039027185569 13.038404810405298 1.3784599831341078 
43 76 5 0 18 18 8.246211251235321 13.038404810405298 1.3750066078042067 
42 75 5 0 17 18 7.0710678118654755 13.038404810405298 1.3811652333014195 
41 73 5 1 20 24 7.0710678118654755 13.038404810405298 1.3660918334751944 
40 72 5 2 22 25 7.0710678118654755 13.038404810405298 1.3325704028581875 
38 68 5 2 21 21 6.324555320336759 13.038404810405298 1.3360137765060744 
36 67 5 2 22 21 7.0710678118654755 13.038404810405298 1.313451554968192 
37 66 5 2 24 17 7.211102550927978 13.038404810405298 1.29975877200667 
31 64 6 2 14 16 4.47213595499958 13.038404810405298 1.2891564016500452 
30 63 6 2 12 15 4.47213595499958 13.038404810405298 1.2825266513291218 
30 62 6 2 14 14 4.47213595499958 12.165525060596439 1.2806634084426098 
29 61 6 2 14 14 5.656854249492381 12.165525060596439 1.29473165533585 
27 60 7 2 12 17 5.656854249492381 12.165525060596439 1.2736612128609162 
27 59 7 2 11 14 5.656854249492381 12.165525060596439 1.2609124197905364 
28 58 7 2 13 12 4.47213595499958 12.165525060596439 1.266054859016589 
24 57 8 2 6 14 3.1622776601683795 12.165525060596439 1.2625355985532543 
22 56 9 2 3 14 2.8284271247461903 11.40175425099138 1 
