140 140 0 0 14 14 16.0 16.0 1.004821624819559 
138 138 0 0 17 17 16.0 14.142135623730951 1.0142852424451818 
134 137 0 0 16 21 13.038404810405298 16.0 1.0124983211141767 
132 135 0 0 16 19 13.038404810405298 16.0 1.0144390759730626 
130 133 0 0 16 21 13.341664064126334 16.0 1.0164395150546777 
128 132 0 0 16 22 13.341664064126334 16.0 1.0153619934729627 
126 130 0 0 14 20 13.341664064126334 16.0 1.0176119088400932 
124 129 0 0 16 22 13.341664064126334 16.0 1.0180974394533444 
122 127 0 0 15 22 13.341664064126334 16.0 1.0187843026255088 
120 126 0 0 16 22 13.341664064126334 16.0 1.0211548375776782 
118 125 0 0 17 24 14.0 16.0 1.0199720924068338 
116 123 0 0 18 23 14.0 16.0 1.018185171075829 
114 121 0 0 18 21 14.0 16.0 1.0195814339972833 
112 120 0 0 17 21 14.0 16.0 1.0206229970440923 
110 119 0 0 17 21 14.0 16.0 1.0226234361257074 
108 118 0 0 17 22 14.0 16.0 1.0213585276532058 
106 117 0 0 19 21 14.0 15.033296378372908 1.0210738120940932 
104 116 0 0 19 20 15.033296378372908 15.033296378372908 1.0221153751409024 
102 115 0 0 19 20 15.033296378372908 15.033296378372908 1.0239144816636043 
100 113 0 0 17 21 15.033296378372908 15.033296378372908 1.0239971686756082 
98 112 0 0 17 20 15.033296378372908 15.033296378372908 1.0246840318477723 
96 111 0 0 18 20 15.033296378372908 15.033296378372908 1.024854670806205 
95 110 0 0 15 19 15.033296378372908 15.033296378372908 1.0395244711191753 
89 109 1 0 18 18 15.033296378372908 15.033296378372908 1.04035110116587 
85 108 1 0 16 15 15.033296378372908 15.033296378372908 1.0464637616635049 
83 107 1 0 16 21 15.033296378372908 14.0 1.0511258958494223 
79 106 1 0 14 22 15.033296378372908 14.0 1.063542109593763 
78 105 2 0 15 23 15.033296378372908 14.0 1.0643341963550568 
76 104 2 0 13 22 15.033296378372908 14.0 1.065761331360413 
75 102 2 0 12 24 15.033296378372908 14.0 1.0642636945347501 
74 101 2 0 11 22 15.033296378372908 14.0 1.0789523602233473 
73 100 3 0 11 25 15.033296378372908 14.0 1.0783757638761433 
72 99 3 0 11 24 14.142135623730951 14.0 1.0769435424197833 
70 97 3 0 10 22 14.142135623730951 14.0 1.0744472213394884 
68 95 3 0 12 20 14.142135623730951 14.0 1.0892297217328055 
67 94 4 0 12 23 14.142135623730951 14.142135623730951 1.0894521756193398 
63 93 4 0 9 19 14.142135623730951 14.142135623730951 1.0889134148284825 
62 92 4 0 8 18 14.142135623730951 14.142135623730951 1.0890293684506034 
61 91 4 0 8 18 14.0 14.142135623730951 1.0894539637015443 
59 90 4 0 8 17 13.038404810405298 14.142135623730951 1.087977406629108 
57 88 4 0 8 15 12.165525060596439 14.142135623730951 1.0889358388932244 
55 87 4 0 9 15 11.40175425099138 14.142135623730951 1.0895861722026365 
54 86 4 0 8 16 11.40175425099138 13.038404810405298 1.1029785336244835 
52 85 5 0 9 17 11.40175425099138 13.038404810405298 1.1021570852062719 
51 83 5 0 7 17 11.40175425099138 12.0 1.1089346328192144 
50 82 5 0 7 24 11.40175425099138 12.0 1.1057437555353749 
49 81 5 0 6 20 10.770329614269007 12.0 1.1067680469394836 
48 80 5 0 6 21 10.770329614269007 12.0 1.106330950946435 
47 79 5 0 6 20 9.486832980505138 12.0 1.1067510661903832 
46 78 5 0 5 20 9.486832980505138 12.0 1.1065271970543442 
44 76 5 0 6 20 9.486832980505138 12.0 1.1108692364803074 
43 75 5 0 6 24 8.246211251235321 12.0 1.104640357827503 
42 74 5 0 6 17 7.0710678118654755 12.0 1.0942204324839295 
40 73 5 1 6 19 7.211102550927978 12.0 1.0946405477278776 
39 72 5 1 5 19 7.211102550927978 12.0 1.0941433670174956 
38 71 5 1 6 18 5.0990195135927845 12.0 1.0945634822614438 
37 70 5 1 5 18 5.0990195135927845 12.0 1.0921069694009748 
36 69 5 1 4 15 5.0990195135927845 12.0 1.093148532447784 
34 68 5 1 4 15 5.0990195135927845 12.0 1.095148971529399 
32 67 5 1 4 16 5.0990195135927845 12.0 1.10697828075628 
30 66 6 1 4 15 5.0990195135927845 12.0 1.1186265102912418 
28 65 7 1 2 14 5.830951894845301 11.045361017187261 1.1191750711359594 
27 64 7 1 2 14 4.47213595499958 11.045361017187261 1.1054278918245741 
26 63 7 2 2 14 5.830951894845301 11.045361017187261 1.1062027069431672 
25 62 7 2 0 14 5.830951894845301 11.045361017187261 1.0918178713174362 
25 61 7 3 2 14 4.242640687119285 11.045361017187261 1.1042205034101122 
23 60 8 3 1 14 6.324555320336759 11.045361017187261 1.1050763745667072 
22 59 8 3 0 14 5.0990195135927845 11.045361017187261 1.10449957727258 
22 58 8 3 1 14 3.1622776601683795 11.045361017187261 1.1166663147314055 
21 57 9 3 0 14 3.1622776601683795 11.045361017187261 1.115063554462093 
21 56 9 3 1 13 1.4142135623730951 11.045361017187261 1 
