140 140 0 0 14 14 16.0 16.0 1.183315186302512 
138 139 0 0 17 17 16.0 14.142135623730951 1.1972461092561166 
134 137 0 0 16 20 12.165525060596439 16.0 1.220791321883592 
132 136 0 0 21 25 13.038404810405298 16.0 1.2182612624691327 
128 135 0 0 22 22 13.038404810405298 16.0 1.2181546100790908 
124 133 0 0 22 21 13.341664064126334 16.0 1.224358973690659 
120 132 0 0 22 21 13.341664064126334 16.0 1.233848625958441 
116 131 0 0 22 22 13.341664064126334 16.0 1.2476587048554686 
112 130 0 0 23 24 14.142135623730951 16.0 1.266847463990754 
104 129 1 0 18 25 14.142135623730951 16.0 1.2456480754099992 
100 128 1 0 17 17 14.142135623730951 16.0 1.2680911321316009 
94 127 2 0 13 20 12.649110640673518 16.0 1.266242117987415 
92 125 3 0 13 18 12.649110640673518 16.0 1.2689692274145037 
90 124 3 0 14 18 12.649110640673518 16.0 1.2968572031486885 
88 123 3 0 14 26 12.649110640673518 16.0 1.3016734888005903 
86 122 3 0 14 27 13.341664064126334 16.0 1.3167125679235165 
84 120 3 0 14 32 13.341664064126334 16.0 1.3171967914653784 
82 119 3 0 13 32 13.341664064126334 16.0 1.318532773492076 
78 118 4 0 12 29 13.341664064126334 16.0 1.313567862664124 
76 117 4 0 12 27 13.341664064126334 16.0 1.3096679321004656 
75 116 4 0 15 25 13.341664064126334 16.0 1.2916747920042986 
71 115 4 0 11 19 13.341664064126334 16.0 1.3025391716214252 
70 114 5 0 10 21 13.341664064126334 16.0 1.307430126762114 
68 113 5 0 10 22 13.341664064126334 16.0 1.3035076187051493 
66 112 5 0 8 21 13.341664064126334 16.0 1.3026558947347797 
65 110 5 0 9 22 13.341664064126334 14.142135623730951 1.3021304122084338 
63 109 5 0 10 21 13.038404810405298 14.142135623730951 1.307257162684399 
62 107 5 0 12 23 13.038404810405298 14.142135623730951 1.3035266201557 
58 106 5 0 9 21 13.038404810405298 14.142135623730951 1.3225446700139112 
57 105 5 0 9 27 13.038404810405298 14.142135623730951 1.3341003143181627 
55 104 5 0 9 30 12.165525060596439 14.142135623730951 1.326224720828229 
53 102 5 0 9 28 11.40175425099138 14.142135623730951 1.3344690433512414 
51 101 5 0 9 30 10.770329614269007 14.142135623730951 1.3408248804340355 
49 99 5 0 10 32 10.295630140987 14.142135623730951 1.3379899301346703 
49 98 5 0 16 30 10.295630140987 14.142135623730951 1.3205604768418406 
43 92 5 0 10 28 10.0 14.142135623730951 1.3157267961974026 
42 91 5 0 13 26 10.0 13.038404810405298 1.338622792274129 
41 90 5 0 16 32 7.615773105863909 13.341664064126334 1.3524837666009748 
37 89 5 0 14 35 7.211102550927978 13.341664064126334 1.3097975876260153 
35 88 6 0 13 20 7.211102550927978 13.341664064126334 1.311552058723174 
33 87 6 0 13 20 5.830951894845301 13.341664064126334 1.3086945309305023 
32 86 6 0 14 19 5.830951894845301 13.341664064126334 1.3163300845697352 
30 85 7 0 11 20 5.830951894845301 13.341664064126334 1.3184374636675276 
28 84 8 0 6 20 5.830951894845301 13.341664064126334 1.3147405001357135 
26 83 8 0 7 18 4.47213595499958 13.341664064126334 1.3196936409596298 
24 82 8 0 4 20 3.1622776601683795 13.341664064126334 1.3178220532596256 
24 81 8 0 5 20 3.1622776601683795 13.341664064126334 1.3062050608224887 
22 80 9 1 2 21 5.830951894845301 13.341664064126334 1.2938513892566708 
21 78 9 1 0 19 4.47213595499958 13.341664064126334 1.287623974551195 
21 77 9 1 0 18 4.0 13.341664064126334 1.281294750659008 
21 76 9 1 0 17 4.47213595499958 13.341664064126334 1.278352624609746 
21 75 9 1 0 17 4.0 13.341664064126334 1.2785939780299866 
21 74 9 1 0 18 4.47213595499958 13.341664064126334 1.2750659556667994 
21 73 9 1 0 18 4.0 12.649110640673518 1.2734731614069432 
21 72 9 1 1 18 1.4142135623730951 12.649110640673518 1 
