140 140 0 0 14 14 16.0 16.0 1.1588941015333913 
139 139 0 0 19 17 16.0 13.038404810405298 1.169385715696048 
135 137 0 0 22 18 13.038404810405298 15.033296378372908 1.1952043931812975 
131 136 0 0 25 24 13.038404810405298 15.033296378372908 1.1900570692917256 
127 134 0 0 25 21 13.038404810405298 16.0 1.1842285449522363 
123 130 0 0 28 19 13.038404810405298 15.033296378372908 1.2035387969038238 
123 129 0 0 38 23 15.033296378372908 15.033296378372908 1.2215085718252825 
117 128 0 0 38 26 14.0 15.033296378372908 1.2525792182253375 
116 127 0 0 49 33 14.0 15.033296378372908 1.2358307671394786 
108 126 1 0 33 26 12.165525060596439 15.033296378372908 1.2450690984196118 
104 125 1 0 34 27 12.165525060596439 15.033296378372908 1.2758617637123462 
102 124 1 0 40 35 12.165525060596439 15.033296378372908 1.2859298478161547 
90 122 2 0 28 34 11.40175425099138 15.033296378372908 1.2755342963638052 
90 120 2 0 37 29 13.341664064126334 15.033296378372908 1.2639802835334433 
86 118 2 0 40 23 12.649110640673518 15.033296378372908 1.2633307017591555 
82 117 2 0 37 22 11.40175425099138 15.033296378372908 1.2783057779776892 
81 116 2 0 38 27 11.40175425099138 15.033296378372908 1.2844582076166893 
77 115 2 0 36 28 11.40175425099138 15.033296378372908 1.2906202173070882 
76 113 2 0 45 28 10.770329614269007 15.033296378372908 1.3276993987536803 
66 112 3 0 38 35 9.486832980505138 15.033296378372908 1.3398789559173392 
66 111 3 0 41 39 9.055385138137417 15.033296378372908 1.333286750680738 
58 107 4 0 31 36 8.0 15.033296378372908 1.304742327142145 
50 99 5 0 18 30 7.0710678118654755 15.033296378372908 1.2849430533133308 
50 98 5 0 21 23 7.615773105863909 15.033296378372908 1.300487496352661 
48 97 5 0 15 30 7.615773105863909 15.033296378372908 1.3003417699829822 
48 96 5 0 23 28 8.602325267042627 15.033296378372908 1.3085919290636516 
46 95 5 0 24 30 7.615773105863909 15.033296378372908 1.3128433838650646 
42 94 5 0 23 30 8.48528137423857 15.033296378372908 1.3195131686636234 
36 93 6 0 11 31 7.0710678118654755 15.033296378372908 1.3173312625708375 
34 91 6 0 10 31 7.0710678118654755 15.033296378372908 1.3157867104049379 
33 90 7 0 8 29 5.0990195135927845 15.033296378372908 1.271339662185139 
32 82 7 0 8 20 4.0 15.033296378372908 1.2554945318385793 
31 81 7 1 8 21 4.47213595499958 15.033296378372908 1.246145003901915 
29 80 7 1 6 18 3.1622776601683795 15.033296378372908 1.2445716271234806 
28 78 7 1 6 19 2.0 13.341664064126334 1.2249236420092806 
27 77 7 2 8 18 4.242640687119285 13.341664064126334 1.2175401944549589 
26 76 7 2 7 16 3.1622776601683795 13.341664064126334 1.231338305718663 
24 75 8 2 4 19 5.0990195135927845 13.341664064126334 1.228780058440525 
24 74 8 2 4 19 5.830951894845301 13.341664064126334 1.2205161254352546 
25 73 8 2 6 17 6.324555320336759 13.341664064126334 1.202641486411217 
24 72 8 3 4 18 5.830951894845301 13.341664064126334 1.2001867847836907 
25 71 8 3 6 18 6.324555320336759 13.341664064126334 1.2004716846762888 
24 70 8 3 4 19 5.830951894845301 13.341664064126334 1.2056116183215557 
22 69 9 3 1 19 5.830951894845301 13.341664064126334 1.1983148506785268 
22 68 9 3 2 17 5.0990195135927845 13.341664064126334 1.1957566034003888 
22 67 9 3 2 17 5.830951894845301 13.341664064126334 1.1932404332547266 
22 66 9 3 2 17 5.0990195135927845 13.341664064126334 1.172522647059953 
22 65 9 4 2 17 5.830951894845301 13.341664064126334 1.1671018612254185 
22 64 9 4 2 16 5.0990195135927845 13.341664064126334 1.1616389982584083 
22 63 9 4 2 15 5.830951894845301 13.341664064126334 1.159122828112746 
22 62 9 4 2 15 5.0990195135927845 13.341664064126334 1.1565645808346081 
22 61 9 4 2 15 5.830951894845301 13.341664064126334 1.1540484106889457 
22 60 9 4 2 15 5.0990195135927845 13.341664064126334 1.1514901634108077 
22 59 9 4 2 15 5.830951894845301 13.341664064126334 1.1489739932651453 
22 58 9 4 2 15 5.0990195135927845 13.341664064126334 1.1483697232942098 
22 57 9 4 2 16 5.0990195135927845 12.165525060596439 1 
