140 140 0 0 14 14 16.0 16.0 1.0767702623213726 
138 138 0 0 17 17 16.0 14.142135623730951 1.0747033103612 
134 134 0 0 16 16 13.038404810405298 15.033296378372908 1.0792695902342682 
132 133 0 0 16 20 15.033296378372908 15.033296378372908 1.077395096149504 
130 131 0 0 16 19 15.033296378372908 15.033296378372908 1.0777568765702972 
128 129 0 0 16 20 15.033296378372908 15.033296378372908 1.0790879343372237 
126 128 0 0 14 21 15.033296378372908 15.033296378372908 1.0859429687591393 
124 127 0 0 16 27 15.033296378372908 15.033296378372908 1.0805485256071676 
122 126 0 0 15 22 15.033296378372908 15.033296378372908 1.0801399207951514 
120 122 0 0 16 24 15.033296378372908 15.033296378372908 1.0825390836081783 
118 121 0 0 17 26 15.033296378372908 15.033296378372908 1.0795297748684096 
116 119 0 0 18 24 15.033296378372908 15.033296378372908 1.07019274943639 
114 115 0 0 18 18 15.033296378372908 15.033296378372908 1.0692708552955337 
112 114 0 0 17 17 15.033296378372908 15.033296378372908 1.068514498463548 
110 112 0 0 17 17 15.033296378372908 15.033296378372908 1.0686940641732436 
108 111 0 0 17 17 15.033296378372908 15.033296378372908 1.0645832955829226 
106 109 0 0 17 14 15.033296378372908 15.033296378372908 1.0669991357981756 
104 108 0 0 17 16 15.033296378372908 15.033296378372908 1.0860662325183383 
96 107 1 0 18 20 15.033296378372908 15.033296378372908 1.0914333698584067 
94 106 1 0 17 25 15.033296378372908 14.142135623730951 1.089376661062545 
92 105 1 0 17 23 15.033296378372908 14.142135623730951 1.088438089519462 
90 104 1 0 17 22 15.033296378372908 14.142135623730951 1.0930542004344186 
86 103 1 0 19 25 15.033296378372908 14.142135623730951 1.0961164706075208 
85 101 2 0 19 19 15.033296378372908 14.142135623730951 1.0952086048674885 
81 100 2 0 17 17 15.033296378372908 14.142135623730951 1.1126244446156157 
80 99 3 0 17 23 15.033296378372908 14.142135623730951 1.1147192512151594 
78 97 3 0 16 26 15.033296378372908 13.038404810405298 1.1160002767754076 
76 96 3 0 17 27 15.033296378372908 13.038404810405298 1.1194521047639254 
72 95 4 0 16 19 15.033296378372908 13.038404810405298 1.1307168651210693 
70 94 5 0 16 19 15.033296378372908 13.038404810405298 1.1311120003463146 
68 92 5 0 14 20 15.033296378372908 13.038404810405298 1.1303443082438256 
67 91 5 0 15 20 14.142135623730951 12.165525060596439 1.1305739061601996 
65 90 5 0 12 20 14.142135623730951 12.165525060596439 1.1291287100435654 
64 89 5 0 11 19 13.341664064126334 12.165525060596439 1.127645442809249 
63 88 5 0 11 18 13.038404810405298 12.165525060596439 1.1250476672899254 
62 87 5 0 10 16 13.038404810405298 12.165525060596439 1.1242746330557138 
60 85 5 0 11 16 13.038404810405298 12.165525060596439 1.1250479466969519 
59 84 5 0 9 17 13.038404810405298 12.165525060596439 1.1274637869122048 
57 83 5 0 9 19 13.038404810405298 12.165525060596439 1.1270856084962122 
56 82 5 0 9 19 13.038404810405298 12.165525060596439 1.1134725647503894 
54 81 5 1 9 19 12.0 12.165525060596439 1.1105043315723477 
52 79 5 1 10 17 11.045361017187261 12.165525060596439 1.1118525209342507 
48 78 5 1 9 17 10.198039027185569 12.165525060596439 1.112639758466942 
47 77 5 1 8 18 9.486832980505138 12.165525060596439 1.111901796587261 
46 76 5 1 8 18 9.486832980505138 11.40175425099138 1.1226421676231686 
45 75 6 1 6 18 9.486832980505138 11.40175425099138 1.1190917921599377 
44 73 6 1 6 16 9.486832980505138 11.40175425099138 1.120389495122412 
42 72 6 1 6 17 9.486832980505138 11.40175425099138 1.10622740810398 
41 71 6 2 6 17 8.246211251235321 11.40175425099138 1.1086938115978655 
39 70 6 2 6 19 7.0710678118654755 11.40175425099138 1.1063690703819182 
37 69 6 2 7 17 6.0 10.770329614269007 1.1051537757564438 
33 68 6 2 4 15 5.0990195135927845 10.0 1.1064514787189184 
31 67 6 2 4 16 5.0990195135927845 10.0 1.1061169508277355 
30 66 6 2 3 16 4.47213595499958 10.0 1.105755449813969 
29 65 6 2 2 16 4.47213595499958 10.0 1.1042988164414662 
28 64 6 2 3 15 3.1622776601683795 10.0 1.1040306041031114 
27 63 6 2 2 15 3.1622776601683795 10.198039027185569 1.1136028056795622 
26 62 7 2 3 14 3.1622776601683795 10.198039027185569 1.1132913143643661 
25 61 7 2 2 14 2.0 10.198039027185569 1.1117053067007554 
24 60 7 2 1 13 4.47213595499958 10.198039027185569 1.108512006447725 
23 59 8 3 0 13 6.324555320336759 10.198039027185569 1.1076931581455427 
23 58 8 3 2 13 2.8284271247461903 10.198039027185569 1.1188087238276325 
21 57 9 3 0 13 7.0710678118654755 10.198039027185569 1.118040986069984 
21 56 9 3 0 13 3.1622776601683795 10.198039027185569 1.1033263114113232 
21 55 9 4 1 13 1.4142135623730951 10.198039027185569 1 
