140 140 0 0 14 14 16.0 16.0 1.0027510749101374 
138 138 0 0 17 17 16.0 14.142135623730951 1.0074802166664314 
134 137 0 0 16 16 13.038404810405298 16.0 1.011104569883162 
132 136 0 0 16 19 14.0 16.0 1.0112037507531573 
130 135 0 0 16 18 14.0 16.0 1.0123327341707444 
128 133 0 0 16 19 14.0 16.0 1.0141182031525817 
126 132 0 0 14 19 14.0 16.0 1.012531095910735 
124 131 0 0 16 17 14.0 16.0 1.0187979852172229 
122 130 0 0 15 22 14.0 16.0 1.017847921197666 
120 129 0 0 16 21 14.142135623730951 15.033296378372908 1.0182960080752526 
118 127 0 0 17 22 15.033296378372908 15.033296378372908 1.0200340013588929 
116 125 0 0 18 24 15.033296378372908 15.033296378372908 1.0191650796142389 
114 124 0 0 18 22 15.033296378372908 15.033296378372908 1.0241047735574806 
112 123 0 0 18 26 15.033296378372908 15.033296378372908 1.0358211858032684 
110 122 0 0 18 37 15.033296378372908 15.033296378372908 1.0320479562146663 
108 121 0 0 18 32 15.033296378372908 15.033296378372908 1.0230304082235322 
106 117 0 0 18 25 15.033296378372908 14.142135623730951 1.0231295890935275 
104 116 0 0 18 24 15.033296378372908 14.142135623730951 1.025883160690014 
102 115 0 0 16 25 15.033296378372908 14.142135623730951 1.0279185467893082 
100 114 0 0 16 26 15.033296378372908 14.142135623730951 1.0283051257138125 
96 113 0 0 18 24 15.033296378372908 14.142135623730951 1.0528694603121453 
88 112 1 0 15 29 15.033296378372908 14.0 1.0539634496025616 
87 111 1 0 14 30 14.142135623730951 13.038404810405298 1.0518290324276043 
85 109 1 0 15 28 14.142135623730951 13.038404810405298 1.0526463987947923 
83 108 1 0 13 27 14.142135623730951 13.038404810405298 1.0497577140336845 
82 104 1 0 11 26 14.142135623730951 13.038404810405298 1.0476232968587271 
80 102 1 0 12 24 14.142135623730951 13.038404810405298 1.039958916343001 
79 101 1 0 12 16 14.142135623730951 13.038404810405298 1.037555841582061 
78 99 1 0 11 14 14.142135623730951 13.038404810405298 1.0405919159012214 
77 98 1 0 11 17 14.0 13.038404810405298 1.0455197552077293 
75 97 1 0 12 21 13.038404810405298 13.038404810405298 1.0479320436447679 
73 95 1 0 12 23 12.165525060596439 13.038404810405298 1.0550837452929165 
71 94 1 0 12 29 11.40175425099138 13.038404810405298 1.0630626443831221 
69 93 2 0 12 24 11.40175425099138 13.038404810405298 1.0592675091116166 
67 92 2 0 10 18 10.770329614269007 13.038404810405298 1.0587389396470324 
66 91 2 0 9 17 10.770329614269007 13.038404810405298 1.0588193800485013 
65 90 2 0 9 17 10.770329614269007 13.038404810405298 1.062072785879901 
63 89 2 0 11 20 10.770329614269007 13.038404810405298 1.0648203975033999 
57 88 2 0 10 17 10.0 13.038404810405298 1.078645393218554 
53 87 3 0 10 16 10.0 13.038404810405298 1.0903937826487025 
51 86 3 0 8 27 10.0 12.0 1.0924291687479966 
49 85 3 0 8 28 10.0 12.0 1.1042804782967997 
47 84 4 0 8 27 10.0 12.0 1.1094644533512068 
45 83 5 0 8 19 10.0 12.165525060596439 1.11128621534784 
43 82 5 0 6 19 9.899494936611665 12.165525060596439 1.1119394035843637 
42 81 5 0 8 19 6.324555320336759 12.165525060596439 1.1123976772029553 
40 80 5 0 7 18 6.324555320336759 12.165525060596439 1.112096973144352 
39 79 5 0 6 18 6.324555320336759 11.045361017187261 1.1131642566289968 
37 78 5 0 6 18 6.324555320336759 11.045361017187261 1.1142315401136413 
35 77 5 0 6 18 6.324555320336759 11.045361017187261 1.1306734456182341 
33 76 6 0 4 21 6.324555320336759 11.045361017187261 1.1246478775161532 
32 74 6 0 5 16 6.324555320336759 11.045361017187261 1.1251061511347449 
30 73 6 0 4 15 6.324555320336759 11.045361017187261 1.137046540935668 
28 71 7 0 2 15 6.324555320336759 10.0 1.1366631273954384 
27 69 7 0 2 15 5.0990195135927845 10.0 1.1384297806269628 
25 68 7 0 2 15 3.1622776601683795 10.0 1.1250700442191985 
24 67 7 1 1 15 4.47213595499958 10.0 1.1235763418660392 
23 66 8 2 1 15 4.47213595499958 10.0 1.1237895033936185 
22 65 8 2 0 15 5.0990195135927845 10.0 1.124191480324844 
22 64 8 2 1 16 3.1622776601683795 10.0 1.1221504680385743 
21 62 9 3 0 16 3.1622776601683795 10.0 1.12641842262906 
21 60 9 3 1 22 1.4142135623730951 10.0 1 
