140 140 0 0 14 14 16.0 16.0 1.0913993775363213 
138 139 0 0 17 18 16.0 14.142135623730951 1.0963745573731276 
134 138 0 0 16 21 12.649110640673518 16.0 1.0970284556635288 
132 137 0 0 21 21 12.649110640673518 16.0 1.0960512118117083 
128 135 0 0 22 20 13.038404810405298 16.0 1.0980128153374893 
124 134 0 0 22 21 13.341664064126334 16.0 1.096903574654176 
120 132 0 0 22 20 14.142135623730951 16.0 1.0999595548138665 
116 131 0 0 22 22 14.142135623730951 16.0 1.103280141169565 
112 130 0 0 24 24 14.142135623730951 16.0 1.1104499252025526 
108 129 0 0 22 30 14.142135623730951 16.0 1.1139870363259818 
104 128 1 0 18 23 14.142135623730951 16.0 1.1206753680617996 
102 126 2 0 18 20 14.142135623730951 16.0 1.1253107671274938 
100 125 2 0 20 24 14.142135623730951 16.0 1.1220193423758962 
98 124 2 0 20 21 14.142135623730951 16.0 1.1198225201416248 
96 123 2 0 20 19 14.142135623730951 16.0 1.124325616109315 
94 122 2 0 21 23 14.142135623730951 16.0 1.1266395070423527 
92 121 2 0 22 25 14.142135623730951 16.0 1.1250004577337724 
88 119 2 0 18 24 14.142135623730951 16.0 1.123266731763899 
86 118 2 0 17 23 14.142135623730951 15.033296378372908 1.1227261868718774 
84 117 2 0 17 23 15.033296378372908 14.0 1.1270969797415635 
82 116 2 0 17 27 15.033296378372908 14.0 1.1291462644785932 
80 115 2 0 16 29 15.033296378372908 14.0 1.125802826524038 
78 113 2 0 14 27 15.033296378372908 14.0 1.1181933703807494 
77 107 2 0 18 24 15.033296378372908 14.0 1.1263734977694917 
73 106 3 0 16 21 15.033296378372908 14.0 1.1366581473212316 
72 105 4 0 15 21 15.033296378372908 14.0 1.1440481415468886 
70 104 4 0 13 28 15.033296378372908 14.0 1.1409810361229826 
69 103 4 0 18 25 15.033296378372908 14.0 1.1372406888744153 
67 101 4 0 13 23 15.033296378372908 14.0 1.1464307359088288 
66 100 5 0 12 22 15.033296378372908 14.0 1.143796717512229 
65 99 5 0 12 20 15.033296378372908 14.0 1.144074322106766 
63 97 5 0 12 21 14.0 14.142135623730951 1.1443305948565639 
61 96 5 0 14 21 13.038404810405298 14.142135623730951 1.1443223274902719 
59 95 5 0 14 21 12.165525060596439 14.142135623730951 1.1432195388767215 
57 94 5 0 14 20 11.40175425099138 14.142135623730951 1.1401738360607099 
56 92 5 0 17 19 10.770329614269007 12.165525060596439 1.1396814024724136 
52 91 5 0 15 18 10.770329614269007 12.165525060596439 1.1422522824018402 
48 89 5 0 18 20 10.770329614269007 12.165525060596439 1.1594483593829752 
42 88 6 0 12 25 10.0 12.0 1.162287278711558 
41 87 6 0 12 28 9.899494936611665 12.0 1.1643345609927696 
39 86 6 0 11 30 7.211102550927978 12.0 1.1684014098734268 
38 85 6 0 12 34 8.48528137423857 12.0 1.1635319146586498 
34 84 6 0 10 29 10.295630140987 12.0 1.171759662273741 
33 83 7 0 10 27 10.295630140987 12.0 1.1669364388424885 
32 82 7 0 10 23 10.295630140987 12.0 1.165397022963215 
31 81 7 0 10 22 10.295630140987 12.0 1.1627630045666149 
30 80 7 0 10 20 10.295630140987 12.0 1.1705368047798055 
28 79 8 0 7 18 8.602325267042627 11.045361017187261 1.1700909551621252 
27 78 8 0 7 18 7.211102550927978 11.045361017187261 1.1556593084321656 
26 77 8 1 7 18 5.830951894845301 11.045361017187261 1.1410963866128834 
25 76 8 2 6 18 5.830951894845301 11.045361017187261 1.1515524430733526 
23 75 9 2 3 18 4.242640687119285 11.045361017187261 1.1565795889175146 
22 74 9 2 3 23 2.8284271247461903 11.045361017187261 1 
