140 140 0 0 14 14 16.0 16.0 1.1450823808528598 
139 139 0 0 19 18 16.0 13.038404810405298 1.151545341469848 
135 138 0 0 22 18 13.341664064126334 15.033296378372908 1.1636087017732126 
131 136 0 0 25 22 13.341664064126334 15.033296378372908 1.163393410432095 
127 134 0 0 25 21 13.038404810405298 16.0 1.160026518371622 
123 133 0 0 28 17 13.038404810405298 16.0 1.1714568081902803 
123 132 0 0 38 20 13.038404810405298 16.0 1.1729095418202387 
117 131 0 0 38 18 12.0 16.0 1.1770798987355784 
116 130 0 0 45 18 12.0 16.0 1.2160232581283499 
108 129 0 0 39 34 12.0 16.0 1.2064733548578976 
98 128 1 0 28 24 12.0 16.0 1.2099952649752115 
97 127 1 0 34 24 13.038404810405298 16.0 1.2281994935048277 
91 126 1 0 34 30 13.038404810405298 15.033296378372908 1.2266245975569285 
89 125 1 0 37 28 14.0 15.033296378372908 1.2134138820659888 
81 123 1 0 24 23 14.0 15.033296378372908 1.212169651460129 
75 122 1 0 20 21 14.0 15.033296378372908 1.2302456758648417 
74 121 2 0 22 25 14.0 15.033296378372908 1.215429859055866 
73 119 2 0 23 19 14.0 15.033296378372908 1.203240745208202 
71 115 2 0 22 16 14.0 15.033296378372908 1.2264536069119 
70 114 2 0 22 27 14.0 15.033296378372908 1.2138350297240783 
68 112 3 0 18 19 14.0 15.033296378372908 1.2273449716510658 
64 111 3 0 14 25 14.0 15.033296378372908 1.2238498725896503 
64 110 3 0 18 23 14.0 15.033296378372908 1.2169086220901337 
58 109 3 0 12 19 14.0 15.033296378372908 1.241450090077283 
58 108 3 0 19 29 14.0 15.033296378372908 1.239431063355894 
56 106 3 0 21 28 14.0 15.033296378372908 1.2496443970660513 
55 105 4 0 21 29 14.0 15.033296378372908 1.2472151660601383 
54 104 5 0 12 27 14.0 15.033296378372908 1.2303669112232272 
53 98 5 0 18 22 13.038404810405298 15.033296378372908 1.2243358855693318 
52 96 5 0 20 20 13.038404810405298 14.142135623730951 1.2341918218523003 
48 95 6 0 17 20 13.038404810405298 14.142135623730951 1.2414820674490892 
46 94 6 0 14 24 13.038404810405298 14.142135623730951 1.2502180726924343 
45 93 6 0 15 28 13.038404810405298 14.142135623730951 1.2545426549792895 
43 92 6 0 14 30 13.038404810405298 14.142135623730951 1.2560988086740106 
42 91 6 0 14 31 13.038404810405298 14.142135623730951 1.2652719058110484 
38 90 7 0 10 31 13.038404810405298 14.142135623730951 1.2732961618112306 
37 89 7 0 10 35 12.165525060596439 14.142135623730951 1.253440867885386 
36 87 7 0 10 27 11.40175425099138 14.142135623730951 1.252693284400713 
35 86 7 0 13 26 10.770329614269007 14.142135623730951 1.2448341584873333 
29 85 7 0 9 21 7.211102550927978 14.142135623730951 1.2500674187192236 
29 84 7 0 10 24 5.656854249492381 14.142135623730951 1.2546693170785728 
29 83 7 0 10 27 5.656854249492381 14.142135623730951 1.2506085322343314 
29 82 7 0 10 26 5.656854249492381 14.142135623730951 1.2443820765891924 
29 81 7 0 10 24 5.656854249492381 14.142135623730951 1.2489839749485419 
29 80 7 0 10 27 5.656854249492381 14.142135623730951 1.2427575193034028 
29 79 7 0 10 25 5.656854249492381 14.142135623730951 1.2386967344591613 
29 78 7 0 10 24 5.656854249492381 14.142135623730951 1.2389672912167153 
29 77 7 0 10 25 5.656854249492381 14.142135623730951 1.2373427339309258 
29 75 7 0 10 26 5.656854249492381 14.142135623730951 1.210755054421024 
29 73 7 1 10 23 5.656854249492381 14.142135623730951 1.2153569527803734 
29 72 7 1 10 26 5.656854249492381 14.142135623730951 1.2139790119854172 
27 71 8 1 7 22 5.656854249492381 14.142135623730951 1.2105618279829826 
27 70 8 1 8 21 4.47213595499958 14.142135623730951 1.208666713939639 
27 69 8 1 8 21 4.47213595499958 14.142135623730951 1.2111421798022146 
27 68 8 1 8 23 5.656854249492381 14.142135623730951 1.2135784073606664 
27 67 8 1 8 25 5.656854249492381 14.142135623730951 1.2051862809146296 
27 66 8 1 8 22 5.656854249492381 14.142135623730951 1.196310215848057 
27 62 8 1 8 22 5.656854249492381 12.083045973594572 1.168066673221778 
28 58 8 2 13 19 5.830951894845301 12.083045973594572 1.1707992695214093 
24 57 9 2 6 17 4.0 12.083045973594572 1.1689197927939374 
24 56 9 2 6 17 4.47213595499958 12.083045973594572 1.1658778435084076 
24 55 9 2 6 17 5.656854249492381 10.198039027185569 1.1498087229413165 
24 54 9 3 6 18 4.47213595499958 10.198039027185569 1.1483129406900465 
24 53 9 3 6 18 5.656854249492381 10.770329614269007 1.1463785883425788 
24 52 9 3 6 18 4.47213595499958 10.770329614269007 1.144522712603359 
24 51 9 3 6 18 5.656854249492381 10.770329614269007 1.108186013437306 
24 47 9 4 6 13 4.47213595499958 8.246211251235321 1.1041644668971884 
24 46 9 4 6 12 5.656854249492381 8.246211251235321 1.1022301145497209 
24 45 9 4 6 12 4.47213595499958 8.246211251235321 1.0840737997899799 
24 44 9 5 6 12 5.656854249492381 8.246211251235321 1.0574468819759546 
24 42 9 6 6 9 4.47213595499958 8.246211251235321 1.0555910062367349 
24 41 9 6 6 9 5.656854249492381 8.246211251235321 1.053656653889267 
24 40 9 6 6 9 4.47213595499958 8.246211251235321 1.0518007781500474 
24 39 9 6 6 9 5.656854249492381 8.246211251235321 1.0498664258025798 
24 38 9 6 6 9 4.47213595499958 8.246211251235321 1.04801055006336 
24 37 9 6 6 9 5.656854249492381 8.246211251235321 1.0439105269149949 
24 36 9 6 6 8 4.47213595499958 8.246211251235321 1.0413152339820022 
24 35 9 6 6 8 5.656854249492381 7.0710678118654755 1.038706950326017 
24 34 9 6 6 8 4.47213595499958 6.0 1.0162192939644805 
24 33 9 7 6 6 5.656854249492381 6.0 1.014284941617013 
24 32 9 7 6 6 4.47213595499958 6.0 1.0124290658777932 
24 31 9 7 6 6 5.656854249492381 6.0 1.009927803619089 
24 30 9 7 6 6 4.47213595499958 5.0990195135927845 1.008071927879869 
24 29 9 7 6 6 5.656854249492381 5.0990195135927845 1.0039719047315039 
24 28 9 7 6 5 4.47213595499958 5.0990195135927845 1.0017215848196086 
24 27 9 7 6 5 5.656854249492381 4.47213595499958 0.9791554518498246 
24 26 9 8 6 3 4.47213595499958 4.47213595499958 0.9772995761106047 
24 25 9 8 6 3 5.656854249492381 4.47213595499958 0.9730551512311189 
24 24 9 8 6 2 4.47213595499958 4.242640687119285 0.9560328870655639 
24 23 9 9 6 1 5.656854249492381 9.486832980505138 0.9533179176403358 
24 22 9 9 6 1 4.47213595499958 8.246211251235321 0.9485569539064452 
24 21 9 9 6 0 5.656854249492381 7.0710678118654755 0.9674852360208809 
24 22 9 8 6 2 4.47213595499958 1.4142135623730951 0.9473161126866912 
24 21 9 9 6 0 5.656854249492381 5.0990195135927845 0.9531088858550308 
24 22 9 9 6 2 4.47213595499958 4.47213595499958 0.9460974867910391 
24 21 9 9 6 0 5.656854249492381 3.1622776601683795 0.9612304555435137 
24 24 9 9 6 4 4.47213595499958 4.47213595499958 0.9515926205761611 
24 22 9 9 6 2 5.656854249492381 2.0 0.9471240121561183 
24 21 9 9 6 1 4.47213595499958 1.4142135623730951 -1 
