140 140 0 0 14 14 16.0 16.0 1.0532195393171644 
138 138 0 0 17 17 16.0 14.142135623730951 1.054257085718363 
134 137 0 0 16 15 13.038404810405298 16.0 1.053485622495635 
132 136 0 0 16 14 14.0 16.0 1.0562929447144083 
130 135 0 0 16 16 14.0 16.0 1.0602516062140415 
128 134 0 0 16 19 14.0 16.0 1.0668877266388053 
126 132 0 0 14 25 14.0 16.0 1.0660746738915539 
124 131 0 0 16 24 14.0 16.0 1.0655111568294677 
122 130 0 0 15 23 14.0 16.0 1.0682353004865188 
120 129 0 0 16 25 14.0 16.0 1.0732621227052908 
118 128 0 0 17 29 14.0 16.0 1.072532248519761 
116 127 0 0 18 28 14.0 16.0 1.067488619012478 
114 125 0 0 18 24 14.0 16.0 1.0679932626695305 
112 124 0 0 18 24 14.0 16.0 1.0656691582039006 
110 120 0 0 18 24 14.0 16.0 1.065004020390816 
108 119 0 0 18 23 14.142135623730951 16.0 1.0650296611790526 
106 118 0 0 18 23 14.142135623730951 15.033296378372908 1.064267336869898 
104 117 0 0 18 22 15.033296378372908 15.033296378372908 1.0637869983695338 
102 116 0 0 16 21 15.033296378372908 15.033296378372908 1.0685642849031398 
100 115 0 0 20 25 15.033296378372908 15.033296378372908 1.0670624704155578 
96 114 0 0 20 22 15.033296378372908 15.033296378372908 1.0714837094557215 
92 113 0 0 18 24 15.033296378372908 15.033296378372908 1.085652942138379 
86 111 1 0 13 24 14.142135623730951 15.033296378372908 1.0809116273847388 
85 110 1 0 12 20 14.142135623730951 15.033296378372908 1.0830136119438152 
84 109 1 0 12 22 14.0 15.033296378372908 1.084794362480648 
82 108 1 0 12 23 13.038404810405298 15.033296378372908 1.0946374240657715 
80 107 2 0 15 22 13.038404810405298 14.142135623730951 1.0902601767235869 
78 103 2 0 12 20 13.038404810405298 14.142135623730951 1.096634773498065 
76 102 2 0 12 25 12.165525060596439 14.142135623730951 1.0960871776316925 
74 101 2 0 12 24 11.40175425099138 14.142135623730951 1.1029995347976023 
72 100 2 0 19 30 10.770329614269007 14.142135623730951 1.1084132793847234 
62 98 3 0 15 20 10.295630140987 14.142135623730951 1.1153035541100516 
58 97 3 0 11 24 10.295630140987 14.142135623730951 1.1249168787457104 
50 93 4 0 11 21 11.313708498984761 14.142135623730951 1.1405671424156023 
49 92 5 0 10 25 11.313708498984761 14.142135623730951 1.1394587190681176 
47 90 5 0 9 24 8.246211251235321 14.142135623730951 1.1447336981681906 
45 89 5 0 8 28 7.615773105863909 14.142135623730951 1.139992383414551 
44 88 5 0 7 24 7.615773105863909 14.142135623730951 1.1397732472226298 
43 87 5 0 7 24 7.615773105863909 14.142135623730951 1.142649555722029 
42 81 6 0 6 21 7.615773105863909 14.142135623730951 1.1494741400437032 
41 80 6 0 5 27 7.211102550927978 14.142135623730951 1.1458841645709232 
40 79 6 0 4 24 7.211102550927978 14.142135623730951 1.1468163676598628 
39 78 6 0 4 25 7.211102550927978 14.142135623730951 1.1414811363508919 
37 77 6 0 5 20 7.211102550927978 14.142135623730951 1.1390425001589723 
36 76 6 0 4 18 7.211102550927978 14.142135623730951 1.1262674048958996 
35 75 6 1 5 19 5.830951894845301 14.142135623730951 1.1283509472656994 
34 74 6 1 5 21 5.830951894845301 14.142135623730951 1.1299237516418903 
32 73 6 1 6 22 5.830951894845301 14.142135623730951 1.1292770560180823 
30 72 6 1 6 21 5.830951894845301 14.142135623730951 1.1422025329740375 
28 71 7 1 3 22 7.0710678118654755 14.142135623730951 1.1530487578734934 
27 70 8 1 2 22 8.602325267042627 14.142135623730951 1.1518587944495777 
26 69 8 1 2 21 7.211102550927978 14.142135623730951 1.1529700729804193 
25 68 8 1 2 22 5.830951894845301 14.142135623730951 1.1517759047562843 
24 67 8 1 2 21 4.47213595499958 14.142135623730951 1.1371469693772043 
23 65 8 2 0 21 3.1622776601683795 14.142135623730951 1.1363476872239437 
23 64 8 2 1 21 1.4142135623730951 14.142135623730951 1.1447478530704465 
22 62 9 2 0 20 5.656854249492381 14.142135623730951 1.145109994276767 
22 61 9 2 0 21 4.47213595499958 14.142135623730951 1.1413942870902283 
22 59 9 2 0 20 4.0 12.649110640673518 1 
