140 140 0 0 14 14 16.0 16.0 1.2591974740726426 
139 139 0 0 19 18 16.0 13.038404810405298 1.290143201191875 
135 137 0 0 22 22 13.341664064126334 15.033296378372908 1.3219268092507568 
131 135 0 0 25 27 14.0 15.033296378372908 1.323112635340153 
127 134 0 0 25 25 13.038404810405298 16.0 1.3294830524341357 
123 130 0 0 28 26 14.0 16.0 1.3395838880633286 
123 129 0 0 38 25 14.142135623730951 15.033296378372908 1.3413824049992946 
117 127 0 0 38 23 14.0 15.033296378372908 1.3630531432536157 
113 126 0 0 36 27 14.0 15.033296378372908 1.3648597515060665 
107 125 0 0 34 25 14.0 15.033296378372908 1.4123903996807605 
107 121 0 0 47 34 14.0 14.142135623730951 1.4130000807440817 
107 120 0 0 56 31 14.142135623730951 14.0 1.4405790279857817 
101 118 0 0 58 34 13.341664064126334 14.0 1.4993297075660443 
99 117 0 0 58 47 12.165525060596439 14.0 1.5106321805369272 
98 115 0 0 64 48 12.165525060596439 14.0 1.4536310891429483 
88 114 1 0 42 38 12.165525060596439 14.0 1.4427474471061252 
87 112 1 0 39 38 12.165525060596439 14.0 1.4095183487076615 
81 111 1 0 28 32 11.40175425099138 14.0 1.4096352890667447 
82 110 1 0 36 30 11.40175425099138 14.0 1.409959718960411 
72 109 2 0 32 25 11.661903789690601 14.0 1.4009736580487064 
68 108 2 0 21 26 11.661903789690601 14.142135623730951 1.4217540488927831 
62 107 3 0 16 29 11.661903789690601 14.142135623730951 1.403314444282155 
58 106 4 0 14 23 11.661903789690601 14.142135623730951 1.4319967529370767 
57 105 4 0 18 28 11.661903789690601 14.142135623730951 1.4585578874747862 
49 104 5 0 15 30 11.661903789690601 14.142135623730951 1.436007620825354 
48 103 5 0 18 24 11.661903789690601 13.038404810405298 1.4152866189580258 
48 99 5 0 20 22 11.661903789690601 13.038404810405298 1.437054385763096 
47 98 5 0 16 29 10.295630140987 13.038404810405298 1.4657366944180177 
46 97 5 0 20 34 10.295630140987 13.038404810405298 1.4605326057925634 
45 96 5 0 20 33 10.0 13.038404810405298 1.4498706199991667 
41 95 5 0 17 30 10.0 13.038404810405298 1.4579829957426234 
39 94 6 0 14 32 10.0 13.038404810405298 1.4416945647876338 
38 93 6 0 15 28 10.0 13.038404810405298 1.4323458013481305 
36 89 6 0 16 28 10.0 12.0 1.4182610550896588 
30 88 7 1 13 27 8.602325267042627 12.0 1.4006071839623218 
29 86 7 1 13 24 7.211102550927978 12.0 1.3981314171800512 
30 85 7 1 16 24 7.211102550927978 11.045361017187261 1.3802284403928535 
29 84 7 1 14 21 7.211102550927978 11.045361017187261 1.385970024435227 
25 82 8 1 8 23 4.47213595499958 11.661903789690601 1.4059978535829452 
24 81 9 1 6 28 4.47213595499958 11.661903789690601 1.4020909351551594 
24 80 9 1 6 28 4.0 11.661903789690601 1.397989583623725 
24 79 9 1 6 28 4.47213595499958 11.661903789690601 1.365390751542349 
24 73 9 1 6 26 4.0 11.661903789690601 1.3526181612553743 
24 72 9 1 6 24 4.47213595499958 11.661903789690601 1.3182627753194776 
24 71 9 2 6 22 4.0 11.661903789690601 1.3011545656547328 
24 70 9 2 6 19 4.47213595499958 11.661903789690601 1.3019147510028772 
24 68 9 2 6 21 4.0 11.661903789690601 1.293809264491833 
24 66 9 2 6 21 4.47213595499958 11.661903789690601 1.2942379654418177 
24 65 9 2 6 22 4.0 11.661903789690601 1.2901366139103834 
24 64 9 2 6 22 4.47213595499958 11.661903789690601 1.2862296954825978 
24 63 9 2 6 22 4.0 11.661903789690601 1.273457105195623 
24 62 9 2 6 20 4.47213595499958 11.661903789690601 1.2648474941357943 
24 61 9 2 6 19 4.0 11.40175425099138 1.26074614260436 
24 60 9 2 6 19 4.47213595499958 11.40175425099138 1.2438323660432635 
24 59 9 2 6 16 4.0 11.40175425099138 1.2397310145118292 
24 58 9 2 6 16 4.47213595499958 11.40175425099138 1.233846208684455 
24 57 9 2 6 16 4.0 10.0 1.2239195962884295 
24 56 9 2 6 15 4.47213595499958 8.94427190999916 1.21868030200999 
24 55 9 2 6 15 4.0 8.0 1.2145789504785556 
24 54 9 2 6 15 4.47213595499958 8.0 1.2106720320507698 
24 53 9 2 6 15 4.0 8.0 1.2155734036730363 
24 51 9 2 6 18 4.47213595499958 8.0 1.1946554921323298 
24 49 9 2 6 15 4.0 8.0 1.1905541406008955 
24 48 9 2 6 15 4.47213595499958 8.0 1.1695370971964698 
24 46 9 3 6 17 4.0 8.0 1.1309831431773147 
24 44 9 4 6 15 4.47213595499958 8.0 1.1227406053717588 
24 43 9 4 6 14 4.0 8.0 1.096862025087754 
24 42 9 5 6 14 4.47213595499958 8.0 1.0886194872821982 
24 41 9 5 6 13 4.0 8.0 1.075304749516835 
24 40 9 5 6 11 4.47213595499958 7.615773105863909 1.062726592333509 
24 39 9 5 6 9 4.0 7.615773105863909 1.0580542471410772 
24 38 9 5 6 9 4.47213595499958 7.211102550927978 1.0584829480910616 
24 37 9 5 6 10 4.0 7.211102550927978 1.0543815965596275 
24 36 9 5 6 10 4.47213595499958 7.211102550927978 1.0502770879011 
24 35 9 5 6 10 4.0 7.0710678118654755 1.0461757363696658 
24 34 9 5 6 10 4.47213595499958 7.0710678118654755 1.0394862406978485 
24 33 9 5 6 10 4.0 5.0990195135927845 1.0397205085441843 
24 32 9 5 6 11 4.47213595499958 5.0990195135927845 1.0053651226082876 
24 31 9 6 6 9 4.0 5.0990195135927845 0.996928151699083 
24 30 9 6 6 8 4.47213595499958 5.0990195135927845 1.001692472026838 
24 29 9 6 6 10 4.0 5.0990195135927845 0.9856170252969699 
24 28 9 6 6 7 4.47213595499958 5.830951894845301 0.9555972587388435 
24 27 9 7 6 6 4.0 5.830951894845301 0.9445767988339708 
24 26 9 7 6 5 4.47213595499958 4.0 0.9394878469226877 
24 25 9 7 6 5 4.0 3.1622776601683795 0.9049380278831424 
24 24 9 8 6 3 4.47213595499958 3.1622776601683795 0.8749182613250159 
24 23 9 9 6 2 4.0 3.1622776601683795 0.8703458437940385 
24 22 9 9 6 2 4.47213595499958 2.8284271247461903 0.8601078383925278 
24 21 9 9 6 1 4.0 1.4142135623730951 -1 
