140 140 0 0 14 14 16.0 16.0 1.2643939781679612 
139 139 0 0 19 19 16.0 13.038404810405298 1.2926656336865983 
135 137 0 0 22 23 13.038404810405298 15.033296378372908 1.288436861159732 
131 135 0 0 25 20 14.142135623730951 14.0 1.2879942586440287 
129 133 0 0 28 19 16.0 14.0 1.2900092679720645 
125 129 0 0 29 20 16.0 14.0 1.325989507401565 
125 128 0 0 37 26 16.0 14.0 1.3281137741253477 
117 126 0 0 32 25 15.033296378372908 15.033296378372908 1.3252616483625983 
111 124 0 0 30 23 14.0 15.033296378372908 1.3780303959816362 
110 123 0 0 39 32 14.0 15.033296378372908 1.3446995184202493 
106 119 0 0 39 25 14.0 14.142135623730951 1.349285779824826 
105 118 0 0 46 23 13.038404810405298 14.142135623730951 1.3572922656492166 
104 116 0 0 51 24 13.038404810405298 13.341664064126334 1.3212719303140854 
100 108 0 1 51 25 13.038404810405298 13.341664064126334 1.3271647015660284 
98 107 0 1 51 26 12.165525060596439 13.341664064126334 1.3351058170444248 
88 106 1 1 43 25 12.0 13.341664064126334 1.332079265856854 
82 105 2 1 35 24 12.0 13.341664064126334 1.340900622308458 
81 103 2 1 42 24 12.0 13.341664064126334 1.3822858462703653 
75 102 2 1 38 33 11.40175425099138 13.341664064126334 1.3877837747713222 
74 101 2 1 33 37 11.40175425099138 13.341664064126334 1.3014682304459795 
76 95 2 1 32 23 11.40175425099138 13.341664064126334 1.3132713168107941 
74 94 2 1 33 25 11.045361017187261 13.341664064126334 1.2993310227543433 
74 92 2 1 38 21 11.045361017187261 13.341664064126334 1.316535186469338 
68 91 2 1 34 24 10.0 13.341664064126334 1.304700233059073 
68 89 2 1 38 21 10.0 13.341664064126334 1.2634435563302646 
64 88 2 2 26 20 10.295630140987 13.341664064126334 1.2661503849449556 
63 87 2 2 30 19 10.295630140987 13.341664064126334 1.2632952735674052 
57 86 3 2 20 19 10.295630140987 13.341664064126334 1.299446952806926 
57 85 3 2 26 26 10.295630140987 13.341664064126334 1.3104037041963403 
56 84 3 2 28 28 10.295630140987 13.341664064126334 1.3161902953373878 
54 83 3 2 28 29 10.295630140987 13.341664064126334 1.2827083344986796 
53 82 3 2 32 19 8.94427190999916 13.341664064126334 1.2873024853419146 
45 81 4 2 23 19 8.602325267042627 13.341664064126334 1.2857776296934835 
43 77 4 2 25 20 8.602325267042627 13.341664064126334 1.3069182046937877 
42 76 4 2 26 25 8.602325267042627 13.341664064126334 1.3062740699644932 
36 75 5 2 17 25 6.324555320336759 13.341664064126334 1.274058625016486 
30 71 6 2 8 20 5.656854249492381 13.341664064126334 1.2811481647511576 
29 70 6 2 10 21 4.242640687119285 13.341664064126334 1.2717064840862446 
28 69 6 2 10 19 4.242640687119285 13.038404810405298 1.275731204218735 
26 68 6 2 9 20 2.8284271247461903 13.038404810405298 1.2434547219868073 
25 67 7 3 6 18 2.8284271247461903 13.038404810405298 1.2423864027670022 
24 66 8 3 4 18 2.8284271247461903 13.038404810405298 1.2417558281225778 
22 65 9 3 1 18 5.830951894845301 13.038404810405298 1.2282474484718016 
22 63 9 3 2 16 5.0990195135927845 13.038404810405298 1.2204817908355132 
22 62 9 3 2 15 5.0990195135927845 13.038404810405298 1.2167553746815765 
22 61 9 3 2 15 5.0990195135927845 13.038404810405298 1.2130289585276397 
22 60 9 3 2 15 5.0990195135927845 13.038404810405298 1.209302542373703 
22 59 9 3 2 15 5.0990195135927845 13.038404810405298 1.2015368847374144 
22 58 9 3 2 14 5.0990195135927845 13.038404810405298 1.1924917444133436 
22 57 9 3 2 13 5.0990195135927845 12.0 1.1887653282594068 
22 56 9 3 2 13 5.0990195135927845 12.0 1.18503891210547 
22 55 9 3 2 13 5.0990195135927845 12.0 1.185351737433885 
22 54 9 3 2 14 5.0990195135927845 12.0 1.1768489442689227 
22 53 9 3 2 13 5.0990195135927845 11.40175425099138 1.1478875074213806 
22 52 9 4 2 12 5.0990195135927845 11.40175425099138 1.140121849785092 
22 51 9 4 2 11 5.0990195135927845 11.40175425099138 1.1323561921488037 
22 50 9 4 2 10 5.0990195135927845 11.40175425099138 1.1286297759948667 
22 49 9 4 2 10 5.0990195135927845 11.40175425099138 1.1077468221120284 
22 48 9 5 2 11 5.0990195135927845 11.40175425099138 1.0919026815110364 
22 47 9 5 2 8 5.0990195135927845 11.40175425099138 1.0881762653570997 
22 46 9 5 2 8 5.0990195135927845 11.40175425099138 1.084449849203163 
22 45 9 5 2 8 5.0990195135927845 11.40175425099138 1.0766841915668746 
22 44 9 5 2 7 5.0990195135927845 11.40175425099138 1.0729577754129378 
22 43 9 5 2 7 5.0990195135927845 11.40175425099138 1.0443091638938105 
22 41 9 6 2 7 5.0990195135927845 11.40175425099138 1.035765488972519 
22 40 9 6 2 6 5.0990195135927845 10.770329614269007 1.0314541662851404 
22 39 9 6 2 6 5.0990195135927845 10.295630140987 1.0079309280614845 
24 38 9 7 6 6 4.0 9.486832980505138 1.0001078381751405 
24 37 9 7 6 5 4.47213595499958 9.486832980505138 0.9706722200494239 
24 36 9 8 6 4 4.0 9.055385138137417 0.9658913385333713 
24 35 9 8 6 4 4.47213595499958 8.246211251235321 0.9577191367074596 
24 33 9 8 6 4 4.0 7.615773105863909 0.9534366687245636 
24 32 9 8 6 4 4.47213595499958 7.211102550927978 0.9497676848206825 
24 31 9 8 6 4 4.0 7.211102550927978 0.9405568514159086 
24 29 9 8 6 4 4.47213595499958 5.830951894845301 0.9368878675120276 
24 28 9 8 6 4 4.0 5.830951894845301 0.9331040191080351 
24 27 9 8 6 4 4.47213595499958 5.830951894845301 0.9253957937218024 
24 26 9 8 6 3 4.0 5.830951894845301 0.8963769246242046 
24 25 9 9 6 2 4.47213595499958 5.830951894845301 0.8910336596947609 
24 24 9 9 6 2 4.0 4.47213595499958 0.8856358540027334 
24 23 9 9 6 2 4.47213595499958 3.1622776601683795 0.881555512239086 
24 22 9 9 6 2 4.0 2.8284271247461903 0.8701045387301564 
24 21 9 9 6 0 4.47213595499958 3.1622776601683795 0.8720473147457481 
24 21 9 9 6 1 4.0 1.4142135623730951 -1 
