140 140 0 0 14 14 16.0 16.0 1.199063499415806 
139 139 0 0 19 18 16.0 13.038404810405298 1.2321296938545208 
135 138 0 0 22 22 13.341664064126334 15.033296378372908 1.2423781830397065 
131 136 0 0 25 22 13.341664064126334 15.033296378372908 1.2363257927643645 
127 134 0 0 25 19 13.341664064126334 16.0 1.2583439057027896 
123 133 0 0 28 21 13.341664064126334 16.0 1.2804464766740877 
123 132 0 0 38 23 13.341664064126334 16.0 1.2831807301679605 
117 131 0 0 38 20 12.165525060596439 16.0 1.369888917267448 
116 130 0 0 46 38 12.165525060596439 16.0 1.3166988793678727 
106 128 1 0 35 23 12.165525060596439 16.0 1.3413690796328184 
98 126 1 0 30 27 12.165525060596439 16.0 1.3427731653602322 
99 125 1 0 37 26 13.038404810405298 16.0 1.3850402163852005 
91 124 1 0 33 33 13.038404810405298 16.0 1.3997108996460312 
90 122 1 0 39 35 12.0 16.0 1.364225288286069 
80 121 2 0 29 23 11.40175425099138 16.0 1.369014842645294 
78 120 2 0 28 24 11.40175425099138 16.0 1.3753654428436086 
77 118 2 0 34 24 11.40175425099138 16.0 1.3678397897915122 
75 116 2 0 35 22 11.40175425099138 16.0 1.382784999891537 
75 114 2 0 43 24 11.40175425099138 16.0 1.3681082869379046 
67 113 2 0 32 20 10.770329614269007 16.0 1.396336417377603 
66 111 3 0 39 24 10.770329614269007 16.0 1.4266290512306963 
62 110 3 0 38 30 9.486832980505138 15.033296378372908 1.4439520065607767 
61 109 3 0 39 34 10.198039027185569 15.033296378372908 1.39379405035574 
59 108 3 0 39 21 8.94427190999916 15.033296378372908 1.4048614874938143 
55 107 4 0 32 24 8.94427190999916 14.0 1.4040723339280614 
54 105 4 0 34 24 9.486832980505138 14.0 1.3978840949953883 
50 103 4 0 23 26 9.055385138137417 14.0 1.4193172854999512 
50 102 4 0 28 30 9.055385138137417 14.0 1.3835010941929797 
44 101 4 0 20 21 8.246211251235321 14.0 1.4053651285742974 
40 100 5 0 16 25 7.211102550927978 14.0 1.4108337132873496 
39 99 5 0 17 26 6.0 14.0 1.3859883923648175 
37 97 5 0 15 21 5.0990195135927845 14.0 1.38776331263265 
33 95 6 0 11 21 5.0990195135927845 14.0 1.385238764030747 
29 94 7 0 7 19 4.0 14.0 1.4075158706550086 
28 92 8 0 6 25 4.0 14.0 1.409223943585466 
27 88 8 0 8 28 4.47213595499958 12.0 1.3904705908459516 
23 87 9 0 4 22 3.1622776601683795 12.0 1.3759936167708113 
22 86 9 0 3 19 2.8284271247461903 12.0 1 
