140 140 0 0 14 14 16.0 16.0 1.0956571458853859 
138 139 0 0 17 17 16.0 14.142135623730951 1.0960279368206436 
134 138 0 0 16 16 12.649110640673518 16.0 1.103240332753114 
132 137 0 0 21 22 12.649110640673518 16.0 1.1030353715320613 
128 136 0 0 22 21 13.341664064126334 16.0 1.1037540544259037 
124 135 0 0 22 21 13.341664064126334 16.0 1.1068725519100757 
120 133 0 0 22 24 14.142135623730951 16.0 1.1034459168988866 
116 131 0 0 22 21 14.142135623730951 16.0 1.1040468834191564 
112 129 0 0 27 21 14.142135623730951 16.0 1.1167409362334428 
106 128 1 0 22 22 14.142135623730951 16.0 1.1367296563161724 
100 127 2 0 15 30 13.038404810405298 16.0 1.1324476042478746 
98 126 2 0 16 26 13.038404810405298 16.0 1.128814294403054 
96 124 2 0 16 24 13.038404810405298 15.033296378372908 1.1334281146534722 
94 123 2 0 18 28 15.033296378372908 15.033296378372908 1.1372385870903379 
92 119 2 0 18 34 15.033296378372908 15.033296378372908 1.1364320496194706 
91 118 2 0 23 33 15.033296378372908 15.033296378372908 1.136155486664121 
85 116 2 0 17 33 15.033296378372908 15.033296378372908 1.1452841146518058 
84 115 3 0 16 32 15.033296378372908 15.033296378372908 1.1343188079892892 
82 114 3 0 16 22 15.033296378372908 15.033296378372908 1.1342381944525632 
80 113 3 0 16 22 15.033296378372908 15.033296378372908 1.1395628246418863 
80 112 3 0 21 27 15.033296378372908 15.033296378372908 1.1361567547347997 
79 110 3 0 29 24 15.033296378372908 15.033296378372908 1.1487544894568824 
73 108 4 0 22 26 15.033296378372908 15.033296378372908 1.1423516193899668 
71 106 4 0 22 21 15.033296378372908 15.033296378372908 1.1492288826478443 
69 105 4 0 25 27 13.341664064126334 15.033296378372908 1.1599705306013912 
63 103 5 0 13 28 13.038404810405298 15.033296378372908 1.16764527634216 
59 102 6 0 9 25 12.0 15.033296378372908 1.1609576482635415 
58 101 6 0 11 19 13.038404810405298 15.033296378372908 1.1616979458028946 
54 100 6 0 7 20 13.038404810405298 14.142135623730951 1.166140846588686 
52 99 6 0 8 24 14.0 14.142135623730951 1.163545606978659 
50 98 6 0 6 22 12.165525060596439 14.142135623730951 1.17179136454487 
49 96 7 0 5 21 12.0 14.142135623730951 1.1725549712783632 
48 95 7 0 6 22 12.165525060596439 14.142135623730951 1.1713858884290582 
46 94 7 0 6 21 12.165525060596439 14.142135623730951 1.17237370981065 
44 93 7 0 6 22 11.045361017187261 14.142135623730951 1.1733628690617515 
42 92 7 0 6 23 10.0 14.142135623730951 1.1699999529309395 
40 91 7 0 6 20 9.055385138137417 14.142135623730951 1.1720818057563387 
38 90 7 0 6 22 8.246211251235321 14.142135623730951 1.1741668553120166 
36 89 7 0 6 24 7.615773105863909 14.142135623730951 1.1709660349293707 
34 88 7 0 7 21 7.211102550927978 14.142135623730951 1.1692003972067115 
30 87 7 0 5 19 7.0710678118654755 14.142135623730951 1.1687201354547014 
29 86 7 0 5 19 7.0710678118654755 14.142135623730951 1.1789372327549659 
28 85 8 0 4 19 7.0710678118654755 14.142135623730951 1.1777175628291607 
26 84 8 0 4 18 4.242640687119285 14.142135623730951 1.1806859748219227 
25 82 8 0 4 22 2.8284271247461903 14.142135623730951 1.1752945833786381 
24 80 8 0 4 19 2.8284271247461903 12.649110640673518 1.185088723527373 
22 79 9 0 3 19 2.8284271247461903 11.045361017187261 1 
