140 140 0 0 14 14 16.0 16.0 1.1075195861860174 
138 138 0 0 17 17 16.0 14.142135623730951 1.1227921611263438 
134 137 0 0 16 21 13.038404810405298 16.0 1.1339079640640501 
132 135 0 0 21 24 13.038404810405298 16.0 1.1419679945378873 
128 134 0 0 22 25 13.038404810405298 16.0 1.1472452515217706 
124 132 0 0 22 26 13.038404810405298 16.0 1.1570502516472312 
120 131 0 0 22 28 13.341664064126334 16.0 1.1642999283320028 
116 130 0 0 22 29 13.341664064126334 16.0 1.168734337509573 
112 129 0 0 28 27 13.341664064126334 16.0 1.1741409545087138 
106 128 1 0 15 27 13.038404810405298 16.0 1.183686590566225 
105 127 1 0 24 28 13.038404810405298 16.0 1.205839025827747 
95 126 1 0 15 34 14.0 15.033296378372908 1.2006391067827933 
94 125 2 0 15 29 15.033296378372908 15.033296378372908 1.2103128115536401 
93 124 2 0 21 31 15.033296378372908 15.033296378372908 1.207159898485921 
87 123 2 0 23 26 15.033296378372908 15.033296378372908 1.2042774690541977 
81 121 3 0 18 21 15.033296378372908 15.033296378372908 1.2220666933371473 
73 120 4 0 13 22 14.0 15.033296378372908 1.217324040127209 
72 119 4 0 17 19 14.0 15.033296378372908 1.2148313235352757 
68 118 5 0 11 15 14.0 15.033296378372908 1.2256395806339684 
66 117 5 0 10 19 12.165525060596439 15.033296378372908 1.2355834836096005 
65 116 5 0 10 23 11.045361017187261 15.033296378372908 1.2599669786775085 
63 115 5 0 10 32 11.661903789690601 15.033296378372908 1.2613260421291845 
61 114 5 0 10 32 11.661903789690601 15.033296378372908 1.2556900004149978 
59 113 5 0 14 28 11.661903789690601 15.033296378372908 1.2783324582999869 
57 112 5 0 15 36 11.661903789690601 15.033296378372908 1.2476513101051812 
51 111 6 0 8 20 11.661903789690601 15.033296378372908 1.239550527873108 
50 107 6 0 12 18 11.661903789690601 15.033296378372908 1.237630175451492 
46 106 6 0 7 17 11.661903789690601 15.033296378372908 1.229663257136422 
45 105 6 0 7 14 10.295630140987 15.033296378372908 1.2385753529923127 
43 104 6 0 10 16 10.0 15.033296378372908 1.248135767581632 
37 102 6 0 8 18 8.94427190999916 15.033296378372908 1.2659760325526765 
33 101 7 0 5 21 9.899494936611665 15.033296378372908 1.277566643867983 
31 100 7 0 5 25 10.295630140987 15.033296378372908 1.2678100202990905 
31 99 7 0 8 21 8.602325267042627 15.033296378372908 1.265941511780007 
27 98 7 0 3 20 4.47213595499958 15.033296378372908 1.2766881850653988 
26 96 8 0 3 22 5.0990195135927845 15.033296378372908 1.2678937629101343 
25 95 8 0 2 19 5.0990195135927845 15.033296378372908 1.261448622788912 
24 93 8 0 0 18 4.0 15.033296378372908 1.2569170730074923 
24 92 8 0 0 17 4.0 15.033296378372908 1.2600629134676653 
24 91 8 0 0 19 4.0 15.033296378372908 1.2625325574992399 
23 90 9 0 0 17 5.656854249492381 15.033296378372908 1.2605750088890322 
23 89 9 0 0 17 4.47213595499958 15.033296378372908 1.2586085156405609 
23 88 9 0 0 17 4.0 15.033296378372908 1.2643075597288476 
23 87 9 0 0 20 4.47213595499958 15.033296378372908 1.2526912565378951 
23 85 9 0 0 17 4.0 15.033296378372908 1.250712910384589 
23 84 9 0 0 17 4.47213595499958 15.033296378372908 1.2487464171361178 
23 83 9 0 0 17 4.0 15.033296378372908 1.2493272010633427 
23 82 9 0 0 18 4.47213595499958 15.033296378372908 1.2448015777343406 
23 81 9 0 0 17 4.0 15.033296378372908 1.2428232315810346 
23 80 9 0 0 17 4.47213595499958 15.033296378372908 1.2357384781715015 
23 79 9 0 0 15 4.0 15.033296378372908 1.2312010019376645 
23 78 9 0 0 14 4.47213595499958 15.033296378372908 1.2292345086891932 
23 77 9 0 0 14 4.0 15.033296378372908 1.232374422696949 
23 76 9 0 0 16 4.47213595499958 15.033296378372908 1.23552618960954 
23 75 9 0 0 18 4.0 15.033296378372908 1.233547843456234 
23 74 9 0 0 18 4.47213595499958 15.033296378372908 1.214506029543657 
23 73 9 1 0 18 4.0 15.033296378372908 1.2125276833903507 
23 72 9 1 0 18 4.47213595499958 15.033296378372908 1.2028837999002866 
23 71 9 1 0 15 4.0 15.033296378372908 1.1838301330828749 
23 70 9 2 0 15 4.47213595499958 15.033296378372908 1.167347449250829 
23 69 9 3 0 16 4.0 15.033296378372908 1.1653691030975228 
23 68 9 3 0 16 4.47213595499958 15.033296378372908 1.1608434797685208 
23 67 9 3 0 15 4.0 15.033296378372908 1.1563060035346837 
23 66 9 3 0 14 4.47213595499958 15.033296378372908 1.1568986403667434 
23 65 9 3 0 15 4.0 15.033296378372908 1.1529478745125488 
23 63 9 3 0 15 4.47213595499958 15.033296378372908 1.1535405113446087 
23 62 9 3 0 16 4.0 15.033296378372908 1.1515621651913026 
23 61 9 3 0 16 4.47213595499958 15.033296378372908 1.1279888014973058 
23 59 9 4 0 15 4.0 15.033296378372908 1.1260104553439998 
23 58 9 4 0 15 4.47213595499958 15.033296378372908 1.1189257019344667 
23 57 9 4 0 13 4.0 15.033296378372908 1.1246247460227536 
23 56 9 4 0 16 4.47213595499958 15.033296378372908 1.1252173828548135 
23 55 9 4 0 17 4.0 15.033296378372908 1.120057721912264 
23 54 9 4 0 16 4.47213595499958 14.0 1.118091228663793 
23 53 9 4 0 16 4.0 14.0 1.105876362188363 
23 52 9 4 0 12 4.47213595499958 14.0 1.1141463892620158 
23 51 9 4 0 16 4.0 14.0 1.1096089130281788 
23 50 9 4 0 15 4.47213595499958 14.0 1.1025241596186455 
23 49 9 4 0 13 4.0 14.0 1.0979866833848084 
23 48 9 4 0 12 4.47213595499958 14.0 1.0914886403549178 
23 46 9 4 0 11 4.0 14.0 1.0838130231822332 
23 45 9 4 0 9 4.47213595499958 13.038404810405298 1.081846529933762 
23 44 9 4 0 9 4.0 13.038404810405298 1.079868183780456 
23 43 9 4 0 9 4.47213595499958 13.038404810405298 1.0562948200864595 
23 41 9 5 0 8 4.0 13.038404810405298 1.0346820231885165 
23 40 9 6 0 7 4.47213595499958 13.038404810405298 1.0130810791954088 
23 39 9 7 0 6 4.0 13.038404810405298 1.0085436029615718 
23 38 9 7 0 5 4.47213595499958 13.038404810405298 0.9792267184281539 
23 36 9 8 0 2 4.0 12.0 0.9772483722748478 
23 35 9 8 0 2 4.47213595499958 12.0 0.9752818790263768 
23 34 9 8 0 2 4.0 12.0 0.9707444027925397 
23 33 9 8 0 1 4.47213595499958 12.0 0.9491434587994318 
23 32 9 9 0 0 4.0 12.0 0.922119406905788 
23 21 9 9 0 0 4.47213595499958 3.1622776601683795 0.9530247588036069 
21 22 9 8 1 3 1.4142135623730951 3.1622776601683795 1 
