140 140 0 0 14 14 16.0 16.0 1.0265392055596954 
138 138 0 0 17 17 16.0 14.142135623730951 1.033002082719225 
134 137 0 0 16 18 13.038404810405298 16.0 1.031784940475282 
132 136 0 0 16 16 13.038404810405298 16.0 1.0359443110292077 
130 135 0 0 16 19 13.038404810405298 16.0 1.0358024713448386 
128 134 0 0 16 18 13.038404810405298 16.0 1.0402639422452176 
126 133 0 0 14 21 14.0 16.0 1.0395364729068102 
124 132 0 0 16 20 14.0 16.0 1.03968744804946 
122 131 0 0 15 19 14.0 16.0 1.0403280960976455 
120 130 0 0 16 19 14.0 16.0 1.0431193492649784 
118 129 0 0 17 21 14.0 16.0 1.0469859049918853 
116 128 0 0 18 24 14.0 16.0 1.0457687627479422 
114 127 0 0 18 22 14.0 16.0 1.0445516205039993 
112 126 0 0 18 20 14.0 16.0 1.0449954104736685 
110 125 0 0 16 19 14.0 16.0 1.0445607559622803 
108 124 0 0 17 18 14.0 16.0 1.0529820317417227 
102 123 0 0 16 21 14.0 16.0 1.0509824017652252 
100 122 0 0 15 18 14.0 16.0 1.055141772319151 
98 121 0 0 15 21 14.0 16.0 1.05685772292691 
96 120 0 0 16 22 14.0 16.0 1.05700869806956 
94 119 0 0 15 21 14.0 16.0 1.0591004934642878 
93 118 0 0 15 23 14.0 16.0 1.0564375388708203 
91 116 0 0 15 21 13.038404810405298 15.033296378372908 1.0584463043055985 
89 115 0 0 15 22 13.038404810405298 15.033296378372908 1.0576183688827967 
88 114 0 0 15 21 12.0 15.033296378372908 1.054626466306675 
87 113 0 0 14 18 12.0 15.033296378372908 1.077400319220021 
83 112 1 0 13 26 12.0 14.142135623730951 1.0783337820952257 
81 111 1 0 13 26 12.0 14.142135623730951 1.0805865567823625 
79 110 1 0 12 27 12.165525060596439 14.142135623730951 1.076849635469887 
78 109 1 0 11 23 11.045361017187261 14.142135623730951 1.076707795785518 
76 108 1 0 11 22 11.045361017187261 14.142135623730951 1.0769418008881173 
75 107 1 0 10 22 11.045361017187261 14.142135623730951 1.0736813037205057 
74 105 1 0 10 20 11.045361017187261 14.142135623730951 1.0849155455934067 
73 104 2 0 11 20 11.045361017187261 14.142135623730951 1.0985932074124742 
72 103 3 0 11 22 11.045361017187261 14.142135623730951 1.102647494322158 
70 102 3 0 11 25 11.40175425099138 14.142135623730951 1.099655591746036 
69 101 3 0 10 22 11.40175425099138 14.142135623730951 1.0991692134355255 
68 100 3 0 9 21 10.198039027185569 14.142135623730951 1.102380036336998 
64 99 3 0 8 21 10.198039027185569 14.142135623730951 1.1043888017717765 
62 98 3 0 8 22 10.198039027185569 14.142135623730951 1.1032546894877828 
61 97 3 0 8 21 10.198039027185569 14.142135623730951 1.1041962396396194 
59 96 3 0 9 22 10.198039027185569 13.038404810405298 1.1189929289654317 
55 95 4 0 8 22 10.198039027185569 13.038404810405298 1.1179271371135227 
54 93 4 0 9 22 9.055385138137417 13.038404810405298 1.1185861538978863 
52 92 4 0 11 22 8.0 13.038404810405298 1.1196961496289393 
48 90 4 0 8 21 9.899494936611665 13.038404810405298 1.1266303108966416 
47 89 4 0 9 27 7.0710678118654755 13.038404810405298 1.1214196130328447 
45 88 4 0 5 21 10.0 13.038404810405298 1.124198610912046 
41 87 4 0 7 21 8.48528137423857 13.038404810405298 1.12371293853144 
37 86 5 1 6 19 7.211102550927978 13.038404810405298 1.1341646926717863 
36 85 6 1 6 18 7.211102550927978 13.038404810405298 1.136238968016828 
34 83 6 1 6 20 7.0710678118654755 13.038404810405298 1.1311691210281476 
33 79 6 1 5 18 7.0710678118654755 13.038404810405298 1.1172270143733734 
31 78 6 2 6 17 7.0710678118654755 13.038404810405298 1.1295097579033986 
30 77 7 2 5 18 7.0710678118654755 12.165525060596439 1.1282809736272246 
29 75 7 2 5 18 5.656854249492381 11.40175425099138 1.1267379116894682 
28 73 7 2 4 17 4.47213595499958 11.40175425099138 1.1256707815752225 
27 71 7 2 3 17 4.47213595499958 11.045361017187261 1.1255041356068427 
26 70 7 2 2 17 5.830951894845301 11.045361017187261 1.1251525110554037 
25 69 7 2 3 17 5.830951894845301 11.045361017187261 1.135897080022769 
24 68 8 2 2 16 5.830951894845301 11.045361017187261 1.1362389213693285 
23 67 8 2 2 16 4.47213595499958 11.045361017187261 1.1368591422302705 
22 66 8 2 1 16 3.1622776601683795 11.045361017187261 1.1470092124960969 
21 65 9 2 0 15 3.1622776601683795 10.198039027185569 1.146180737435977 
21 64 9 2 1 15 1.4142135623730951 10.198039027185569 1 
