140 140 0 0 14 14 16.0 16.0 1.3356063038333323 
139 138 0 0 19 17 16.0 13.038404810405298 1.3813111642990996 
135 137 0 0 22 22 14.0 15.033296378372908 1.3816734979671639 
131 135 0 0 25 20 14.0 15.033296378372908 1.38293729214603 
127 134 0 0 25 18 14.0 16.0 1.3967697437416653 
123 133 0 0 28 18 14.0 15.033296378372908 1.4167761013128493 
123 131 0 0 38 20 15.033296378372908 15.033296378372908 1.428965617982674 
117 129 0 0 38 20 14.0 15.033296378372908 1.4397042934705215 
113 128 0 0 36 21 14.0 15.033296378372908 1.478361210587763 
107 126 0 0 34 27 14.0 15.033296378372908 1.4932247005292756 
101 125 1 0 33 27 14.0 14.142135623730951 1.5102396506865317 
95 124 1 0 33 27 14.0 14.142135623730951 1.5202621997289416 
94 123 1 0 36 28 13.038404810405298 14.142135623730951 1.5187846759758106 
90 122 1 0 38 25 12.165525060596439 14.142135623730951 1.5150105750287721 
88 121 1 0 35 25 12.165525060596439 14.142135623730951 1.5187770984820113 
87 119 1 0 35 27 12.165525060596439 14.142135623730951 1.5531927504523646 
81 118 1 0 36 30 12.165525060596439 14.142135623730951 1.586032605716119 
77 117 2 0 34 35 12.165525060596439 14.142135623730951 1.6020912615172753 
73 116 2 0 32 37 11.40175425099138 14.142135623730951 1.6503134389281744 
69 115 3 0 30 45 11.40175425099138 14.142135623730951 1.5754534175184958 
68 113 3 0 29 32 10.198039027185569 14.142135623730951 1.5701032082486084 
62 112 3 0 23 30 10.198039027185569 14.142135623730951 1.5325952786876602 
56 108 4 0 18 24 10.198039027185569 14.142135623730951 1.6099598460118774 
55 107 4 0 24 37 10.198039027185569 14.142135623730951 1.6100595212950752 
53 106 4 0 28 35 10.198039027185569 14.142135623730951 1.5920090881749003 
47 105 5 0 20 31 10.198039027185569 14.142135623730951 1.615932093185704 
45 103 5 0 18 37 10.198039027185569 14.142135623730951 1.6168776081269565 
44 101 5 0 19 38 9.055385138137417 14.142135623730951 1.599249563672386 
36 99 6 0 6 36 8.602325267042627 13.038404810405298 1.5457307358833006 
35 98 6 0 8 25 7.615773105863909 13.038404810405298 1.5882209236935116 
29 97 7 0 2 32 7.211102550927978 13.038404810405298 1.557329460994338 
28 96 7 0 5 25 5.830951894845301 13.038404810405298 1.5380993564525447 
27 95 8 0 3 22 5.830951894845301 13.038404810405298 1.5869213017366053 
27 94 8 0 7 31 7.0710678118654755 13.038404810405298 1.5487551217692352 
23 93 8 0 1 24 6.324555320336759 13.038404810405298 1.5229916240017813 
23 91 8 0 3 20 2.8284271247461903 13.038404810405298 1.515319394386856 
22 89 9 0 2 20 5.830951894845301 13.038404810405298 1.5052905490913278 
22 88 9 0 2 19 5.0990195135927845 13.038404810405298 1.5002046310889277 
22 87 9 0 2 19 5.0990195135927845 13.038404810405298 1.4899912723708126 
22 86 9 0 2 18 5.0990195135927845 13.038404810405298 1.4797779136526976 
22 85 9 0 2 17 5.0990195135927845 13.038404810405298 1.4746919956502975 
22 84 9 0 2 17 5.0990195135927845 13.038404810405298 1.4696060776478974 
22 83 9 0 2 17 5.0990195135927845 13.038404810405298 1.4881479317588566 
22 82 9 0 2 22 5.0990195135927845 12.0 1 
