140 140 0 0 14 14 16.0 16.0 1.1725116063994407 
139 138 0 0 19 17 16.0 13.038404810405298 1.1992465746977965 
135 137 0 0 22 20 14.0 15.033296378372908 1.215927195924957 
131 135 0 0 25 22 14.0 15.033296378372908 1.2104806245490138 
127 134 0 0 25 18 13.038404810405298 16.0 1.2416815906261356 
123 133 0 0 28 23 14.0 16.0 1.2566811992989624 
123 132 0 0 38 24 14.0 16.0 1.273303821909043 
117 131 0 0 38 25 13.038404810405298 15.033296378372908 1.2896693005262159 
113 130 0 0 36 28 14.0 15.033296378372908 1.3457821960348726 
107 129 0 0 34 40 14.0 15.033296378372908 1.3252518970888294 
105 128 0 0 44 30 14.0 15.033296378372908 1.327570308776675 
101 127 0 0 40 30 14.0 15.033296378372908 1.2841452516566274 
95 126 1 0 31 17 14.0 15.033296378372908 1.3101303010385073 
95 124 1 0 38 23 14.0 15.033296378372908 1.3486160194787353 
93 123 1 0 37 33 14.0 15.033296378372908 1.3583783348524205 
87 122 1 0 29 35 14.0 15.033296378372908 1.3792582613494437 
81 121 2 0 28 36 14.0 15.033296378372908 1.4144696539175645 
80 120 2 0 37 42 14.0 15.033296378372908 1.3979578093099412 
74 114 3 0 27 41 12.0 15.033296378372908 1.405024023536664 
72 113 3 0 31 41 12.165525060596439 14.142135623730951 1.3767719235662863 
71 107 3 0 35 37 13.038404810405298 13.038404810405298 1.3702162234513102 
70 106 3 0 36 35 13.038404810405298 13.038404810405298 1.3763977508606549 
64 105 4 0 30 34 12.165525060596439 13.038404810405298 1.3463738975772648 
60 104 4 0 27 25 12.165525060596439 13.038404810405298 1.3830375303676643 
52 103 5 0 20 31 12.165525060596439 13.038404810405298 1.3495319745703451 
46 97 6 0 14 24 12.165525060596439 13.038404810405298 1.3699422429912596 
46 96 6 0 20 28 12.165525060596439 13.038404810405298 1.3647689624231314 
38 95 7 0 10 24 11.40175425099138 13.038404810405298 1.3770940052119252 
37 94 7 0 11 27 10.770329614269007 13.038404810405298 1.3770426953939996 
33 93 7 0 10 25 6.0 13.038404810405298 1.3704526319662809 
31 92 7 0 9 23 6.0 13.038404810405298 1.3995951380228409 
31 91 7 0 13 30 6.0 13.341664064126334 1.396051525695267 
25 90 8 0 3 28 5.830951894845301 13.341664064126334 1.3559824062661199 
23 86 9 0 2 19 6.324555320336759 12.165525060596439 1.3772272688688418 
22 85 9 0 1 25 2.0 12.165525060596439 1.3580300513671095 
21 84 9 0 1 20 1.4142135623730951 12.165525060596439 1 
