140 140 0 0 14 14 16.0 16.0 1.088471982712575 
138 138 0 0 17 17 16.0 14.142135623730951 1.0946800384709805 
134 137 0 0 16 18 13.038404810405298 16.0 1.0998710665555431 
132 133 0 0 21 21 13.038404810405298 16.0 1.1101642498879423 
128 132 0 0 22 24 13.038404810405298 16.0 1.1238564082335472 
124 131 0 0 22 29 14.142135623730951 16.0 1.1199913480024444 
120 127 0 0 25 27 14.142135623730951 15.033296378372908 1.1312285881357833 
114 126 1 0 18 27 15.033296378372908 15.033296378372908 1.13403778702353 
113 124 1 0 26 27 15.033296378372908 15.033296378372908 1.1356556555363062 
112 120 1 0 34 28 15.033296378372908 15.033296378372908 1.1253004015127177 
102 118 1 0 23 21 15.033296378372908 15.033296378372908 1.1360062699100595 
100 117 2 0 25 21 15.033296378372908 14.142135623730951 1.1408621973565514 
94 116 2 0 19 22 15.033296378372908 14.142135623730951 1.1559864818546317 
90 115 2 0 18 28 15.033296378372908 14.142135623730951 1.1656271158805966 
88 114 2 0 19 32 15.033296378372908 14.142135623730951 1.1711469819224058 
84 113 3 0 17 29 15.033296378372908 14.142135623730951 1.1682040409188903 
82 112 3 0 17 27 15.033296378372908 14.142135623730951 1.1676875905885167 
81 111 3 0 20 26 15.033296378372908 14.142135623730951 1.177754831872647 
80 110 3 0 24 30 15.033296378372908 14.142135623730951 1.1879051338702402 
72 109 4 0 14 29 15.033296378372908 14.142135623730951 1.1862355976899008 
71 108 4 0 15 28 14.0 14.142135623730951 1.177113008421836 
69 106 4 0 14 24 14.0 14.142135623730951 1.1761699508332963 
67 105 4 0 14 23 14.0 14.142135623730951 1.1852263103196379 
65 104 4 0 14 27 14.0 14.142135623730951 1.1868674106856982 
63 103 4 0 15 27 14.0 14.142135623730951 1.1873399619725113 
61 102 4 0 14 27 14.0 14.142135623730951 1.1960493782563806 
60 101 5 0 14 27 14.0 14.142135623730951 1.1955788719546543 
56 99 5 0 13 26 14.0 14.142135623730951 1.1939082627695654 
55 98 5 0 14 25 13.038404810405298 14.142135623730951 1.1962230301898968 
54 97 5 0 15 26 13.038404810405298 14.142135623730951 1.2113691948685794 
52 96 5 0 22 31 13.038404810405298 14.142135623730951 1.2024409390092263 
46 94 6 0 14 22 13.038404810405298 14.142135623730951 1.1991393376154755 
46 92 6 0 18 21 13.038404810405298 13.341664064126334 1.2085110316647332 
42 91 6 0 14 25 13.038404810405298 13.341664064126334 1.2141809629545681 
41 90 6 0 15 28 12.165525060596439 12.165525060596439 1.2198796140256718 
39 89 7 0 11 27 12.165525060596439 12.165525060596439 1.21552932925462 
38 88 7 0 11 25 11.40175425099138 12.0 1.2224648041717816 
34 87 8 0 8 23 11.40175425099138 12.0 1.2187979348860736 
33 86 8 0 9 21 10.198039027185569 12.0 1.2277071898983043 
31 84 8 0 8 26 8.0 12.0 1.220826958186982 
31 80 8 0 14 24 8.246211251235321 12.0 1.2024262504297174 
29 79 8 1 8 24 6.0 12.0 1.1927552004886834 
28 78 8 1 9 19 5.0990195135927845 12.0 1.1906725770671036 
26 77 8 1 7 18 3.1622776601683795 12.0 1.1868076962228855 
25 75 8 1 7 17 3.1622776601683795 12.0 1.1905064638790133 
23 74 9 1 3 15 3.1622776601683795 12.0 1.1896701922329165 
22 73 9 1 2 15 2.0 12.0 1.1928250602540917 
21 72 9 1 1 17 1.4142135623730951 12.0 1 
