140 140 0 0 14 14 16.0 16.0 1.1305514108506853 
138 139 0 0 17 17 16.0 14.142135623730951 1.1389227323003455 
134 138 0 0 16 19 12.165525060596439 16.0 1.1455188136921475 
132 136 0 0 21 21 12.165525060596439 16.0 1.145074856019917 
128 134 0 0 22 20 13.341664064126334 15.033296378372908 1.1529923977164018 
124 133 0 0 22 22 15.033296378372908 15.033296378372908 1.165238996854449 
120 132 0 0 22 26 15.033296378372908 15.033296378372908 1.1753108387076614 
116 131 0 0 22 29 15.033296378372908 15.033296378372908 1.1746050310667875 
112 129 0 0 25 27 15.033296378372908 15.033296378372908 1.1797276116747928 
106 128 1 0 20 24 15.033296378372908 15.033296378372908 1.179963989180703 
102 127 2 0 15 20 15.033296378372908 15.033296378372908 1.1839314591513075 
100 125 2 0 16 22 15.033296378372908 15.033296378372908 1.1797987712806177 
98 121 2 0 17 22 15.033296378372908 15.033296378372908 1.1744100592565845 
96 119 2 0 17 20 15.033296378372908 15.033296378372908 1.179595698007702 
94 118 2 0 17 22 15.033296378372908 15.033296378372908 1.176082307619481 
92 117 2 0 17 20 15.033296378372908 15.033296378372908 1.1868489322548037 
92 116 2 0 23 24 15.033296378372908 15.033296378372908 1.1913530907578342 
88 114 2 0 24 25 15.033296378372908 15.033296378372908 1.202666553406853 
84 113 3 0 16 27 15.033296378372908 15.033296378372908 1.1899759523501434 
80 111 3 0 14 21 15.033296378372908 15.033296378372908 1.2046542264005018 
79 110 4 0 14 24 15.033296378372908 15.033296378372908 1.220472722930045 
73 109 4 0 12 29 15.033296378372908 15.033296378372908 1.220884284490883 
72 107 5 0 13 26 15.033296378372908 15.033296378372908 1.2198450870365187 
70 105 5 0 13 26 15.033296378372908 15.033296378372908 1.2169888495035976 
68 104 5 0 14 24 15.033296378372908 15.033296378372908 1.2006849338573606 
67 102 5 0 16 17 15.033296378372908 15.033296378372908 1.2201499067568653 
61 101 6 0 13 20 13.341664064126334 15.033296378372908 1.2239007754745106 
57 100 6 0 10 21 13.341664064126334 15.033296378372908 1.2246164353330857 
53 99 6 0 9 20 13.341664064126334 15.033296378372908 1.233453018600541 
52 98 6 0 10 24 13.341664064126334 15.033296378372908 1.2329079916570573 
51 97 7 0 10 20 13.341664064126334 15.033296378372908 1.2302136356450408 
50 96 7 0 10 19 13.341664064126334 15.033296378372908 1.2304706008947075 
48 95 7 0 10 19 12.165525060596439 14.142135623730951 1.2156608403582647 
46 94 7 1 11 19 12.0 14.142135623730951 1.2143106626823361 
44 93 7 1 11 18 11.045361017187261 14.142135623730951 1.2134156369410287 
42 92 7 1 15 16 10.198039027185569 14.142135623730951 1.2122250670974555 
41 91 7 1 14 16 9.055385138137417 14.142135623730951 1.2273826235004779 
40 90 7 1 18 22 9.055385138137417 14.142135623730951 1.2232851292086744 
36 89 7 1 13 20 8.246211251235321 14.142135623730951 1.219825365173109 
32 88 7 1 9 18 5.830951894845301 14.142135623730951 1.2217799593797836 
31 86 7 1 9 20 5.830951894845301 14.142135623730951 1.2212796359128402 
29 85 7 1 7 20 4.0 14.142135623730951 1.2338245698763954 
27 84 8 1 5 22 4.0 14.142135623730951 1.2383015078897066 
26 83 8 1 6 24 3.1622776601683795 14.142135623730951 1.2328075143598238 
25 82 8 1 5 22 5.830951894845301 14.142135623730951 1.2362957019777632 
23 80 9 1 2 21 5.830951894845301 14.142135623730951 1.2257606630153286 
22 79 9 1 0 17 5.656854249492381 14.142135623730951 1.2303952862826386 
22 78 9 1 0 20 4.47213595499958 14.142135623730951 1.22448421267756 
22 76 9 1 0 19 5.656854249492381 14.142135623730951 1.2247693213752013 
22 75 9 1 0 20 4.47213595499958 14.142135623730951 1.2207335694059351 
22 74 9 1 0 19 5.656854249492381 14.142135623730951 1.2177853871587239 
22 72 9 1 0 20 4.47213595499958 12.0 1.2138885280541352 
21 70 9 1 1 19 1.4142135623730951 12.083045973594572 1 
