140 140 0 0 14 14 16.0 16.0 1.3617463296412466 
139 139 0 0 19 17 16.0 13.038404810405298 1.3801684309413265 
135 138 0 0 22 17 13.341664064126334 15.033296378372908 1.4187859059461028 
131 137 0 0 25 22 14.142135623730951 15.033296378372908 1.4439653560790386 
127 136 0 0 25 25 13.341664064126334 16.0 1.4482110575503122 
123 134 0 0 28 24 13.341664064126334 16.0 1.4672686486785693 
123 132 0 0 38 26 13.341664064126334 16.0 1.4777330204749484 
117 131 0 0 38 25 12.165525060596439 16.0 1.487030328486037 
113 129 0 0 36 27 13.038404810405298 16.0 1.463719495739616 
107 127 0 0 34 21 13.038404810405298 16.0 1.479614735447881 
106 125 0 0 38 24 13.038404810405298 16.0 1.4943585915597357 
100 124 0 0 43 22 13.038404810405298 16.0 1.5135989129163312 
98 123 0 0 47 24 13.038404810405298 16.0 1.5408090490459423 
88 122 1 0 40 26 13.038404810405298 16.0 1.556066919698238 
84 121 1 0 41 27 13.038404810405298 16.0 1.5617724822415284 
80 117 1 0 37 31 13.038404810405298 16.0 1.5811780273187421 
72 116 2 0 32 32 13.038404810405298 16.0 1.6001122639314709 
71 115 2 0 35 35 13.038404810405298 16.0 1.6039285261433494 
67 114 2 0 30 36 13.038404810405298 16.0 1.5703193255858998 
66 113 3 0 25 31 13.038404810405298 16.0 1.5744275235374674 
65 111 3 0 28 32 13.038404810405298 16.0 1.594945103638678 
61 109 4 0 28 35 13.038404810405298 16.0 1.5888729879659698 
61 108 4 0 30 34 13.038404810405298 16.0 1.604633244787205 
55 107 5 0 24 36 13.038404810405298 16.0 1.5486859280633298 
54 106 5 0 24 25 13.038404810405298 16.0 1.5273627599428068 
52 105 5 0 18 23 13.038404810405298 15.033296378372908 1.5334623443494289 
48 104 6 0 14 24 14.0 14.142135623730951 1.5276963134205876 
47 103 6 0 17 22 14.0 14.142135623730951 1.5134340102929176 
46 102 6 0 18 19 13.038404810405298 14.142135623730951 1.51866839227266 
45 100 6 0 19 21 13.038404810405298 14.142135623730951 1.5173398953775046 
44 99 6 0 19 21 12.0 14.142135623730951 1.5209231295537062 
43 97 6 0 19 23 11.045361017187261 14.142135623730951 1.5146564430033316 
42 96 6 0 19 22 10.0 14.142135623730951 1.5046018766263236 
40 95 6 0 18 20 10.0 14.142135623730951 1.5230025854543414 
39 93 6 0 18 25 9.055385138137417 14.142135623730951 1.529306377245685 
38 92 6 0 22 25 8.0 14.142135623730951 1.5177706272526374 
34 91 6 0 14 24 7.0710678118654755 14.142135623730951 1.5377353077406435 
32 90 6 0 13 28 5.656854249492381 14.142135623730951 1.5235408879001693 
31 89 7 0 13 25 5.656854249492381 14.142135623730951 1.5149299401718095 
29 88 7 0 10 24 4.47213595499958 14.142135623730951 1.5065968502410514 
28 86 7 0 9 24 4.0 14.142135623730951 1.4878116531209742 
27 84 8 0 8 22 4.0 12.649110640673518 1.4831718062203079 
26 83 8 0 9 21 4.0 12.649110640673518 1.5061162137382482 
24 82 9 0 6 26 4.0 12.649110640673518 1.4812835634741928 
24 81 9 0 6 22 4.47213595499958 12.649110640673518 1.471524082907612 
24 80 9 0 6 21 4.0 12.649110640673518 1.4480835743211382 
22 78 9 0 3 18 2.8284271247461903 12.649110640673518 1.4201603701550836 
21 77 9 1 1 18 1.4142135623730951 12.649110640673518 1 
