140 140 0 0 14 14 16.0 16.0 1.0700565647862634 
138 138 0 0 17 17 16.0 14.142135623730951 1.07255245127788 
134 137 0 0 16 17 13.038404810405298 16.0 1.0764163119480468 
132 136 0 0 21 20 14.142135623730951 16.0 1.0752203737443744 
128 132 0 0 22 20 14.142135623730951 16.0 1.0739039609138263 
124 131 0 0 22 18 14.142135623730951 15.033296378372908 1.0741447772170907 
120 130 0 0 22 17 15.033296378372908 15.033296378372908 1.08107627151161 
116 129 0 0 22 22 15.033296378372908 15.033296378372908 1.078666800477318 
112 125 0 0 28 21 15.033296378372908 14.142135623730951 1.0968976789569926 
104 124 1 0 17 25 15.033296378372908 14.142135623730951 1.1092467900315306 
98 123 2 0 17 24 15.033296378372908 14.142135623730951 1.106545659104749 
96 121 2 0 19 22 15.033296378372908 14.142135623730951 1.1068020238927014 
94 120 2 0 19 22 15.033296378372908 14.142135623730951 1.1048470411146043 
92 119 2 0 19 20 15.033296378372908 14.142135623730951 1.105031282075154 
90 118 2 0 18 20 15.033296378372908 14.142135623730951 1.1043972510596163 
88 116 2 0 18 20 15.033296378372908 14.142135623730951 1.1046536158475688 
86 115 2 0 18 20 15.033296378372908 14.142135623730951 1.107121328201571 
84 114 2 0 18 22 15.033296378372908 14.142135623730951 1.1105504666837922 
82 113 2 0 16 25 15.033296378372908 14.142135623730951 1.1074898101226702 
80 112 2 0 16 22 15.033296378372908 14.142135623730951 1.1245674885449704 
79 111 3 0 14 28 15.033296378372908 14.142135623730951 1.1205143688366441 
75 110 3 0 15 23 15.033296378372908 14.142135623730951 1.1376641710863467 
74 109 4 0 14 29 15.033296378372908 14.142135623730951 1.1377762882194937 
72 108 4 0 12 29 15.033296378372908 14.142135623730951 1.1376730481252604 
71 107 4 0 16 29 15.033296378372908 14.0 1.1302296897377833 
67 105 4 0 13 22 15.033296378372908 14.0 1.1418511230723618 
66 104 5 0 12 23 15.033296378372908 14.0 1.142927183154555 
65 102 5 0 13 25 15.033296378372908 14.0 1.1453948955085573 
63 101 5 0 13 27 15.033296378372908 14.0 1.1441164538725694 
62 100 5 0 15 26 15.033296378372908 14.0 1.132111595403167 
60 94 5 0 13 19 15.033296378372908 14.142135623730951 1.1334051204702427 
59 93 5 0 20 20 15.033296378372908 14.142135623730951 1.1439994433151308 
53 92 6 0 11 18 15.033296378372908 14.142135623730951 1.1563374110975624 
51 90 7 0 9 20 15.033296378372908 14.142135623730951 1.1550525139694856 
50 89 7 0 10 19 14.0 14.142135623730951 1.1661910838517382 
48 88 7 0 7 29 13.341664064126334 14.142135623730951 1.151985719429828 
47 87 7 1 8 29 13.038404810405298 14.142135623730951 1.151407161907955 
45 85 7 1 8 29 12.165525060596439 14.142135623730951 1.1495007185021793 
43 84 7 1 8 27 11.40175425099138 14.142135623730951 1.1531964067280247 
37 83 7 1 8 28 10.770329614269007 14.142135623730951 1.1467585671145315 
36 81 7 1 11 23 9.486832980505138 14.142135623730951 1.148098848383394 
32 80 7 1 8 23 7.0710678118654755 14.142135623730951 1.1478606450630786 
31 79 7 1 8 23 5.830951894845301 14.142135623730951 1.1475436295553096 
30 78 7 1 8 23 5.830951894845301 14.142135623730951 1.1506299912405293 
29 77 7 1 8 26 4.47213595499958 14.142135623730951 1.1416218602674988 
28 75 7 1 6 19 3.1622776601683795 14.142135623730951 1.144549742281402 
27 74 7 1 5 22 3.1622776601683795 14.142135623730951 1.1365944016160106 
26 73 8 2 4 18 4.242640687119285 14.142135623730951 1.1397369323743805 
25 72 8 2 4 21 2.0 14.142135623730951 1.1403813429948308 
24 71 8 2 2 22 2.0 14.142135623730951 1.1400294317202755 
23 70 8 2 1 22 1.4142135623730951 14.142135623730951 1.1461434361952711 
22 68 9 2 0 19 4.47213595499958 14.142135623730951 1.1397546767905775 
22 67 9 2 0 14 4.0 14.142135623730951 1.141045623239216 
22 66 9 2 0 16 4.47213595499958 14.142135623730951 1.1368682114005726 
22 65 9 2 0 13 4.0 14.142135623730951 1.1350369796420428 
22 63 9 2 0 14 4.47213595499958 12.0 1.135908882391507 
21 62 9 2 0 15 3.1622776601683795 12.0 1.135201703865205 
21 61 9 2 1 15 1.4142135623730951 12.0 1 
