140 140 0 0 14 14 16.0 16.0 0.9996030165938274 
138 138 0 0 17 17 16.0 14.142135623730951 1.0057281392877464 
134 137 0 0 16 18 13.038404810405298 16.0 1.0050390147491841 
132 135 0 0 16 17 13.038404810405298 16.0 1.0064864187704818 
130 133 0 0 16 19 13.341664064126334 16.0 1.0080737870383745 
128 131 0 0 16 21 13.341664064126334 16.0 1.0107741670508286 
126 129 0 0 14 23 13.341664064126334 16.0 1.0162854985307872 
125 127 0 0 14 31 13.038404810405298 16.0 1.0115360386825483 
123 126 0 0 15 25 14.0 16.0 1.0123645760149558 
121 124 0 0 15 26 14.0 16.0 1.012980632572205 
120 122 0 0 14 27 14.0 16.0 1.011207498659667 
119 120 0 0 14 25 13.038404810405298 16.0 1.0122136635687715 
117 119 0 0 15 26 13.038404810405298 16.0 1.0128885581074392 
115 117 0 0 16 27 12.165525060596439 16.0 1.0106817716979066 
113 115 0 0 16 24 12.165525060596439 16.0 1.0097656246096327 
111 114 0 0 15 21 12.165525060596439 16.0 1.0094400236797356 
109 113 0 0 16 21 12.165525060596439 15.033296378372908 1.0098410004470952 
107 112 0 0 16 21 13.038404810405298 15.033296378372908 1.0091518759085327 
105 110 0 0 16 20 13.038404810405298 15.033296378372908 1.0110687274989947 
103 109 0 0 14 20 13.038404810405298 15.033296378372908 1.0159299813572484 
95 108 0 0 15 20 13.038404810405298 15.033296378372908 1.0291746026793887 
94 107 1 0 16 22 13.038404810405298 15.033296378372908 1.0307575848846822 
90 106 1 0 16 21 13.038404810405298 15.033296378372908 1.0297030494807717 
89 102 1 0 14 21 13.038404810405298 15.033296378372908 1.0303532465329321 
87 101 1 0 15 21 12.165525060596439 15.033296378372908 1.0332210984101289 
86 100 1 0 14 24 12.165525060596439 15.033296378372908 1.0378597157812708 
80 99 1 0 14 25 12.165525060596439 15.033296378372908 1.0430040604649229 
79 98 1 0 13 31 12.165525060596439 15.033296378372908 1.0560463567238585 
78 97 2 0 13 32 12.165525060596439 15.033296378372908 1.0563220335531363 
76 96 2 0 13 32 12.165525060596439 14.142135623730951 1.0513597381566162 
75 95 2 0 12 24 11.045361017187261 14.142135623730951 1.050303801206652 
73 93 2 0 11 22 11.40175425099138 14.142135623730951 1.050338654405113 
72 92 2 0 11 22 11.40175425099138 14.142135623730951 1.036068758488037 
71 91 2 1 11 20 11.40175425099138 14.142135623730951 1.0368624426219835 
70 90 2 1 11 21 11.40175425099138 14.142135623730951 1.0379903790311797 
68 89 2 1 11 20 9.055385138137417 14.142135623730951 1.0372664012941561 
67 88 2 1 11 19 9.055385138137417 14.142135623730951 1.0388290720755413 
65 87 2 1 11 20 9.055385138137417 14.142135623730951 1.0434169108869127 
64 86 2 1 11 26 9.055385138137417 14.142135623730951 1.051930919019446 
63 84 3 1 11 22 9.055385138137417 14.142135623730951 1.0521470635675423 
61 83 3 1 10 20 8.246211251235321 14.142135623730951 1.0530543823947736 
60 82 3 1 10 21 8.0 14.142135623730951 1.0530993913051887 
58 81 3 1 10 20 8.0 14.142135623730951 1.0401448321958786 
57 80 3 2 9 19 8.0 14.142135623730951 1.0394455519453623 
56 78 3 2 9 19 8.0 14.142135623730951 1.050994883819835 
55 76 4 2 9 19 8.0 14.142135623730951 1.052901579698343 
54 75 4 2 7 20 8.0 14.142135623730951 1.051975276898115 
53 74 4 2 6 18 8.0 14.142135623730951 1.0494075218216783 
53 73 4 2 5 15 8.246211251235321 14.142135623730951 1.0488858691478586 
52 72 4 2 6 15 8.246211251235321 14.142135623730951 1.04892072234632 
51 71 4 2 6 15 8.246211251235321 14.142135623730951 1.0529622109973646 
49 70 4 2 7 20 8.246211251235321 14.142135623730951 1.050893689423704 
45 69 4 2 8 16 8.602325267042627 13.038404810405298 1.0509285426221653 
44 68 4 2 8 16 8.602325267042627 13.038404810405298 1.053180964551082 
43 67 4 2 7 19 8.602325267042627 12.0 1.066233416521972 
41 66 5 2 7 19 8.602325267042627 12.0 1.078516881845423 
40 65 6 2 7 19 8.602325267042627 12.0 1.0798670718516499 
39 64 6 2 6 20 8.602325267042627 12.0 1.0791009129780873 
38 63 6 2 5 19 9.899494936611665 12.0 1.0773096549707528 
37 62 6 2 4 15 8.48528137423857 12.0 1.0773692056557214 
36 60 6 2 4 16 8.48528137423857 12.0 1.0646169716096152 
35 59 6 3 4 16 8.48528137423857 12.0 1.076900436933066 
34 58 7 3 4 16 8.48528137423857 12.0 1.076369505560874 
33 57 7 3 4 16 8.48528137423857 11.045361017187261 1.0748866968883652 
32 56 7 3 4 14 8.48528137423857 11.045361017187261 1.0613756319067742 
31 55 7 4 4 13 8.48528137423857 11.045361017187261 1.0742156031025059 
30 54 8 4 3 13 8.48528137423857 11.045361017187261 1.073994111582719 
29 53 8 4 2 12 8.602325267042627 11.045361017187261 1.0742312898443849 
28 52 8 4 3 13 8.602325267042627 11.045361017187261 1.0747059136021744 
27 51 8 4 2 12 7.211102550927978 11.045361017187261 1.073450127479377 
26 49 8 4 3 12 7.211102550927978 11.045361017187261 1.073300088438902 
25 48 8 4 2 11 5.830951894845301 10.0 1.0726008081883853 
24 46 8 4 2 11 5.830951894845301 10.0 1.0738193060750025 
23 45 8 4 1 11 4.47213595499958 10.0 1.07361771558201 
21 43 9 5 0 11 5.0990195135927845 10.0 1.0740277369412843 
21 42 9 5 1 11 1.4142135623730951 10.0 1 
