140 140 0 0 14 14 16.0 16.0 1.001195369951614 
138 139 0 0 17 17 16.0 14.142135623730951 1.0093515599547502 
134 137 0 0 16 20 12.0 16.0 1.0177058507463086 
132 136 0 0 16 28 13.341664064126334 16.0 1.013655293355103 
130 130 0 0 16 28 13.341664064126334 15.033296378372908 1.0151002908577118 
128 129 0 0 16 29 15.033296378372908 15.033296378372908 1.0140181068613299 
126 128 0 0 14 26 15.033296378372908 15.033296378372908 1.016323013404767 
124 127 0 0 16 28 15.033296378372908 15.033296378372908 1.0159128564396538 
122 125 0 0 15 27 15.033296378372908 15.033296378372908 1.0147069721536515 
120 124 0 0 16 25 15.033296378372908 15.033296378372908 1.0116310579583818 
118 122 0 0 17 22 15.033296378372908 15.033296378372908 1.0085551437631124 
116 120 0 0 18 19 15.033296378372908 15.033296378372908 1.0097183098496318 
114 118 0 0 18 20 15.033296378372908 15.033296378372908 1.0108140380676112 
112 117 0 0 18 20 15.033296378372908 15.033296378372908 1.0157847018412045 
110 116 0 0 18 24 15.033296378372908 15.033296378372908 1.0139742283924733 
108 115 0 0 18 21 15.033296378372908 15.033296378372908 1.0436725142519994 
98 114 1 0 16 29 14.0 15.033296378372908 1.0392902056324642 
97 113 1 0 15 24 14.0 15.033296378372908 1.044501313842612 
95 112 1 0 17 29 14.0 15.033296378372908 1.045690964119944 
94 111 1 0 14 29 14.0 15.033296378372908 1.0483600153895558 
92 110 1 0 15 31 14.0 15.033296378372908 1.0474389855708477 
90 109 1 0 16 30 14.0 14.0 1.051820448921629 
88 107 1 0 15 34 14.142135623730951 14.0 1.0545515868832007 
87 106 1 0 14 37 14.142135623730951 13.038404810405298 1.052763384332825 
86 105 1 0 14 35 14.0 13.038404810405298 1.0483988390381351 
84 104 1 0 14 29 13.038404810405298 13.038404810405298 1.0478767422897153 
82 103 1 0 14 27 12.165525060596439 13.038404810405298 1.0521583600110251 
80 102 1 0 14 30 11.40175425099138 13.038404810405298 1.0583289812138992 
78 101 1 0 14 35 10.770329614269007 13.038404810405298 1.0742753756892838 
72 99 2 0 14 35 10.770329614269007 13.038404810405298 1.0678977685130528 
71 93 2 0 12 32 10.198039027185569 13.038404810405298 1.0649567300548637 
69 89 2 0 13 31 10.198039027185569 13.038404810405298 1.0869680854225454 
61 88 3 0 13 34 9.486832980505138 13.038404810405298 1.0794391306997455 
60 87 3 0 10 25 9.486832980505138 13.038404810405298 1.082228984306623 
59 86 3 0 9 28 9.486832980505138 12.165525060596439 1.0792618585886282 
57 85 3 0 9 24 10.0 12.165525060596439 1.0781796745922463 
55 84 3 0 7 21 10.0 12.165525060596439 1.0796395475364002 
53 83 3 0 6 21 10.0 12.165525060596439 1.0937961487832235 
47 81 4 0 7 19 8.602325267042627 12.165525060596439 1.0917154526676702 
46 80 4 0 5 16 8.602325267042627 12.165525060596439 1.0928488405239218 
45 78 4 0 5 18 8.602325267042627 12.165525060596439 1.0962592637177477 
44 77 4 0 4 21 8.48528137423857 12.165525060596439 1.0964239176850956 
43 75 4 0 4 22 8.48528137423857 12.165525060596439 1.0980674376559396 
39 74 5 1 9 24 8.48528137423857 12.165525060596439 1.1134631366155383 
37 73 6 1 10 27 8.48528137423857 12.165525060596439 1.1145958516461576 
35 72 6 1 6 25 7.0710678118654755 12.165525060596439 1.1143587012490588 
33 71 6 1 7 24 7.0710678118654755 12.165525060596439 1.123528545870668 
31 69 7 1 4 20 7.0710678118654755 12.165525060596439 1.122657028080572 
30 68 7 1 4 19 7.0710678118654755 12.165525060596439 1.1256604458460908 
29 67 7 1 4 22 7.0710678118654755 12.165525060596439 1.1115324754910407 
28 65 7 2 4 22 7.0710678118654755 12.165525060596439 1.1247204840060097 
27 64 8 2 3 23 7.0710678118654755 12.165525060596439 1.1224293741238554 
26 63 8 2 3 20 5.656854249492381 12.165525060596439 1.1074864008394754 
25 61 8 3 4 19 4.242640687119285 12.165525060596439 1.12109980940473 
23 60 9 3 3 19 3.1622776601683795 12.165525060596439 1.1146694096331535 
22 54 9 3 1 17 2.0 10.295630140987 1.1140798408442585 
21 52 9 3 1 17 1.4142135623730951 10.295630140987 1 
