140 140 0 0 14 14 16.0 16.0 1.0756187322872932 
138 138 0 0 17 17 16.0 14.142135623730951 1.0792703094933171 
134 136 0 0 16 19 13.341664064126334 16.0 1.0794664094524258 
132 135 0 0 16 19 13.341664064126334 16.0 1.0782678219209916 
130 133 0 0 16 19 13.341664064126334 15.033296378372908 1.0772668755218282 
128 132 0 0 16 18 15.033296378372908 15.033296378372908 1.0830912767633665 
126 131 0 0 14 23 15.033296378372908 15.033296378372908 1.0810118520230552 
124 130 0 0 16 21 15.033296378372908 15.033296378372908 1.0845808987205472 
122 129 0 0 15 24 15.033296378372908 15.033296378372908 1.0856330732064883 
120 127 0 0 16 26 15.033296378372908 14.142135623730951 1.0835738186215502 
118 126 0 0 17 24 15.033296378372908 14.142135623730951 1.0859849328139588 
116 125 0 0 18 26 15.033296378372908 14.142135623730951 1.0805930718013843 
114 124 0 0 18 21 15.033296378372908 14.142135623730951 1.0874947249265126 
112 123 0 0 18 27 15.033296378372908 14.142135623730951 1.085455640496948 
110 122 0 0 18 25 15.033296378372908 14.142135623730951 1.0867693326503933 
108 121 0 0 18 26 15.033296378372908 14.142135623730951 1.085888180725912 
106 120 0 0 16 25 15.033296378372908 14.142135623730951 1.0917037208405576 
100 119 0 0 16 28 15.033296378372908 14.142135623730951 1.0876457221368019 
96 117 0 0 15 24 15.033296378372908 14.142135623730951 1.0884532588632354 
95 116 0 0 12 25 15.033296378372908 14.142135623730951 1.0886291886669706 
93 115 0 0 13 25 15.033296378372908 14.142135623730951 1.0882399164063947 
87 111 0 0 15 25 15.033296378372908 14.142135623730951 1.0962301096059643 
83 110 1 0 13 21 15.033296378372908 14.142135623730951 1.1069503335927382 
82 109 2 0 13 21 15.033296378372908 14.142135623730951 1.1088769790720683 
81 108 2 0 12 23 14.142135623730951 14.142135623730951 1.1068580647978772 
79 107 2 0 11 21 14.142135623730951 14.142135623730951 1.1087428534079005 
78 106 2 0 10 23 14.142135623730951 14.142135623730951 1.109496555626727 
77 105 2 0 10 24 14.0 14.142135623730951 1.1054478122751963 
75 103 2 0 10 21 13.038404810405298 14.142135623730951 1.1034497260756568 
73 102 2 0 10 19 12.165525060596439 14.142135623730951 1.1025641073400092 
71 101 2 0 10 18 11.40175425099138 14.142135623730951 1.102970225007423 
69 99 2 0 10 19 10.770329614269007 14.142135623730951 1.113670278838824 
68 98 3 0 11 19 10.770329614269007 14.142135623730951 1.1139468334200249 
66 97 3 0 10 19 9.486832980505138 14.142135623730951 1.0992148494727996 
64 96 3 1 10 18 8.94427190999916 14.142135623730951 1.0993660836260752 
62 95 3 1 10 18 9.899494936611665 14.142135623730951 1.1006999459348943 
60 94 3 1 9 19 9.899494936611665 14.142135623730951 1.1009117854859296 
56 93 3 1 9 18 9.899494936611665 14.142135623730951 1.119655685355615 
55 91 4 1 8 26 9.899494936611665 14.142135623730951 1.118867041323011 
53 90 4 1 8 25 7.0710678118654755 14.142135623730951 1.1168279568934465 
51 89 4 1 8 23 7.0710678118654755 14.142135623730951 1.1181416490468918 
49 88 4 1 8 24 7.0710678118654755 14.142135623730951 1.1056193659740572 
47 87 4 2 8 25 7.0710678118654755 14.142135623730951 1.1135736494263264 
45 86 5 2 7 22 7.0710678118654755 14.142135623730951 1.123783287422642 
43 85 6 2 5 21 7.0710678118654755 14.142135623730951 1.1062239696793295 
42 84 6 3 5 18 7.0710678118654755 14.142135623730951 1.1064402397938113 
40 83 6 3 4 18 7.0710678118654755 14.142135623730951 1.106049503704415 
39 82 6 3 5 18 7.0710678118654755 14.142135623730951 1.104190779642032 
37 80 6 3 5 17 7.0710678118654755 14.142135623730951 1.1051684731812557 
36 78 6 3 5 19 6.0 14.142135623730951 1.109288446179952 
35 77 6 3 4 23 6.0 14.142135623730951 1.1095131738783115 
34 76 6 3 4 24 6.0 13.038404810405298 1.1073045621565034 
33 74 6 3 4 24 5.0990195135927845 11.045361017187261 1.1174738598420724 
31 73 7 3 4 23 5.0990195135927845 11.045361017187261 1.114868109519376 
30 72 7 3 4 21 5.0990195135927845 11.045361017187261 1.1255883335061503 
29 71 8 3 4 21 5.0990195135927845 11.045361017187261 1.1168899010476725 
28 67 8 3 3 16 4.0 11.045361017187261 1.117636927307986 
27 66 8 3 3 17 4.0 11.045361017187261 1.11448902426541 
25 65 8 3 2 14 4.242640687119285 11.045361017187261 1.1130672902383623 
24 64 8 3 2 13 2.8284271247461903 11.045361017187261 1.1115791321100024 
23 63 8 3 2 12 2.8284271247461903 11.045361017187261 1.1225387969570115 
22 61 9 3 1 13 2.0 11.045361017187261 1.1212585129594657 
21 59 9 3 1 13 1.4142135623730951 11.045361017187261 1 
