140 140 0 0 14 14 16.0 16.0 1.0049803036863447 
138 138 0 0 17 17 16.0 14.142135623730951 1.0158061071662285 
134 137 0 0 16 23 13.341664064126334 16.0 1.016747416546192 
132 135 0 0 16 24 13.341664064126334 16.0 1.0135513919539894 
130 133 0 0 16 21 13.341664064126334 15.033296378372908 1.0163910057923613 
128 132 0 0 16 24 15.033296378372908 15.033296378372908 1.015630336630542 
126 130 0 0 14 22 15.033296378372908 15.033296378372908 1.0165437796445287 
124 129 0 0 16 23 15.033296378372908 15.033296378372908 1.0187917500056238 
122 125 0 0 15 27 15.033296378372908 15.033296378372908 1.0201562433122147 
120 124 0 0 16 28 15.033296378372908 15.033296378372908 1.0206527102431417 
118 123 0 0 17 28 15.033296378372908 15.033296378372908 1.0159410189200875 
116 122 0 0 18 22 15.033296378372908 15.033296378372908 1.0160205097679549 
114 121 0 0 18 21 15.033296378372908 15.033296378372908 1.015486756296016 
112 120 0 0 18 20 15.033296378372908 14.142135623730951 1.0216424317735289 
110 119 0 0 18 26 15.033296378372908 14.142135623730951 1.0217219226213963 
108 118 0 0 18 25 15.033296378372908 14.142135623730951 1.0244395668057993 
106 117 0 0 16 26 15.033296378372908 14.142135623730951 1.021463928234072 
104 116 0 0 17 22 15.033296378372908 14.142135623730951 1.0224971441490387 
100 115 0 0 17 20 15.033296378372908 14.142135623730951 1.023889503821606 
98 113 0 0 16 21 15.033296378372908 14.142135623730951 1.0226349350214647 
97 111 0 0 15 20 15.033296378372908 14.142135623730951 1.026186531371987 
95 110 0 0 15 23 15.033296378372908 14.142135623730951 1.0372981911645596 
94 109 1 0 17 23 15.033296378372908 14.142135623730951 1.0387824573721303 
90 108 1 0 16 21 15.033296378372908 14.142135623730951 1.0422683408651687 
88 107 1 0 13 23 15.033296378372908 13.341664064126334 1.0405689296159915 
87 106 1 0 13 21 15.033296378372908 13.341664064126334 1.0393143608158504 
86 104 1 0 12 20 15.033296378372908 13.341664064126334 1.0419550814449912 
85 103 1 0 12 23 15.033296378372908 13.341664064126334 1.042463263301171 
83 101 1 0 12 23 14.0 13.341664064126334 1.0407603720086944 
81 100 1 0 13 20 13.038404810405298 13.341664064126334 1.0403392183947104 
79 99 1 0 13 18 12.165525060596439 13.341664064126334 1.0634345923016466 
73 98 2 0 12 25 12.165525060596439 13.341664064126334 1.0696661486864456 
67 97 2 0 11 26 11.40175425099138 13.341664064126334 1.068009586782986 
65 96 2 0 11 23 11.40175425099138 13.341664064126334 1.0795660890245948 
64 94 3 0 12 24 11.40175425099138 13.341664064126334 1.0779563272644408 
63 93 3 0 11 21 10.198039027185569 13.341664064126334 1.0775207649076533 
62 92 3 0 10 21 10.198039027185569 12.0 1.0904454010068154 
60 91 4 0 10 21 10.198039027185569 12.0 1.0936316457561688 
56 90 4 0 11 22 10.198039027185569 12.0 1.094128112687096 
54 89 4 0 12 22 10.198039027185569 12.0 1.0925168769476505 
52 85 4 0 11 21 9.055385138137417 12.0 1.0948028727826091 
50 84 4 0 11 23 10.0 12.0 1.1087153081584147 
46 83 5 0 9 21 10.0 12.0 1.1092029999531685 
45 82 5 0 8 21 10.0 12.0 1.121216760330949 
44 81 6 0 8 21 10.0 12.0 1.1208364257500396 
43 80 6 0 7 20 10.0 12.0 1.1222349932661748 
41 79 6 0 6 20 10.0 12.0 1.1226540189673269 
40 78 6 0 5 20 8.602325267042627 11.045361017187261 1.1226906604694766 
39 77 6 0 5 20 8.602325267042627 11.045361017187261 1.1227701513173443 
37 76 6 0 5 19 8.602325267042627 11.045361017187261 1.1080228090725015 
35 74 6 1 5 17 8.602325267042627 11.045361017187261 1.1220947945799484 
33 73 7 1 3 17 8.602325267042627 11.40175425099138 1.123459287886539 
31 72 7 1 4 18 8.602325267042627 11.40175425099138 1.1280046298298125 
30 71 7 1 3 22 7.211102550927978 11.40175425099138 1.1251500504121972 
29 70 7 1 3 18 5.830951894845301 11.40175425099138 1.1250568576240616 
28 69 7 1 2 18 7.211102550927978 11.40175425099138 1.1115516684922249 
27 67 7 2 3 19 7.211102550927978 11.40175425099138 1.1126202448698679 
26 66 7 2 2 19 5.830951894845301 11.40175425099138 1.1124579112755149 
24 65 7 2 4 19 6.324555320336759 11.40175425099138 1.126370300932885 
22 64 8 2 1 18 3.1622776601683795 10.198039027185569 1.1379670852276065 
21 63 9 2 0 17 3.1622776601683795 10.198039027185569 1.1234249356405093 
21 62 9 3 1 16 1.4142135623730951 10.198039027185569 1 
