140 140 0 0 14 14 16.0 16.0 1.0731421251110265 
138 138 0 0 17 17 16.0 14.142135623730951 1.076568367766665 
134 136 0 0 16 19 13.038404810405298 16.0 1.0838359823991648 
132 135 0 0 21 24 13.341664064126334 16.0 1.0841469593090287 
128 134 0 0 22 23 13.341664064126334 16.0 1.0842536175089528 
124 133 0 0 22 22 13.341664064126334 16.0 1.0835098779313421 
120 131 0 0 22 21 13.341664064126334 16.0 1.0836165361312662 
116 130 0 0 22 20 13.341664064126334 16.0 1.0903592162014986 
112 129 0 0 25 24 14.0 16.0 1.1010627800006576 
108 128 1 0 19 24 14.0 16.0 1.1029054832694154 
106 127 1 0 21 25 14.142135623730951 16.0 1.0977376503378908 
102 125 1 0 17 21 14.142135623730951 16.0 1.1168154147119345 
101 123 2 0 17 29 14.142135623730951 16.0 1.1148444543759908 
99 122 2 0 18 27 14.142135623730951 16.0 1.1138714481681595 
97 121 2 0 18 26 14.142135623730951 16.0 1.115302987636432 
95 120 2 0 18 27 14.142135623730951 16.0 1.1254989450070012 
89 119 3 0 16 25 14.142135623730951 16.0 1.123675541021635 
87 117 3 0 16 24 14.142135623730951 16.0 1.12347807252791 
85 116 3 0 16 24 14.142135623730951 15.033296378372908 1.1228727812607624 
83 114 3 0 16 24 15.033296378372908 15.033296378372908 1.1241152514485093 
81 113 3 0 17 25 15.033296378372908 14.142135623730951 1.1255467909167818 
79 112 3 0 17 26 15.033296378372908 14.142135623730951 1.1225882569879806 
78 111 3 0 22 23 15.033296378372908 14.0 1.1355737580329466 
72 110 4 0 16 24 15.033296378372908 14.0 1.137726327887731 
70 108 4 0 14 27 15.033296378372908 13.038404810405298 1.144040082634152 
69 107 4 0 17 32 15.033296378372908 13.038404810405298 1.1440650305544329 
67 106 4 0 16 32 15.033296378372908 13.038404810405298 1.1418897515085498 
65 105 4 0 16 30 15.033296378372908 13.038404810405298 1.135991512232396 
67 104 4 0 26 25 15.033296378372908 13.038404810405298 1.145651004423671 
66 102 4 0 26 34 15.033296378372908 13.038404810405298 1.1449318014301344 
65 101 4 0 24 34 15.033296378372908 13.038404810405298 1.1506155267777296 
61 100 5 0 23 29 13.341664064126334 13.038404810405298 1.1546947702568107 
57 99 6 0 14 24 13.341664064126334 13.038404810405298 1.1593244908193596 
55 98 6 0 12 28 13.341664064126334 13.038404810405298 1.1761211290884213 
49 97 7 0 7 32 13.341664064126334 13.038404810405298 1.1746082906767124 
48 96 7 0 7 31 13.341664064126334 13.038404810405298 1.1712098335848466 
46 95 7 0 7 28 12.165525060596439 13.038404810405298 1.171419189930506 
44 94 7 0 7 28 11.045361017187261 13.038404810405298 1.1686291469546615 
38 90 7 0 6 26 10.0 13.038404810405298 1.1671163085429526 
37 89 7 0 6 25 10.0 13.038404810405298 1.1613916175476677 
36 85 7 0 6 23 10.0 12.0 1.1602706265590412 
35 84 7 0 8 22 9.055385138137417 12.0 1.1609668470756733 
29 83 7 0 6 21 4.47213595499958 12.0 1.1710578121736284 
25 82 8 0 3 20 3.1622776601683795 12.0 1.1649485521811356 
24 76 8 0 4 19 2.8284271247461903 10.770329614269007 1.1630562923476315 
23 75 8 0 2 18 4.47213595499958 10.770329614269007 1.176768771599011 
22 74 9 0 1 21 4.47213595499958 10.770329614269007 1.178635150998547 
21 73 9 0 0 23 3.1622776601683795 10.770329614269007 1.1755534554006968 
21 72 9 0 1 21 1.4142135623730951 10.770329614269007 1 
