140 140 0 0 14 14 16.0 16.0 1.3426293238793203 
139 138 0 0 19 17 16.0 13.038404810405298 1.3548929500226004 
135 137 0 0 22 16 14.142135623730951 15.033296378372908 1.3730746753039162 
131 135 0 0 25 18 14.142135623730951 15.033296378372908 1.3900912164007415 
129 133 0 0 28 21 14.0 15.033296378372908 1.4038220403784472 
125 132 0 0 29 22 14.142135623730951 15.033296378372908 1.3969481189067894 
125 130 0 0 37 19 14.142135623730951 14.0 1.410751652366869 
117 129 0 0 32 20 15.033296378372908 15.033296378372908 1.4103470744286353 
111 128 0 0 30 18 14.0 15.033296378372908 1.4173650169676748 
110 126 0 0 36 18 13.341664064126334 15.033296378372908 1.4518119644846759 
109 124 0 0 40 25 13.341664064126334 15.033296378372908 1.4415560234874676 
103 122 0 0 44 19 13.038404810405298 15.033296378372908 1.4524670496519978 
104 121 0 0 51 20 13.038404810405298 14.142135623730951 1.526422956252748 
94 120 1 0 41 35 13.038404810405298 14.142135623730951 1.56224476272939 
90 119 1 0 48 38 12.165525060596439 14.142135623730951 1.6007070876651448 
89 117 1 0 56 44 12.165525060596439 14.142135623730951 1.5967720570563724 
88 116 1 0 57 43 12.165525060596439 14.142135623730951 1.5668917855811122 
87 115 1 0 48 41 12.165525060596439 14.142135623730951 1.549973016685565 
86 114 1 0 45 39 11.40175425099138 14.142135623730951 1.6352183972728185 
78 113 2 0 35 58 11.045361017187261 13.341664064126334 1.5888816891046948 
76 109 2 0 38 49 11.045361017187261 13.341664064126334 1.537447094756814 
72 105 2 0 38 39 10.198039027185569 13.341664064126334 1.4675381097071103 
70 103 2 0 28 29 10.198039027185569 13.341664064126334 1.4765725352323038 
64 102 3 0 27 28 10.198039027185569 13.341664064126334 1.5405575134721492 
58 100 4 0 24 41 10.198039027185569 13.341664064126334 1.533522935095489 
58 99 4 0 27 39 10.0 13.341664064126334 1.5376620649088313 
58 97 4 0 36 38 10.0 12.165525060596439 1.466256738976667 
59 93 4 0 42 24 11.045361017187261 12.165525060596439 1.4349169426288622 
49 92 5 0 23 20 9.055385138137417 12.165525060596439 1.4714235874991142 
49 91 5 0 23 29 9.055385138137417 12.165525060596439 1.4696286010535733 
48 90 5 0 25 28 9.055385138137417 12.165525060596439 1.4477910691889881 
47 88 5 0 26 24 8.246211251235321 12.165525060596439 1.4617219688852485 
47 86 5 0 26 29 8.246211251235321 12.165525060596439 1.4459892323839971 
49 85 5 0 34 24 8.246211251235321 12.165525060596439 1.4482482648026922 
45 84 5 0 36 22 8.246211251235321 12.165525060596439 1.4344071461008912 
44 83 5 0 26 24 8.246211251235321 12.165525060596439 1.4180745330086402 
45 81 5 0 26 23 9.055385138137417 12.165525060596439 1.391995554263075 
41 79 5 0 21 19 8.246211251235321 12.165525060596439 1.3946671932161574 
40 78 5 0 25 18 7.0710678118654755 12.165525060596439 1.3997831196302468 
42 77 5 0 30 19 7.0710678118654755 12.165525060596439 1.3744332998587854 
40 75 5 0 28 15 6.0 12.165525060596439 1.3673235208808474 
41 71 5 0 31 17 6.324555320336759 10.770329614269007 1.3533758565466727 
42 70 5 0 30 16 6.324555320336759 10.770329614269007 1.3633976358359046 
43 68 4 0 33 20 6.324555320336759 10.770329614269007 1.3854081347142682 
39 67 5 0 28 25 6.324555320336759 10.770329614269007 1.3861920645382837 
40 66 4 0 31 26 6.324555320336759 10.770329614269007 1.3846617890004522 
39 65 4 0 31 26 6.324555320336759 10.770329614269007 1.348451646123943 
39 64 4 0 31 19 6.324555320336759 10.770329614269007 1.3342779123275414 
37 63 4 0 28 17 6.324555320336759 10.770329614269007 1.3309313199147388 
31 62 5 0 19 17 5.0990195135927845 10.770329614269007 1.3303533423753722 
32 61 5 0 20 18 5.0990195135927845 10.770329614269007 1.29164829217422 
33 60 5 1 22 15 5.0990195135927845 10.770329614269007 1.2654026247545576 
31 58 6 2 18 16 5.0990195135927845 10.770329614269007 1.2610060765172564 
31 57 6 2 18 16 5.0990195135927845 10.770329614269007 1.256700077989049 
29 56 7 2 14 16 5.0990195135927845 10.770329614269007 1.2408091762124613 
29 55 7 2 15 13 5.0990195135927845 10.770329614269007 1.2370503082926039 
28 54 7 2 14 13 5.656854249492381 10.770329614269007 1.2365608789720317 
29 53 7 2 15 14 5.0990195135927845 10.770329614269007 1.2238606635807003 
28 51 7 2 14 13 5.656854249492381 10.770329614269007 1.2235194852569995 
29 49 7 2 15 15 5.0990195135927845 10.770329614269007 1.2132696604772037 
28 48 7 2 14 14 5.656854249492381 9.486832980505138 1.204917006579859 
29 47 7 2 15 13 5.0990195135927845 10.295630140987 1.205702937894174 
28 46 7 2 14 14 5.656854249492381 10.295630140987 1.1785807894511025 
29 45 7 3 15 14 5.0990195135927845 10.295630140987 1.1702771222970725 
28 44 7 3 14 13 5.656854249492381 10.295630140987 1.1652428937423276 
29 43 7 3 15 13 5.0990195135927845 10.295630140987 1.1303065074657985 
28 42 7 4 14 11 5.656854249492381 10.295630140987 1.1298170781452261 
29 41 7 4 15 12 5.0990195135927845 10.295630140987 1.1215134109911957 
28 40 7 4 14 11 5.656854249492381 10.295630140987 1.0989360617822967 
29 39 7 5 15 12 5.0990195135927845 10.295630140987 1.0947289317960238 
28 38 7 5 14 12 5.656854249492381 10.0 1.0815074959980873 
28 37 7 5 12 11 5.656854249492381 10.0 1.0792509919240174 
28 36 7 5 13 11 5.656854249492381 10.0 1.0391898273836493 
30 34 6 6 17 9 5.656854249492381 10.0 1.0187545238282814 
29 33 7 7 15 10 5.656854249492381 10.0 0.9971083901041585 
29 32 7 7 15 7 5.656854249492381 7.615773105863909 0.9540888786855799 
29 30 7 8 15 4 5.656854249492381 8.602325267042627 0.9430380292279847 
29 29 7 8 15 3 5.656854249492381 7.211102550927978 0.9393763987514029 
31 28 7 8 19 3 5.656854249492381 5.830951894845301 0.9301710681488337 
31 27 7 8 19 2 5.656854249492381 5.656854249492381 0.9281749562884356 
31 26 7 8 19 3 5.656854249492381 4.242640687119285 0.9192336088169618 
31 25 7 8 19 2 5.656854249492381 4.242640687119285 0.9148370605796606 
31 24 7 8 19 2 5.656854249492381 4.242640687119285 0.901698896061044 
31 23 7 8 19 0 5.656854249492381 4.47213595499958 0.912700607333853 
31 24 7 8 19 1 5.656854249492381 5.830951894845301 0.901698896061044 
31 23 7 8 19 0 5.656854249492381 4.47213595499958 0.912700607333853 
31 24 7 8 19 1 5.656854249492381 5.830951894845301 0.901698896061044 
31 23 7 8 19 0 5.656854249492381 4.47213595499958 0.912700607333853 
31 24 7 8 19 1 5.656854249492381 5.830951894845301 0.901698896061044 
31 23 7 8 19 0 5.656854249492381 4.47213595499958 0.9372729626550169 
31 24 7 7 19 2 5.656854249492381 4.47213595499958 0.901698896061044 
31 23 7 8 19 0 5.656854249492381 4.47213595499958 0.9216419548053267 
31 25 7 8 19 2 5.656854249492381 5.830951894845301 0.912700607333853 
31 24 7 8 19 1 5.656854249492381 5.830951894845301 0.901698896061044 
31 23 7 8 19 0 5.656854249492381 4.47213595499958 0.9328242667669392 
31 25 7 8 19 4 5.656854249492381 7.211102550927978 0.912700607333853 
31 24 7 8 19 1 5.656854249492381 5.830951894845301 0.901698896061044 
31 23 7 8 19 0 5.656854249492381 4.47213595499958 0.9634929493627749 
31 27 7 7 19 4 5.656854249492381 7.0710678118654755 0.9413215287052884 
31 25 7 7 19 2 5.656854249492381 4.242640687119285 0.9347806176107178 
31 24 7 7 19 2 5.656854249492381 2.8284271247461903 0.9062436952952166 
31 23 7 8 19 1 5.656854249492381 4.47213595499958 0.8982528872999903 
31 22 7 8 19 0 5.656854249492381 5.0990195135927845 0.9614968375023768 
31 26 7 7 19 5 5.656854249492381 5.656854249492381 0.9528194731619986 
31 25 7 7 19 4 5.656854249492381 5.830951894845301 0.9263350050363708 
31 24 7 8 19 4 5.656854249492381 5.830951894845301 0.9135973060051115 
31 23 7 8 19 2 5.656854249492381 6.324555320336759 0.9057878905854246 
31 22 7 8 19 1 5.656854249492381 7.0710678118654755 0.8717684191743624 
31 21 7 9 19 0 5.656854249492381 5.0990195135927845 0.897442190922378 
31 23 7 9 19 4 5.656854249492381 4.242640687119285 0.8717684191743624 
31 21 7 9 19 0 5.656854249492381 5.0990195135927845 0.8998505369107429 
31 23 7 9 19 4 5.656854249492381 5.830951894845301 0.8688317500565571 
31 21 7 9 19 0 5.656854249492381 3.1622776601683795 0.9107884945293891 
31 23 7 8 19 2 5.656854249492381 4.47213595499958 0.8688317500565571 
31 21 7 9 19 0 5.656854249492381 3.1622776601683795 0.9057878905854246 
31 22 7 8 19 1 5.656854249492381 7.0710678118654755 0.8688317500565571 
31 21 7 9 19 0 5.656854249492381 3.1622776601683795 0.9057878905854246 
31 22 7 8 19 1 5.656854249492381 7.0710678118654755 0.8688317500565571 
31 21 7 9 19 0 5.656854249492381 3.1622776601683795 0.8863564805936348 
31 22 7 9 19 3 5.656854249492381 2.8284271247461903 0.8688317500565571 
31 21 7 9 19 0 5.656854249492381 3.1622776601683795 0.9107884945293891 
31 23 7 8 19 2 5.656854249492381 4.47213595499958 0.9027976865341629 
31 22 7 8 19 1 5.656854249492381 5.0990195135927845 0.8688317500565571 
31 21 7 9 19 0 5.656854249492381 3.1622776601683795 0.8797592271695888 
31 22 7 9 19 1 5.656854249492381 4.47213595499958 0.8688317500565571 
31 21 7 9 19 0 5.656854249492381 3.1622776601683795 0.9039831020169486 
31 24 7 9 19 4 5.656854249492381 5.656854249492381 0.8863564805936348 
31 22 7 9 19 3 5.656854249492381 2.8284271247461903 0.870725971030719 
31 21 7 9 19 1 5.656854249492381 1.4142135623730951 -1 
