140 140 0 0 14 14 16.0 16.0 1.2199885318608708 
139 139 0 0 19 18 16.0 13.038404810405298 1.240584935899106 
135 138 0 0 22 20 13.341664064126334 15.033296378372908 1.2442632275365375 
131 137 0 0 25 18 13.038404810405298 15.033296378372908 1.2419844480428617 
127 133 0 0 25 18 12.649110640673518 16.0 1.2528219687718187 
123 132 0 0 28 18 14.0 16.0 1.2790928898865355 
123 131 0 0 38 22 14.0 16.0 1.279988716110495 
117 129 0 0 38 20 13.038404810405298 16.0 1.2871796024733553 
113 128 0 0 36 21 13.038404810405298 16.0 1.2809450894850238 
107 127 0 0 34 17 13.038404810405298 16.0 1.3096909544393678 
105 126 0 0 35 24 13.038404810405298 16.0 1.3286740637617651 
101 125 0 0 36 27 13.038404810405298 16.0 1.349139710162118 
100 124 0 0 38 32 13.038404810405298 16.0 1.3272263405372475 
90 118 1 0 24 29 13.038404810405298 16.0 1.3279817160937868 
91 116 1 0 33 28 13.038404810405298 16.0 1.3222584598882587 
85 115 2 0 23 26 13.038404810405298 16.0 1.3115031865530598 
79 114 3 0 17 21 13.038404810405298 16.0 1.326402768432226 
77 113 3 0 21 23 13.038404810405298 16.0 1.3749262377017606 
73 112 3 0 32 30 13.038404810405298 16.0 1.3659458608386128 
65 111 4 0 14 29 12.0 16.0 1.345400153034305 
59 109 5 0 11 21 12.0 16.0 1.3560574829373966 
58 105 5 0 13 26 12.0 16.0 1.3546979063359783 
56 104 5 0 11 26 12.0 16.0 1.3510140252086322 
55 103 5 0 14 24 12.0 16.0 1.3791743941031658 
54 101 5 0 11 34 11.045361017187261 16.0 1.3631332084076575 
53 100 5 0 18 27 11.045361017187261 16.0 1.3648203014590659 
47 99 6 0 8 27 10.198039027185569 16.0 1.361821107036933 
46 98 6 0 9 26 10.198039027185569 16.0 1.3154619438073285 
45 92 6 0 9 18 9.055385138137417 16.0 1.3324155858021351 
43 91 6 0 7 23 9.055385138137417 16.0 1.3278735880471655 
42 90 7 0 6 21 9.055385138137417 16.0 1.3085125210976998 
41 89 7 1 7 21 10.0 16.0 1.309867098529086 
37 88 7 1 6 20 10.0 16.0 1.3018565930679205 
36 87 7 1 6 18 8.602325267042627 16.0 1.3150087019506835 
35 86 7 1 8 21 8.48528137423857 16.0 1.320363814811444 
33 85 8 1 7 21 7.211102550927978 16.0 1.317407486175045 
29 84 8 1 3 20 5.656854249492381 16.0 1.3260895266977706 
25 83 9 1 1 20 5.0990195135927845 16.0 1.3206464226531207 
25 82 9 1 2 19 5.0990195135927845 16.0 1.3173035058512113 
25 81 9 1 2 19 5.830951894845301 16.0 1.3131232884998885 
25 80 9 1 2 19 5.0990195135927845 15.033296378372908 1.3061177279787342 
25 79 9 1 2 18 5.830951894845301 15.033296378372908 1.2923270408448926 
25 77 9 1 2 16 5.0990195135927845 15.033296378372908 1.2999720552007177 
25 76 9 1 2 19 5.830951894845301 15.033296378372908 1.2935066555053663 
25 74 9 1 2 19 5.0990195135927845 15.033296378372908 1.2583795598907257 
25 70 9 1 2 13 5.830951894845301 15.033296378372908 1.2588462427470397 
25 69 9 1 2 14 5.0990195135927845 15.033296378372908 1.251840682225885 
25 68 9 1 2 13 5.830951894845301 15.033296378372908 1.252307365082199 
25 67 9 1 2 14 5.0990195135927845 15.033296378372908 1.2258388001246248 
25 65 9 2 2 14 5.0990195135927845 15.033296378372908 1.2225693612922044 
25 64 9 2 2 14 5.0990195135927845 15.033296378372908 1.1961007963346304 
25 62 9 3 2 14 5.0990195135927845 15.033296378372908 1.1928313575022098 
25 61 9 3 2 14 5.0990195135927845 15.033296378372908 1.1895619186697897 
25 60 9 3 2 14 5.0990195135927845 15.033296378372908 1.1557680662737255 
25 58 9 4 2 12 5.0990195135927845 15.033296378372908 1.14556654488964 
25 56 9 4 2 11 5.0990195135927845 15.033296378372908 1.1532850372149543 
25 55 9 4 2 14 5.0990195135927845 15.033296378372908 1.1353650235055541 
25 54 9 4 2 10 5.0990195135927845 15.033296378372908 1.1320955846731338 
25 53 9 4 2 10 5.0990195135927845 15.033296378372908 1.1288261458407134 
25 52 9 4 2 10 5.0990195135927845 15.033296378372908 1.1092896634348046 
25 51 9 5 2 11 5.0990195135927845 15.033296378372908 1.1023575808831392 
25 50 9 5 2 10 5.0990195135927845 15.033296378372908 1.098180800094681 
25 49 9 5 2 10 5.0990195135927845 14.142135623730951 1.0874413573804276 
25 48 9 5 2 8 5.0990195135927845 14.0 1.0841719185480074 
25 47 9 5 2 8 5.0990195135927845 14.0 1.0772398359963418 
25 46 9 5 2 7 5.0990195135927845 14.0 1.0467154224326982 
25 45 9 6 2 5 5.0990195135927845 14.0 1.0434459836002778 
25 44 9 6 2 5 5.0990195135927845 14.0 1.0401765447678575 
25 43 9 6 2 5 5.0990195135927845 14.0 1.0369071059354371 
25 42 9 6 2 5 5.0990195135927845 14.0 1.0336376671030167 
25 41 9 6 2 5 5.0990195135927845 14.0 1.0303682282705962 
25 40 9 6 2 5 5.0990195135927845 14.0 1.0270987894381758 
25 39 9 6 2 5 5.0990195135927845 14.0 1.0238293506057554 
25 38 9 6 2 5 5.0990195135927845 14.0 0.9969675807613567 
25 37 9 7 2 4 5.0990195135927845 14.0 0.970105810916958 
25 36 9 8 2 3 5.0990195135927845 14.0 0.9631737283652926 
25 35 9 8 2 2 5.0990195135927845 14.0 0.9589252342325812 
25 34 9 8 2 2 5.0990195135927845 13.038404810405298 0.9284008206689376 
25 33 9 9 2 0 5.0990195135927845 13.038404810405298 0.9589252342325812 
25 34 9 8 2 2 5.0990195135927845 13.038404810405298 0.928709586335541 
25 33 9 9 2 0 5.0990195135927845 13.341664064126334 0.9284008206689376 
25 33 9 9 2 0 5.0990195135927845 13.038404810405298 0.9516213869104303 
25 35 9 9 2 4 5.0990195135927845 15.033296378372908 0.928709586335541 
25 33 9 9 2 0 5.0990195135927845 13.341664064126334 0.9552625905133363 
25 34 9 8 2 1 5.0990195135927845 13.038404810405298 0.928709586335541 
25 33 9 9 2 0 5.0990195135927845 13.341664064126334 0.9555713561799397 
25 34 9 8 2 1 5.0990195135927845 13.341664064126334 0.928709586335541 
25 33 9 9 2 0 5.0990195135927845 13.341664064126334 0.9669810885278808 
25 35 9 8 2 3 5.0990195135927845 14.142135623730951 0.9555713561799397 
25 34 9 8 2 1 5.0990195135927845 13.341664064126334 0.928709586335541 
25 33 9 9 2 0 5.0990195135927845 13.341664064126334 0.9516213869104303 
25 35 9 9 2 4 5.0990195135927845 15.033296378372908 0.9399746022401388 
25 34 9 9 2 2 5.0990195135927845 14.0 0.9284008206689376 
25 33 9 9 2 0 5.0990195135927845 13.038404810405298 0.974820513035584 
25 36 9 8 2 4 5.0990195135927845 15.033296378372908 0.9596558010893907 
25 35 9 8 2 1 5.0990195135927845 14.142135623730951 0.9519087124606948 
25 34 9 8 2 0 5.0990195135927845 13.341664064126334 0.9596558010893907 
25 35 9 8 2 1 5.0990195135927845 14.142135623730951 0.9519087124606948 
25 34 9 8 2 0 5.0990195135927845 13.341664064126334 0.9596558010893907 
25 35 9 8 2 1 5.0990195135927845 14.142135623730951 0.9519087124606948 
25 34 9 8 2 0 5.0990195135927845 13.341664064126334 0.962503438731605 
25 35 9 8 2 2 5.0990195135927845 13.341664064126334 0.9519087124606948 
25 34 9 8 2 0 5.0990195135927845 13.341664064126334 0.9790742083563958 
25 37 9 8 2 4 5.0990195135927845 16.0 0.9596558010893907 
25 35 9 8 2 1 5.0990195135927845 14.142135623730951 0.9519087124606948 
25 34 9 8 2 0 5.0990195135927845 13.341664064126334 0.9588407950123601 
25 35 9 8 2 1 5.0990195135927845 13.341664064126334 0.9519087124606948 
25 34 9 8 2 0 5.0990195135927845 13.341664064126334 0.974820513035584 
25 36 9 8 2 4 5.0990195135927845 15.033296378372908 0.9519087124606948 
25 34 9 8 2 0 5.0990195135927845 13.341664064126334 0.974820513035584 
25 36 9 8 2 4 5.0990195135927845 15.033296378372908 0.9596558010893907 
25 35 9 8 2 1 5.0990195135927845 14.142135623730951 0.9519087124606948 
25 34 9 8 2 0 5.0990195135927845 13.341664064126334 0.974820513035584 
25 36 9 8 2 4 5.0990195135927845 15.033296378372908 0.9631737283652926 
25 35 9 8 2 2 5.0990195135927845 14.0 0.9519087124606948 
25 34 9 8 2 0 5.0990195135927845 13.341664064126334 0.9555713561799397 
25 34 9 8 2 1 5.0990195135927845 13.341664064126334 0.928709586335541 
25 33 9 9 2 0 5.0990195135927845 13.341664064126334 0.8810840104400627 
25 21 9 9 2 0 5.0990195135927845 5.0990195135927845 0.9201185771387529 
24 22 9 8 6 2 4.0 5.0990195135927845 0.8875748581775365 
24 21 9 9 6 0 4.47213595499958 3.1622776601683795 0.9275580136231502 
24 23 9 8 6 4 4.0 2.0 0.8875748581775365 
24 21 9 9 6 0 4.47213595499958 3.1622776601683795 0.8895050946858436 
24 21 9 9 6 1 4.0 1.4142135623730951 -1 
