140 140 0 0 14 14 16.0 16.0 1.144055329018038 
139 138 0 0 19 17 16.0 13.038404810405298 1.1420028449820077 
135 134 0 0 22 16 14.142135623730951 14.0 1.1476419259978392 
131 133 0 0 25 16 16.0 14.0 1.1565273845546185 
127 131 0 0 25 19 15.033296378372908 15.033296378372908 1.171063250339743 
123 130 0 0 28 23 15.033296378372908 15.033296378372908 1.1782989233514791 
123 129 0 0 38 24 15.033296378372908 15.033296378372908 1.1844177126675934 
117 128 0 0 38 24 14.0 15.033296378372908 1.1954745498179555 
113 127 0 0 36 28 14.0 15.033296378372908 1.2121887308490655 
107 126 0 0 35 33 14.0 15.033296378372908 1.214163643716443 
105 125 0 0 40 32 14.0 15.033296378372908 1.2152129701747816 
101 124 0 0 43 30 14.0 15.033296378372908 1.1974330767829195 
93 120 1 0 30 21 14.0 15.033296378372908 1.2028242277017716 
92 118 1 0 35 23 14.0 15.033296378372908 1.2040320524164447 
84 114 1 0 26 25 14.0 15.033296378372908 1.197061478523549 
83 113 2 0 24 19 14.0 15.033296378372908 1.1979421608103118 
81 109 2 0 23 22 14.0 15.033296378372908 1.2134945110696025 
77 108 2 0 21 28 14.0 15.033296378372908 1.2091162743292794 
77 107 2 0 24 26 14.0 15.033296378372908 1.2195467470611674 
75 106 2 0 25 30 14.0 15.033296378372908 1.2125761731682716 
74 105 3 0 23 24 14.0 15.033296378372908 1.2113083017636683 
68 104 3 0 22 21 14.0 15.033296378372908 1.2099992460241293 
67 103 3 0 21 21 14.0 15.033296378372908 1.2034558084437077 
66 101 3 0 25 18 14.0 15.033296378372908 1.2033780247844665 
65 100 3 0 29 17 14.0 15.033296378372908 1.2162102622336566 
59 99 4 0 20 19 12.165525060596439 15.033296378372908 1.2393620272568993 
55 98 4 0 16 29 12.165525060596439 15.033296378372908 1.252352714925527 
49 94 5 0 10 33 12.165525060596439 14.142135623730951 1.2514630635915143 
48 93 5 0 16 31 13.038404810405298 14.142135623730951 1.2269089419208383 
42 89 6 0 8 19 12.165525060596439 13.038404810405298 1.2389491883171608 
42 88 6 0 13 24 12.165525060596439 12.0 1.2370876389207406 
40 87 7 0 13 19 12.165525060596439 12.165525060596439 1.229473268633628 
39 85 7 0 9 18 12.165525060596439 12.165525060596439 1.2399384620197558 
38 84 7 0 12 22 12.165525060596439 12.165525060596439 1.2353217806518757 
34 82 8 0 5 18 12.165525060596439 11.045361017187261 1.237929708662918 
33 80 8 0 6 20 12.165525060596439 11.045361017187261 1.2466934306512718 
32 79 9 0 4 21 12.165525060596439 11.045361017187261 1.2377462173480436 
31 78 9 0 5 17 11.40175425099138 11.045361017187261 1.237696916709396 
29 77 9 0 4 17 9.486832980505138 11.045361017187261 1.2370561449132649 
28 76 9 0 4 17 8.94427190999916 11.045361017187261 1.2206389647275253 
26 75 9 1 3 17 8.48528137423857 11.045361017187261 1.2199539777591097 
25 74 9 1 3 17 7.0710678118654755 11.045361017187261 1.2222561049491774 
25 73 9 1 6 18 5.830951894845301 11.045361017187261 1.205085833468508 
23 72 9 2 4 18 4.242640687119285 11.045361017187261 1.2014572842186755 
22 71 9 2 3 17 2.8284271247461903 11.045361017187261 1 
