140 140 0 0 14 14 16.0 16.0 1.0773133008227556 
138 138 0 0 17 17 16.0 14.142135623730951 1.0848125066701033 
134 137 0 0 16 21 13.038404810405298 16.0 1.0901814434939663 
132 136 0 0 16 26 13.038404810405298 16.0 1.094471826522322 
130 134 0 0 16 31 13.038404810405298 16.0 1.0853911084843477 
128 130 0 0 16 25 13.038404810405298 16.0 1.0869203672128127 
126 128 0 0 14 27 13.341664064126334 16.0 1.085687966778393 
124 126 0 0 16 27 14.0 16.0 1.0861284799083464 
122 125 0 0 15 27 14.0 16.0 1.0882702088077074 
120 124 0 0 16 29 14.0 16.0 1.0842952139932593 
118 123 0 0 17 25 14.0 16.0 1.082359127083414 
116 122 0 0 18 23 14.0 16.0 1.0836502480980714 
114 121 0 0 18 24 14.0 16.0 1.083921915160427 
112 120 0 0 18 24 14.0 16.0 1.0882713980319885 
110 119 0 0 18 28 14.0 16.0 1.0865041571897411 
108 118 0 0 18 26 14.0 16.0 1.089145499062261 
104 117 0 0 18 27 14.0 16.0 1.0866964964029084 
102 116 0 0 16 24 14.0 16.0 1.0859487095129623 
100 115 0 0 16 23 14.0 16.0 1.0865647200986883 
99 114 0 0 16 24 14.0 16.0 1.0907251288966688 
93 113 0 0 15 25 14.0 16.0 1.0992887293437998 
92 111 1 0 17 24 14.0 16.0 1.0990405554270133 
88 110 1 0 16 22 14.0 16.0 1.1175001489406455 
84 109 2 0 14 27 14.0 16.0 1.1193044595462707 
83 108 2 0 13 29 14.0 16.0 1.113587679039072 
81 107 2 0 13 23 13.038404810405298 16.0 1.124099338119868 
77 106 3 0 12 21 13.038404810405298 15.033296378372908 1.1228722801741233 
73 105 3 0 10 18 14.0 15.033296378372908 1.1270123470547435 
71 104 3 0 12 22 13.038404810405298 15.033296378372908 1.12946144451713 
69 103 3 0 12 24 12.0 15.033296378372908 1.1396034855743873 
67 102 4 0 9 22 12.0 15.033296378372908 1.1393273903988124 
66 101 4 0 9 22 11.045361017187261 15.033296378372908 1.1391971026224028 
65 99 4 0 9 24 11.045361017187261 14.0 1.1374298617801553 
63 98 4 0 9 22 11.045361017187261 14.0 1.1362888427060287 
62 97 4 0 8 21 10.198039027185569 14.0 1.1348923636586798 
61 96 4 0 8 20 10.0 14.0 1.1314399147233598 
60 94 4 0 8 18 9.486832980505138 14.0 1.1304545128926426 
59 93 4 0 8 18 9.055385138137417 13.038404810405298 1.132765087859601 
57 92 4 0 8 20 9.055385138137417 13.038404810405298 1.1325304905606233 
56 91 4 0 7 20 9.055385138137417 13.038404810405298 1.1297437957660748 
54 90 4 0 7 17 9.055385138137417 13.038404810405298 1.1294482956456449 
53 89 4 0 7 17 8.246211251235321 13.038404810405298 1.128279561465802 
51 88 4 0 7 16 11.40175425099138 13.038404810405298 1.1292329903452636 
49 87 4 0 9 17 11.40175425099138 13.038404810405298 1.1288228955905135 
47 86 4 0 7 16 11.40175425099138 13.038404810405298 1.1416723536038569 
46 85 4 0 7 29 11.40175425099138 13.038404810405298 1.1487626841923837 
45 84 5 0 6 25 11.40175425099138 13.038404810405298 1.1346129598691528 
44 83 5 1 7 25 11.40175425099138 13.038404810405298 1.1325264477292383 
43 82 5 1 6 23 10.0 13.038404810405298 1.1441215306391164 
37 80 6 1 4 21 10.0 13.038404810405298 1.1425297872526412 
36 79 6 1 5 20 10.0 13.038404810405298 1.1402562820490605 
35 78 6 1 4 18 10.0 13.038404810405298 1.1403591030438185 
33 77 6 1 5 18 10.0 13.038404810405298 1.1523712059380808 
31 76 7 1 3 18 10.0 13.038404810405298 1.163370506268216 
30 75 8 1 3 18 10.0 13.038404810405298 1.1650762801709034 
29 73 8 1 2 21 10.295630140987 13.038404810405298 1.1614456288798252 
28 72 8 1 3 18 10.295630140987 13.038404810405298 1.1457158592128565 
27 70 8 2 2 17 8.94427190999916 13.038404810405298 1.1451435697786831 
26 69 8 2 3 17 8.94427190999916 13.038404810405298 1.1450861933165866 
25 68 8 2 2 17 7.615773105863909 13.038404810405298 1.143663295997709 
24 67 8 2 2 16 7.615773105863909 13.038404810405298 1.143600946273087 
23 66 8 2 1 16 6.324555320336759 13.038404810405298 1.1432076648722809 
22 64 8 2 0 17 7.0710678118654755 13.038404810405298 1.142481694956814 
22 63 8 2 1 17 3.1622776601683795 13.038404810405298 1.1496190921333909 
21 61 9 2 0 15 5.656854249492381 12.165525060596439 1.1486985789525723 
21 60 9 2 0 15 4.47213595499958 12.165525060596439 1.1471750584751648 
21 59 9 2 0 15 4.0 11.40175425099138 1 
