140 140 0 0 14 14 16.0 16.0 1.124927455062045 
138 139 0 0 17 19 16.0 14.142135623730951 1.1383465038377922 
134 138 0 0 16 22 12.165525060596439 16.0 1.1520635391743708 
132 136 0 0 21 26 12.165525060596439 16.0 1.1550863649925023 
128 135 0 0 22 25 13.038404810405298 16.0 1.1600061997867837 
124 134 0 0 22 25 13.038404810405298 16.0 1.1702278407093543 
120 133 0 0 22 27 13.038404810405298 16.0 1.171384239676874 
116 132 0 0 24 25 13.038404810405298 16.0 1.1649626004137001 
110 130 1 0 18 19 13.038404810405298 16.0 1.1771448340739263 
109 129 1 0 24 22 14.142135623730951 16.0 1.1827199240977173 
99 128 1 0 18 20 14.142135623730951 16.0 1.2006477120787966 
95 126 1 0 17 26 14.142135623730951 16.0 1.2562878967747366 
91 124 2 0 17 43 14.142135623730951 16.0 1.2674526391259973 
87 123 3 0 15 43 14.142135623730951 16.0 1.2581950621119633 
86 122 4 0 14 37 14.142135623730951 16.0 1.2278185097935599 
80 121 5 0 12 20 14.142135623730951 16.0 1.220793847356399 
79 119 5 0 13 18 14.0 16.0 1.224944496999917 
75 118 5 0 12 18 14.0 16.0 1.222696527749627 
74 117 5 0 13 17 14.0 16.0 1.2458450563781658 
73 116 5 0 16 25 14.0 16.0 1.25916491718262 
67 115 5 0 12 28 14.0 16.0 1.2758991069202523 
66 114 5 0 17 33 14.0 16.0 1.2636970213611638 
64 113 5 0 20 27 14.0 16.0 1.250500667796215 
60 111 5 0 13 23 14.0 16.0 1.2579674364487556 
58 110 5 0 14 25 14.0 16.0 1.276211733635801 
56 109 6 0 12 29 14.0 16.0 1.2638827751457715 
55 107 6 0 13 25 14.0 16.0 1.2512339092431235 
53 101 6 0 12 24 13.038404810405298 16.0 1.2423694219718864 
51 100 6 0 9 21 13.038404810405298 16.0 1.23915993251185 
49 98 7 0 6 18 13.038404810405298 16.0 1.241462774961392 
48 97 7 0 6 19 12.0 16.0 1.2402243725875621 
46 96 7 0 6 18 11.045361017187261 16.0 1.2416349933042912 
44 95 7 0 6 18 10.198039027185569 16.0 1.2509959387413276 
42 94 7 0 6 21 9.486832980505138 16.0 1.2524012206718715 
40 93 7 0 6 21 8.94427190999916 16.0 1.244680412180107 
39 89 7 0 9 20 7.615773105863909 15.033296378372908 1.2502654629192669 
37 88 7 0 11 21 7.615773105863909 15.033296378372908 1.2495329602454488 
35 86 7 0 11 21 7.615773105863909 15.033296378372908 1.247388356799369 
31 85 7 0 6 20 5.830951894845301 14.142135623730951 1.2665712704711056 
29 84 7 0 5 27 5.830951894845301 14.142135623730951 1.2792901031209918 
28 83 8 0 5 29 5.830951894845301 14.142135623730951 1.276819375404845 
27 81 8 0 5 29 4.47213595499958 14.142135623730951 1.2718966994223426 
26 80 8 0 6 27 5.830951894845301 14.142135623730951 1.259676934432307 
25 78 8 0 5 24 5.830951894845301 12.649110640673518 1.2678869920782299 
23 76 9 0 3 25 3.1622776601683795 12.649110640673518 1.2540400240072196 
22 74 9 0 2 21 2.0 12.649110640673518 1.2502639462322267 
21 73 9 0 1 20 1.4142135623730951 12.649110640673518 1 
