140 140 0 0 14 14 16.0 16.0 1.0730975333433925 
138 138 0 0 17 17 16.0 14.142135623730951 1.0767076120182677 
134 137 0 0 16 18 13.341664064126334 16.0 1.0737950058510757 
132 133 0 0 21 17 13.341664064126334 15.033296378372908 1.08602052744074 
128 131 0 0 22 25 15.033296378372908 15.033296378372908 1.0835590826003179 
124 130 0 0 22 22 15.033296378372908 15.033296378372908 1.0843343790148594 
120 128 0 0 22 22 15.033296378372908 15.033296378372908 1.0933232759657598 
116 127 0 0 23 27 15.033296378372908 15.033296378372908 1.094664865034751 
108 123 1 0 20 20 15.033296378372908 15.033296378372908 1.1030114374420696 
104 121 1 0 17 26 15.033296378372908 15.033296378372908 1.103872831972152 
103 115 2 0 16 23 15.033296378372908 15.033296378372908 1.1184635391505904 
101 114 2 0 22 32 15.033296378372908 15.033296378372908 1.1233100935862765 
95 113 3 0 16 27 15.033296378372908 15.033296378372908 1.1323525746286962 
94 111 3 0 23 33 15.033296378372908 15.033296378372908 1.15343402905865 
82 109 4 0 14 38 14.142135623730951 15.033296378372908 1.1366101564887332 
81 108 4 0 20 25 14.0 15.033296378372908 1.1409226289379648 
69 106 5 0 11 18 14.0 15.033296378372908 1.1417229543081744 
68 105 5 0 15 18 14.0 15.033296378372908 1.1445136452212454 
60 104 5 0 9 18 14.0 15.033296378372908 1.148693016447557 
59 103 5 0 10 21 14.0 15.033296378372908 1.1468157973721211 
55 102 5 0 7 19 14.0 15.033296378372908 1.1479285982154022 
55 100 5 0 13 20 14.0 15.033296378372908 1.1580938578698177 
49 99 6 0 6 19 12.165525060596439 15.033296378372908 1.1622732290961295 
48 98 6 0 7 22 12.165525060596439 15.033296378372908 1.1694389237710994 
46 97 7 0 4 20 12.165525060596439 15.033296378372908 1.1648912039640327 
45 93 7 0 4 19 11.045361017187261 15.033296378372908 1.1684864078372663 
44 92 7 0 8 21 10.198039027185569 15.033296378372908 1.167735537380531 
40 91 7 0 4 20 10.198039027185569 15.033296378372908 1.168849105860097 
39 90 7 0 4 21 9.055385138137417 15.033296378372908 1.1677098983310337 
38 89 7 0 6 20 9.055385138137417 15.033296378372908 1.1740998638834756 
37 88 7 0 10 24 9.055385138137417 15.033296378372908 1.1734657684626002 
31 86 7 0 5 23 6.324555320336759 15.033296378372908 1.1875100014797886 
25 85 8 0 2 24 5.830951894845301 15.033296378372908 1.1668694944516982 
24 84 8 1 1 20 7.0710678118654755 15.033296378372908 1.1729503520459414 
23 82 9 1 0 18 5.656854249492381 15.033296378372908 1.1710394559535453 
23 80 9 1 0 18 4.47213595499958 15.033296378372908 1.1700839996195112 
23 79 9 1 0 18 4.0 15.033296378372908 1.1705258882356824 
23 78 9 1 0 19 4.47213595499958 15.033296378372908 1.1488997778557324 
23 72 9 2 0 18 4.0 15.033296378372908 1.1479442564263456 
23 71 9 2 0 18 4.47213595499958 15.033296378372908 1.148386210137869 
23 70 9 2 0 19 4.0 15.033296378372908 1.1488280987540405 
23 69 9 2 0 20 4.47213595499958 15.033296378372908 1.1478726424200063 
23 68 9 2 0 20 4.0 15.033296378372908 1.1455197109450608 
23 67 9 2 0 19 4.47213595499958 15.033296378372908 1.1445642546110266 
23 66 9 2 0 19 4.0 15.033296378372908 1.122567804525892 
23 64 9 3 0 15 4.47213595499958 15.033296378372908 1.1230097582374161 
23 63 9 3 0 16 4.0 15.033296378372908 1.1234516468535873 
23 62 9 3 0 17 4.47213595499958 15.033296378372908 1.120680113889005 
23 61 9 3 0 16 4.0 14.0 1.1169297723685014 
23 60 9 3 0 14 4.47213595499958 14.0 1.1122240070616403 
23 58 9 3 0 12 4.0 14.0 1.111268485632253 
23 57 9 3 0 12 4.47213595499958 14.0 1.1089156192526608 
23 56 9 3 0 11 4.0 14.0 1.107960097823274 
23 55 9 3 0 11 4.47213595499958 14.0 1.1070046414892398 
23 54 9 3 0 11 4.0 14.0 1.1060491200598526 
23 53 9 3 0 11 4.47213595499958 14.0 1.1050936637258184 
23 52 9 3 0 11 4.0 14.0 1.0896423427046271 
23 51 9 4 0 11 4.47213595499958 14.0 1.0713962666876717 
23 50 9 5 0 9 4.0 14.0 1.070051130252758 
23 49 9 5 0 9 4.47213595499958 13.038404810405298 1.0690956739187238 
23 48 9 5 0 9 4.0 13.038404810405298 1.0681401524893366 
23 47 9 5 0 9 4.47213595499958 13.038404810405298 1.0643898760641861 
23 46 9 5 0 7 4.0 13.038404810405298 1.0634343546347993 
23 45 9 5 0 7 4.47213595499958 13.038404810405298 1.0626017715816354 
23 44 9 5 0 7 4.0 13.341664064126334 1.0443556304693273 
23 43 9 6 0 5 4.47213595499958 13.341664064126334 1.0434001741352932 
23 42 9 6 0 5 4.0 13.341664064126334 1.0424446527059064 
23 41 9 6 0 5 4.47213595499958 13.341664064126334 1.0269933967800673 
23 40 9 7 0 5 4.0 13.341664064126334 1.0260378753506805 
23 39 9 7 0 5 4.47213595499958 13.341664064126334 1.023685008971088 
23 38 9 7 0 4 4.0 13.341664064126334 1.020855534550297 
23 37 9 7 0 3 4.47213595499958 12.165525060596439 1.0199000782162628 
23 36 9 7 0 3 4.0 12.165525060596439 1.0175471467413177 
23 35 9 7 0 2 4.47213595499958 12.165525060596439 1.000698480769921 
23 34 9 8 0 1 4.0 12.165525060596439 0.9997429593405338 
23 33 9 8 0 1 4.47213595499958 12.165525060596439 0.982894293369137 
23 32 9 9 0 0 4.0 12.165525060596439 0.991195753338674 
23 34 9 9 0 4 4.47213595499958 14.142135623730951 0.9871211452878097 
23 33 9 9 0 2 4.0 13.341664064126334 0.9830901979481157 
23 32 9 9 0 0 4.47213595499958 12.649110640673518 0.9925123514519942 
23 35 9 9 0 4 4.0 15.033296378372908 0.9911381634376172 
23 34 9 9 0 4 4.47213595499958 14.0 0.9869982720069395 
23 33 9 9 0 2 4.0 13.038404810405298 0.9828271940889136 
23 32 9 9 0 0 4.47213595499958 12.0 1.0010733352012213 
23 33 9 8 0 2 4.0 12.0 0.9828942608214607 
23 32 9 9 0 0 4.47213595499958 12.165525060596439 1.003846970526013 
23 34 9 8 0 3 4.0 13.038404810405298 0.9828942608214607 
23 32 9 9 0 0 4.47213595499958 12.165525060596439 1.003846970526013 
23 34 9 8 0 3 4.0 13.038404810405298 0.9997429593405338 
23 33 9 8 0 1 4.47213595499958 12.165525060596439 0.982894293369137 
23 32 9 9 0 0 4.0 12.165525060596439 0.991195753338674 
23 34 9 9 0 4 4.47213595499958 14.142135623730951 0.9869982720069395 
23 33 9 9 0 2 4.0 13.038404810405298 0.9828942608214607 
23 32 9 9 0 0 4.47213595499958 12.165525060596439 0.9925123514519942 
23 35 9 9 0 4 4.0 15.033296378372908 0.991195753338674 
23 34 9 9 0 4 4.47213595499958 14.142135623730951 0.983090230495792 
23 32 9 9 0 0 4.0 12.649110640673518 0.9997429593405338 
23 33 9 8 0 1 4.47213595499958 12.165525060596439 0.983090230495792 
23 32 9 9 0 0 4.0 12.649110640673518 0.991195753338674 
23 34 9 9 0 4 4.47213595499958 14.142135623730951 0.98282722663659 
23 32 9 9 0 0 4.0 12.0 1.0079636073778329 
23 36 9 8 0 4 4.47213595499958 15.033296378372908 1.0052496643143072 
23 35 9 8 0 3 4.0 14.142135623730951 1.0010521178872203 
23 34 9 8 0 1 4.47213595499958 13.038404810405298 0.9982785151101049 
23 33 9 8 0 0 4.0 12.0 1.006647041812189 
23 35 9 8 0 4 4.47213595499958 14.142135623730951 1.001175023715767 
23 34 9 8 0 1 4.0 13.341664064126334 0.9983455492949757 
23 33 9 8 0 0 4.47213595499958 12.165525060596439 1.0065894844588086 
23 35 9 8 0 4 4.0 14.0 1.0024495279327785 
23 34 9 8 0 2 4.47213595499958 13.038404810405298 0.9982785151101049 
23 33 9 8 0 0 4.0 12.0 1.0079636073778329 
23 36 9 8 0 4 4.47213595499958 15.033296378372908 1.003846970526013 
23 34 9 8 0 3 4.0 13.038404810405298 0.9982784825624286 
23 33 9 8 0 0 4.47213595499958 12.0 1.0248123384445822 
23 37 9 7 0 5 4.0 15.033296378372908 1.0079636073778329 
23 36 9 8 0 4 4.47213595499958 15.033296378372908 1.0065894844588086 
23 35 9 8 0 4 4.0 14.0 1.0038469379783366 
23 34 9 8 0 3 4.47213595499958 13.038404810405298 0.9997429918882101 
23 33 9 8 0 1 4.0 12.165525060596439 0.9830901979481157 
23 32 9 9 0 0 4.47213595499958 12.649110640673518 0.9997429918882101 
23 33 9 8 0 1 4.0 12.165525060596439 0.9830901979481157 
23 32 9 9 0 0 4.47213595499958 12.649110640673518 0.9911957858863504 
23 34 9 9 0 4 4.0 14.142135623730951 0.9871211127401334 
23 33 9 9 0 2 4.47213595499958 13.341664064126334 0.983090230495792 
23 32 9 9 0 0 4.0 12.649110640673518 0.9703197328330015 
23 21 9 9 0 0 4.47213595499958 7.0710678118654755 0.9798172440082192 
21 24 9 9 1 4 1.4142135623730951 5.656854249492381 1 
