140 140 0 0 14 14 16.0 16.0 0.9823525219666839 
138 138 0 0 17 17 16.0 14.142135623730951 0.9888162865310064 
134 137 0 0 16 18 13.341664064126334 16.0 0.9906450579277403 
132 135 0 0 16 20 13.341664064126334 16.0 0.9931626978244419 
130 134 0 0 16 22 13.341664064126334 16.0 0.9949914692211757 
128 132 0 0 16 24 13.341664064126334 16.0 0.9964068708327001 
126 131 0 0 14 23 13.341664064126334 16.0 0.9947072740560106 
125 130 0 0 14 21 14.0 16.0 0.9944197289421951 
123 128 0 0 15 21 14.0 16.0 0.9948350071532981 
121 127 0 0 15 21 14.0 15.033296378372908 0.9950651345553546 
120 126 0 0 14 21 15.033296378372908 15.033296378372908 0.9949694726989556 
119 125 0 0 14 20 14.0 15.033296378372908 0.9976571695020833 
117 124 0 0 15 23 14.0 15.033296378372908 0.9970127645242676 
115 123 0 0 16 21 13.038404810405298 15.033296378372908 0.9980061554763189 
113 122 0 0 16 21 13.038404810405298 15.033296378372908 1.0034754923282523 
111 120 0 0 15 27 13.038404810405298 15.033296378372908 1.0031146912420794 
109 119 0 0 16 26 13.038404810405298 15.033296378372908 1.0033459577218056 
107 118 0 0 16 25 13.038404810405298 15.033296378372908 1.0006019822845886 
105 116 0 0 16 21 13.038404810405298 15.033296378372908 1.0035416328407631 
103 115 0 0 14 22 13.038404810405298 15.033296378372908 1.0022058491131343 
102 111 0 0 14 23 12.165525060596439 14.0 1.0039613645375107 
100 110 0 0 14 24 12.165525060596439 14.0 1.003025505679439 
98 109 0 0 15 23 12.165525060596439 13.038404810405298 1.0062375644432129 
97 108 0 0 14 26 12.165525060596439 13.341664064126334 1.0009235153866938 
96 106 0 0 14 19 11.045361017187261 13.341664064126334 1.0026790308110702 
94 105 0 0 14 20 11.045361017187261 13.341664064126334 1.02178774264898 
88 104 1 0 15 24 11.045361017187261 13.341664064126334 1.022321790621864 
87 103 1 0 13 24 11.045361017187261 12.0 1.02619362255679 
85 102 1 0 12 27 11.045361017187261 12.0 1.027326135610446 
84 101 1 0 11 27 11.045361017187261 12.649110640673518 1.0298380262258204 
83 99 1 0 11 31 11.045361017187261 12.649110640673518 1.043265969758729 
75 98 2 0 18 30 11.045361017187261 12.649110640673518 1.0449826800491513 
73 94 2 0 14 30 10.198039027185569 12.649110640673518 1.0450438896224512 
71 93 2 0 13 28 10.198039027185569 12.649110640673518 1.0399899958065475 
69 89 2 0 12 22 10.198039027185569 12.649110640673518 1.0384301555011288 
67 87 2 0 10 18 10.198039027185569 12.649110640673518 1.0383889134464057 
66 86 2 0 10 17 9.055385138137417 12.649110640673518 1.040472496284577 
62 85 2 0 11 17 9.055385138137417 12.649110640673518 1.044265407719125 
58 84 2 0 10 17 8.0 12.649110640673518 1.043904606632952 
56 83 2 0 11 16 8.0 12.649110640673518 1.0436031273203226 
55 82 2 0 10 15 7.0710678118654755 11.40175425099138 1.0445175130186897 
54 81 2 0 10 16 7.0710678118654755 11.40175425099138 1.0440599109984479 
52 79 2 0 10 15 7.0710678118654755 11.40175425099138 1.057517730515344 
50 78 3 0 11 16 7.0710678118654755 11.40175425099138 1.0708787490981717 
48 76 4 0 11 17 7.0710678118654755 11.40175425099138 1.0764752350937148 
44 75 4 0 10 22 8.602325267042627 10.198039027185569 1.0768003231256709 
44 74 4 0 7 20 7.0710678118654755 10.198039027185569 1.078306776389937 
43 73 4 0 6 21 7.0710678118654755 10.198039027185569 1.0777759183973379 
41 72 4 0 6 19 7.0710678118654755 10.198039027185569 1.0897094889695842 
39 71 5 0 7 18 7.0710678118654755 10.198039027185569 1.1037593760523796 
37 70 6 0 7 19 7.0710678118654755 10.198039027185569 1.1055462662016988 
35 69 6 0 5 18 6.324555320336759 10.198039027185569 1.1049364029554154 
34 68 6 0 5 17 6.324555320336759 10.198039027185569 1.1064606545435411 
33 67 6 0 5 18 5.0990195135927845 10.198039027185569 1.1050886668249327 
32 66 6 0 5 16 5.0990195135927845 10.198039027185569 1.1048156091964394 
31 65 6 0 5 16 5.0990195135927845 9.486832980505138 1.1055147777505503 
30 64 6 0 5 16 4.0 9.486832980505138 1.1061046984726983 
29 63 6 0 5 17 4.0 8.94427190999916 1.1189733420166321 
28 62 7 0 3 16 4.0 8.94427190999916 1.119887727714999 
27 61 7 0 3 17 4.0 8.94427190999916 1.1175260416986033 
26 59 7 0 2 13 4.0 10.0 1.118857304878102 
25 58 7 0 2 14 3.1622776601683795 10.0 1.1077122053142574 
24 57 7 1 1 16 4.47213595499958 10.0 1.118634589254068 
23 56 8 1 1 14 4.47213595499958 10.0 1.1085914842772413 
22 55 8 2 0 17 5.0990195135927845 10.0 1.1059879596036 
22 54 8 2 1 14 3.1622776601683795 10.0 1.1190266600539602 
21 53 9 2 0 14 3.1622776601683795 10.0 1.1179267481999426 
21 51 9 2 1 14 1.4142135623730951 10.0 1 
