140 140 0 0 14 14 16.0 16.0 1.1433134218853211 
139 138 0 0 19 17 16.0 13.038404810405298 1.1621404505943096 
135 137 0 0 22 20 14.0 15.033296378372908 1.1885639365706504 
131 135 0 0 25 27 14.0 15.033296378372908 1.1977310788113578 
127 134 0 0 25 28 13.038404810405298 16.0 1.183235418943985 
123 132 0 0 28 21 13.038404810405298 16.0 1.2053004930539688 
123 131 0 0 38 26 13.038404810405298 16.0 1.2005775832033319 
117 129 0 0 38 22 12.165525060596439 16.0 1.1966456950466295 
113 125 0 0 36 22 12.165525060596439 16.0 1.2362131075948353 
107 124 0 0 34 33 13.038404810405298 16.0 1.2423801762541313 
99 122 1 0 31 30 12.165525060596439 16.0 1.2162196589779595 
91 120 2 0 19 19 12.165525060596439 16.0 1.2084359614768267 
90 116 2 0 25 17 12.083045973594572 16.0 1.2207379781353036 
89 115 2 0 32 19 12.083045973594572 16.0 1.2271944025303925 
88 114 2 0 39 19 12.083045973594572 16.0 1.2336535764573386 
88 113 2 0 48 19 12.083045973594572 16.0 1.2634988135414285 
80 112 3 0 34 27 12.649110640673518 16.0 1.2628829244390436 
72 108 3 0 26 28 12.165525060596439 14.0 1.2459466343215764 
66 107 3 0 23 20 12.0 14.0 1.2562844335700936 
65 106 3 0 28 22 11.045361017187261 14.0 1.2597198756290566 
59 105 3 0 19 23 10.0 14.0 1.2441773343544416 
58 104 3 1 22 23 10.0 14.0 1.2609782634768467 
52 102 4 1 19 25 10.0 14.0 1.278235407569493 
48 101 5 1 15 28 9.055385138137417 14.0 1.248967252280222 
47 97 5 1 17 20 8.0 14.0 1.2701196964256256 
43 96 6 1 14 24 8.0 14.0 1.2940707798352968 
39 95 6 1 12 31 7.0710678118654755 14.0 1.2870346455666288 
33 94 7 1 9 24 7.0710678118654755 14.0 1.283646851874096 
32 93 7 1 9 23 6.0 14.0 1.2764136486974573 
30 92 7 1 9 20 4.0 14.0 1.2900206104277694 
29 90 7 1 8 26 3.1622776601683795 14.0 1.2851346197495814 
28 88 7 1 9 25 3.1622776601683795 14.0 1.307178557599243 
26 87 8 1 5 31 3.1622776601683795 14.0 1.2881655985394773 
26 86 8 1 6 25 3.1622776601683795 14.0 1.2837638706063232 
25 85 8 1 5 24 3.1622776601683795 14.0 1.2833775511562002 
23 84 9 1 2 22 5.0990195135927845 14.0 1.2750836968018067 
22 83 9 1 0 20 4.0 14.0 1.269683094598703 
22 82 9 1 0 19 4.47213595499958 14.0 1.2759930854768513 
22 81 9 1 0 22 4.0 14.0 1.2676696871420536 
22 80 9 1 0 20 4.47213595499958 14.0 1.2622884934934264 
22 79 9 1 0 19 4.0 14.0 1.253965095158629 
22 78 9 1 0 17 4.47213595499958 14.0 1.2544294937733893 
22 77 9 1 0 18 4.0 14.0 1.2490288915702858 
22 76 9 1 0 17 4.47213595499958 14.0 1.2455671682443392 
22 74 9 1 0 18 4.0 12.165525060596439 1.2495027141872976 
21 72 9 1 1 20 1.4142135623730951 12.165525060596439 1 
