140 140 0 0 14 14 16.0 16.0 1.155981217371593 
138 138 0 0 17 17 16.0 14.142135623730951 1.1639374341974429 
134 137 0 0 16 18 13.038404810405298 16.0 1.1801960489340924 
132 136 0 0 21 22 13.038404810405298 16.0 1.1668980156954663 
128 134 0 0 22 16 13.038404810405298 16.0 1.1715481078591385 
124 133 0 0 22 16 13.341664064126334 16.0 1.1762052907760738 
120 132 0 0 22 16 14.0 16.0 1.1835880417823452 
116 131 0 0 22 17 14.142135623730951 16.0 1.2027462370610462 
112 130 0 0 23 22 14.142135623730951 16.0 1.2313876088271267 
104 129 1 0 18 27 14.142135623730951 16.0 1.2472522168288798 
98 128 2 0 15 28 14.142135623730951 16.0 1.2229923194233947 
96 124 2 0 16 21 14.142135623730951 16.0 1.2131900378926699 
94 123 2 0 16 17 14.142135623730951 16.0 1.2244399907728354 
92 122 2 0 15 21 14.142135623730951 16.0 1.2259555034987253 
90 120 2 0 15 22 14.142135623730951 16.0 1.2137916341077584 
88 118 2 0 15 18 14.142135623730951 16.0 1.2121969818471476 
86 117 2 0 15 17 14.142135623730951 16.0 1.2292161235955772 
86 115 2 0 20 24 14.142135623730951 14.0 1.2423626513327792 
80 114 3 0 17 24 15.033296378372908 14.0 1.2446267411849272 
78 110 3 0 17 27 15.033296378372908 14.0 1.2440984113955267 
76 109 3 0 15 27 15.033296378372908 14.0 1.2484329881759837 
70 105 4 0 10 27 13.038404810405298 14.0 1.2538897560764546 
70 104 4 0 17 28 13.038404810405298 13.038404810405298 1.246152278111701 
66 103 4 0 12 25 13.038404810405298 13.038404810405298 1.280468926853871 
64 102 5 0 10 35 13.038404810405298 13.038404810405298 1.265545151679856 
63 98 5 0 12 32 13.038404810405298 12.165525060596439 1.2760058482113152 
59 97 6 0 10 32 13.038404810405298 12.165525060596439 1.276751822760266 
59 96 6 0 17 31 13.038404810405298 12.165525060596439 1.2682474091958809 
57 95 6 0 12 29 13.038404810405298 12.165525060596439 1.2879142160922152 
51 94 7 0 7 32 13.038404810405298 12.165525060596439 1.2750640837047156 
50 92 7 0 9 28 13.038404810405298 11.40175425099138 1.2575921655856863 
46 90 7 0 5 22 13.038404810405298 11.40175425099138 1.2553689730029611 
45 86 7 0 5 24 13.038404810405298 11.40175425099138 1.262335502006092 
43 84 7 0 5 27 12.0 11.40175425099138 1.2615565629254224 
41 83 7 0 6 26 11.045361017187261 11.40175425099138 1.2609434710450693 
37 82 7 0 3 25 10.198039027185569 11.40175425099138 1.2674603934670192 
36 81 7 0 5 27 9.486832980505138 11.40175425099138 1.2566510149837486 
36 80 7 0 8 23 9.055385138137417 11.40175425099138 1.2641658831785607 
30 79 7 0 4 24 7.615773105863909 11.40175425099138 1.2773697453896626 
29 77 7 0 7 29 7.211102550927978 11.40175425099138 1.2484695228097538 
25 71 7 0 4 22 3.1622776601683795 11.40175425099138 1.2545107782827891 
24 70 8 0 3 22 3.1622776601683795 11.40175425099138 1.2472490957402607 
24 69 8 1 5 26 3.1622776601683795 11.40175425099138 1.2450827219431821 
23 68 9 1 4 23 3.1622776601683795 11.40175425099138 1.2354234669734772 
22 67 9 1 3 20 2.8284271247461903 11.40175425099138 1 
