140 140 0 0 14 14 16.0 16.0 1.1512852725567462 
138 138 0 0 17 17 16.0 14.142135623730951 1.158550360240731 
134 137 0 0 16 17 13.038404810405298 16.0 1.1788942266602778 
132 135 0 0 21 22 13.038404810405298 16.0 1.18639688335741 
128 134 0 0 22 22 13.038404810405298 16.0 1.186389705965428 
124 133 0 0 22 20 13.038404810405298 16.0 1.192862261100891 
120 132 0 0 22 20 13.038404810405298 16.0 1.1867870505950906 
116 130 0 0 22 17 13.038404810405298 16.0 1.2185625598171221 
110 129 0 0 17 25 14.142135623730951 16.0 1.2248320144950513 
106 128 1 0 17 23 14.142135623730951 16.0 1.2491301720262586 
104 127 2 0 17 28 14.142135623730951 16.0 1.248742601466889 
102 126 2 0 18 27 14.142135623730951 16.0 1.238782154156927 
101 124 2 0 21 24 14.142135623730951 16.0 1.2419307334805707 
100 122 2 0 21 26 14.142135623730951 16.0 1.2420731176673037 
96 121 2 0 18 25 14.142135623730951 16.0 1.2547381953245809 
95 119 3 0 18 28 14.142135623730951 16.0 1.260827517754517 
94 117 3 0 24 29 14.142135623730951 16.0 1.27405306126468 
86 116 3 0 16 31 14.142135623730951 15.033296378372908 1.2673349815244892 
85 114 4 0 13 29 15.033296378372908 15.033296378372908 1.2493034391330708 
84 113 4 0 18 22 15.033296378372908 15.033296378372908 1.239868608715369 
76 111 4 0 12 17 15.033296378372908 15.033296378372908 1.2456957933103932 
75 110 4 0 15 18 15.033296378372908 15.033296378372908 1.2501081453225178 
71 109 4 0 13 18 15.033296378372908 15.033296378372908 1.2987864820402908 
65 108 5 0 18 26 13.038404810405298 15.033296378372908 1.30467352643975 
59 107 6 0 10 25 13.341664064126334 15.033296378372908 1.2957460202295965 
57 106 6 0 9 22 13.341664064126334 15.033296378372908 1.2957781612551187 
56 104 6 0 9 23 12.165525060596439 15.033296378372908 1.286585677671914 
55 103 6 0 10 20 12.165525060596439 15.033296378372908 1.3003372353078189 
53 102 6 0 9 24 12.165525060596439 15.033296378372908 1.2727463174677842 
52 100 6 1 10 22 12.165525060596439 15.033296378372908 1.2717424827318768 
51 98 6 1 9 23 11.045361017187261 15.033296378372908 1.2710899347994558 
50 97 6 1 12 22 11.045361017187261 15.033296378372908 1.264222631712641 
48 96 6 1 13 19 11.045361017187261 15.033296378372908 1.2722865494021154 
44 94 6 1 11 21 11.045361017187261 15.033296378372908 1.2763325038193942 
42 93 6 1 13 21 9.486832980505138 15.033296378372908 1.2764748880061272 
38 92 6 1 10 20 9.486832980505138 15.033296378372908 1.279341962914919 
37 91 6 1 10 21 8.246211251235321 15.033296378372908 1.2821665579736523 
35 90 7 1 8 20 8.0 15.033296378372908 1.2933418160874297 
35 89 7 1 13 23 8.246211251235321 14.0 1.2782108878015932 
29 88 7 1 6 17 4.47213595499958 14.0 1.2843343560159084 
29 86 7 1 8 20 4.47213595499958 14.0 1.2890554412168627 
27 85 8 1 5 20 7.211102550927978 14.0 1.278289380950102 
25 84 8 1 2 17 5.0990195135927845 14.0 1.2697239456191416 
24 82 8 1 0 16 4.47213595499958 14.0 1.2669453262972186 
24 81 8 1 0 16 4.0 14.0 1.264117159447123 
24 80 8 1 0 16 4.0 14.0 1.2677687251244725 
24 79 8 1 0 18 4.0 14.0 1.239650692076475 
24 78 8 2 0 16 4.0 14.0 1.240062391490102 
24 77 8 2 0 17 4.0 14.0 1.231166191526188 
24 75 8 2 0 16 4.0 14.0 1.2369398372423932 
23 74 9 2 0 16 4.0 14.0 1.2279940897503068 
23 72 9 2 0 15 4.47213595499958 14.0 1.225627169842011 
23 70 9 2 0 16 4.0 14.0 1.2195095892000198 
23 69 9 2 0 15 4.47213595499958 14.0 1.2199708361418196 
23 68 9 2 0 16 4.0 14.0 1.1954548212429985 
23 66 9 3 0 16 4.47213595499958 14.0 1.1645581688730775 
23 64 9 4 0 14 4.0 14.0 1.164920320758532 
23 63 9 4 0 15 4.47213595499958 14.0 1.162141701436609 
23 62 9 4 0 15 4.0 14.0 1.1467162214170774 
23 60 9 4 0 12 4.47213595499958 14.0 1.140697735831432 
23 59 9 4 0 11 4.0 14.0 1.1378200214531637 
23 58 9 4 0 11 4.47213595499958 14.0 1.1382812683949632 
23 57 9 4 0 12 4.0 14.0 1.1321636877529724 
23 56 9 4 0 11 4.47213595499958 14.0 1.1293850684310496 
23 55 9 4 0 11 4.0 14.0 1.1265073540527812 
23 54 9 4 0 11 4.47213595499958 14.0 1.1237287347308584 
23 53 9 4 0 11 4.0 14.0 1.1240908866163124 
23 52 9 4 0 12 4.47213595499958 14.0 1.1172899043647413 
23 51 9 4 0 11 4.0 13.038404810405298 1.1176520562501955 
23 50 9 4 0 12 4.47213595499958 13.038404810405298 1.1083937044008274 
23 49 9 4 0 10 4.0 13.038404810405298 1.0834659900883796 
23 48 9 5 0 9 4.47213595499958 13.038404810405298 1.0806873707664568 
23 47 9 5 0 9 4.0 13.038404810405298 1.0778096563881885 
23 46 9 5 0 9 4.47213595499958 13.038404810405298 1.071791170802543 
23 45 9 5 0 8 4.0 13.038404810405298 1.0689134564242746 
23 44 9 5 0 8 4.47213595499958 13.038404810405298 1.0661348371023518 
23 43 9 5 0 8 4.0 13.038404810405298 1.060017256460361 
23 42 9 5 0 7 4.47213595499958 13.038404810405298 1.0572386371384381 
23 41 9 5 0 7 4.0 13.038404810405298 1.0543609227601698 
23 40 9 5 0 7 4.47213595499958 13.038404810405298 1.0295323035040669 
23 39 9 6 0 6 4.0 13.038404810405298 1.0046045891916189 
23 38 9 7 0 5 4.47213595499958 13.038404810405298 0.9977411032245078 
23 37 9 7 0 4 4.0 12.0 0.9948633888462393 
23 36 9 7 0 4 4.47213595499958 12.0 0.9920847695243167 
23 35 9 7 0 4 4.0 12.0 0.9859671888823255 
23 34 9 7 0 3 4.47213595499958 12.0 0.954658837098778 
23 33 9 8 0 0 4.0 12.0 0.9578491558343275 
23 33 9 8 0 1 4.47213595499958 12.0 0.9330205365782253 
23 32 9 9 0 0 4.0 12.0 0.9578491558343275 
23 33 9 8 0 1 4.47213595499958 12.0 0.9330205365782253 
23 32 9 9 0 0 4.0 12.0 0.9331056848237472 
23 32 9 9 0 0 4.47213595499958 12.165525060596439 0.9680516031215074 
23 34 9 8 0 3 4.0 13.038404810405298 0.9579838516080225 
23 33 9 8 0 1 4.47213595499958 12.165525060596439 0.9331552323519202 
23 32 9 9 0 0 4.0 12.165525060596439 0.9579838516080225 
23 33 9 8 0 1 4.47213595499958 12.165525060596439 0.9331552323519202 
23 32 9 9 0 0 4.0 12.165525060596439 0.9568832951050623 
23 35 9 9 0 4 4.47213595499958 15.033296378372908 0.9434202131072446 
23 33 9 9 0 2 4.0 13.341664064126334 0.9331056848237472 
23 32 9 9 0 0 4.47213595499958 12.165525060596439 0.9434202131072446 
23 33 9 9 0 2 4.0 13.341664064126334 0.9331056848237472 
23 32 9 9 0 0 4.47213595499958 12.165525060596439 0.9680516031215074 
23 34 9 8 0 3 4.0 13.038404810405298 0.9579838516080225 
23 33 9 8 0 1 4.47213595499958 12.165525060596439 0.9331552323519202 
23 32 9 9 0 0 4.0 12.165525060596439 0.9782081142907765 
23 35 9 8 0 5 4.47213595499958 14.142135623730951 0.9611385696262231 
23 33 9 8 0 2 4.0 12.0 0.9331056848237472 
23 32 9 9 0 0 4.47213595499958 12.165525060596439 0.9532638323806986 
23 34 9 9 0 4 4.0 14.0 0.943123888809059 
23 33 9 9 0 2 4.47213595499958 13.038404810405298 0.9330205365782253 
23 32 9 9 0 0 4.0 12.0 0.9533299475065012 
23 34 9 9 0 4 4.47213595499958 14.142135623730951 0.9431734363372319 
23 33 9 9 0 2 4.0 13.038404810405298 0.9329709890500523 
23 32 9 9 0 0 4.47213595499958 12.0 0.96829837989152 
23 34 9 8 0 3 4.0 13.341664064126334 0.954609289570605 
23 33 9 8 0 0 4.47213595499958 12.0 0.9750177955552269 
23 35 9 8 0 4 4.0 14.142135623730951 0.9650089660996245 
23 34 9 8 0 2 4.47213595499958 13.341664064126334 0.9580333991361955 
23 33 9 8 0 1 4.0 12.165525060596439 0.9331056848237472 
23 32 9 9 0 0 4.47213595499958 12.165525060596439 0.8947190177203019 
23 21 9 9 0 0 4.0 3.1622776601683795 0.9192866401176939 
21 23 9 9 1 4 1.4142135623730951 3.1622776601683795 1 
