140 140 0 0 14 14 16.0 16.0 1.1816071081318464 
138 139 0 0 17 17 16.0 14.142135623730951 1.182465229968605 
134 138 0 0 16 15 12.649110640673518 16.0 1.1900345203710627 
132 137 0 0 21 15 12.649110640673518 16.0 1.2179115484955472 
128 135 0 0 22 22 12.649110640673518 16.0 1.224394917769497 
124 134 0 0 22 22 13.038404810405298 16.0 1.2341265865003883 
120 133 0 0 22 23 14.0 16.0 1.261747821447683 
116 132 0 0 23 29 14.0 16.0 1.2776916354747307 
112 130 0 0 28 31 14.0 16.0 1.290447541362865 
104 129 1 0 20 31 14.142135623730951 16.0 1.2857966493179016 
102 127 1 0 20 30 14.142135623730951 16.0 1.281838795343998 
96 126 2 0 16 25 14.142135623730951 16.0 1.2713935143013606 
95 125 2 0 19 21 14.142135623730951 16.0 1.2764477357142647 
93 124 2 0 19 22 14.142135623730951 16.0 1.2670536740401785 
91 123 2 0 18 19 14.142135623730951 16.0 1.2742611234245205 
89 122 2 0 17 21 14.142135623730951 16.0 1.3136854411945282 
87 121 2 0 18 32 14.142135623730951 16.0 1.2924740202947023 
86 120 2 0 26 23 14.142135623730951 16.0 1.282813533819017 
84 119 2 0 17 23 14.142135623730951 15.033296378372908 1.2880114290400597 
82 117 2 0 17 25 15.033296378372908 15.033296378372908 1.2947914968118057 
80 116 2 0 19 26 13.341664064126334 14.142135623730951 1.2907702558071683 
78 115 2 0 17 25 14.142135623730951 14.142135623730951 1.2936408478084607 
72 114 3 0 13 22 12.649110640673518 14.142135623730951 1.2898361711891944 
71 113 3 0 16 20 12.649110640673518 14.142135623730951 1.3046053130907354 
70 112 3 0 15 25 12.649110640673518 14.142135623730951 1.3006197159624109 
69 111 3 0 15 24 12.649110640673518 14.142135623730951 1.2884721970376098 
65 109 3 0 13 20 12.649110640673518 14.142135623730951 1.3092875829493802 
63 108 4 0 10 25 12.649110640673518 14.142135623730951 1.2971515155070306 
62 106 5 0 9 21 12.165525060596439 14.142135623730951 1.2964862205903918 
61 105 5 0 9 21 12.165525060596439 14.142135623730951 1.2919314206374848 
59 103 5 0 9 20 11.40175425099138 14.142135623730951 1.328035436195807 
57 102 5 0 10 30 11.40175425099138 14.142135623730951 1.3278834249979496 
56 101 5 0 16 28 10.198039027185569 14.142135623730951 1.347596591359719 
46 100 6 0 7 29 10.295630140987 14.142135623730951 1.3482231976270245 
45 98 6 0 8 30 10.295630140987 14.0 1.3367131020171525 
43 97 6 0 8 26 10.0 14.0 1.3561505408796855 
42 96 6 0 11 31 10.0 14.0 1.3377817263017322 
40 95 6 0 8 26 10.0 14.0 1.3571570892315148 
39 94 6 0 8 32 9.055385138137417 14.0 1.3267326806084347 
35 88 7 0 5 25 8.94427190999916 13.038404810405298 1.314839432045466 
34 84 7 0 6 24 8.0 13.038404810405298 1.3431875747990918 
33 83 7 0 8 32 7.0710678118654755 13.038404810405298 1.329375825003108 
32 82 7 0 8 28 6.0 13.038404810405298 1.3098235823177038 
28 81 7 0 3 22 8.602325267042627 13.038404810405298 1.3083765166956656 
27 80 7 0 3 22 7.211102550927978 12.0 1.3166209090455319 
27 79 7 0 7 24 7.211102550927978 12.0 1.278756352698138 
25 77 8 1 4 18 7.211102550927978 12.0 1.2802791888134346 
23 75 9 1 1 18 4.242640687119285 12.0 1.2833679153573587 
22 73 9 1 1 20 2.8284271247461903 12.0 1.282880546512408 
21 72 9 1 1 20 1.4142135623730951 12.0 1 
