140 140 0 0 14 14 16.0 16.0 1.347719843477357 
139 139 0 0 19 18 16.0 13.038404810405298 1.351652464854536 
135 138 0 0 22 15 13.341664064126334 15.033296378372908 1.3848566352463583 
131 137 0 0 25 19 13.341664064126334 15.033296378372908 1.4087786332859231 
127 136 0 0 25 22 13.341664064126334 16.0 1.4277265070286451 
123 135 0 0 28 23 13.341664064126334 16.0 1.4483555013879092 
123 133 0 0 38 25 13.341664064126334 16.0 1.4440664740110833 
117 132 0 0 38 21 12.165525060596439 16.0 1.4616541824877334 
116 131 0 0 45 22 12.165525060596439 16.0 1.4794441480746379 
108 130 0 0 39 24 13.038404810405298 16.0 1.5291422883338317 
102 126 0 0 36 36 13.038404810405298 15.033296378372908 1.5888783688159542 
96 124 0 0 35 47 14.0 15.033296378372908 1.5340376270717964 
94 118 0 0 42 37 14.0 15.033296378372908 1.5411698174788884 
84 117 1 0 34 36 14.0 14.142135623730951 1.5879303244117753 
83 116 1 0 39 44 14.0 14.142135623730951 1.5964890006738457 
81 115 1 0 47 42 14.0 14.142135623730951 1.6437149843835508 
71 114 2 0 30 53 14.0 14.142135623730951 1.6103579184096657 
70 108 2 0 35 49 13.038404810405298 14.142135623730951 1.6066409134967465 
68 107 2 0 37 47 13.038404810405298 14.142135623730951 1.5651574885144983 
67 106 2 0 43 36 13.038404810405298 14.142135623730951 1.5363136789607035 
65 104 2 0 35 34 13.038404810405298 14.142135623730951 1.5362134022212939 
64 103 2 0 38 33 13.038404810405298 14.142135623730951 1.496000943830453 
58 102 3 0 17 30 13.038404810405298 14.142135623730951 1.4925343099124715 
57 101 3 0 23 27 13.038404810405298 14.142135623730951 1.4496845747045148 
56 99 3 0 19 21 13.038404810405298 14.142135623730951 1.4432216628210621 
57 98 3 0 22 20 13.038404810405298 14.142135623730951 1.474340131400388 
56 97 3 0 24 26 13.038404810405298 14.142135623730951 1.4860294813027652 
56 96 3 0 28 28 13.038404810405298 13.341664064126334 1.517673710763021 
54 95 4 0 28 34 13.038404810405298 12.649110640673518 1.4890352642870217 
50 94 4 0 24 28 13.038404810405298 12.649110640673518 1.4769750087559483 
50 93 4 0 32 23 13.038404810405298 12.649110640673518 1.4658412170415718 
46 92 5 0 26 21 13.038404810405298 12.649110640673518 1.4788753025408896 
45 91 5 0 26 24 12.0 12.649110640673518 1.4776318106380784 
44 90 5 0 26 24 11.045361017187261 12.649110640673518 1.4859155644823936 
43 89 5 0 26 26 10.0 12.649110640673518 1.4962196705748911 
42 88 5 0 27 28 9.055385138137417 12.649110640673518 1.492914759416435 
38 87 5 0 24 27 7.211102550927978 12.083045973594572 1.475686425879593 
36 85 5 0 24 24 7.211102550927978 12.083045973594572 1.5015776300243986 
36 84 5 0 25 30 7.211102550927978 12.083045973594572 1.4942889048551118 
36 82 5 0 26 30 7.211102550927978 12.083045973594572 1.4548673143990833 
30 81 6 0 17 22 7.211102550927978 12.083045973594572 1.4404413770126343 
26 79 7 0 10 21 5.656854249492381 11.045361017187261 1.438763345830393 
24 78 7 0 8 21 2.8284271247461903 11.045361017187261 1.4289755408704798 
23 77 8 0 5 20 2.8284271247461903 11.045361017187261 1.4159302894443582 
21 76 9 0 1 18 1.4142135623730951 11.045361017187261 1 
