140 140 0 0 14 14 16.0 16.0 1.094337283834143 
138 138 0 0 17 17 16.0 14.142135623730951 1.097181074902753 
134 136 0 0 16 19 13.038404810405298 16.0 1.1027856769259559 
132 135 0 0 21 24 13.341664064126334 16.0 1.1014770400580935 
128 134 0 0 22 22 13.341664064126334 16.0 1.1013823246613672 
124 132 0 0 22 22 14.142135623730951 16.0 1.099600769556028 
120 131 0 0 22 20 14.142135623730951 15.033296378372908 1.0993576344535319 
116 130 0 0 22 19 15.033296378372908 15.033296378372908 1.1069044889900355 
112 129 0 0 26 25 15.033296378372908 15.033296378372908 1.1217474758864512 
108 128 1 0 18 28 15.033296378372908 15.033296378372908 1.1146463785749603 
106 124 1 0 22 24 15.033296378372908 15.033296378372908 1.1144047213814134 
104 123 1 0 17 24 15.033296378372908 15.033296378372908 1.1176307386490707 
102 122 1 0 17 27 15.033296378372908 15.033296378372908 1.1285176421677559 
98 120 2 0 16 27 15.033296378372908 15.033296378372908 1.1198732055478997 
96 118 2 0 16 20 15.033296378372908 15.033296378372908 1.1199705582540354 
94 116 2 0 16 21 15.033296378372908 15.033296378372908 1.1188635815514882 
92 115 2 0 17 20 15.033296378372908 15.033296378372908 1.1245403510001835 
90 114 2 0 24 25 15.033296378372908 15.033296378372908 1.1365426273706891 
80 113 3 0 15 23 14.0 15.033296378372908 1.138661667935799 
76 111 3 0 16 25 14.0 15.033296378372908 1.1547489812691294 
72 110 4 0 12 29 14.0 15.033296378372908 1.1461424453420648 
70 108 4 0 13 22 14.0 15.033296378372908 1.1479982773930748 
66 107 4 0 11 23 14.0 15.033296378372908 1.149837642015932 
65 106 4 0 15 25 14.0 15.033296378372908 1.14439557500774 
63 104 4 0 13 21 14.0 15.033296378372908 1.1376354765124905 
61 103 4 0 9 15 14.0 15.033296378372908 1.136046770580201 
60 102 4 0 9 14 14.142135623730951 15.033296378372908 1.1360192915208596 
58 101 4 0 10 14 13.038404810405298 15.033296378372908 1.1414183128999236 
56 100 4 0 10 19 12.0 15.033296378372908 1.1443668686166828 
52 99 4 0 8 21 12.0 15.033296378372908 1.1414452632546723 
50 98 5 1 7 21 12.0 15.033296378372908 1.1391962227406354 
48 97 5 1 7 19 11.045361017187261 15.033296378372908 1.1393213226677144 
46 95 5 1 8 20 10.198039027185569 15.033296378372908 1.1522670438651876 
42 94 6 1 8 21 8.94427190999916 15.033296378372908 1.157734155117513 
41 90 7 1 7 19 8.0 15.033296378372908 1.1573934084289743 
37 89 7 1 5 18 7.0710678118654755 15.033296378372908 1.1547732423819352 
36 88 7 1 7 16 6.0 15.033296378372908 1.1557007881596795 
32 87 7 1 9 16 7.0710678118654755 15.033296378372908 1.1673752985282004 
28 86 8 1 3 16 9.899494936611665 15.033296378372908 1.1667888727299487 
27 85 8 1 2 16 5.656854249492381 15.033296378372908 1.1763900206236364 
26 83 9 1 1 16 9.899494936611665 15.033296378372908 1.175875388601945 
25 82 9 1 1 16 8.48528137423857 15.033296378372908 1.175360756580254 
24 81 9 1 1 16 7.0710678118654755 15.033296378372908 1.1748082238657713 
23 80 9 1 0 16 5.656854249492381 15.033296378372908 1.1738451525269467 
23 79 9 1 0 16 4.0 15.033296378372908 1.1718290657399753 
23 78 9 1 0 15 5.656854249492381 15.033296378372908 1.1697732707354016 
23 77 9 1 0 14 4.0 15.033296378372908 1.1677571839484302 
23 76 9 1 0 13 5.656854249492381 15.033296378372908 1.1667941126096053 
23 75 9 1 0 13 4.0 15.033296378372908 1.1520100868780982 
23 74 9 2 0 13 5.656854249492381 15.033296378372908 1.1510470155392734 
23 73 9 2 0 13 4.0 15.033296378372908 1.150123652418051 
23 72 9 2 0 13 5.656854249492381 15.033296378372908 1.150258962357057 
23 71 9 2 0 14 4.47213595499958 15.033296378372908 1.1493299416237528 
23 70 9 2 0 14 5.656854249492381 15.033296378372908 1.1494652515627586 
23 69 9 2 0 15 4.47213595499958 15.033296378372908 1.1474435071637057 
23 68 9 2 0 14 5.656854249492381 15.033296378372908 1.1464860934369625 
23 67 9 2 0 14 4.47213595499958 15.033296378372908 1.1307531928633499 
23 65 9 3 0 14 5.656854249492381 15.033296378372908 1.1308885028023556 
23 64 9 3 0 15 4.47213595499958 15.033296378372908 1.1299594820690517 
23 63 9 3 0 15 5.656854249492381 15.033296378372908 1.1279093446765596 
23 62 9 3 0 14 4.47213595499958 15.033296378372908 1.1269803239432556 
23 61 9 3 0 14 5.656854249492381 15.033296378372908 1.1121622476062274 
23 60 9 4 0 14 4.47213595499958 15.033296378372908 1.1112332268729233 
23 59 9 4 0 14 5.656854249492381 15.033296378372908 1.1080903658146823 
23 58 9 4 0 12 4.47213595499958 15.033296378372908 1.1056675982325859 
23 57 9 4 0 11 5.656854249492381 14.142135623730951 1.1010848400336797 
23 55 9 4 0 9 4.47213595499958 13.038404810405298 1.1001558193003755 
23 54 9 4 0 9 5.656854249492381 13.038404810405298 1.0991984055736326 
23 53 9 4 0 9 4.47213595499958 13.038404810405298 1.0982693848403284 
23 52 9 4 0 9 5.656854249492381 13.038404810405298 1.0823585848375512 
23 51 9 5 0 8 4.47213595499958 13.038404810405298 1.0814295641042473 
23 50 9 5 0 8 5.656854249492381 13.038404810405298 1.0793794267117551 
23 49 9 5 0 7 4.47213595499958 13.038404810405298 1.078450405978451 
23 48 9 5 0 7 5.656854249492381 13.038404810405298 1.077492992251708 
23 47 9 5 0 7 4.47213595499958 13.038404810405298 1.0765639715184039 
23 46 9 5 0 7 5.656854249492381 13.038404810405298 1.060653171515627 
23 45 9 6 0 6 4.47213595499958 13.038404810405298 1.059724150782323 
23 44 9 6 0 6 5.656854249492381 13.038404810405298 1.0576740133898308 
23 43 9 6 0 5 4.47213595499958 13.038404810405298 1.0567449926565269 
23 42 9 6 0 5 5.656854249492381 13.038404810405298 1.0546948552640347 
23 41 9 6 0 4 4.47213595499958 13.038404810405298 1.0537658345307306 
23 40 9 6 0 4 5.656854249492381 13.038404810405298 1.0528084208039876 
23 39 9 6 0 4 4.47213595499958 13.038404810405298 1.0518794000706835 
23 38 9 6 0 4 5.656854249492381 13.038404810405298 1.0509219863439405 
23 37 9 6 0 4 4.47213595499958 13.038404810405298 1.0350395793346023 
23 36 9 7 0 3 5.656854249492381 13.038404810405298 1.0329894419421102 
23 35 9 7 0 2 4.47213595499958 13.038404810405298 1.0171070349327722 
23 34 9 8 0 1 5.656854249492381 13.038404810405298 1.014664100826714 
23 33 9 8 0 0 4.47213595499958 12.165525060596439 1.0218251030706842 
23 35 9 8 0 4 5.656854249492381 14.142135623730951 1.017229305387252 
23 34 9 8 0 1 4.47213595499958 13.341664064126334 1.014895911292166 
23 33 9 8 0 0 5.656854249492381 12.649110640673518 1.021746945408759 
23 35 9 8 0 4 4.47213595499958 14.0 1.0192924822642702 
23 34 9 8 0 3 5.656854249492381 13.038404810405298 1.000077834955138 
23 32 9 9 0 0 4.47213595499958 12.649110640673518 1.015988634957915 
23 33 9 8 0 1 5.656854249492381 12.649110640673518 1.000077834955138 
23 32 9 9 0 0 4.47213595499958 12.649110640673518 1.0231693434837512 
23 36 9 8 0 4 5.656854249492381 15.033296378372908 1.0181855621018017 
23 34 9 8 0 2 4.47213595499958 13.038404810405298 1.015988634957915 
23 33 9 8 0 1 5.656854249492381 12.649110640673518 1.000077834955138 
23 32 9 9 0 0 4.47213595499958 12.649110640673518 0.9997999310491925 
23 32 9 9 0 0 5.656854249492381 12.0 1.0167750617242794 
23 33 9 8 0 2 4.47213595499958 12.0 0.9998744174831249 
23 32 9 9 0 0 5.656854249492381 12.165525060596439 1.0159744384611955 
23 33 9 8 0 1 4.47213595499958 12.649110640673518 0.9998744174831249 
23 32 9 9 0 0 5.656854249492381 12.165525060596439 1.0159744384611955 
23 33 9 8 0 1 4.47213595499958 12.649110640673518 0.9998744174831249 
23 32 9 9 0 0 5.656854249492381 12.165525060596439 0.9998602209864054 
23 32 9 9 0 0 4.47213595499958 12.165525060596439 1.0069572620651701 
23 34 9 9 0 4 5.656854249492381 14.0 1.0033816822614932 
23 33 9 9 0 2 4.47213595499958 13.038404810405298 0.9998744174831249 
23 32 9 9 0 0 5.656854249492381 12.165525060596439 1.0033816822614932 
23 33 9 9 0 2 4.47213595499958 13.038404810405298 0.9997999310491925 
23 32 9 9 0 0 5.656854249492381 12.0 1.0156823380585305 
23 33 9 8 0 1 4.47213595499958 12.0 0.9997999310491925 
23 32 9 9 0 0 5.656854249492381 12.0 1.0033816822614932 
23 33 9 9 0 2 4.47213595499958 13.038404810405298 0.9998744174831249 
23 32 9 9 0 0 5.656854249492381 12.165525060596439 1.0033816822614932 
23 33 9 9 0 2 4.47213595499958 13.038404810405298 0.9998744174831249 
23 32 9 9 0 0 5.656854249492381 12.165525060596439 1.0159744384611955 
23 33 9 8 0 1 4.47213595499958 12.649110640673518 0.9998744174831249 
23 32 9 9 0 0 5.656854249492381 12.165525060596439 1.01941475271875 
23 34 9 8 0 3 4.47213595499958 13.341664064126334 1.015988634957915 
23 33 9 8 0 1 5.656854249492381 12.649110640673518 0.9998602209864054 
23 32 9 9 0 0 4.47213595499958 12.165525060596439 1.0203852059300191 
23 34 9 8 0 4 5.656854249492381 13.038404810405298 1.0033816822614932 
23 33 9 9 0 2 4.47213595499958 13.038404810405298 0.9997999310491925 
23 32 9 9 0 0 5.656854249492381 12.0 1.0070070267336562 
23 34 9 9 0 4 4.47213595499958 14.142135623730951 1.0000920314518575 
23 32 9 9 0 0 5.656854249492381 12.649110640673518 1.0070070267336562 
23 34 9 9 0 4 4.47213595499958 14.142135623730951 1.0000920314518575 
23 32 9 9 0 0 5.656854249492381 12.649110640673518 1.0192782857675506 
23 34 9 8 0 3 4.47213595499958 13.038404810405298 1.015988634957915 
23 33 9 8 0 1 5.656854249492381 12.649110640673518 1.000077834955138 
23 32 9 9 0 0 4.47213595499958 12.649110640673518 1.0192924822642702 
23 34 9 8 0 3 5.656854249492381 13.038404810405298 1.000077834955138 
23 32 9 9 0 0 4.47213595499958 12.649110640673518 1.0228538655712276 
23 35 9 8 0 5 5.656854249492381 14.0 1.0170671621269445 
23 33 9 8 0 2 4.47213595499958 12.649110640673518 1.0000920314518575 
23 32 9 9 0 0 5.656854249492381 12.649110640673518 1.0231551469870317 
23 36 9 8 0 4 4.47213595499958 15.033296378372908 1.0217611419054786 
23 35 9 8 0 4 5.656854249492381 14.0 1.0181855621018017 
23 34 9 8 0 2 4.47213595499958 13.038404810405298 1.015988634957915 
23 33 9 8 0 1 5.656854249492381 12.649110640673518 1.000077834955138 
23 32 9 9 0 0 4.47213595499958 12.649110640673518 1.0083654636434425 
23 35 9 9 0 4 5.656854249492381 15.033296378372908 1.0070070267336562 
23 34 9 9 0 4 4.47213595499958 14.142135623730951 1.0033958787582127 
23 33 9 9 0 2 5.656854249492381 13.038404810405298 0.999785734552473 
23 32 9 9 0 0 4.47213595499958 12.0 1.0033958787582127 
23 33 9 9 0 2 5.656854249492381 13.038404810405298 0.999785734552473 
23 32 9 9 0 0 4.47213595499958 12.0 1.0070212232303757 
23 34 9 9 0 4 5.656854249492381 14.142135623730951 1.0035181492126926 
23 33 9 9 0 2 4.47213595499958 13.341664064126334 1.0000920314518575 
23 32 9 9 0 0 5.656854249492381 12.649110640673518 1.0192782857675506 
23 34 9 8 0 3 4.47213595499958 13.038404810405298 1.014895911292166 
23 33 9 8 0 0 5.656854249492381 12.649110640673518 1.0351748892736081 
23 35 9 7 0 4 4.47213595499958 13.038404810405298 1.0329779621297217 
23 34 9 7 0 3 5.656854249492381 12.649110640673518 1.0159744384611955 
23 33 9 8 0 1 4.47213595499958 12.649110640673518 1.0000920314518575 
23 32 9 9 0 0 5.656854249492381 12.649110640673518 1.0192782857675506 
23 34 9 8 0 3 4.47213595499958 13.038404810405298 1.015988634957915 
23 33 9 8 0 1 5.656854249492381 12.649110640673518 1.000077834955138 
23 32 9 9 0 0 4.47213595499958 12.649110640673518 1.0192924822642702 
23 34 9 8 0 3 5.656854249492381 13.038404810405298 1.000077834955138 
23 32 9 9 0 0 4.47213595499958 12.649110640673518 0.9997999310491925 
23 32 9 9 0 0 5.656854249492381 12.0 0.985433361604675 
23 21 9 9 0 0 4.47213595499958 3.1622776601683795 0.9904030922303486 
21 22 9 9 0 3 5.0990195135927845 2.8284271247461903 0.9866616613109684 
21 21 9 9 0 1 7.0710678118654755 1.4142135623730951 -1 
