140 140 0 0 14 14 16.0 16.0 1.023085992958237 
138 139 0 0 17 17 16.0 14.142135623730951 1.0295601626680326 
134 138 0 0 16 19 12.165525060596439 16.0 1.0271194398121821 
132 137 0 0 16 15 12.165525060596439 16.0 1.0302872448788252 
130 136 0 0 16 19 13.038404810405298 16.0 1.030824592911325 
128 135 0 0 16 19 13.038404810405298 16.0 1.0326836236311778 
126 134 0 0 14 20 14.142135623730951 16.0 1.0326220142297122 
125 133 0 0 14 20 14.0 16.0 1.0283261341573804 
123 131 0 0 15 16 14.0 15.033296378372908 1.028422727628054 
121 129 0 0 15 17 15.033296378372908 15.033296378372908 1.0295281316696727 
120 127 0 0 14 19 15.033296378372908 15.033296378372908 1.0298214163125554 
119 126 0 0 14 19 14.0 15.033296378372908 1.0313394435507564 
117 125 0 0 15 21 14.0 15.033296378372908 1.028773308166737 
115 124 0 0 16 17 13.038404810405298 15.033296378372908 1.0285368817610494 
113 122 0 0 16 17 13.038404810405298 15.033296378372908 1.033305174642462 
111 121 0 0 15 22 13.038404810405298 15.033296378372908 1.0348232018806627 
109 120 0 0 16 24 13.038404810405298 15.033296378372908 1.0353605499131624 
107 119 0 0 16 24 13.038404810405298 15.033296378372908 1.0336643447793994 
105 118 0 0 16 21 13.038404810405298 15.033296378372908 1.038697790938451 
101 116 0 0 17 27 13.038404810405298 15.033296378372908 1.0365000061213614 
99 114 0 0 15 23 13.038404810405298 15.033296378372908 1.0394871775501877 
97 113 0 0 15 27 13.038404810405298 14.142135623730951 1.046577980084607 
96 112 0 0 14 36 13.038404810405298 14.142135623730951 1.0482964161801456 
95 111 0 0 14 38 12.165525060596439 14.142135623730951 1.0374005801816182 
93 109 0 0 13 23 12.165525060596439 14.142135623730951 1.0416605168245563 
91 108 0 0 13 28 12.165525060596439 14.142135623730951 1.0447036127781797 
89 107 0 0 11 30 12.165525060596439 14.142135623730951 1.0404656264520453 
87 106 0 0 16 27 12.165525060596439 14.142135623730951 1.0544775093303136 
81 105 1 0 23 30 12.165525060596439 14.142135623730951 1.0677498891192216 
75 103 2 0 14 23 12.165525060596439 13.038404810405298 1.0789461753988985 
73 101 3 0 14 22 12.165525060596439 13.038404810405298 1.0807363973919604 
71 100 3 0 13 23 12.165525060596439 13.038404810405298 1.080828114553274 
70 99 3 0 12 22 11.045361017187261 13.038404810405298 1.088663434809781 
69 98 3 0 11 32 11.045361017187261 13.038404810405298 1.0790576434232826 
68 92 3 0 11 24 10.198039027185569 13.038404810405298 1.0762831640297892 
67 90 3 0 9 20 10.0 13.038404810405298 1.0814858869204913 
63 89 3 0 9 24 9.055385138137417 13.038404810405298 1.0783896028292972 
62 88 3 0 9 20 9.055385138137417 13.038404810405298 1.079987531611542 
61 87 3 0 9 23 9.055385138137417 12.165525060596439 1.0847558244929545 
59 86 3 0 8 28 9.055385138137417 12.165525060596439 1.0915739609268496 
58 84 4 0 8 22 9.055385138137417 12.165525060596439 1.087703902397468 
57 82 4 0 8 18 9.055385138137417 12.165525060596439 1.0920007669883616 
56 81 4 0 6 22 8.0 12.165525060596439 1.0913741975470437 
55 80 4 0 7 22 8.0 12.165525060596439 1.0767168105196223 
54 79 4 1 6 19 8.0 12.165525060596439 1.0760902410783042 
53 78 4 1 7 19 8.0 12.165525060596439 1.0771359453492786 
51 77 4 1 6 19 8.0 12.165525060596439 1.076564996753237 
50 76 4 1 6 19 8.0 11.40175425099138 1.0878502395196576 
49 74 5 1 6 19 8.0 11.40175425099138 1.0874359001404823 
45 72 5 1 6 17 8.0 11.40175425099138 1.1000032735835645 
44 71 6 1 5 17 8.0 11.40175425099138 1.100393416619195 
43 70 6 1 4 17 8.0 11.40175425099138 1.1002752034163514 
42 69 6 1 4 17 8.0 11.40175425099138 1.1001569902135078 
41 68 6 1 4 17 8.0 11.40175425099138 1.100038777010664 
40 67 6 1 4 17 8.0 11.40175425099138 1.1140951858979216 
39 66 7 1 3 19 8.0 11.40175425099138 1.1138385525197159 
38 65 7 1 4 19 7.0710678118654755 11.40175425099138 1.1139565008004855 
37 64 7 1 5 20 7.0710678118654755 11.40175425099138 1.114264827462132 
36 63 7 1 5 20 6.0 11.40175425099138 1.1140576577725445 
34 62 7 1 5 19 6.0 11.40175425099138 1.1144478008081748 
33 61 7 1 4 19 6.0 11.40175425099138 1.1148379438438059 
32 60 7 1 3 19 6.0 11.40175425099138 1.1139752129188742 
31 59 7 1 3 18 6.0 11.40175425099138 1.115704839794538 
30 58 7 1 3 20 5.0990195135927845 11.40175425099138 1.1042616851390803 
29 57 7 2 3 22 5.0990195135927845 11.40175425099138 1.0827573550323721 
28 51 7 3 2 15 5.0990195135927845 11.40175425099138 1.0845658485669751 
27 50 7 3 2 17 4.0 11.40175425099138 1.0840074737647896 
26 48 7 3 2 17 3.1622776601683795 11.40175425099138 1.0833348494071533 
25 47 7 3 1 17 5.830951894845301 11.40175425099138 1.0795725621105219 
24 45 8 4 1 14 5.830951894845301 11.40175425099138 1.07973006280103 
23 43 8 4 0 14 4.47213595499958 11.40175425099138 1.0747043500099311 
23 41 8 4 1 11 2.8284271247461903 9.055385138137417 1.0751493303365474 
22 40 8 4 1 11 1.4142135623730951 9.055385138137417 1.08562368046224 
21 39 9 4 0 11 5.0990195135927845 8.0 1.0858089794045953 
21 38 9 4 1 11 1.4142135623730951 8.0 1 
