140 140 0 0 14 14 16.0 16.0 1.1210859317422868 
139 138 0 0 19 17 16.0 13.038404810405298 1.1368196887184017 
135 137 0 0 22 20 14.0 15.033296378372908 1.1437016169367025 
131 136 0 0 25 20 14.0 15.033296378372908 1.136947570302595 
127 132 0 0 25 18 13.038404810405298 15.033296378372908 1.141283490647095 
123 131 0 0 28 17 15.033296378372908 15.033296378372908 1.155272067959789 
123 130 0 0 38 20 15.033296378372908 15.033296378372908 1.1608478704900713 
117 128 0 0 38 20 14.0 15.033296378372908 1.1687040611111885 
113 127 0 0 36 22 14.0 15.033296378372908 1.1649390966303204 
107 125 0 0 34 19 14.0 15.033296378372908 1.2230052684700532 
105 123 0 0 37 41 14.0 15.033296378372908 1.20138218481357 
97 121 1 0 31 28 13.038404810405298 15.033296378372908 1.2116440228789829 
87 120 2 0 17 28 13.038404810405298 15.033296378372908 1.2212203565225273 
86 116 2 0 27 31 13.038404810405298 15.033296378372908 1.2136788967167527 
84 115 2 0 35 25 13.038404810405298 15.033296378372908 1.1926579402443567 
85 107 2 0 34 24 13.038404810405298 15.033296378372908 1.1928565280521173 
77 106 3 0 21 21 12.165525060596439 15.033296378372908 1.196469211203381 
75 105 3 0 27 20 12.165525060596439 15.033296378372908 1.2074476968048333 
71 103 3 0 25 24 12.165525060596439 15.033296378372908 1.2186639154117602 
63 102 4 0 16 24 12.165525060596439 15.033296378372908 1.222482553100883 
62 101 4 0 18 25 12.165525060596439 15.033296378372908 1.2379556628486243 
58 100 4 0 19 29 12.165525060596439 15.033296378372908 1.217741202067761 
57 96 4 0 24 22 11.045361017187261 15.033296378372908 1.2118251852350121 
53 94 4 0 14 22 11.045361017187261 15.033296378372908 1.1915881940856616 
51 92 5 1 14 18 11.045361017187261 15.033296378372908 1.1951289211085399 
51 90 5 1 20 19 11.40175425099138 15.033296378372908 1.190287417572746 
47 89 5 1 12 18 8.246211251235321 15.033296378372908 1.1914037466841774 
45 88 5 1 15 17 7.615773105863909 15.033296378372908 1.1897117300038669 
45 87 5 1 16 17 8.602325267042627 14.142135623730951 1.205517748768531 
44 86 5 1 17 23 8.94427190999916 14.142135623730951 1.2031911528073986 
40 85 5 1 12 22 8.602325267042627 14.142135623730951 1.1992588819882082 
38 84 5 1 12 20 8.602325267042627 14.142135623730951 1.180030556195149 
37 83 5 2 13 19 7.211102550927978 14.142135623730951 1.1803836219556592 
33 81 6 2 8 17 6.324555320336759 13.038404810405298 1.184208603869144 
32 80 6 2 10 18 7.0710678118654755 13.038404810405298 1.1794354618543692 
30 79 6 2 9 16 5.830951894845301 13.038404810405298 1.1808756038477646 
31 78 6 2 12 17 4.47213595499958 13.038404810405298 1.1855965387835332 
30 77 6 2 12 19 4.47213595499958 13.038404810405298 1.2006096259982852 
26 76 7 2 6 22 5.830951894845301 13.038404810405298 1.205545392303864 
25 75 8 2 6 21 5.830951894845301 13.038404810405298 1.1846682256136551 
24 74 8 3 5 20 5.830951894845301 13.038404810405298 1.1861486741756408 
22 73 9 3 2 18 5.830951894845301 13.038404810405298 1.1815758645576513 
22 72 9 3 2 17 5.0990195135927845 13.038404810405298 1.1821414184259187 
22 71 9 3 2 18 5.830951894845301 13.038404810405298 1.1604897235552218 
22 70 9 4 2 17 5.0990195135927845 13.038404810405298 1.158492315995891 
22 69 9 4 2 17 5.830951894845301 13.038404810405298 1.1539195063779015 
22 68 9 4 2 16 5.0990195135927845 13.038404810405298 1.1544850602461691 
22 67 9 4 2 17 5.830951894845301 13.038404810405298 1.1499122506281794 
22 66 9 4 2 16 5.0990195135927845 13.038404810405298 1.142272627996136 
22 65 9 4 2 14 5.830951894845301 12.165525060596439 1.1402627798057445 
22 64 9 4 2 14 5.0990195135927845 12.165525060596439 1.1382653722464138 
22 63 9 4 2 14 5.830951894845301 12.165525060596439 1.1304670449001661 
22 62 9 4 2 12 5.0990195135927845 11.045361017187261 1.1284696373408356 
22 61 9 4 2 12 5.830951894845301 11.045361017187261 1.126459789150444 
22 60 9 4 2 12 5.0990195135927845 11.045361017187261 1.1244623815911134 
22 59 9 4 2 12 5.830951894845301 11.045361017187261 1.1224525334007218 
22 58 9 4 2 12 5.0990195135927845 11.045361017187261 1.1204551258413913 
22 57 9 4 2 12 5.830951894845301 11.045361017187261 1.121008239078598 
22 56 9 4 2 13 5.0990195135927845 11.045361017187261 1.113884908664071 
22 55 9 4 2 11 5.830951894845301 11.045361017187261 1.1112567487786411 
22 54 9 4 2 11 5.0990195135927845 10.0 1.1099901135048256 
21 53 9 4 1 11 1.4142135623730951 10.0 1 
