140 140 0 0 14 14 16.0 16.0 1.3644881943325782 
139 139 0 0 19 17 16.0 13.038404810405298 1.3680677547501991 
135 135 0 0 22 17 13.341664064126334 15.033296378372908 1.376691319285083 
131 134 0 0 25 16 15.033296378372908 15.033296378372908 1.3865195774581431 
127 132 0 0 25 17 14.142135623730951 16.0 1.4100307184204968 
123 131 0 0 28 19 14.142135623730951 16.0 1.4347676407807874 
123 129 0 0 38 22 14.142135623730951 16.0 1.4524137705063833 
117 128 0 0 38 23 13.038404810405298 15.033296378372908 1.451300013979044 
113 126 0 0 36 23 14.0 15.033296378372908 1.4519218273066852 
107 125 0 0 34 21 14.0 15.033296378372908 1.466241628905831 
105 124 0 0 38 22 14.0 15.033296378372908 1.4712991033878218 
101 123 0 0 39 21 14.0 15.033296378372908 1.4778481700162538 
100 122 0 0 43 21 13.038404810405298 15.033296378372908 1.5063330040413276 
99 120 0 0 46 27 13.038404810405298 15.033296378372908 1.392504858653074 
97 110 0 1 43 18 13.038404810405298 15.033296378372908 1.4182131438293444 
93 109 0 1 47 20 12.165525060596439 15.033296378372908 1.4243047686903318 
91 108 0 1 42 23 12.165525060596439 15.033296378372908 1.4768468931834615 
91 107 0 1 49 32 12.165525060596439 15.033296378372908 1.4421194179578816 
85 103 1 1 45 26 12.165525060596439 15.033296378372908 1.395303186583585 
77 101 2 1 34 17 10.770329614269007 15.033296378372908 1.4410868934450318 
76 100 2 1 36 26 10.770329614269007 15.033296378372908 1.4394569380492872 
75 99 2 1 36 26 10.770329614269007 15.033296378372908 1.4570673809833175 
74 98 2 1 36 30 11.045361017187261 15.033296378372908 1.453811928617371 
73 97 3 1 34 30 11.045361017187261 15.033296378372908 1.411817078167942 
69 96 4 1 32 20 11.045361017187261 15.033296378372908 1.4105230449535555 
67 95 4 1 33 19 11.045361017187261 15.033296378372908 1.408040092186955 
66 94 4 1 35 18 11.045361017187261 15.033296378372908 1.4331095526647317 
58 93 4 1 25 23 10.198039027185569 15.033296378372908 1.4515192968048791 
57 92 4 1 35 23 9.486832980505138 15.033296378372908 1.4437180180303892 
56 91 5 1 38 20 9.486832980505138 15.033296378372908 1.466950748374315 
55 90 5 1 36 26 10.0 15.033296378372908 1.4397727866851673 
54 89 5 1 28 24 10.0 15.033296378372908 1.4514889922527192 
53 88 5 1 25 28 10.0 15.033296378372908 1.4353790389685608 
52 87 5 1 25 25 10.0 15.033296378372908 1.4221089173512327 
51 86 5 1 24 23 10.0 15.033296378372908 1.4322938998407668 
50 85 5 1 26 25 10.0 14.0 1.4252606719823488 
51 84 5 1 29 24 10.770329614269007 14.0 1.431028190841409 
47 83 5 1 23 26 10.198039027185569 14.0 1.4243507597769234 
45 81 5 1 26 24 9.055385138137417 14.0 1.4168885135169178 
41 80 5 1 23 22 8.0 14.0 1.4136777696157834 
33 79 6 1 12 21 5.830951894845301 14.0 1.4068886174919222 
32 78 6 1 12 20 7.211102550927978 14.0 1.407245496392152 
31 77 6 1 13 20 7.211102550927978 14.0 1.399197474963636 
30 75 6 1 12 20 5.656854249492381 14.0 1.385095312694323 
29 73 6 1 13 18 5.656854249492381 14.0 1.377845592225139 
28 72 6 1 10 18 4.242640687119285 14.0 1.3752870178049406 
28 71 6 1 11 18 3.1622776601683795 14.0 1.3713140879819565 
26 70 7 1 7 18 2.8284271247461903 14.0 1.3672607208722496 
24 69 8 1 3 18 2.8284271247461903 14.0 1.3702716967324402 
23 68 9 1 2 19 5.0990195135927845 14.0 1.3799459853769216 
23 67 9 1 2 22 5.0990195135927845 14.0 1.3703345668890556 
23 65 9 1 2 22 5.0990195135927845 14.0 1.304256336007164 
23 61 9 2 2 17 5.0990195135927845 14.0 1.2670752307454862 
23 60 9 3 2 15 5.0990195135927845 14.0 1.2395474574094174 
23 59 9 4 2 15 5.0990195135927845 14.0 1.2218923061450786 
23 57 9 4 2 14 5.0990195135927845 12.165525060596439 1.2213822589970338 
23 56 9 4 4 14 3.1622776601683795 12.083045973594572 1.2081925746664282 
22 55 9 4 3 12 2.8284271247461903 12.083045973594572 1 
