140 140 0 0 14 14 16.0 16.0 1.0755811476981065 
138 139 0 0 17 17 16.0 14.142135623730951 1.076591073446076 
136 135 0 0 20 19 13.038404810405298 14.142135623730951 1.0789840796043522 
134 133 0 0 26 20 15.033296378372908 14.142135623730951 1.0763356862343318 
128 132 0 0 24 16 14.142135623730951 16.0 1.0821145628022828 
124 131 0 0 27 19 14.142135623730951 15.033296378372908 1.0805986969397996 
123 130 0 0 32 17 15.033296378372908 15.033296378372908 1.0911233703761827 
117 129 0 0 28 24 15.033296378372908 15.033296378372908 1.1001408888095372 
111 128 1 0 23 22 15.033296378372908 15.033296378372908 1.1077467977435798 
109 127 1 0 26 27 15.033296378372908 15.033296378372908 1.116966454883952 
103 126 1 0 22 33 15.033296378372908 15.033296378372908 1.1176534533793012 
95 125 2 0 16 24 13.341664064126334 15.033296378372908 1.1249749064042487 
94 124 2 0 20 29 13.341664064126334 15.033296378372908 1.1228845292688905 
88 122 2 0 16 27 13.341664064126334 15.033296378372908 1.1260229823666186 
86 118 2 0 17 31 13.341664064126334 15.033296378372908 1.1271015526439425 
84 114 3 0 15 26 13.341664064126334 15.033296378372908 1.1346967915318191 
83 113 4 0 15 24 13.341664064126334 15.033296378372908 1.139969031782528 
81 112 4 0 19 27 13.341664064126334 15.033296378372908 1.1446194811049781 
80 111 4 0 18 31 14.0 15.033296378372908 1.1471852569270773 
76 110 4 0 14 33 14.0 14.142135623730951 1.142220345650854 
74 109 4 0 14 29 14.142135623730951 14.142135623730951 1.1343297143534248 
72 108 4 0 13 23 12.649110640673518 14.142135623730951 1.1391856756057925 
71 106 5 0 11 20 12.165525060596439 14.142135623730951 1.1496011777931163 
69 105 5 0 10 28 12.165525060596439 14.142135623730951 1.1522067748421974 
68 104 5 0 11 30 13.341664064126334 14.142135623730951 1.1475148092947658 
66 103 5 0 12 26 13.341664064126334 14.142135623730951 1.1477665450226902 
64 102 5 0 12 26 13.341664064126334 14.142135623730951 1.1456846120672803 
62 101 5 0 13 24 13.341664064126334 14.142135623730951 1.1512332162266772 
60 100 5 0 18 27 13.341664064126334 14.142135623730951 1.147268910977117 
56 98 5 0 16 24 13.341664064126334 14.142135623730951 1.1494107588200588 
50 97 5 0 10 25 13.341664064126334 14.142135623730951 1.1485759595909073 
49 96 5 0 13 24 13.341664064126334 14.0 1.155638031711341 
45 95 5 0 10 29 13.038404810405298 14.0 1.1574630556435566 
44 94 5 0 13 30 13.038404810405298 14.0 1.1656425913470803 
40 93 6 0 9 28 13.341664064126334 14.0 1.171940905939354 
38 92 7 0 7 25 13.341664064126334 14.0 1.1703101505297333 
37 91 7 0 7 24 12.649110640673518 14.0 1.154764810005867 
36 89 7 1 7 24 12.083045973594572 14.0 1.1544455979853128 
35 88 7 1 7 24 11.661903789690601 14.0 1.1541302576318948 
34 87 7 1 7 24 11.40175425099138 14.0 1.154340190963142 
33 86 7 1 9 24 10.0 14.0 1.1574366189022887 
32 85 7 1 12 26 8.602325267042627 14.0 1.1631605507415397 
26 84 8 1 5 22 3.1622776601683795 14.0 1.1574621384264172 
25 83 8 1 4 18 7.615773105863909 14.0 1.1673860385326353 
23 82 9 1 1 18 7.0710678118654755 14.0 1.1693766130993426 
22 81 9 1 0 20 5.656854249492381 14.0 1.1698078203129259 
23 80 9 1 2 21 5.830951894845301 14.0 1.1676368052840573 
22 79 9 1 0 20 5.656854249492381 14.0 1.1693730287936515 
23 78 9 1 2 22 5.830951894845301 14.0 1.1672020137647832 
22 77 9 1 0 21 5.656854249492381 14.0 1.1676332209783662 
23 76 9 1 2 22 5.830951894845301 14.0 1.1606772531538225 
22 74 9 1 0 18 5.656854249492381 14.0 1.1598034440713945 
23 73 9 1 2 18 5.830951894845301 14.0 1.1563274127465153 
22 72 9 1 0 16 5.656854249492381 14.0 1.1580636362561092 
23 71 9 1 2 18 5.830951894845301 14.0 1.155892621227241 
22 70 9 1 0 17 5.656854249492381 14.0 1.1550188121448128 
23 69 9 1 2 17 5.830951894845301 14.0 1.1398000740165855 
22 68 9 2 0 17 5.656854249492381 14.0 1.1352815336059996 
23 64 9 2 2 17 5.830951894845301 11.045361017187261 1.1335053968996018 
22 63 9 2 3 16 2.8284271247461903 10.0 1 
