140 140 0 0 14 14 16.0 16.0 0.9996960678118654 
138 139 0 0 17 17 16.0 14.142135623730951 1.0066754446796633 
134 137 0 0 16 21 12.649110640673518 16.0 1.0052307975947974 
132 135 0 0 16 19 13.038404810405298 16.0 1.0058557975947973 
130 134 0 0 16 19 13.038404810405298 16.0 1.0071057975947972 
128 132 0 0 16 21 13.038404810405298 16.0 1.0133557975947975 
126 131 0 0 14 28 13.038404810405298 16.0 1.0096057975947974 
125 127 0 0 14 25 13.038404810405298 16.0 1.0061416481891865 
123 125 0 0 15 22 14.0 15.033296378372908 1.0043749999999998 
121 124 0 0 15 19 15.033296378372908 15.033296378372908 1.005625 
120 122 0 0 14 21 15.033296378372908 15.033296378372908 1.0061416481891865 
119 121 0 0 14 21 14.0 15.033296378372908 1.0073916481891865 
117 120 0 0 15 23 14.0 15.033296378372908 1.0098916481891864 
116 118 0 0 14 27 14.0 15.033296378372908 1.008497445783984 
114 117 0 0 15 24 13.038404810405298 15.033296378372908 1.0072474457839837 
113 116 0 0 14 21 13.038404810405298 15.033296378372908 1.0053724457839839 
111 114 0 0 16 20 13.038404810405298 15.033296378372908 1.005997445783984 
110 113 0 0 17 22 13.038404810405298 15.033296378372908 1.0059974457839838 
106 112 0 0 19 21 13.038404810405298 15.033296378372908 1.0066224457839839 
105 111 0 0 16 19 13.038404810405298 15.033296378372908 1.009747445783984 
101 110 0 0 17 22 13.038404810405298 15.033296378372908 1.0120958161571232 
97 109 0 0 15 21 13.341664064126334 15.033296378372908 1.013345816157123 
97 107 0 0 13 23 13.341664064126334 15.033296378372908 1.0120958161571232 
95 106 0 0 16 23 13.341664064126334 15.033296378372908 1.0127208161571233 
93 105 0 0 14 21 13.341664064126334 15.033296378372908 1.0151838856588882 
92 104 0 0 13 23 12.165525060596439 15.033296378372908 1.0151838856588882 
90 103 0 0 14 23 12.165525060596439 15.033296378372908 1.014602319491406 
89 102 0 0 15 23 11.045361017187261 14.0 1.015852319491406 
88 101 0 0 14 24 11.045361017187261 14.0 1.01325 
84 99 0 0 16 19 10.0 14.0 1.0125259804864073 
83 97 0 0 15 18 10.198039027185569 14.0 1.0119009804864072 
81 96 0 0 16 17 10.198039027185569 14.0 1.026900980486407 
75 95 1 0 17 17 10.198039027185569 14.0 1.045025980486407 
69 94 2 0 14 18 10.198039027185569 14.0 1.0344009804864074 
67 93 2 1 13 19 10.198039027185569 14.0 1.0344009804864072 
66 92 2 1 12 18 10.198039027185569 14.0 1.033722307430931 
65 91 2 1 12 16 9.055385138137417 14.0 1.0376165098361336 
63 90 2 1 10 20 9.055385138137417 13.038404810405298 1.0363665098361339 
62 88 2 1 10 19 9.055385138137417 13.038404810405298 1.0376165098361338 
61 87 2 1 10 21 9.055385138137417 13.038404810405298 1.0363665098361339 
60 86 2 1 10 19 9.055385138137417 13.038404810405298 1.049491509836134 
58 85 3 1 10 19 9.055385138137417 13.038404810405298 1.051366509836134 
57 84 3 1 9 21 9.055385138137417 13.038404810405298 1.060741509836134 
51 83 4 1 16 18 9.055385138137417 13.038404810405298 1.0631442024052027 
45 79 4 1 9 12 8.0 13.038404810405298 1.0762692024052025 
44 78 5 1 11 15 8.0 13.038404810405298 1.0798586684992701 
42 77 5 1 8 16 7.0710678118654755 13.038404810405298 1.06673366849927 
41 73 5 2 7 17 7.0710678118654755 13.038404810405298 1.07860866849927 
40 72 6 2 7 16 7.0710678118654755 13.038404810405298 1.0796069247450344 
39 71 6 2 6 16 6.324555320336759 13.038404810405298 1.0796069247450344 
38 70 6 2 6 16 6.324555320336759 13.038404810405298 1.0777319247450345 
37 68 6 2 6 14 6.324555320336759 13.038404810405298 1.0789819247450343 
36 66 6 2 4 15 6.324555320336759 13.038404810405298 1.0914819247450342 
35 65 7 2 4 15 6.324555320336759 13.038404810405298 1.0778942024052025 
35 64 7 3 4 14 6.0 13.038404810405298 1.0753942024052026 
34 60 7 3 5 14 6.0 13.038404810405298 1.0753942024052026 
33 59 7 3 4 13 6.0 13.038404810405298 1.0766442024052025 
31 58 7 3 4 14 6.0 13.038404810405298 1.0768889320225001 
29 57 7 3 4 13 4.47213595499958 12.0 1.0775139320225 
27 56 7 3 5 14 4.47213595499958 12.0 1.092036612531094 
25 55 8 3 2 14 4.47213595499958 11.045361017187261 1.092776360165034 
24 54 8 3 1 14 4.242640687119285 11.045361017187261 1.0928584669462205 
23 53 8 3 1 13 2.8284271247461903 11.045361017187261 1.0918098059512193 
23 52 8 3 1 13 2.8284271247461903 10.198039027185569 1.0905598059512196 
23 51 8 3 1 12 2.8284271247461903 10.198039027185569 1.0899348059512195 
23 50 8 3 1 12 2.8284271247461903 10.198039027185569 1.0911848059512192 
23 49 8 3 1 15 2.8284271247461903 10.198039027185569 1.0899348059512195 
23 48 8 3 1 14 2.8284271247461903 10.198039027185569 1.0893098059512194 
23 47 8 3 1 14 2.8284271247461903 10.198039027185569 1.0880598059512194 
23 46 8 3 1 13 2.8284271247461903 10.198039027185569 1.0873357864376265 
23 45 8 3 1 13 2.8284271247461903 10.0 1.0854607864376267 
23 44 8 3 1 11 2.8284271247461903 10.0 1.0848357864376266 
23 43 8 3 1 11 2.8284271247461903 10.0 1.0837384790066955 
23 42 8 3 1 11 2.8284271247461903 9.055385138137417 1.0824884790066955 
23 41 8 3 1 10 2.8284271247461903 9.055385138137417 1.0818634790066954 
23 40 8 3 1 10 2.8284271247461903 9.055385138137417 1.0674884790066954 
23 38 8 4 1 9 2.8284271247461903 9.055385138137417 1.0668634790066955 
23 37 8 4 1 9 2.8284271247461903 9.055385138137417 1.0658338920632444 
23 36 8 4 1 9 2.8284271247461903 8.246211251235321 1.0533338920632447 
23 35 8 5 1 10 2.8284271247461903 8.246211251235321 1.0523936729905587 
23 34 8 5 1 10 2.8284271247461903 7.615773105863909 1.0386436729905586 
23 33 8 6 1 9 2.8284271247461903 7.615773105863909 1.0242686729905586 
23 31 8 7 1 8 2.8284271247461903 7.615773105863909 1.0242686729905588 
23 30 8 7 1 9 2.8284271247461903 7.615773105863909 1.0086436729905586 
23 28 8 8 1 6 2.8284271247461903 7.615773105863909 1.0059413377130908 
23 27 8 8 1 3 2.8284271247461903 7.211102550927978 1.0046262623850495 
23 26 8 8 1 3 2.8284271247461903 5.830951894845301 1.0026968544151265 
23 25 8 8 1 2 2.8284271247461903 4.47213595499958 1.001416925267711 
23 24 8 8 1 2 2.8284271247461903 3.1622776601683795 1.0002107864376268 
23 23 8 8 1 2 2.8284271247461903 2.0 0.9992928932188134 
23 22 8 8 1 2 2.8284271247461903 1.4142135623730951 0.9877463203435597 
23 21 8 9 1 0 2.8284271247461903 7.0710678118654755 0.9986678932188134 
23 22 8 8 1 1 2.8284271247461903 1.4142135623730951 0.9877463203435597 
23 21 8 9 1 0 2.8284271247461903 7.0710678118654755 0.9867602961944233 
23 21 8 9 1 0 2.8284271247461903 5.0990195135927845 1.001875 
23 23 8 8 1 4 2.8284271247461903 2.8284271247461903 0.9986678932188134 
23 22 8 8 1 1 2.8284271247461903 1.4142135623730951 0.9877463203435597 
23 21 8 9 1 0 2.8284271247461903 7.0710678118654755 0.9986678932188134 
23 22 8 8 1 1 2.8284271247461903 1.4142135623730951 0.9877463203435597 
23 21 8 9 1 0 2.8284271247461903 7.0710678118654755 0.9892480640977952 
23 22 8 9 1 2 2.8284271247461903 6.324555320336759 0.9877463203435597 
23 21 8 9 1 0 2.8284271247461903 7.0710678118654755 1.00125 
23 23 8 8 1 3 2.8284271247461903 2.8284271247461903 0.9986678932188134 
23 22 8 8 1 1 2.8284271247461903 1.4142135623730951 0.9877463203435597 
23 21 8 9 1 0 2.8284271247461903 7.0710678118654755 0.9892480640977952 
23 22 8 9 1 2 2.8284271247461903 6.324555320336759 0.9877463203435597 
23 21 8 9 1 0 2.8284271247461903 7.0710678118654755 1.001875 
23 23 8 8 1 4 2.8284271247461903 2.8284271247461903 0.9992928932188134 
23 22 8 8 1 2 2.8284271247461903 1.4142135623730951 0.9867602961944233 
23 21 8 9 1 0 2.8284271247461903 5.0990195135927845 0.9900821067811865 
23 23 8 9 1 4 2.8284271247461903 4.242640687119285 0.9883218544151265 
23 22 8 9 1 2 2.8284271247461903 4.47213595499958 0.9857919252677111 
23 21 8 9 1 0 2.8284271247461903 3.1622776601683795 0.9914142135623729 
23 24 8 9 1 4 2.8284271247461903 5.656854249492381 0.9908762623850496 
23 23 8 9 1 4 2.8284271247461903 5.830951894845301 0.9857919252677111 
23 21 8 9 1 0 2.8284271247461903 3.1622776601683795 0.999541925267711 
23 22 8 8 1 1 2.8284271247461903 3.1622776601683795 0.9857919252677111 
23 21 8 9 1 0 2.8284271247461903 3.1622776601683795 1.004539213562373 
23 25 8 8 1 4 2.8284271247461903 5.656854249492381 1.0025821067811864 
23 24 8 8 1 3 2.8284271247461903 4.242640687119285 1.0005102961944232 
23 22 8 8 1 1 2.8284271247461903 5.0990195135927845 0.9857919252677111 
23 21 8 9 1 0 2.8284271247461903 3.1622776601683795 0.9855428932188135 
23 21 8 9 1 1 2.8284271247461903 1.4142135623730951 -1 
