140 140 0 0 14 14 16.0 16.0 1.3875915787977673 
139 139 0 0 19 19 16.0 13.038404810405298 1.4058436038594233 
135 138 0 0 22 19 13.038404810405298 15.033296378372908 1.4296912276003766 
131 137 0 0 25 21 13.038404810405298 15.033296378372908 1.4247934905005657 
127 133 0 0 25 21 12.165525060596439 16.0 1.4234352659434464 
123 132 0 0 28 18 14.142135623730951 16.0 1.4480324998036176 
123 131 0 0 38 20 14.142135623730951 16.0 1.4628690765320798 
117 130 0 0 38 20 13.038404810405298 16.0 1.5056083237844904 
116 129 0 0 43 27 13.038404810405298 16.0 1.5132423253160336 
110 127 0 0 42 27 13.038404810405298 16.0 1.6208008251415826 
104 126 0 0 39 47 13.038404810405298 16.0 1.5620000149255706 
102 125 0 0 41 34 13.038404810405298 16.0 1.5414299000413134 
92 123 1 0 33 28 13.038404810405298 16.0 1.5448308919322318 
88 122 1 0 29 29 13.038404810405298 15.033296378372908 1.5097057598668027 
82 118 1 0 24 24 14.0 15.033296378372908 1.4974793787542275 
80 117 1 0 17 24 14.0 15.033296378372908 1.474365817560437 
79 115 1 0 18 21 14.0 13.038404810405298 1.4864584836274441 
78 113 1 0 20 24 14.0 13.038404810405298 1.482882990085247 
74 111 2 0 18 23 14.0 13.038404810405298 1.4851074281035788 
73 110 2 0 20 23 14.0 13.038404810405298 1.4787700237630863 
67 109 3 0 13 21 14.0 13.341664064126334 1.488617552551989 
61 107 4 0 12 21 14.0 13.341664064126334 1.563981021340978 
60 105 4 0 16 36 14.0 13.341664064126334 1.521773620494529 
56 99 5 0 12 32 14.0 13.341664064126334 1.5368122020000456 
55 98 5 0 18 33 14.0 13.341664064126334 1.5329348902974111 
47 96 6 0 9 32 12.165525060596439 13.341664064126334 1.5030908419234967 
45 95 7 0 7 26 12.165525060596439 13.341664064126334 1.5033883164976416 
44 94 7 0 8 26 12.0 13.341664064126334 1.484965672348115 
40 92 7 0 7 22 11.045361017187261 13.341664064126334 1.4789899469749261 
40 91 7 0 9 21 11.045361017187261 13.341664064126334 1.4874241645988309 
39 90 7 0 9 23 10.0 13.341664064126334 1.4780224690425978 
38 89 7 0 10 21 9.055385138137417 13.341664064126334 1.4758568642908962 
37 87 7 0 11 22 9.055385138137417 12.0 1.4998273591522384 
36 86 7 0 14 26 9.055385138137417 12.0 1.5196869825977597 
28 85 8 0 7 28 7.211102550927978 12.0 1.4982321781882892 
27 84 8 0 7 24 7.0710678118654755 12.0 1.4866437054521435 
25 83 8 0 5 22 4.242640687119285 12.0 1.4765783461141901 
23 82 9 0 3 20 4.242640687119285 12.0 1.4840924948196839 
24 81 9 0 6 22 4.47213595499958 12.0 1.496557400370133 
23 79 9 0 3 27 3.1622776601683795 12.0 1.4886143071898954 
23 78 9 0 4 26 3.1622776601683795 12.0 1.4522430555984611 
22 77 9 1 3 24 2.8284271247461903 12.0 1 
