140 140 0 0 14 14 16.0 16.0 1.0774714551373372 
138 138 0 0 17 17 16.0 14.142135623730951 1.0810348636209464 
134 136 0 0 16 19 13.038404810405298 16.0 1.0812014907682368 
132 135 0 0 16 19 13.038404810405298 16.0 1.0803931358875696 
130 133 0 0 16 19 14.142135623730951 16.0 1.0805597630348602 
128 132 0 0 16 19 14.142135623730951 16.0 1.078066176234842 
126 131 0 0 14 17 14.142135623730951 15.033296378372908 1.0805892043968264 
124 129 0 0 16 20 15.033296378372908 15.033296378372908 1.0830002720913865 
122 128 0 0 15 22 15.033296378372908 15.033296378372908 1.0876184701384866 
120 127 0 0 16 26 15.033296378372908 15.033296378372908 1.0833086529228142 
118 126 0 0 17 22 15.033296378372908 15.033296378372908 1.0814147000674763 
116 124 0 0 18 21 15.033296378372908 15.033296378372908 1.086045334846153 
114 123 0 0 18 25 15.033296378372908 15.033296378372908 1.083047816814545 
112 121 0 0 18 23 15.033296378372908 15.033296378372908 1.0856303083221697 
110 119 0 0 18 26 15.033296378372908 15.033296378372908 1.082632790290562 
108 117 0 0 18 24 15.033296378372908 15.033296378372908 1.081708288993159 
106 116 0 0 16 23 15.033296378372908 15.033296378372908 1.0818500426772963 
104 115 0 0 18 23 15.033296378372908 15.033296378372908 1.0766205208299953 
102 113 0 0 18 19 15.033296378372908 15.033296378372908 1.084581927934861 
98 112 0 0 18 25 15.033296378372908 15.033296378372908 1.0858970705189541 
94 111 0 0 14 25 15.033296378372908 15.033296378372908 1.0982548014522577 
90 110 1 0 13 25 15.033296378372908 15.033296378372908 1.088944029081528 
89 109 1 0 13 17 15.033296378372908 15.033296378372908 1.0969627763771777 
87 108 1 0 13 24 14.0 15.033296378372908 1.098282729186121 
85 107 1 0 13 25 13.038404810405298 15.033296378372908 1.104050809457064 
83 106 1 0 14 30 12.165525060596439 15.033296378372908 1.1126058802438488 
79 102 1 0 13 39 11.40175425099138 15.033296378372908 1.1072049345834831 
77 101 1 0 12 34 11.40175425099138 15.033296378372908 1.1173009915721668 
71 100 2 0 12 31 11.40175425099138 15.033296378372908 1.1285178471344703 
67 99 3 0 13 30 11.40175425099138 15.033296378372908 1.115078518805611 
63 93 3 0 13 21 11.40175425099138 15.033296378372908 1.1175325200593316 
61 92 3 0 12 23 10.295630140987 15.033296378372908 1.1276831206400957 
57 91 4 0 9 21 10.295630140987 15.033296378372908 1.1264287982835335 
56 89 4 0 8 21 9.055385138137417 15.033296378372908 1.1238301280524294 
55 88 4 0 10 19 8.0 15.033296378372908 1.1239934530948112 
51 87 4 0 7 18 8.602325267042627 15.033296378372908 1.124739134626277 
50 86 4 0 6 19 8.602325267042627 15.033296378372908 1.126021763681414 
48 85 4 0 6 20 8.602325267042627 15.033296378372908 1.1361522874647985 
46 84 5 0 6 19 8.602325267042627 15.033296378372908 1.1461889289638387 
44 83 6 0 4 18 11.661903789690601 15.033296378372908 1.14595405363472 
43 82 6 0 6 18 7.211102550927978 15.033296378372908 1.1333963480583926 
41 81 6 1 6 19 7.211102550927978 15.033296378372908 1.1319100257741654 
40 80 6 1 5 18 7.211102550927978 15.033296378372908 1.1326844035814496 
39 79 6 1 6 19 5.830951894845301 15.033296378372908 1.134546087020762 
38 78 6 1 5 21 5.830951894845301 15.033296378372908 1.1341633299128044 
37 77 6 1 5 21 5.830951894845301 15.033296378372908 1.1350928719889115 
36 75 6 1 4 23 5.830951894845301 15.033296378372908 1.1424544444329316 
35 74 7 1 3 20 5.830951894845301 15.033296378372908 1.142071687324974 
34 73 7 1 3 20 5.830951894845301 15.033296378372908 1.1374366513115814 
33 71 7 1 5 17 4.47213595499958 15.033296378372908 1.1387317170982953 
31 70 7 1 4 18 4.47213595499958 15.033296378372908 1.1375978363034438 
30 68 7 1 4 19 4.47213595499958 13.038404810405298 1.1377644634507345 
28 67 7 1 4 19 4.47213595499958 13.038404810405298 1.136328982548667 
27 66 7 1 3 18 3.1622776601683795 13.038404810405298 1.1192813632507763 
25 64 7 2 4 16 8.246211251235321 13.038404810405298 1.1352394948842672 
23 63 8 2 1 20 2.8284271247461903 13.038404810405298 1.1221872969234115 
22 62 8 3 1 21 1.4142135623730951 13.038404810405298 1.1273820346305985 
21 60 9 3 0 17 4.47213595499958 13.038404810405298 1.110579741045307 
21 58 9 4 0 16 4.0 13.038404810405298 1.1107452759095182 
21 57 9 4 0 17 4.47213595499958 13.038404810405298 1.1066673150478445 
21 55 9 4 0 15 4.0 13.038404810405298 1.1101808556355952 
21 54 9 4 0 19 4.47213595499958 13.038404810405298 1.1038708909582284 
21 52 9 4 0 15 4.0 13.038404810405298 1.105152427730286 
21 51 9 4 0 17 4.47213595499958 13.038404810405298 1.103122610139664 
21 50 9 4 0 16 4.0 13.038404810405298 1.0883318084645648 
21 49 9 5 0 16 4.47213595499958 13.038404810405298 1.0885339946896355 
21 48 9 5 0 17 4.0 13.038404810405298 1.0705790478356376 
21 46 9 6 0 15 4.47213595499958 13.038404810405298 1.0665010869739637 
21 44 9 6 0 13 4.0 13.038404810405298 1.0605033923214358 
21 42 9 6 0 10 4.47213595499958 11.40175425099138 1.0584735747308138 
21 41 9 6 0 9 4.0 11.40175425099138 1.0564071057793318 
21 40 9 6 0 8 4.47213595499958 11.40175425099138 1.0532612862808632 
21 39 9 6 0 6 4.0 11.40175425099138 1.0534268211450746 
21 38 9 6 0 7 4.47213595499958 11.40175425099138 1.050281001646606 
21 37 9 6 0 5 4.0 11.40175425099138 1.0354901999715065 
21 36 9 7 0 5 4.47213595499958 11.40175425099138 1.0314122391098324 
21 34 9 7 0 3 4.0 11.40175425099138 1.0298976036815146 
21 33 9 7 0 3 4.47213595499958 10.198039027185569 1 
