140 140 0 0 14 14 16.0 16.0 1.0582208648721603 
138 139 0 0 17 17 16.0 14.142135623730951 1.0647884752374768 
134 137 0 0 16 20 12.165525060596439 16.0 1.070378853290018 
132 136 0 0 16 25 13.341664064126334 16.0 1.068817608387176 
130 135 0 0 16 23 13.341664064126334 16.0 1.0683129250541887 
128 134 0 0 16 22 13.341664064126334 16.0 1.0661460511224872 
126 133 0 0 14 19 13.341664064126334 16.0 1.0683324060450674 
124 131 0 0 16 22 13.341664064126334 16.0 1.0689730007656655 
122 130 0 0 15 22 14.0 16.0 1.0724690974415991 
120 129 0 0 16 25 14.0 16.0 1.0674849876456953 
118 127 0 0 17 21 14.0 16.0 1.0709533704086276 
116 125 0 0 18 25 14.0 16.0 1.0767880564947674 
114 124 0 0 18 30 14.0 16.0 1.080509619441198 
112 123 0 0 18 33 14.0 16.0 1.0778918129685018 
110 122 0 0 18 30 14.0 16.0 1.0752740064958053 
108 121 0 0 18 27 14.0 16.0 1.072022857081248 
106 119 0 0 16 24 14.0 16.0 1.072464646749527 
102 117 0 0 16 24 14.0 15.033296378372908 1.0700684406342311 
101 115 0 0 15 23 15.033296378372908 15.033296378372908 1.0655482818188178 
100 113 0 0 15 20 15.033296378372908 15.033296378372908 1.0713829679049576 
98 112 0 0 15 25 15.033296378372908 15.033296378372908 1.0807263407502934 
97 111 1 0 14 23 15.033296378372908 15.033296378372908 1.0751773342780266 
96 110 1 0 14 18 15.033296378372908 15.033296378372908 1.077000410794837 
94 109 1 0 14 19 14.0 15.033296378372908 1.0777777553022014 
92 108 1 0 13 19 14.0 15.033296378372908 1.0833352148806998 
88 107 1 0 13 22 13.038404810405298 15.033296378372908 1.0895098666330216 
86 106 1 0 13 27 11.40175425099138 15.033296378372908 1.0805417502341814 
85 96 1 0 13 28 11.40175425099138 15.033296378372908 1.0643825714971094 
83 95 1 1 13 25 11.40175425099138 15.033296378372908 1.0463357358908254 
81 94 1 2 12 20 11.40175425099138 15.033296378372908 1.0468876141276926 
79 93 1 2 12 20 11.40175425099138 15.033296378372908 1.0476649586350573 
77 92 1 2 11 20 11.40175425099138 15.033296378372908 1.0510439471685091 
76 91 1 2 10 23 10.198039027185569 15.033296378372908 1.0518343101153695 
75 90 1 2 10 24 10.198039027185569 15.033296378372908 1.0517924455459766 
73 89 1 2 9 23 9.055385138137417 15.033296378372908 1.0555270269319033 
72 88 1 2 10 27 9.055385138137417 15.033296378372908 1.0467907088015815 
70 87 1 2 11 19 9.055385138137417 14.142135623730951 1.044172902328885 
68 86 1 2 11 16 9.055385138137417 14.142135623730951 1.0454079565417689 
67 85 1 2 10 17 8.0 14.142135623730951 1.0432263871365615 
66 83 1 2 9 16 8.0 14.142135623730951 1.0413554903801217 
65 82 1 2 9 15 8.0 13.341664064126334 1.0395484588733248 
64 81 1 2 10 14 8.246211251235321 13.038404810405298 1.0553468423071652 
60 80 2 2 10 16 8.246211251235321 13.038404810405298 1.0565043495728923 
58 79 2 2 12 17 8.246211251235321 13.038404810405298 1.071961625566858 
57 78 3 2 12 21 8.246211251235321 13.038404810405298 1.072790113167393 
55 77 3 2 11 21 8.0 13.038404810405298 1.0780321886641688 
54 76 3 2 10 26 8.0 13.038404810405298 1.07758669514538 
53 75 3 2 9 26 7.0710678118654755 12.165525060596439 1.0707848389769083 
52 71 3 2 9 23 7.615773105863909 12.165525060596439 1.0816650640983123 
50 70 4 2 10 22 7.0710678118654755 12.165525060596439 1.0803292854659678 
48 69 4 2 9 20 7.0710678118654755 12.165525060596439 1.0742886141002093 
46 67 4 2 10 15 7.0710678118654755 12.165525060596439 1.079374828817264 
44 66 4 2 11 20 7.0710678118654755 11.40175425099138 1.0822652964643373 
42 65 4 2 10 22 7.0710678118654755 11.40175425099138 1.079647489991641 
40 64 4 2 10 19 7.0710678118654755 11.40175425099138 1.0910909675371903 
38 63 5 2 8 18 7.0710678118654755 11.40175425099138 1.0988991323586754 
37 61 6 2 9 16 7.0710678118654755 11.40175425099138 1.0973378874558337 
35 60 6 2 9 14 7.0710678118654755 11.40175425099138 1.108330432460388 
33 59 7 2 9 13 7.0710678118654755 11.40175425099138 1.1087965934222648 
31 58 8 3 5 14 7.0710678118654755 11.40175425099138 1.1089522392719051 
30 57 8 3 3 14 7.211102550927978 11.40175425099138 1.1089727260592621 
29 56 8 3 3 14 5.830951894845301 11.40175425099138 1.1068257013208436 
28 55 8 3 3 13 5.830951894845301 10.198039027185569 1.0933003841885904 
27 54 8 4 3 13 4.47213595499958 10.198039027185569 1.0919776239957415 
26 53 8 4 3 12 4.47213595499958 10.198039027185569 1.0893940894027538 
25 51 8 4 3 12 3.1622776601683795 8.0 1.088071329209905 
24 50 8 4 3 11 3.1622776601683795 8.0 1.1008973593327065 
23 49 9 4 2 11 3.1622776601683795 10.0 1.1008725894598845 
22 48 9 4 2 11 2.0 10.0 1.0989398936852632 
21 47 9 4 1 10 1.4142135623730951 8.602325267042627 1 
