140 140 0 0 14 14 16.0 16.0 1.0794809795831128 
139 139 0 0 19 18 16.0 13.038404810405298 1.0901226890814169 
135 138 0 0 22 22 13.341664064126334 15.033296378372908 1.0953805970053982 
131 134 0 0 25 25 13.341664064126334 15.033296378372908 1.0963028689890268 
127 133 0 0 25 24 14.142135623730951 16.0 1.103710271201515 
123 131 0 0 28 27 14.142135623730951 16.0 1.1055551708835167 
123 130 0 0 38 26 14.142135623730951 16.0 1.1131570831254542 
117 128 0 0 38 29 13.038404810405298 16.0 1.1380096504201789 
116 126 0 0 45 43 13.038404810405298 16.0 1.1376294421979374 
110 125 0 0 43 41 13.038404810405298 16.0 1.114371371230816 
104 121 1 0 27 25 13.038404810405298 16.0 1.1284429256120185 
104 120 1 0 35 32 13.038404810405298 16.0 1.1227803262342075 
98 114 1 0 26 32 13.038404810405298 16.0 1.1128033092436755 
92 112 2 0 20 20 13.038404810405298 16.0 1.1213943920792728 
91 111 2 0 25 24 13.038404810405298 16.0 1.1312087752461708 
87 110 3 0 24 23 13.038404810405298 16.0 1.136675284346792 
81 109 3 1 25 33 12.0 16.0 1.1362273567392738 
79 108 3 1 30 31 12.0 16.0 1.1362477818450232 
73 107 3 1 26 30 12.0 15.033296378372908 1.1333421866740614 
72 106 3 1 31 27 12.0 15.033296378372908 1.158735709070168 
64 105 4 1 21 36 12.0 15.033296378372908 1.1559467665734895 
58 104 5 1 14 28 12.0 15.033296378372908 1.1449041310696126 
57 102 5 1 18 21 11.40175425099138 15.033296378372908 1.1497030644347197 
51 101 5 1 13 23 11.045361017187261 15.033296378372908 1.1470712430165373 
50 100 5 1 15 21 11.045361017187261 15.033296378372908 1.1430733117881626 
46 98 5 1 11 19 11.045361017187261 15.033296378372908 1.1418915073791795 
44 97 5 1 11 18 9.486832980505138 15.033296378372908 1.160422448736978 
40 95 6 1 7 24 8.94427190999916 14.142135623730951 1.1593329771700027 
40 94 6 1 14 22 10.198039027185569 14.142135623730951 1.1586540250857342 
39 93 6 1 14 22 9.486832980505138 13.038404810405298 1.1638561891172567 
38 91 6 1 14 26 8.94427190999916 13.038404810405298 1.1640320328806337 
37 90 6 1 15 26 8.602325267042627 13.038404810405298 1.1536623559124026 
36 88 6 1 17 20 7.0710678118654755 13.038404810405298 1.155515790871059 
34 86 6 1 15 22 7.0710678118654755 13.038404810405298 1.1566706612753033 
33 85 6 1 11 24 6.324555320336759 13.038404810405298 1.1453405589916676 
32 84 6 1 12 17 5.830951894845301 13.038404810405298 1.1547105518089131 
30 83 7 1 10 17 5.830951894845301 13.038404810405298 1.1471778619027668 
29 79 7 1 9 15 5.656854249492381 12.165525060596439 1.1511155707740466 
28 78 7 1 11 17 5.656854249492381 12.165525060596439 1.1583869780790645 
26 77 8 1 8 16 5.656854249492381 12.165525060596439 1.1576149966062972 
24 76 8 1 5 16 6.324555320336759 12.165525060596439 1.1664538916109042 
22 75 9 1 2 16 5.0990195135927845 12.165525060596439 1.1654238742756644 
22 74 9 1 2 16 5.830951894845301 12.165525060596439 1.1629694433860838 
22 72 9 1 2 16 5.0990195135927845 11.40175425099138 1.1620285926465683 
21 71 9 1 1 16 1.4142135623730951 11.40175425099138 1 
