140 140 0 0 14 14 16.0 16.0 1.1957467336430838 
139 138 0 0 19 17 16.0 13.038404810405298 1.2170528582345608 
135 137 0 0 22 20 14.0 15.033296378372908 1.2266980668689278 
131 136 0 0 25 20 14.0 15.033296378372908 1.2463583440546318 
127 135 0 0 25 24 13.038404810405298 16.0 1.2461582001344074 
123 134 0 0 28 21 14.142135623730951 16.0 1.2791419375756183 
123 133 0 0 38 28 14.142135623730951 16.0 1.2859892841090694 
117 132 0 0 38 27 13.038404810405298 16.0 1.2672098532218246 
113 128 0 0 36 23 13.038404810405298 16.0 1.2705137049454809 
107 127 0 0 34 22 13.038404810405298 15.033296378372908 1.301846024447158 
105 126 0 0 37 30 14.0 15.033296378372908 1.3682911959527542 
97 125 1 0 33 46 13.038404810405298 14.142135623730951 1.3582119320298074 
97 124 1 0 40 41 13.341664064126334 14.142135623730951 1.378745580743811 
91 123 1 0 43 43 12.649110640673518 14.142135623730951 1.3508308331784613 
87 121 1 0 37 36 12.649110640673518 14.142135623730951 1.3491441328113363 
81 120 1 0 38 32 12.649110640673518 14.142135623730951 1.3354038575789833 
80 119 1 0 38 28 11.40175425099138 14.142135623730951 1.3270667483030705 
76 117 2 0 30 26 11.40175425099138 14.142135623730951 1.3040436634481531 
72 116 2 0 23 20 11.40175425099138 14.142135623730951 1.3468617638295477 
70 114 3 0 25 31 11.40175425099138 14.142135623730951 1.3555064996025197 
69 112 3 0 30 33 11.40175425099138 13.341664064126334 1.3405080304083479 
61 111 4 0 18 27 11.045361017187261 13.341664064126334 1.3358842293706714 
60 110 4 0 20 25 10.198039027185569 13.341664064126334 1.3481139333593661 
56 109 4 0 20 27 10.198039027185569 13.341664064126334 1.3601230538154585 
50 108 5 0 17 27 10.198039027185569 13.341664064126334 1.3688124508193478 
44 107 5 0 11 29 10.198039027185569 13.341664064126334 1.3938583959081903 
38 106 6 0 8 33 10.198039027185569 13.341664064126334 1.3728865653722937 
37 105 6 0 10 26 10.198039027185569 13.341664064126334 1.370396930437291 
35 104 7 0 10 23 10.198039027185569 13.341664064126334 1.3761306234499215 
31 103 8 0 8 22 10.198039027185569 13.341664064126334 1.385834960760913 
30 102 8 0 6 26 9.055385138137417 13.341664064126334 1.4053496769655724 
29 101 8 0 9 31 8.0 13.341664064126334 1.3756308237596793 
25 99 8 0 4 23 5.656854249492381 13.341664064126334 1.371306346781475 
23 98 8 0 2 22 2.8284271247461903 13.341664064126334 1.3791300535600075 
21 97 9 0 0 23 4.47213595499958 13.341664064126334 1.3696968532167408 
21 96 9 0 0 21 4.0 13.341664064126334 1.3732425291474863 
21 95 9 0 0 23 4.47213595499958 13.341664064126334 1.3576063604397715 
21 93 9 0 0 20 4.0 13.341664064126334 1.352110238910048 
22 91 9 0 2 20 5.0990195135927845 13.341664064126334 1.3487750738209894 
21 90 9 0 0 20 4.0 13.341664064126334 1.3462227144975265 
22 89 9 0 2 20 5.0990195135927845 13.341664064126334 1.3237884741546238 
21 88 9 1 0 20 4.0 13.341664064126334 1.3212361148311609 
22 87 9 1 2 20 5.0990195135927845 13.341664064126334 1.3182474351813633 
22 86 9 1 2 20 5.830951894845301 13.341664064126334 1.3153485904186395 
22 85 9 1 2 20 5.0990195135927845 13.341664064126334 1.3091007046106544 
22 84 9 1 2 19 5.830951894845301 13.341664064126334 1.302942653689743 
22 83 9 1 2 18 5.0990195135927845 13.341664064126334 1.319509210989071 
22 82 9 1 2 24 5.830951894845301 13.341664064126334 1.3155723828276173 
22 81 9 1 2 24 5.0990195135927845 12.165525060596439 1 
