140 140 0 0 14 14 16.0 16.0 0.9915484751649849 
138 139 0 0 17 18 16.0 14.142135623730951 0.9958620594939039 
134 138 0 0 16 16 12.649110640673518 16.0 0.9960149892943988 
132 137 0 0 16 15 12.649110640673518 16.0 0.9984824001580217 
130 135 0 0 16 18 12.649110640673518 16.0 0.999204359857493 
128 134 0 0 16 18 13.038404810405298 16.0 1.0027791529998238 
126 133 0 0 14 20 13.038404810405298 16.0 1.0021220564560938 
125 132 0 0 14 19 13.038404810405298 16.0 1.0062364605122953 
123 131 0 0 15 24 13.038404810405298 16.0 1.0051704424552446 
121 130 0 0 15 22 14.0 16.0 1.007358758767757 
120 129 0 0 14 24 14.0 16.0 1.0147274971935223 
119 128 0 0 14 33 13.038404810405298 16.0 1.013547655718208 
117 127 0 0 15 31 13.038404810405298 16.0 1.0143004015584494 
115 126 0 0 16 31 12.165525060596439 16.0 1.0152799675299957 
111 125 0 0 19 32 12.165525060596439 15.033296378372908 1.0129069935470552 
110 124 0 0 16 27 13.038404810405298 15.033296378372908 1.010970831281524 
108 123 0 0 17 24 13.038404810405298 15.033296378372908 1.008854798711369 
106 122 0 0 17 20 13.038404810405298 15.033296378372908 1.009007728511864 
104 121 0 0 17 19 13.038404810405298 15.033296378372908 1.0100073082681862 
102 119 0 0 16 20 13.038404810405298 14.142135623730951 1.0126772066569518 
98 117 0 0 17 22 13.038404810405298 14.0 1.0167793566424224 
94 116 0 0 15 22 12.165525060596439 14.0 1.0166760988730041 
92 112 0 0 15 24 12.165525060596439 13.341664064126334 1.024005555462289 
88 110 0 0 12 29 12.165525060596439 13.341664064126334 1.0302090515845166 
86 109 0 0 12 36 12.165525060596439 13.341664064126334 1.0307212475365402 
85 107 0 0 12 37 11.40175425099138 13.341664064126334 1.029886942130268 
84 106 0 0 12 35 10.198039027185569 13.341664064126334 1.0300814436985994 
83 105 0 0 12 35 10.0 13.341664064126334 1.017984773645563 
82 104 0 1 11 35 10.0 13.341664064126334 1.014729861550706 
82 103 0 1 10 31 10.198039027185569 13.341664064126334 1.0158645011385194 
80 101 0 1 11 33 10.198039027185569 13.341664064126334 1.0172442631615515 
76 95 1 1 15 23 10.198039027185569 13.341664064126334 1.0188373753458728 
72 94 1 1 14 21 10.198039027185569 13.341664064126334 1.0271289183837247 
70 93 1 1 14 31 10.198039027185569 13.038404810405298 1.029182883084092 
69 91 1 1 12 33 10.198039027185569 13.038404810405298 1.02751956582229 
68 87 1 1 11 32 9.055385138137417 13.038404810405298 1.0369206915390186 
66 86 2 1 11 27 9.055385138137417 13.038404810405298 1.0360837246906651 
65 85 2 1 10 25 9.055385138137417 13.038404810405298 1.0344367314980867 
65 84 2 1 9 23 9.055385138137417 13.038404810405298 1.0340132108129885 
63 83 2 1 10 22 9.055385138137417 13.038404810405298 1.033455338515745 
61 81 2 1 10 21 9.055385138137417 13.038404810405298 1.0481507097639904 
59 80 3 1 10 23 9.055385138137417 13.038404810405298 1.0658713641731021 
57 79 4 1 10 29 9.055385138137417 13.038404810405298 1.0549535997679766 
55 78 4 2 8 29 9.486832980505138 13.038404810405298 1.053514177757305 
55 77 4 2 7 27 9.055385138137417 13.038404810405298 1.0498317980527083 
54 76 4 2 7 22 9.055385138137417 13.038404810405298 1.0647070396055773 
52 75 5 2 8 25 9.055385138137417 13.038404810405298 1.0655114945794422 
50 73 5 2 5 23 8.246211251235321 13.038404810405298 1.0645135342318734 
49 72 5 2 6 23 8.246211251235321 12.165525060596439 1.0629202465933032 
48 71 5 2 5 20 8.246211251235321 12.165525060596439 1.0645210278692039 
47 70 5 2 6 22 7.0710678118654755 12.165525060596439 1.0634563599222284 
47 69 5 2 5 22 7.615773105863909 11.045361017187261 1.0622228128929054 
46 68 5 2 6 21 7.615773105863909 11.045361017187261 1.0636548084152015 
45 67 5 2 5 22 7.615773105863909 11.045361017187261 1.0624897851633366 
43 66 5 2 5 19 7.211102550927978 11.045361017187261 1.0627688797144468 
42 65 5 2 6 20 7.211102550927978 11.045361017187261 1.0627337523487876 
41 63 5 2 5 20 7.211102550927978 11.045361017187261 1.064753976382726 
37 62 5 2 6 20 7.0710678118654755 11.045361017187261 1.0634636625188347 
36 60 6 3 5 19 7.0710678118654755 11.045361017187261 1.0637553258386456 
35 59 6 3 5 18 5.0990195135927845 11.045361017187261 1.062341908504699 
34 58 6 3 5 16 5.0990195135927845 11.045361017187261 1.0631974535414022 
33 57 6 3 5 17 5.0990195135927845 11.045361017187261 1.0740575152845562 
32 56 7 3 5 15 5.0990195135927845 11.045361017187261 1.0615211646132017 
31 55 7 4 3 15 7.211102550927978 11.045361017187261 1.064054177404107 
30 54 7 4 5 18 4.47213595499958 11.045361017187261 1.0661163289660045 
28 53 7 4 3 18 4.47213595499958 11.045361017187261 1.0790654827751847 
27 52 8 4 2 18 4.47213595499958 11.045361017187261 1.0778384821999696 
26 51 8 4 3 17 3.1622776601683795 10.0 1.0777578361418327 
25 50 8 4 2 16 3.1622776601683795 10.0 1.07783978606247 
24 49 8 4 3 16 2.0 10.0 1.0771209634101353 
23 48 8 4 2 14 2.0 10.198039027185569 1.0883843052261988 
22 46 9 4 2 14 2.8284271247461903 10.198039027185569 1.0883023692995284 
21 45 9 4 1 13 1.4142135623730951 9.055385138137417 1 
