140 140 0 0 14 14 16.0 16.0 1.370209822858475 
139 138 0 0 19 17 16.0 13.038404810405298 1.392593948944289 
135 137 0 0 22 18 14.142135623730951 15.033296378372908 1.4352956922284354 
131 136 0 0 25 24 14.142135623730951 15.033296378372908 1.406225483293908 
127 134 0 0 25 17 13.038404810405298 16.0 1.4343267421481671 
123 133 0 0 28 20 13.341664064126334 16.0 1.4539624304946719 
123 131 0 0 38 22 13.341664064126334 16.0 1.4779966434961338 
117 130 0 0 38 24 12.165525060596439 16.0 1.4573583130539405 
113 128 0 0 36 20 13.038404810405298 16.0 1.4625647406913562 
107 124 0 0 34 22 13.038404810405298 16.0 1.5240713663050283 
105 123 0 0 35 34 13.038404810405298 16.0 1.4705604737556945 
105 115 0 1 44 32 13.038404810405298 16.0 1.3405398566305455 
99 103 0 2 39 20 13.038404810405298 16.0 1.4023609796927492 
93 102 0 2 46 27 12.649110640673518 16.0 1.3495466601064983 
91 100 0 2 33 22 11.045361017187261 16.0 1.3680415034174798 
87 99 0 2 36 23 11.045361017187261 16.0 1.3680722377683066 
81 98 1 2 35 20 11.045361017187261 16.0 1.4183263346288513 
75 97 2 2 30 29 11.045361017187261 16.0 1.411581680807889 
71 95 2 2 25 29 10.198039027185569 16.0 1.3995927477014338 
70 94 2 2 28 26 10.198039027185569 15.033296378372908 1.3777044568500518 
66 93 3 2 24 21 10.295630140987 15.033296378372908 1.394275875839897 
62 92 3 2 21 24 9.486832980505138 15.033296378372908 1.3869396634539306 
60 91 3 2 19 23 9.486832980505138 15.033296378372908 1.3849345108843183 
56 87 3 2 19 24 9.486832980505138 15.033296378372908 1.3939455031982038 
55 85 3 2 22 26 9.486832980505138 15.033296378372908 1.3835504505085803 
51 83 4 2 14 26 9.486832980505138 15.033296378372908 1.348607724476421 
47 81 4 2 12 19 9.486832980505138 15.033296378372908 1.3798809700160974 
46 80 4 2 14 25 9.486832980505138 15.033296378372908 1.394661776215405 
45 79 4 2 15 28 9.486832980505138 15.033296378372908 1.3739465692339805 
41 77 4 2 15 23 7.0710678118654755 15.033296378372908 1.3743248174808105 
39 76 4 2 12 24 7.0710678118654755 15.033296378372908 1.368971160916607 
39 74 4 2 15 24 7.0710678118654755 14.142135623730951 1.3460466907644224 
35 73 5 2 11 19 5.830951894845301 13.341664064126334 1.3535699892300044 
34 72 6 2 12 20 6.0 13.341664064126334 1.3424024147547948 
33 71 6 2 12 18 5.0990195135927845 13.341664064126334 1.3393081592666969 
32 69 6 2 13 19 5.0990195135927845 11.40175425099138 1.3441225163889183 
30 68 7 2 11 20 5.0990195135927845 11.40175425099138 1.34256869896953 
29 67 7 2 11 20 4.47213595499958 11.40175425099138 1.3409759243875181 
28 66 7 2 11 20 4.0 11.40175425099138 1.3300810414196425 
27 65 8 2 10 18 4.0 11.40175425099138 1.3113325569141425 
28 63 8 2 12 16 4.47213595499958 11.40175425099138 1.3058031836191915 
27 62 8 2 10 16 4.0 11.40175425099138 1.296761111712053 
28 61 8 2 12 15 4.47213595499958 11.40175425099138 1.3057322257919057 
27 59 8 2 10 19 4.0 11.40175425099138 1.2918487738901343 
28 58 8 2 12 17 4.47213595499958 11.40175425099138 1.2863194005951832 
27 57 8 2 10 17 4.0 11.40175425099138 1.2821187086826777 
28 56 8 2 12 17 4.47213595499958 11.40175425099138 1.2721140474381973 
28 55 8 2 12 16 5.656854249492381 11.40175425099138 1.2529994708875936 
28 53 8 2 12 14 4.47213595499958 11.40175425099138 1.230031351084817 
28 51 8 3 12 16 5.656854249492381 11.40175425099138 1.1931592411994745 
28 50 8 4 12 14 4.47213595499958 11.40175425099138 1.1831545799549943 
28 49 8 4 12 13 5.656854249492381 11.40175425099138 1.1765232234922494 
28 48 8 4 12 13 4.47213595499958 10.198039027185569 1.169400100117322 
28 47 8 4 12 13 5.656854249492381 9.055385138137417 1.166960543332614 
28 46 8 4 12 13 4.47213595499958 10.295630140987 1.1586992738504038 
28 45 8 4 12 13 4.0 8.246211251235321 1.1537153826876263 
28 44 8 4 12 13 4.47213595499958 8.246211251235321 1.144127828648314 
28 43 8 4 12 12 4.0 8.246211251235321 1.097132198959442 
28 41 8 5 12 9 4.47213595499958 8.246211251235321 1.0972274049093962 
28 40 8 5 12 10 4.0 8.246211251235321 1.0922435137466187 
28 39 8 5 12 10 4.47213595499958 8.246211251235321 1.0551920137742063 
28 38 8 6 12 8 4.0 8.246211251235321 1.0453667426167959 
28 37 8 6 12 7 4.47213595499958 8.246211251235321 1.0436286089781088 
28 36 8 6 12 7 4.0 10.0 1.0345553707718713 
28 35 8 6 12 7 4.47213595499958 7.615773105863909 1.0298091967271923 
28 34 8 6 12 7 4.0 7.615773105863909 1.0129278915727569 
28 33 8 6 12 5 4.47213595499958 6.324555320336759 1.0081817175280776 
28 32 8 6 12 5 4.0 6.324555320336759 0.9805752604268331 
28 31 8 7 12 5 4.47213595499958 6.324555320336759 0.9737270879354925 
28 30 8 7 12 5 4.0 5.0990195135927845 0.9687431967727149 
28 29 8 7 12 5 4.47213595499958 5.0990195135927845 0.9543142627387697 
28 28 8 7 12 3 4.0 5.0990195135927845 0.9474453696872588 
28 27 8 7 12 3 4.47213595499958 4.0 0.9382739849223286 
28 26 8 7 12 2 4.0 4.242640687119285 0.9308644814722579 
28 25 8 7 12 2 4.47213595499958 2.8284271247461903 0.9289375424013298 
28 24 8 7 12 2 4.0 4.47213595499958 0.8916483253108191 
28 23 8 8 12 0 4.47213595499958 4.47213595499958 0.9358010674168449 
28 24 8 7 12 4 4.0 2.8284271247461903 0.9013310853000852 
28 23 8 8 12 2 4.47213595499958 4.47213595499958 0.886498683999729 
28 22 8 8 12 1 4.0 1.4142135623730951 0.8637532960530241 
28 21 8 9 12 0 4.47213595499958 7.0710678118654755 0.9083134688746496 
28 23 8 8 12 4 4.0 2.8284271247461903 0.8863798254406797 
28 22 8 8 12 1 4.47213595499958 1.4142135623730951 0.8638721546120733 
28 21 8 9 12 0 4.0 7.0710678118654755 0.8985118503263343 
28 23 8 8 12 2 4.47213595499958 2.8284271247461903 0.8755941343367213 
28 22 8 9 12 1 4.0 8.246211251235321 0.8637532960530241 
28 21 8 9 12 0 4.47213595499958 7.0710678118654755 0.891340063994362 
28 22 8 8 12 2 4.0 1.4142135623730951 0.8637532960530241 
28 21 8 9 12 0 4.47213595499958 7.0710678118654755 0.9137511108652379 
28 24 8 8 12 4 4.0 3.1622776601683795 0.8863798254406797 
28 22 8 8 12 1 4.47213595499958 1.4142135623730951 0.8638721546120733 
28 21 8 9 12 0 4.0 7.0710678118654755 0.9255852904914409 
28 25 8 8 12 5 4.47213595499958 4.47213595499958 0.8954071601144974 
28 24 8 9 12 4 4.0 5.656854249492381 0.8907218754698529 
28 23 8 9 12 4 4.47213595499958 5.830951894845301 0.8739623453169392 
28 22 8 9 12 2 4.0 4.47213595499958 0.8603709040927892 
28 21 8 9 12 0 4.47213595499958 5.0990195135927845 0.9208627690558571 
28 25 8 8 12 4 4.0 4.47213595499958 0.8964897053054521 
28 23 8 8 12 1 4.47213595499958 4.47213595499958 0.8846555256792491 
28 22 8 8 12 0 4.0 3.1622776601683795 0.9575541435308602 
28 27 8 7 12 4 4.47213595499958 7.0710678118654755 0.9295116773927391 
28 25 8 7 12 0 4.0 7.615773105863909 0.9575541435308602 
28 27 8 7 12 4 4.47213595499958 7.0710678118654755 0.9482067724404005 
28 26 8 7 12 3 4.0 7.211102550927978 0.9360143125649775 
28 25 8 7 12 2 4.47213595499958 5.830951894845301 0.8949443922444238 
28 23 8 8 12 0 4.0 6.324555320336759 0.9254416953337891 
28 25 8 8 12 4 4.47213595499958 7.211102550927978 0.8949443922444238 
28 23 8 8 12 0 4.0 6.324555320336759 0.8964897053054521 
28 23 8 8 12 1 4.47213595499958 4.47213595499958 0.8846555256792491 
28 22 8 8 12 0 4.0 3.1622776601683795 0.9154852552066218 
28 24 8 8 12 4 4.47213595499958 4.242640687119285 0.8846555256792491 
28 22 8 8 12 0 4.0 3.1622776601683795 0.9207439104968078 
28 25 8 8 12 4 4.47213595499958 4.47213595499958 0.902051198099179 
28 23 8 8 12 3 4.0 2.0 0.8603709040927892 
28 21 8 9 12 0 4.47213595499958 5.0990195135927845 0.9083134688746496 
28 23 8 8 12 4 4.0 2.8284271247461903 0.8770206951324454 
28 22 8 9 12 2 4.47213595499958 6.324555320336759 0.8638721546120733 
28 21 8 9 12 0 4.0 7.0710678118654755 0.8603709040927892 
28 21 8 9 12 0 4.47213595499958 5.0990195135927845 0.902051198099179 
28 23 8 8 12 3 4.0 2.0 0.8912212054353128 
28 22 8 8 12 2 4.47213595499958 1.4142135623730951 0.8638721546120733 
28 21 8 9 12 0 4.0 7.0710678118654755 0.8985118503263343 
28 23 8 8 12 2 4.47213595499958 2.8284271247461903 0.886498683999729 
28 22 8 8 12 1 4.0 1.4142135623730951 0.8637532960530241 
28 21 8 9 12 0 4.47213595499958 7.0710678118654755 0.9034720888800165 
28 23 8 8 12 3 4.0 2.8284271247461903 0.8863798254406797 
28 22 8 8 12 1 4.47213595499958 1.4142135623730951 0.8638721546120733 
28 21 8 9 12 0 4.0 7.0710678118654755 0.8985118503263343 
28 23 8 8 12 2 4.47213595499958 2.8284271247461903 0.8638721546120733 
28 21 8 9 12 0 4.0 7.0710678118654755 0.8770206951324454 
28 22 8 9 12 2 4.47213595499958 6.324555320336759 0.8638721546120733 
28 21 8 9 12 0 4.0 7.0710678118654755 0.9300665449886649 
28 26 8 8 12 4 4.47213595499958 7.0710678118654755 0.9228947586566927 
28 25 8 8 12 4 4.0 5.656854249492381 0.8985118503263343 
28 23 8 8 12 2 4.47213595499958 2.8284271247461903 0.8638721546120733 
28 21 8 9 12 0 4.0 7.0710678118654755 0.9136322523061886 
28 24 8 8 12 4 4.47213595499958 3.1622776601683795 0.8894969056738822 
28 22 8 8 12 1 4.0 3.1622776601683795 0.8570490685780043 
28 21 8 9 12 0 4.47213595499958 3.1622776601683795 0.8894969056738822 
28 22 8 8 12 1 4.0 3.1622776601683795 0.8570490685780043 
28 21 8 9 12 0 4.47213595499958 3.1622776601683795 0.8590110854575335 
28 21 8 9 12 1 4.0 1.4142135623730951 -1 
