140 140 0 0 14 14 16.0 16.0 1.1651251458426761 
139 138 0 0 19 17 16.0 13.038404810405298 1.1751129691035573 
135 137 0 0 22 17 14.0 15.033296378372908 1.197927010213191 
131 136 0 0 25 22 14.0 15.033296378372908 1.2013185196428986 
127 134 0 0 25 22 13.038404810405298 16.0 1.2037974005389418 
123 133 0 0 28 20 13.341664064126334 16.0 1.2146940871755985 
123 132 0 0 38 21 13.341664064126334 16.0 1.2295049272004437 
117 131 0 0 38 23 12.165525060596439 16.0 1.251680929862517 
111 130 0 0 34 29 12.165525060596439 16.0 1.2645715245512161 
110 128 0 0 41 32 12.649110640673518 16.0 1.2575930566963787 
102 127 0 0 36 27 12.649110640673518 16.0 1.3014665516320527 
96 125 1 0 32 39 12.649110640673518 16.0 1.3153401523668677 
95 124 1 0 43 40 12.649110640673518 16.0 1.2925203117073025 
83 120 2 0 33 29 12.165525060596439 16.0 1.313137542496201 
77 119 2 0 33 33 11.045361017187261 16.0 1.3166581763342489 
73 118 3 0 25 33 11.045361017187261 16.0 1.31382882745999 
67 116 3 0 30 28 11.045361017187261 16.0 1.3058126098154363 
61 110 3 0 26 28 10.198039027185569 16.0 1.312383159217571 
55 109 4 0 20 27 10.198039027185569 16.0 1.2995646872541922 
51 108 5 0 13 21 9.055385138137417 16.0 1.3155011170324442 
51 106 5 0 18 27 9.055385138137417 14.0 1.3208770275006647 
43 105 6 0 10 25 10.0 14.0 1.3149798402962265 
42 104 6 0 16 21 9.055385138137417 14.0 1.32724301554352 
38 103 6 0 9 26 9.055385138137417 14.0 1.3210035206932202 
32 101 7 0 7 20 7.211102550927978 14.0 1.3164812585946963 
30 100 7 0 7 18 7.211102550927978 14.0 1.3359532335012134 
28 99 8 0 4 23 7.211102550927978 14.0 1.346955339706794 
27 98 8 0 4 27 6.324555320336759 14.0 1.3394688133505495 
26 97 8 0 3 25 5.830951894845301 14.0 1.3456224593893251 
26 96 8 0 3 28 5.830951894845301 14.0 1.3354077162209574 
26 95 8 0 4 25 5.830951894845301 14.0 1.3449468518907504 
26 93 8 0 4 30 5.0990195135927845 14.142135623730951 1.3370579467008634 
25 91 8 0 5 28 2.8284271247461903 14.142135623730951 1.3187021100713991 
23 90 9 0 2 20 5.830951894845301 14.142135623730951 1.322316421877019 
23 88 9 0 2 23 5.0990195135927845 14.142135623730951 1.3226434850265787 
23 87 9 0 2 24 5.830951894845301 14.142135623730951 1.3288158886901116 
23 86 9 0 2 27 5.0990195135927845 14.142135623730951 1.3262390392074415 
23 85 9 0 2 27 5.830951894845301 14.142135623730951 1.3236997049742854 
23 84 9 0 2 27 5.0990195135927845 14.142135623730951 1.3211228554916155 
23 83 9 0 2 27 5.830951894845301 14.142135623730951 1.3040639580973117 
23 82 9 0 2 22 5.0990195135927845 14.142135623730951 1.3160066717757894 
23 81 9 0 2 27 5.830951894845301 14.142135623730951 1.3018516870137151 
23 80 9 0 2 23 5.0990195135927845 14.142135623730951 1.2741770861639288 
23 76 9 0 2 17 5.830951894845301 14.142135623730951 1.2861573150919205 
23 75 9 0 2 22 5.0990195135927845 14.142135623730951 1.280695310601778 
23 74 9 0 2 21 5.0990195135927845 14.142135623730951 1.2723293934794058 
23 73 9 0 2 19 5.0990195135927845 14.142135623730951 1.281386952150411 
23 72 9 0 2 23 5.0990195135927845 14.142135623730951 1.2730210350280389 
23 71 9 0 2 21 5.0990195135927845 14.142135623730951 1.2552026462521275 
23 70 9 1 2 22 5.0990195135927845 14.142135623730951 1.2468367291297553 
23 69 9 1 2 20 5.0990195135927845 14.142135623730951 1.2442786372718422 
23 68 9 1 2 20 5.0990195135927845 14.142135623730951 1.241720545413929 
23 67 9 1 2 20 5.0990195135927845 14.142135623730951 1.2391624535560162 
23 66 9 1 2 20 5.0990195135927845 14.142135623730951 1.2366043616981033 
23 65 9 1 2 20 5.0990195135927845 14.142135623730951 1.2340462698401902 
23 64 9 1 2 20 5.0990195135927845 14.142135623730951 1.2314881779822773 
23 63 9 1 2 20 5.0990195135927845 14.142135623730951 1.210765876574136 
23 62 9 2 2 20 5.0990195135927845 14.142135623730951 1.2043953386971433 
23 61 9 2 2 19 5.0990195135927845 13.038404810405298 1.210548984735919 
23 60 9 2 2 22 5.0990195135927845 13.038404810405298 1.1934713297168582 
23 59 9 2 2 17 5.0990195135927845 13.038404810405298 1.190913237858945 
23 58 9 2 2 17 5.0990195135927845 13.038404810405298 1.1618250193284316 
23 56 9 3 2 15 5.0990195135927845 13.038404810405298 1.145410126119889 
23 52 9 3 2 14 5.0990195135927845 9.055385138137417 1.127722928502146 
22 51 9 4 3 14 2.8284271247461903 9.055385138137417 1 
