140 140 0 0 14 14 16.0 16.0 1.0233624243091803 
138 138 0 0 17 17 16.0 14.142135623730951 1.0239821703297183 
134 134 0 0 16 16 13.038404810405298 15.033296378372908 1.0299564558166185 
132 133 0 0 16 22 15.033296378372908 15.033296378372908 1.0327067871508402 
130 132 0 0 16 24 15.033296378372908 15.033296378372908 1.032565567289796 
128 131 0 0 16 23 15.033296378372908 15.033296378372908 1.0349844746221353 
126 130 0 0 14 24 15.033296378372908 15.033296378372908 1.0380858208928228 
124 128 0 0 16 28 15.033296378372908 15.033296378372908 1.0392246646284704 
122 127 0 0 15 28 15.033296378372908 15.033296378372908 1.041658782764422 
120 126 0 0 16 30 15.033296378372908 15.033296378372908 1.0402570902412698 
118 124 0 0 17 29 15.033296378372908 15.033296378372908 1.0315744260015776 
116 120 0 0 18 23 15.033296378372908 14.142135623730951 1.0323970565389553 
114 119 0 0 18 23 15.033296378372908 14.142135623730951 1.0342031284093385 
112 117 0 0 18 25 15.033296378372908 14.142135623730951 1.0379369010765658 
110 115 0 0 18 29 15.033296378372908 14.142135623730951 1.043417972810425 
106 114 0 0 18 32 15.033296378372908 14.142135623730951 1.038793305090125 
104 112 0 0 17 27 15.033296378372908 14.142135623730951 1.064803527654347 
98 111 1 0 16 37 15.033296378372908 14.142135623730951 1.0762005918395985 
94 110 2 0 16 34 15.033296378372908 14.142135623730951 1.0731678207832887 
92 109 2 0 16 30 15.033296378372908 14.142135623730951 1.0750670049192206 
88 107 2 0 16 31 15.033296378372908 13.038404810405298 1.0672737546745525 
86 103 2 0 16 25 15.033296378372908 13.038404810405298 1.0629457092179384 
84 102 2 0 14 19 15.033296378372908 13.038404810405298 1.0599983455763817 
82 100 2 0 13 16 15.033296378372908 12.649110640673518 1.063015547192039 
80 99 2 0 10 17 14.142135623730951 12.649110640673518 1.0676935793231044 
78 98 2 0 10 21 14.142135623730951 12.649110640673518 1.0647862041680136 
77 97 2 0 10 18 14.0 12.649110640673518 1.067524698156521 
75 96 2 0 11 20 13.038404810405298 12.649110640673518 1.0728148289785875 
73 94 2 0 10 25 12.165525060596439 12.649110640673518 1.081273807569011 
71 93 2 0 11 33 11.40175425099138 12.649110640673518 1.0798525241112749 
69 92 2 0 12 31 11.40175425099138 12.649110640673518 1.0902411625005015 
68 91 3 0 19 32 11.40175425099138 12.649110640673518 1.0906931193367824 
64 90 3 0 10 27 10.770329614269007 12.083045973594572 1.0910581638369086 
63 88 3 0 10 28 9.486832980505138 12.083045973594572 1.094665696221276 
59 87 3 0 8 29 11.313708498984761 12.083045973594572 1.0882737600263968 
58 86 3 0 8 22 10.0 12.083045973594572 1.0885879315651878 
57 82 3 0 7 25 10.0 12.083045973594572 1.087247053505266 
56 81 3 0 8 24 10.0 12.083045973594572 1.084214282448956 
54 80 3 0 8 20 10.0 12.083045973594572 1.0854335315824175 
53 79 3 0 7 21 10.0 12.083045973594572 1.072588455556959 
51 78 3 1 8 21 10.0 12.083045973594572 1.0728239913137 
49 77 3 1 9 21 10.0 11.661903789690601 1.0729989846509258 
47 76 3 1 8 20 10.0 11.661903789690601 1.0890446876220325 
45 75 4 1 6 23 10.0 11.661903789690601 1.0880200227603805 
44 74 4 1 6 22 10.0 11.661903789690601 1.0879592082971503 
43 73 4 1 6 22 10.0 11.661903789690601 1.0999137018741134 
42 72 5 1 5 22 10.0 11.661903789690601 1.0988890370124613 
41 71 5 1 5 21 10.0 11.661903789690601 1.1105273173911547 
40 70 6 1 5 21 10.0 11.661903789690601 1.1096484393409063 
39 68 6 1 6 21 8.602325267042627 11.661903789690601 1.1137592396696336 
38 67 6 1 5 25 8.602325267042627 11.661903789690601 1.0961145025866497 
36 65 6 2 6 21 8.602325267042627 11.661903789690601 1.0962437054448695 
35 64 6 2 4 21 10.0 11.661903789690601 1.095698497820615 
34 63 6 2 4 20 8.48528137423857 11.661903789690601 1.0959538965556543 
33 62 6 2 3 20 8.48528137423857 11.661903789690601 1.096856932490846 
32 61 6 2 3 21 8.48528137423857 11.661903789690601 1.0975599753732366 
31 60 6 2 2 21 7.0710678118654755 11.661903789690601 1.0968515237098544 
30 59 6 2 1 20 7.0710678118654755 11.661903789690601 1.0952167148514511 
29 58 6 2 3 20 7.0710678118654755 10.198039027185569 1.1069177665134353 
28 57 7 2 3 20 7.0710678118654755 10.295630140987 1.1069731721956737 
27 56 7 2 1 19 5.656854249492381 10.295630140987 1.0940085085152278 
26 55 7 3 1 19 4.242640687119285 10.295630140987 1.091936003790307 
26 54 7 3 2 18 3.1622776601683795 10.0 1.090991744326469 
26 53 7 3 2 18 3.1622776601683795 10.0 1.089083634464209 
26 52 7 3 2 17 3.1622776601683795 10.0 1.086231265138111 
26 50 7 3 2 16 3.1622776601683795 10.0 1.0843880115630964 
26 49 7 3 2 16 3.1622776601683795 8.602325267042627 1.0808814940893838 
26 48 7 3 2 14 3.1622776601683795 7.615773105863909 1.0795326579940858 
26 47 7 3 2 13 3.1622776601683795 8.48528137423857 1.0652369051656811 
26 46 7 4 2 13 3.1622776601683795 8.48528137423857 1.0642926457018431 
26 45 7 4 2 13 3.1622776601683795 8.48528137423857 1.0643122366364268 
26 44 7 4 2 14 3.1622776601683795 8.48528137423857 1.0615845660911756 
26 43 7 4 2 13 3.1622776601683795 7.211102550927978 1.0472888132627713 
26 42 7 5 2 13 3.1622776601683795 7.211102550927978 1.0444168530020894 
26 41 7 5 2 11 3.1622776601683795 7.211102550927978 1.0434725935382512 
26 40 7 5 2 11 3.1622776601683795 7.211102550927978 1.0425283340744131 
26 39 7 5 2 11 3.1622776601683795 7.211102550927978 1.041584074610575 
26 38 7 5 2 11 3.1622776601683795 7.211102550927978 1.0406398151467369 
26 37 7 5 2 11 3.1622776601683795 7.211102550927978 1.037197621540064 
26 36 7 5 2 9 3.1622776601683795 6.324555320336759 1.0362533620762258 
26 35 7 5 2 9 3.1622776601683795 6.324555320336759 1.0219576092478213 
26 34 7 6 2 9 3.1622776601683795 6.324555320336759 1.0210133497839833 
26 33 7 6 2 9 3.1622776601683795 6.324555320336759 1.0205703173967742 
26 32 7 6 2 8 3.1622776601683795 8.602325267042627 1.0196260579329361 
26 31 7 6 2 8 3.1622776601683795 8.602325267042627 1.003402604307688 
26 30 7 7 2 6 3.1622776601683795 8.602325267042627 1.0026782873033548 
26 29 7 7 2 6 3.1622776601683795 8.94427190999916 1.0017340278395168 
26 28 7 7 2 6 3.1622776601683795 8.94427190999916 0.9999352687031432 
26 27 7 7 2 6 3.1622776601683795 7.615773105863909 0.9980271588408832 
26 26 7 7 2 5 3.1622776601683795 7.615773105863909 0.9961190489786234 
26 25 7 7 2 4 3.1622776601683795 7.615773105863909 0.9808594457517971 
26 24 7 8 2 3 3.1622776601683795 7.615773105863909 0.9634302202880041 
26 23 7 9 2 2 3.1622776601683795 4.242640687119285 0.9615763288228564 
26 22 7 9 2 2 3.1622776601683795 2.8284271247461903 0.9587585869592871 
26 21 7 9 2 1 3.1622776601683795 1.4142135623730951 -1 
