140 140 0 0 14 14 16.0 16.0 1.0607002831428467 
138 138 0 0 17 17 16.0 14.142135623730951 1.06510829043313 
134 137 0 0 16 18 13.038404810405298 16.0 1.0697654545616293 
132 136 0 0 16 22 13.038404810405298 16.0 1.0733624703541036 
130 135 0 0 16 25 13.038404810405298 16.0 1.07009056848358 
128 133 0 0 16 23 13.341664064126334 15.033296378372908 1.0685195627245943 
126 131 0 0 14 22 15.033296378372908 15.033296378372908 1.0647026672465134 
124 127 0 0 16 21 15.033296378372908 15.033296378372908 1.066302290901211 
122 126 0 0 15 22 15.033296378372908 15.033296378372908 1.0697764021594114 
120 125 0 0 16 25 15.033296378372908 15.033296378372908 1.0609502936355908 
118 119 0 0 17 21 15.033296378372908 15.033296378372908 1.0612439598857157 
116 118 0 0 18 21 15.033296378372908 15.033296378372908 1.0659011240142149 
114 117 0 0 18 25 15.033296378372908 15.033296378372908 1.0582580683606932 
112 111 0 0 18 22 15.033296378372908 15.033296378372908 1.0549327910197077 
110 107 0 0 16 21 15.033296378372908 15.033296378372908 1.0556816205384492 
106 106 0 0 16 20 15.033296378372908 15.033296378372908 1.056585040657963 
105 105 0 0 15 21 15.033296378372908 15.033296378372908 1.0599362473818896 
103 104 0 0 17 24 15.033296378372908 15.033296378372908 1.062323293039547 
97 103 0 0 15 23 15.033296378372908 15.033296378372908 1.0759935279729427 
87 102 1 0 20 20 13.341664064126334 15.033296378372908 1.0956638902049216 
79 101 2 0 15 23 13.341664064126334 15.033296378372908 1.1055449707283873 
73 99 3 0 10 19 13.341664064126334 15.033296378372908 1.1052653379776023 
72 98 3 0 10 19 13.341664064126334 15.033296378372908 1.1053158263454206 
71 96 3 0 8 20 13.341664064126334 15.033296378372908 1.1062160420945455 
70 94 3 0 8 22 13.038404810405298 15.033296378372908 1.0831763187995973 
69 88 3 1 8 18 12.649110640673518 15.033296378372908 1.0831603334966475 
68 86 3 1 7 19 12.165525060596439 15.033296378372908 1.09191910209657 
67 85 4 1 8 17 12.165525060596439 15.033296378372908 1.0932729166827202 
65 84 4 1 9 18 12.165525060596439 15.033296378372908 1.0932053148754362 
64 83 4 1 8 18 11.40175425099138 15.033296378372908 1.093132898708981 
63 81 4 1 7 19 11.40175425099138 15.033296378372908 1.092747921560831 
62 80 4 1 9 19 10.198039027185569 15.033296378372908 1.0932760087177196 
60 79 4 1 8 19 10.295630140987 15.033296378372908 1.0931540694859758 
59 78 4 1 8 19 8.94427190999916 15.033296378372908 1.092984626288934 
58 77 4 1 8 19 8.0 15.033296378372908 1.092704993538149 
57 76 4 1 8 19 8.0 15.033296378372908 1.0924253607873637 
56 75 4 1 8 19 8.0 15.033296378372908 1.0929648361060367 
54 74 4 1 7 19 8.0 15.033296378372908 1.077939311496279 
53 73 4 2 7 18 8.0 15.033296378372908 1.088004037500774 
52 72 5 2 6 17 8.0 15.033296378372908 1.0892349475526502 
50 71 5 2 8 18 8.0 15.033296378372908 1.0895286138027755 
48 70 5 2 9 18 8.0 15.033296378372908 1.0914921822583141 
47 69 5 2 8 20 8.0 15.033296378372908 1.0888512125689118 
45 68 5 2 7 17 8.0 15.033296378372908 1.0882877355242608 
44 67 6 3 7 19 8.0 15.033296378372908 1.0865137227291193 
42 66 6 3 7 17 8.602325267042627 15.033296378372908 1.0865193399224657 
41 65 6 3 6 17 7.211102550927978 15.033296378372908 1.0863632671196053 
40 64 6 3 7 17 5.0990195135927845 15.033296378372908 1.0862065389030942 
39 63 6 3 6 17 5.0990195135927845 15.033296378372908 1.0728144616302715 
37 62 6 4 7 17 5.0990195135927845 15.033296378372908 1.0733539369489444 
35 61 6 4 6 17 5.0990195135927845 15.033296378372908 1.0711367823516367 
33 60 6 4 6 15 5.0990195135927845 14.142135623730951 1.0829953536616905 
31 59 7 4 4 15 5.830951894845301 14.142135623730951 1.0818141363534333 
30 58 7 4 4 14 4.47213595499958 14.142135623730951 1.0807083522527483 
29 56 7 4 3 14 4.242640687119285 14.142135623730951 1.0804318853490698 
28 55 7 4 4 14 3.1622776601683795 14.142135623730951 1.077217982064873 
27 53 7 4 3 12 2.8284271247461903 14.142135623730951 1.077061253848362 
26 52 7 4 2 12 2.8284271247461903 14.142135623730951 1.0845445036710228 
25 51 8 4 1 9 2.8284271247461903 13.341664064126334 1.0676480227109852 
24 49 8 5 1 7 1.4142135623730951 13.341664064126334 1.0772176639003377 
23 48 9 5 0 6 5.656854249492381 13.341664064126334 1.0774402238203127 
23 47 9 5 0 7 4.47213595499958 13.341664064126334 1.0765194823112152 
23 46 9 5 0 7 4.0 13.341664064126334 1.0744284029123492 
23 45 9 5 0 6 4.47213595499958 13.341664064126334 1.058761769544279 
23 44 9 6 0 5 4.0 13.341664064126334 1.0577308384814383 
23 43 9 6 0 5 4.47213595499958 13.341664064126334 1.0568100969723409 
23 42 9 6 0 5 4.0 13.341664064126334 1.0547190175734753 
23 41 9 6 0 4 4.47213595499958 13.341664064126334 1.0537982760643778 
23 40 9 6 0 4 4.0 13.341664064126334 1.0527673450015371 
23 39 9 6 0 4 4.47213595499958 13.341664064126334 1.037100711633467 
23 38 9 7 0 3 4.0 13.341664064126334 1.0361540926206823 
23 36 9 7 0 4 4.47213595499958 13.341664064126334 1.0327140503219054 
23 35 9 7 0 2 4.0 12.649110640673518 1.0166586169259504 
23 34 9 8 0 1 4.47213595499958 12.165525060596439 1.014677727080828 
23 33 9 8 0 0 4.0 12.165525060596439 1.0171615133128198 
23 34 9 8 0 1 4.47213595499958 13.038404810405298 1.014677727080828 
23 33 9 8 0 0 4.0 12.165525060596439 1.0166586169259504 
23 34 9 8 0 1 4.47213595499958 12.165525060596439 1.014677727080828 
23 33 9 8 0 0 4.0 12.165525060596439 1.03274326759509 
23 34 9 7 0 3 4.47213595499958 12.649110640673518 1.0160164858909948 
23 33 9 8 0 1 4.0 12.649110640673518 0.9998656877498631 
23 32 9 9 0 0 4.47213595499958 12.0 1.019511622966643 
23 34 9 8 0 3 4.0 13.341664064126334 0.9998656877498631 
23 32 9 9 0 0 4.47213595499958 12.0 1.024558200430071 
23 36 9 8 0 5 4.0 15.033296378372908 1.0087813775082577 
23 35 9 9 0 4 4.47213595499958 15.033296378372908 1.0036151766168 
23 33 9 9 0 2 4.0 13.038404810405298 0.9998656877498631 
23 32 9 9 0 0 4.47213595499958 12.0 1.023498052094046 
23 36 9 8 0 4 4.0 15.033296378372908 1.0208935439855242 
23 35 9 8 0 3 4.47213595499958 14.142135623730951 1.0160164858909948 
23 33 9 8 0 1 4.0 12.649110640673518 0.9998656877498631 
23 32 9 9 0 0 4.47213595499958 12.0 -1 
