140 140 0 0 14 14 16.0 16.0 0.981297823394443 
138 139 0 0 17 17 16.0 14.142135623730951 0.9859582040510664 
134 137 0 0 16 16 12.649110640673518 16.0 0.9879722700177204 
132 136 0 0 16 17 13.341664064126334 16.0 0.9886748250926674 
130 132 0 0 16 19 13.341664064126334 16.0 0.9919418128182499 
128 131 0 0 16 21 13.341664064126334 16.0 0.9921076202440118 
126 130 0 0 14 19 13.341664064126334 16.0 0.9953519599791217 
124 128 0 0 16 23 14.142135623730951 16.0 0.9999854969278369 
122 127 0 0 15 26 14.142135623730951 16.0 1.0020035043377562 
120 125 0 0 16 28 14.142135623730951 16.0 0.9990420438851348 
118 124 0 0 17 24 14.142135623730951 16.0 0.9942533927579541 
116 122 0 0 18 19 14.142135623730951 16.0 1.001527468555063 
114 120 0 0 18 26 14.142135623730951 16.0 1.0018773169076027 
112 119 0 0 18 25 14.142135623730951 16.0 1.0085260028963696 
106 118 0 0 18 26 14.142135623730951 16.0 1.015520619798962 
102 117 0 0 19 30 14.142135623730951 16.0 1.0335948663338337 
96 116 1 0 15 29 14.142135623730951 16.0 1.0352459581871776 
94 115 1 0 15 30 14.142135623730951 15.033296378372908 1.0387301617499787 
92 114 1 0 16 33 15.033296378372908 15.033296378372908 1.0392751203248645 
90 113 1 0 14 32 15.033296378372908 14.142135623730951 1.0402639929086643 
89 112 1 0 13 32 14.142135623730951 14.142135623730951 1.0373550585291371 
88 108 1 0 12 31 14.142135623730951 14.142135623730951 1.034787767508634 
86 107 1 0 12 27 14.142135623730951 14.142135623730951 1.040277544525828 
85 106 1 0 11 32 14.142135623730951 14.142135623730951 1.0323956221921933 
84 105 1 0 12 24 14.0 14.142135623730951 1.0293630466375796 
82 103 1 0 12 20 13.038404810405298 14.142135623730951 1.030882341870571 
80 102 1 0 13 21 12.165525060596439 13.038404810405298 1.041265379089541 
78 101 1 0 13 30 11.40175425099138 13.038404810405298 1.0333755476625397 
76 99 1 0 12 21 11.40175425099138 13.038404810405298 1.0399994953926948 
74 98 1 0 14 27 10.770329614269007 13.038404810405298 1.054087745726924 
72 97 2 0 14 28 10.770329614269007 13.038404810405298 1.0656308559803804 
66 95 3 0 17 24 10.770329614269007 13.038404810405298 1.0738644716971242 
60 94 3 0 11 24 10.295630140987 13.038404810405298 1.0726651590846874 
59 92 3 0 10 23 10.295630140987 13.038404810405298 1.0717424469968997 
58 91 3 0 8 21 10.295630140987 13.038404810405298 1.0710037758358897 
57 90 3 0 8 20 10.295630140987 13.038404810405298 1.0822924557045452 
55 88 4 0 8 19 10.295630140987 13.038404810405298 1.0835838864174194 
53 87 4 0 7 18 8.94427190999916 13.038404810405298 1.086456704710884 
51 86 4 0 8 20 8.94427190999916 13.038404810405298 1.088173102286556 
49 85 4 0 7 20 8.94427190999916 13.038404810405298 1.0881287812069778 
47 84 4 0 8 19 8.94427190999916 13.038404810405298 1.088506473356337 
46 83 4 0 9 19 7.615773105863909 13.038404810405298 1.089434532067773 
44 82 4 0 10 19 7.615773105863909 13.038404810405298 1.1017430166994786 
43 81 5 0 10 20 7.615773105863909 12.0 1.1020133355321877 
42 80 5 0 8 19 7.0710678118654755 12.0 1.1017903092985888 
40 79 5 0 8 18 8.48528137423857 12.0 1.104663127592053 
38 78 5 0 9 20 8.48528137423857 12.0 1.1185673369995044 
36 77 6 0 7 20 8.48528137423857 12.0 1.1184015404246332 
35 76 6 0 7 19 7.0710678118654755 12.0 1.1170846589047272 
34 75 6 0 6 17 7.0710678118654755 12.0 1.11771253696685 
33 74 6 0 5 17 7.0710678118654755 12.0 1.128767508205501 
32 73 7 0 5 16 7.0710678118654755 12.0 1.1290012168355055 
31 72 7 0 5 16 7.0710678118654755 12.0 1.1291723151693531 
30 71 7 0 5 16 5.656854249492381 11.045361017187261 1.132833472327054 
28 70 7 0 4 18 5.656854249492381 11.045361017187261 1.147777962729762 
27 69 8 0 4 21 5.656854249492381 11.045361017187261 1.1442397211031783 
26 67 8 0 4 18 5.656854249492381 11.045361017187261 1.1317371148239246 
25 66 8 1 4 18 4.242640687119285 11.045361017187261 1.1329432032449434 
24 65 8 1 4 19 4.242640687119285 11.045361017187261 1.1453647237067266 
23 64 9 1 3 19 4.242640687119285 11.045361017187261 1.1461048349035607 
22 62 9 1 1 19 2.8284271247461903 11.045361017187261 1.1462155413171393 
21 61 9 1 1 19 1.4142135623730951 10.0 1 
