140 140 0 0 14 14 16.0 16.0 1.0844676281991588 
138 138 0 0 17 17 16.0 14.142135623730951 1.0914159519970779 
136 136 0 0 20 22 14.142135623730951 14.142135623730951 1.1002807083150914 
134 135 0 0 26 27 14.142135623730951 14.142135623730951 1.093828663454968 
128 133 0 0 24 21 13.038404810405298 16.0 1.0961816789886918 
124 132 0 0 27 21 14.0 16.0 1.1000413212215088 
123 131 0 0 32 23 14.0 16.0 1.105887731548307 
117 130 0 0 29 26 14.0 16.0 1.1129906730340864 
111 129 1 0 23 23 14.0 16.0 1.120188630326573 
109 128 1 0 28 27 14.0 16.0 1.1191975015858673 
101 127 1 0 21 25 14.142135623730951 16.0 1.1177309189825506 
100 123 1 0 27 25 14.142135623730951 16.0 1.1214917203794317 
96 122 1 0 35 25 13.038404810405298 16.0 1.1270198489386034 
88 121 1 0 27 28 12.165525060596439 16.0 1.1270167743618167 
82 119 1 0 26 27 12.165525060596439 16.0 1.1468559519393338 
74 118 2 0 14 34 12.165525060596439 15.033296378372908 1.1388230129766916 
73 116 2 0 19 28 13.038404810405298 15.033296378372908 1.1476897021890098 
71 114 2 0 19 35 13.038404810405298 15.033296378372908 1.1535266784985772 
67 113 2 0 20 38 13.038404810405298 15.033296378372908 1.1469042636542108 
66 112 2 0 22 33 13.038404810405298 15.033296378372908 1.1495901420969308 
62 111 3 0 19 27 13.038404810405298 15.033296378372908 1.1699065366429633 
58 110 4 0 20 33 13.038404810405298 15.033296378372908 1.167961520098936 
56 109 4 0 22 31 12.165525060596439 15.033296378372908 1.181805031458735 
50 108 5 0 11 34 12.165525060596439 15.033296378372908 1.1769207128108417 
49 107 5 0 19 29 11.045361017187261 15.033296378372908 1.1911556240027243 
47 106 5 0 20 39 11.045361017187261 15.033296378372908 1.1778218424664744 
43 105 6 0 14 22 9.486832980505138 15.033296378372908 1.1727872925245661 
39 104 6 0 6 19 10.0 15.033296378372908 1.1764746003091884 
38 102 6 0 9 22 10.295630140987 15.033296378372908 1.1815931524154226 
37 101 6 0 9 26 10.295630140987 15.033296378372908 1.1783834180664812 
33 99 6 0 6 24 8.94427190999916 15.033296378372908 1.187302178360121 
32 98 7 0 7 23 8.602325267042627 15.033296378372908 1.1937412079401337 
31 97 7 0 7 28 7.211102550927978 15.033296378372908 1.1871670078182144 
32 95 7 0 12 24 5.656854249492381 15.033296378372908 1.1872117755797285 
28 91 8 0 5 19 7.211102550927978 15.033296378372908 1.1857699197019715 
28 90 8 0 8 18 7.211102550927978 15.033296378372908 1.183740012782077 
27 89 8 0 7 17 7.211102550927978 15.033296378372908 1.177288002095855 
25 88 9 1 3 16 7.211102550927978 15.033296378372908 1.1779493850781964 
24 87 9 1 2 17 5.830951894845301 15.033296378372908 1.175616844949631 
23 86 9 1 0 16 5.656854249492381 15.033296378372908 1.1732873691704226 
24 85 9 1 2 15 5.830951894845301 15.033296378372908 1.1591970490565777 
23 84 9 2 0 16 5.656854249492381 15.033296378372908 1.1596084032776706 
24 83 9 2 2 17 5.830951894845301 15.033296378372908 1.157685685195519 
23 81 9 2 0 17 5.656854249492381 15.033296378372908 1.1567266244164613 
24 80 9 2 2 17 5.830951894845301 15.033296378372908 1.1517085493775903 
23 78 9 2 0 15 5.656854249492381 14.142135623730951 1.151159310644947 
24 76 9 2 2 16 5.830951894845301 14.142135623730951 1.1501971855165318 
23 75 9 2 0 16 5.656854249492381 14.142135623730951 1.145536701783437 
24 73 9 2 2 14 5.830951894845301 14.142135623730951 1.1500562366556237 
23 72 9 2 0 18 5.656854249492381 14.142135623730951 1.142654922922228 
24 70 9 2 2 14 5.830951894845301 14.142135623730951 1.1421026198402269 
23 68 9 2 0 15 5.656854249492381 14.142135623730951 1.14388438906147 
24 67 9 2 2 17 5.830951894845301 14.142135623730951 1.1388110189326037 
23 66 9 2 0 14 5.656854249492381 14.142135623730951 1.1219829331678155 
24 65 9 3 2 13 5.830951894845301 14.142135623730951 1.122391223039551 
23 64 9 3 0 14 5.656854249492381 14.142135623730951 1.1214321622604932 
24 63 9 3 2 14 5.830951894845301 14.142135623730951 1.1190996221319276 
23 62 9 3 0 13 5.656854249492381 14.142135623730951 1.1195109763530207 
24 61 9 3 2 14 5.830951894845301 14.142135623730951 1.1171784362244548 
23 60 9 3 0 13 5.656854249492381 14.142135623730951 1.1162193754453973 
24 59 9 3 2 13 5.830951894845301 14.142135623730951 1.1152572503169822 
23 58 9 3 0 13 5.656854249492381 14.142135623730951 1.1184094345383762 
24 57 9 3 2 16 5.830951894845301 14.142135623730951 1.1029486994243807 
23 56 9 4 0 16 5.656854249492381 14.142135623730951 1.0978783936448717 
24 55 9 4 2 13 5.830951894845301 14.142135623730951 1.0982866835166072 
23 54 9 4 0 14 5.656854249492381 14.142135623730951 1.0986980377377 
24 53 9 4 2 15 5.830951894845301 14.142135623730951 1.081866887623554 
23 52 9 5 0 14 5.656854249492381 14.142135623730951 1.0809078268444965 
24 51 9 5 2 14 5.830951894845301 14.142135623730951 1.0799457017160814 
23 50 9 5 0 14 5.656854249492381 14.142135623730951 1.0789866409370237 
24 49 9 5 2 14 5.830951894845301 14.142135623730951 1.0711724408078562 
23 48 9 5 0 9 5.656854249492381 14.142135623730951 1.0688429650286484 
24 47 9 5 2 8 5.830951894845301 14.142135623730951 1.0665104249000827 
23 46 9 5 0 7 5.656854249492381 14.142135623730951 1.0510527541354449 
24 45 9 6 2 7 5.830951894845301 14.142135623730951 1.0482811211452203 
23 44 9 6 0 6 5.656854249492381 13.038404810405298 1.044581230365862 
24 43 9 6 2 4 5.830951894845301 13.038404810405298 1.0436191052374468 
23 42 9 6 0 4 5.656854249492381 13.038404810405298 1.0426600444583891 
24 41 9 6 2 4 5.830951894845301 13.038404810405298 1.041697919329974 
23 40 9 6 0 4 5.656854249492381 13.038404810405298 1.0407388585509165 
24 39 9 6 2 4 5.830951894845301 13.038404810405298 1.025278123436921 
23 38 9 7 0 4 5.656854249492381 13.038404810405298 1.0243190626578635 
24 37 9 7 2 4 5.830951894845301 13.038404810405298 1.021986522529298 
23 36 9 7 0 3 5.656854249492381 13.038404810405298 1.0210274617502404 
24 35 9 7 2 3 5.830951894845301 13.038404810405298 1.0028258966359442 
23 34 9 8 0 1 5.656854249492381 13.038404810405298 1.0000833163803036 
24 33 9 8 2 0 5.830951894845301 12.0 1.005566726636245 
23 34 9 8 0 3 5.656854249492381 13.038404810405298 1.0000833163803036 
24 33 9 8 2 0 5.830951894845301 12.0 1.0015180493855984 
23 33 9 8 0 1 5.656854249492381 12.165525060596439 0.9846899636208097 
24 32 9 9 2 0 5.830951894845301 12.165525060596439 1.0083368274517908 
23 35 9 8 0 4 5.656854249492381 14.142135623730951 1.0029480732394396 
24 34 9 8 2 1 5.830951894845301 13.341664064126334 1.0001476343854478 
23 33 9 8 0 0 5.656854249492381 12.165525060596439 1.0169129343197705 
24 34 9 7 2 1 5.830951894845301 12.0 1.0001476343854478 
23 33 9 8 0 0 5.656854249492381 12.165525060596439 1.0041978438107735 
24 34 9 8 2 2 5.830951894845301 13.038404810405298 1.0001476343854478 
23 33 9 8 0 0 5.656854249492381 12.165525060596439 1.0083383596264697 
24 35 9 8 2 4 5.830951894845301 14.142135623730951 1.0000817842056249 
23 33 9 8 0 0 5.656854249492381 12.0 1.0055682588109238 
24 34 9 8 2 3 5.830951894845301 13.038404810405298 0.9846884314461312 
23 32 9 9 0 0 5.656854249492381 12.165525060596439 0.9928791566871531 
24 34 9 9 2 4 5.830951894845301 14.142135623730951 0.9846225812663083 
23 32 9 9 0 0 5.656854249492381 12.0 0.9848823465584332 
24 32 9 9 2 0 5.830951894845301 12.649110640673518 1.0015180493855984 
23 33 9 8 0 1 5.656854249492381 12.165525060596439 0.9848823465584332 
24 32 9 9 2 0 5.830951894845301 12.649110640673518 1.0069371416363952 
23 34 9 8 0 4 5.656854249492381 13.038404810405298 0.9887386408714567 
24 33 9 9 2 2 5.830951894845301 13.038404810405298 0.9846225812663083 
23 32 9 9 0 0 5.656854249492381 12.0 1.0015195815602769 
24 33 9 8 2 1 5.830951894845301 12.165525060596439 0.9846225812663083 
23 32 9 9 0 0 5.656854249492381 12.0 1.0028241463806045 
24 33 9 8 2 2 5.830951894845301 12.0 0.9846884314461312 
23 32 9 9 0 0 5.656854249492381 12.165525060596439 1.0083383596264697 
24 35 9 8 2 4 5.830951894845301 14.142135623730951 1.0029465410647607 
23 34 9 8 0 1 5.656854249492381 13.341664064126334 1.0001491665601265 
24 33 9 8 2 0 5.830951894845301 12.165525060596439 1.0206128250991289 
23 35 9 7 0 3 5.656854249492381 12.0 1.0001491665601265 
24 33 9 8 2 0 5.830951894845301 12.165525060596439 1.0029465410647607 
23 34 9 8 0 1 5.656854249492381 13.341664064126334 1.0001491665601265 
24 33 9 8 2 0 5.830951894845301 12.165525060596439 1.0196522321453925 
23 34 9 7 0 3 5.656854249492381 12.0 1.0001491665601265 
24 33 9 8 2 0 5.830951894845301 12.165525060596439 1.0082802821990768 
23 35 9 8 0 4 5.656854249492381 14.0 1.0055682588109238 
24 34 9 8 2 3 5.830951894845301 13.038404810405298 1.0001476343854478 
23 33 9 8 0 0 5.656854249492381 12.165525060596439 0.971312201192307 
24 21 9 9 2 0 5.830951894845301 5.0990195135927845 0.9948600582197102 
24 23 9 8 6 5 5.656854249492381 2.8284271247461903 0.9724293922899635 
22 21 9 9 2 1 6.324555320336759 1.4142135623730951 -1 
