140 140 0 0 14 14 16.0 16.0 1.2490416046441297 
139 139 0 0 19 17 16.0 13.038404810405298 1.2539889071826045 
135 138 0 0 22 14 13.038404810405298 15.033296378372908 1.2773498874528686 
131 137 0 0 25 16 14.0 15.033296378372908 1.297014326712635 
127 135 0 0 25 19 13.038404810405298 16.0 1.3075372762595638 
123 133 0 0 28 19 13.341664064126334 16.0 1.341216300338551 
123 131 0 0 38 24 13.341664064126334 16.0 1.3656262293750794 
117 130 0 0 38 26 12.165525060596439 16.0 1.3916974475168737 
111 128 0 0 35 31 12.165525060596439 15.033296378372908 1.3715676291427208 
110 126 0 0 41 25 13.341664064126334 15.033296378372908 1.391491839262173 
104 122 1 0 39 29 13.341664064126334 15.033296378372908 1.4223853602266718 
98 120 1 0 40 33 13.341664064126334 15.033296378372908 1.4422812528401103 
90 119 1 0 30 37 13.038404810405298 15.033296378372908 1.4382563931675323 
84 117 2 0 32 32 13.038404810405298 15.033296378372908 1.455233847063877 
78 115 2 0 31 34 12.165525060596439 14.142135623730951 1.4230707548724355 
77 113 2 0 33 27 12.165525060596439 14.142135623730951 1.4470936496945308 
77 112 2 0 36 32 12.165525060596439 14.142135623730951 1.4168744840636356 
75 111 2 0 33 26 12.165525060596439 14.142135623730951 1.453840464230571 
69 109 2 0 37 30 11.40175425099138 14.142135623730951 1.4882724417302615 
61 107 3 0 28 37 10.198039027185569 14.142135623730951 1.461293205568222 
53 106 4 0 22 28 10.198039027185569 14.142135623730951 1.461501896777174 
45 105 5 0 14 26 10.198039027185569 14.142135623730951 1.4464246154452862 
44 104 5 0 18 21 9.486832980505138 14.142135623730951 1.4550146329921934 
42 102 5 0 21 22 9.486832980505138 14.142135623730951 1.445439019540403 
42 101 5 0 25 19 9.486832980505138 14.142135623730951 1.4381828922170863 
36 100 6 0 14 18 7.615773105863909 14.142135623730951 1.440579845967304 
32 99 7 0 9 18 6.324555320336759 14.142135623730951 1.4566946308719406 
30 98 7 0 9 21 4.47213595499958 14.142135623730951 1.4577236986454631 
28 97 8 0 9 20 4.47213595499958 14.142135623730951 1.4510160955898104 
24 96 9 0 2 19 6.324555320336759 14.142135623730951 1.4362532254407558 
22 95 9 0 0 16 5.656854249492381 14.142135623730951 1.4639371896769162 
23 94 9 0 2 23 5.830951894845301 14.142135623730951 1.4550011142095347 
22 93 9 0 0 22 4.47213595499958 14.142135623730951 1.4468467677858896 
23 92 9 0 2 21 5.830951894845301 14.142135623730951 1.4734743271423125 
22 91 9 0 0 28 4.47213595499958 14.142135623730951 1.4654896785613118 
23 90 9 0 2 27 5.0990195135927845 14.142135623730951 1.4612202241261298 
23 89 9 0 2 27 5.830951894845301 14.142135623730951 1.470626528435163 
23 88 9 0 2 30 5.0990195135927845 14.142135623730951 1.4140487150455876 
23 84 9 0 2 21 5.830951894845301 14.142135623730951 1.401573445350181 
23 82 9 0 2 20 5.0990195135927845 14.142135623730951 1.3839676278560724 
23 81 9 0 2 17 5.830951894845301 14.142135623730951 1.4022648408710567 
23 80 9 0 2 22 5.0990195135927845 14.142135623730951 1.3979953864358745 
23 79 9 0 2 22 5.830951894845301 14.142135623730951 1.3985107820389568 
23 78 9 0 2 23 5.0990195135927845 14.142135623730951 1.3590233905404079 
23 76 9 0 2 16 5.830951894845301 14.142135623730951 1.3376119097609842 
23 75 9 1 2 17 5.0990195135927845 14.142135623730951 1.324451546619851 
23 74 9 1 2 15 5.830951894845301 14.142135623730951 1.3116305791640066 
23 73 9 1 2 13 5.0990195135927845 14.142135623730951 1.2903950983023762 
23 71 9 2 2 15 5.0990195135927845 14.142135623730951 1.2818498873568631 
23 70 9 2 2 14 5.0990195135927845 14.142135623730951 1.2597093558751369 
23 66 9 2 2 14 5.0990195135927845 10.198039027185569 1.2657709632861425 
22 65 9 2 3 15 2.8284271247461903 10.198039027185569 1 
