140 140 0 0 14 14 16.0 16.0 1.1392451966454964 
138 138 0 0 17 17 16.0 14.142135623730951 1.1471930084558761 
134 136 0 0 16 19 13.038404810405298 16.0 1.1554826284415871 
132 134 0 0 21 21 13.341664064126334 16.0 1.1581142392490886 
128 133 0 0 22 20 13.341664064126334 16.0 1.1678334398339432 
124 132 0 0 22 22 13.341664064126334 16.0 1.1668277614171605 
120 130 0 0 22 21 13.341664064126334 15.033296378372908 1.169482790400218 
116 129 0 0 23 20 15.033296378372908 15.033296378372908 1.1910028153917296 
112 127 0 0 24 27 15.033296378372908 15.033296378372908 1.2024755065142927 
106 126 1 0 19 27 15.033296378372908 15.033296378372908 1.197951002866372 
100 125 2 0 17 20 15.033296378372908 15.033296378372908 1.1948365424360583 
98 124 2 0 15 19 15.033296378372908 15.033296378372908 1.2065075625397028 
96 123 2 0 15 23 15.033296378372908 15.033296378372908 1.1905946322101726 
94 119 2 0 15 19 15.033296378372908 15.033296378372908 1.1921934064091628 
92 117 2 0 15 20 15.033296378372908 15.033296378372908 1.1975169420177194 
92 116 2 0 21 21 15.033296378372908 15.033296378372908 1.2116100836036512 
86 115 3 0 16 22 14.142135623730951 15.033296378372908 1.2101171673033577 
84 114 3 0 16 21 14.142135623730951 15.033296378372908 1.214313395391763 
83 112 3 0 18 23 14.142135623730951 15.033296378372908 1.2006677858382986 
81 111 3 0 16 18 14.142135623730951 15.033296378372908 1.2142740025647134 
79 110 3 0 16 23 14.142135623730951 14.0 1.2173621431007802 
78 109 3 0 18 24 14.142135623730951 13.038404810405298 1.2176207496783427 
74 108 4 0 13 21 14.0 13.038404810405298 1.2239908618290392 
73 107 4 0 15 23 14.0 13.038404810405298 1.2426196674070247 
69 106 4 0 13 29 14.0 13.038404810405298 1.2340038279380054 
68 105 4 0 16 25 14.0 13.038404810405298 1.256818440248729 
62 104 5 0 12 29 14.0 13.038404810405298 1.2552901905570626 
61 103 5 0 14 28 14.0 13.038404810405298 1.2527236850739316 
59 102 5 0 13 27 14.0 12.649110640673518 1.2698273850933885 
58 101 5 0 12 34 14.142135623730951 12.649110640673518 1.2656864019732872 
56 100 5 0 12 32 13.038404810405298 12.649110640673518 1.2589135359153762 
54 99 5 0 12 29 12.0 12.649110640673518 1.2653057658767881 
52 98 5 0 12 31 11.045361017187261 12.649110640673518 1.2724866500924947 
51 97 5 0 15 33 11.045361017187261 12.649110640673518 1.2801855064804901 
43 96 6 0 11 30 11.045361017187261 12.649110640673518 1.272229041315725 
42 94 6 0 11 28 11.045361017187261 12.649110640673518 1.2688787764082807 
41 93 6 0 14 26 11.045361017187261 12.649110640673518 1.2750284143641974 
37 92 6 0 10 28 11.045361017187261 12.165525060596439 1.2748664529723532 
35 90 7 0 8 26 11.045361017187261 12.165525060596439 1.2759565190669224 
34 89 7 0 10 26 10.0 12.165525060596439 1.270995764780337 
32 88 7 0 9 24 8.246211251235321 12.165525060596439 1.2757530636762429 
30 87 7 0 7 26 6.324555320336759 12.165525060596439 1.2813736833868727 
29 86 8 0 5 26 6.324555320336759 12.165525060596439 1.265554189771117 
27 84 8 0 3 21 6.324555320336759 12.165525060596439 1.2667155139913997 
26 83 9 0 2 19 6.0 12.165525060596439 1.2661860346932563 
25 82 9 0 2 19 5.0990195135927845 12.165525060596439 1.2639171871009491 
23 81 9 0 1 18 7.615773105863909 12.165525060596439 1.2660150928188685 
22 80 9 0 1 19 6.324555320336759 12.165525060596439 1.264670348461933 
21 79 9 0 0 19 5.0990195135927845 12.165525060596439 1.2632562257148992 
21 78 9 0 1 19 1.4142135623730951 12.165525060596439 1 
