140 140 0 0 14 14 16.0 16.0 1.0296847832061031 
138 138 0 0 17 17 16.0 14.142135623730951 1.0377377322651031 
134 137 0 0 16 22 13.038404810405298 16.0 1.0410506240803783 
132 135 0 0 16 27 13.038404810405298 16.0 1.04004239883421 
130 134 0 0 16 25 13.038404810405298 16.0 1.0426847614262051 
128 133 0 0 16 28 13.038404810405298 16.0 1.0387094589219559 
126 129 0 0 14 24 13.341664064126334 16.0 1.0364650801570312 
125 128 0 0 14 21 13.038404810405298 16.0 1.0356984236972178 
123 127 0 0 15 20 13.038404810405298 16.0 1.0354203160186823 
121 126 0 0 15 19 13.038404810405298 16.0 1.036776578286517 
120 124 0 0 14 22 14.0 16.0 1.0369718155679855 
119 123 0 0 14 22 13.038404810405298 16.0 1.039855746946335 
117 122 0 0 15 26 13.038404810405298 16.0 1.0416356828514344 
116 121 0 0 14 28 13.038404810405298 16.0 1.0390091689769954 
114 120 0 0 15 24 12.165525060596439 16.0 1.0385987521791966 
113 119 0 0 14 23 12.165525060596439 16.0 1.0364811202512099 
112 118 0 0 15 21 12.165525060596439 16.0 1.0375309385886764 
111 117 0 0 14 22 12.165525060596439 16.0 1.0390638944988524 
110 116 0 0 15 25 12.165525060596439 16.0 1.035554242397467 
109 112 0 0 14 23 12.165525060596439 16.0 1.037087198307643 
108 111 0 0 15 26 12.165525060596439 16.0 1.0487397258163476 
104 110 1 0 15 23 12.165525060596439 16.0 1.048976262823026 
103 109 1 0 13 23 12.165525060596439 15.033296378372908 1.0497174564787868 
101 108 1 0 13 23 11.40175425099138 15.033296378372908 1.049259424700679 
100 107 1 0 13 23 12.165525060596439 15.033296378372908 1.0612397312106585 
99 106 2 0 13 23 12.165525060596439 15.033296378372908 1.062042569553202 
98 105 2 0 14 25 12.165525060596439 15.033296378372908 1.059025972046139 
96 103 2 0 15 22 12.165525060596439 15.033296378372908 1.0600788741915517 
95 101 2 0 14 24 12.0 15.033296378372908 1.0572311246959323 
94 100 2 0 15 21 12.0 15.033296378372908 1.0561633111054118 
92 98 2 0 15 20 12.0 15.033296378372908 1.0576100568006683 
88 97 2 0 17 21 12.0 15.033296378372908 1.056038256483767 
84 95 2 0 18 19 12.0 14.142135623730951 1.048292445667237 
82 94 2 1 16 24 12.0 14.142135623730951 1.047882028869438 
81 93 2 1 15 23 12.0 14.142135623730951 1.0430851384478264 
75 89 2 1 20 19 12.0 14.142135623730951 1.0512512386566277 
74 85 3 1 19 17 12.0 13.341664064126334 1.0585551585186477 
70 84 3 1 12 20 12.0 13.341664064126334 1.056195957804306 
69 83 3 1 12 17 12.0 13.341664064126334 1.0565156585741398 
68 82 3 1 11 17 12.0 13.341664064126334 1.0689791026568294 
67 81 4 1 13 19 12.0 13.341664064126334 1.066721083378138 
63 79 4 1 12 14 12.0 13.341664064126334 1.0697196856321471 
62 78 4 1 10 17 12.0 13.341664064126334 1.0571276700807155 
58 77 4 2 10 15 12.0 13.341664064126334 1.0566247000581 
57 76 4 2 10 15 11.045361017187261 12.165525060596439 1.0567766704931902 
56 75 4 2 10 15 10.198039027185569 12.165525060596439 1.0568097736068158 
54 74 4 2 9 15 11.40175425099138 11.40175425099138 1.0631257734891453 
50 73 4 2 10 22 11.40175425099138 11.40175425099138 1.0755946287804026 
49 72 5 2 9 22 11.40175425099138 11.40175425099138 1.0730360516175452 
48 71 5 2 9 18 10.0 11.40175425099138 1.0593387150979732 
47 70 5 3 9 16 8.0 11.40175425099138 1.0589282983001747 
46 69 5 3 8 15 8.0 11.40175425099138 1.0583810509404403 
45 68 5 3 8 14 7.0710678118654755 11.40175425099138 1.0606730208079822 
41 67 5 3 6 15 10.0 11.40175425099138 1.0626259106293903 
40 66 5 3 6 16 6.324555320336759 11.40175425099138 1.065149589636776 
38 65 5 3 5 18 6.0 11.40175425099138 1.0511239608206469 
37 63 5 4 4 17 6.0 11.40175425099138 1.0494352893295855 
36 61 5 4 4 16 6.0 11.40175425099138 1.0474727568626294 
35 59 5 4 3 14 5.0990195135927845 10.770329614269007 1.044766921884109 
35 55 5 4 3 15 5.830951894845301 10.770329614269007 1.0426492899561226 
34 54 5 4 4 13 5.830951894845301 10.770329614269007 1.0420535721297806 
32 53 5 4 4 11 4.0 10.295630140987 1.0418847241183367 
31 52 5 4 4 11 4.0 10.295630140987 1.0533764818470386 
30 51 6 4 5 11 4.0 10.295630140987 1.0677501929524957 
26 50 7 4 1 10 5.830951894845301 10.295630140987 1.0675813449410518 
25 49 7 4 1 10 5.830951894845301 10.295630140987 1.0795616514510313 
24 48 8 4 1 10 5.830951894845301 10.295630140987 1.080424578516893 
23 47 8 4 0 11 6.324555320336759 10.295630140987 1.079672861742067 
23 46 8 4 1 11 4.47213595499958 10.0 1.078229461122658 
22 45 8 4 1 11 5.0990195135927845 8.246211251235321 1.090698316413915 
21 44 9 4 0 11 5.0990195135927845 8.246211251235321 1.0772596027361312 
21 43 9 5 1 10 1.4142135623730951 8.246211251235321 1 
