140 140 0 0 14 14 16.0 16.0 1.1360679295043625 
138 139 0 0 17 17 16.0 14.142135623730951 1.1476391920280324 
134 138 0 0 16 20 12.165525060596439 16.0 1.1486864760989364 
132 134 0 0 21 21 12.0 16.0 1.148616810443858 
128 133 0 0 22 19 14.0 16.0 1.15501531863945 
124 132 0 0 22 20 14.0 16.0 1.1565819626646798 
120 131 0 0 22 19 14.0 16.0 1.1629804708602718 
116 130 0 0 22 20 14.0 16.0 1.1890711818994173 
112 129 0 0 29 27 14.0 16.0 1.19286550823564 
104 127 1 0 22 24 13.038404810405298 16.0 1.194626436180511 
100 123 2 0 16 24 13.038404810405298 16.0 1.2012027012027708 
98 122 2 0 17 26 14.142135623730951 16.0 1.188877475272651 
96 118 2 0 17 23 14.142135623730951 16.0 1.1966062723010202 
95 114 2 0 20 28 14.142135623730951 16.0 1.1868410993533591 
91 110 3 0 18 22 14.142135623730951 16.0 1.1962872320422528 
87 109 4 0 15 22 14.142135623730951 15.033296378372908 1.1945232943835682 
85 107 4 0 14 22 15.033296378372908 15.033296378372908 1.2021986975569785 
83 106 4 0 14 25 15.033296378372908 14.142135623730951 1.1922391797204774 
81 104 4 0 15 21 15.033296378372908 14.142135623730951 1.1915470917766002 
79 103 4 0 16 20 15.033296378372908 14.142135623730951 1.1997763592688078 
77 102 4 0 16 23 15.033296378372908 14.142135623730951 1.1951835934304726 
75 101 4 0 15 21 15.033296378372908 14.142135623730951 1.1939943403608564 
73 100 4 0 13 21 15.033296378372908 13.038404810405298 1.1964447507792022 
72 99 4 0 17 21 15.033296378372908 13.038404810405298 1.2040757662640498 
68 98 5 0 14 20 15.033296378372908 13.038404810405298 1.209970290141752 
67 97 5 0 17 22 15.033296378372908 12.0 1.22952376593643 
61 96 6 0 13 25 15.033296378372908 12.0 1.2273153189280837 
61 95 6 0 16 24 15.033296378372908 12.0 1.2186646750792176 
57 94 6 0 12 20 15.033296378372908 12.0 1.22259983130684 
56 93 6 0 18 20 15.033296378372908 12.0 1.231062186519551 
50 91 7 0 11 20 15.033296378372908 12.649110640673518 1.2353749694897047 
49 90 7 0 11 22 15.033296378372908 12.649110640673518 1.2410118598938142 
45 89 7 0 10 23 14.0 12.649110640673518 1.241977524502883 
44 88 7 0 12 23 14.0 12.649110640673518 1.222942856732168 
40 87 7 1 10 21 14.0 12.649110640673518 1.2207502163514174 
39 86 7 1 11 20 14.0 12.649110640673518 1.2268623193896455 
35 85 8 1 6 19 12.165525060596439 12.649110640673518 1.2315714008078995 
34 83 8 1 6 22 12.165525060596439 12.649110640673518 1.2310523196076915 
33 82 8 1 6 22 12.165525060596439 12.649110640673518 1.2373399827717395 
32 81 9 1 4 22 12.165525060596439 12.649110640673518 1.2392226086162368 
31 80 9 1 4 23 11.40175425099138 12.649110640673518 1.2386917672899522 
30 79 9 1 4 23 10.770329614269007 12.649110640673518 1.2381638449306738 
29 78 9 1 4 23 10.295630140987 12.649110640673518 1.2318762072466969 
28 77 9 1 6 20 10.0 12.649110640673518 1.2391539592001013 
24 76 9 1 4 22 7.211102550927978 12.649110640673518 1.2402827322193424 
23 75 9 1 3 23 5.830951894845301 12.649110640673518 1.2365800384219805 
22 74 9 1 2 22 4.47213595499958 12.649110640673518 1.2320809888706228 
22 73 9 1 3 21 2.8284271247461903 11.40175425099138 1 
