140 140 0 0 14 14 16.0 16.0 1.183454337548209 
139 138 0 0 19 17 16.0 13.038404810405298 1.2025229706238483 
135 137 0 0 22 20 14.142135623730951 15.033296378372908 1.2078693167503773 
131 136 0 0 25 19 14.142135623730951 15.033296378372908 1.231695976450235 
127 135 0 0 25 25 13.038404810405298 16.0 1.2224591766058972 
123 133 0 0 28 20 13.038404810405298 16.0 1.2392575265825772 
123 132 0 0 38 23 14.0 16.0 1.2504483842414185 
117 131 0 0 38 24 13.038404810405298 15.033296378372908 1.2506705246611327 
113 129 0 0 36 24 14.0 15.033296378372908 1.2605368680080196 
107 128 0 0 34 25 14.0 15.033296378372908 1.264099725818578 
105 127 0 0 39 24 14.0 15.033296378372908 1.276040035568967 
97 126 1 0 29 25 14.0 15.033296378372908 1.2682215406932247 
93 125 1 0 28 21 14.0 15.033296378372908 1.2842846132911319 
85 124 2 0 19 23 12.165525060596439 15.033296378372908 1.2844715304873826 
84 122 2 0 28 21 12.165525060596439 15.033296378372908 1.2849544257148453 
84 121 2 0 31 21 12.165525060596439 15.033296378372908 1.2974736129041187 
78 120 3 0 28 21 12.165525060596439 15.033296378372908 1.3065304960327224 
70 119 3 0 16 24 12.165525060596439 15.033296378372908 1.2844755624774862 
64 113 4 0 10 18 12.165525060596439 15.033296378372908 1.3302880096699132 
65 112 4 0 24 30 13.038404810405298 15.033296378372908 1.3217717514661 
64 110 5 0 23 27 13.038404810405298 13.038404810405298 1.3311306883637695 
58 109 6 0 14 28 13.038404810405298 13.341664064126334 1.307567895977408 
58 105 6 0 16 23 13.038404810405298 13.341664064126334 1.3054530016898398 
54 104 6 0 12 22 13.038404810405298 13.341664064126334 1.3076820019405468 
53 103 6 0 12 23 12.649110640673518 13.341664064126334 1.3039895343086854 
52 102 6 0 12 22 12.0 13.341664064126334 1.2992558429968173 
50 101 6 0 12 20 12.0 13.341664064126334 1.3074466947358543 
49 100 6 0 12 23 11.045361017187261 13.341664064126334 1.3033761843090281 
48 98 6 0 12 23 10.770329614269007 12.649110640673518 1.320230076110422 
46 96 6 0 13 29 10.770329614269007 12.083045973594572 1.2869587080130978 
46 92 6 0 17 20 10.198039027185569 12.083045973594572 1.2833468299645792 
44 91 6 0 18 18 9.055385138137417 12.083045973594572 1.2821849562654293 
42 90 6 0 13 19 9.055385138137417 12.083045973594572 1.2847212631042118 
42 86 6 0 20 21 9.055385138137417 12.083045973594572 1.2901451085412634 
36 85 6 0 11 23 8.0 12.083045973594572 1.2901396085975836 
35 84 7 0 11 21 8.0 12.083045973594572 1.288592618479779 
34 83 7 0 13 20 7.0710678118654755 12.083045973594572 1.2905631256982921 
30 82 7 0 10 20 6.0 12.083045973594572 1.2935247174383986 
29 81 8 0 10 19 6.0 12.083045973594572 1.2744926789433424 
28 80 8 1 10 19 5.0990195135927845 12.083045973594572 1.2706890809849196 
26 79 8 1 8 18 3.1622776601683795 12.083045973594572 1.2815732835555258 
24 78 8 1 6 22 4.242640687119285 12.083045973594572 1.2735018172688173 
23 77 9 1 4 18 4.242640687119285 12.083045973594572 1.2636036564598896 
22 73 9 1 3 18 2.8284271247461903 12.083045973594572 1 
