140 140 0 0 14 14 16.0 16.0 1.2370615929714504 
139 139 0 0 19 19 16.0 13.038404810405298 1.2565241901801807 
135 137 0 0 22 22 13.038404810405298 15.033296378372908 1.252891755521444 
131 135 0 0 25 19 13.341664064126334 15.033296378372908 1.2640470677557403 
127 131 0 0 25 23 12.649110640673518 16.0 1.288391413072056 
123 129 0 0 28 28 13.038404810405298 16.0 1.2850919943344457 
123 127 0 0 38 25 13.038404810405298 15.033296378372908 1.301904041455407 
117 125 0 0 40 27 14.0 15.033296378372908 1.3117180300487805 
113 124 0 0 38 29 14.0 15.033296378372908 1.3080161024952055 
107 120 0 0 35 29 14.0 15.033296378372908 1.3158797851695878 
106 116 0 0 38 33 14.0 15.033296378372908 1.3495381672270823 
105 115 0 0 45 40 14.0 15.033296378372908 1.329184378894869 
99 114 0 0 36 35 14.0 15.033296378372908 1.3515933651006302 
91 113 1 0 28 39 14.0 15.033296378372908 1.3306670643755207 
89 112 1 0 32 31 14.0 15.033296378372908 1.3281216129368034 
83 111 2 0 34 25 14.0 15.033296378372908 1.3431478102313235 
82 109 3 0 29 31 14.0 15.033296378372908 1.2924734357161916 
78 103 3 0 30 19 14.0 15.033296378372908 1.301771643767303 
74 101 3 0 25 23 14.0 15.033296378372908 1.3193806456426522 
70 99 3 0 33 24 14.0 15.033296378372908 1.3144965888595026 
68 98 3 0 36 21 14.0 15.033296378372908 1.3216802429720518 
58 97 4 0 24 21 12.165525060596439 15.033296378372908 1.354733809494456 
57 96 4 0 33 27 12.165525060596439 15.033296378372908 1.38874338653361 
51 95 5 0 24 36 12.165525060596439 15.033296378372908 1.379180844793572 
51 94 5 0 22 35 12.165525060596439 15.033296378372908 1.366053277933813 
50 93 5 0 16 34 12.165525060596439 15.033296378372908 1.3791181440094276 
49 91 5 0 23 36 11.045361017187261 15.033296378372908 1.3816621574632921 
41 90 5 0 17 35 8.94427190999916 15.033296378372908 1.3599112974511034 
40 89 5 1 21 33 8.602325267042627 15.033296378372908 1.3307570010864689 
38 88 6 1 18 24 8.602325267042627 15.033296378372908 1.330858929572969 
34 87 6 1 14 24 5.656854249492381 15.033296378372908 1.3368552416233361 
30 86 7 1 8 25 4.47213595499958 15.033296378372908 1.3351580972913515 
30 85 7 1 9 25 4.0 15.033296378372908 1.3168155352050273 
26 83 8 1 3 20 5.830951894845301 15.033296378372908 1.3080946408484004 
26 82 8 1 4 18 5.830951894845301 15.033296378372908 1.3042506670347385 
25 81 8 1 2 18 5.830951894845301 15.033296378372908 1.3017508917865137 
26 80 8 1 4 18 5.830951894845301 15.033296378372908 1.298622838823654 
26 79 8 1 4 18 5.0990195135927845 15.033296378372908 1.26567295334399 
26 77 8 2 4 16 5.0990195135927845 15.033296378372908 1.2397185506085107 
26 75 8 3 4 16 5.0990195135927845 15.033296378372908 1.2400444174496594 
26 74 8 3 4 17 5.0990195135927845 15.033296378372908 1.236872542918716 
26 73 8 3 4 17 5.0990195135927845 15.033296378372908 1.2305287938568292 
26 71 8 3 4 17 5.0990195135927845 15.033296378372908 1.2136918206786658 
26 69 8 3 4 14 5.0990195135927845 15.033296378372908 1.2105199461477223 
26 68 8 3 4 14 5.0990195135927845 15.033296378372908 1.210845812988871 
26 67 8 3 4 15 5.0990195135927845 15.033296378372908 1.2076739384579278 
26 66 8 3 4 15 5.0990195135927845 15.033296378372908 1.2045020639269843 
26 65 8 3 4 15 5.0990195135927845 15.033296378372908 1.2118234135123176 
26 64 8 3 4 18 5.0990195135927845 15.033296378372908 1.2086515389813743 
26 63 8 3 4 18 5.0990195135927845 15.033296378372908 1.1879909575899696 
26 62 8 3 4 13 5.0990195135927845 15.033296378372908 1.1848190830590262 
26 61 8 3 4 13 5.0990195135927845 15.033296378372908 1.165860163067731 
26 59 8 4 4 15 5.0990195135927845 15.033296378372908 1.1626882885367875 
26 58 8 4 4 15 5.0990195135927845 15.033296378372908 1.1635695247390772 
28 57 8 4 8 16 4.0 14.142135623730951 1.1603976502081337 
28 56 8 4 8 16 4.0 14.142135623730951 1.150230292933006 
28 55 8 4 8 14 4.0 14.142135623730951 1.1470584184020625 
28 54 8 4 8 14 4.0 14.142135623730951 1.1403888024990267 
28 53 8 4 8 13 4.0 14.142135623730951 1.1224583053095498 
28 52 8 4 8 9 4.0 13.341664064126334 1.093006161201978 
28 50 8 5 8 8 4.0 13.341664064126334 1.0898342866710344 
28 49 8 5 8 8 4.0 13.341664064126334 1.0530958323217303 
28 47 8 6 8 5 4.0 13.038404810405298 1.0499239577907868 
28 46 8 6 8 5 4.0 13.038404810405298 1.0236436882141589 
28 45 8 7 8 4 4.0 13.038404810405298 1.0204718136832154 
28 44 8 7 8 4 4.0 13.038404810405298 1.017299939152272 
28 43 8 7 8 4 4.0 13.038404810405298 1.0141280646213287 
28 42 8 7 8 4 4.0 13.038404810405298 1.0109561900903852 
28 41 8 7 8 4 4.0 13.038404810405298 1.000788832815257 
28 40 8 7 8 2 4.0 13.038404810405298 0.9976169582843137 
28 39 8 7 8 2 4.0 13.038404810405298 0.9944450837533703 
28 38 8 7 8 2 4.0 13.038404810405298 0.9912732092224268 
28 37 8 7 8 2 4.0 13.038404810405298 0.9881013346914835 
28 36 8 7 8 2 4.0 13.038404810405298 0.9814317187884478 
28 35 8 7 8 1 4.0 13.038404810405298 0.9586491905839116 
28 34 8 8 8 1 4.0 13.038404810405298 0.9509837380534821 
28 33 8 8 8 0 4.0 12.0 1.0068514212057516 
28 38 8 7 8 5 4.0 15.033296378372908 0.9918899035611234 
28 36 8 7 8 3 4.0 13.341664064126334 0.9845561246471015 
28 35 8 7 8 2 4.0 12.649110640673518 0.9611510953286101 
28 34 8 8 8 2 4.0 12.0 0.9509837380534821 
28 33 8 8 8 0 4.0 12.0 0.9586491905839116 
28 34 8 8 8 1 4.0 13.038404810405298 0.9509837380534821 
28 33 8 8 8 0 4.0 12.0 0.9511424776090406 
28 33 8 8 8 0 4.0 12.165525060596439 0.9954226842768169 
28 35 8 7 8 5 4.0 13.038404810405298 0.9808922212773037 
28 34 8 7 8 2 4.47213595499958 12.165525060596439 0.9546402189811328 
28 33 8 8 8 1 4.0 12.165525060596439 0.9287954436824437 
28 32 8 9 8 0 4.47213595499958 12.649110640673518 0.9691424147001885 
28 34 8 8 8 4 4.0 13.038404810405298 0.9544532121451168 
28 33 8 8 8 1 4.47213595499958 12.0 0.928201209848946 
28 32 8 9 8 0 4.0 12.0 0.9621186646755463 
28 34 8 8 8 2 4.47213595499958 13.038404810405298 0.928201209848946 
28 32 8 9 8 0 4.0 12.0 0.93933613647101 
28 33 8 9 8 2 4.47213595499958 13.038404810405298 0.9283599494045045 
28 32 8 9 8 0 4.0 12.165525060596439 0.9691141474197309 
28 34 8 8 8 4 4.47213595499958 13.038404810405298 0.9546402189811328 
28 33 8 8 8 1 4.0 12.165525060596439 0.9283316821240469 
28 32 8 9 8 0 4.47213595499958 12.165525060596439 0.9656446733280961 
28 34 8 8 8 3 4.0 13.038404810405298 0.9509554707730246 
28 33 8 8 8 0 4.47213595499958 12.0 0.9733727738988445 
28 35 8 8 8 4 4.0 14.142135623730951 0.9509554707730246 
28 33 8 8 8 0 4.47213595499958 12.0 0.9732364649577163 
28 35 8 8 8 4 4.0 14.0 0.9509554707730246 
28 33 8 8 8 0 4.47213595499958 12.0 0.9546402189811328 
28 33 8 8 8 1 4.0 12.165525060596439 0.9283316821240469 
28 32 8 9 8 0 4.47213595499958 12.165525060596439 0.928201209848946 
28 32 8 9 8 0 4.0 12.0 0.9505902456943082 
28 34 8 9 8 4 4.0 14.142135623730951 0.9393644037514676 
28 33 8 9 8 2 4.0 13.038404810405298 0.9283599494045045 
28 32 8 9 8 0 4.0 12.165525060596439 0.9393644037514676 
28 33 8 9 8 2 4.0 13.038404810405298 0.9283599494045045 
28 32 8 9 8 0 4.0 12.165525060596439 0.95045393675318 
28 34 8 9 8 4 4.0 14.0 0.9283599494045045 
28 32 8 9 8 0 4.0 12.165525060596439 0.9551039805395296 
28 33 8 8 8 1 4.0 12.649110640673518 0.9283599494045045 
28 32 8 9 8 0 4.0 12.165525060596439 0.9621469319560039 
28 34 8 8 8 2 4.0 13.038404810405298 0.9544814794255744 
28 33 8 8 8 1 4.0 12.0 0.9283599494045045 
28 32 8 9 8 0 4.0 12.165525060596439 0.9288237109629013 
28 32 8 9 8 0 4.0 12.649110640673518 0.928201209848946 
28 32 8 9 8 0 4.0 12.0 0.9283316821240469 
28 32 8 9 8 0 4.47213595499958 12.165525060596439 0.9773992770981799 
28 36 8 8 8 4 4.0 15.033296378372908 0.969738723585624 
28 35 8 8 8 3 4.0 14.0 0.9511424776090406 
28 33 8 8 8 0 4.0 12.165525060596439 0.9613098348841685 
28 34 8 8 8 2 4.0 12.165525060596439 0.9546402189811328 
28 33 8 8 8 1 4.0 12.165525060596439 0.9283599494045045 
28 32 8 9 8 0 4.0 12.165525060596439 0.9544814794255744 
28 33 8 8 8 1 4.0 12.0 0.9283599494045045 
28 32 8 9 8 0 4.0 12.165525060596439 1.0122898969385572 
28 47 8 8 8 4 4.0 15.033296378372908 1.0024117426011219 
28 46 8 8 4 4 5.0990195135927845 14.142135623730951 0.980645207869715 
28 44 8 8 4 0 5.0990195135927845 12.649110640673518 0.9914767281558291 
28 45 8 8 4 2 5.0990195135927845 13.341664064126334 0.980645207869715 
28 44 8 8 4 0 5.0990195135927845 12.649110640673518 1.0064382458004573 
28 47 8 8 4 4 5.0990195135927845 15.033296378372908 1.0022754336599937 
28 46 8 8 4 4 5.0990195135927845 14.0 0.980645207869715 
28 44 8 8 4 0 5.0990195135927845 12.649110640673518 1.0139684288628175 
28 46 8 7 4 2 5.0990195135927845 13.038404810405298 1.0069254774463434 
28 45 8 7 4 1 5.0990195135927845 12.649110640673518 0.980645207869715 
28 44 8 8 4 0 5.0990195135927845 12.649110640673518 0.9225082982664046 
28 32 8 9 4 0 5.0990195135927845 12.165525060596439 0.9288237109629013 
28 32 8 9 8 0 4.0 12.649110640673518 0.9505902456943082 
28 34 8 9 8 4 4.0 14.142135623730951 0.93933613647101 
28 33 8 9 8 2 4.47213595499958 13.038404810405298 0.9283599494045045 
28 32 8 9 8 0 4.0 12.165525060596439 0.9546119517006753 
28 33 8 8 8 1 4.47213595499958 12.165525060596439 0.9283599494045045 
28 32 8 9 8 0 4.0 12.165525060596439 0.9656164060476385 
28 34 8 8 8 3 4.47213595499958 13.038404810405298 0.9509837380534821 
28 33 8 8 8 0 4.0 12.0 0.951114210328583 
28 33 8 8 8 0 4.47213595499958 12.165525060596439 0.9511424776090406 
28 33 8 8 8 0 4.0 12.165525060596439 0.969738723585624 
28 35 8 8 8 3 4.0 14.0 0.9586491905839116 
28 34 8 8 8 1 4.0 13.038404810405298 0.9509837380534821 
28 33 8 8 8 0 4.0 12.0 0.977422747185669 
28 34 8 7 8 1 4.0 12.165525060596439 0.9509837380534821 
28 33 8 8 8 0 4.0 12.0 0.9773992770981799 
28 36 8 8 8 4 4.0 15.033296378372908 0.9733727738988445 
28 35 8 8 8 4 4.0 14.142135623730951 0.9621469319560039 
28 34 8 8 8 2 4.0 13.038404810405298 0.9509837380534821 
28 33 8 8 8 0 4.0 12.0 0.9957135117743645 
28 35 8 7 8 5 4.0 13.341664064126334 0.9809204885577613 
28 34 8 7 8 2 4.0 12.165525060596439 0.9511424776090406 
28 33 8 8 8 0 4.0 12.165525060596439 0.9613098348841685 
28 34 8 8 8 2 4.0 12.165525060596439 0.9546402189811328 
28 33 8 8 8 1 4.0 12.165525060596439 0.9283599494045045 
28 32 8 9 8 0 4.0 12.165525060596439 0.9393644037514676 
28 33 8 9 8 2 4.0 13.038404810405298 0.928201209848946 
28 32 8 9 8 0 4.0 12.0 0.9621469319560039 
28 34 8 8 8 2 4.0 13.038404810405298 0.928201209848946 
28 32 8 9 8 0 4.0 12.0 0.9505902456943082 
28 34 8 9 8 4 4.0 14.142135623730951 0.9393644037514676 
28 33 8 9 8 2 4.0 13.038404810405298 0.928201209848946 
28 32 8 9 8 0 4.0 12.0 0.9283599494045045 
28 32 8 9 8 0 4.0 12.165525060596439 0.9659355008256437 
28 34 8 8 8 3 4.0 13.341664064126334 0.9283599494045045 
28 32 8 9 8 0 4.0 12.165525060596439 0.928201209848946 
28 32 8 9 8 0 4.0 12.0 0.9551039805395296 
28 33 8 8 8 1 4.0 12.649110640673518 0.928201209848946 
28 32 8 9 8 0 4.0 12.0 0.9551039805395296 
28 33 8 8 8 1 4.0 12.649110640673518 0.928201209848946 
28 32 8 9 8 0 4.0 12.0 0.9551039805395296 
28 33 8 8 8 1 4.0 12.649110640673518 0.928201209848946 
28 32 8 9 8 0 4.0 12.0 0.9393644037514676 
28 33 8 9 8 2 4.0 13.038404810405298 0.9283599494045045 
28 32 8 9 8 0 4.0 12.165525060596439 0.9659355008256437 
28 34 8 8 8 3 4.0 13.341664064126334 0.9546402189811328 
28 33 8 8 8 1 4.0 12.165525060596439 0.9283599494045045 
28 32 8 9 8 0 4.0 12.165525060596439 0.95045393675318 
28 34 8 9 8 4 4.0 14.0 0.9393644037514676 
28 33 8 9 8 2 4.0 13.038404810405298 0.9283599494045045 
28 32 8 9 8 0 4.0 12.165525060596439 0.9621469319560039 
28 34 8 8 8 2 4.0 13.038404810405298 0.9544814794255744 
28 33 8 8 8 1 4.0 12.0 0.9283599494045045 
28 32 8 9 8 0 4.0 12.165525060596439 0.9659355008256437 
28 34 8 8 8 3 4.0 13.341664064126334 0.9283599494045045 
28 32 8 9 8 0 4.0 12.165525060596439 0.9691424147001885 
28 34 8 8 8 4 4.0 13.038404810405298 0.9579792207976666 
28 33 8 8 8 2 4.0 12.0 0.9283599494045045 
28 32 8 9 8 0 4.0 12.165525060596439 0.9546167488936436 
28 35 8 9 8 4 4.0 15.033296378372908 0.95045393675318 
28 34 8 9 8 4 4.0 14.0 0.9283599494045045 
28 32 8 9 8 0 4.0 12.165525060596439 0.9551039805395296 
28 33 8 8 8 1 4.0 12.649110640673518 0.9283599494045045 
28 32 8 9 8 0 4.0 12.165525060596439 0.9624377594535515 
28 34 8 8 8 2 4.0 13.341664064126334 0.9551039805395296 
28 33 8 8 8 1 4.0 12.649110640673518 0.9283599494045045 
28 32 8 9 8 0 4.0 12.165525060596439 0.928201209848946 
28 32 8 9 8 0 4.0 12.0 0.9393644037514676 
28 33 8 9 8 2 4.0 13.038404810405298 0.9283599494045045 
28 32 8 9 8 0 4.0 12.165525060596439 0.9773992770981799 
28 36 8 8 8 4 4.0 15.033296378372908 0.969738723585624 
28 35 8 8 8 3 4.0 14.0 0.9621469319560039 
28 34 8 8 8 2 4.0 13.038404810405298 0.9283599494045045 
28 32 8 9 8 0 4.0 12.165525060596439 0.9621469319560039 
28 34 8 8 8 2 4.0 13.038404810405298 0.9544814794255744 
28 33 8 8 8 1 4.0 12.0 0.9283599494045045 
28 32 8 9 8 0 4.0 12.165525060596439 0.9546402189811328 
28 33 8 8 8 1 4.0 12.165525060596439 0.9283599494045045 
28 32 8 9 8 0 4.0 12.165525060596439 0.9288237109629013 
28 32 8 9 8 0 4.0 12.649110640673518 0.95045393675318 
28 34 8 9 8 4 4.0 14.0 0.9283316821240469 
28 32 8 9 8 0 4.47213595499958 12.165525060596439 0.9733727738988445 
28 35 8 8 8 4 4.0 14.142135623730951 0.951114210328583 
28 33 8 8 8 0 4.47213595499958 12.165525060596439 0.9733727738988445 
28 35 8 8 8 4 4.0 14.142135623730951 0.951114210328583 
28 33 8 8 8 0 4.47213595499958 12.165525060596439 0.9589400180814592 
28 34 8 8 8 1 4.0 13.341664064126334 0.951114210328583 
28 33 8 8 8 0 4.47213595499958 12.165525060596439 0.9733727738988445 
28 35 8 8 8 4 4.0 14.142135623730951 0.9509554707730246 
28 33 8 8 8 0 4.47213595499958 12.0 0.9586491905839116 
28 34 8 8 8 1 4.0 13.038404810405298 0.9509554707730246 
28 33 8 8 8 0 4.47213595499958 12.0 0.9511424776090406 
28 33 8 8 8 0 4.0 12.165525060596439 1.0033536798336593 
28 38 8 7 8 4 4.0 15.033296378372908 0.9846035933193913 
28 36 8 7 8 1 4.0 13.038404810405298 0.9770968803445202 
28 35 8 7 8 0 4.0 12.165525060596439 0.9880538660191938 
28 35 8 7 8 3 4.0 12.649110640673518 0.9509837380534821 
28 33 8 8 8 0 4.0 12.0 0.9773992770981799 
28 36 8 8 8 4 4.0 15.033296378372908 0.9733727738988445 
28 35 8 8 8 4 4.0 14.142135623730951 0.9621469319560039 
28 34 8 8 8 2 4.0 13.038404810405298 0.9509837380534821 
28 33 8 8 8 0 4.0 12.0 0.9732364649577163 
28 35 8 8 8 4 4.0 14.0 0.9511424776090406 
28 33 8 8 8 0 4.0 12.165525060596439 0.9732364649577163 
28 35 8 8 8 4 4.0 14.0 0.9586491905839116 
28 34 8 8 8 1 4.0 13.038404810405298 0.9509837380534821 
28 33 8 8 8 0 4.0 12.0 0.9511424776090406 
28 33 8 8 8 0 4.0 12.165525060596439 0.969738723585624 
28 35 8 8 8 3 4.0 14.0 0.9511424776090406 
28 33 8 8 8 0 4.0 12.165525060596439 0.9659355008256437 
28 34 8 8 8 3 4.0 13.341664064126334 0.9283599494045045 
28 32 8 9 8 0 4.0 12.165525060596439 0.95045393675318 
28 34 8 9 8 4 4.0 14.0 0.9283599494045045 
28 32 8 9 8 0 4.0 12.165525060596439 0.9621469319560039 
28 34 8 8 8 2 4.0 13.038404810405298 0.9283599494045045 
28 32 8 9 8 0 4.0 12.165525060596439 0.9808970184702721 
28 36 8 8 8 5 4.0 15.033296378372908 0.9624377594535515 
28 34 8 8 8 2 4.0 13.341664064126334 0.9551039805395296 
28 33 8 8 8 1 4.0 12.649110640673518 0.9288237109629013 
28 32 8 9 8 0 4.0 12.649110640673518 0.9505902456943082 
28 34 8 9 8 4 4.0 14.142135623730951 0.9396552312490152 
28 33 8 9 8 2 4.0 13.341664064126334 0.9283599494045045 
28 32 8 9 8 0 4.0 12.165525060596439 0.9773992770981799 
28 36 8 8 8 4 4.0 15.033296378372908 0.9733727738988445 
28 35 8 8 8 4 4.0 14.142135623730951 0.9621469319560039 
28 34 8 8 8 2 4.0 13.038404810405298 0.9283599494045045 
28 32 8 9 8 0 4.0 12.165525060596439 0.9393644037514676 
28 33 8 9 8 2 4.0 13.038404810405298 0.9283599494045045 
28 32 8 9 8 0 4.0 12.165525060596439 0.928201209848946 
28 32 8 9 8 0 4.0 12.0 0.9808970184702721 
28 36 8 8 8 5 4.0 15.033296378372908 0.9733727738988445 
28 35 8 8 8 4 4.0 14.142135623730951 0.9551039805395296 
28 33 8 8 8 1 4.0 12.649110640673518 0.9288237109629013 
28 32 8 9 8 0 4.0 12.649110640673518 0.9546167488936436 
28 35 8 9 8 4 4.0 15.033296378372908 0.9393644037514676 
28 33 8 9 8 2 4.0 13.038404810405298 0.9283599494045045 
28 32 8 9 8 0 4.0 12.165525060596439 0.9733727738988445 
28 35 8 8 8 4 4.0 14.142135623730951 0.9659355008256437 
28 34 8 8 8 3 4.0 13.341664064126334 0.9546402189811328 
28 33 8 8 8 1 4.0 12.165525060596439 0.9283599494045045 
28 32 8 9 8 0 4.0 12.165525060596439 0.9733727738988445 
28 35 8 8 8 4 4.0 14.142135623730951 0.9659355008256437 
28 34 8 8 8 3 4.0 13.341664064126334 0.9283599494045045 
28 32 8 9 8 0 4.0 12.165525060596439 0.9659355008256437 
28 34 8 8 8 3 4.0 13.341664064126334 0.9283599494045045 
28 32 8 9 8 0 4.0 12.165525060596439 0.9691424147001885 
28 34 8 8 8 4 4.0 13.038404810405298 0.9546402189811328 
28 33 8 8 8 1 4.0 12.165525060596439 0.9283599494045045 
28 32 8 9 8 0 4.0 12.165525060596439 0.928201209848946 
28 32 8 9 8 0 4.0 12.0 0.9393644037514676 
28 33 8 9 8 2 4.0 13.038404810405298 0.9283316821240469 
28 32 8 9 8 0 4.47213595499958 12.165525060596439 0.9691424147001885 
28 34 8 8 8 4 4.0 13.038404810405298 0.9581096930727675 
28 33 8 8 8 2 4.47213595499958 12.165525060596439 0.9283599494045045 
28 32 8 9 8 0 4.0 12.165525060596439 0.9733445066183869 
28 35 8 8 8 4 4.47213595499958 14.142135623730951 0.9624377594535515 
28 34 8 8 8 2 4.0 13.341664064126334 0.9546119517006753 
28 33 8 8 8 1 4.47213595499958 12.165525060596439 0.9283599494045045 
28 32 8 9 8 0 4.0 12.165525060596439 0.9546119517006753 
28 33 8 8 8 1 4.47213595499958 12.165525060596439 0.9283599494045045 
28 32 8 9 8 0 4.0 12.165525060596439 0.9546119517006753 
28 33 8 8 8 1 4.47213595499958 12.165525060596439 0.9283599494045045 
28 32 8 9 8 0 4.0 12.165525060596439 0.9621186646755463 
28 34 8 8 8 2 4.47213595499958 13.038404810405298 0.9546402189811328 
28 33 8 8 8 1 4.0 12.165525060596439 0.9283316821240469 
28 32 8 9 8 0 4.47213595499958 12.165525060596439 0.928201209848946 
28 32 8 9 8 0 4.0 12.0 0.9773710098177223 
28 36 8 8 8 4 4.47213595499958 15.033296378372908 0.9659355008256437 
28 34 8 8 8 3 4.0 13.341664064126334 0.9509554707730246 
28 33 8 8 8 0 4.47213595499958 12.0 0.9576533539565178 
28 34 8 8 8 1 4.0 12.0 0.9509554707730246 
28 33 8 8 8 0 4.47213595499958 12.0 0.9511424776090406 
28 33 8 8 8 0 4.0 12.165525060596439 0.9578120935120763 
28 34 8 8 8 1 4.0 12.165525060596439 0.9511424776090406 
28 33 8 8 8 0 4.0 12.165525060596439 0.9516062391674374 
28 33 8 8 8 0 4.0 12.649110640673518 0.9884272015326323 
28 35 8 7 8 3 4.0 13.038404810405298 0.981384250116158 
28 34 8 7 8 2 4.0 12.649110640673518 0.9511424776090406 
28 33 8 8 8 0 4.0 12.165525060596439 0.9546402189811328 
28 33 8 8 8 1 4.0 12.165525060596439 0.9283599494045045 
28 32 8 9 8 0 4.0 12.165525060596439 0.9546402189811328 
28 33 8 8 8 1 4.0 12.165525060596439 0.9283599494045045 
28 32 8 9 8 0 4.0 12.165525060596439 0.95045393675318 
28 34 8 9 8 4 4.0 14.0 0.9283599494045045 
28 32 8 9 8 0 4.0 12.165525060596439 0.9691424147001885 
28 34 8 8 8 4 4.0 13.038404810405298 0.9546402189811328 
28 33 8 8 8 1 4.0 12.165525060596439 0.9283599494045045 
28 32 8 9 8 0 4.0 12.165525060596439 0.95045393675318 
28 34 8 9 8 4 4.0 14.0 0.9283599494045045 
28 32 8 9 8 0 4.0 12.165525060596439 0.9283599494045045 
28 32 8 9 8 0 4.0 12.165525060596439 0.928201209848946 
28 32 8 9 8 0 4.0 12.0 0.9546402189811328 
28 33 8 8 8 1 4.0 12.165525060596439 0.9281729425684885 
28 32 8 9 8 0 4.47213595499958 12.0 0.9393644037514676 
28 33 8 9 8 2 4.0 13.038404810405298 0.9281729425684885 
28 32 8 9 8 0 4.47213595499958 12.0 0.9544814794255744 
28 33 8 8 8 1 4.0 12.0 0.9281729425684885 
28 32 8 9 8 0 4.47213595499958 12.0 0.9767342063298086 
28 35 8 8 8 5 4.0 14.0 0.957950953517209 
28 33 8 8 8 2 4.47213595499958 12.0 0.928201209848946 
28 32 8 9 8 0 4.0 12.0 0.9505619784138506 
28 34 8 9 8 4 4.47213595499958 14.142135623730951 0.9396552312490152 
28 33 8 9 8 2 4.0 13.341664064126334 0.9283316821240469 
28 32 8 9 8 0 4.47213595499958 12.165525060596439 0.9546402189811328 
28 33 8 8 8 1 4.0 12.165525060596439 0.9283316821240469 
28 32 8 9 8 0 4.47213595499958 12.165525060596439 0.9581379603532251 
28 33 8 8 8 2 4.0 12.165525060596439 0.9287954436824437 
28 32 8 9 8 0 4.47213595499958 12.649110640673518 0.9656446733280961 
28 34 8 8 8 3 4.0 13.038404810405298 0.9509554707730246 
28 33 8 8 8 0 4.47213595499958 12.0 0.9807617490022028 
28 34 8 7 8 2 4.0 12.0 0.9509554707730246 
28 33 8 8 8 0 4.47213595499958 12.0 0.9546402189811328 
28 33 8 8 8 1 4.0 12.165525060596439 0.9287954436824437 
28 32 8 9 8 0 4.47213595499958 12.649110640673518 1.0082633937392218 
28 46 8 8 8 4 4.0 14.142135623730951 0.9800227067557598 
28 44 8 8 4 0 5.0990195135927845 12.0 1.0024117426011219 
28 46 8 8 4 4 5.0990195135927845 14.142135623730951 0.980645207869715 
28 44 8 8 4 0 5.0990195135927845 12.649110640673518 0.9911859006582815 
28 45 8 8 4 2 5.0990195135927845 13.038404810405298 0.980645207869715 
28 44 8 8 4 0 5.0990195135927845 12.649110640673518 0.9989140012290295 
28 46 8 8 4 3 5.0990195135927845 14.142135623730951 0.9879789867837369 
28 45 8 8 4 1 5.0990195135927845 13.341664064126334 0.980645207869715 
28 44 8 8 4 0 5.0990195135927845 12.649110640673518 1.0022754336599937 
28 46 8 8 4 4 5.0990195135927845 14.0 0.9911859006582815 
28 45 8 8 4 2 5.0990195135927845 13.038404810405298 0.980645207869715 
28 44 8 8 4 0 5.0990195135927845 12.649110640673518 1.0177569977324574 
28 46 8 7 4 3 5.0990195135927845 13.341664064126334 1.0104232188184357 
28 45 8 7 4 2 5.0990195135927845 12.649110640673518 0.980645207869715 
28 44 8 8 4 0 5.0990195135927845 12.649110640673518 0.9457545880293374 
28 33 8 8 4 0 5.0990195135927845 12.649110640673518 0.9551039805395296 
28 33 8 8 8 1 4.0 12.649110640673518 0.9288237109629013 
28 32 8 9 8 0 4.0 12.649110640673518 0.9283599494045045 
28 32 8 9 8 0 4.0 12.165525060596439 0.9546402189811328 
28 33 8 8 8 1 4.0 12.165525060596439 0.9283316821240469 
28 32 8 9 8 0 4.47213595499958 12.165525060596439 0.9546402189811328 
28 33 8 8 8 1 4.0 12.165525060596439 0.9283316821240469 
28 32 8 9 8 0 4.47213595499958 12.165525060596439 0.9691424147001885 
28 34 8 8 8 4 4.0 13.038404810405298 0.9546119517006753 
28 33 8 8 8 1 4.47213595499958 12.165525060596439 0.9283599494045045 
28 32 8 9 8 0 4.0 12.165525060596439 0.9546119517006753 
28 33 8 8 8 1 4.47213595499958 12.165525060596439 0.9283599494045045 
28 32 8 9 8 0 4.0 12.165525060596439 0.9621186646755463 
28 34 8 8 8 2 4.47213595499958 13.038404810405298 0.9544814794255744 
28 33 8 8 8 1 4.0 12.0 0.9283316821240469 
28 32 8 9 8 0 4.47213595499958 12.165525060596439 0.95045393675318 
28 34 8 9 8 4 4.0 14.0 0.93933613647101 
28 33 8 9 8 2 4.47213595499958 13.038404810405298 0.928201209848946 
28 32 8 9 8 0 4.0 12.0 0.954588481613186 
28 35 8 9 8 4 4.47213595499958 15.033296378372908 0.9393644037514676 
28 33 8 9 8 2 4.0 13.038404810405298 0.9281729425684885 
28 32 8 9 8 0 4.47213595499958 12.0 0.9283599494045045 
28 32 8 9 8 0 4.0 12.165525060596439 0.9546402189811328 
28 33 8 8 8 1 4.0 12.165525060596439 0.9283599494045045 
28 32 8 9 8 0 4.0 12.165525060596439 0.928201209848946 
28 32 8 9 8 0 4.0 12.0 0.9546402189811328 
28 33 8 8 8 1 4.0 12.165525060596439 0.9281729425684885 
28 32 8 9 8 0 4.47213595499958 12.0 0.9393644037514676 
28 33 8 9 8 2 4.0 13.038404810405298 0.9283316821240469 
28 32 8 9 8 0 4.47213595499958 12.165525060596439 0.9691424147001885 
28 34 8 8 8 4 4.0 13.038404810405298 0.9581096930727675 
28 33 8 8 8 2 4.47213595499958 12.165525060596439 0.9283599494045045 
28 32 8 9 8 0 4.0 12.165525060596439 0.9546119517006753 
28 33 8 8 8 1 4.47213595499958 12.165525060596439 0.9283599494045045 
28 32 8 9 8 0 4.0 12.165525060596439 0.9504256694727224 
28 34 8 9 8 4 4.47213595499958 14.0 0.9283599494045045 
28 32 8 9 8 0 4.0 12.165525060596439 0.9546119517006753 
28 33 8 8 8 1 4.47213595499958 12.165525060596439 0.9283599494045045 
28 32 8 9 8 0 4.0 12.165525060596439 0.9281729425684885 
28 32 8 9 8 0 4.47213595499958 12.0 0.9283599494045045 
28 32 8 9 8 0 4.0 12.165525060596439 0.9393644037514676 
28 33 8 9 8 2 4.0 13.038404810405298 0.9283599494045045 
28 32 8 9 8 0 4.0 12.165525060596439 0.928201209848946 
28 32 8 9 8 0 4.0 12.0 0.9546167488936436 
28 35 8 9 8 4 4.0 15.033296378372908 0.9396269639685576 
28 33 8 9 8 2 4.47213595499958 13.341664064126334 0.9283599494045045 
28 32 8 9 8 0 4.0 12.165525060596439 0.9544532121451168 
28 33 8 8 8 1 4.47213595499958 12.0 0.9283599494045045 
28 32 8 9 8 0 4.0 12.165525060596439 0.9624094921730939 
28 34 8 8 8 2 4.47213595499958 13.341664064126334 0.9546402189811328 
28 33 8 8 8 1 4.0 12.165525060596439 0.9283316821240469 
28 32 8 9 8 0 4.47213595499958 12.165525060596439 0.9288237109629013 
28 32 8 9 8 0 4.0 12.649110640673518 0.9624094921730939 
28 34 8 8 8 2 4.47213595499958 13.341664064126334 0.9546402189811328 
28 33 8 8 8 1 4.0 12.165525060596439 0.9287954436824437 
28 32 8 9 8 0 4.47213595499958 12.649110640673518 0.9283599494045045 
28 32 8 9 8 0 4.0 12.165525060596439 0.9546167488936436 
28 35 8 9 8 4 4.0 15.033296378372908 0.9396552312490152 
28 33 8 9 8 2 4.0 13.341664064126334 0.9283599494045045 
28 32 8 9 8 0 4.0 12.165525060596439 0.9624377594535515 
28 34 8 8 8 2 4.0 13.341664064126334 0.9283599494045045 
28 32 8 9 8 0 4.0 12.165525060596439 0.9505902456943082 
28 34 8 9 8 4 4.0 14.142135623730951 0.928201209848946 
28 32 8 9 8 0 4.0 12.0 0.9694332421977361 
28 34 8 8 8 4 4.0 13.341664064126334 0.9581379603532251 
28 33 8 8 8 2 4.0 12.165525060596439 0.928201209848946 
28 32 8 9 8 0 4.0 12.0 0.9767342063298086 
28 35 8 8 8 5 4.0 14.0 0.9621469319560039 
28 34 8 8 8 2 4.0 13.038404810405298 0.9544814794255744 
28 33 8 8 8 1 4.0 12.0 0.9283599494045045 
28 32 8 9 8 0 4.0 12.165525060596439 0.95045393675318 
28 34 8 9 8 4 4.0 14.0 0.9283599494045045 
28 32 8 9 8 0 4.0 12.165525060596439 0.9283599494045045 
28 32 8 9 8 0 4.0 12.165525060596439 0.9551039805395296 
28 33 8 8 8 1 4.0 12.649110640673518 0.9283599494045045 
28 32 8 9 8 0 4.0 12.165525060596439 0.9546402189811328 
28 33 8 8 8 1 4.0 12.165525060596439 0.9283599494045045 
28 32 8 9 8 0 4.0 12.165525060596439 0.9546167488936436 
28 35 8 9 8 4 4.0 15.033296378372908 0.9505902456943082 
28 34 8 9 8 4 4.0 14.142135623730951 0.9396552312490152 
28 33 8 9 8 2 4.0 13.341664064126334 0.9288237109629013 
28 32 8 9 8 0 4.0 12.649110640673518 1.0081270847980937 
28 46 8 8 8 4 4.0 14.0 0.980645207869715 
28 44 8 8 4 0 5.0990195135927845 12.649110640673518 1.0139684288628175 
28 46 8 7 4 2 5.0990195135927845 13.038404810405298 0.980645207869715 
28 44 8 8 4 0 5.0990195135927845 12.649110640673518 1.0024117426011219 
28 46 8 8 4 4 5.0990195135927845 14.142135623730951 0.9879789867837369 
28 45 8 8 4 1 5.0990195135927845 13.341664064126334 0.980645207869715 
28 44 8 8 4 0 5.0990195135927845 12.649110640673518 1.0069254774463434 
28 45 8 7 4 1 5.0990195135927845 12.649110640673518 0.980645207869715 
28 44 8 8 4 0 5.0990195135927845 12.649110640673518 1.0024117426011219 
28 46 8 8 4 4 5.0990195135927845 14.142135623730951 0.9876881592861892 
28 45 8 8 4 1 5.0990195135927845 13.038404810405298 0.9801814463113182 
28 44 8 8 4 0 5.0990195135927845 12.165525060596439 0.9914767281558291 
28 45 8 8 4 2 5.0990195135927845 13.341664064126334 0.980645207869715 
28 44 8 8 4 0 5.0990195135927845 12.649110640673518 0.9911859006582815 
28 45 8 8 4 2 5.0990195135927845 13.038404810405298 0.980645207869715 
28 44 8 8 4 0 5.0990195135927845 12.649110640673518 0.9911859006582815 
28 45 8 8 4 2 5.0990195135927845 13.038404810405298 0.980645207869715 
28 44 8 8 4 0 5.0990195135927845 12.649110640673518 1.0022754336599937 
28 46 8 8 4 4 5.0990195135927845 14.0 0.9911859006582815 
28 45 8 8 4 2 5.0990195135927845 13.038404810405298 0.980645207869715 
28 44 8 8 4 0 5.0990195135927845 12.649110640673518 0.9801814463113182 
28 44 8 8 4 0 5.0990195135927845 12.165525060596439 0.9223495587108461 
28 32 8 9 4 0 5.0990195135927845 12.0 0.9505619784138506 
28 34 8 9 8 4 4.47213595499958 14.142135623730951 0.9393644037514676 
28 33 8 9 8 2 4.0 13.038404810405298 0.9283316821240469 
28 32 8 9 8 0 4.47213595499958 12.165525060596439 0.9288237109629013 
28 32 8 9 8 0 4.0 12.649110640673518 0.9505619784138506 
28 34 8 9 8 4 4.47213595499958 14.142135623730951 0.928201209848946 
28 32 8 9 8 0 4.0 12.0 0.93933613647101 
28 33 8 9 8 2 4.47213595499958 13.038404810405298 0.928201209848946 
28 32 8 9 8 0 4.0 12.0 0.9659072335451862 
28 34 8 8 8 3 4.47213595499958 13.341664064126334 0.9544814794255744 
28 33 8 8 8 1 4.0 12.0 0.9281729425684885 
28 32 8 9 8 0 4.47213595499958 12.0 0.9621469319560039 
28 34 8 8 8 2 4.0 13.038404810405298 0.9281729425684885 
28 32 8 9 8 0 4.47213595499958 12.0 0.9393644037514676 
28 33 8 9 8 2 4.0 13.038404810405298 0.9281729425684885 
28 32 8 9 8 0 4.47213595499958 12.0 0.9544814794255744 
28 33 8 8 8 1 4.0 12.0 0.9281729425684885 
28 32 8 9 8 0 4.47213595499958 12.0 0.9773992770981799 
28 36 8 8 8 4 4.0 15.033296378372908 0.9732081976772587 
28 35 8 8 8 4 4.47213595499958 14.0 0.9586491905839116 
28 34 8 8 8 1 4.0 13.038404810405298 0.951114210328583 
28 33 8 8 8 0 4.47213595499958 12.165525060596439 0.9773992770981799 
28 36 8 8 8 4 4.0 15.033296378372908 0.958620923303454 
28 34 8 8 8 1 4.47213595499958 13.038404810405298 0.9511424776090406 
28 33 8 8 8 0 4.0 12.165525060596439 0.9515779718869798 
28 33 8 8 8 0 4.47213595499958 12.649110640673518 0.9884272015326323 
28 35 8 7 8 3 4.0 13.038404810405298 0.9778865087440658 
28 34 8 7 8 1 4.0 12.649110640673518 0.9516062391674374 
28 33 8 8 8 0 4.0 12.649110640673518 0.9778865087440658 
28 34 8 7 8 1 4.0 12.649110640673518 0.9516062391674374 
28 33 8 8 8 0 4.0 12.649110640673518 1.0001818053027158 
28 37 8 7 8 4 4.0 15.033296378372908 0.9926575607312883 
28 36 8 7 8 3 4.0 14.142135623730951 0.9849294601605401 
28 35 8 7 8 2 4.0 13.038404810405298 0.9516062391674374 
28 33 8 8 8 0 4.0 12.649110640673518 0.9954226842768169 
28 35 8 7 8 5 4.0 13.038404810405298 0.981384250116158 
28 34 8 7 8 2 4.0 12.649110640673518 0.9551039805395296 
28 33 8 8 8 1 4.0 12.649110640673518 0.9288237109629013 
28 32 8 9 8 0 4.0 12.649110640673518 0.9505902456943082 
28 34 8 9 8 4 4.0 14.142135623730951 0.9393644037514676 
28 33 8 9 8 2 4.0 13.038404810405298 0.928201209848946 
28 32 8 9 8 0 4.0 12.0 1.0081270847980937 
28 46 8 8 8 4 4.0 14.0 0.9876881592861892 
28 45 8 8 4 1 5.0990195135927845 13.038404810405298 0.9800227067557598 
28 44 8 8 4 0 5.0990195135927845 12.0 0.9801814463113182 
28 44 8 8 4 0 5.0990195135927845 12.165525060596439 1.0024117426011219 
28 46 8 8 4 4 5.0990195135927845 14.142135623730951 0.9800227067557598 
28 44 8 8 4 0 5.0990195135927845 12.0 1.0022754336599937 
28 46 8 8 4 4 5.0990195135927845 14.0 0.9876881592861892 
28 45 8 8 4 1 5.0990195135927845 13.038404810405298 0.9800227067557598 
28 44 8 8 4 0 5.0990195135927845 12.0 0.9876881592861892 
28 45 8 8 4 1 5.0990195135927845 13.038404810405298 0.9800227067557598 
28 44 8 8 4 0 5.0990195135927845 12.0 0.980645207869715 
28 44 8 8 4 0 5.0990195135927845 12.649110640673518 0.9492523294014297 
28 33 8 8 4 1 5.0990195135927845 12.649110640673518 0.9283599494045045 
28 32 8 9 8 0 4.0 12.165525060596439 0.9505902456943082 
28 34 8 9 8 4 4.0 14.142135623730951 0.928201209848946 
28 32 8 9 8 0 4.0 12.0 0.9505902456943082 
28 34 8 9 8 4 4.0 14.142135623730951 0.9288237109629013 
28 32 8 9 8 0 4.0 12.649110640673518 0.9551039805395296 
28 33 8 8 8 1 4.0 12.649110640673518 0.9288237109629013 
28 32 8 9 8 0 4.0 12.649110640673518 0.9732364649577163 
28 35 8 8 8 4 4.0 14.0 0.9516062391674374 
28 33 8 8 8 0 4.0 12.649110640673518 0.9511424776090406 
28 33 8 8 8 0 4.0 12.165525060596439 0.9733727738988445 
28 35 8 8 8 4 4.0 14.142135623730951 0.9546119517006753 
28 33 8 8 8 1 4.47213595499958 12.165525060596439 0.9283599494045045 
28 32 8 9 8 0 4.0 12.165525060596439 0.9659072335451862 
28 34 8 8 8 3 4.47213595499958 13.341664064126334 0.9511424776090406 
28 33 8 8 8 0 4.0 12.165525060596439 0.9996247761950153 
28 36 8 7 8 5 4.47213595499958 14.142135623730951 0.9733727738988445 
28 35 8 8 8 4 4.0 14.142135623730951 0.9546119517006753 
28 33 8 8 8 1 4.47213595499958 12.165525060596439 0.9283599494045045 
28 32 8 9 8 0 4.0 12.165525060596439 0.9505619784138506 
28 34 8 9 8 4 4.47213595499958 14.142135623730951 0.928201209848946 
28 32 8 9 8 0 4.0 12.0 1.0122616296580995 
28 47 8 8 8 4 4.47213595499958 15.033296378372908 0.9987776922879014 
28 46 8 8 4 3 5.0990195135927845 14.0 0.9876881592861892 
28 45 8 8 4 1 5.0990195135927845 13.038404810405298 0.9801814463113182 
28 44 8 8 4 0 5.0990195135927845 12.165525060596439 0.9876881592861892 
28 45 8 8 4 1 5.0990195135927845 13.038404810405298 0.9801814463113182 
28 44 8 8 4 0 5.0990195135927845 12.165525060596439 1.0104232188184357 
28 45 8 7 4 2 5.0990195135927845 12.649110640673518 0.9801814463113182 
28 44 8 8 4 0 5.0990195135927845 12.165525060596439 0.9225082982664046 
28 32 8 9 4 0 5.0990195135927845 12.165525060596439 0.954588481613186 
28 35 8 9 8 4 4.47213595499958 15.033296378372908 0.9505902456943082 
28 34 8 9 8 4 4.0 14.142135623730951 0.9281729425684885 
28 32 8 9 8 0 4.47213595499958 12.0 0.9283599494045045 
28 32 8 9 8 0 4.0 12.165525060596439 0.9691424147001885 
28 34 8 8 8 4 4.0 13.038404810405298 0.9546402189811328 
28 33 8 8 8 1 4.0 12.165525060596439 0.9283599494045045 
28 32 8 9 8 0 4.0 12.165525060596439 0.9288237109629013 
28 32 8 9 8 0 4.0 12.649110640673518 0.9691424147001885 
28 34 8 8 8 4 4.0 13.038404810405298 0.9544532121451168 
28 33 8 8 8 1 4.47213595499958 12.0 0.928201209848946 
28 32 8 9 8 0 4.0 12.0 0.9581096930727675 
28 33 8 8 8 2 4.47213595499958 12.165525060596439 0.9283599494045045 
28 32 8 9 8 0 4.0 12.165525060596439 0.9656164060476385 
28 34 8 8 8 3 4.47213595499958 13.038404810405298 0.9511424776090406 
28 33 8 8 8 0 4.0 12.165525060596439 0.9886897617497223 
28 35 8 7 8 3 4.47213595499958 13.341664064126334 0.9511424776090406 
28 33 8 8 8 0 4.0 12.165525060596439 0.9921875031218147 
28 35 8 7 8 4 4.47213595499958 13.341664064126334 0.9809204885577613 
28 34 8 7 8 2 4.0 12.165525060596439 0.9546119517006753 
28 33 8 8 8 1 4.47213595499958 12.165525060596439 0.9283599494045045 
28 32 8 9 8 0 4.0 12.165525060596439 0.9581096930727675 
28 33 8 8 8 2 4.47213595499958 12.165525060596439 0.9283599494045045 
28 32 8 9 8 0 4.0 12.165525060596439 0.9504256694727224 
28 34 8 9 8 4 4.47213595499958 14.0 0.9393644037514676 
28 33 8 9 8 2 4.0 13.038404810405298 0.9281729425684885 
28 32 8 9 8 0 4.47213595499958 12.0 0.9393644037514676 
28 33 8 9 8 2 4.0 13.038404810405298 0.9283316821240469 
28 32 8 9 8 0 4.47213595499958 12.165525060596439 0.9621469319560039 
28 34 8 8 8 2 4.0 13.038404810405298 0.9283316821240469 
28 32 8 9 8 0 4.47213595499958 12.165525060596439 0.9283599494045045 
28 32 8 9 8 0 4.0 12.165525060596439 0.954588481613186 
28 35 8 9 8 4 4.47213595499958 15.033296378372908 0.95045393675318 
28 34 8 9 8 4 4.0 14.0 0.9283316821240469 
28 32 8 9 8 0 4.47213595499958 12.165525060596439 0.9656446733280961 
28 34 8 8 8 3 4.0 13.038404810405298 0.9509554707730246 
28 33 8 8 8 0 4.47213595499958 12.0 0.9586491905839116 
28 34 8 8 8 1 4.0 13.038404810405298 0.9509554707730246 
28 33 8 8 8 0 4.47213595499958 12.0 0.9611510953286101 
28 34 8 8 8 2 4.0 12.0 0.9509554707730246 
28 33 8 8 8 0 4.47213595499958 12.0 0.9576533539565178 
28 34 8 8 8 1 4.0 12.0 0.9509554707730246 
28 33 8 8 8 0 4.47213595499958 12.0 1.003679546674808 
28 37 8 7 8 5 4.0 15.033296378372908 0.9851920203776301 
28 35 8 7 8 2 4.47213595499958 13.341664064126334 0.9589400180814592 
28 34 8 8 8 1 4.0 13.341664064126334 0.951114210328583 
28 33 8 8 8 0 4.47213595499958 12.165525060596439 0.9511424776090406 
28 33 8 8 8 0 4.0 12.165525060596439 0.9883989342521747 
28 35 8 7 8 3 4.47213595499958 13.038404810405298 0.9809204885577613 
28 34 8 7 8 2 4.0 12.165525060596439 0.951114210328583 
28 33 8 8 8 0 4.47213595499958 12.165525060596439 0.9809204885577613 
28 34 8 7 8 2 4.0 12.165525060596439 0.951114210328583 
28 33 8 8 8 0 4.47213595499958 12.165525060596439 0.9589400180814592 
28 34 8 8 8 1 4.0 13.341664064126334 0.951114210328583 
28 33 8 8 8 0 4.47213595499958 12.165525060596439 0.9509837380534821 
28 33 8 8 8 0 4.0 12.0 0.9509554707730246 
28 33 8 8 8 0 4.47213595499958 12.0 0.9807617490022028 
28 34 8 7 8 2 4.0 12.0 0.9509554707730246 
28 33 8 8 8 0 4.47213595499958 12.0 1.0310459219437578 
28 47 8 7 8 4 4.0 14.142135623730951 1.0029639745158543 
28 45 8 7 4 0 5.0990195135927845 12.165525060596439 1.0104706874907252 
28 46 8 7 4 1 5.0990195135927845 13.038404810405298 1.0029639745158543 
28 45 8 7 4 0 5.0990195135927845 12.165525060596439 1.013131331790982 
28 46 8 7 4 2 5.0990195135927845 12.165525060596439 1.0064617158879465 
28 45 8 7 4 1 5.0990195135927845 12.165525060596439 0.9800227067557598 
28 44 8 8 4 0 5.0990195135927845 12.0 1.0064617158879465 
28 45 8 7 4 1 5.0990195135927845 12.165525060596439 0.9800227067557598 
28 44 8 8 4 0 5.0990195135927845 12.0 1.0064382458004573 
28 47 8 8 4 4 5.0990195135927845 15.033296378372908 0.9876881592861892 
28 45 8 8 4 1 5.0990195135927845 13.038404810405298 0.9800227067557598 
28 44 8 8 4 0 5.0990195135927845 12.0 0.9225082982664046 
28 32 8 9 4 0 5.0990195135927845 12.165525060596439 0.9283599494045045 
28 32 8 9 8 0 4.0 12.165525060596439 0.9581379603532251 
28 33 8 8 8 2 4.0 12.165525060596439 0.9283599494045045 
28 32 8 9 8 0 4.0 12.165525060596439 1.0122898969385572 
28 47 8 8 8 4 4.0 15.033296378372908 0.9911859006582815 
28 45 8 8 4 2 5.0990195135927845 13.038404810405298 0.9801814463113182 
28 44 8 8 4 0 5.0990195135927845 12.165525060596439 0.9487885678430329 
28 33 8 8 4 1 5.0990195135927845 12.165525060596439 0.9283599494045045 
28 32 8 9 8 0 4.0 12.165525060596439 0.95045393675318 
28 34 8 9 8 4 4.0 14.0 0.9393644037514676 
28 33 8 9 8 2 4.0 13.038404810405298 0.928201209848946 
28 32 8 9 8 0 4.0 12.0 0.9546167488936436 
28 35 8 9 8 4 4.0 15.033296378372908 0.9505902456943082 
28 34 8 9 8 4 4.0 14.142135623730951 0.9288237109629013 
28 32 8 9 8 0 4.0 12.649110640673518 0.9624377594535515 
28 34 8 8 8 2 4.0 13.341664064126334 0.9288237109629013 
28 32 8 9 8 0 4.0 12.649110640673518 0.9773992770981799 
28 36 8 8 8 4 4.0 15.033296378372908 0.9624377594535515 
28 34 8 8 8 2 4.0 13.341664064126334 0.9551039805395296 
28 33 8 8 8 1 4.0 12.649110640673518 0.9288237109629013 
28 32 8 9 8 0 4.0 12.649110640673518 0.9808970184702721 
28 36 8 8 8 5 4.0 15.033296378372908 0.9733727738988445 
28 35 8 8 8 4 4.0 14.142135623730951 0.9624377594535515 
28 34 8 8 8 2 4.0 13.341664064126334 0.9396552312490152 
28 33 8 9 8 2 4.0 13.341664064126334 0.9288237109629013 
28 32 8 9 8 0 4.0 12.649110640673518 0.9551039805395296 
28 33 8 8 8 1 4.0 12.649110640673518 0.9288237109629013 
28 32 8 9 8 0 4.0 12.649110640673518 0.9656446733280961 
28 34 8 8 8 3 4.0 13.038404810405298 0.9288237109629013 
28 32 8 9 8 0 4.0 12.649110640673518 0.9656446733280961 
28 34 8 8 8 3 4.0 13.038404810405298 0.9288237109629013 
28 32 8 9 8 0 4.0 12.649110640673518 0.9396552312490152 
28 33 8 9 8 2 4.0 13.341664064126334 0.9283599494045045 
28 32 8 9 8 0 4.0 12.165525060596439 0.928201209848946 
28 32 8 9 8 0 4.0 12.0 0.9767342063298086 
28 35 8 8 8 5 4.0 14.0 0.9504256694727224 
28 34 8 9 8 4 4.47213595499958 14.0 0.9393644037514676 
28 33 8 9 8 2 4.0 13.038404810405298 0.9283316821240469 
28 32 8 9 8 0 4.47213595499958 12.165525060596439 0.9546402189811328 
28 33 8 8 8 1 4.0 12.165525060596439 0.9283316821240469 
28 32 8 9 8 0 4.47213595499958 12.165525060596439 0.9659355008256437 
28 34 8 8 8 3 4.0 13.341664064126334 0.9546119517006753 
28 33 8 8 8 1 4.47213595499958 12.165525060596439 0.9283599494045045 
28 32 8 9 8 0 4.0 12.165525060596439 0.954588481613186 
28 35 8 9 8 4 4.47213595499958 15.033296378372908 0.95045393675318 
28 34 8 9 8 4 4.0 14.0 0.9283316821240469 
28 32 8 9 8 0 4.47213595499958 12.165525060596439 0.9288237109629013 
28 32 8 9 8 0 4.0 12.649110640673518 0.9546167488936436 
28 35 8 9 8 4 4.0 15.033296378372908 0.95045393675318 
28 34 8 9 8 4 4.0 14.0 0.9393644037514676 
28 33 8 9 8 2 4.0 13.038404810405298 0.9283599494045045 
28 32 8 9 8 0 4.0 12.165525060596439 0.9546402189811328 
28 33 8 8 8 1 4.0 12.165525060596439 0.9283599494045045 
28 32 8 9 8 0 4.0 12.165525060596439 0.9393644037514676 
28 33 8 9 8 2 4.0 13.038404810405298 0.928201209848946 
28 32 8 9 8 0 4.0 12.0 0.9579792207976666 
28 33 8 8 8 2 4.0 12.0 0.9283599494045045 
28 32 8 9 8 0 4.0 12.165525060596439 0.95045393675318 
28 34 8 9 8 4 4.0 14.0 0.9283599494045045 
28 32 8 9 8 0 4.0 12.165525060596439 0.9773992770981799 
28 36 8 8 8 4 4.0 15.033296378372908 0.969738723585624 
28 35 8 8 8 3 4.0 14.0 0.9546402189811328 
28 33 8 8 8 1 4.0 12.165525060596439 0.9283599494045045 
28 32 8 9 8 0 4.0 12.165525060596439 0.9551039805395296 
28 33 8 8 8 1 4.0 12.649110640673518 0.9283599494045045 
28 32 8 9 8 0 4.0 12.165525060596439 0.9656446733280961 
28 34 8 8 8 3 4.0 13.038404810405298 0.9546402189811328 
28 33 8 8 8 1 4.0 12.165525060596439 0.9283599494045045 
28 32 8 9 8 0 4.0 12.165525060596439 0.9396552312490152 
28 33 8 9 8 2 4.0 13.341664064126334 0.9283599494045045 
28 32 8 9 8 0 4.0 12.165525060596439 0.928201209848946 
28 32 8 9 8 0 4.0 12.0 0.9659355008256437 
28 34 8 8 8 3 4.0 13.341664064126334 0.9281729425684885 
28 32 8 9 8 0 4.47213595499958 12.0 0.9659355008256437 
28 34 8 8 8 3 4.0 13.341664064126334 0.9281729425684885 
28 32 8 9 8 0 4.47213595499958 12.0 0.9283599494045045 
28 32 8 9 8 0 4.0 12.165525060596439 0.9287954436824437 
28 32 8 9 8 0 4.47213595499958 12.649110640673518 0.9656446733280961 
28 34 8 8 8 3 4.0 13.038404810405298 0.9544532121451168 
28 33 8 8 8 1 4.47213595499958 12.0 0.9288237109629013 
28 32 8 9 8 0 4.0 12.649110640673518 0.954588481613186 
28 35 8 9 8 4 4.47213595499958 15.033296378372908 0.95045393675318 
28 34 8 9 8 4 4.0 14.0 0.9283316821240469 
28 32 8 9 8 0 4.47213595499958 12.165525060596439 0.9624377594535515 
28 34 8 8 8 2 4.0 13.341664064126334 0.9546119517006753 
28 33 8 8 8 1 4.47213595499958 12.165525060596439 0.9283599494045045 
28 32 8 9 8 0 4.0 12.165525060596439 0.9621186646755463 
28 34 8 8 8 2 4.47213595499958 13.038404810405298 0.9544814794255744 
28 33 8 8 8 1 4.0 12.0 0.9283316821240469 
28 32 8 9 8 0 4.47213595499958 12.165525060596439 0.9544814794255744 
28 33 8 8 8 1 4.0 12.0 0.9283316821240469 
28 32 8 9 8 0 4.47213595499958 12.165525060596439 0.928201209848946 
28 32 8 9 8 0 4.0 12.0 0.9393644037514676 
28 33 8 9 8 2 4.0 13.038404810405298 0.9283599494045045 
28 32 8 9 8 0 4.0 12.165525060596439 0.9659355008256437 
28 34 8 8 8 3 4.0 13.341664064126334 0.9283599494045045 
28 32 8 9 8 0 4.0 12.165525060596439 0.9288237109629013 
28 32 8 9 8 0 4.0 12.649110640673518 0.9505902456943082 
28 34 8 9 8 4 4.0 14.142135623730951 0.93933613647101 
28 33 8 9 8 2 4.47213595499958 13.038404810405298 0.9283599494045045 
28 32 8 9 8 0 4.0 12.165525060596439 0.93933613647101 
28 33 8 9 8 2 4.47213595499958 13.038404810405298 0.9283599494045045 
28 32 8 9 8 0 4.0 12.165525060596439 0.9281729425684885 
28 32 8 9 8 0 4.47213595499958 12.0 0.9659355008256437 
28 34 8 8 8 3 4.0 13.341664064126334 0.9509554707730246 
28 33 8 8 8 0 4.47213595499958 12.0 0.9576533539565178 
28 34 8 8 8 1 4.0 12.0 0.9509554707730246 
28 33 8 8 8 0 4.47213595499958 12.0 0.9849294601605401 
28 35 8 7 8 2 4.0 13.038404810405298 0.9773944799052114 
28 34 8 7 8 1 4.47213595499958 12.165525060596439 0.9509837380534821 
28 33 8 8 8 0 4.0 12.0 0.9839053562526887 
28 35 8 7 8 2 4.47213595499958 12.0 0.9509837380534821 
28 33 8 8 8 0 4.0 12.0 0.9659072335451862 
28 34 8 8 8 3 4.47213595499958 13.341664064126334 0.928201209848946 
28 32 8 9 8 0 4.0 12.0 0.93933613647101 
28 33 8 9 8 2 4.47213595499958 13.038404810405298 0.928201209848946 
28 32 8 9 8 0 4.0 12.0 0.93933613647101 
28 33 8 9 8 2 4.47213595499958 13.038404810405298 0.9283599494045045 
28 32 8 9 8 0 4.0 12.165525060596439 0.9733445066183869 
28 35 8 8 8 4 4.47213595499958 14.142135623730951 0.9589400180814592 
28 34 8 8 8 1 4.0 13.341664064126334 0.951114210328583 
28 33 8 8 8 0 4.47213595499958 12.165525060596439 0.9874313649052385 
28 35 8 7 8 3 4.0 12.0 0.977235740349653 
28 34 8 7 8 1 4.47213595499958 12.0 0.9511424776090406 
28 33 8 8 8 0 4.0 12.165525060596439 0.9589117508010017 
28 34 8 8 8 1 4.47213595499958 13.341664064126334 0.9511424776090406 
28 33 8 8 8 0 4.0 12.165525060596439 0.9589117508010017 
28 34 8 8 8 1 4.47213595499958 13.341664064126334 0.9511424776090406 
28 33 8 8 8 0 4.0 12.165525060596439 0.9509554707730246 
28 33 8 8 8 0 4.47213595499958 12.0 0.9957135117743645 
28 35 8 7 8 5 4.0 13.341664064126334 0.9809204885577613 
28 34 8 7 8 2 4.0 12.165525060596439 0.9511424776090406 
28 33 8 8 8 0 4.0 12.165525060596439 0.9613098348841685 
28 34 8 8 8 2 4.0 12.165525060596439 0.9546402189811328 
28 33 8 8 8 1 4.0 12.165525060596439 0.9283599494045045 
28 32 8 9 8 0 4.0 12.165525060596439 0.9621469319560039 
28 34 8 8 8 2 4.0 13.038404810405298 0.9283599494045045 
28 32 8 9 8 0 4.0 12.165525060596439 0.9551039805395296 
28 33 8 8 8 1 4.0 12.649110640673518 0.9283599494045045 
28 32 8 9 8 0 4.0 12.165525060596439 0.9544814794255744 
28 33 8 8 8 1 4.0 12.0 0.9283599494045045 
28 32 8 9 8 0 4.0 12.165525060596439 0.9733727738988445 
28 35 8 8 8 4 4.0 14.142135623730951 0.9509837380534821 
28 33 8 8 8 0 4.0 12.0 0.9656446733280961 
28 34 8 8 8 3 4.0 13.038404810405298 0.9546402189811328 
28 33 8 8 8 1 4.0 12.165525060596439 0.9283599494045045 
28 32 8 9 8 0 4.0 12.165525060596439 0.9659355008256437 
28 34 8 8 8 3 4.0 13.341664064126334 0.9283599494045045 
28 32 8 9 8 0 4.0 12.165525060596439 0.95045393675318 
28 34 8 9 8 4 4.0 14.0 0.9283599494045045 
28 32 8 9 8 0 4.0 12.165525060596439 0.9808970184702721 
28 36 8 8 8 5 4.0 15.033296378372908 0.9732364649577163 
28 35 8 8 8 4 4.0 14.0 0.95045393675318 
28 34 8 9 8 4 4.0 14.0 0.9283599494045045 
28 32 8 9 8 0 4.0 12.165525060596439 0.9393644037514676 
28 33 8 9 8 2 4.0 13.038404810405298 0.928201209848946 
28 32 8 9 8 0 4.0 12.0 0.9621469319560039 
28 34 8 8 8 2 4.0 13.038404810405298 0.9544814794255744 
28 33 8 8 8 1 4.0 12.0 0.928201209848946 
28 32 8 9 8 0 4.0 12.0 0.9694332421977361 
28 34 8 8 8 4 4.0 13.341664064126334 0.928201209848946 
28 32 8 9 8 0 4.0 12.0 0.9283599494045045 
28 32 8 9 8 0 4.0 12.165525060596439 0.95045393675318 
28 34 8 9 8 4 4.0 14.0 0.9283316821240469 
28 32 8 9 8 0 4.47213595499958 12.165525060596439 0.9546402189811328 
28 33 8 8 8 1 4.0 12.165525060596439 0.9283316821240469 
28 32 8 9 8 0 4.47213595499958 12.165525060596439 1.0081270847980937 
28 46 8 8 8 4 4.0 14.0 0.980645207869715 
28 44 8 8 4 0 5.0990195135927845 12.649110640673518 0.9911859006582815 
28 45 8 8 4 2 5.0990195135927845 13.038404810405298 0.980645207869715 
28 44 8 8 4 0 5.0990195135927845 12.649110640673518 0.980645207869715 
28 44 8 8 4 0 5.0990195135927845 12.649110640673518 1.0327185153770855 
28 48 8 7 4 5 5.0990195135927845 15.033296378372908 1.010761514988273 
28 46 8 7 4 1 5.0990195135927845 13.341664064126334 0.9879789867837369 
28 45 8 8 4 1 5.0990195135927845 13.341664064126334 0.980645207869715 
28 44 8 8 4 0 5.0990195135927845 12.649110640673518 1.0064382458004573 
28 47 8 8 4 4 5.0990195135927845 15.033296378372908 0.9911859006582815 
28 45 8 8 4 2 5.0990195135927845 13.038404810405298 0.980645207869715 
28 44 8 8 4 0 5.0990195135927845 12.649110640673518 0.9225082982664046 
28 32 8 9 4 0 5.0990195135927845 12.165525060596439 0.9691424147001885 
28 34 8 8 8 4 4.0 13.038404810405298 0.9283599494045045 
28 32 8 9 8 0 4.0 12.165525060596439 0.9579792207976666 
28 33 8 8 8 2 4.0 12.0 0.928201209848946 
28 32 8 9 8 0 4.0 12.0 0.9544814794255744 
28 33 8 8 8 1 4.0 12.0 0.928201209848946 
28 32 8 9 8 0 4.0 12.0 0.9505902456943082 
28 34 8 9 8 4 4.0 14.142135623730951 0.9396552312490152 
28 33 8 9 8 2 4.0 13.341664064126334 0.9288237109629013 
28 32 8 9 8 0 4.0 12.649110640673518 0.9656446733280961 
28 34 8 8 8 3 4.0 13.038404810405298 0.9551039805395296 
28 33 8 8 8 1 4.0 12.649110640673518 0.9288237109629013 
28 32 8 9 8 0 4.0 12.649110640673518 0.9656446733280961 
28 34 8 8 8 3 4.0 13.038404810405298 0.9288237109629013 
28 32 8 9 8 0 4.0 12.649110640673518 0.9505902456943082 
28 34 8 9 8 4 4.0 14.142135623730951 0.928201209848946 
28 32 8 9 8 0 4.0 12.0 0.9773992770981799 
28 36 8 8 8 4 4.0 15.033296378372908 0.9586491905839116 
28 34 8 8 8 1 4.0 13.038404810405298 0.9509837380534821 
28 33 8 8 8 0 4.0 12.0 0.9922157704022723 
28 35 8 7 8 4 4.0 13.341664064126334 0.9844182299298535 
28 34 8 7 8 3 4.0 12.165525060596439 0.9544814794255744 
28 33 8 8 8 1 4.0 12.0 0.9283599494045045 
28 32 8 9 8 0 4.0 12.165525060596439 0.9551039805395296 
28 33 8 8 8 1 4.0 12.649110640673518 0.9283599494045045 
28 32 8 9 8 0 4.0 12.165525060596439 0.9691424147001885 
28 34 8 8 8 4 4.0 13.038404810405298 0.9283599494045045 
28 32 8 9 8 0 4.0 12.165525060596439 0.9659355008256437 
28 34 8 8 8 3 4.0 13.341664064126334 0.9511424776090406 
28 33 8 8 8 0 4.0 12.165525060596439 0.9996530434754729 
28 36 8 7 8 5 4.0 14.142135623730951 0.9809204885577613 
28 34 8 7 8 2 4.0 12.165525060596439 0.9511424776090406 
28 33 8 8 8 0 4.0 12.165525060596439 0.9848819914882503 
28 34 8 7 8 3 4.0 12.649110640673518 0.9551039805395296 
28 33 8 8 8 1 4.0 12.649110640673518 0.9283599494045045 
28 32 8 9 8 0 4.0 12.165525060596439 0.9393644037514676 
28 33 8 9 8 2 4.0 13.038404810405298 0.928201209848946 
28 32 8 9 8 0 4.0 12.0 0.9288237109629013 
28 32 8 9 8 0 4.0 12.649110640673518 0.95045393675318 
28 34 8 9 8 4 4.0 14.0 0.9283599494045045 
28 32 8 9 8 0 4.0 12.165525060596439 0.9656446733280961 
28 34 8 8 8 3 4.0 13.038404810405298 0.9546402189811328 
28 33 8 8 8 1 4.0 12.165525060596439 0.9283599494045045 
28 32 8 9 8 0 4.0 12.165525060596439 1.0082633937392218 
28 46 8 8 8 4 4.0 14.142135623730951 0.9876881592861892 
28 45 8 8 4 1 5.0990195135927845 13.038404810405298 0.9801814463113182 
28 44 8 8 4 0 5.0990195135927845 12.165525060596439 1.0139684288628175 
28 46 8 7 4 2 5.0990195135927845 13.038404810405298 1.0064617158879465 
28 45 8 7 4 1 5.0990195135927845 12.165525060596439 0.9801814463113182 
28 44 8 8 4 0 5.0990195135927845 12.165525060596439 1.0069254774463434 
28 45 8 7 4 1 5.0990195135927845 12.649110640673518 0.9801814463113182 
28 44 8 8 4 0 5.0990195135927845 12.165525060596439 1.0064617158879465 
28 45 8 7 4 1 5.0990195135927845 12.165525060596439 0.9801814463113182 
28 44 8 8 4 0 5.0990195135927845 12.165525060596439 0.9223495587108461 
28 32 8 9 4 0 5.0990195135927845 12.0 0.93933613647101 
28 33 8 9 8 2 4.47213595499958 13.038404810405298 0.9283599494045045 
28 32 8 9 8 0 4.0 12.165525060596439 0.9546119517006753 
28 33 8 8 8 1 4.47213595499958 12.165525060596439 0.9283599494045045 
28 32 8 9 8 0 4.0 12.165525060596439 0.9287954436824437 
28 32 8 9 8 0 4.47213595499958 12.649110640673518 0.9551039805395296 
28 33 8 8 8 1 4.0 12.649110640673518 0.9288237109629013 
28 32 8 9 8 0 4.0 12.649110640673518 0.9656446733280961 
28 34 8 8 8 3 4.0 13.038404810405298 0.9516062391674374 
28 33 8 8 8 0 4.0 12.649110640673518 0.9656446733280961 
28 34 8 8 8 3 4.0 13.038404810405298 0.9288237109629013 
28 32 8 9 8 0 4.0 12.649110640673518 0.9505902456943082 
28 34 8 9 8 4 4.0 14.142135623730951 0.928201209848946 
28 32 8 9 8 0 4.0 12.0 0.95045393675318 
28 34 8 9 8 4 4.0 14.0 0.9283599494045045 
28 32 8 9 8 0 4.0 12.165525060596439 0.9288237109629013 
28 32 8 9 8 0 4.0 12.649110640673518 0.9586017219116219 
28 33 8 8 8 2 4.0 12.649110640673518 0.9288237109629013 
28 32 8 9 8 0 4.0 12.649110640673518 0.9505902456943082 
28 34 8 9 8 4 4.0 14.142135623730951 0.928201209848946 
28 32 8 9 8 0 4.0 12.0 0.9505902456943082 
28 34 8 9 8 4 4.0 14.142135623730951 0.9288237109629013 
28 32 8 9 8 0 4.0 12.649110640673518 0.9283599494045045 
28 32 8 9 8 0 4.0 12.165525060596439 0.9546402189811328 
28 33 8 8 8 1 4.0 12.165525060596439 0.9283599494045045 
28 32 8 9 8 0 4.0 12.165525060596439 0.9586017219116219 
28 33 8 8 8 2 4.0 12.649110640673518 0.9283599494045045 
28 32 8 9 8 0 4.0 12.165525060596439 0.9624377594535515 
28 34 8 8 8 2 4.0 13.341664064126334 0.9283599494045045 
28 32 8 9 8 0 4.0 12.165525060596439 0.9396552312490152 
28 33 8 9 8 2 4.0 13.341664064126334 0.9288237109629013 
28 32 8 9 8 0 4.0 12.649110640673518 0.9551039805395296 
28 33 8 8 8 1 4.0 12.649110640673518 0.9288237109629013 
28 32 8 9 8 0 4.0 12.649110640673518 0.9283599494045045 
28 32 8 9 8 0 4.0 12.165525060596439 0.9621469319560039 
28 34 8 8 8 2 4.0 13.038404810405298 0.9546119517006753 
28 33 8 8 8 1 4.47213595499958 12.165525060596439 0.9283599494045045 
28 32 8 9 8 0 4.0 12.165525060596439 0.9281729425684885 
28 32 8 9 8 0 4.47213595499958 12.0 0.9546167488936436 
28 35 8 9 8 4 4.0 15.033296378372908 0.9504256694727224 
28 34 8 9 8 4 4.47213595499958 14.0 0.9393644037514676 
28 33 8 9 8 2 4.0 13.038404810405298 0.9281729425684885 
28 32 8 9 8 0 4.47213595499958 12.0 0.9283599494045045 
28 32 8 9 8 0 4.0 12.165525060596439 0.9546402189811328 
28 33 8 8 8 1 4.0 12.165525060596439 0.9283599494045045 
28 32 8 9 8 0 4.0 12.165525060596439 0.9656446733280961 
28 34 8 8 8 3 4.0 13.038404810405298 0.9546402189811328 
28 33 8 8 8 1 4.0 12.165525060596439 0.9283599494045045 
28 32 8 9 8 0 4.0 12.165525060596439 0.9546167488936436 
28 35 8 9 8 4 4.0 15.033296378372908 0.9393644037514676 
28 33 8 9 8 2 4.0 13.038404810405298 0.9283599494045045 
28 32 8 9 8 0 4.0 12.165525060596439 0.9546402189811328 
28 33 8 8 8 1 4.0 12.165525060596439 0.9283599494045045 
28 32 8 9 8 0 4.0 12.165525060596439 0.95045393675318 
28 34 8 9 8 4 4.0 14.0 0.9283599494045045 
28 32 8 9 8 0 4.0 12.165525060596439 0.9808970184702721 
28 36 8 8 8 5 4.0 15.033296378372908 0.9624377594535515 
28 34 8 8 8 2 4.0 13.341664064126334 0.9586017219116219 
28 33 8 8 8 2 4.0 12.649110640673518 0.9283599494045045 
28 32 8 9 8 0 4.0 12.165525060596439 0.9396552312490152 
28 33 8 9 8 2 4.0 13.341664064126334 0.9288237109629013 
28 32 8 9 8 0 4.0 12.649110640673518 0.9551039805395296 
28 33 8 8 8 1 4.0 12.649110640673518 0.9288237109629013 
28 32 8 9 8 0 4.0 12.649110640673518 0.9656446733280961 
28 34 8 8 8 3 4.0 13.038404810405298 0.9551039805395296 
28 33 8 8 8 1 4.0 12.649110640673518 0.9288237109629013 
28 32 8 9 8 0 4.0 12.649110640673518 0.9551039805395296 
28 33 8 8 8 1 4.0 12.649110640673518 0.9288237109629013 
28 32 8 9 8 0 4.0 12.649110640673518 0.9505902456943082 
28 34 8 9 8 4 4.0 14.142135623730951 0.9288237109629013 
28 32 8 9 8 0 4.0 12.649110640673518 0.9656446733280961 
28 34 8 8 8 3 4.0 13.038404810405298 0.9551039805395296 
28 33 8 8 8 1 4.0 12.649110640673518 0.9288237109629013 
28 32 8 9 8 0 4.0 12.649110640673518 1.0081270847980937 
28 46 8 8 8 4 4.0 14.0 0.980645207869715 
28 44 8 8 4 0 5.0990195135927845 12.649110640673518 1.020963911607002 
28 46 8 7 4 4 5.0990195135927845 13.038404810405298 0.980645207869715 
28 44 8 8 4 0 5.0990195135927845 12.649110640673518 0.9457545880293374 
28 33 8 8 4 0 5.0990195135927845 12.649110640673518 0.9733727738988445 
28 35 8 8 8 4 4.0 14.142135623730951 0.9621469319560039 
28 34 8 8 8 2 4.0 13.038404810405298 0.9546402189811328 
28 33 8 8 8 1 4.0 12.165525060596439 0.9283599494045045 
28 32 8 9 8 0 4.0 12.165525060596439 0.9544814794255744 
28 33 8 8 8 1 4.0 12.0 0.9283599494045045 
28 32 8 9 8 0 4.0 12.165525060596439 0.9656446733280961 
28 34 8 8 8 3 4.0 13.038404810405298 0.9509837380534821 
28 33 8 8 8 0 4.0 12.0 0.9773992770981799 
28 36 8 8 8 4 4.0 15.033296378372908 0.9733727738988445 
28 35 8 8 8 4 4.0 14.142135623730951 0.9551039805395296 
28 33 8 8 8 1 4.0 12.649110640673518 0.9283599494045045 
28 32 8 9 8 0 4.0 12.165525060596439 0.9659355008256437 
28 34 8 8 8 3 4.0 13.341664064126334 0.9511424776090406 
28 33 8 8 8 0 4.0 12.165525060596439 0.9511424776090406 
28 33 8 8 8 0 4.0 12.165525060596439 0.9809204885577613 
28 34 8 7 8 2 4.0 12.165525060596439 0.9511424776090406 
28 33 8 8 8 0 4.0 12.165525060596439 0.9509837380534821 
28 33 8 8 8 0 4.0 12.0 0.9840923630887047 
28 35 8 7 8 2 4.0 12.165525060596439 0.9509554707730246 
28 33 8 8 8 0 4.47213595499958 12.0 0.9509837380534821 
28 33 8 8 8 0 4.0 12.0 0.9546119517006753 
28 33 8 8 8 1 4.47213595499958 12.165525060596439 0.9283599494045045 
28 32 8 9 8 0 4.0 12.165525060596439 0.9396269639685576 
28 33 8 9 8 2 4.47213595499958 13.341664064126334 0.9283599494045045 
28 32 8 9 8 0 4.0 12.165525060596439 0.93933613647101 
28 33 8 9 8 2 4.47213595499958 13.038404810405298 0.928201209848946 
28 32 8 9 8 0 4.0 12.0 0.9694049749172785 
28 34 8 8 8 4 4.47213595499958 13.341664064126334 0.9544814794255744 
28 33 8 8 8 1 4.0 12.0 0.9287954436824437 
28 32 8 9 8 0 4.47213595499958 12.649110640673518 0.9546402189811328 
28 33 8 8 8 1 4.0 12.165525060596439 0.9287954436824437 
28 32 8 9 8 0 4.47213595499958 12.649110640673518 0.9808970184702721 
28 36 8 8 8 5 4.0 15.033296378372908 0.976705939049351 
28 35 8 8 8 5 4.47213595499958 14.0 0.9656446733280961 
28 34 8 8 8 3 4.0 13.038404810405298 0.9546119517006753 
28 33 8 8 8 1 4.47213595499958 12.165525060596439 0.9283599494045045 
28 32 8 9 8 0 4.0 12.165525060596439 0.9504256694727224 
28 34 8 9 8 4 4.47213595499958 14.0 0.9393644037514676 
28 33 8 9 8 2 4.0 13.038404810405298 0.9281729425684885 
28 32 8 9 8 0 4.47213595499958 12.0 0.9621469319560039 
28 34 8 8 8 2 4.0 13.038404810405298 0.9281729425684885 
28 32 8 9 8 0 4.47213595499958 12.0 0.9544814794255744 
28 33 8 8 8 1 4.0 12.0 0.9281729425684885 
28 32 8 9 8 0 4.47213595499958 12.0 0.9773992770981799 
28 36 8 8 8 4 4.0 15.033296378372908 0.9624094921730939 
28 34 8 8 8 2 4.47213595499958 13.341664064126334 0.9509837380534821 
28 33 8 8 8 0 4.0 12.0 0.9698467652462945 
28 35 8 8 8 3 4.47213595499958 14.142135623730951 0.9589400180814592 
28 34 8 8 8 1 4.0 13.341664064126334 0.951114210328583 
28 33 8 8 8 0 4.47213595499958 12.165525060596439 0.9732364649577163 
28 35 8 8 8 4 4.0 14.0 0.951114210328583 
28 33 8 8 8 0 4.47213595499958 12.165525060596439 0.9589400180814592 
28 34 8 8 8 1 4.0 13.341664064126334 0.951114210328583 
28 33 8 8 8 0 4.47213595499958 12.165525060596439 0.9732364649577163 
28 35 8 8 8 4 4.0 14.0 0.9546119517006753 
28 33 8 8 8 1 4.47213595499958 12.165525060596439 0.9288237109629013 
28 32 8 9 8 0 4.0 12.649110640673518 0.9544532121451168 
28 33 8 8 8 1 4.47213595499958 12.0 0 
