140 140 0 0 14 14 16.0 16.0 1.0006485767072844 
138 139 0 0 17 19 16.0 14.142135623730951 1.0058387225376675 
134 138 0 0 16 18 12.165525060596439 16.0 1.0113834934567516 
132 137 0 0 16 23 13.341664064126334 16.0 1.0154987716283421 
130 135 0 0 16 27 13.341664064126334 16.0 1.016622707776407 
128 134 0 0 16 27 13.341664064126334 16.0 1.016613607370078 
126 132 0 0 14 26 13.341664064126334 16.0 1.0143192969363328 
124 128 0 0 16 26 13.341664064126334 16.0 1.0135694060636529 
122 127 0 0 15 24 14.142135623730951 16.0 1.0172413153603923 
120 126 0 0 16 27 14.142135623730951 16.0 1.0179985214988423 
118 125 0 0 17 27 14.142135623730951 16.0 1.0206988630761522 
116 124 0 0 18 29 14.142135623730951 16.0 1.0208512315047873 
114 123 0 0 18 28 14.142135623730951 16.0 1.0180888967751331 
112 122 0 0 18 24 14.142135623730951 16.0 1.019212832923198 
110 121 0 0 18 24 14.142135623730951 16.0 1.019365201351833 
108 120 0 0 18 23 14.142135623730951 16.0 1.0246892456412162 
104 119 0 0 20 26 14.142135623730951 16.0 1.0195659105319155 
100 113 0 0 18 22 14.142135623730951 15.033296378372908 1.0201206210946436 
98 112 0 0 16 21 15.033296378372908 15.033296378372908 1.0452599333057422 
90 111 1 0 15 27 15.033296378372908 15.033296378372908 1.0445173728801838 
88 109 1 0 15 26 15.033296378372908 15.033296378372908 1.0449986065367343 
87 108 1 0 14 26 15.033296378372908 15.033296378372908 1.0464514079127143 
86 107 1 0 13 27 15.033296378372908 15.033296378372908 1.040851008890007 
84 105 1 0 13 21 15.033296378372908 15.033296378372908 1.0601339690128315 
83 104 2 0 14 29 15.033296378372908 15.033296378372908 1.0538142286333734 
82 103 2 0 13 22 15.033296378372908 15.033296378372908 1.0546644449567595 
80 102 2 0 12 21 14.142135623730951 15.033296378372908 1.05544310020481 
79 101 2 0 11 21 13.341664064126334 15.033296378372908 1.0620297126598388 
77 100 2 0 12 27 13.341664064126334 15.033296378372908 1.063228462420329 
76 99 2 0 12 28 13.038404810405298 15.033296378372908 1.0471437493829967 
74 98 2 1 12 24 13.038404810405298 15.033296378372908 1.0485920109630664 
72 97 2 1 12 24 12.165525060596439 15.033296378372908 1.0599021864119513 
70 96 3 1 11 22 12.165525060596439 15.033296378372908 1.0603383399757462 
68 95 3 1 11 21 11.40175425099138 15.033296378372908 1.0597537515441544 
66 94 3 1 11 19 10.770329614269007 15.033296378372908 1.0610540660671082 
64 93 3 1 11 19 10.295630140987 15.033296378372908 1.0582647616599967 
62 89 3 1 12 18 10.0 15.033296378372908 1.0612534598493943 
58 88 3 1 11 18 11.40175425099138 15.033296378372908 1.0615126519984144 
57 87 3 1 9 18 11.40175425099138 14.142135623730951 1.0645797235853387 
55 86 3 1 9 20 11.40175425099138 14.142135623730951 1.0745516013051795 
53 85 4 1 9 17 11.40175425099138 14.142135623730951 1.0773427004102043 
52 84 4 1 7 19 11.40175425099138 14.142135623730951 1.0901914165066346 
51 83 5 1 7 20 11.40175425099138 14.142135623730951 1.090259258872096 
50 82 5 1 6 19 9.899494936611665 14.142135623730951 1.0864874916413125 
49 81 5 1 6 15 9.899494936611665 14.142135623730951 1.0876114277893774 
47 80 5 1 6 15 9.899494936611665 14.142135623730951 1.088445272793064 
45 78 5 1 7 16 9.899494936611665 14.142135623730951 1.086987618862486 
44 77 5 1 4 14 9.899494936611665 13.038404810405298 1.0877543676127774 
43 76 5 1 3 15 9.899494936611665 12.0 1.0888404389791433 
42 75 5 1 3 16 9.899494936611665 12.0 1.0884829646711927 
41 74 5 1 4 16 8.48528137423857 11.045361017187261 1.0905406037569878 
40 73 5 1 4 18 8.48528137423857 11.045361017187261 1.1041077519083318 
36 72 6 1 5 17 8.48528137423857 11.045361017187261 1.1090321481959955 
34 71 6 1 6 22 8.48528137423857 10.0 1.1075702464136865 
33 70 6 1 5 20 8.48528137423857 10.0 1.1050932883201854 
32 69 6 1 4 17 8.602325267042627 10.0 1.105207791967121 
31 68 6 1 4 17 8.602325267042627 10.0 1.1058392155088275 
30 67 6 1 4 17 7.211102550927978 10.0 1.0929980708576998 
29 66 6 2 3 17 7.211102550927978 10.0 1.0945969482066347 
28 65 6 2 3 18 5.830951894845301 10.0 1.092768316414711 
27 64 6 2 3 16 5.830951894845301 10.0 1.106350492530371 
26 63 7 2 1 17 5.830951894845301 10.0 1.1068317261869214 
25 62 7 2 0 17 5.830951894845301 10.0 1.0919429098567945 
25 60 7 3 1 17 4.242640687119285 10.0 1.091972142706791 
24 59 7 3 1 17 4.47213595499958 10.0 1.103225203541292 
23 58 8 3 1 17 4.47213595499958 9.055385138137417 1.1034735136124318 
22 57 8 3 0 17 5.0990195135927845 9.055385138137417 1.1029314666292191 
22 56 8 3 1 17 3.1622776601683795 9.055385138137417 1.1170450702382262 
21 55 9 3 0 19 3.1622776601683795 8.94427190999916 1.112162092248416 
21 53 9 3 1 16 1.4142135623730951 8.246211251235321 1 
