140 140 0 0 14 14 16.0 16.0 1.0653190243095036 
139 139 0 0 19 19 16.0 13.038404810405298 1.0696646917562351 
135 137 0 0 22 20 13.038404810405298 15.033296378372908 1.0704159328889697 
131 135 0 0 25 19 14.0 15.033296378372908 1.0747456142829697 
127 133 0 0 25 21 13.038404810405298 16.0 1.0749206384503427 
123 132 0 0 28 19 13.038404810405298 16.0 1.081176465850042 
123 130 0 0 38 22 13.038404810405298 16.0 1.0831000290512132 
117 129 0 0 38 21 12.0 16.0 1.098967688241973 
116 128 0 0 50 29 12.0 16.0 1.1231762086046368 
106 124 1 0 44 38 13.038404810405298 15.033296378372908 1.124282643755948 
96 123 2 0 30 31 14.0 15.033296378372908 1.1259215079727565 
95 122 2 0 31 32 14.0 15.033296378372908 1.1332590937777558 
87 121 2 0 26 35 14.0 15.033296378372908 1.1351332133135905 
79 120 3 0 22 27 13.038404810405298 15.033296378372908 1.1329735122030178 
78 118 3 0 27 25 12.0 15.033296378372908 1.141054206521319 
72 117 3 0 24 29 11.40175425099138 15.033296378372908 1.1393779933038142 
72 107 3 0 32 32 11.40175425099138 15.033296378372908 1.145698711023761 
62 105 4 0 15 30 11.045361017187261 15.033296378372908 1.1621920135607966 
60 104 5 0 15 34 11.045361017187261 15.033296378372908 1.1555510809515677 
59 103 5 0 25 27 11.045361017187261 15.033296378372908 1.184612266242036 
51 102 6 0 13 40 11.045361017187261 14.142135623730951 1.1710275373836592 
50 101 6 0 16 30 11.045361017187261 14.142135623730951 1.1571632524742441 
46 100 6 1 13 30 11.045361017187261 14.142135623730951 1.1569763216709097 
45 99 7 1 13 23 11.045361017187261 14.142135623730951 1.1538579999758138 
43 97 7 1 15 21 11.045361017187261 12.649110640673518 1.15296440023438 
42 96 7 1 17 20 11.045361017187261 12.649110640673518 1.1617846876902342 
38 95 8 1 12 19 11.045361017187261 12.649110640673518 1.156742843688574 
37 91 8 1 14 17 11.045361017187261 12.649110640673518 1.1656118270570066 
36 90 8 1 15 23 10.0 12.649110640673518 1.1543714619945666 
35 86 8 1 16 17 9.055385138137417 12.649110640673518 1.1553312499205473 
31 85 8 1 14 17 6.0 12.165525060596439 1.162382584312322 
30 84 8 1 14 22 5.0990195135927845 12.165525060596439 1.1569474830816828 
29 82 8 1 14 19 5.0990195135927845 12.165525060596439 1.1681124466460173 
25 80 9 1 6 21 5.0990195135927845 12.165525060596439 1.1679144273391295 
24 79 9 1 6 21 4.47213595499958 12.165525060596439 1.1670036506186938 
24 78 9 1 6 21 4.0 12.165525060596439 1.1632139473258933 
24 77 9 1 6 19 4.47213595499958 12.165525060596439 1.1623444908762146 
24 76 9 1 6 19 5.656854249492381 12.165525060596439 1.1638854189265944 
23 75 9 1 4 21 5.830951894845301 11.045361017187261 1.1599941193832095 
24 74 9 1 6 19 5.656854249492381 10.770329614269007 1.1616735492315842 
23 73 9 1 4 21 5.830951894845301 10.0 1.1607936122257896 
24 72 9 1 6 21 5.656854249492381 10.0 1.158424307098162 
23 71 9 1 4 20 5.830951894845301 10.0 1.1428226560642696 
24 70 9 2 6 20 5.656854249492381 10.0 1.1404533509366421 
23 69 9 2 4 19 5.830951894845301 10.0 1.1381221760510332 
24 68 9 2 6 18 5.656854249492381 10.0 1.1357528709234053 
23 67 9 2 4 17 5.830951894845301 10.0 1.1348729339176107 
24 66 9 2 6 17 5.656854249492381 10.0 1.1316046266631792 
23 64 9 2 4 16 5.830951894845301 10.0 1.132175927537199 
24 63 9 2 6 17 5.656854249492381 10.0 1.1312578602893855 
23 62 9 2 4 17 5.830951894845301 10.0 1.128926685403777 
24 61 9 2 6 16 5.656854249492381 10.0 1.1118356662480513 
23 60 9 3 4 15 5.830951894845301 10.0 1.1109557292422567 
24 59 9 3 6 15 5.656854249492381 10.0 1.1085864241146288 
23 58 9 3 4 14 5.830951894845301 10.0 1.1073325077463632 
24 57 9 3 6 14 5.656854249492381 9.055385138137417 1.1093169162581784 
23 56 9 3 4 16 5.830951894845301 9.055385138137417 1.1084369792523838 
24 55 9 3 6 16 5.656854249492381 9.055385138137417 1.1071010779464188 
23 54 9 3 4 16 5.830951894845301 8.0 1.1062211409406246 
24 53 9 3 6 16 5.656854249492381 8.0 1.1038518358129967 
23 52 9 3 4 15 5.830951894845301 8.0 1.1040553662003096 
24 51 9 3 6 16 5.656854249492381 7.0710678118654755 1.0995514735471 
23 49 9 3 4 14 5.830951894845301 7.615773105863909 1.1001227744211197 
24 48 9 3 6 15 5.656854249492381 7.615773105863909 1.0976660096315496 
23 46 9 3 4 15 5.830951894845301 6.0 1.0982373105055698 
24 45 9 3 6 16 5.656854249492381 6.0 1.095868005377942 
23 44 9 3 4 15 5.830951894845301 6.0 1.0927663219947177 
24 42 9 3 6 14 5.656854249492381 6.324555320336759 1.0890128168906692 
23 40 9 3 4 13 5.830951894845301 5.0990195135927845 1.0866816420050602 
24 39 9 3 6 12 5.656854249492381 5.0990195135927845 1.0851543495716753 
23 37 9 3 4 12 5.830951894845301 5.830951894845301 1.0828374460904133 
24 35 9 3 6 12 5.656854249492381 4.47213595499958 1.079016903082971 
23 34 9 3 4 10 5.830951894845301 4.47213595499958 1.0795882039569913 
24 33 9 3 6 11 5.656854249492381 4.47213595499958 1.0653996605608944 
23 32 9 4 4 12 5.830951894845301 4.47213595499958 1.0425418201279302 
24 31 9 5 6 7 5.656854249492381 4.47213595499958 1.0416237528801167 
23 30 9 5 4 7 5.830951894845301 4.47213595499958 1.0245708639664104 
24 29 9 6 6 6 5.656854249492381 4.47213595499958 1.0236527967185969 
23 28 9 6 4 6 5.830951894845301 4.47213595499958 1.005700905678086 
24 26 9 7 6 5 5.656854249492381 4.47213595499958 1.0032407418339202 
23 25 9 7 4 4 5.830951894845301 4.242640687119285 0.9876390908000278 
24 24 9 8 6 4 5.656854249492381 4.242640687119285 0.9719993095241168 
23 23 9 9 4 4 5.830951894845301 4.242640687119285 0.967657000119536 
24 22 9 9 6 2 5.656854249492381 2.8284271247461903 0.9639686307793093 
23 21 9 9 4 0 5.830951894845301 3.1622776601683795 0.9715906516731836 
24 23 9 9 6 4 5.656854249492381 3.1622776601683795 0.9673099551408357 
23 22 9 9 4 2 5.830951894845301 2.0 0.9647468634737609 
24 21 9 9 6 1 5.656854249492381 1.4142135623730951 -1 
