140 140 0 0 14 14 16.0 16.0 1.223346112571406 
139 139 0 0 19 19 16.0 13.038404810405298 1.2435674739969025 
135 138 0 0 22 20 13.038404810405298 15.033296378372908 1.2488915683834643 
131 137 0 0 25 18 13.038404810405298 15.033296378372908 1.2742653410249987 
127 136 0 0 25 22 12.165525060596439 16.0 1.2754365538415224 
123 135 0 0 28 19 13.038404810405298 16.0 1.2895479336310298 
123 134 0 0 38 19 13.038404810405298 16.0 1.3053219443157158 
117 133 0 0 39 19 12.165525060596439 16.0 1.3218817559511211 
111 132 0 0 36 21 12.165525060596439 16.0 1.350020031705972 
105 131 0 0 35 25 12.165525060596439 16.0 1.344135573736206 
103 127 0 0 35 26 12.165525060596439 15.033296378372908 1.3362302560485098 
101 126 0 0 34 24 14.0 15.033296378372908 1.3339442542476156 
99 125 0 0 36 22 14.0 15.033296378372908 1.3287409910428802 
98 124 0 0 38 20 14.0 15.033296378372908 1.35117082667739 
97 123 0 0 42 24 14.0 15.033296378372908 1.4086537509564636 
93 121 0 0 38 39 14.0 15.033296378372908 1.4349685368308238 
85 119 0 0 37 42 14.0 15.033296378372908 1.4113793463574351 
84 117 0 0 42 35 14.0 15.033296378372908 1.3762948227254663 
83 116 1 0 43 25 14.0 15.033296378372908 1.3435294106603453 
82 110 1 0 42 22 14.0 15.033296378372908 1.3325658122184947 
74 109 2 0 27 20 14.0 15.033296378372908 1.3625604532925002 
73 108 2 0 33 25 14.0 15.033296378372908 1.3479525008424265 
65 106 3 0 18 23 14.0 15.033296378372908 1.342656030389014 
64 104 3 0 22 21 14.0 15.033296378372908 1.3559168606395555 
64 103 3 0 27 23 14.0 15.033296378372908 1.3804586988869005 
60 102 3 0 25 28 14.0 15.033296378372908 1.32385439052517 
59 92 3 0 30 20 13.038404810405298 15.033296378372908 1.3427330794001338 
58 91 3 0 32 24 13.038404810405298 15.033296378372908 1.3235231603936393 
56 89 3 0 22 24 13.038404810405298 15.033296378372908 1.2890998755764107 
50 85 4 1 15 22 12.165525060596439 15.033296378372908 1.2965714737672294 
50 84 4 1 19 23 12.165525060596439 15.033296378372908 1.3228435946463875 
48 83 4 1 19 29 12.165525060596439 15.033296378372908 1.2953238764539143 
47 82 5 1 22 20 12.165525060596439 15.033296378372908 1.2909094781148327 
43 81 6 1 15 19 12.165525060596439 15.033296378372908 1.287808141235121 
39 80 7 1 11 17 12.165525060596439 15.033296378372908 1.2867972010401358 
38 79 7 1 13 16 11.045361017187261 15.033296378372908 1.2882602851348206 
34 77 7 1 11 16 7.0710678118654755 15.033296378372908 1.2605695510027806 
35 75 7 2 13 16 7.0710678118654755 15.033296378372908 1.235119241192401 
31 74 8 3 6 15 7.0710678118654755 15.033296378372908 1.2425902995092208 
30 73 8 3 6 17 6.0 15.033296378372908 1.2329831840809655 
28 72 8 3 6 14 4.47213595499958 15.033296378372908 1.2342774478604523 
27 71 8 3 5 15 5.830951894845301 15.033296378372908 1.2484633019518012 
27 70 8 3 6 19 5.830951894845301 15.033296378372908 1.2339196599277968 
26 69 8 3 5 16 5.830951894845301 15.033296378372908 1.2347866909800749 
24 68 9 3 2 16 5.830951894845301 15.033296378372908 1.2232317616276642 
24 67 9 3 2 14 5.0990195135927845 15.033296378372908 1.2106945922947125 
24 65 9 3 2 13 5.0990195135927845 14.0 1.207050238286489 
24 64 9 3 2 13 5.0990195135927845 14.0 1.2034058842782658 
24 63 9 3 2 13 5.0990195135927845 14.0 1.1787256187987443 
24 62 9 4 2 13 5.0990195135927845 14.0 1.1710676061105714 
24 61 9 4 2 12 5.0990195135927845 14.0 1.1634095934223982 
24 60 9 4 2 11 5.0990195135927845 14.0 1.1557515807342251 
24 59 9 4 2 10 5.0990195135927845 14.0 1.1521072267260017 
24 58 9 4 2 10 5.0990195135927845 14.0 1.1484628727177786 
24 57 9 4 2 10 5.0990195135927845 14.0 1.1396557412479442 
24 56 9 4 2 9 5.0990195135927845 13.038404810405298 1.1360113872397208 
24 55 9 4 2 9 5.0990195135927845 13.038404810405298 1.1283533745515477 
24 54 9 4 2 8 5.0990195135927845 13.038404810405298 1.1206953618633748 
24 53 9 4 2 7 5.0990195135927845 13.038404810405298 1.1210646665351012 
24 52 9 4 2 8 5.0990195135927845 13.038404810405298 1.113406653846928 
24 51 9 4 2 7 5.0990195135927845 13.038404810405298 1.0927400470473565 
24 50 9 5 2 8 5.0990195135927845 13.038404810405298 1.0890956930391333 
24 49 9 5 2 8 5.0990195135927845 13.038404810405298 1.08545133903091 
24 48 9 5 2 8 5.0990195135927845 13.038404810405298 1.0777933263427368 
24 47 9 5 2 7 5.0990195135927845 13.038404810405298 1.0490994021832656 
24 46 9 6 2 6 5.0990195135927845 13.038404810405298 1.0284327953836943 
24 45 9 7 2 7 5.0990195135927845 13.038404810405298 1.0247884413754709 
24 44 9 7 2 7 5.0990195135927845 13.038404810405298 1.009103111327398 
24 43 9 7 2 4 5.0990195135927845 13.038404810405298 1.0054587573191747 
24 42 9 7 2 4 5.0990195135927845 13.038404810405298 0.9901427319428285 
24 40 9 7 2 2 5.0990195135927845 13.038404810405298 0.990512036614555 
24 39 9 7 2 3 5.0990195135927845 13.038404810405298 0.9828540239263818 
24 38 9 7 2 2 5.0990195135927845 13.038404810405298 0.9832233285981085 
24 37 9 7 2 3 5.0990195135927845 13.038404810405298 0.9715516572299855 
24 36 9 7 2 1 5.0990195135927845 13.038404810405298 0.9679073032217621 
24 35 9 7 2 1 5.0990195135927845 13.038404810405298 0.9432270377422408 
24 34 9 8 2 1 5.0990195135927845 13.038404810405298 0.9343281177746682 
24 33 9 8 2 0 5.0990195135927845 12.0 0.9419861304628412 
24 34 9 8 2 1 5.0990195135927845 12.0 0.9343281177746682 
24 33 9 8 2 0 5.0990195135927845 12.0 0.8900071207594693 
24 22 9 8 2 1 5.0990195135927845 5.0990195135927845 0.8685907819310258 
24 21 9 9 6 0 4.0 5.0990195135927845 0.8908354358992259 
24 23 9 9 6 4 4.47213595499958 4.242640687119285 0.8685907819310258 
24 21 9 9 6 0 4.0 5.0990195135927845 0.8708721004329573 
24 21 9 9 6 0 4.47213595499958 7.0710678118654755 0.9036549881837176 
24 22 9 8 6 2 4.0 7.0710678118654755 0.8708721004329573 
24 21 9 9 6 0 4.47213595499958 7.0710678118654755 0.9036549881837176 
24 22 9 8 6 2 4.0 7.0710678118654755 0.8685154770196862 
24 21 9 9 6 0 4.47213595499958 5.0990195135927845 0.8972847060904968 
24 22 9 8 6 1 4.0 5.0990195135927845 0.8685154770196862 
24 21 9 9 6 0 4.47213595499958 5.0990195135927845 0.8909107408105654 
24 23 9 9 6 4 4.0 4.242640687119285 0.8794380143666649 
24 22 9 9 6 2 4.47213595499958 4.47213595499958 0.8662763501794103 
24 21 9 9 6 0 4.0 3.1622776601683795 0.868125744572953 
24 21 9 9 6 1 4.47213595499958 1.4142135623730951 -1 
