140 140 0 0 14 14 16.0 16.0 1.1837176337312165 
139 139 0 0 19 17 16.0 13.038404810405298 1.186942575676831 
135 138 0 0 22 15 13.341664064126334 15.033296378372908 1.2001690482703387 
131 137 0 0 25 17 13.341664064126334 15.033296378372908 1.2085903895859262 
127 135 0 0 25 19 12.165525060596439 16.0 1.207829977054244 
123 133 0 0 28 17 12.165525060596439 16.0 1.2128137173067135 
123 131 0 0 38 17 12.165525060596439 16.0 1.2256551275219432 
117 130 0 0 40 18 11.045361017187261 16.0 1.2449918783723366 
111 129 0 0 37 23 12.0 16.0 1.2433532043080253 
110 128 0 0 39 22 11.40175425099138 16.0 1.2351222531252681 
109 127 0 0 43 18 11.40175425099138 16.0 1.2418280788521554 
105 125 0 0 42 20 11.40175425099138 16.0 1.2614214751680761 
104 124 0 0 48 25 12.083045973594572 16.0 1.2826860949463563 
98 123 1 0 34 32 12.649110640673518 16.0 1.2827991033032315 
98 121 1 0 42 31 12.649110640673518 16.0 1.293430069533764 
94 120 1 0 51 30 12.649110640673518 16.0 1.2695973130455214 
88 119 1 0 45 21 12.649110640673518 16.0 1.30461144334504 
84 118 1 0 44 32 11.40175425099138 16.0 1.297685858657385 
83 112 1 0 54 31 11.40175425099138 15.033296378372908 1.286519169171728 
82 108 1 0 54 30 12.165525060596439 15.033296378372908 1.3101273734058652 
74 107 2 0 36 38 11.40175425099138 15.033296378372908 1.3045198280243666 
70 106 3 0 28 35 10.198039027185569 14.142135623730951 1.295805156960205 
68 105 3 0 27 32 11.045361017187261 14.0 1.2862996991813054 
62 104 3 0 21 28 10.198039027185569 14.0 1.2856621062322011 
58 103 4 0 23 23 10.198039027185569 14.0 1.2951153931780641 
56 102 4 0 20 27 10.198039027185569 14.0 1.3200303117316934 
52 100 4 0 20 35 10.198039027185569 14.0 1.3198492216022715 
48 99 5 0 11 34 10.198039027185569 14.0 1.3139739185564236 
47 97 5 0 17 31 10.198039027185569 14.0 1.3030479696269097 
41 93 6 0 9 28 10.198039027185569 11.40175425099138 1.3029243001309891 
42 92 6 0 16 27 10.198039027185569 11.40175425099138 1.3134703317030645 
36 90 7 0 11 28 10.198039027185569 11.40175425099138 1.316700729369184 
35 89 7 0 15 28 9.486832980505138 11.40175425099138 1.3218156810772397 
34 88 7 0 18 29 10.0 11.40175425099138 1.3071586172503609 
30 87 8 0 6 24 10.0 11.40175425099138 1.3055081940655426 
29 86 8 0 8 23 8.602325267042627 11.40175425099138 1.296479280152462 
25 85 8 0 6 19 5.830951894845301 11.40175425099138 1.2947131764512905 
24 84 8 0 5 19 5.830951894845301 11.40175425099138 1.2998513365746158 
22 83 9 0 2 19 2.0 11.40175425099138 1.298592090669733 
21 82 9 0 1 19 1.4142135623730951 12.083045973594572 1 
