140 140 0 0 14 14 16.0 16.0 1.0033521126224572 
138 139 0 0 17 19 16.0 14.142135623730951 1.0104468667363624 
134 138 0 0 16 20 12.165525060596439 16.0 1.0095052868271759 
132 136 0 0 16 19 12.649110640673518 16.0 1.0107280830035617 
130 135 0 0 16 20 14.142135623730951 16.0 1.012593980456712 
128 133 0 0 16 22 14.142135623730951 16.0 1.0127697934897653 
126 132 0 0 14 20 14.142135623730951 16.0 1.0128963791131385 
125 131 0 0 14 20 14.0 16.0 1.015164995964688 
123 130 0 0 15 22 14.0 16.0 1.0196261018729824 
121 129 0 0 15 26 14.0 16.0 1.0158314018738959 
119 127 0 0 16 22 14.0 16.0 1.018967045824318 
117 126 0 0 17 25 14.0 16.0 1.022373463754034 
116 125 0 0 16 28 13.341664064126334 16.0 1.0221602252826016 
115 124 0 0 15 27 13.038404810405298 16.0 1.0218277608375324 
113 123 0 0 16 26 13.038404810405298 16.0 1.0214952963924624 
111 122 0 0 17 25 13.038404810405298 16.0 1.0286775811698297 
107 121 0 0 17 30 13.038404810405298 16.0 1.025239350380366 
106 120 0 0 16 25 12.165525060596439 16.0 1.0258237556532936 
104 119 0 0 15 24 12.165525060596439 16.0 1.0277002510117073 
103 117 0 0 15 27 12.0 16.0 1.0247667052700185 
101 116 0 0 16 23 12.0 16.0 1.0250907787271 
99 115 0 0 16 23 12.0 15.033296378372908 1.0255503613637857 
98 113 0 0 15 24 12.165525060596439 15.033296378372908 1.024971925840312 
97 112 0 0 15 24 12.0 14.0 1.0246394613952423 
95 111 0 0 16 23 12.0 14.0 1.0238984047102984 
93 110 0 0 16 21 12.0 14.0 1.0240447874584329 
89 109 0 0 20 20 12.0 14.0 1.0274002142195575 
85 108 0 0 17 19 12.0 14.0 1.0340538091845966 
83 107 0 0 16 25 12.0 14.0 1.0481481531111136 
82 106 1 0 21 30 12.0 14.0 1.0631302913509317 
78 105 2 0 15 27 12.0 14.0 1.0589269991119707 
76 103 2 0 15 22 12.0 14.0 1.0560491688308817 
74 101 2 0 14 18 12.0 14.0 1.059233506513604 
72 100 2 0 12 19 11.045361017187261 14.0 1.0580238088025589 
71 99 2 0 11 17 11.045361017187261 14.0 1.0603805722145236 
70 98 2 0 10 19 11.045361017187261 14.142135623730951 1.0590740797188272 
69 97 2 0 10 17 10.198039027185569 14.142135623730951 1.0592245251159584 
68 96 2 0 10 17 10.0 14.142135623730951 1.0592904467436608 
67 95 2 0 10 17 10.0 14.142135623730951 1.0628244767668549 
66 94 2 0 10 21 10.0 14.142135623730951 1.0625952974882231 
64 93 2 0 11 21 10.0 13.038404810405298 1.0711844446613514 
63 91 3 0 11 18 10.0 13.038404810405298 1.0725758282469253 
62 90 3 0 10 19 10.0 13.038404810405298 1.0717747227757544 
61 89 3 0 10 18 10.0 13.038404810405298 1.0732261551475553 
59 88 3 0 9 18 10.0 13.038404810405298 1.0752451525035112 
58 87 3 0 9 20 9.486832980505138 13.038404810405298 1.0758295577764387 
56 86 3 0 8 19 9.486832980505138 13.038404810405298 1.0758954794041409 
55 85 3 0 8 19 9.486832980505138 13.038404810405298 1.087079835032413 
54 84 4 0 8 18 9.486832980505138 13.038404810405298 1.087145756660115 
53 83 4 0 8 18 9.486832980505138 13.038404810405298 1.0879016801640666 
52 82 4 0 7 18 8.94427190999916 13.038404810405298 1.0901609904633425 
51 81 4 0 7 21 9.899494936611665 13.038404810405298 1.093755069272764 
49 80 4 0 7 24 9.899494936611665 13.038404810405298 1.0908113173639726 
48 79 4 0 6 20 9.899494936611665 13.038404810405298 1.0900102118928017 
47 78 4 0 6 19 9.899494936611665 13.038404810405298 1.090943160619377 
46 77 4 0 6 20 9.899494936611665 13.038404810405298 1.1029945433465222 
45 76 5 0 6 20 9.899494936611665 13.038404810405298 1.088258301327061 
43 75 5 1 8 18 9.899494936611665 13.038404810405298 1.0927194072353552 
41 74 5 1 8 22 9.899494936611665 13.038404810405298 1.0928453776492844 
39 73 5 1 8 21 9.899494936611665 13.038404810405298 1.1054650866407794 
37 72 6 1 5 19 9.899494936611665 13.038404810405298 1.1187920887066718 
36 71 7 1 6 21 9.899494936611665 13.038404810405298 1.1194614896362232 
35 70 7 1 4 20 8.602325267042627 13.038404810405298 1.1052293039047547 
34 68 7 2 3 19 8.48528137423857 13.038404810405298 1.1023108924575487 
34 67 7 2 3 16 7.211102550927978 13.038404810405298 1.0892984984687313 
33 66 7 3 3 16 7.211102550927978 13.038404810405298 1.0885032658390357 
32 64 7 3 3 16 7.211102550927978 13.038404810405298 1.0877021603678645 
31 63 7 3 3 15 7.211102550927978 13.038404810405298 1.08863510909444 
30 62 7 3 3 16 7.211102550927978 13.038404810405298 1.0976944368095174 
29 58 8 3 2 15 7.211102550927978 13.038404810405298 1.0986273855360926 
28 57 8 3 2 16 7.211102550927978 13.038404810405298 1.0863856062735786 
26 56 8 4 3 15 4.47213595499958 13.038404810405298 1.0870105801349261 
25 55 8 4 3 15 3.1622776601683795 13.038404810405298 1.0884395931492163 
24 54 8 4 3 16 2.0 13.038404810405298 1.0750186069205245 
23 53 8 5 2 15 2.0 13.038404810405298 1.0751889778478578 
22 52 8 5 1 15 1.4142135623730951 12.165525060596439 1.0869527153868057 
21 51 9 5 0 15 3.1622776601683795 12.165525060596439 1.0872462334164783 
21 50 9 5 1 16 1.4142135623730951 12.165525060596439 1 
