140 140 0 0 14 14 16.0 16.0 1.1768010931421042 
138 138 0 0 17 17 16.0 14.142135623730951 1.1900711781749316 
134 136 0 0 16 20 13.038404810405298 16.0 1.2099104186415282 
132 135 0 0 21 24 13.341664064126334 16.0 1.213998052002111 
128 133 0 0 22 24 13.341664064126334 16.0 1.2198663292283538 
124 132 0 0 22 24 13.341664064126334 16.0 1.226097271269868 
120 130 0 0 22 25 13.341664064126334 16.0 1.241691739759441 
116 129 0 0 25 27 13.341664064126334 16.0 1.2626933409363459 
112 125 0 0 29 33 13.341664064126334 16.0 1.2780491184317146 
106 124 1 0 25 34 13.341664064126334 16.0 1.2631697524426393 
100 123 2 0 20 26 14.142135623730951 16.0 1.2473349067795263 
94 122 3 0 14 18 13.341664064126334 16.0 1.2466914573887398 
92 121 3 0 15 17 13.341664064126334 16.0 1.2514225401401091 
90 120 3 0 15 18 13.341664064126334 16.0 1.2493151700036729 
88 118 3 0 15 18 13.341664064126334 15.033296378372908 1.25499423033045 
86 117 3 0 16 19 15.033296378372908 15.033296378372908 1.2532870872970838 
85 113 3 0 20 20 15.033296378372908 15.033296378372908 1.269822628233403 
83 112 3 0 16 26 15.033296378372908 15.033296378372908 1.2777849344459973 
81 111 3 0 16 28 15.033296378372908 15.033296378372908 1.2652719851109495 
79 110 3 0 15 24 15.033296378372908 15.033296378372908 1.2568143448008298 
78 109 4 0 14 20 15.033296378372908 15.033296378372908 1.2393708362198395 
72 108 5 1 12 16 15.033296378372908 15.033296378372908 1.2431790279657164 
70 107 5 1 11 17 13.038404810405298 15.033296378372908 1.244645421278484 
69 106 5 1 13 17 13.341664064126334 15.033296378372908 1.2559375103414627 
63 105 5 1 11 18 13.341664064126334 15.033296378372908 1.2545855181481067 
62 103 5 1 13 18 13.038404810405298 15.033296378372908 1.2646827536341703 
61 102 5 1 14 21 13.038404810405298 15.033296378372908 1.2651439778386013 
57 101 5 1 12 20 13.038404810405298 15.033296378372908 1.2827915750274077 
56 100 5 1 14 25 13.038404810405298 15.033296378372908 1.2813903547919432 
54 98 5 1 11 26 13.038404810405298 15.033296378372908 1.2735833499858786 
53 96 5 1 16 23 13.038404810405298 15.033296378372908 1.2824190731092273 
47 95 6 1 9 23 13.341664064126334 15.033296378372908 1.2818320173901374 
46 94 6 1 9 23 12.165525060596439 15.033296378372908 1.2812403312443306 
45 93 6 1 9 23 11.045361017187261 15.033296378372908 1.2764423607454058 
43 92 6 1 9 21 9.055385138137417 15.033296378372908 1.2790765393437653 
42 91 6 1 9 22 8.0 15.033296378372908 1.2783921896658608 
41 90 6 1 9 22 8.0 15.033296378372908 1.2831148930097682 
40 89 6 1 11 23 8.0 15.033296378372908 1.277100334534912 
39 88 6 1 9 22 7.0710678118654755 15.033296378372908 1.2765045869926923 
38 87 6 1 9 22 6.0 15.033296378372908 1.2570012389839658 
37 86 6 2 9 22 6.0 15.033296378372908 1.2585010982741103 
35 85 6 2 9 22 6.0 15.033296378372908 1.2622104188089234 
34 84 6 2 10 23 5.0990195135927845 15.033296378372908 1.2555305746716838 
32 83 6 2 9 21 3.1622776601683795 14.0 1.2672680758079216 
31 82 6 2 9 25 3.1622776601683795 13.341664064126334 1.2694920444253772 
29 81 7 2 7 24 4.47213595499958 13.341664064126334 1.2720472976161596 
27 80 7 2 5 25 4.47213595499958 13.341664064126334 1.2546398514615598 
26 76 8 2 4 21 5.830951894845301 13.038404810405298 1.2421185227190499 
25 75 8 2 5 17 5.830951894845301 13.038404810405298 1.2562878260449657 
23 74 9 2 2 20 5.830951894845301 13.038404810405298 1.2373839350762987 
22 73 9 2 0 15 4.47213595499958 13.038404810405298 1.234554433018064 
22 72 9 2 0 15 4.0 13.038404810405298 1.232009482599663 
22 70 9 2 0 16 4.47213595499958 13.038404810405298 1.2227175336189788 
22 69 9 2 0 14 4.0 13.038404810405298 1.2186496725776887 
22 67 9 2 0 15 4.47213595499958 11.045361017187261 1.2159496076332714 
22 66 9 2 3 14 2.8284271247461903 11.045361017187261 1 
