140 140 0 0 14 14 16.0 16.0 1.37387718588368 
139 138 0 0 19 17 16.0 13.038404810405298 1.426807788957504 
135 137 0 0 22 23 14.142135623730951 15.033296378372908 1.4534705441785927 
131 136 0 0 25 25 14.142135623730951 15.033296378372908 1.4708959315756263 
127 135 0 0 25 26 13.038404810405298 16.0 1.4489824654447667 
123 133 0 0 28 20 13.038404810405298 16.0 1.469275541926207 
123 132 0 0 38 21 14.0 16.0 1.470574081034162 
117 131 0 0 38 18 13.038404810405298 16.0 1.4823371095476368 
113 129 0 0 39 19 13.038404810405298 16.0 1.5251885707304136 
105 128 0 0 32 25 13.038404810405298 16.0 1.5669487456763949 
101 126 1 0 34 31 13.038404810405298 16.0 1.5800113215138962 
101 125 1 0 43 31 13.038404810405298 16.0 1.5412317784028366 
89 124 2 0 33 20 12.165525060596439 16.0 1.56303463400773 
85 123 2 0 31 23 12.165525060596439 16.0 1.5504009963032348 
81 121 2 0 28 21 12.165525060596439 16.0 1.6063517841226633 
73 120 2 0 22 29 11.045361017187261 16.0 1.621655365785628 
69 119 2 0 22 30 10.198039027185569 16.0 1.5977992998632158 
63 117 2 0 23 23 10.198039027185569 16.0 1.6486033223324552 
64 116 2 0 27 33 10.770329614269007 15.033296378372908 1.6165080734914568 
63 115 2 0 28 27 11.40175425099138 15.033296378372908 1.6030113979164222 
61 114 2 0 23 26 11.40175425099138 15.033296378372908 1.6193317879826903 
53 113 3 0 13 28 10.295630140987 15.033296378372908 1.5840339874790321 
52 112 3 0 15 21 10.295630140987 15.033296378372908 1.5758898637549918 
48 110 4 0 11 20 9.486832980505138 15.033296378372908 1.5856990327641995 
46 109 5 0 9 22 9.486832980505138 15.033296378372908 1.5880567892009545 
44 108 5 0 9 22 8.602325267042627 15.033296378372908 1.5870718810917337 
42 107 6 0 7 22 8.602325267042627 15.033296378372908 1.5803976900091257 
41 105 6 0 7 22 7.0710678118654755 15.033296378372908 1.5944274865654042 
40 103 6 0 12 24 7.0710678118654755 15.033296378372908 1.5786347167023704 
39 102 6 0 13 21 7.211102550927978 15.033296378372908 1.5588408241922787 
40 101 6 1 17 22 7.211102550927978 15.033296378372908 1.5772813706772855 
40 100 6 1 18 26 6.324555320336759 15.033296378372908 1.5415792803548782 
41 98 6 1 21 21 7.615773105863909 15.033296378372908 1.5190038082928468 
35 97 7 1 9 18 7.615773105863909 15.033296378372908 1.52158586442603 
35 96 7 1 13 18 8.602325267042627 15.033296378372908 1.5136215408177514 
31 95 7 1 7 17 8.48528137423857 15.033296378372908 1.5047141756820812 
29 94 7 1 5 16 5.656854249492381 14.0 1.5343567626862968 
31 93 7 1 10 22 5.830951894845301 14.0 1.5127657341304184 
31 92 7 1 10 19 5.830951894845301 14.0 1.4824233931341273 
31 88 7 1 11 17 5.830951894845301 14.0 1.4895447767581502 
30 87 7 1 10 19 5.830951894845301 14.0 1.4855479150124937 
28 86 7 1 7 19 5.830951894845301 14.0 1.4810036849665464 
26 85 7 1 4 19 8.246211251235321 14.0 1.4672879629978202 
26 81 7 1 5 20 6.324555320336759 14.0 1.4422600651201056 
27 77 6 1 9 20 6.324555320336759 10.770329614269007 1.4400611604340037 
26 76 6 1 11 19 3.1622776601683795 10.770329614269007 1.4299006067466562 
25 75 7 1 9 18 3.1622776601683795 10.770329614269007 1.4245800203091241 
26 74 7 1 11 18 4.242640687119285 10.770329614269007 1.4140952983705255 
24 73 8 1 7 17 4.242640687119285 10.770329614269007 1.4093281170820808 
22 72 9 1 3 17 2.8284271247461903 10.770329614269007 1 
