140 140 0 0 14 14 16.0 16.0 0.9939452239287252 
138 139 0 0 17 19 16.0 14.142135623730951 1.0032596899876698 
134 138 0 0 16 22 12.0 16.0 1.0056189170048127 
132 134 0 0 16 26 12.165525060596439 16.0 1.001320733186747 
130 132 0 0 16 22 14.142135623730951 16.0 1.0037434056550103 
128 128 0 0 16 26 14.142135623730951 16.0 1.0018341516646445 
126 127 0 0 14 22 14.142135623730951 16.0 1.0022800950879007 
124 126 0 0 16 22 14.142135623730951 16.0 1.0048199803779825 
122 125 0 0 15 23 14.142135623730951 16.0 1.0076587369952934 
120 123 0 0 16 26 14.142135623730951 16.0 1.0094460510286651 
118 122 0 0 17 27 14.142135623730951 16.0 1.0112333650620369 
116 121 0 0 18 28 14.142135623730951 16.0 1.0076928124353797 
114 119 0 0 18 24 14.142135623730951 16.0 1.0117865820606273 
112 118 0 0 18 27 14.142135623730951 16.0 1.0071945868500305 
110 117 0 0 18 21 14.142135623730951 16.0 1.0083931015299967 
108 116 0 0 18 21 14.142135623730951 16.0 1.0086265312282026 
106 115 0 0 18 20 14.142135623730951 16.0 1.0098250459081688 
104 114 0 0 18 20 14.142135623730951 16.0 1.0127245170193278 
100 113 0 0 19 20 14.142135623730951 16.0 1.0309643887839528 
92 112 1 0 19 19 14.142135623730951 16.0 1.0494420794691939 
91 111 2 0 17 25 14.142135623730951 16.0 1.057919546745865 
87 110 2 0 16 30 14.142135623730951 16.0 1.0594943470541862 
85 109 2 0 15 30 14.142135623730951 16.0 1.057797606788871 
83 108 2 0 15 27 14.142135623730951 16.0 1.0555120671701501 
81 107 2 0 14 23 14.142135623730951 16.0 1.056355065724433 
80 106 2 0 13 23 13.341664064126334 16.0 1.061560992427468 
76 105 2 0 13 25 13.341664064126334 16.0 1.0678290387505052 
75 104 3 0 12 19 14.0 16.0 1.068691093029789 
73 103 3 0 11 18 13.341664064126334 16.0 1.0704784070631608 
71 102 3 0 12 19 13.341664064126334 16.0 1.0701657400738283 
70 101 3 0 11 18 13.038404810405298 16.0 1.0707019193523755 
69 100 3 0 10 18 13.038404810405298 16.0 1.070273013649162 
68 99 3 0 9 17 13.038404810405298 16.0 1.083172708168891 
67 98 4 0 9 18 13.038404810405298 16.0 1.0821550031122724 
66 97 4 0 7 16 13.038404810405298 16.0 1.0820121471821234 
64 96 4 0 8 15 13.038404810405298 16.0 1.0825483264606706 
63 95 4 0 7 15 13.038404810405298 16.0 1.0827082201108627 
62 94 4 0 7 15 13.038404810405298 16.0 1.0843047534437413 
60 93 4 0 7 15 12.0 16.0 1.0848305584592792 
59 92 4 0 7 15 11.045361017187261 16.0 1.085955537091232 
58 91 4 0 7 16 11.045361017187261 16.0 1.0998203165927212 
57 90 5 0 7 18 11.045361017187261 16.0 1.0995831875223012 
56 88 5 0 6 18 10.770329614269007 16.0 1.1004956524292033 
55 87 5 0 4 18 10.770329614269007 16.0 1.1002792604510405 
54 86 5 0 5 18 10.770329614269007 16.0 1.1014777751310068 
52 85 5 0 5 18 10.770329614269007 16.0 1.098815949883931 
50 84 5 0 5 14 10.770329614269007 16.0 1.1022473841077596 
49 83 5 0 4 17 10.770329614269007 16.0 1.113290444711981 
47 82 6 0 4 15 10.770329614269007 16.0 1.1130740527338183 
46 81 6 0 5 15 10.770329614269007 16.0 1.1165054869576467 
45 80 6 0 4 18 10.770329614269007 16.0 1.1092631699116022 
44 78 7 1 5 13 10.198039027185569 16.0 1.1082454648549833 
43 77 7 1 3 11 10.198039027185569 16.0 1.111962948851876 
41 76 7 1 4 14 10.198039027185569 16.0 1.1119720202815755 
40 75 7 1 3 13 9.055385138137417 16.0 1.1107244125550717 
39 74 7 1 5 12 8.246211251235321 16.0 1.114679813144676 
37 73 7 1 4 14 7.0710678118654755 16.0 1.1129095368313475 
36 72 7 1 4 12 7.0710678118654755 16.0 1.1134799688028043 
35 71 7 1 4 12 6.0 16.0 1.100388811684463 
34 70 7 2 4 12 5.830951894845301 16.0 1.1025524113461893 
32 69 7 2 4 13 5.830951894845301 16.0 1.1051633066090958 
31 68 7 2 4 15 4.47213595499958 16.0 1.0954782109303856 
29 67 7 3 4 17 3.1622776601683795 16.0 1.0978747957553323 
27 66 7 3 2 17 2.0 16.0 1.1037961319078833 
26 65 8 3 2 12 5.0990195135927845 16.0 1.091814002375734 
25 64 8 4 0 12 4.0 16.0 1.0900565476165707 
25 62 8 4 0 12 4.0 16.0 1.089177820236989 
25 61 8 4 0 12 4.0 16.0 1.0874203654778258 
25 59 8 4 0 12 4.0 16.0 1.099174006173087 
24 58 9 4 0 12 4.47213595499958 16.0 1.0984762476362124 
24 57 9 4 0 12 4.0 16.0 1.0939655785853095 
24 55 9 4 0 10 4.47213595499958 15.033296378372908 1.093267820048435 
24 54 9 4 0 10 4.0 15.033296378372908 1.0896860532413755 
24 53 9 4 0 8 4.47213595499958 14.142135623730951 1.0880232097227405 
24 52 9 4 0 7 4.0 14.142135623730951 1.0737340245064806 
24 50 9 5 0 8 4.47213595499958 14.142135623730951 1.073036265969606 
24 49 9 5 0 8 4.0 14.142135623730951 1.0548867408263047 
24 47 9 6 0 5 4.47213595499958 14.142135623730951 1.0541889822894301 
24 46 9 6 0 5 4.0 14.142135623730951 1.0531292860671415 
24 45 9 6 0 5 4.47213595499958 14.142135623730951 1.0514664425485063 
24 44 9 6 0 4 4.0 14.142135623730951 1.0370908997300676 
24 43 9 7 0 4 4.47213595499958 14.142135623730951 1.036393141193193 
24 42 9 7 0 4 4.0 14.142135623730951 1.0353334449709044 
24 41 9 7 0 4 4.47213595499958 14.142135623730951 1.0329375137902543 
24 40 9 7 0 3 4.0 13.038404810405298 1.0318778175679657 
24 39 9 7 0 3 4.47213595499958 13.038404810405298 1.0311800590310911 
24 38 9 7 0 3 4.0 13.038404810405298 1.0301203628088025 
24 37 9 7 0 3 4.47213595499958 13.038404810405298 1.0151416726940174 
24 36 9 8 0 2 4.0 13.038404810405298 1.0140819764717288 
24 35 9 8 0 2 4.47213595499958 13.038404810405298 1.0124191329530934 
24 34 9 8 0 1 4.0 13.038404810405298 0.9970785051528941 
24 33 9 9 0 0 4.47213595499958 13.038404810405298 0.9801551143467723 
24 21 9 9 0 0 4.0 3.1622776601683795 0.996712220205855 
22 22 9 8 3 1 2.8284271247461903 3.1622776601683795 1 
