140 140 0 0 14 14 16.0 16.0 1.3817448917745863 
139 138 0 0 19 17 16.0 13.038404810405298 1.4016323512607332 
135 137 0 0 22 17 14.0 15.033296378372908 1.4326637375222069 
131 135 0 0 25 21 15.033296378372908 15.033296378372908 1.4415925798466624 
127 134 0 0 25 21 14.142135623730951 15.033296378372908 1.441392913005915 
123 133 0 0 28 18 15.033296378372908 15.033296378372908 1.469222290490649 
123 132 0 0 38 20 15.033296378372908 15.033296378372908 1.5007535884445222 
117 131 0 0 38 23 14.0 15.033296378372908 1.5258662699686618 
113 129 0 0 36 28 14.0 15.033296378372908 1.4955207579981429 
107 127 0 0 34 21 14.0 15.033296378372908 1.5100332299576518 
105 125 0 0 35 24 14.0 15.033296378372908 1.526274628743488 
101 124 0 0 36 25 14.0 15.033296378372908 1.5804947424600757 
100 122 0 0 40 35 14.0 15.033296378372908 1.5257034243297516 
99 118 0 0 44 26 13.038404810405298 15.033296378372908 1.4945250267484569 
99 112 0 0 37 29 13.038404810405298 15.033296378372908 1.461482094826287 
95 111 0 0 30 24 13.038404810405298 15.033296378372908 1.4759545918561532 
93 110 0 0 31 26 13.038404810405298 15.033296378372908 1.470701062489074 
89 109 0 0 34 22 13.038404810405298 15.033296378372908 1.538914972289283 
88 108 0 0 35 35 13.038404810405298 15.033296378372908 1.531496180283962 
87 107 0 0 37 33 12.165525060596439 15.033296378372908 1.5623594748514378 
83 106 1 0 37 37 12.165525060596439 15.033296378372908 1.5271843141741963 
71 105 2 0 23 29 11.40175425099138 15.033296378372908 1.6206706641399622 
67 104 2 0 29 43 10.770329614269007 14.142135623730951 1.5806645520333282 
67 103 2 0 32 35 10.770329614269007 14.142135623730951 1.5670043466240717 
63 101 3 0 33 31 10.770329614269007 14.142135623730951 1.59337947959003 
53 100 4 0 24 34 10.0 14.142135623730951 1.587042123801486 
51 99 4 0 25 32 10.0 14.142135623730951 1.5853653180068121 
50 98 4 0 25 32 10.0 14.142135623730951 1.5518054168267559 
49 97 4 0 27 25 9.899494936611665 14.142135623730951 1.5469243981945076 
48 95 5 0 25 26 9.899494936611665 14.142135623730951 1.5126858782561126 
47 93 5 0 29 19 10.0 14.142135623730951 1.5065438056229945 
43 92 5 0 27 17 10.0 14.142135623730951 1.496982346890667 
42 91 5 0 21 18 7.211102550927978 14.142135623730951 1.5043650615472308 
43 90 5 0 26 19 10.0 14.142135623730951 1.5122567599273762 
39 89 5 0 21 21 10.0 14.142135623730951 1.560150609088254 
40 88 5 0 23 31 10.0 14.142135623730951 1.5337654585337528 
41 87 5 1 28 30 10.0 14.142135623730951 1.5208473040954882 
37 86 5 1 23 28 10.0 14.142135623730951 1.5204436984036949 
36 85 6 1 23 28 10.0 14.142135623730951 1.5187197282414833 
34 84 6 1 20 29 8.48528137423857 13.038404810405298 1.493899017326852 
35 80 6 1 22 28 8.48528137423857 13.038404810405298 1.4549857324890931 
33 79 6 1 20 21 7.211102550927978 13.038404810405298 1.4627283592714564 
32 78 7 1 19 23 7.211102550927978 13.038404810405298 1.4597371051220016 
31 77 7 1 16 24 5.656854249492381 13.038404810405298 1.4347396236528023 
31 73 7 1 16 24 4.47213595499958 10.770329614269007 1.4324177174532662 
30 71 7 1 18 24 4.47213595499958 10.770329614269007 1.4320009708634784 
30 70 7 1 18 25 7.211102550927978 10.770329614269007 1.4065253262191808 
30 68 7 1 18 22 4.47213595499958 10.770329614269007 1.3905011900155853 
30 67 7 1 18 20 7.211102550927978 10.770329614269007 1.3775748266039665 
30 66 7 2 18 23 4.47213595499958 10.770329614269007 1.3719556168095763 
30 65 7 2 18 23 7.211102550927978 10.770329614269007 1.3278544490999848 
30 63 7 3 18 21 4.47213595499958 10.770329614269007 1.327437702510197 
30 62 7 3 18 22 7.211102550927978 10.770329614269007 1.3123270093454622 
30 61 7 3 18 20 4.47213595499958 10.770329614269007 1.2797442157234267 
30 60 7 3 18 15 7.211102550927978 10.295630140987 1.2608864017144013 
29 59 7 3 15 13 7.211102550927978 10.295630140987 1.2785971770374742 
31 58 7 3 19 17 7.211102550927978 10.295630140987 1.2630297623533093 
31 57 7 3 19 15 7.211102550927978 10.295630140987 1.2520723867169312 
31 56 7 3 19 14 7.211102550927978 10.0 1.2469098984419713 
31 55 7 3 19 14 7.211102550927978 10.0 1.2650047768550563 
30 54 7 3 16 19 4.0 10.0 1.2407082279265065 
32 53 7 3 20 15 6.324555320336759 10.0 1.2459906409903942 
32 51 7 3 20 18 6.324555320336759 10.0 1.2118376781705775 
32 49 7 4 20 18 6.324555320336759 10.0 1.201472726691015 
32 48 7 4 20 17 6.324555320336759 10.0 1.1971405379978024 
33 47 7 4 22 17 6.324555320336759 9.899494936611665 1.1714748189305308 
31 46 7 4 19 13 5.656854249492381 9.899494936611665 1.1606443410896308 
31 45 7 4 19 13 5.656854249492381 7.0710678118654755 1.1450769264054657 
31 44 7 4 19 11 5.656854249492381 7.0710678118654755 1.1108839886560062 
31 43 7 5 19 10 5.656854249492381 7.0710678118654755 1.1057215003810463 
31 42 7 5 19 10 5.656854249492381 7.0710678118654755 1.1005590121060862 
31 41 7 5 19 10 5.656854249492381 7.0710678118654755 1.1086354450233014 
31 40 7 5 19 12 5.656854249492381 8.48528137423857 1.0930680303391362 
31 39 7 5 19 10 5.656854249492381 8.48528137423857 1.0879055420641761 
31 38 7 5 19 10 5.656854249492381 8.48528137423857 1.0829776023683066 
31 37 7 5 19 10 5.656854249492381 8.602325267042627 1.0778151140933465 
31 36 7 5 19 10 5.656854249492381 8.602325267042627 1.0674501626137838 
31 35 7 5 19 9 5.656854249492381 8.602325267042627 1.0570852111342213 
31 34 7 5 19 8 5.656854249492381 8.602325267042627 1.0463690654149853 
31 33 7 5 19 8 5.656854249492381 5.830951894845301 1.0412065771400252 
31 32 7 5 19 8 5.656854249492381 5.830951894845301 1.0070136393905662 
31 31 7 6 19 7 5.656854249492381 5.830951894845301 0.9780231648457097 
31 30 7 7 19 7 5.656854249492381 5.830951894845301 0.975626411437899 
31 29 7 7 19 7 5.656854249492381 7.211102550927978 0.9649752068543748 
31 28 7 7 19 7 5.656854249492381 4.47213595499958 0.9621868193200748 
31 27 7 7 19 7 5.656854249492381 5.656854249492381 0.9468228936912331 
31 26 7 7 19 6 5.656854249492381 3.1622776601683795 0.9427949471942709 
31 25 7 7 19 5 5.656854249492381 6.324555320336759 0.9376324589193108 
31 24 7 7 19 5 5.656854249492381 6.324555320336759 0.8982370579652491 
31 23 7 8 19 3 5.656854249492381 6.324555320336759 0.8570380998165287 
31 22 7 9 19 2 5.656854249492381 2.8284271247461903 0.842139700549024 
31 21 7 9 19 0 5.656854249492381 3.1622776601683795 0.9044299838285204 
31 24 7 8 19 4 5.656854249492381 4.242640687119285 0.8802137468202782 
31 22 7 8 19 1 5.656854249492381 5.0990195135927845 0.842139700549024 
31 21 7 9 19 0 5.656854249492381 3.1622776601683795 0.843839153553996 
31 21 7 9 19 1 5.656854249492381 1.4142135623730951 -1 
