140 140 0 0 14 14 16.0 16.0 1.0823251974915706 
138 139 0 0 17 17 16.0 14.142135623730951 1.0810891502672664 
134 138 0 0 16 14 12.165525060596439 16.0 1.0835875495567975 
132 136 0 0 21 17 13.038404810405298 16.0 1.0902697090558215 
128 135 0 0 22 22 13.341664064126334 16.0 1.0958483203370717 
124 134 0 0 22 26 13.341664064126334 16.0 1.0923013812128604 
120 132 0 0 22 23 13.341664064126334 15.033296378372908 1.097846700821886 
116 131 0 0 24 27 15.033296378372908 15.033296378372908 1.10885663573586 
110 130 1 0 18 25 15.033296378372908 15.033296378372908 1.1144066488997562 
106 129 2 0 15 19 15.033296378372908 15.033296378372908 1.1180209420134977 
104 127 2 0 16 23 15.033296378372908 15.033296378372908 1.1170230573637316 
102 126 2 0 16 22 15.033296378372908 15.033296378372908 1.112884172166113 
100 124 2 0 17 19 15.033296378372908 15.033296378372908 1.1152090782212154 
98 123 2 0 17 21 15.033296378372908 15.033296378372908 1.1143899913020268 
96 121 2 0 17 21 15.033296378372908 15.033296378372908 1.1144997035538835 
94 120 2 0 17 21 15.033296378372908 15.033296378372908 1.1201474003138547 
92 119 2 0 17 26 15.033296378372908 15.033296378372908 1.1191495156640883 
90 118 2 0 17 25 15.033296378372908 15.033296378372908 1.1214053362404701 
86 117 2 0 17 26 15.033296378372908 15.033296378372908 1.1347578377775556 
82 116 3 0 15 27 13.038404810405298 15.033296378372908 1.1282159837667975 
80 115 3 0 13 21 13.038404810405298 15.033296378372908 1.128319711165777 
78 114 3 0 11 21 13.038404810405298 15.033296378372908 1.1280968864586656 
77 112 3 0 16 22 13.341664064126334 15.033296378372908 1.1381780222015943 
71 110 4 0 10 20 13.341664064126334 15.033296378372908 1.1368467206812425 
70 108 4 0 10 20 13.038404810405298 15.033296378372908 1.14425574879675 
68 107 4 0 10 27 12.165525060596439 14.0 1.142160095279255 
66 106 4 0 12 25 12.0 14.0 1.139910457917547 
60 105 4 0 10 21 12.0 14.0 1.1421884434181007 
56 104 4 0 10 22 11.045361017187261 14.0 1.1378711613496373 
54 103 4 0 9 18 10.770329614269007 14.0 1.1551605550515325 
53 102 5 0 8 24 10.770329614269007 14.0 1.1497322827952745 
51 101 5 0 8 19 10.770329614269007 14.0 1.1509465995223154 
49 100 5 0 7 20 10.770329614269007 14.0 1.1490011672117662 
45 98 5 0 7 18 8.602325267042627 14.0 1.149696228227356 
44 97 5 0 6 19 8.602325267042627 14.0 1.1541672426069833 
40 96 5 0 6 22 8.602325267042627 14.0 1.1553815593340244 
38 95 5 0 5 23 8.602325267042627 14.0 1.155214227136443 
37 93 5 0 6 24 6.0 14.0 1.1552518614831402 
33 92 5 0 5 23 6.0 14.0 1.1647880768736754 
32 91 6 0 4 22 6.0 14.0 1.1666176387184326 
31 90 6 0 5 24 5.0990195135927845 14.0 1.166222650317652 
30 89 6 0 5 24 4.47213595499958 14.0 1.162930597661519 
28 88 6 0 3 21 7.615773105863909 14.0 1.1641559558141419 
27 87 7 1 3 25 7.615773105863909 14.0 1.1604476164486082 
26 86 7 1 1 22 6.324555320336759 14.0 1.1584862547470405 
25 85 7 1 0 21 6.324555320336759 13.038404810405298 1.167598586486471 
23 83 8 1 0 20 7.0710678118654755 13.038404810405298 1.165593976002641 
23 82 8 1 1 19 5.830951894845301 13.038404810405298 1.1651854823369419 
22 81 8 1 0 19 5.656854249492381 13.038404810405298 1.1633553909285037 
22 79 8 1 0 19 4.47213595499958 13.038404810405298 1.1624375538675646 
22 78 8 1 0 19 4.0 13.038404810405298 1.1626163515981425 
22 77 8 1 0 20 4.0 13.038404810405298 1.160579955525474 
22 76 8 1 0 19 4.0 13.038404810405298 1.1587223571833833 
22 74 8 1 0 19 4.0 13.038404810405298 1.158901154913961 
22 73 8 1 0 20 4.0 13.038404810405298 1.1568647588412926 
22 72 8 1 0 19 4.0 13.038404810405298 1.1559359596702474 
22 71 8 1 0 19 4.0 13.038404810405298 1.1551859582297797 
22 69 8 1 0 20 4.0 13.038404810405298 1.16690189080624 
21 68 9 1 0 21 5.656854249492381 13.038404810405298 1.1660005985688473 
21 67 9 1 0 21 4.47213595499958 13.038404810405298 1.1639751646062855 
21 66 9 1 0 20 4.0 13.038404810405298 1.1630354033251338 
21 65 9 1 0 20 4.47213595499958 13.038404810405298 1.1438353444852383 
21 64 9 2 0 16 4.0 13.038404810405298 1.1440031801057093 
21 63 9 2 0 17 4.47213595499958 13.038404810405298 1.1271971127996372 
21 61 9 3 0 16 4.0 13.038404810405298 1.1258568297727956 
21 60 9 3 0 16 4.47213595499958 12.165525060596439 1.1238313958102335 
21 59 9 3 0 15 4.0 12.165525060596439 1.1213226485329162 
21 57 9 3 0 15 4.47213595499958 10.770329614269007 1 
