140 140 0 0 14 14 16.0 16.0 1.3335964321314946 
139 138 0 0 19 17 16.0 13.038404810405298 1.3841018681284616 
135 137 0 0 22 23 14.142135623730951 15.033296378372908 1.4200598698850995 
131 136 0 0 25 27 14.142135623730951 15.033296378372908 1.4112318399600425 
127 134 0 0 25 24 13.341664064126334 16.0 1.4216255003275136 
123 133 0 0 28 23 13.341664064126334 16.0 1.4265689429678898 
123 132 0 0 38 21 13.341664064126334 16.0 1.4538000331607883 
117 131 0 0 38 23 12.165525060596439 16.0 1.464330154209699 
113 130 0 0 36 24 12.165525060596439 16.0 1.5025429162065334 
107 129 0 0 34 29 12.165525060596439 16.0 1.5351705585534587 
105 127 0 0 39 34 13.038404810405298 16.0 1.502253230851653 
101 121 0 0 44 29 13.038404810405298 15.033296378372908 1.5499913082940802 
101 120 0 0 50 37 14.0 15.033296378372908 1.521305911860608 
93 119 0 0 29 35 14.0 15.033296378372908 1.5927810701992 
89 118 0 0 42 42 14.0 15.033296378372908 1.6480367032285688 
83 117 1 0 40 50 14.0 15.033296378372908 1.5956614368846345 
83 116 1 0 52 36 14.0 15.033296378372908 1.6021619406555292 
82 115 2 0 50 38 14.0 15.033296378372908 1.5881926224193366 
72 114 3 0 42 32 14.0 15.033296378372908 1.6004251311788897 
62 113 4 0 29 33 12.165525060596439 15.033296378372908 1.5913677924527094 
56 112 5 0 23 30 12.165525060596439 15.033296378372908 1.5818968336335595 
52 111 5 0 17 29 12.165525060596439 14.142135623730951 1.594140717087777 
46 109 6 0 10 32 13.038404810405298 13.038404810405298 1.5662089248617743 
45 107 6 0 12 27 13.038404810405298 13.038404810405298 1.579076583133016 
44 106 6 0 14 29 13.038404810405298 13.038404810405298 1.5959706867543029 
38 104 7 0 8 32 12.0 13.038404810405298 1.5693767798802005 
37 102 7 0 8 28 11.045361017187261 13.038404810405298 1.5805120880626182 
36 101 7 0 9 30 10.0 13.038404810405298 1.5633595681636059 
34 100 7 0 7 27 10.0 13.038404810405298 1.5417722960915414 
33 99 7 0 7 23 9.055385138137417 13.038404810405298 1.5815696965164872 
32 98 7 0 7 31 8.0 13.038404810405298 1.5856086933407345 
32 96 7 0 14 31 8.246211251235321 13.038404810405298 1.5499221111213233 
32 95 7 0 14 25 8.246211251235321 13.038404810405298 1.5381651645117762 
30 94 7 0 12 23 7.211102550927978 13.038404810405298 1.5386142864220236 
30 92 7 0 12 25 6.324555320336759 13.038404810405298 1.560786479819953 
24 91 8 0 4 29 8.246211251235321 13.038404810405298 1.5487541899980823 
22 90 9 0 1 27 7.0710678118654755 13.038404810405298 1.5461013684354026 
22 89 9 0 2 27 5.830951894845301 13.038404810405298 1.5208404254024583 
22 88 9 0 2 23 5.0990195135927845 13.038404810405298 1.5159345485754707 
22 86 9 0 2 24 5.0990195135927845 13.038404810405298 1.5058123077452268 
22 85 9 0 2 23 5.0990195135927845 13.038404810405298 1.500906430918239 
22 83 9 0 2 24 5.0990195135927845 13.038404810405298 1.4958970583658284 
22 82 9 0 2 24 5.0990195135927845 13.038404810405298 1.4806619492577509 
22 81 9 0 2 22 5.0990195135927845 13.038404810405298 1.4756525767053403 
22 80 9 0 2 22 5.0990195135927845 13.038404810405298 1.4655303358750964 
22 79 9 0 2 21 5.0990195135927845 13.038404810405298 1.4371022764250843 
22 78 9 1 2 21 5.0990195135927845 13.038404810405298 1.4269800355948399 
22 77 9 1 2 20 5.0990195135927845 13.038404810405298 1.4117449264867625 
22 76 9 1 2 18 5.0990195135927845 13.038404810405298 1.4016226856565186 
22 75 9 1 2 17 5.0990195135927845 13.038404810405298 1.4068390496597747 
22 74 9 1 2 19 5.0990195135927845 13.038404810405298 1.4018296771073642 
22 73 9 1 2 19 5.0990195135927845 13.038404810405298 1.3968203045549537 
22 72 9 1 2 19 5.0990195135927845 13.038404810405298 1.4020366685582102 
22 71 9 1 2 21 5.0990195135927845 13.038404810405298 1.3868015594501326 
22 70 9 1 2 19 5.0990195135927845 13.038404810405298 1.3869050551755553 
22 69 9 1 2 20 5.0990195135927845 13.038404810405298 1.3870085509009784 
22 68 9 1 2 21 5.0990195135927845 13.038404810405298 1.3484582506207219 
22 66 9 2 2 20 5.0990195135927845 13.038404810405298 1.3587874829018118 
22 65 9 2 2 23 5.0990195135927845 13.038404810405298 1.3521091414945758 
22 64 9 2 2 23 5.0990195135927845 12.165525060596439 1.3497038780870065 
21 63 9 2 1 23 1.4142135623730951 12.165525060596439 1 
