140 140 0 0 14 14 16.0 16.0 1.1513086947168347 
139 139 0 0 19 19 16.0 13.038404810405298 1.1512033538159911 
135 138 0 0 22 16 13.038404810405298 15.033296378372908 1.1648019107043661 
131 136 0 0 25 20 13.038404810405298 15.033296378372908 1.1695483386983243 
127 134 0 0 25 21 14.0 16.0 1.1851878630734296 
123 133 0 0 28 25 14.0 16.0 1.1810521267921876 
123 132 0 0 38 21 14.0 16.0 1.1852338832759233 
117 131 0 0 38 20 13.038404810405298 16.0 1.1878330803037778 
113 129 0 0 36 21 13.038404810405298 16.0 1.2001820967575243 
107 128 0 0 34 24 13.038404810405298 16.0 1.2496794014630357 
105 127 0 0 41 42 13.038404810405298 16.0 1.2114366658970117 
99 119 1 0 31 29 13.038404810405298 16.0 1.2307232681338773 
98 118 1 0 35 36 13.038404810405298 16.0 1.2272542270239926 
92 117 1 0 28 34 13.038404810405298 16.0 1.218908973320893 
90 116 2 0 24 28 13.038404810405298 16.0 1.2029427054133182 
84 115 3 0 19 17 13.038404810405298 15.033296378372908 1.2360329761887923 
84 114 3 0 24 30 14.0 15.033296378372908 1.2297118760806653 
82 110 3 0 29 28 14.0 15.033296378372908 1.2422074534024543 
76 109 3 0 24 32 14.0 15.033296378372908 1.2403541695641347 
74 108 3 0 30 29 14.0 15.033296378372908 1.247112039682314 
68 107 4 0 16 30 14.0 15.033296378372908 1.2514590824608147 
64 106 4 0 20 29 14.0 15.033296378372908 1.2442220003947488 
58 105 5 0 13 22 14.0 15.033296378372908 1.2405202582105357 
57 101 5 0 17 22 14.0 15.033296378372908 1.2347687646577288 
53 100 5 0 14 19 14.0 15.033296378372908 1.2343312465814897 
51 98 5 0 15 19 14.0 15.033296378372908 1.240680155720529 
49 97 5 0 16 21 12.165525060596439 15.033296378372908 1.2386084666088117 
45 96 6 0 10 17 14.0 15.033296378372908 1.2227544653696683 
43 95 6 1 10 17 14.0 15.033296378372908 1.2287434627016944 
39 94 6 1 10 18 10.0 15.033296378372908 1.2073422373242215 
38 93 6 2 11 16 9.055385138137417 15.033296378372908 1.204970338747936 
36 92 6 2 10 15 7.615773105863909 15.033296378372908 1.2043744483792311 
35 91 6 2 10 15 7.615773105863909 15.033296378372908 1.2206439999714127 
34 90 6 2 10 22 7.615773105863909 15.033296378372908 1.2184829171714884 
30 89 7 2 4 18 7.211102550927978 15.033296378372908 1.1987744899627644 
29 88 7 3 4 17 7.211102550927978 15.033296378372908 1.194288779887487 
29 87 7 3 4 16 6.324555320336759 15.033296378372908 1.1874585535984599 
28 86 7 3 3 14 5.830951894845301 14.0 1.1947751914268645 
27 84 8 3 2 15 6.324555320336759 14.0 1.1943070649488357 
27 83 8 3 5 15 4.0 13.038404810405298 1.1960236307326546 
25 82 8 3 3 16 3.1622776601683795 13.038404810405298 1.2008574019035907 
24 81 9 3 2 15 6.324555320336759 13.341664064126334 1.2022652728982337 
23 79 9 3 1 17 5.830951894845301 13.341664064126334 1.196089471642976 
22 78 9 3 0 15 5.656854249492381 13.341664064126334 1.2085749959921643 
23 77 9 3 2 21 5.830951894845301 13.341664064126334 1.199603964589005 
22 75 9 3 0 19 5.656854249492381 13.341664064126334 1.2000427446804172 
23 74 9 3 2 20 5.830951894845301 13.341664064126334 1.188662364425703 
22 72 9 3 0 17 5.656854249492381 13.341664064126334 1.1745455259394741 
23 68 9 3 2 15 5.830951894845301 11.40175425099138 1.1745840280565494 
22 67 9 3 3 15 2.8284271247461903 11.40175425099138 1 
