140 140 0 0 14 14 16.0 16.0 1.0805007848328718 
138 139 0 0 17 17 16.0 14.142135623730951 1.079551411440021 
134 135 0 0 16 17 12.649110640673518 16.0 1.0824171764482018 
132 133 0 0 21 19 14.142135623730951 16.0 1.0873954897619285 
128 132 0 0 22 22 14.142135623730951 16.0 1.0905244407973427 
124 131 0 0 22 24 14.142135623730951 15.033296378372908 1.0872423331990315 
120 129 0 0 22 21 15.033296378372908 15.033296378372908 1.0895923550465592 
116 128 0 0 22 22 15.033296378372908 15.033296378372908 1.0926065749637368 
112 127 0 0 25 23 15.033296378372908 15.033296378372908 1.0884040520081155 
108 125 0 0 21 20 15.033296378372908 15.033296378372908 1.0938287333517671 
104 123 1 0 18 16 15.033296378372908 15.033296378372908 1.099696577547842 
100 121 1 0 16 21 15.033296378372908 15.033296378372908 1.1106739342194656 
98 120 2 0 17 21 15.033296378372908 15.033296378372908 1.1313270387718304 
94 119 3 0 14 29 13.341664064126334 15.033296378372908 1.1343547105878278 
92 118 3 0 16 31 14.142135623730951 15.033296378372908 1.1332979708505293 
90 117 3 0 16 30 14.142135623730951 15.033296378372908 1.1310377850584064 
88 116 3 0 16 28 14.142135623730951 15.033296378372908 1.1335913834855817 
86 115 3 0 16 30 14.142135623730951 15.033296378372908 1.1373484279675814 
84 114 3 0 16 33 14.142135623730951 15.033296378372908 1.129528422106083 
84 112 3 0 21 27 14.142135623730951 15.033296378372908 1.1371418074880888 
76 111 4 0 15 23 14.142135623730951 15.033296378372908 1.1433057440797376 
74 110 4 0 15 28 14.142135623730951 15.033296378372908 1.1418062056293394 
72 109 4 0 13 27 14.142135623730951 15.033296378372908 1.139488883812728 
71 108 4 0 15 25 14.142135623730951 15.033296378372908 1.1387015771254358 
70 102 4 0 16 28 14.142135623730951 15.033296378372908 1.1452186437601908 
64 101 5 0 15 23 14.142135623730951 15.033296378372908 1.1422371238739295 
63 100 5 0 14 21 14.142135623730951 15.033296378372908 1.1528428307712364 
59 99 6 0 9 21 13.038404810405298 15.033296378372908 1.1525014507856453 
58 98 6 0 9 21 13.341664064126334 15.033296378372908 1.150977210579308 
57 96 6 0 13 20 13.341664064126334 15.033296378372908 1.151225869682318 
55 95 6 0 10 21 12.165525060596439 14.142135623730951 1.1586046079894896 
51 94 6 0 11 26 12.0 14.142135623730951 1.1566927868405186 
50 93 6 0 15 24 11.045361017187261 14.142135623730951 1.157433086985308 
44 92 6 0 9 24 9.055385138137417 14.142135623730951 1.1710304200005013 
43 91 6 0 12 35 10.295630140987 14.142135623730951 1.1581948196795608 
39 90 6 0 9 24 8.246211251235321 14.142135623730951 1.154452652451575 
38 89 6 0 10 21 8.246211251235321 14.142135623730951 1.1543708146711475 
40 88 6 0 18 21 8.246211251235321 14.142135623730951 1.1636631580922854 
34 87 7 0 8 20 7.0710678118654755 14.142135623730951 1.172356403169197 
33 86 7 0 11 27 6.0 14.142135623730951 1.1758264038041983 
29 85 8 0 6 21 7.0710678118654755 14.142135623730951 1.1742697293293116 
28 84 8 0 6 20 7.0710678118654755 14.142135623730951 1.175064693195174 
27 83 8 0 6 21 5.656854249492381 14.142135623730951 1.1781836268984704 
25 82 8 0 3 24 6.324555320336759 14.142135623730951 1.173563788334209 
25 80 8 0 4 22 4.47213595499958 12.649110640673518 1.1842685690735235 
23 79 9 0 4 22 3.1622776601683795 12.649110640673518 1.164636641180555 
22 78 9 1 3 18 2.8284271247461903 12.649110640673518 1 
