140 140 0 0 14 14 16.0 16.0 1.0176808940037607 
138 139 0 0 17 17 16.0 14.142135623730951 1.0236873607857764 
134 137 0 0 16 18 12.165525060596439 16.0 1.0258111625814998 
132 136 0 0 16 19 12.165525060596439 16.0 1.0257785485683335 
130 135 0 0 16 18 12.165525060596439 16.0 1.034371597790726 
128 134 0 0 16 25 12.165525060596439 16.0 1.0379207687661165 
126 133 0 0 14 27 13.038404810405298 16.0 1.0318711934054179 
124 132 0 0 16 21 13.038404810405298 16.0 1.0393919031595693 
122 131 0 0 15 27 14.0 16.0 1.035859657467417 
120 129 0 0 16 24 14.0 16.0 1.0377184512974882 
118 127 0 0 17 26 14.0 16.0 1.0341408135514278 
116 125 0 0 18 23 14.142135623730951 16.0 1.038421031156041 
114 124 0 0 18 26 14.142135623730951 16.0 1.0341235384720977 
112 122 0 0 18 22 14.142135623730951 16.0 1.0340909244589316 
110 121 0 0 18 21 14.142135623730951 16.0 1.0330280554883227 
108 119 0 0 18 20 14.142135623730951 16.0 1.0333974577022904 
106 118 0 0 18 20 14.142135623730951 15.033296378372908 1.0384712844882895 
104 117 0 0 18 24 15.033296378372908 15.033296378372908 1.0415121602681212 
98 116 0 0 18 22 15.033296378372908 15.033296378372908 1.054969677664453 
97 115 1 0 19 24 15.033296378372908 15.033296378372908 1.0572345011931827 
93 113 1 0 15 23 15.033296378372908 15.033296378372908 1.0572044581954658 
91 112 1 0 13 22 15.033296378372908 14.142135623730951 1.0579370911740904 
89 111 1 0 14 22 15.033296378372908 14.142135623730951 1.0816841180556498 
87 110 2 0 13 32 15.033296378372908 14.142135623730951 1.0745052460511106 
86 108 2 0 12 26 15.033296378372908 14.142135623730951 1.0762366360051885 
85 106 2 0 11 28 14.142135623730951 14.142135623730951 1.077640582863029 
83 105 2 0 10 28 14.0 14.142135623730951 1.072257212807723 
82 104 2 0 10 23 14.0 14.142135623730951 1.0722187303583526 
80 103 2 0 11 22 13.038404810405298 14.142135623730951 1.0721861163451862 
78 102 2 0 11 21 13.038404810405298 14.142135623730951 1.069197639168772 
76 101 2 0 11 17 12.165525060596439 14.142135623730951 1.072396610231167 
74 100 2 0 10 19 11.40175425099138 13.341664064126334 1.0728786072194667 
72 99 2 0 9 18 10.770329614269007 13.341664064126334 1.0736112401980913 
70 98 2 0 10 18 10.770329614269007 13.341664064126334 1.0706349263964656 
68 97 2 0 13 15 10.295630140987 13.341664064126334 1.080851538388443 
64 96 2 0 11 21 10.295630140987 13.341664064126334 1.0890510597380127 
60 95 2 0 12 26 10.295630140987 13.341664064126334 1.0883878938669123 
59 94 2 0 11 25 10.0 13.341664064126334 1.09055197914272 
58 93 2 0 11 27 10.0 13.341664064126334 1.0943056253990489 
57 92 3 0 12 20 10.0 13.341664064126334 1.0953512192903276 
55 91 3 0 12 20 10.0 13.341664064126334 1.1107264768520426 
53 90 3 0 11 33 10.0 13.341664064126334 1.1223002558720552 
51 89 4 0 11 32 10.0 13.341664064126334 1.1225806027715435 
49 88 4 0 10 31 10.0 13.341664064126334 1.1113539071148775 
48 87 4 0 8 20 10.0 13.341664064126334 1.1150082028941817 
46 86 4 0 10 23 10.0 13.341664064126334 1.1224316719926493 
44 84 4 0 7 29 10.0 13.341664064126334 1.1151474060986077 
43 83 4 0 7 23 10.0 12.165525060596439 1.1336427186244253 
41 82 5 0 9 29 10.0 12.165525060596439 1.1455697420371764 
40 81 6 0 8 29 10.0 12.165525060596439 1.143733956607859 
39 80 6 0 7 27 10.0 12.165525060596439 1.1604260977175258 
38 79 7 0 8 32 10.0 12.165525060596439 1.1585903122882084 
37 78 7 0 7 30 10.0 12.165525060596439 1.151363487336667 
36 77 7 0 6 23 10.0 12.165525060596439 1.1396694252523847 
34 76 7 1 5 23 8.602325267042627 12.165525060596439 1.1507909181932612 
32 75 8 1 3 21 8.602325267042627 12.165525060596439 1.1489925115895487 
31 74 8 1 2 19 8.48528137423857 12.165525060596439 1.1486872201438123 
30 73 8 1 3 19 8.48528137423857 12.165525060596439 1.150003454051069 
29 72 8 1 2 20 7.0710678118654755 11.40175425099138 1.1518545784142222 
28 71 8 1 3 22 7.0710678118654755 11.40175425099138 1.1526268482672422 
27 70 8 1 2 22 5.656854249492381 11.40175425099138 1.151479579820509 
26 69 8 1 3 22 5.656854249492381 10.198039027185569 1.1365964592994517 
25 68 8 2 2 20 4.242640687119285 10.198039027185569 1.1352129599492704 
24 67 8 2 3 19 4.242640687119285 10.198039027185569 1.1460617754575768 
23 66 9 2 2 18 4.242640687119285 10.198039027185569 1.147599292302387 
22 65 9 2 2 19 2.8284271247461903 10.198039027185569 1.1486505043567596 
21 64 9 2 1 20 1.4142135623730951 9.055385138137417 1 
