140 140 0 0 14 14 16.0 16.0 1.0758800412808964 
138 138 0 0 17 17 16.0 14.142135623730951 1.0837037510490157 
134 137 0 0 16 22 13.038404810405298 16.0 1.0854214869933727 
132 136 0 0 21 23 13.038404810405298 16.0 1.0880872813746716 
128 134 0 0 22 25 13.038404810405298 16.0 1.0915651097988472 
124 133 0 0 22 27 13.038404810405298 16.0 1.0917287600753858 
120 132 0 0 22 26 13.038404810405298 16.0 1.1039912338389635 
114 130 1 0 21 26 13.038404810405298 16.0 1.1105049202382618 
108 129 1 0 18 30 13.038404810405298 16.0 1.1110663401401804 
106 123 2 0 18 25 13.038404810405298 15.033296378372908 1.112345519214437 
104 122 2 0 19 26 15.033296378372908 15.033296378372908 1.112530930494351 
102 121 2 0 19 26 15.033296378372908 15.033296378372908 1.1105068896758408 
100 120 2 0 19 24 15.033296378372908 15.033296378372908 1.1139209593803454 
98 119 2 0 18 27 15.033296378372908 15.033296378372908 1.1202675324179738 
96 118 2 0 18 33 15.033296378372908 14.142135623730951 1.120452943697888 
94 117 2 0 18 33 15.033296378372908 14.142135623730951 1.115114724731741 
92 116 2 0 18 28 15.033296378372908 14.142135623730951 1.1108812318148062 
90 115 2 0 18 24 15.033296378372908 14.142135623730951 1.1120003296978402 
88 114 2 0 16 25 15.033296378372908 14.142135623730951 1.115499919125391 
86 113 2 0 16 28 15.033296378372908 14.142135623730951 1.1102615917161118 
82 111 2 0 15 23 15.033296378372908 14.142135623730951 1.1207142066310203 
81 110 3 0 14 23 15.033296378372908 14.142135623730951 1.1196238524156301 
79 109 3 0 12 22 15.033296378372908 14.142135623730951 1.118455747129749 
78 107 3 0 13 22 15.033296378372908 14.142135623730951 1.1260037976773223 
77 106 3 0 15 29 15.033296378372908 14.142135623730951 1.1247995595542442 
76 105 3 0 18 28 15.033296378372908 14.142135623730951 1.1333094538064488 
68 103 4 0 11 24 13.038404810405298 14.142135623730951 1.131257048803297 
67 102 4 0 17 22 13.038404810405298 14.142135623730951 1.1330532741203123 
65 101 4 0 10 24 13.038404810405298 14.142135623730951 1.132597690803442 
63 99 4 0 13 24 13.038404810405298 14.142135623730951 1.143913024025254 
59 98 5 0 8 24 13.038404810405298 13.341664064126334 1.1449035716197034 
58 97 5 0 11 25 13.341664064126334 13.341664064126334 1.1536317354507781 
54 95 6 0 7 23 13.038404810405298 13.341664064126334 1.1544659099800323 
53 94 6 0 8 24 13.038404810405298 13.341664064126334 1.1512298623858883 
49 93 6 0 7 20 13.038404810405298 13.341664064126334 1.1497690650936718 
48 92 6 0 7 19 13.038404810405298 13.341664064126334 1.1511094222933786 
46 91 6 0 7 20 12.0 13.341664064126334 1.1514265220406357 
44 90 6 0 8 20 11.045361017187261 13.341664064126334 1.1522872834062188 
40 89 6 0 7 20 10.198039027185569 12.649110640673518 1.1632813808440456 
38 88 7 0 6 20 10.198039027185569 12.649110640673518 1.1752483355884678 
37 87 7 0 8 31 10.198039027185569 12.649110640673518 1.166610310308506 
33 85 7 0 6 23 10.198039027185569 12.649110640673518 1.1753094359248621 
31 84 8 0 4 21 10.198039027185569 12.649110640673518 1.1847428445136048 
30 83 9 0 4 20 10.198039027185569 12.649110640673518 1.186651486987472 
29 82 9 0 4 22 9.055385138137417 12.649110640673518 1.1830322786788048 
28 81 9 0 4 19 8.0 12.649110640673518 1.1815400611288238 
26 80 9 0 4 18 6.324555320336759 11.40175425099138 1.1822466650973844 
25 79 9 0 5 19 5.0990195135927845 11.045361017187261 1.1822031827564494 
23 77 9 0 4 20 3.1622776601683795 10.198039027185569 1.180673011593473 
22 76 9 0 3 19 2.8284271247461903 10.198039027185569 1 
