140 140 0 0 14 14 16.0 16.0 1.1354090902164207 
138 139 0 0 17 19 16.0 14.142135623730951 1.140310550995634 
134 137 0 0 16 20 12.0 16.0 1.1454675686356892 
132 135 0 0 21 21 13.038404810405298 16.0 1.1430226971978068 
128 134 0 0 22 18 13.038404810405298 16.0 1.1519760337563536 
124 133 0 0 22 20 13.038404810405298 16.0 1.1589233561615064 
120 131 0 0 22 22 13.038404810405298 16.0 1.1503546601451058 
116 129 0 0 24 17 13.038404810405298 16.0 1.165226529344111 
114 128 0 0 23 23 13.038404810405298 16.0 1.176726035330593 
112 127 0 0 24 27 14.0 16.0 1.188183880364172 
110 125 1 0 23 29 14.0 16.0 1.1595629005384476 
110 117 1 0 29 22 14.0 16.0 1.1650581603987131 
106 116 1 0 21 25 14.142135623730951 16.0 1.18915080959845 
94 115 2 0 17 26 14.0 16.0 1.2069109684491577 
93 114 2 0 22 32 14.0 16.0 1.1784296118860922 
89 113 2 0 14 21 14.0 16.0 1.2092241277966407 
89 112 2 0 19 33 14.0 16.0 1.2015825955873567 
83 111 3 0 14 25 14.0 16.0 1.2041799859200066 
82 110 3 0 19 25 14.0 15.033296378372908 1.2101685484572984 
78 108 4 0 13 25 15.033296378372908 15.033296378372908 1.2228417575172488 
77 107 5 0 13 27 15.033296378372908 15.033296378372908 1.2238716270244294 
75 106 5 0 13 27 13.341664064126334 15.033296378372908 1.222583328579333 
71 104 5 0 15 25 13.341664064126334 15.033296378372908 1.2170855943378267 
65 103 5 0 11 21 13.341664064126334 15.033296378372908 1.2157056571595335 
63 102 5 0 11 20 13.341664064126334 15.033296378372908 1.2159618690446523 
62 101 5 0 12 20 13.341664064126334 15.033296378372908 1.2173079907563211 
58 99 5 0 11 20 12.165525060596439 15.033296378372908 1.2200458640031526 
56 98 5 0 10 21 12.165525060596439 15.033296378372908 1.2203020758882714 
55 97 5 0 11 21 12.165525060596439 15.033296378372908 1.227440760782885 
53 96 6 0 8 21 12.165525060596439 15.033296378372908 1.226961184712259 
52 95 6 0 8 21 12.165525060596439 15.033296378372908 1.224054809451198 
51 94 6 0 8 20 12.165525060596439 15.033296378372908 1.2233481259532382 
50 93 6 0 11 19 11.40175425099138 15.033296378372908 1.2181339408233054 
48 89 6 0 14 18 9.055385138137417 15.033296378372908 1.2274799895851538 
46 88 7 0 14 18 9.055385138137417 15.033296378372908 1.2306386612309377 
40 86 7 0 8 19 9.055385138137417 15.033296378372908 1.2364842594526713 
39 85 7 0 10 21 9.055385138137417 15.033296378372908 1.2488196184805973 
35 84 7 0 8 25 9.055385138137417 15.033296378372908 1.230750452632482 
33 83 7 1 8 24 9.899494936611665 15.033296378372908 1.23269868532912 
32 82 7 1 8 25 10.0 15.033296378372908 1.2365037356656499 
31 81 7 1 8 27 8.602325267042627 14.142135623730951 1.2331675285710804 
30 77 7 1 9 28 8.48528137423857 14.142135623730951 1.239515563338671 
29 76 8 1 7 28 8.48528137423857 14.142135623730951 1.227308570528885 
28 74 8 1 7 24 7.0710678118654755 14.142135623730951 1.2365053422378702 
27 73 8 1 7 28 4.0 14.142135623730951 1.2353330718928235 
25 72 8 1 4 28 2.8284271247461903 14.142135623730951 1.2171301135334092 
24 71 8 1 3 21 2.8284271247461903 14.142135623730951 1.2125308858065198 
23 69 9 1 2 17 5.830951894845301 14.142135623730951 1.2178583825788538 
22 68 9 1 0 20 5.656854249492381 14.142135623730951 1.216261252926358 
22 66 9 1 0 21 4.47213595499958 14.142135623730951 1.214267139309107 
22 65 9 1 0 21 5.656854249492381 14.142135623730951 1.1955515168376991 
22 64 9 2 0 21 4.47213595499958 14.142135623730951 1.1877906664452413 
22 62 9 2 0 20 5.656854249492381 12.0 1.1883843895480695 
22 60 9 2 3 21 2.8284271247461903 12.0 1 
