140 140 0 0 14 14 16.0 16.0 1.021415011083764 
138 138 0 0 17 17 16.0 14.142135623730951 1.0312841061856473 
134 136 0 0 16 22 13.038404810405298 16.0 1.0312005146653804 
132 135 0 0 16 21 13.038404810405298 16.0 1.0351519303642482 
130 133 0 0 16 25 14.0 16.0 1.0393993101622758 
128 131 0 0 16 29 14.0 16.0 1.0420710605453698 
126 130 0 0 14 30 14.0 16.0 1.0456773341754038 
124 129 0 0 16 33 14.0 16.0 1.0409571731374048 
122 127 0 0 15 29 14.0 15.033296378372908 1.040286245842886 
120 125 0 0 16 29 15.033296378372908 15.033296378372908 1.0291913394062993 
118 123 0 0 17 19 15.033296378372908 15.033296378372908 1.0320268816367932 
116 122 0 0 18 21 15.033296378372908 15.033296378372908 1.0330516579079898 
114 120 0 0 18 22 15.033296378372908 15.033296378372908 1.0361906699145538 
112 119 0 0 18 24 15.033296378372908 15.033296378372908 1.0350328772186765 
110 118 0 0 18 22 15.033296378372908 15.033296378372908 1.0413944927520715 
108 117 0 0 18 27 15.033296378372908 15.033296378372908 1.0641032332084548 
98 116 1 0 16 28 14.0 15.033296378372908 1.0653973126398684 
96 115 1 0 15 28 14.0 15.033296378372908 1.0626980571449107 
94 114 1 0 13 24 14.0 15.033296378372908 1.0805054044687523 
86 113 2 0 13 23 13.341664064126334 15.033296378372908 1.094083004378292 
82 111 3 0 13 23 13.341664064126334 15.033296378372908 1.0950736140336355 
80 110 3 0 13 23 13.341664064126334 15.033296378372908 1.0953401587341565 
78 109 3 0 13 23 13.341664064126334 14.0 1.0966913351991336 
76 108 3 0 11 23 14.142135623730951 14.0 1.095636168713868 
75 107 3 0 11 22 14.0 14.0 1.099374614595662 
73 106 3 0 10 24 13.038404810405298 14.0 1.094421445436667 
71 104 3 0 12 20 13.038404810405298 14.0 1.096754915129086 
69 103 3 0 12 21 12.165525060596439 14.0 1.097290070532368 
65 101 3 0 14 20 11.40175425099138 14.0 1.114663046905025 
61 100 4 0 12 22 11.40175425099138 14.0 1.113341462361748 
59 99 4 0 9 19 11.40175425099138 14.0 1.116909838330341 
58 98 4 0 9 22 10.198039027185569 14.0 1.1144145931283111 
57 97 4 0 9 20 9.055385138137417 13.038404810405298 1.1186405382691567 
55 96 4 0 8 23 10.0 13.038404810405298 1.1126131679345515 
53 94 4 0 10 18 10.0 13.038404810405298 1.1131953950344848 
52 93 4 0 8 18 10.0 13.038404810405298 1.1234325873581303 
48 92 4 0 9 25 10.0 13.038404810405298 1.1387282872709308 
47 90 5 0 11 30 10.0 13.038404810405298 1.1510797612528865 
41 89 6 0 11 26 10.0 13.038404810405298 1.1568297210698395 
39 88 6 0 11 31 10.0 12.165525060596439 1.1555447207010603 
33 87 7 1 8 26 9.899494936611665 12.165525060596439 1.16743271963525 
31 86 8 1 5 25 9.899494936611665 11.40175425099138 1.1695244209316416 
30 85 8 1 3 26 8.48528137423857 11.40175425099138 1.1657406766454008 
29 81 8 1 3 25 7.0710678118654755 11.40175425099138 1.1781839121493862 
28 79 8 1 3 37 5.656854249492381 11.661903789690601 1.1759519182778988 
26 78 8 1 3 34 5.656854249492381 11.661903789690601 1.1741164398663948 
25 76 8 1 2 33 5.656854249492381 11.661903789690601 1.1849173766135004 
24 75 9 1 1 32 5.656854249492381 11.661903789690601 1.1776075590243587 
23 71 9 1 2 28 4.242640687119285 11.661903789690601 1.173721314890558 
22 70 9 1 2 24 2.8284271247461903 11.661903789690601 1.1734779520918992 
21 69 9 1 1 24 1.4142135623730951 10.295630140987 1 
