140 140 0 0 14 14 16.0 16.0 1.3941060194572092 
139 138 0 0 19 17 16.0 13.038404810405298 1.4414776363213986 
135 137 0 0 22 22 14.142135623730951 15.033296378372908 1.473300140289642 
131 135 0 0 25 26 14.142135623730951 15.033296378372908 1.4686920576049851 
127 133 0 0 25 24 13.038404810405298 16.0 1.4733843045049768 
123 131 0 0 28 23 13.341664064126334 16.0 1.4832857089239397 
123 130 0 0 38 22 13.341664064126334 16.0 1.505572693934228 
117 129 0 0 38 23 13.038404810405298 16.0 1.5270537939530124 
113 128 0 0 36 26 13.038404810405298 16.0 1.5559132573660008 
107 126 0 0 34 30 13.038404810405298 16.0 1.5757112469158316 
105 124 0 0 40 32 13.038404810405298 16.0 1.6087928617524068 
101 122 0 0 41 37 13.038404810405298 16.0 1.5709985512583193 
99 118 0 0 48 30 13.038404810405298 16.0 1.5245956543651038 
95 117 0 0 42 22 13.038404810405298 16.0 1.5761856879977747 
96 116 0 0 53 29 13.038404810405298 16.0 1.6280547614989296 
95 115 1 0 55 38 13.038404810405298 16.0 1.6577174567962722 
94 114 1 0 57 43 12.0 16.0 1.6275796353189775 
93 112 1 0 59 38 12.0 16.0 1.6599599625543944 
92 111 1 0 65 42 12.0 16.0 1.6632197042089654 
88 110 1 0 62 42 11.40175425099138 16.0 1.7060047327610455 
88 108 1 0 67 50 11.40175425099138 16.0 1.7064817633329878 
82 107 2 0 64 48 11.40175425099138 16.0 1.6634962848776493 
81 105 2 0 65 41 11.045361017187261 16.0 1.6222325695104587 
73 103 3 0 54 34 11.045361017187261 16.0 1.6828319602808617 
69 101 3 0 50 46 11.045361017187261 16.0 1.6619367337706064 
68 100 3 0 46 44 11.045361017187261 16.0 1.6220130559440233 
58 98 4 0 32 37 10.198039027185569 16.0 1.6279533487831648 
57 97 4 0 33 38 9.055385138137417 16.0 1.6100457806821273 
56 95 4 0 33 36 8.246211251235321 16.0 1.5065073315123851 
55 89 4 1 35 26 8.246211251235321 16.0 1.4864241174560862 
54 87 4 1 34 24 8.0 16.0 1.5093250851158344 
50 86 4 1 30 28 7.0710678118654755 16.0 1.5214314901478865 
49 85 4 1 34 29 6.324555320336759 16.0 1.4771082343611095 
43 83 5 1 25 22 5.0990195135927845 16.0 1.456174495464139 
41 81 5 1 22 20 7.211102550927978 16.0 1.443215455615261 
41 80 5 1 21 19 7.211102550927978 16.0 1.479463056240924 
42 79 5 1 22 27 7.0710678118654755 16.0 1.4681923634193126 
40 78 5 1 21 25 8.94427190999916 16.0 1.4215265171184088 
39 76 5 2 19 23 8.94427190999916 16.0 1.4658705909324699 
39 74 5 2 22 32 7.211102550927978 16.0 1.3750740868445663 
39 72 5 2 22 18 7.211102550927978 14.142135623730951 1.363468331661552 
37 70 5 2 18 18 6.0 14.142135623730951 1.3709124020670078 
37 69 5 2 19 20 6.0 14.142135623730951 1.3809284314134058 
31 68 6 2 10 22 4.0 14.142135623730951 1.3840575073885633 
30 67 7 2 12 22 4.0 14.142135623730951 1.376432328558889 
26 66 8 2 6 21 3.1622776601683795 14.142135623730951 1.3260170276592305 
25 65 8 3 5 17 5.830951894845301 14.142135623730951 1.338715693683341 
23 64 9 3 2 20 5.830951894845301 14.142135623730951 1.3316329035935803 
23 63 9 3 2 20 5.0990195135927845 13.341664064126334 1.3207520859508701 
23 62 9 3 2 19 5.0990195135927845 13.341664064126334 1.2892485023594928 
23 58 9 3 2 18 5.0990195135927845 11.40175425099138 1.2899684358163033 
22 57 9 3 3 18 2.8284271247461903 11.40175425099138 1 
