140 140 0 0 14 14 16.0 16.0 1.2449600228397053 
139 138 0 0 19 17 16.0 13.038404810405298 1.2615613083174941 
135 136 0 0 22 18 14.142135623730951 15.033296378372908 1.2630044069327604 
131 134 0 0 25 16 14.0 15.033296378372908 1.2720694536714665 
127 133 0 0 25 16 13.038404810405298 16.0 1.2940687969146514 
123 131 0 0 28 19 13.038404810405298 16.0 1.3341814230530495 
123 130 0 0 38 25 13.038404810405298 16.0 1.3686187469683955 
117 129 0 0 51 24 12.0 16.0 1.356542353338318 
113 128 0 0 45 22 12.0 16.0 1.3423457821557818 
111 126 0 0 45 19 12.0 16.0 1.3480020108181512 
110 125 0 0 42 22 12.0 16.0 1.360287944554737 
109 123 0 0 38 28 12.0 16.0 1.370165282037262 
105 122 0 0 37 29 12.0 16.0 1.3479058174467229 
99 118 0 0 33 25 13.038404810405298 16.0 1.3539909339422467 
99 117 0 0 36 26 13.038404810405298 16.0 1.416525616276651 
93 116 0 0 38 37 13.038404810405298 16.0 1.4287787944160226 
92 115 0 0 47 36 13.038404810405298 16.0 1.4753712137378654 
84 114 0 0 42 45 13.038404810405298 16.0 1.4482611750917265 
84 113 0 0 47 37 13.038404810405298 16.0 1.4633495079402854 
83 112 1 0 47 40 13.038404810405298 16.0 1.4429591199001817 
82 108 1 0 47 38 12.0 16.0 1.4198881753652945 
76 107 1 0 43 31 12.0 16.0 1.4284139909330111 
74 106 1 0 40 34 12.0 16.0 1.4273803754381318 
72 104 1 0 34 37 12.0 16.0 1.3923578137206203 
68 103 2 0 27 29 12.0 16.0 1.4290957016252288 
62 102 2 0 22 37 12.0 16.0 1.4020338902094776 
62 100 2 0 29 29 12.0 16.0 1.4029498426380955 
66 99 2 0 31 32 12.0 16.0 1.403534206110892 
66 98 2 0 44 27 12.165525060596439 16.0 1.3717821335454428 
56 97 3 0 26 21 10.770329614269007 15.033296378372908 1.3505545747948342 
54 96 3 1 25 21 10.198039027185569 15.033296378372908 1.3505871916969077 
52 95 3 1 26 20 8.246211251235321 15.033296378372908 1.3731337386185896 
52 94 3 1 29 25 8.246211251235321 15.033296378372908 1.3974639252960468 
44 92 4 1 21 30 7.615773105863909 15.033296378372908 1.389459368679751 
44 90 4 1 23 29 8.602325267042627 15.033296378372908 1.4058677488141618 
42 88 5 1 22 33 8.246211251235321 15.033296378372908 1.3771343994707708 
36 87 6 1 13 26 6.324555320336759 15.033296378372908 1.3563335443791145 
36 86 6 1 17 20 6.324555320336759 15.033296378372908 1.322476222191801 
32 85 7 2 11 17 6.324555320336759 15.033296378372908 1.3217281043830975 
31 84 7 2 11 17 5.0990195135927845 15.033296378372908 1.3313862418521651 
30 83 7 2 10 20 4.0 15.033296378372908 1.327789645125046 
26 79 8 2 4 22 5.830951894845301 15.033296378372908 1.3199852404153778 
26 78 8 2 4 21 5.0990195135927845 15.033296378372908 1.2997289739024138 
26 77 8 2 4 17 5.0990195135927845 15.033296378372908 1.2880239441222623 
26 75 8 2 4 16 5.0990195135927845 15.033296378372908 1.2842291080354564 
26 74 8 2 4 16 5.0990195135927845 15.033296378372908 1.2804342719486506 
26 73 8 2 4 16 5.0990195135927845 15.033296378372908 1.2787452341750416 
28 72 8 2 8 16 4.0 15.033296378372908 1.2749503980882355 
28 71 8 2 8 16 4.0 15.033296378372908 1.263245368308084 
28 69 8 2 8 15 4.0 15.033296378372908 1.267681247434357 
28 68 8 2 8 17 4.0 15.033296378372908 1.2597710537410116 
28 67 8 2 8 16 4.0 15.033296378372908 1.250715406869273 
28 66 8 2 8 15 4.0 14.142135623730951 1.2214721330148315 
28 65 8 3 8 14 4.0 14.142135623730951 1.2054690516516413 
28 63 8 3 8 12 4.0 14.0 1.2016742155648352 
28 62 8 3 8 12 4.0 14.0 1.1724309417103935 
28 61 8 4 8 11 4.0 14.0 1.1686361056235874 
28 60 8 4 8 11 4.0 14.0 1.1648412695367816 
28 59 8 4 8 11 4.0 14.0 1.1314826380758005 
28 58 8 5 8 9 4.0 14.0 1.1238929659021886 
28 56 8 5 8 9 4.0 14.0 1.1200981298153825 
28 55 8 5 8 9 4.0 14.0 1.1109519500661975 
28 54 8 5 8 8 4.0 13.038404810405298 1.1033622778925856 
28 52 8 5 8 8 4.0 13.038404810405298 1.0995674418057797 
28 51 8 5 8 8 4.0 13.038404810405298 1.0957726057189736 
28 50 8 5 8 8 4.0 13.038404810405298 1.0919777696321677 
28 49 8 5 8 8 4.0 13.038404810405298 1.0881829335453617 
28 48 8 5 8 8 4.0 13.038404810405298 1.0843880974585558 
28 47 8 5 8 8 4.0 13.038404810405298 1.0805932613717497 
28 46 8 5 8 8 4.0 13.038404810405298 1.068567710071865 
28 45 8 5 8 6 4.0 13.038404810405298 1.064772873985059 
28 44 8 5 8 6 4.0 13.038404810405298 1.0437603153436965 
28 43 8 6 8 7 4.0 13.038404810405298 1.0399654792568906 
28 42 8 6 8 7 4.0 13.038404810405298 1.032055285563545 
28 41 8 6 8 6 4.0 13.038404810405298 1.006927369315643 
28 40 8 7 8 6 4.0 13.038404810405298 0.9990171756222975 
28 39 8 7 8 5 4.0 13.038404810405298 0.9952223395354917 
28 38 8 7 8 5 4.0 13.038404810405298 0.9873121458421462 
28 37 8 7 8 4 4.0 13.038404810405298 0.9794019521488007 
28 36 8 7 8 3 4.0 13.038404810405298 0.9714917584554552 
28 35 8 7 8 2 4.0 13.038404810405298 0.9330035776313688 
28 33 8 8 8 0 4.0 12.0 0.962459609067174 
28 34 8 7 8 1 4.0 12.165525060596439 0.9330035776313688 
28 33 8 8 8 0 4.0 12.0 0.9596253795632778 
28 35 8 8 8 4 4.0 14.0 0.9332163352127325 
28 33 8 8 8 0 4.0 12.165525060596439 0.962459609067174 
28 34 8 7 8 1 4.0 12.165525060596439 0.9332163352127325 
28 33 8 8 8 0 4.0 12.165525060596439 0.9508689939945955 
28 34 8 8 8 3 4.0 13.341664064126334 0.9078756613834669 
28 32 8 9 8 0 4.0 12.0 0.9212359259596512 
28 33 8 9 8 2 4.0 13.038404810405298 0.9078756613834669 
28 32 8 9 8 0 4.0 12.0 0.9596253795632778 
28 35 8 8 8 4 4.0 14.0 0.9330035776313688 
28 33 8 8 8 0 4.0 12.0 0.9422484846010136 
28 34 8 8 8 1 4.0 13.038404810405298 0.9330035776313688 
28 33 8 8 8 0 4.0 12.0 0.9842276254555766 
28 35 8 7 8 5 4.0 13.341664064126334 0.9371189352379083 
28 33 8 8 8 1 4.0 12.0 0.9080884189648306 
28 32 8 9 8 0 4.0 12.165525060596439 1.0015512704946423 
28 46 8 8 8 4 4.0 14.142135623730951 0.9802620670385273 
28 45 8 8 4 2 5.0990195135927845 13.038404810405298 0.9669018024623429 
28 44 8 8 4 0 5.0990195135927845 12.0 0.9761467094319878 
28 45 8 8 4 1 5.0990195135927845 13.038404810405298 0.9669018024623429 
28 44 8 8 4 0 5.0990195135927845 12.0 0.9969794104620162 
28 45 8 7 4 1 5.0990195135927845 12.649110640673518 0.9669018024623429 
28 44 8 8 4 0 5.0990195135927845 12.0 0.9761467094319878 
28 45 8 8 4 1 5.0990195135927845 13.038404810405298 0.9669018024623429 
28 44 8 8 4 0 5.0990195135927845 12.0 0.9294867206953806 
28 33 8 8 4 1 5.0990195135927845 12.165525060596439 0.9087099955286987 
28 32 8 9 8 0 4.0 12.649110640673518 0.907807421769923 
28 32 8 9 8 0 4.47213595499958 12.0 0.9212359259596512 
28 33 8 9 8 2 4.0 13.038404810405298 0.907807421769923 
28 32 8 9 8 0 4.47213595499958 12.0 0.9371189352379083 
28 33 8 8 8 1 4.0 12.0 0.907807421769923 
28 32 8 9 8 0 4.47213595499958 12.0 1.0064915597598418 
28 47 8 8 8 4 4.0 15.033296378372908 0.9937062983707509 
28 46 8 8 4 4 5.0990195135927845 14.142135623730951 0.9765365036124906 
28 45 8 8 4 1 5.0990195135927845 13.341664064126334 0.9677361366075747 
28 44 8 8 4 0 5.0990195135927845 12.649110640673518 1.0010947680685558 
28 45 8 7 4 2 5.0990195135927845 12.649110640673518 0.9677361366075747 
28 44 8 8 4 0 5.0990195135927845 12.649110640673518 0.9895909407642114 
28 46 8 8 4 3 5.0990195135927845 14.142135623730951 0.9761467094319878 
28 45 8 8 4 1 5.0990195135927845 13.038404810405298 0.9671145600437067 
28 44 8 8 4 0 5.0990195135927845 12.165525060596439 0.9002434468409392 
28 32 8 9 4 0 5.0990195135927845 12.165525060596439 0.9080884189648306 
28 32 8 9 8 0 4.0 12.165525060596439 0.9087099955286987 
28 32 8 9 8 0 4.0 12.649110640673518 0.9373316928192721 
28 33 8 8 8 1 4.0 12.165525060596439 0.9086417559151548 
28 32 8 9 8 0 4.47213595499958 12.649110640673518 0.9373316928192721 
28 33 8 8 8 1 4.0 12.165525060596439 0.9086417559151548 
28 32 8 9 8 0 4.47213595499958 12.649110640673518 0.9373316928192721 
28 33 8 8 8 1 4.0 12.165525060596439 0.9086417559151548 
28 32 8 9 8 0 4.47213595499958 12.649110640673518 0.9373316928192721 
28 33 8 8 8 1 4.0 12.165525060596439 0.9086417559151548 
28 32 8 9 8 0 4.47213595499958 12.649110640673518 0.9080884189648306 
28 32 8 9 8 0 4.0 12.165525060596439 0.9215574805266101 
28 33 8 9 8 2 4.47213595499958 13.341664064126334 0.9080884189648306 
28 32 8 9 8 0 4.0 12.165525060596439 1.006423320146298 
28 47 8 8 8 4 4.47213595499958 15.033296378372908 0.9895909407642114 
28 46 8 8 4 3 5.0990195135927845 14.142135623730951 0.9677361366075747 
28 44 8 8 4 0 5.0990195135927845 12.649110640673518 1.0237745038838524 
28 48 8 7 4 4 5.0990195135927845 15.033296378372908 1.018651520642154 
28 47 8 7 4 4 5.0990195135927845 14.0 0.9928640528554766 
28 45 8 7 4 0 5.0990195135927845 12.649110640673518 1.0012746256798897 
28 46 8 7 4 1 5.0990195135927845 13.038404810405298 0.9928640528554766 
28 45 8 7 4 0 5.0990195135927845 12.649110640673518 1.0012746256798897 
28 46 8 7 4 1 5.0990195135927845 13.038404810405298 0.9928640528554766 
28 45 8 7 4 0 5.0990195135927845 12.649110640673518 1.0012746256798897 
28 46 8 7 4 1 5.0990195135927845 13.038404810405298 0.9928640528554766 
28 45 8 7 4 0 5.0990195135927845 12.649110640673518 0.9584094730300886 
28 35 8 7 4 1 5.0990195135927845 12.165525060596439 0.962459609067174 
28 34 8 7 8 1 4.0 12.165525060596439 0.9331480955991887 
28 33 8 8 8 0 4.47213595499958 12.165525060596439 0.9665749666737135 
28 34 8 7 8 2 4.0 12.165525060596439 0.9331480955991887 
28 33 8 8 8 0 4.47213595499958 12.165525060596439 0.9422484846010136 
28 34 8 8 8 1 4.0 13.038404810405298 0.9331480955991887 
28 33 8 8 8 0 4.47213595499958 12.165525060596439 0.9504791998140927 
28 34 8 8 8 3 4.0 13.038404810405298 0.9331480955991887 
28 33 8 8 8 0 4.47213595499958 12.165525060596439 0.9332163352127325 
28 33 8 8 8 0 4.0 12.165525060596439 0.9841593858420328 
28 35 8 7 8 5 4.47213595499958 13.341664064126334 0.9332163352127325 
28 33 8 8 8 0 4.0 12.165525060596439 0.9665067270601696 
28 34 8 7 8 2 4.47213595499958 12.165525060596439 0.9332163352127325 
28 33 8 8 8 0 4.0 12.165525060596439 0.993923397045874 
28 37 8 7 8 5 4.47213595499958 15.033296378372908 0.9673764008489157 
28 35 8 7 8 1 4.0 13.038404810405298 0.9421802449874698 
28 34 8 8 8 1 4.47213595499958 13.038404810405298 0.9332163352127325 
28 33 8 8 8 0 4.0 12.165525060596439 0.9372634532057282 
28 33 8 8 8 1 4.47213595499958 12.165525060596439 0.9080884189648306 
28 32 8 9 8 0 4.0 12.165525060596439 0.9344292237018318 
28 34 8 9 8 4 4.47213595499958 14.0 0.9080884189648306 
28 32 8 9 8 0 4.0 12.165525060596439 0.9462956025940092 
28 34 8 8 8 2 4.47213595499958 13.038404810405298 0.9080884189648306 
28 32 8 9 8 0 4.0 12.165525060596439 0.9413788108122677 
28 33 8 8 8 2 4.47213595499958 12.165525060596439 0.9080884189648306 
28 32 8 9 8 0 4.0 12.165525060596439 0.9508007543810516 
28 34 8 8 8 3 4.47213595499958 13.341664064126334 0.9373316928192721 
28 33 8 8 8 1 4.0 12.165525060596439 0.9080201793512868 
28 32 8 9 8 0 4.47213595499958 12.165525060596439 0.9344974633153756 
28 34 8 9 8 4 4.0 14.0 0.9080201793512868 
28 32 8 9 8 0 4.47213595499958 12.165525060596439 0.9373316928192721 
28 33 8 8 8 1 4.0 12.165525060596439 0.9080201793512868 
28 32 8 9 8 0 4.47213595499958 12.165525060596439 0.9344974633153756 
28 34 8 9 8 4 4.0 14.0 0.9080201793512868 
28 32 8 9 8 0 4.47213595499958 12.165525060596439 0.9463638422075531 
28 34 8 8 8 2 4.0 13.038404810405298 0.9370506956243645 
28 33 8 8 8 1 4.47213595499958 12.0 0.9080884189648306 
28 32 8 9 8 0 4.0 12.165525060596439 0.9344292237018318 
28 34 8 9 8 4 4.47213595499958 14.0 0.9080884189648306 
28 32 8 9 8 0 4.0 12.165525060596439 0.9508007543810516 
28 34 8 8 8 3 4.47213595499958 13.341664064126334 0.9373316928192721 
28 33 8 8 8 1 4.0 12.165525060596439 0.9080201793512868 
28 32 8 9 8 0 4.47213595499958 12.165525060596439 0.9344974633153756 
28 34 8 9 8 4 4.0 14.0 0.9080201793512868 
28 32 8 9 8 0 4.47213595499958 12.165525060596439 0.9373316928192721 
28 33 8 8 8 1 4.0 12.165525060596439 0.9080201793512868 
28 32 8 9 8 0 4.47213595499958 12.165525060596439 0.9373316928192721 
28 33 8 8 8 1 4.0 12.165525060596439 0.9080201793512868 
28 32 8 9 8 0 4.47213595499958 12.165525060596439 0.9414470504258116 
28 33 8 8 8 2 4.0 12.165525060596439 0.9086417559151548 
28 32 8 9 8 0 4.47213595499958 12.649110640673518 0.9371189352379083 
28 33 8 8 8 1 4.0 12.0 0.9086417559151548 
28 32 8 9 8 0 4.47213595499958 12.649110640673518 0.9504791998140927 
28 34 8 8 8 3 4.0 13.038404810405298 0.9086417559151548 
28 32 8 9 8 0 4.47213595499958 12.649110640673518 0.9080884189648306 
28 32 8 9 8 0 4.0 12.165525060596439 0.9396204465570742 
28 35 8 9 8 4 4.0 15.033296378372908 0.9346801572918748 
28 34 8 9 8 4 4.0 14.142135623730951 0.9212359259596512 
28 33 8 9 8 2 4.0 13.038404810405298 0.9080884189648306 
28 32 8 9 8 0 4.0 12.165525060596439 0.9467536363880559 
28 34 8 8 8 2 4.0 13.341664064126334 0.9379532693831402 
28 33 8 8 8 1 4.0 12.649110640673518 0.9080884189648306 
28 32 8 9 8 0 4.0 12.165525060596439 0.9078756613834669 
28 32 8 9 8 0 4.0 12.0 0.9212359259596512 
28 33 8 9 8 2 4.0 13.038404810405298 0.9080884189648306 
28 32 8 9 8 0 4.0 12.165525060596439 0.9508689939945955 
28 34 8 8 8 3 4.0 13.341664064126334 0.9332163352127325 
28 33 8 8 8 0 4.0 12.165525060596439 0.9647483628049761 
28 36 8 8 8 4 4.0 15.033296378372908 0.9508689939945955 
28 34 8 8 8 3 4.0 13.341664064126334 0.9379532693831402 
28 33 8 8 8 1 4.0 12.649110640673518 0.9080884189648306 
28 32 8 9 8 0 4.0 12.165525060596439 0.9087099955286987 
28 32 8 9 8 0 4.0 12.649110640673518 0.9396204465570742 
28 35 8 9 8 4 4.0 15.033296378372908 0.9211676863461074 
28 33 8 9 8 2 4.47213595499958 13.038404810405298 0.9080884189648306 
28 32 8 9 8 0 4.0 12.165525060596439 0.9344292237018318 
28 34 8 9 8 4 4.47213595499958 14.0 0.9080884189648306 
28 32 8 9 8 0 4.0 12.165525060596439 0.9508007543810516 
28 34 8 8 8 3 4.47213595499958 13.341664064126334 0.9080884189648306 
28 32 8 9 8 0 4.0 12.165525060596439 0.9086417559151548 
28 32 8 9 8 0 4.47213595499958 12.649110640673518 0.9467536363880559 
28 34 8 8 8 2 4.0 13.341664064126334 0.9379532693831402 
28 33 8 8 8 1 4.0 12.649110640673518 0.9087099955286987 
28 32 8 9 8 0 4.0 12.649110640673518 0.9379532693831402 
28 33 8 8 8 1 4.0 12.649110640673518 0.9087099955286987 
28 32 8 9 8 0 4.0 12.649110640673518 0.9080884189648306 
28 32 8 9 8 0 4.0 12.165525060596439 0.9080884189648306 
28 32 8 9 8 0 4.0 12.165525060596439 0.9215574805266101 
28 33 8 9 8 2 4.47213595499958 13.341664064126334 0.9080884189648306 
28 32 8 9 8 0 4.0 12.165525060596439 1.0013003369045994 
28 46 8 8 8 4 4.47213595499958 14.0 0.9761467094319878 
28 45 8 8 4 1 5.0990195135927845 13.038404810405298 0.9671145600437067 
28 44 8 8 4 0 5.0990195135927845 12.165525060596439 0.9677361366075747 
28 44 8 8 4 0 5.0990195135927845 12.649110640673518 1.0098951350734715 
28 46 8 7 4 3 5.0990195135927845 13.341664064126334 0.9765365036124906 
28 45 8 8 4 1 5.0990195135927845 13.341664064126334 0.9677361366075747 
28 44 8 8 4 0 5.0990195135927845 12.649110640673518 0.9969794104620162 
28 45 8 7 4 1 5.0990195135927845 12.649110640673518 0.9677361366075747 
28 44 8 8 4 0 5.0990195135927845 12.649110640673518 1.0237745038838524 
28 48 8 7 4 4 5.0990195135927845 15.033296378372908 1.0145361630356144 
28 47 8 7 4 3 5.0990195135927845 14.0 0.9969794104620162 
28 45 8 7 4 1 5.0990195135927845 12.649110640673518 0.9677361366075747 
28 44 8 8 4 0 5.0990195135927845 12.649110640673518 0.9677361366075747 
28 44 8 8 4 0 5.0990195135927845 12.649110640673518 1.0098951350734715 
28 46 8 7 4 3 5.0990195135927845 13.341664064126334 1.0010947680685558 
28 45 8 7 4 2 5.0990195135927845 12.649110640673518 0.9677361366075747 
28 44 8 8 4 0 5.0990195135927845 12.649110640673518 0.9895909407642114 
28 46 8 8 4 3 5.0990195135927845 14.142135623730951 0.9761467094319878 
28 45 8 8 4 1 5.0990195135927845 13.038404810405298 0.9671145600437067 
28 44 8 8 4 0 5.0990195135927845 12.165525060596439 0.9761467094319878 
28 45 8 8 4 1 5.0990195135927845 13.038404810405298 0.9671145600437067 
28 44 8 8 4 0 5.0990195135927845 12.165525060596439 0.9802620670385273 
28 45 8 8 4 2 5.0990195135927845 13.038404810405298 0.9671145600437067 
28 44 8 8 4 0 5.0990195135927845 12.165525060596439 0.925371363088841 
28 33 8 8 4 0 5.0990195135927845 12.165525060596439 0.9330035776313688 
28 33 8 8 8 0 4.0 12.0 1.0316194760077435 
28 48 8 7 8 4 4.0 15.033296378372908 1.0188342146186533 
28 47 8 7 4 4 5.0990195135927845 14.142135623730951 1.005779777466932 
28 46 8 7 4 2 5.0990195135927845 13.341664064126334 0.9671145600437067 
28 44 8 8 4 0 5.0990195135927845 12.165525060596439 0.9292739631140169 
28 33 8 8 4 1 5.0990195135927845 12.0 0.9078756613834669 
28 32 8 9 8 0 4.0 12.0 0.9370506956243645 
28 33 8 8 8 1 4.47213595499958 12.0 0.9078756613834669 
28 32 8 9 8 0 4.0 12.0 0.9344292237018318 
28 34 8 9 8 4 4.47213595499958 14.0 0.9080884189648306 
28 32 8 9 8 0 4.0 12.165525060596439 0.9344292237018318 
28 34 8 9 8 4 4.47213595499958 14.0 0.9080884189648306 
28 32 8 9 8 0 4.0 12.165525060596439 0.9344292237018318 
28 34 8 9 8 4 4.47213595499958 14.0 0.9080884189648306 
28 32 8 9 8 0 4.0 12.165525060596439 0.946685396774512 
28 34 8 8 8 2 4.47213595499958 13.341664064126334 0.9373316928192721 
28 33 8 8 8 1 4.0 12.165525060596439 0.9080201793512868 
28 32 8 9 8 0 4.47213595499958 12.165525060596439 0.9344974633153756 
28 34 8 9 8 4 4.0 14.0 0.9211676863461074 
28 33 8 9 8 2 4.47213595499958 13.038404810405298 0.9080884189648306 
28 32 8 9 8 0 4.0 12.165525060596439 0.9504109602005488 
28 34 8 8 8 3 4.47213595499958 13.038404810405298 0.9373316928192721 
28 33 8 8 8 1 4.0 12.165525060596439 0.9080201793512868 
28 32 8 9 8 0 4.47213595499958 12.165525060596439 0.9508689939945955 
28 34 8 8 8 3 4.0 13.341664064126334 0.9080201793512868 
28 32 8 9 8 0 4.47213595499958 12.165525060596439 0.9212359259596512 
28 33 8 9 8 2 4.0 13.038404810405298 0.907807421769923 
28 32 8 9 8 0 4.47213595499958 12.0 0.9371189352379083 
28 33 8 8 8 1 4.0 12.0 0.907807421769923 
28 32 8 9 8 0 4.47213595499958 12.0 0.9637407371698173 
28 35 8 8 8 5 4.0 14.0 0.941166053230904 
28 33 8 8 8 2 4.47213595499958 12.0 0.9080884189648306 
28 32 8 9 8 0 4.0 12.165525060596439 0.9211676863461074 
28 33 8 9 8 2 4.47213595499958 13.038404810405298 0.9080884189648306 
28 32 8 9 8 0 4.0 12.165525060596439 0.9370506956243645 
28 33 8 8 8 1 4.47213595499958 12.0 0.9080884189648306 
28 32 8 9 8 0 4.0 12.165525060596439 0.9372634532057282 
28 33 8 8 8 1 4.47213595499958 12.165525060596439 0.9080884189648306 
28 32 8 9 8 0 4.0 12.165525060596439 0.9372634532057282 
28 33 8 8 8 1 4.47213595499958 12.165525060596439 0.9080884189648306 
28 32 8 9 8 0 4.0 12.165525060596439 0.9344292237018318 
28 34 8 9 8 4 4.47213595499958 14.0 0.9212359259596512 
28 33 8 9 8 2 4.0 13.038404810405298 0.9080201793512868 
28 32 8 9 8 0 4.47213595499958 12.165525060596439 0.9688637204115157 
28 36 8 8 8 5 4.0 15.033296378372908 0.946685396774512 
28 34 8 8 8 2 4.47213595499958 13.341664064126334 0.921625720140154 
28 33 8 9 8 2 4.0 13.341664064126334 0.9080201793512868 
28 32 8 9 8 0 4.47213595499958 12.165525060596439 0.9545945574206322 
28 34 8 8 8 4 4.0 13.038404810405298 0.9211676863461074 
28 33 8 9 8 2 4.47213595499958 13.038404810405298 0.9078756613834669 
28 32 8 9 8 0 4.0 12.0 0.9080201793512868 
28 32 8 9 8 0 4.47213595499958 12.165525060596439 0.9373316928192721 
28 33 8 8 8 1 4.0 12.165525060596439 0.9080201793512868 
28 32 8 9 8 0 4.47213595499958 12.165525060596439 0.9087099955286987 
28 32 8 9 8 0 4.0 12.649110640673518 0.9596253795632778 
28 35 8 8 8 4 4.0 14.0 0.9463638422075531 
28 34 8 8 8 2 4.0 13.038404810405298 0.9379532693831402 
28 33 8 8 8 1 4.0 12.649110640673518 0.9087099955286987 
28 32 8 9 8 0 4.0 12.649110640673518 1.0064915597598418 
28 47 8 8 8 4 4.0 15.033296378372908 0.9895909407642114 
28 46 8 8 4 3 5.0990195135927845 14.142135623730951 0.9765365036124906 
28 45 8 8 4 1 5.0990195135927845 13.341664064126334 0.9677361366075747 
28 44 8 8 4 0 5.0990195135927845 12.649110640673518 0.9002434468409392 
28 32 8 9 4 0 5.0990195135927845 12.165525060596439 0.9508007543810516 
28 34 8 8 8 3 4.47213595499958 13.341664064126334 0.9080884189648306 
28 32 8 9 8 0 4.0 12.165525060596439 0.9344292237018318 
28 34 8 9 8 4 4.47213595499958 14.0 0.9080884189648306 
28 32 8 9 8 0 4.0 12.165525060596439 0.9508007543810516 
28 34 8 8 8 3 4.47213595499958 13.341664064126334 0.9332163352127325 
28 33 8 8 8 0 4.0 12.165525060596439 0.9755388764484509 
28 35 8 7 8 3 4.47213595499958 13.038404810405298 0.9422484846010136 
28 34 8 8 8 1 4.0 13.038404810405298 0.9331480955991887 
28 33 8 8 8 0 4.47213595499958 12.165525060596439 0.9596253795632778 
28 35 8 8 8 4 4.0 14.0 0.9421802449874698 
28 34 8 8 8 1 4.47213595499958 13.038404810405298 0.9332163352127325 
28 33 8 8 8 0 4.0 12.165525060596439 0.9665067270601696 
28 34 8 7 8 2 4.47213595499958 12.165525060596439 0.9332163352127325 
28 33 8 8 8 0 4.0 12.165525060596439 0.9841593858420328 
28 35 8 7 8 5 4.47213595499958 13.341664064126334 0.9373316928192721 
28 33 8 8 8 1 4.0 12.165525060596439 0.9080201793512868 
28 32 8 9 8 0 4.47213595499958 12.165525060596439 0.9373316928192721 
28 33 8 8 8 1 4.0 12.165525060596439 0.9080201793512868 
28 32 8 9 8 0 4.47213595499958 12.165525060596439 0.9504791998140927 
28 34 8 8 8 3 4.0 13.038404810405298 0.9372634532057282 
28 33 8 8 8 1 4.47213595499958 12.165525060596439 0.9080884189648306 
28 32 8 9 8 0 4.0 12.165525060596439 0.9344292237018318 
28 34 8 9 8 4 4.47213595499958 14.0 0.9080884189648306 
28 32 8 9 8 0 4.0 12.165525060596439 0.907807421769923 
28 32 8 9 8 0 4.47213595499958 12.0 0.9379532693831402 
28 33 8 8 8 1 4.0 12.649110640673518 0.9078756613834669 
28 32 8 9 8 0 4.0 12.0 0.9463638422075531 
28 34 8 8 8 2 4.0 13.038404810405298 0.9078756613834669 
28 32 8 9 8 0 4.0 12.0 0.9080884189648306 
28 32 8 9 8 0 4.0 12.165525060596439 0.9467536363880559 
28 34 8 8 8 2 4.0 13.341664064126334 0.9080201793512868 
28 32 8 9 8 0 4.47213595499958 12.165525060596439 0.9080884189648306 
28 32 8 9 8 0 4.0 12.165525060596439 0.9086417559151548 
28 32 8 9 8 0 4.47213595499958 12.649110640673518 0.9080884189648306 
28 32 8 9 8 0 4.0 12.165525060596439 0.9598080735397769 
28 35 8 8 8 4 4.0 14.142135623730951 0.9372634532057282 
28 33 8 8 8 1 4.47213595499958 12.165525060596439 0.9080884189648306 
28 32 8 9 8 0 4.0 12.165525060596439 0.9372634532057282 
28 33 8 8 8 1 4.47213595499958 12.165525060596439 0.9080884189648306 
28 32 8 9 8 0 4.0 12.165525060596439 0.9211676863461074 
28 33 8 9 8 2 4.47213595499958 13.038404810405298 0.9078756613834669 
28 32 8 9 8 0 4.0 12.0 0.9344292237018318 
28 34 8 9 8 4 4.47213595499958 14.0 0.9080884189648306 
28 32 8 9 8 0 4.0 12.165525060596439 0.9504109602005488 
28 34 8 8 8 3 4.47213595499958 13.038404810405298 0.9373316928192721 
28 33 8 8 8 1 4.0 12.165525060596439 0.9080201793512868 
28 32 8 9 8 0 4.47213595499958 12.165525060596439 0.9373316928192721 
28 33 8 8 8 1 4.0 12.165525060596439 0.9080201793512868 
28 32 8 9 8 0 4.47213595499958 12.165525060596439 0.9080884189648306 
28 32 8 9 8 0 4.0 12.165525060596439 0.9372634532057282 
28 33 8 8 8 1 4.47213595499958 12.165525060596439 0.9080884189648306 
28 32 8 9 8 0 4.0 12.165525060596439 0.9372634532057282 
28 33 8 8 8 1 4.47213595499958 12.165525060596439 0.9080884189648306 
28 32 8 9 8 0 4.0 12.165525060596439 0.9462956025940092 
28 34 8 8 8 2 4.47213595499958 13.038404810405298 0.9373316928192721 
28 33 8 8 8 1 4.0 12.165525060596439 0.9080201793512868 
28 32 8 9 8 0 4.47213595499958 12.165525060596439 0.9078756613834669 
28 32 8 9 8 0 4.0 12.0 0.9080201793512868 
28 32 8 9 8 0 4.47213595499958 12.165525060596439 0.9467536363880559 
28 34 8 8 8 2 4.0 13.341664064126334 0.9379532693831402 
28 33 8 8 8 1 4.0 12.649110640673518 0.9080884189648306 
28 32 8 9 8 0 4.0 12.165525060596439 0.9467536363880559 
28 34 8 8 8 2 4.0 13.341664064126334 0.9379532693831402 
28 33 8 8 8 1 4.0 12.649110640673518 0.9080884189648306 
28 32 8 9 8 0 4.0 12.165525060596439 0.9467536363880559 
28 34 8 8 8 2 4.0 13.341664064126334 0.9080884189648306 
28 32 8 9 8 0 4.0 12.165525060596439 0.9463638422075531 
28 34 8 8 8 2 4.0 13.038404810405298 0.9373316928192721 
28 33 8 8 8 1 4.0 12.165525060596439 0.9080884189648306 
28 32 8 9 8 0 4.0 12.165525060596439 0.9087099955286987 
28 32 8 9 8 0 4.0 12.649110640673518 0.9080884189648306 
28 32 8 9 8 0 4.0 12.165525060596439 0.9396204465570742 
28 35 8 9 8 4 4.0 15.033296378372908 0.934611917678331 
28 34 8 9 8 4 4.47213595499958 14.142135623730951 0.921625720140154 
28 33 8 9 8 2 4.0 13.341664064126334 0.9086417559151548 
28 32 8 9 8 0 4.47213595499958 12.649110640673518 0.9647483628049761 
28 36 8 8 8 4 4.0 15.033296378372908 0.9595571399497339 
28 35 8 8 8 4 4.47213595499958 14.0 0.9373316928192721 
28 33 8 8 8 1 4.0 12.165525060596439 0.9086417559151548 
28 32 8 9 8 0 4.47213595499958 12.649110640673518 0.9346801572918748 
28 34 8 9 8 4 4.0 14.142135623730951 0.9211676863461074 
28 33 8 9 8 2 4.47213595499958 13.038404810405298 0.9078756613834669 
28 32 8 9 8 0 4.0 12.0 0.9080201793512868 
28 32 8 9 8 0 4.47213595499958 12.165525060596439 0.9379532693831402 
28 33 8 8 8 1 4.0 12.649110640673518 0.9080884189648306 
28 32 8 9 8 0 4.0 12.165525060596439 0.9212359259596512 
28 33 8 9 8 2 4.0 13.038404810405298 0.9080884189648306 
28 32 8 9 8 0 4.0 12.165525060596439 0.9373316928192721 
28 33 8 8 8 1 4.0 12.165525060596439 0.9080884189648306 
28 32 8 9 8 0 4.0 12.165525060596439 0.9504791998140927 
28 34 8 8 8 3 4.0 13.038404810405298 0.9080884189648306 
28 32 8 9 8 0 4.0 12.165525060596439 0.921625720140154 
28 33 8 9 8 2 4.0 13.341664064126334 0.9080884189648306 
28 32 8 9 8 0 4.0 12.165525060596439 0.9420686269896796 
28 33 8 8 8 2 4.0 12.649110640673518 0.9080884189648306 
28 32 8 9 8 0 4.0 12.165525060596439 0.9396204465570742 
28 35 8 9 8 4 4.0 15.033296378372908 0.9344974633153756 
28 34 8 9 8 4 4.0 14.0 0.9080884189648306 
28 32 8 9 8 0 4.0 12.165525060596439 0.9078756613834669 
28 32 8 9 8 0 4.0 12.0 0.9087099955286987 
28 32 8 9 8 0 4.0 12.649110640673518 0.946685396774512 
28 34 8 8 8 2 4.47213595499958 13.341664064126334 0.9087099955286987 
28 32 8 9 8 0 4.0 12.649110640673518 0.9080201793512868 
28 32 8 9 8 0 4.47213595499958 12.165525060596439 0.9078756613834669 
28 32 8 9 8 0 4.0 12.0 0.9637407371698173 
28 35 8 8 8 5 4.0 14.0 0.9344974633153756 
28 34 8 9 8 4 4.0 14.0 0.9212359259596512 
28 33 8 9 8 2 4.0 13.038404810405298 0.9078756613834669 
28 32 8 9 8 0 4.0 12.0 1.0013685765181433 
28 46 8 8 8 4 4.0 14.0 0.9761467094319878 
28 45 8 8 4 1 5.0990195135927845 13.038404810405298 0.9671145600437067 
28 44 8 8 4 0 5.0990195135927845 12.165525060596439 0.9000306892595754 
28 32 8 9 4 0 5.0990195135927845 12.0 0.9212359259596512 
28 33 8 9 8 2 4.0 13.038404810405298 0.9080884189648306 
28 32 8 9 8 0 4.0 12.165525060596439 0.9396204465570742 
28 35 8 9 8 4 4.0 15.033296378372908 0.9344974633153756 
28 34 8 9 8 4 4.0 14.0 0.9080884189648306 
28 32 8 9 8 0 4.0 12.165525060596439 0.9078756613834669 
28 32 8 9 8 0 4.0 12.0 1.0064915597598418 
28 47 8 8 8 4 4.0 15.033296378372908 0.9765365036124906 
28 45 8 8 4 1 5.0990195135927845 13.341664064126334 0.9677361366075747 
28 44 8 8 4 0 5.0990195135927845 12.649110640673518 0.9765365036124906 
28 45 8 8 4 1 5.0990195135927845 13.341664064126334 0.9677361366075747 
28 44 8 8 4 0 5.0990195135927845 12.649110640673518 0.9937062983707509 
28 46 8 8 4 4 5.0990195135927845 14.142135623730951 0.9671145600437067 
28 44 8 8 4 0 5.0990195135927845 12.165525060596439 0.9937062983707509 
28 46 8 8 4 4 5.0990195135927845 14.142135623730951 0.9765365036124906 
28 45 8 8 4 1 5.0990195135927845 13.341664064126334 0.9677361366075747 
28 44 8 8 4 0 5.0990195135927845 12.649110640673518 0.925371363088841 
28 33 8 8 4 0 5.0990195135927845 12.165525060596439 0.9504791998140927 
28 34 8 8 8 3 4.0 13.038404810405298 0.9080201793512868 
28 32 8 9 8 0 4.47213595499958 12.165525060596439 0.9504791998140927 
28 34 8 8 8 3 4.0 13.038404810405298 0.9080201793512868 
28 32 8 9 8 0 4.47213595499958 12.165525060596439 0.9344974633153756 
28 34 8 9 8 4 4.0 14.0 0.9080201793512868 
28 32 8 9 8 0 4.47213595499958 12.165525060596439 0.9078756613834669 
28 32 8 9 8 0 4.0 12.0 0.9211676863461074 
28 33 8 9 8 2 4.47213595499958 13.038404810405298 0.9080884189648306 
28 32 8 9 8 0 4.0 12.165525060596439 0.9504109602005488 
28 34 8 8 8 3 4.47213595499958 13.038404810405298 0.9332163352127325 
28 33 8 8 8 0 4.0 12.165525060596439 0.9421802449874698 
28 34 8 8 8 1 4.47213595499958 13.038404810405298 0.9332163352127325 
28 33 8 8 8 0 4.0 12.165525060596439 0.9646801231914323 
28 36 8 8 8 4 4.47213595499958 15.033296378372908 0.9598080735397769 
28 35 8 8 8 4 4.0 14.142135623730951 0.946685396774512 
28 34 8 8 8 2 4.47213595499958 13.341664064126334 0.9373316928192721 
28 33 8 8 8 1 4.0 12.165525060596439 0.9080201793512868 
28 32 8 9 8 0 4.47213595499958 12.165525060596439 0.9396204465570742 
28 35 8 9 8 4 4.0 15.033296378372908 0.9211676863461074 
28 33 8 9 8 2 4.47213595499958 13.038404810405298 0.9078756613834669 
28 32 8 9 8 0 4.0 12.0 0.9395522069435304 
28 35 8 9 8 4 4.47213595499958 15.033296378372908 0.9346801572918748 
28 34 8 9 8 4 4.0 14.142135623730951 0.9215574805266101 
28 33 8 9 8 2 4.47213595499958 13.341664064126334 0.9080884189648306 
28 32 8 9 8 0 4.0 12.165525060596439 1.0013003369045994 
28 46 8 8 8 4 4.47213595499958 14.0 0.9669018024623429 
28 44 8 8 4 0 5.0990195135927845 12.0 1.014010492680011 
28 46 8 7 4 4 5.0990195135927845 13.341664064126334 0.9669018024623429 
28 44 8 8 4 0 5.0990195135927845 12.0 0.9986465876359503 
28 47 8 8 4 4 5.0990195135927845 15.033296378372908 0.98065186121903 
28 45 8 8 4 2 5.0990195135927845 13.341664064126334 0.9677361366075747 
28 44 8 8 4 0 5.0990195135927845 12.649110640673518 0.9002434468409392 
28 32 8 9 4 0 5.0990195135927845 12.165525060596439 0.9379532693831402 
28 33 8 8 8 1 4.0 12.649110640673518 0.9080884189648306 
28 32 8 9 8 0 4.0 12.165525060596439 0.9545945574206322 
28 34 8 8 8 4 4.0 13.038404810405298 0.9412342928444478 
28 33 8 8 8 2 4.0 12.0 0.9080884189648306 
28 32 8 9 8 0 4.0 12.165525060596439 0.9504791998140927 
28 34 8 8 8 3 4.0 13.038404810405298 0.9330035776313688 
28 33 8 8 8 0 4.0 12.0 0.9371189352379083 
28 33 8 8 8 1 4.0 12.0 0.9080884189648306 
28 32 8 9 8 0 4.0 12.165525060596439 0.9087099955286987 
28 32 8 9 8 0 4.0 12.649110640673518 0.9080884189648306 
28 32 8 9 8 0 4.0 12.165525060596439 0.9080201793512868 
28 32 8 9 8 0 4.47213595499958 12.165525060596439 0.9080884189648306 
28 32 8 9 8 0 4.0 12.165525060596439 0.907807421769923 
28 32 8 9 8 0 4.47213595499958 12.0 0.9212359259596512 
28 33 8 9 8 2 4.0 13.038404810405298 0.9080884189648306 
28 32 8 9 8 0 4.0 12.165525060596439 0.9078756613834669 
28 32 8 9 8 0 4.0 12.0 0.9346801572918748 
28 34 8 9 8 4 4.0 14.142135623730951 0.9215574805266101 
28 33 8 9 8 2 4.47213595499958 13.341664064126334 0.9087099955286987 
28 32 8 9 8 0 4.0 12.649110640673518 0.9646801231914323 
28 36 8 8 8 4 4.47213595499958 15.033296378372908 0.9504791998140927 
28 34 8 8 8 3 4.0 13.038404810405298 0.9086417559151548 
28 32 8 9 8 0 4.47213595499958 12.649110640673518 0.9467536363880559 
28 34 8 8 8 2 4.0 13.341664064126334 0.9086417559151548 
28 32 8 9 8 0 4.47213595499958 12.649110640673518 0.9080884189648306 
28 32 8 9 8 0 4.0 12.165525060596439 0.9508689939945955 
28 34 8 8 8 3 4.0 13.341664064126334 0.9080884189648306 
28 32 8 9 8 0 4.0 12.165525060596439 0.9078756613834669 
28 32 8 9 8 0 4.0 12.0 0.9379532693831402 
28 33 8 8 8 1 4.0 12.649110640673518 0.9078756613834669 
28 32 8 9 8 0 4.0 12.0 0.9080884189648306 
28 32 8 9 8 0 4.0 12.165525060596439 0.9545945574206322 
28 34 8 8 8 4 4.0 13.038404810405298 0.9372634532057282 
28 33 8 8 8 1 4.47213595499958 12.165525060596439 0.9080884189648306 
28 32 8 9 8 0 4.0 12.165525060596439 0.9545263178070883 
28 34 8 8 8 4 4.47213595499958 13.038404810405298 0.9212359259596512 
28 33 8 9 8 2 4.0 13.038404810405298 0.9080201793512868 
28 32 8 9 8 0 4.47213595499958 12.165525060596439 0.9598080735397769 
28 35 8 8 8 4 4.0 14.142135623730951 0.9329353380178249 
28 33 8 8 8 0 4.47213595499958 12.0 0.9596253795632778 
28 35 8 8 8 4 4.0 14.0 0.9329353380178249 
28 33 8 8 8 0 4.47213595499958 12.0 0.9704775666988893 
28 34 8 7 8 3 4.0 12.0 0.9370506956243645 
28 33 8 8 8 1 4.47213595499958 12.0 0.9078756613834669 
28 32 8 9 8 0 4.0 12.0 0.9211676863461074 
28 33 8 9 8 2 4.47213595499958 13.038404810405298 0.9080884189648306 
28 32 8 9 8 0 4.0 12.165525060596439 0.9211676863461074 
28 33 8 9 8 2 4.47213595499958 13.038404810405298 0.9078756613834669 
28 32 8 9 8 0 4.0 12.0 0.9080201793512868 
28 32 8 9 8 0 4.47213595499958 12.165525060596439 0.9078756613834669 
28 32 8 9 8 0 4.0 12.0 0.9086417559151548 
28 32 8 9 8 0 4.47213595499958 12.649110640673518 0.9545945574206322 
28 34 8 8 8 4 4.0 13.038404810405298 0.9413788108122677 
28 33 8 8 8 2 4.47213595499958 12.165525060596439 0.9080884189648306 
28 32 8 9 8 0 4.0 12.165525060596439 0.9372634532057282 
28 33 8 8 8 1 4.47213595499958 12.165525060596439 0.9080884189648306 
28 32 8 9 8 0 4.0 12.165525060596439 0.9545263178070883 
28 34 8 8 8 4 4.47213595499958 13.038404810405298 0.9412342928444478 
28 33 8 8 8 2 4.0 12.0 0.9080201793512868 
28 32 8 9 8 0 4.47213595499958 12.165525060596439 0.9344974633153756 
28 34 8 9 8 4 4.0 14.0 0.9080201793512868 
28 32 8 9 8 0 4.47213595499958 12.165525060596439 0.9508689939945955 
28 34 8 8 8 3 4.0 13.341664064126334 0.9331480955991887 
28 33 8 8 8 0 4.47213595499958 12.165525060596439 0.9665749666737135 
28 34 8 7 8 2 4.0 12.165525060596439 0.9331480955991887 
28 33 8 8 8 0 4.47213595499958 12.165525060596439 0.9647483628049761 
28 36 8 8 8 4 4.0 15.033296378372908 0.9421802449874698 
28 34 8 8 8 1 4.47213595499958 13.038404810405298 0.9332163352127325 
28 33 8 8 8 0 4.0 12.165525060596439 0.9337696721630567 
28 33 8 8 8 0 4.47213595499958 12.649110640673518 0.9630811856310421 
28 34 8 7 8 1 4.0 12.649110640673518 0.9338379117766006 
28 33 8 8 8 0 4.0 12.649110640673518 0.9332163352127325 
28 33 8 8 8 0 4.0 12.165525060596439 0.9598080735397769 
28 35 8 8 8 4 4.0 14.142135623730951 0.9372634532057282 
28 33 8 8 8 1 4.47213595499958 12.165525060596439 0.9080884189648306 
28 32 8 9 8 0 4.0 12.165525060596439 0.9344292237018318 
28 34 8 9 8 4 4.47213595499958 14.0 0.9080884189648306 
28 32 8 9 8 0 4.0 12.165525060596439 0.9462956025940092 
28 34 8 8 8 2 4.47213595499958 13.038404810405298 0.9080884189648306 
28 32 8 9 8 0 4.0 12.165525060596439 0.946685396774512 
28 34 8 8 8 2 4.47213595499958 13.341664064126334 0.9080884189648306 
28 32 8 9 8 0 4.0 12.165525060596439 0.907807421769923 
28 32 8 9 8 0 4.47213595499958 12.0 0.9080884189648306 
28 32 8 9 8 0 4.0 12.165525060596439 0.9463638422075531 
28 34 8 8 8 2 4.0 13.038404810405298 0.9370506956243645 
28 33 8 8 8 1 4.47213595499958 12.0 0.9080884189648306 
28 32 8 9 8 0 4.0 12.165525060596439 0.907807421769923 
28 32 8 9 8 0 4.47213595499958 12.0 1.0013685765181433 
28 46 8 8 8 4 4.0 14.0 0.9761467094319878 
28 45 8 8 4 1 5.0990195135927845 13.038404810405298 0.9669018024623429 
28 44 8 8 4 0 5.0990195135927845 12.0 0.9671145600437067 
28 44 8 8 4 0 5.0990195135927845 12.165525060596439 0.98065186121903 
28 45 8 8 4 2 5.0990195135927845 13.341664064126334 0.9671145600437067 
28 44 8 8 4 0 5.0990195135927845 12.165525060596439 0.9008650234048072 
28 32 8 9 4 0 5.0990195135927845 12.649110640673518 0.9373316928192721 
28 33 8 8 8 1 4.0 12.165525060596439 0.9086417559151548 
28 32 8 9 8 0 4.47213595499958 12.649110640673518 0.9504791998140927 
28 34 8 8 8 3 4.0 13.038404810405298 0.9370506956243645 
28 33 8 8 8 1 4.47213595499958 12.0 0.9087099955286987 
28 32 8 9 8 0 4.0 12.649110640673518 0.9344292237018318 
28 34 8 9 8 4 4.47213595499958 14.0 0.9080884189648306 
28 32 8 9 8 0 4.0 12.165525060596439 0.9370506956243645 
28 33 8 8 8 1 4.47213595499958 12.0 0.9080884189648306 
28 32 8 9 8 0 4.0 12.165525060596439 0.9597398339262331 
28 35 8 8 8 4 4.47213595499958 14.142135623730951 0.9422484846010136 
28 34 8 8 8 1 4.0 13.038404810405298 0.9329353380178249 
28 33 8 8 8 0 4.47213595499958 12.0 0.9330035776313688 
28 33 8 8 8 0 4.0 12.0 0.9331480955991887 
28 33 8 8 8 0 4.47213595499958 12.165525060596439 0.9709913793243876 
28 35 8 7 8 2 4.0 12.649110640673518 0.9332163352127325 
28 33 8 8 8 0 4.0 12.165525060596439 0.9887308258744849 
28 37 8 7 8 4 4.0 14.142135623730951 0.9709913793243876 
28 35 8 7 8 2 4.0 12.649110640673518 0.941126528906078 
28 34 8 8 8 1 4.0 12.165525060596439 0.9332163352127325 
28 33 8 8 8 0 4.0 12.165525060596439 0.9463638422075531 
28 34 8 8 8 2 4.0 13.038404810405298 0.9332163352127325 
28 33 8 8 8 0 4.0 12.165525060596439 0.9977864727462237 
28 38 8 7 8 5 4.0 15.033296378372908 0.9752865945422611 
28 36 8 7 8 2 4.0 13.038404810405298 0.9714917584554552 
28 35 8 7 8 2 4.0 13.038404810405298 0.962459609067174 
28 34 8 7 8 1 4.0 12.165525060596439 0.9330035776313688 
28 33 8 8 8 0 4.0 12.0 1.0316194760077435 
28 48 8 7 8 4 4.0 15.033296378372908 0.9971592680733501 
28 46 8 7 4 0 5.0990195135927845 13.038404810405298 1.0012746256798897 
28 46 8 7 4 1 5.0990195135927845 13.038404810405298 0.9922424762916086 
28 45 8 7 4 0 5.0990195135927845 12.165525060596439 0.9251586055074773 
28 33 8 8 4 0 5.0990195135927845 12.0 0.9665749666737135 
28 34 8 7 8 2 4.0 12.165525060596439 0.9330035776313688 
28 33 8 8 8 0 4.0 12.0 0.9598080735397769 
28 35 8 8 8 4 4.0 14.142135623730951 0.9508689939945955 
28 34 8 8 8 3 4.0 13.341664064126334 0.9332163352127325 
28 33 8 8 8 0 4.0 12.165525060596439 0.9330035776313688 
28 33 8 8 8 0 4.0 12.0 0.9332163352127325 
28 33 8 8 8 0 4.0 12.165525060596439 0.9714235188419114 
28 35 8 7 8 2 4.47213595499958 13.038404810405298 0.9332163352127325 
28 33 8 8 8 0 4.0 12.165525060596439 0.9462956025940092 
28 34 8 8 8 2 4.47213595499958 13.038404810405298 0.9330035776313688 
28 33 8 8 8 0 4.0 12.0 0.9331480955991887 
28 33 8 8 8 0 4.47213595499958 12.165525060596439 0.9555100219567383 
28 35 8 8 8 3 4.0 14.0 0.9422484846010136 
28 34 8 8 8 1 4.0 13.038404810405298 0.9330035776313688 
28 33 8 8 8 0 4.0 12.0 0.9332163352127325 
28 33 8 8 8 0 4.0 12.165525060596439 0.9596253795632778 
28 35 8 8 8 4 4.0 14.0 0.9372634532057282 
28 33 8 8 8 1 4.47213595499958 12.165525060596439 0.9087099955286987 
28 32 8 9 8 0 4.0 12.649110640673518 0.9370506956243645 
28 33 8 8 8 1 4.47213595499958 12.0 0.9087099955286987 
28 32 8 9 8 0 4.0 12.649110640673518 0.9080201793512868 
28 32 8 9 8 0 4.47213595499958 12.165525060596439 0.9379532693831402 
28 33 8 8 8 1 4.0 12.649110640673518 0.9080884189648306 
28 32 8 9 8 0 4.0 12.165525060596439 0.9344974633153756 
28 34 8 9 8 4 4.0 14.0 0.9080884189648306 
28 32 8 9 8 0 4.0 12.165525060596439 0.9504791998140927 
28 34 8 8 8 3 4.0 13.038404810405298 0.9373316928192721 
28 33 8 8 8 1 4.0 12.165525060596439 0.9080884189648306 
28 32 8 9 8 0 4.0 12.165525060596439 0.9078756613834669 
28 32 8 9 8 0 4.0 12.0 0.9414470504258116 
28 33 8 8 8 2 4.0 12.165525060596439 0.907807421769923 
28 32 8 9 8 0 4.47213595499958 12.0 0.9346801572918748 
28 34 8 9 8 4 4.0 14.142135623730951 0.9215574805266101 
28 33 8 9 8 2 4.47213595499958 13.341664064126334 0.9080884189648306 
28 32 8 9 8 0 4.0 12.165525060596439 0.9687954807979718 
28 36 8 8 8 5 4.47213595499958 15.033296378372908 0.9639234311463165 
28 35 8 8 8 5 4.0 14.142135623730951 0.9370506956243645 
28 33 8 8 8 1 4.47213595499958 12.0 0.9078756613834669 
28 32 8 9 8 0 4.0 12.0 0.9370506956243645 
28 33 8 8 8 1 4.47213595499958 12.0 0.9078756613834669 
28 32 8 9 8 0 4.0 12.0 0.9508007543810516 
28 34 8 8 8 3 4.47213595499958 13.341664064126334 0.9330035776313688 
28 33 8 8 8 0 4.0 12.0 0.9597398339262331 
28 35 8 8 8 4 4.47213595499958 14.142135623730951 0.9422484846010136 
28 34 8 8 8 1 4.0 13.038404810405298 0.9329353380178249 
28 33 8 8 8 0 4.47213595499958 12.0 0.9714917584554552 
28 35 8 7 8 2 4.0 13.038404810405298 0.9623913694536301 
28 34 8 7 8 1 4.47213595499958 12.165525060596439 0.9330035776313688 
28 33 8 8 8 0 4.0 12.0 0.9595571399497339 
28 35 8 8 8 4 4.47213595499958 14.0 0.9330035776313688 
28 33 8 8 8 0 4.0 12.0 0.9331480955991887 
28 33 8 8 8 0 4.47213595499958 12.165525060596439 0.9338379117766006 
28 33 8 8 8 0 4.0 12.649110640673518 1.0264964927660452 
28 47 8 7 8 4 4.0 14.0 0.9969794104620162 
28 45 8 7 4 1 5.0990195135927845 12.649110640673518 0.9677361366075747 
28 44 8 8 4 0 5.0990195135927845 12.649110640673518 0.9895909407642114 
28 46 8 8 4 3 5.0990195135927845 14.142135623730951 0.9761467094319878 
28 45 8 8 4 1 5.0990195135927845 13.038404810405298 0.9671145600437067 
28 44 8 8 4 0 5.0990195135927845 12.165525060596439 0.9002434468409392 
28 32 8 9 4 0 5.0990195135927845 12.165525060596439 0.9545945574206322 
28 34 8 8 8 4 4.0 13.038404810405298 0.941166053230904 
28 33 8 8 8 2 4.47213595499958 12.0 0.9080884189648306 
28 32 8 9 8 0 4.0 12.165525060596439 0.9372634532057282 
28 33 8 8 8 1 4.47213595499958 12.165525060596439 0.9080884189648306 
28 32 8 9 8 0 4.0 12.165525060596439 0.9372634532057282 
28 33 8 8 8 1 4.47213595499958 12.165525060596439 0.9080884189648306 
28 32 8 9 8 0 4.0 12.165525060596439 0.9646801231914323 
28 36 8 8 8 4 4.47213595499958 15.033296378372908 0.9426382787815164 
28 34 8 8 8 1 4.0 13.341664064126334 0.9331480955991887 
28 33 8 8 8 0 4.47213595499958 12.165525060596439 0.9330035776313688 
28 33 8 8 8 0 4.0 12.0 0.9422484846010136 
28 34 8 8 8 1 4.0 13.038404810405298 0.9330035776313688 
28 33 8 8 8 0 4.0 12.0 0.9842276254555766 
28 35 8 7 8 5 4.0 13.341664064126334 0.9330035776313688 
28 33 8 8 8 0 4.0 12.0 0.9450291289312537 
28 34 8 8 8 2 4.0 12.0 0.9330035776313688 
28 33 8 8 8 0 4.0 12.0 0.9422484846010136 
28 34 8 8 8 1 4.0 13.038404810405298 0.9330035776313688 
28 33 8 8 8 0 4.0 12.0 0.9422484846010136 
28 34 8 8 8 1 4.0 13.038404810405298 0.9330035776313688 
28 33 8 8 8 0 4.0 12.0 0.9744851603670591 
28 35 8 7 8 3 4.0 12.165525060596439 0.9330035776313688 
28 33 8 8 8 0 4.0 12.0 0.9898762790528782 
28 37 8 7 8 4 4.0 15.033296378372908 0.9632610432423762 
28 35 8 7 8 0 4.0 13.038404810405298 0.9898762790528782 
28 37 8 7 8 4 4.0 15.033296378372908 0.9806379382046402 
28 36 8 7 8 3 4.0 14.0 0.9632610432423762 
28 35 8 7 8 0 4.0 13.038404810405298 0.9806379382046402 
28 36 8 7 8 3 4.0 14.0 0.9632610432423762 
28 35 8 7 8 0 4.0 13.038404810405298 0.9876326673618797 
28 36 8 7 8 5 4.0 13.038404810405298 0.9632610432423762 
28 35 8 7 8 0 4.0 13.038404810405298 0.9969615410875641 
28 37 8 7 8 6 4.0 14.142135623730951 0.9797224736685343 
28 35 8 7 8 4 4.0 13.038404810405298 0.9422484846010136 
28 34 8 8 8 1 4.0 13.038404810405298 0.9330035776313688 
28 33 8 8 8 0 4.0 12.0 0.9596253795632778 
28 35 8 8 8 4 4.0 14.0 0.9422484846010136 
28 34 8 8 8 1 4.0 13.038404810405298 0.9332163352127325 
28 33 8 8 8 0 4.0 12.165525060596439 0.9330035776313688 
28 33 8 8 8 0 4.0 12.0 0.9936711151396841 
28 38 8 7 8 4 4.0 15.033296378372908 0.9843645346779024 
28 37 8 7 8 3 4.47213595499958 14.0 0.967055879329182 
28 36 8 7 8 0 4.0 13.038404810405298 0.9828080271023292 
28 38 8 7 8 2 4.47213595499958 13.038404810405298 0.967055879329182 
28 36 8 7 8 0 4.0 13.038404810405298 0.9845472286544016 
28 37 8 7 8 3 4.47213595499958 14.142135623730951 0.9619263299660767 
28 35 8 7 8 0 4.0 12.0 0.970088805565612 
28 35 8 7 8 2 4.47213595499958 12.0 0.941126528906078 
28 34 8 8 8 1 4.0 12.165525060596439 0.9331480955991887 
28 33 8 8 8 0 4.47213595499958 12.165525060596439 0.9426382787815164 
28 34 8 8 8 1 4.0 13.341664064126334 0.9331480955991887 
28 33 8 8 8 0 4.47213595499958 12.165525060596439 0.9622468514858102 
28 34 8 7 8 1 4.0 12.0 0.9331480955991887 
28 33 8 8 8 0 4.47213595499958 12.165525060596439 0.9330035776313688 
28 33 8 8 8 0 4.0 12.0 0.9408455317111704 
28 34 8 8 8 1 4.47213595499958 12.0 0.9330035776313688 
28 33 8 8 8 0 4.0 12.0 0.9329353380178249 
28 33 8 8 8 0 4.47213595499958 12.0 0.9332163352127325 
28 33 8 8 8 0 4.0 12.165525060596439 0.9596253795632778 
28 35 8 8 8 4 4.0 14.0 0.9332163352127325 
28 33 8 8 8 0 4.0 12.165525060596439 0.9330035776313688 
28 33 8 8 8 0 4.0 12.0 0.9596253795632778 
28 35 8 8 8 4 4.0 14.0 0.9421802449874698 
28 34 8 8 8 1 4.47213595499958 13.038404810405298 0.9330035776313688 
28 33 8 8 8 0 4.0 12.0 0.9597398339262331 
28 35 8 8 8 4 4.47213595499958 14.142135623730951 0.9422484846010136 
28 34 8 8 8 1 4.0 13.038404810405298 0.9329353380178249 
28 33 8 8 8 0 4.47213595499958 12.0 0.9598080735397769 
28 35 8 8 8 4 4.0 14.142135623730951 0.9425700391679726 
28 34 8 8 8 1 4.47213595499958 13.341664064126334 0.9332163352127325 
28 33 8 8 8 0 4.0 12.165525060596439 0.9425700391679726 
28 34 8 8 8 1 4.47213595499958 13.341664064126334 0.9332163352127325 
28 33 8 8 8 0 4.0 12.165525060596439 1.0315512363941999 
28 48 8 7 8 4 4.47213595499958 15.033296378372908 1.0147188570121135 
28 47 8 7 4 3 5.0990195135927845 14.142135623730951 1.0098951350734715 
28 46 8 7 4 3 5.0990195135927845 13.341664064126334 0.9922424762916086 
28 45 8 7 4 0 5.0990195135927845 12.165525060596439 1.0012746256798897 
28 46 8 7 4 1 5.0990195135927845 13.038404810405298 0.9922424762916086 
28 45 8 7 4 0 5.0990195135927845 12.165525060596439 1.0145361630356144 
28 47 8 7 4 3 5.0990195135927845 14.0 0.9971592680733501 
28 46 8 7 4 0 5.0990195135927845 13.038404810405298 1.0147188570121135 
28 47 8 7 4 3 5.0990195135927845 14.142135623730951 0.9969794104620162 
28 45 8 7 4 1 5.0990195135927845 12.649110640673518 0.9671145600437067 
28 44 8 8 4 0 5.0990195135927845 12.165525060596439 0.9986465876359503 
28 47 8 8 4 4 5.0990195135927845 15.033296378372908 0.9935236043942517 
28 46 8 8 4 4 5.0990195135927845 14.0 0.9669018024623429 
28 44 8 8 4 0 5.0990195135927845 12.0 0.9969794104620162 
28 45 8 7 4 1 5.0990195135927845 12.649110640673518 0.9669018024623429 
28 44 8 8 4 0 5.0990195135927845 12.0 0.9935236043942517 
28 46 8 8 4 4 5.0990195135927845 14.0 0.9671145600437067 
28 44 8 8 4 0 5.0990195135927845 12.165525060596439 0.9677361366075747 
28 44 8 8 4 0 5.0990195135927845 12.649110640673518 0.9969794104620162 
28 45 8 7 4 1 5.0990195135927845 12.649110640673518 0.9677361366075747 
28 44 8 8 4 0 5.0990195135927845 12.649110640673518 0.9895909407642114 
28 46 8 8 4 3 5.0990195135927845 14.142135623730951 0.9802620670385273 
28 45 8 8 4 2 5.0990195135927845 13.038404810405298 0.9677361366075747 
28 44 8 8 4 0 5.0990195135927845 12.649110640673518 1.0278898614903917 
28 48 8 7 4 5 5.0990195135927845 15.033296378372908 1.0098951350734715 
28 46 8 7 4 3 5.0990195135927845 13.341664064126334 0.9765365036124906 
28 45 8 8 4 1 5.0990195135927845 13.341664064126334 0.9677361366075747 
28 44 8 8 4 0 5.0990195135927845 12.649110640673518 0.9259929396527091 
28 33 8 8 4 0 5.0990195135927845 12.649110640673518 0.9713119008441211 
28 34 8 7 8 3 4.0 12.649110640673518 0.9338379117766006 
28 33 8 8 8 0 4.0 12.649110640673518 0.9596253795632778 
28 35 8 8 8 4 4.0 14.0 0.9379532693831402 
28 33 8 8 8 1 4.0 12.649110640673518 0.9087099955286987 
28 32 8 9 8 0 4.0 12.649110640673518 0.9596253795632778 
28 35 8 8 8 4 4.0 14.0 0.9379532693831402 
28 33 8 8 8 1 4.0 12.649110640673518 0.9087099955286987 
28 32 8 9 8 0 4.0 12.649110640673518 0.9504791998140927 
28 34 8 8 8 3 4.0 13.038404810405298 0.9379532693831402 
28 33 8 8 8 1 4.0 12.649110640673518 0.9087099955286987 
28 32 8 9 8 0 4.0 12.649110640673518 0.9346801572918748 
28 34 8 9 8 4 4.0 14.142135623730951 0.9078756613834669 
28 32 8 9 8 0 4.0 12.0 0.9080884189648306 
28 32 8 9 8 0 4.0 12.165525060596439 0.9647483628049761 
28 36 8 8 8 4 4.0 15.033296378372908 0.9508689939945955 
28 34 8 8 8 3 4.0 13.341664064126334 0.9332163352127325 
28 33 8 8 8 0 4.0 12.165525060596439 0.9463638422075531 
28 34 8 8 8 2 4.0 13.038404810405298 0.9332163352127325 
28 33 8 8 8 0 4.0 12.165525060596439 0.9452418865126174 
28 34 8 8 8 2 4.0 12.165525060596439 0.9332163352127325 
28 33 8 8 8 0 4.0 12.165525060596439 0.9508689939945955 
28 34 8 8 8 3 4.0 13.341664064126334 0.9379532693831402 
28 33 8 8 8 1 4.0 12.649110640673518 0.9080884189648306 
28 32 8 9 8 0 4.0 12.165525060596439 0.9396204465570742 
28 35 8 9 8 4 4.0 15.033296378372908 0.9344974633153756 
28 34 8 9 8 4 4.0 14.0 0.9212359259596512 
28 33 8 9 8 2 4.0 13.038404810405298 0.9078756613834669 
28 32 8 9 8 0 4.0 12.0 0.9396204465570742 
28 35 8 9 8 4 4.0 15.033296378372908 0.921625720140154 
28 33 8 9 8 2 4.0 13.341664064126334 0.9080884189648306 
28 32 8 9 8 0 4.0 12.165525060596439 0.921625720140154 
28 33 8 9 8 2 4.0 13.341664064126334 0.9080884189648306 
28 32 8 9 8 0 4.0 12.165525060596439 0.9463638422075531 
28 34 8 8 8 2 4.0 13.038404810405298 0.9373316928192721 
28 33 8 8 8 1 4.0 12.165525060596439 0.9080884189648306 
28 32 8 9 8 0 4.0 12.165525060596439 0.9078756613834669 
28 32 8 9 8 0 4.0 12.0 0.9414470504258116 
28 33 8 8 8 2 4.0 12.165525060596439 0.9080201793512868 
28 32 8 9 8 0 4.47213595499958 12.165525060596439 0.9344974633153756 
28 34 8 9 8 4 4.0 14.0 0.9211676863461074 
28 33 8 9 8 2 4.47213595499958 13.038404810405298 0.9078756613834669 
28 32 8 9 8 0 4.0 12.0 0.9462956025940092 
28 34 8 8 8 2 4.47213595499958 13.038404810405298 0.9371189352379083 
28 33 8 8 8 1 4.0 12.0 0.907807421769923 
28 32 8 9 8 0 4.47213595499958 12.0 0.9414470504258116 
28 33 8 8 8 2 4.0 12.165525060596439 0.907807421769923 
28 32 8 9 8 0 4.47213595499958 12.0 0.9371189352379083 
28 33 8 8 8 1 4.0 12.0 0.907807421769923 
28 32 8 9 8 0 4.47213595499958 12.0 0.9080884189648306 
28 32 8 9 8 0 4.0 12.165525060596439 0.921625720140154 
28 33 8 9 8 2 4.0 13.341664064126334 0.9087099955286987 
28 32 8 9 8 0 4.0 12.649110640673518 0.9467536363880559 
28 34 8 8 8 2 4.0 13.341664064126334 0.9379532693831402 
28 33 8 8 8 1 4.0 12.649110640673518 0.9087099955286987 
28 32 8 9 8 0 4.0 12.649110640673518 0.9346801572918748 
28 34 8 9 8 4 4.0 14.142135623730951 0.9212359259596512 
28 33 8 9 8 2 4.0 13.038404810405298 0.9080884189648306 
28 32 8 9 8 0 4.0 12.165525060596439 0.9396204465570742 
28 35 8 9 8 4 4.0 15.033296378372908 0.9346801572918748 
28 34 8 9 8 4 4.0 14.142135623730951 0.9087099955286987 
28 32 8 9 8 0 4.0 12.649110640673518 0.9379532693831402 
28 33 8 8 8 1 4.0 12.649110640673518 0.9087099955286987 
28 32 8 9 8 0 4.0 12.649110640673518 0.9080884189648306 
28 32 8 9 8 0 4.0 12.165525060596439 0.9373316928192721 
28 33 8 8 8 1 4.0 12.165525060596439 0.9080201793512868 
28 32 8 9 8 0 4.47213595499958 12.165525060596439 0.9344974633153756 
28 34 8 9 8 4 4.0 14.0 0.9080201793512868 
28 32 8 9 8 0 4.47213595499958 12.165525060596439 0.9504791998140927 
28 34 8 8 8 3 4.0 13.038404810405298 0.9331480955991887 
28 33 8 8 8 0 4.47213595499958 12.165525060596439 0.9744851603670591 
28 35 8 7 8 3 4.0 12.165525060596439 0.9451736468990736 
28 34 8 8 8 2 4.47213595499958 12.165525060596439 0.9332163352127325 
28 33 8 8 8 0 4.0 12.165525060596439 0.9372634532057282 
28 33 8 8 8 1 4.47213595499958 12.165525060596439 0.9080884189648306 
28 32 8 9 8 0 4.0 12.165525060596439 0.9372634532057282 
28 33 8 8 8 1 4.47213595499958 12.165525060596439 0.9080884189648306 
28 32 8 9 8 0 4.0 12.165525060596439 0.9508007543810516 
28 34 8 8 8 3 4.47213595499958 13.341664064126334 0.9332163352127325 
28 33 8 8 8 0 4.0 12.165525060596439 0.9755388764484509 
28 35 8 7 8 3 4.47213595499958 13.038404810405298 0.9332163352127325 
28 33 8 8 8 0 4.0 12.165525060596439 0.9337696721630567 
28 33 8 8 8 0 4.47213595499958 12.649110640673518 0.9332163352127325 
28 33 8 8 8 0 4.0 12.165525060596439 0.9463638422075531 
28 34 8 8 8 2 4.0 13.038404810405298 0.9331480955991887 
28 33 8 8 8 0 4.47213595499958 12.165525060596439 0.9647483628049761 
28 36 8 8 8 4 4.0 15.033296378372908 0.9556244763196936 
28 35 8 8 8 3 4.47213595499958 14.142135623730951 0.9508689939945955 
28 34 8 8 8 3 4.0 13.341664064126334 0.907807421769923 
28 32 8 9 8 0 4.47213595499958 12.0 0.9396204465570742 
28 35 8 9 8 4 4.0 15.033296378372908 0.934611917678331 
28 34 8 9 8 4 4.47213595499958 14.142135623730951 0.9078756613834669 
28 32 8 9 8 0 4.0 12.0 0.9395522069435304 
28 35 8 9 8 4 4.47213595499958 15.033296378372908 0.921625720140154 
28 33 8 9 8 2 4.0 13.341664064126334 0.9080201793512868 
28 32 8 9 8 0 4.47213595499958 12.165525060596439 0.9078756613834669 
28 32 8 9 8 0 4.0 12.0 0.9080884189648306 
28 32 8 9 8 0 4.0 12.165525060596439 0.9379532693831402 
28 33 8 8 8 1 4.0 12.649110640673518 0.9080884189648306 
28 32 8 9 8 0 4.0 12.165525060596439 0.9467536363880559 
28 34 8 8 8 2 4.0 13.341664064126334 0.9080884189648306 
28 32 8 9 8 0 4.0 12.165525060596439 0.9344974633153756 
28 34 8 9 8 4 4.0 14.0 0.9080884189648306 
28 32 8 9 8 0 4.0 12.165525060596439 0.9379532693831402 
28 33 8 8 8 1 4.0 12.649110640673518 0.9080884189648306 
28 32 8 9 8 0 4.0 12.165525060596439 0.9379532693831402 
28 33 8 8 8 1 4.0 12.649110640673518 0.9080884189648306 
28 32 8 9 8 0 4.0 12.165525060596439 0.9504791998140927 
28 34 8 8 8 3 4.0 13.038404810405298 0.9373316928192721 
28 33 8 8 8 1 4.0 12.165525060596439 0.9080884189648306 
28 32 8 9 8 0 4.0 12.165525060596439 0.9545945574206322 
28 34 8 8 8 4 4.0 13.038404810405298 0.9373316928192721 
28 33 8 8 8 1 4.0 12.165525060596439 0.9080884189648306 
28 32 8 9 8 0 4.0 12.165525060596439 0.9344974633153756 
28 34 8 9 8 4 4.0 14.0 0.9080884189648306 
28 32 8 9 8 0 4.0 12.165525060596439 0.9463638422075531 
28 34 8 8 8 2 4.0 13.038404810405298 0.9371189352379083 
28 33 8 8 8 1 4.0 12.0 0.9080884189648306 
28 32 8 9 8 0 4.0 12.165525060596439 0.9396204465570742 
28 35 8 9 8 4 4.0 15.033296378372908 0.9212359259596512 
28 33 8 9 8 2 4.0 13.038404810405298 0.9080884189648306 
28 32 8 9 8 0 4.0 12.165525060596439 0.9545945574206322 
28 34 8 8 8 4 4.0 13.038404810405298 0.9080884189648306 
28 32 8 9 8 0 4.0 12.165525060596439 0.9373316928192721 
28 33 8 8 8 1 4.0 12.165525060596439 0.9080884189648306 
28 32 8 9 8 0 4.0 12.165525060596439 0.9373316928192721 
28 33 8 8 8 1 4.0 12.165525060596439 0.9080884189648306 
28 32 8 9 8 0 4.0 12.165525060596439 0.9647483628049761 
28 36 8 8 8 4 4.0 15.033296378372908 0.9598080735397769 
28 35 8 8 8 4 4.0 14.142135623730951 0.9508689939945955 
28 34 8 8 8 3 4.0 13.341664064126334 0.9338379117766006 
28 33 8 8 8 0 4.0 12.649110640673518 0.9379532693831402 
28 33 8 8 8 1 4.0 12.649110640673518 0.9080884189648306 
28 32 8 9 8 0 4.0 12.165525060596439 0.9212359259596512 
28 33 8 9 8 2 4.0 13.038404810405298 0.9080884189648306 
28 32 8 9 8 0 4.0 12.165525060596439 0.9373316928192721 
28 33 8 8 8 1 4.0 12.165525060596439 0.9080884189648306 
28 32 8 9 8 0 4.0 12.165525060596439 0.9647483628049761 
28 36 8 8 8 4 4.0 15.033296378372908 0.9598080735397769 
28 35 8 8 8 4 4.0 14.142135623730951 0.9463638422075531 
28 34 8 8 8 2 4.0 13.038404810405298 0.9373316928192721 
28 33 8 8 8 1 4.0 12.165525060596439 0.9080884189648306 
28 32 8 9 8 0 4.0 12.165525060596439 0.9598080735397769 
28 35 8 8 8 4 4.0 14.142135623730951 0.9463638422075531 
28 34 8 8 8 2 4.0 13.038404810405298 0.9373316928192721 
28 33 8 8 8 1 4.0 12.165525060596439 0.9080884189648306 
28 32 8 9 8 0 4.0 12.165525060596439 0.9508689939945955 
28 34 8 8 8 3 4.0 13.341664064126334 0.9373316928192721 
28 33 8 8 8 1 4.0 12.165525060596439 0.9080884189648306 
28 32 8 9 8 0 4.0 12.165525060596439 0.9545945574206322 
28 34 8 8 8 4 4.0 13.038404810405298 0.9212359259596512 
28 33 8 9 8 2 4.0 13.038404810405298 0.9078756613834669 
28 32 8 9 8 0 4.0 12.0 0.9346801572918748 
28 34 8 9 8 4 4.0 14.142135623730951 0.9087099955286987 
28 32 8 9 8 0 4.0 12.649110640673518 0.9596253795632778 
28 35 8 8 8 4 4.0 14.0 0.9338379117766006 
28 33 8 8 8 0 4.0 12.649110640673518 0.9504791998140927 
28 34 8 8 8 3 4.0 13.038404810405298 0.9338379117766006 
28 33 8 8 8 0 4.0 12.649110640673518 0.9647483628049761 
28 36 8 8 8 4 4.0 15.033296378372908 0.9463638422075531 
28 34 8 8 8 2 4.0 13.038404810405298 0.9373316928192721 
28 33 8 8 8 1 4.0 12.165525060596439 0.9080884189648306 
28 32 8 9 8 0 4.0 12.165525060596439 0.921625720140154 
28 33 8 9 8 2 4.0 13.341664064126334 0.9080884189648306 
28 32 8 9 8 0 4.0 12.165525060596439 0.9080884189648306 
28 32 8 9 8 0 4.0 12.165525060596439 0.9346801572918748 
28 34 8 9 8 4 4.0 14.142135623730951 0.9087099955286987 
28 32 8 9 8 0 4.0 12.649110640673518 0.9379532693831402 
28 33 8 8 8 1 4.0 12.649110640673518 0.9087099955286987 
28 32 8 9 8 0 4.0 12.649110640673518 0.9504791998140927 
28 34 8 8 8 3 4.0 13.038404810405298 0.9087099955286987 
28 32 8 9 8 0 4.0 12.649110640673518 0.9504791998140927 
28 34 8 8 8 3 4.0 13.038404810405298 0.9379532693831402 
28 33 8 8 8 1 4.0 12.649110640673518 0.9087099955286987 
28 32 8 9 8 0 4.0 12.649110640673518 0.9545945574206322 
28 34 8 8 8 4 4.0 13.038404810405298 0.9420686269896796 
28 33 8 8 8 2 4.0 12.649110640673518 0.9087099955286987 
28 32 8 9 8 0 4.0 12.649110640673518 0.9504791998140927 
28 34 8 8 8 3 4.0 13.038404810405298 0.9338379117766006 
28 33 8 8 8 0 4.0 12.649110640673518 0.9463638422075531 
28 34 8 8 8 2 4.0 13.038404810405298 0.9338379117766006 
28 33 8 8 8 0 4.0 12.649110640673518 0.9332163352127325 
28 33 8 8 8 0 4.0 12.165525060596439 0.9332163352127325 
28 33 8 8 8 0 4.0 12.165525060596439 0.9337696721630567 
28 33 8 8 8 0 4.47213595499958 12.649110640673518 0.9756071160619948 
28 35 8 7 8 3 4.0 13.038404810405298 0.9630811856310421 
28 34 8 7 8 1 4.0 12.649110640673518 0.9338379117766006 
28 33 8 8 8 0 4.0 12.649110640673518 0.9838378312750738 
28 35 8 7 8 5 4.0 13.038404810405298 0.9338379117766006 
28 33 8 8 8 0 4.0 12.649110640673518 0.9379532693831402 
28 33 8 8 8 1 4.0 12.649110640673518 0.9087099955286987 
28 32 8 9 8 0 4.0 12.649110640673518 0.9596253795632778 
28 35 8 8 8 4 4.0 14.0 0.9463638422075531 
28 34 8 8 8 2 4.0 13.038404810405298 0.9379532693831402 
28 33 8 8 8 1 4.0 12.649110640673518 0.9087099955286987 
28 32 8 9 8 0 4.0 12.649110640673518 0.9396204465570742 
28 35 8 9 8 4 4.0 15.033296378372908 0.9212359259596512 
28 33 8 9 8 2 4.0 13.038404810405298 0.9078756613834669 
28 32 8 9 8 0 4.0 12.0 0.9212359259596512 
28 33 8 9 8 2 4.0 13.038404810405298 0.9080884189648306 
28 32 8 9 8 0 4.0 12.165525060596439 0.9508689939945955 
28 34 8 8 8 3 4.0 13.341664064126334 0.9379532693831402 
28 33 8 8 8 1 4.0 12.649110640673518 0.9080884189648306 
28 32 8 9 8 0 4.0 12.165525060596439 0.9212359259596512 
28 33 8 9 8 2 4.0 13.038404810405298 0.9078756613834669 
28 32 8 9 8 0 4.0 12.0 0.9344974633153756 
28 34 8 9 8 4 4.0 14.0 0.9212359259596512 
28 33 8 9 8 2 4.0 13.038404810405298 0.9080884189648306 
28 32 8 9 8 0 4.0 12.165525060596439 0.9078756613834669 
28 32 8 9 8 0 4.0 12.0 0.9379532693831402 
28 33 8 8 8 1 4.0 12.649110640673518 0.9078756613834669 
28 32 8 9 8 0 4.0 12.0 0.9371189352379083 
28 33 8 8 8 1 4.0 12.0 0.9078756613834669 
28 32 8 9 8 0 4.0 12.0 0.9412342928444478 
28 33 8 8 8 2 4.0 12.0 0.9078756613834669 
28 32 8 9 8 0 4.0 12.0 0.9412342928444478 
28 33 8 8 8 2 4.0 12.0 0.9078756613834669 
28 32 8 9 8 0 4.0 12.0 0.9373316928192721 
28 33 8 8 8 1 4.0 12.165525060596439 0.9078756613834669 
28 32 8 9 8 0 4.0 12.0 0 
