140 140 0 0 14 14 16.0 16.0 1.3071618277986905 
139 138 0 0 19 17 16.0 13.038404810405298 1.3289906908272624 
135 136 0 0 22 19 14.142135623730951 15.033296378372908 1.3428966014184005 
131 135 0 0 25 19 14.142135623730951 15.033296378372908 1.355672790316267 
129 133 0 0 28 21 14.142135623730951 15.033296378372908 1.3786009283960885 
125 132 0 0 29 24 14.142135623730951 15.033296378372908 1.382760966978547 
125 131 0 0 37 22 14.142135623730951 15.033296378372908 1.38801613479889 
117 130 0 0 32 21 14.142135623730951 16.0 1.3885090868098384 
111 128 0 0 30 20 13.038404810405298 16.0 1.3957798714613803 
110 127 0 0 36 19 12.649110640673518 16.0 1.407558850823987 
109 126 0 0 40 20 12.649110640673518 16.0 1.4365532433115946 
103 125 0 0 39 24 12.0 16.0 1.509026364048299 
101 124 0 0 43 38 12.0 16.0 1.5247029502378417 
95 123 0 0 40 40 12.0 16.0 1.5742136110317784 
91 119 0 0 55 45 11.40175425099138 16.0 1.528604681869496 
90 118 0 0 53 36 11.40175425099138 16.0 1.5453190335909786 
84 116 0 0 38 45 11.40175425099138 16.0 1.5918047822469141 
74 114 1 0 32 53 10.770329614269007 16.0 1.6244854752223636 
73 113 1 0 36 59 10.295630140987 15.033296378372908 1.5447476729356546 
73 111 1 0 38 42 10.770329614269007 15.033296378372908 1.5344340304744932 
72 110 1 0 40 39 10.770329614269007 15.033296378372908 1.5527888120139381 
64 109 2 0 32 42 10.0 15.033296378372908 1.5524829926858754 
60 107 3 0 31 41 10.0 15.033296378372908 1.5001816662851186 
56 105 3 0 32 28 9.486832980505138 15.033296378372908 1.571016381965687 
56 104 3 0 40 41 9.486832980505138 15.033296378372908 1.5637738540061352 
57 103 3 0 42 40 9.486832980505138 15.033296378372908 1.558621747402634 
51 102 4 0 32 40 8.94427190999916 15.033296378372908 1.48198041532664 
53 96 3 0 37 28 8.94427190999916 15.033296378372908 1.4630413570036018 
52 95 3 0 35 25 8.94427190999916 15.033296378372908 1.464038566538862 
51 94 3 0 34 26 8.94427190999916 15.033296378372908 1.454212969618993 
45 93 4 0 26 24 8.94427190999916 15.033296378372908 1.426289514575014 
37 92 5 0 15 18 7.0710678118654755 15.033296378372908 1.435379048632398 
37 91 5 0 19 19 5.830951894845301 15.033296378372908 1.4504033750120242 
45 90 4 0 30 24 8.0 15.033296378372908 1.4453172010179416 
46 89 4 0 33 23 8.0 15.033296378372908 1.4294492571965123 
47 88 4 0 31 22 8.0 15.033296378372908 1.4459405076562366 
39 87 5 0 20 26 6.324555320336759 15.033296378372908 1.4386979796966846 
40 86 5 0 22 25 6.324555320336759 15.033296378372908 1.4139957752979935 
38 85 5 0 20 20 5.0990195135927845 15.033296378372908 1.4122338990398888 
37 83 5 0 19 22 5.656854249492381 13.038404810405298 1.42480919988512 
38 82 5 0 22 25 6.324555320336759 13.038404810405298 1.4156459169388016 
40 81 4 0 30 22 6.324555320336759 13.038404810405298 1.4381149515831653 
40 80 4 0 30 28 6.324555320336759 13.038404810405298 1.405973456182358 
40 79 4 0 30 22 6.324555320336759 12.165525060596439 1.3870638205962573 
42 78 4 0 30 20 6.324555320336759 12.165525060596439 1.386459879930885 
36 76 5 0 22 21 5.830951894845301 12.165525060596439 1.3620682373796145 
32 74 6 0 16 17 5.656854249492381 12.165525060596439 1.3511369596122456 
32 72 6 0 17 16 5.656854249492381 12.0 1.3323441600537929 
34 71 6 1 21 17 5.0990195135927845 12.0 1.3367711776444533 
34 70 6 1 23 18 5.830951894845301 12.0 1.32022786725187 
36 68 6 2 24 22 7.615773105863909 12.0 1.2979134952801783 
34 67 6 2 21 18 5.830951894845301 12.0 1.3073812163889016 
36 66 6 2 24 21 7.615773105863909 12.0 1.2586794000953074 
34 65 6 3 21 16 5.830951894845301 12.0 1.2770370781504456 
36 64 6 3 24 21 7.615773105863909 12.0 1.259167684651961 
34 63 6 3 21 18 5.830951894845301 12.0 1.2541262241703923 
35 62 6 3 22 18 6.324555320336759 12.0 1.269226481536962 
29 61 7 3 13 22 4.0 12.0 1.2421640020890636 
28 60 7 3 12 17 4.0 11.045361017187261 1.239366452602719 
29 59 7 3 14 17 4.0 11.045361017187261 1.2376746311511386 
28 58 7 3 14 17 4.0 10.770329614269007 1.239322060138001 
29 57 7 3 16 18 4.0 10.770329614269007 1.2573461163091573 
29 56 7 3 16 23 4.0 10.770329614269007 1.236900923472252 
30 55 7 3 16 20 4.0 10.770329614269007 1.233453154534305 
29 54 7 3 15 20 4.0 10.770329614269007 1.1846958969577128 
29 50 7 4 15 18 4.0 10.0 1.1671601253432105 
29 49 7 4 15 15 4.0 10.0 1.1564786133610765 
27 48 8 4 12 13 4.0 10.0 1.152277777166196 
27 47 8 4 12 13 4.0 10.0 1.1614118763909376 
27 46 8 4 12 16 4.0 10.0 1.1483210832496424 
27 45 8 4 12 14 4.0 10.0 1.1090869880647718 
27 43 8 5 12 12 4.0 10.0 1.0927692430433427 
27 41 8 5 12 11 4.0 7.615773105863909 1.084436971575267 
31 40 7 5 19 10 4.47213595499958 7.615773105863909 1.0754776137071669 
27 39 8 5 12 9 4.0 7.615773105863909 1.045202876390396 
31 38 7 6 19 8 4.47213595499958 7.615773105863909 1.0406884969955035 
27 37 8 6 12 8 4.0 7.615773105863909 1.036801204000635 
31 36 7 6 19 8 4.47213595499958 7.615773105863909 1.0322868246057424 
27 35 8 6 12 8 4.0 7.615773105863909 1.0239545531376666 
31 34 7 6 19 7 4.47213595499958 7.615773105863909 1.019440173742774 
27 33 8 6 12 7 4.0 7.615773105863909 0.9936104148992104 
31 32 7 7 19 7 4.47213595499958 7.615773105863909 0.9885068929177656 
27 31 8 7 12 7 4.0 7.211102550927978 0.9788839351811667 
31 30 7 7 19 6 4.47213595499958 6.324555320336759 0.9728988937203211 
31 29 7 7 19 6 4.47213595499958 5.0990195135927845 0.9686980575254407 
31 28 7 7 19 6 4.47213595499958 5.0990195135927845 0.9608643706367723 
31 27 7 7 19 5 4.47213595499958 5.656854249492381 0.9302760901199895 
31 26 7 8 19 4 4.47213595499958 5.656854249492381 0.926075253925109 
31 25 7 8 19 4 4.47213595499958 5.656854249492381 0.9198155245740266 
31 24 7 8 19 4 4.47213595499958 4.242640687119285 0.9159488007430713 
31 23 7 8 19 4 4.47213595499958 4.47213595499958 0.9053960192981293 
31 22 7 8 19 3 4.47213595499958 3.1622776601683795 0.8678178284086642 
31 21 7 9 19 1 4.47213595499958 1.4142135623730951 -1 
