140 140 0 0 14 14 16.0 16.0 1.0169740008149328 
138 139 0 0 17 17 16.0 14.142135623730951 1.024277591856014 
134 138 0 0 16 19 12.649110640673518 16.0 1.0223074559435925 
132 137 0 0 16 16 12.649110640673518 16.0 1.0229870161063122 
130 136 0 0 16 16 13.341664064126334 16.0 1.0255804642484205 
128 134 0 0 16 19 14.142135623730951 16.0 1.0261865756349255 
126 133 0 0 14 18 14.142135623730951 16.0 1.0273948501857335 
124 132 0 0 16 19 14.142135623730951 16.0 1.02578486823141 
122 130 0 0 15 17 14.142135623730951 16.0 1.0301994856857335 
120 129 0 0 16 21 14.142135623730951 16.0 1.0279314756865352 
118 127 0 0 17 19 14.142135623730951 16.0 1.0265914353787025 
116 126 0 0 18 17 14.142135623730951 16.0 1.0284888779100456 
114 124 0 0 18 19 14.142135623730951 16.0 1.0284681011873367 
112 122 0 0 18 19 14.142135623730951 16.0 1.0302824871246499 
108 120 0 0 18 19 14.142135623730951 16.0 1.031847708138181 
106 119 0 0 16 19 14.142135623730951 16.0 1.0328742873684158 
105 117 0 0 16 21 14.0 16.0 1.0337685294568713 
103 116 0 0 17 21 13.038404810405298 16.0 1.0380579798894043 
99 115 0 0 19 23 12.165525060596439 16.0 1.0449657880486247 
95 114 0 0 18 27 12.165525060596439 16.0 1.0688782531267655 
87 113 1 0 15 32 12.165525060596439 16.0 1.0412319828305496 
83 105 1 1 15 21 12.165525060596439 16.0 1.0663663231745368 
82 104 2 1 15 35 12.165525060596439 16.0 1.0612593050959007 
81 103 2 1 13 29 12.165525060596439 16.0 1.062576208909916 
80 102 2 1 13 30 11.045361017187261 16.0 1.05522195755479 
79 101 2 1 12 22 11.045361017187261 16.0 1.0519636979929052 
77 100 2 1 13 18 11.045361017187261 16.0 1.0538300005885877 
75 99 2 1 13 19 11.045361017187261 16.0 1.0519013929731813 
74 98 2 1 13 17 11.045361017187261 16.0 1.053152181762032 
72 97 2 1 13 17 10.0 16.0 1.0719952088363494 
66 96 3 1 14 20 10.0 16.0 1.0729118021643969 
64 95 3 1 12 19 9.055385138137417 16.0 1.0740849594848694 
62 94 3 1 12 19 8.246211251235321 16.0 1.0734896311681823 
60 93 3 1 12 18 9.899494936611665 16.0 1.0735997752270359 
59 92 3 1 11 17 7.615773105863909 16.0 1.0773842970767706 
57 91 3 1 11 20 7.615773105863909 16.0 1.0783330183424422 
56 90 3 1 11 21 7.615773105863909 16.0 1.0906978519529387 
55 89 4 1 9 21 7.615773105863909 16.0 1.0911770177401827 
53 88 4 1 9 20 6.0 16.0 1.0921257390058543 
52 87 4 1 9 21 6.0 16.0 1.0906647232743314 
48 85 4 1 9 18 7.211102550927978 16.0 1.0919786432264764 
47 84 4 1 10 19 5.0990195135927845 16.0 1.0925622034721596 
43 83 4 1 10 17 5.830951894845301 16.0 1.1054785376266587 
42 82 5 1 8 18 7.0710678118654755 16.0 1.1061261773101787 
41 81 5 1 6 18 7.0710678118654755 16.0 1.1064759429069222 
40 79 5 1 5 19 7.0710678118654755 16.0 1.1064655545455677 
39 78 5 1 5 19 7.0710678118654755 16.0 1.1073267200172805 
37 77 5 1 5 19 7.211102550927978 16.0 1.1062371236575401 
36 76 5 1 5 18 5.656854249492381 15.033296378372908 1.1052955581094455 
35 75 5 1 2 16 5.656854249492381 15.033296378372908 1.1059152653526796 
34 74 5 1 3 17 5.656854249492381 15.033296378372908 1.1160640056223476 
33 72 6 1 2 16 5.656854249492381 15.033296378372908 1.1015700293816126 
32 71 6 2 1 15 7.211102550927978 15.033296378372908 1.1018886550426954 
31 70 6 2 0 15 7.211102550927978 15.033296378372908 1.101142531415635 
31 69 6 2 1 15 5.656854249492381 15.033296378372908 1.0882543434560288 
30 68 6 3 1 15 4.242640687119285 15.033296378372908 1.0877218989981017 
29 67 6 3 1 15 5.830951894845301 15.033296378372908 1.097510485309671 
28 66 7 3 1 13 5.830951894845301 15.033296378372908 1.098275735122284 
27 65 7 3 0 13 4.47213595499958 15.033296378372908 1.0975590159433222 
27 64 7 3 1 13 2.8284271247461903 15.033296378372908 1.0939561260791224 
26 62 7 3 1 11 5.0990195135927845 15.033296378372908 1.0915379911655982 
25 60 8 4 0 11 5.656854249492381 15.033296378372908 1.0909994221189885 
25 59 8 4 0 11 4.47213595499958 15.033296378372908 1.102316827039855 
24 58 9 4 0 11 5.656854249492381 15.033296378372908 1.100819148366219 
24 57 9 4 0 10 4.47213595499958 15.033296378372908 1.099087253656813 
24 56 9 4 0 9 4.0 15.033296378372908 1.098004099356462 
24 55 9 4 0 9 4.47213595499958 15.033296378372908 1.0829295724590067 
24 54 9 5 0 8 4.0 15.033296378372908 1.0812647658268648 
24 53 9 5 0 8 4.47213595499958 14.142135623730951 1.081451090371511 
24 52 9 5 0 9 4.0 14.142135623730951 1.079408826444134 
24 51 9 5 0 8 4.47213595499958 14.142135623730951 1.0776769317347281 
24 50 9 5 0 7 4.0 14.142135623730951 1.074675558180325 
24 49 9 5 0 5 4.47213595499958 14.142135623730951 1.0739027730979454 
24 48 9 5 0 5 4.0 14.142135623730951 1.07377872842462 
24 47 9 5 0 6 4.47213595499958 14.142135623730951 1.0587042015271648 
24 46 9 6 0 5 4.0 14.142135623730951 1.0566619375997872 
24 45 9 6 0 4 4.47213595499958 14.142135623730951 1.0558891525174077 
24 44 9 6 0 4 4.0 14.142135623730951 1.0538468885900303 
24 43 9 6 0 3 4.47213595499958 14.142135623730951 1.0530741035076507 
24 42 9 6 0 3 4.0 14.142135623730951 1.0519909492072994 
24 41 9 6 0 3 4.47213595499958 14.142135623730951 1.0512181641249199 
24 40 9 6 0 3 4.0 14.142135623730951 1.036792377636519 
24 39 9 7 0 3 4.47213595499958 14.142135623730951 1.0360195925541393 
24 38 9 7 0 3 4.0 14.142135623730951 1.0349364382537882 
24 37 9 7 0 3 4.47213595499958 14.142135623730951 1.0341636531714085 
24 36 9 7 0 3 4.0 14.142135623730951 1.0315989289059264 
24 35 9 7 0 2 4.47213595499958 13.341664064126334 1.0155652923814449 
24 34 9 8 0 0 4.0 13.341664064126334 1.0018766865325885 
24 23 9 8 0 0 4.47213595499958 8.246211251235321 1.0088831503838747 
22 25 9 8 2 4 2.0 7.211102550927978 1.0053055136248232 
21 23 9 8 1 0 1.4142135623730951 8.246211251235321 1 
