140 140 0 0 14 14 16.0 16.0 1.206320601568384 
139 139 0 0 19 17 16.0 13.038404810405298 1.2201266876141998 
135 135 0 0 22 19 13.038404810405298 15.033296378372908 1.2375515160579005 
131 134 0 0 25 20 15.033296378372908 15.033296378372908 1.2433881974328143 
127 133 0 0 25 19 14.0 16.0 1.2693203763916676 
123 132 0 0 28 22 14.0 16.0 1.2952696345478367 
123 131 0 0 38 25 14.0 16.0 1.314111654139859 
117 130 0 0 38 26 13.038404810405298 16.0 1.3494356619163548 
116 129 0 0 43 33 13.038404810405298 15.033296378372908 1.3324658958916946 
110 128 0 0 39 27 14.0 15.033296378372908 1.3923753049126983 
104 127 0 0 37 39 14.0 15.033296378372908 1.3953212423443966 
105 126 0 0 45 38 15.033296378372908 15.033296378372908 1.3954953710368585 
99 122 0 0 43 38 14.0 15.033296378372908 1.4017452363483294 
89 121 1 0 29 38 14.0 15.033296378372908 1.3740293169192028 
89 119 1 0 43 27 14.0 15.033296378372908 1.4118575536719717 
83 118 1 0 40 34 14.0 15.033296378372908 1.3807107330498223 
73 116 2 0 30 24 14.0 15.033296378372908 1.4013420941637527 
72 114 2 0 35 28 14.0 15.033296378372908 1.4320698310188753 
71 113 2 0 39 34 14.0 15.033296378372908 1.4528194612158885 
65 111 2 0 33 39 14.0 15.033296378372908 1.4491117735968926 
65 110 2 0 33 39 14.0 15.033296378372908 1.3961761096939083 
64 102 3 0 32 32 14.0 15.033296378372908 1.393380857930556 
62 101 3 0 32 31 14.0 14.142135623730951 1.393835121822783 
56 100 4 0 24 30 14.0 14.142135623730951 1.396408193773716 
54 99 4 0 24 30 13.038404810405298 14.142135623730951 1.395692907467939 
48 98 5 0 13 30 13.038404810405298 14.142135623730951 1.3586564487354515 
46 96 5 0 11 22 11.40175425099138 14.142135623730951 1.3381659011100357 
45 92 5 0 13 19 11.40175425099138 14.142135623730951 1.338701678213253 
43 91 5 0 12 19 12.0 14.142135623730951 1.3442162734071086 
39 90 6 0 8 19 11.40175425099138 14.142135623730951 1.3489310633614757 
37 89 6 0 7 20 11.40175425099138 14.142135623730951 1.358553319007732 
36 88 7 0 6 22 11.40175425099138 14.142135623730951 1.3703225872398639 
35 87 7 0 6 25 10.198039027185569 14.142135623730951 1.35767769768939 
34 86 7 0 6 22 9.055385138137417 14.142135623730951 1.3618785206032535 
33 85 7 0 11 21 8.0 14.142135623730951 1.3602254772110232 
32 84 7 0 8 22 7.0710678118654755 14.142135623730951 1.35717485365077 
30 83 7 0 7 21 5.0990195135927845 14.142135623730951 1.3687079684262426 
29 81 7 0 9 24 4.0 14.142135623730951 1.373564004165602 
27 80 7 0 6 26 6.324555320336759 14.142135623730951 1.3746523304322895 
26 79 7 0 7 26 6.324555320336759 14.142135623730951 1.370233458515642 
24 78 8 0 3 25 4.47213595499958 14.142135623730951 1.3619507283161825 
23 76 9 0 2 24 5.0990195135927845 12.649110640673518 1.339060986135697 
22 75 9 0 3 18 2.8284271247461903 12.649110640673518 1 
