140 140 0 0 14 14 16.0 16.0 1.3529824149303944 
139 139 0 0 19 17 16.0 13.038404810405298 1.3880075286117382 
135 138 0 0 22 20 13.038404810405298 15.033296378372908 1.3777109638077318 
131 136 0 0 25 16 13.038404810405298 15.033296378372908 1.3884751174640595 
127 134 0 0 25 17 14.142135623730951 16.0 1.4138158163659436 
123 133 0 0 28 19 14.142135623730951 16.0 1.42855862005035 
123 131 0 0 38 20 14.142135623730951 16.0 1.4484729051818321 
117 130 0 0 38 21 13.038404810405298 15.033296378372908 1.4636647392236781 
113 128 0 0 36 24 14.0 15.033296378372908 1.4862477215606638 
107 127 0 0 34 26 14.0 15.033296378372908 1.5695370654919243 
105 125 0 0 39 41 14.0 15.033296378372908 1.4879271910201202 
101 117 0 1 46 32 14.0 15.033296378372908 1.450816365365918 
91 116 1 1 34 23 14.0 15.033296378372908 1.4472046009263047 
81 115 1 1 19 22 12.0 15.033296378372908 1.415746140674142 
77 109 1 1 19 19 12.0 15.033296378372908 1.4549858343688733 
76 108 1 1 19 27 12.0 15.033296378372908 1.4519687855009777 
70 107 2 1 16 24 12.0 15.033296378372908 1.458774230291289 
70 106 2 1 22 24 12.0 15.033296378372908 1.4456870695500441 
62 102 3 1 18 21 12.0 15.033296378372908 1.4392417356896627 
56 98 4 1 13 21 10.198039027185569 15.033296378372908 1.4481707710205585 
56 96 4 1 15 24 10.770329614269007 15.033296378372908 1.4699117470051601 
55 92 4 1 19 30 10.770329614269007 15.033296378372908 1.4955693759868585 
54 91 4 1 25 33 10.770329614269007 15.033296378372908 1.474271504757203 
53 89 4 1 33 27 10.770329614269007 15.033296378372908 1.488309842204295 
47 87 4 1 29 29 8.94427190999916 15.033296378372908 1.4368957910925033 
41 85 5 1 22 19 8.0 15.033296378372908 1.4270165457059119 
37 84 6 1 14 18 8.0 15.033296378372908 1.4478642181458126 
36 83 6 1 15 22 8.0 15.033296378372908 1.4038615216730177 
28 77 7 1 5 17 3.1622776601683795 15.033296378372908 1.401124386821179 
27 76 8 1 4 17 7.211102550927978 15.033296378372908 1.3847282208524152 
26 74 8 1 4 15 5.830951894845301 15.033296378372908 1.379848292885584 
26 73 8 1 4 15 5.0990195135927845 15.033296378372908 1.3679843859686371 
26 72 8 1 4 14 5.0990195135927845 14.142135623730951 1.3832787342711417 
26 71 8 1 4 18 5.0990195135927845 14.142135623730951 1.3629209541677696 
26 70 8 1 4 15 5.0990195135927845 14.142135623730951 1.3527494964660767 
26 69 8 1 4 14 5.0990195135927845 14.142135623730951 1.3425780387643838 
26 68 8 1 4 13 5.0990195135927845 14.142135623730951 1.3091212269100874 
26 66 8 2 4 13 5.0990195135927845 14.142135623730951 1.304042930409234 
26 65 8 2 4 13 5.0990195135927845 14.142135623730951 1.3040577951092198 
26 64 8 2 4 14 5.0990195135927845 14.142135623730951 1.2756941444557632 
26 62 8 3 4 15 5.0990195135927845 14.142135623730951 1.2553512290523774 
26 60 8 3 4 13 5.0990195135927845 14.142135623730951 1.2167863912972559 
26 59 8 4 4 11 5.0990195135927845 14.142135623730951 1.206614933595563 
26 58 8 4 4 10 5.0990195135927845 14.142135623730951 1.1782512829421061 
26 56 8 5 4 11 5.0990195135927845 14.142135623730951 1.1525304045658347 
26 55 8 5 4 7 5.0990195135927845 14.0 1.15763843046666 
26 54 8 5 4 9 5.0990195135927845 14.0 1.1848810763817075 
25 53 8 5 3 15 4.47213595499958 14.0 1.1525123898934801 
24 52 9 5 2 9 5.0990195135927845 14.0 1.1474340933926268 
24 51 9 5 2 9 5.0990195135927845 14.0 1.1423557968917732 
24 50 9 5 2 9 5.0990195135927845 14.0 1.1372775003909197 
24 49 9 5 2 9 5.0990195135927845 14.0 1.1321992038900661 
24 48 9 5 2 9 5.0990195135927845 14.0 1.1271209073892126 
24 47 9 5 2 9 5.0990195135927845 14.0 1.0936492308349304 
24 46 9 6 2 8 5.0990195135927845 14.0 1.0500060965789555 
24 44 9 7 2 6 5.0990195135927845 14.0 1.0380084240046434 
24 43 9 7 2 5 5.0990195135927845 13.038404810405298 1.0329301275037899 
24 42 9 7 2 5 5.0990195135927845 13.038404810405298 1.0278518310029363 
24 41 9 7 2 5 5.0990195135927845 13.038404810405298 1.022773534502083 
24 40 9 7 2 5 5.0990195135927845 13.038404810405298 1.0176952380012296 
24 39 9 7 2 5 5.0990195135927845 13.038404810405298 1.012616941500376 
24 38 9 7 2 5 5.0990195135927845 13.038404810405298 1.0007877529797706 
24 37 9 7 2 4 5.0990195135927845 12.165525060596439 0.9957094564789172 
24 36 9 7 2 4 5.0990195135927845 12.165525060596439 0.9571446187237959 
24 35 9 8 2 2 5.0990195135927845 12.165525060596439 0.9469731610221028 
24 34 9 8 2 1 5.0990195135927845 12.165525060596439 0.9368017033204098 
24 33 9 8 2 0 5.0990195135927845 12.165525060596439 0.9710848238890661 
24 35 9 8 2 4 5.0990195135927845 14.142135623730951 0.948630891841015 
24 34 9 8 2 1 5.0990195135927845 13.038404810405298 0.9368017033204098 
24 33 9 8 2 0 5.0990195135927845 12.165525060596439 0.948630891841015 
24 34 9 8 2 1 5.0990195135927845 13.038404810405298 0.9368017033204098 
24 33 9 8 2 0 5.0990195135927845 12.165525060596439 0.839141562392715 
24 21 9 9 2 0 5.0990195135927845 5.0990195135927845 0.8789287464753928 
24 22 9 8 6 2 4.0 1.4142135623730951 0.8435557887105325 
24 21 9 9 6 0 4.47213595499958 3.1622776601683795 0.9076597167676835 
24 24 9 8 6 4 4.0 5.830951894845301 0.8756124701107894 
24 22 9 8 6 0 4.47213595499958 5.0990195135927845 0.8917860098764194 
24 23 9 8 6 3 4.0 2.8284271247461903 0.8435557887105325 
24 21 9 9 6 0 4.47213595499958 3.1622776601683795 0.8840288601241905 
24 24 9 9 6 4 4.0 5.656854249492381 0.8648260517311311 
24 22 9 9 6 2 4.47213595499958 6.324555320336759 0.8473619131858182 
24 21 9 9 6 0 4.0 5.0990195135927845 0.8509791730891341 
24 21 9 9 6 0 4.47213595499958 7.0710678118654755 0.8968791710772589 
24 23 9 8 6 4 4.0 2.8284271247461903 0.8509791730891341 
24 21 9 9 6 0 4.47213595499958 7.0710678118654755 0.8789287464753928 
24 22 9 8 6 2 4.0 1.4142135623730951 0.8472339547573468 
24 21 9 9 6 0 4.47213595499958 5.0990195135927845 0.9152505772436936 
24 25 9 8 6 5 4.0 4.47213595499958 0.9045153148489745 
24 24 9 8 6 4 4.47213595499958 4.242640687119285 0.8917860098764194 
24 23 9 8 6 3 4.0 2.8284271247461903 0.8509791730891341 
24 21 9 9 6 0 4.47213595499958 7.0710678118654755 0.8792812014142409 
24 23 9 9 6 4 4.0 5.830951894845301 0.8648260517311311 
24 22 9 9 6 2 4.47213595499958 6.324555320336759 0.8473619131858182 
24 21 9 9 6 0 4.0 5.0990195135927845 0.9100294576143826 
24 25 9 8 6 4 4.47213595499958 4.47213595499958 0.8902127013236487 
24 23 9 8 6 3 4.0 2.0 0.8737076268460818 
24 22 9 8 6 1 4.47213595499958 1.4142135623730951 0.8473619131858182 
24 21 9 9 6 0 4.0 5.0990195135927845 0.9045153148489745 
24 24 9 8 6 4 4.47213595499958 4.242640687119285 0.88669284867558 
24 23 9 8 6 2 4.0 2.8284271247461903 0.8770274652648146 
24 22 9 8 6 1 4.47213595499958 3.1622776601683795 0.8473619131858182 
24 21 9 9 6 0 4.0 5.0990195135927845 0.9045153148489745 
24 24 9 8 6 4 4.47213595499958 4.242640687119285 0.88669284867558 
24 23 9 8 6 2 4.0 2.8284271247461903 0.8472339547573468 
24 21 9 9 6 0 4.47213595499958 5.0990195135927845 0.9076846614983511 
24 24 9 8 6 5 4.0 3.1622776601683795 0.8865648902471085 
24 23 9 8 6 2 4.47213595499958 2.8284271247461903 0.8738355852745533 
24 22 9 8 6 1 4.0 1.4142135623730951 0.8509791730891341 
24 21 9 9 6 0 4.47213595499958 7.0710678118654755 0.8792812014142409 
24 23 9 9 6 4 4.0 5.830951894845301 0.8648260517311311 
24 22 9 9 6 2 4.47213595499958 6.324555320336759 0.8473619131858182 
24 21 9 9 6 0 4.0 5.0990195135927845 0.9152311699224477 
24 25 9 8 6 4 4.47213595499958 7.211102550927978 0.8923802331651651 
24 24 9 8 6 1 4.0 5.830951894845301 0.8795002198093178 
24 23 9 8 6 0 4.47213595499958 4.47213595499958 0.9252576864307015 
24 24 9 7 6 4 4.0 2.8284271247461903 0.8795002198093178 
24 23 9 8 6 0 4.47213595499958 4.47213595499958 0.9124073754776328 
24 25 9 8 6 4 4.0 5.656854249492381 0.8943289924472956 
24 24 9 8 6 2 4.47213595499958 4.242640687119285 0.88669284867558 
24 23 9 8 6 2 4.0 2.8284271247461903 0.8435557887105325 
24 21 9 9 6 0 4.47213595499958 3.1622776601683795 0.877155423693286 
24 22 9 8 6 1 4.0 3.1622776601683795 0.8435557887105325 
24 21 9 9 6 0 4.47213595499958 3.1622776601683795 0.910157416042854 
24 25 9 8 6 4 4.0 4.47213595499958 0.8896865422109967 
24 23 9 8 6 2 4.47213595499958 4.47213595499958 0.843683747139004 
24 21 9 9 6 0 4.0 3.1622776601683795 0.891658051447948 
24 23 9 8 6 3 4.47213595499958 2.8284271247461903 0.8859267509409398 
24 22 9 8 6 2 4.0 5.0990195135927845 0.8435557887105325 
24 21 9 9 6 0 4.47213595499958 3.1622776601683795 0.9215194205468723 
24 26 9 8 6 5 4.0 5.0990195135927845 0.8973703806682006 
24 24 9 8 6 3 4.47213595499958 3.1622776601683795 0.88669284867558 
24 23 9 8 6 2 4.0 2.8284271247461903 0.8872137876664935 
24 22 9 8 6 3 4.47213595499958 3.1622776601683795 0.8454570699211107 
24 21 9 9 6 1 4.0 1.4142135623730951 -1 
