140 140 0 0 14 14 16.0 16.0 1.07176205054495 
138 138 0 0 17 17 16.0 14.142135623730951 1.077867640051403 
134 136 0 0 16 21 13.038404810405298 16.0 1.078307829858813 
132 134 0 0 16 22 13.038404810405298 16.0 1.0808137270394627 
130 133 0 0 16 24 13.038404810405298 16.0 1.0774102408803032 
128 131 0 0 16 22 13.038404810405298 15.033296378372908 1.0753429564248367 
126 130 0 0 14 20 15.033296378372908 15.033296378372908 1.0789173465973123 
124 129 0 0 16 23 15.033296378372908 15.033296378372908 1.074875807705243 
122 127 0 0 15 20 15.033296378372908 15.033296378372908 1.0786698741539709 
120 125 0 0 16 24 15.033296378372908 15.033296378372908 1.0779525323700512 
118 123 0 0 17 24 15.033296378372908 15.033296378372908 1.0804287500175327 
116 122 0 0 18 26 15.033296378372908 15.033296378372908 1.079551091023697 
114 121 0 0 18 25 15.033296378372908 15.033296378372908 1.0775455799716993 
112 120 0 0 18 23 15.033296378372908 15.033296378372908 1.0802414738954331 
110 118 0 0 18 26 15.033296378372908 15.033296378372908 1.081619519017921 
108 117 0 0 18 27 15.033296378372908 15.033296378372908 1.074760856109192 
102 116 0 0 17 19 15.033296378372908 14.0 1.093420540194333 
101 115 1 0 17 26 15.033296378372908 14.0 1.0937004127918273 
99 114 1 0 16 26 15.033296378372908 14.0 1.0946401514729835 
95 110 1 0 14 28 15.033296378372908 14.0 1.0826739686406135 
93 108 1 0 14 18 15.033296378372908 14.0 1.0920650059598662 
87 104 2 0 17 17 15.033296378372908 13.341664064126334 1.0946904585280937 
83 103 2 0 15 18 15.033296378372908 13.341664064126334 1.0933025673442542 
82 102 2 0 14 17 14.142135623730951 13.341664064126334 1.09471029199991 
80 101 2 0 13 18 14.142135623730951 13.341664064126334 1.0989075486403492 
79 100 2 0 12 22 14.142135623730951 13.341664064126334 1.0953998376167402 
78 98 2 0 11 20 14.142135623730951 13.341664064126334 1.1007335769794968 
77 97 2 0 10 25 14.0 13.341664064126334 1.094940482306396 
76 95 2 0 10 21 14.0 13.341664064126334 1.0941212126516793 
74 94 2 0 10 20 13.038404810405298 13.341664064126334 1.1000636684264122 
72 93 2 0 10 25 12.165525060596439 13.341664064126334 1.0980284778412466 
70 92 2 0 11 23 12.165525060596439 13.341664064126334 1.0961999816455983 
68 90 2 0 13 22 11.40175425099138 13.341664064126334 1.0935043874644348 
62 88 2 0 10 18 10.770329614269007 13.341664064126334 1.079410204584733 
61 87 2 1 10 18 9.486832980505138 13.341664064126334 1.0858631653414959 
60 86 2 1 9 24 9.486832980505138 13.341664064126334 1.090399140906333 
59 85 3 1 10 19 9.486832980505138 12.165525060596439 1.101728205240875 
57 84 4 1 11 19 9.486832980505138 12.165525060596439 1.1003455606568415 
56 83 4 1 8 18 9.486832980505138 12.165525060596439 1.1017532853124974 
54 82 4 1 7 19 9.486832980505138 12.165525060596439 1.1125180049905057 
53 81 5 1 7 19 9.486832980505138 12.165525060596439 1.1121741738651296 
52 80 5 1 7 19 9.486832980505138 12.165525060596439 1.1141910585910424 
51 79 5 1 6 21 8.246211251235321 12.165525060596439 1.11494539999066 
50 78 5 1 7 22 8.246211251235321 12.165525060596439 1.1103515136486493 
49 76 5 1 7 19 7.0710678118654755 12.165525060596439 1.1094738546548133 
47 75 5 1 7 18 7.0710678118654755 12.165525060596439 1.1072965977451532 
45 74 5 1 7 16 9.899494936611665 12.165525060596439 1.1097728153926352 
43 73 5 1 8 18 9.899494936611665 12.165525060596439 1.1257031638142347 
39 72 6 1 8 21 9.899494936611665 12.165525060596439 1.1237212294942542 
37 71 6 1 7 19 10.0 12.165525060596439 1.1224008811070343 
36 70 6 1 5 18 8.48528137423857 12.165525060596439 1.1221429229104896 
35 69 6 1 5 18 7.0710678118654755 12.165525060596439 1.121295609307483 
34 68 6 1 4 18 7.0710678118654755 11.045361017187261 1.120951778182107 
33 67 6 1 4 18 7.0710678118654755 11.045361017187261 1.1339722019764389 
32 66 7 1 4 20 7.0710678118654755 11.045361017187261 1.1313429872015717 
31 65 7 1 5 18 7.0710678118654755 11.045361017187261 1.1160726961738416 
30 64 7 2 4 17 7.0710678118654755 11.045361017187261 1.115254396246342 
28 63 7 2 2 16 7.0710678118654755 11.045361017187261 1.1149964380497972 
27 62 7 2 2 16 5.656854249492381 11.045361017187261 1.1169941839695765 
26 61 7 2 2 18 4.242640687119285 11.045361017187261 1.1167436124943588 
25 59 7 2 1 19 6.324555320336759 11.045361017187261 1.1128211451264318 
24 57 7 2 1 17 4.47213595499958 10.0 1.1224876922794462 
23 56 8 2 0 16 4.47213595499958 10.0 1.1204921135598322 
23 55 8 2 1 15 2.8284271247461903 10.0 1.1202341553632877 
22 54 8 2 1 15 1.4142135623730951 10.0 1.1303552020014354 
21 53 9 2 0 15 5.0990195135927845 9.055385138137417 1.1296114134724338 
21 52 9 2 1 15 1.4142135623730951 9.055385138137417 1 
