140 140 0 0 14 14 16.0 16.0 1.1873610310110034 
139 138 0 0 19 17 16.0 13.038404810405298 1.2094240570792294 
135 136 0 0 22 21 14.142135623730951 15.033296378372908 1.2159660582810339 
131 135 0 0 25 20 14.142135623730951 15.033296378372908 1.2331156177160447 
127 134 0 0 25 23 14.0 16.0 1.2462840462850155 
123 133 0 0 28 24 14.0 16.0 1.2424809805247443 
123 129 0 0 38 23 14.0 16.0 1.2673679185444993 
117 128 0 0 42 26 13.038404810405298 15.033296378372908 1.2719028389880978 
113 124 0 0 40 29 14.0 15.033296378372908 1.2908997817744228 
105 120 0 0 31 36 14.0 15.033296378372908 1.2777956194477404 
101 118 0 0 34 30 14.0 15.033296378372908 1.3034581252043296 
95 114 0 0 29 39 14.0 15.033296378372908 1.3253048707812949 
87 113 0 0 23 43 14.0 15.033296378372908 1.3200670315368106 
83 112 1 0 25 37 14.0 15.033296378372908 1.3096297780731556 
82 111 1 0 28 33 14.0 15.033296378372908 1.34957364488606 
80 109 1 0 33 44 14.0 14.0 1.3574712535666154 
70 108 2 0 23 42 14.0 14.0 1.3876896949749014 
64 106 3 0 20 48 14.0 14.0 1.366349198205444 
60 102 4 0 19 41 14.0 14.0 1.3617833865422313 
54 101 5 0 12 37 14.0 14.0 1.3227642793882766 
53 100 6 0 11 24 14.0 14.0 1.3629723391888335 
52 99 6 0 12 36 14.0 14.0 1.348638509924685 
51 97 6 0 17 31 14.0 14.142135623730951 1.3355129192702793 
43 96 7 0 10 23 14.0 14.142135623730951 1.3428052192595508 
41 95 7 0 12 24 14.0 14.142135623730951 1.3649442585153695 
35 94 8 0 5 28 12.165525060596439 14.142135623730951 1.3437802351721617 
34 90 8 0 5 25 11.045361017187261 12.649110640673518 1.3433961019377654 
33 89 8 0 8 24 10.0 12.649110640673518 1.3411039899291854 
32 87 8 0 12 23 9.055385138137417 12.649110640673518 1.319305271499044 
31 85 8 0 8 19 9.055385138137417 12.649110640673518 1.3217108905148525 
29 84 9 0 4 19 9.055385138137417 12.165525060596439 1.324463084710291 
30 83 9 0 11 19 10.0 12.165525060596439 1.333689470828521 
22 82 9 0 2 20 2.0 12.165525060596439 1.3384628781743104 
21 81 9 0 1 22 1.4142135623730951 12.165525060596439 1 
