140 140 0 0 14 14 16.0 16.0 1.1420700936371486 
138 139 0 0 17 18 16.0 14.142135623730951 1.155558044783535 
134 138 0 0 16 21 12.649110640673518 16.0 1.1581147443761812 
132 137 0 0 21 20 12.649110640673518 16.0 1.1718846403610848 
128 136 0 0 22 23 12.649110640673518 16.0 1.1767197009408208 
124 135 0 0 22 23 12.649110640673518 16.0 1.1711561840209215 
120 133 0 0 22 20 13.038404810405298 16.0 1.181875088799449 
116 131 0 0 22 23 14.142135623730951 16.0 1.179368843602165 
112 130 0 0 23 20 14.142135623730951 16.0 1.1843439810072962 
108 129 1 0 17 19 14.142135623730951 16.0 1.194548468352783 
104 127 2 0 17 19 14.142135623730951 16.0 1.2082783244883644 
102 126 2 0 19 23 14.142135623730951 16.0 1.2224295560472374 
100 125 2 0 19 28 14.142135623730951 15.033296378372908 1.2026717099158 
98 119 2 0 17 25 15.033296378372908 15.033296378372908 1.1994550253562244 
96 117 2 0 21 23 15.033296378372908 15.033296378372908 1.1991470614473865 
94 116 2 0 19 23 15.033296378372908 15.033296378372908 1.1876659409956134 
92 115 2 0 20 18 15.033296378372908 15.033296378372908 1.2118841223151877 
92 114 2 0 26 26 15.033296378372908 15.033296378372908 1.221320708538546 
84 110 3 0 15 28 15.033296378372908 15.033296378372908 1.2125689912988362 
80 104 4 0 17 24 15.033296378372908 14.142135623730951 1.2201167420756034 
76 103 4 0 17 25 15.033296378372908 14.142135623730951 1.227443235200983 
75 102 4 0 20 27 15.033296378372908 14.142135623730951 1.2613968830835625 
69 98 5 0 17 37 14.0 14.142135623730951 1.2478662026722316 
63 96 6 0 10 29 13.341664064126334 14.142135623730951 1.2545771487856032 
61 95 6 0 10 31 13.341664064126334 14.142135623730951 1.2386085791056483 
59 93 6 0 10 26 13.341664064126334 12.165525060596439 1.2396468983645523 
57 89 6 0 8 29 13.341664064126334 12.165525060596439 1.226391030482566 
56 88 6 0 9 24 13.341664064126334 12.165525060596439 1.2172601646236922 
56 87 6 0 14 20 13.341664064126334 12.165525060596439 1.2335907775011736 
52 86 6 0 8 26 13.341664064126334 12.165525060596439 1.2472805937874334 
52 85 6 0 11 31 13.341664064126334 12.165525060596439 1.2348203895921714 
50 84 7 0 8 24 13.341664064126334 12.165525060596439 1.2289058274872051 
49 83 7 0 8 22 13.341664064126334 12.165525060596439 1.2410318147151835 
47 82 7 0 8 26 12.165525060596439 12.165525060596439 1.2474105178626194 
45 81 7 0 11 27 11.045361017187261 12.165525060596439 1.232016463411317 
39 80 7 0 5 20 10.0 12.165525060596439 1.2347143409567076 
38 79 7 0 9 20 10.0 12.165525060596439 1.2459116235699748 
34 78 8 0 4 21 10.0 12.165525060596439 1.2586242025299597 
34 77 8 0 17 23 10.198039027185569 11.045361017187261 1.2806004712315608 
24 76 9 0 2 27 5.656854249492381 11.045361017187261 1.2665493690044356 
23 75 9 0 2 22 5.830951894845301 11.045361017187261 1.2660482421257508 
22 74 9 0 2 22 4.47213595499958 11.045361017187261 1.2585456612415071 
21 73 9 0 0 20 5.0990195135927845 11.045361017187261 1.257046104281998 
21 72 9 0 1 20 1.4142135623730951 11.045361017187261 1 
