140 140 0 0 14 14 16.0 16.0 0.9924259280201552 
138 139 0 0 17 17 16.0 14.142135623730951 0.9997613112124079 
134 137 0 0 16 20 12.649110640673518 16.0 1.0034917427113605 
132 136 0 0 16 24 13.038404810405298 16.0 1.004382015379011 
130 135 0 0 16 24 13.038404810405298 16.0 1.0067854612144342 
128 134 0 0 16 26 13.038404810405298 16.0 1.0126064364961729 
126 133 0 0 14 31 13.038404810405298 16.0 1.0119379472398333 
125 132 0 0 14 30 13.038404810405298 16.0 1.0049596836593853 
123 130 0 0 15 22 14.142135623730951 16.0 1.0096753978177972 
121 128 0 0 15 28 14.142135623730951 16.0 1.0038353926347867 
120 124 0 0 14 23 14.142135623730951 15.033296378372908 1.0002510447392838 
119 122 0 0 14 19 14.0 15.033296378372908 1.0035937788951519 
117 121 0 0 15 23 14.0 15.033296378372908 1.004370068307544 
115 120 0 0 16 23 13.038404810405298 15.033296378372908 1.0052603409751943 
113 119 0 0 16 23 13.038404810405298 15.033296378372908 1.0089942582418323 
111 118 0 0 15 26 13.038404810405298 15.033296378372908 1.010067232646041 
109 117 0 0 16 27 13.038404810405298 15.033296378372908 1.0096691738473464 
107 116 0 0 16 26 13.038404810405298 14.142135623730951 1.0113160330988833 
105 115 0 0 16 27 13.038404810405298 14.142135623730951 1.0096136511130873 
103 113 0 0 14 23 13.038404810405298 14.142135623730951 1.011674901888171 
102 111 0 0 14 26 12.165525060596439 14.142135623730951 1.0111500050972506 
100 110 0 0 14 25 12.165525060596439 13.038404810405298 1.014492739253119 
98 109 0 0 15 29 12.165525060596439 13.038404810405298 1.0201048864489566 
92 108 0 0 15 31 12.165525060596439 13.038404810405298 1.0324369730280598 
91 107 1 0 19 34 12.165525060596439 13.038404810405298 1.0301436305495697 
85 106 1 0 13 21 12.165525060596439 13.038404810405298 1.0345885456438766 
84 105 1 0 12 26 12.165525060596439 13.038404810405298 1.034455796616396 
83 104 1 0 12 25 11.045361017187261 13.038404810405298 1.0287620003369566 
81 102 1 0 13 18 11.045361017187261 13.038404810405298 1.0325993448605195 
77 101 1 0 13 20 11.40175425099138 13.038404810405298 1.0551119579613195 
69 100 2 0 13 26 11.40175425099138 13.038404810405298 1.0514075351030818 
67 96 2 0 12 22 11.40175425099138 13.038404810405298 1.0543392770296158 
66 95 2 0 11 25 11.40175425099138 13.038404810405298 1.0542889965496578 
65 93 2 0 11 25 10.198039027185569 13.038404810405298 1.0483542423262024 
64 87 2 0 10 21 10.198039027185569 13.038404810405298 1.0610315765481686 
60 86 3 0 11 19 10.198039027185569 13.038404810405298 1.06245014530693 
59 85 3 0 10 20 10.198039027185569 13.038404810405298 1.0594615115264159 
57 83 4 1 12 18 10.198039027185569 13.038404810405298 1.0633129028056767 
55 82 4 1 9 20 10.770329614269007 13.038404810405298 1.0645887421958034 
54 81 4 1 8 20 9.486832980505138 13.038404810405298 1.067484774711163 
53 77 4 1 7 25 8.246211251235321 13.038404810405298 1.070781920110814 
52 76 4 1 8 30 8.246211251235321 13.038404810405298 1.0802961417285823 
51 75 5 1 9 27 8.246211251235321 13.038404810405298 1.0770349978187965 
50 73 5 1 7 22 8.246211251235321 13.038404810405298 1.0770773763576527 
49 72 5 1 6 22 8.246211251235321 12.0 1.0746674234407645 
49 71 5 1 5 19 8.246211251235321 12.0 1.0765965420354582 
45 69 5 1 6 21 9.899494936611665 12.0 1.075399756688008 
43 68 5 1 7 19 9.899494936611665 12.0 1.074687462202493 
42 67 5 1 6 18 10.0 11.045361017187261 1.0770909080379163 
40 66 5 1 6 20 10.0 11.045361017187261 1.0885094859342272 
39 65 6 1 5 18 10.0 11.045361017187261 1.0914090849045712 
38 64 6 1 4 20 8.48528137423857 11.045361017187261 1.0909915954121967 
37 63 6 1 4 20 8.48528137423857 10.198039027185569 1.0910796927397435 
36 62 6 1 4 20 8.48528137423857 10.198039027185569 1.1034375589564993 
35 61 7 1 4 20 8.48528137423857 10.198039027185569 1.1047468798097089 
34 60 7 1 3 22 10.295630140987 10.198039027185569 1.1056631087415294 
33 58 7 1 3 22 7.0710678118654755 10.198039027185569 1.104570251408245 
32 57 7 1 3 21 7.0710678118654755 9.486832980505138 1.1032476658480832 
31 56 7 1 4 19 5.656854249492381 9.486832980505138 1.092649166728343 
30 55 7 2 3 21 5.656854249492381 9.486832980505138 1.0769372632579564 
29 54 7 3 3 17 5.656854249492381 9.486832980505138 1.0763712642816812 
28 53 7 3 4 16 4.242640687119285 9.486832980505138 1.0762766598726696 
27 52 7 3 3 15 4.242640687119285 9.486832980505138 1.0756506791876594 
26 50 7 3 3 15 4.242640687119285 9.486832980505138 1.0758087757893557 
25 49 8 4 2 15 4.242640687119285 9.486832980505138 1.0759993633969664 
24 48 8 4 3 15 2.8284271247461903 9.486832980505138 1.0764786438352831 
23 47 8 4 1 14 2.8284271247461903 9.486832980505138 1.0764865297063362 
22 46 8 4 1 13 1.4142135623730951 9.486832980505138 1.0884125372784372 
21 45 9 4 0 14 5.0990195135927845 9.486832980505138 1.089319751426219 
21 44 9 4 1 15 1.4142135623730951 8.94427190999916 1 
