140 140 0 0 14 14 16.0 16.0 1.0291656662637507 
138 139 0 0 17 18 16.0 14.142135623730951 1.0368973415667315 
134 137 0 0 16 23 12.165525060596439 16.0 1.038347932011302 
132 135 0 0 16 26 13.341664064126334 16.0 1.0432553788619705 
130 134 0 0 16 32 13.341664064126334 16.0 1.040041550561099 
128 133 0 0 16 27 13.341664064126334 16.0 1.038507101685681 
126 131 0 0 14 24 13.341664064126334 16.0 1.037731828292316 
125 130 0 0 14 23 13.038404810405298 16.0 1.0354999575493593 
123 129 0 0 15 20 13.038404810405298 16.0 1.0352393202126844 
121 128 0 0 15 19 13.038404810405298 16.0 1.0363178401275979 
120 127 0 0 14 20 13.038404810405298 16.0 1.0351398474195828 
119 125 0 0 14 20 12.165525060596439 15.033296378372908 1.0336741538812162 
117 124 0 0 15 19 14.0 15.033296378372908 1.034767861200027 
115 123 0 0 16 20 13.038404810405298 15.033296378372908 1.035245521604401 
113 122 0 0 16 20 13.038404810405298 15.033296378372908 1.0362178199329581 
111 121 0 0 15 20 13.038404810405298 15.033296378372908 1.0376774378952467 
109 120 0 0 16 22 13.038404810405298 15.033296378372908 1.0381550982996206 
107 119 0 0 16 22 13.038404810405298 15.033296378372908 1.0378944609629455 
105 118 0 0 16 21 13.038404810405298 15.033296378372908 1.0386230994746368 
103 117 0 0 14 20 13.038404810405298 15.033296378372908 1.0402833103863531 
102 116 0 0 14 22 12.165525060596439 15.033296378372908 1.0400226730496778 
100 115 0 0 14 21 12.165525060596439 15.033296378372908 1.0392673977888194 
98 114 0 0 15 20 12.165525060596439 15.033296378372908 1.0395594257987222 
97 112 0 0 14 21 12.165525060596439 15.033296378372908 1.0391005067371133 
96 111 0 0 14 20 11.045361017187261 15.033296378372908 1.0395781671414874 
94 110 0 0 14 20 11.045361017187261 15.033296378372908 1.040745931122948 
92 108 0 0 14 22 11.045361017187261 15.033296378372908 1.046705087110288 
86 107 0 0 14 26 11.045361017187261 15.033296378372908 1.0569891592626506 
85 106 1 0 13 23 11.045361017187261 15.033296378372908 1.0599253727070375 
83 105 1 0 14 27 11.045361017187261 15.033296378372908 1.0615877746126818 
81 103 1 0 13 29 11.045361017187261 15.033296378372908 1.057831114223665 
79 101 1 0 14 25 11.045361017187261 15.033296378372908 1.059785370110137 
77 100 1 0 14 27 11.045361017187261 15.033296378372908 1.0732662930435612 
76 99 2 0 14 29 11.045361017187261 15.033296378372908 1.0727932125341728 
72 98 2 0 14 26 11.045361017187261 15.033296378372908 1.071114007137794 
71 96 2 0 14 25 11.045361017187261 15.033296378372908 1.0866453839858532 
63 95 3 0 12 22 10.198039027185569 15.033296378372908 1.0885857654488882 
62 94 3 0 11 25 10.198039027185569 14.0 1.0839533690883134 
61 92 3 0 11 20 10.198039027185569 14.0 1.0869593341114572 
55 91 3 0 11 20 10.198039027185569 14.0 1.100616230209995 
51 90 4 0 10 19 10.198039027185569 14.0 1.0982880791356435 
49 88 4 0 8 16 10.770329614269007 13.038404810405298 1.1004788082127532 
48 87 4 0 6 18 9.486832980505138 12.0 1.1044481298448905 
47 85 4 0 6 24 8.246211251235321 12.0 1.104674812141947 
45 84 4 0 8 25 8.246211251235321 12.0 1.1140990916371105 
44 82 5 0 6 22 8.246211251235321 11.045361017187261 1.1148954843939167 
43 81 5 0 5 22 7.615773105863909 11.40175425099138 1.110757725957525 
42 79 5 0 4 17 7.615773105863909 11.40175425099138 1.1106033102072062 
41 78 5 0 4 17 7.615773105863909 11.40175425099138 1.1089995790249219 
40 76 6 1 4 17 7.615773105863909 11.40175425099138 1.1078632057166884 
39 75 6 1 3 15 7.615773105863909 11.40175425099138 1.1064758543011375 
38 74 6 1 4 14 7.615773105863909 11.40175425099138 1.1058268006266354 
37 73 6 1 5 14 7.615773105863909 11.40175425099138 1.1072937368793758 
35 72 6 1 3 14 7.615773105863909 11.40175425099138 1.1068956613121914 
34 71 6 1 2 13 7.615773105863909 11.40175425099138 1.1093187861714697 
33 70 6 1 2 17 7.615773105863909 10.770329614269007 1.1058250599803696 
32 68 6 1 3 14 7.211102550927978 10.770329614269007 1.10819074537635 
31 67 6 1 1 16 7.0710678118654755 10.770329614269007 1.0957444150723277 
29 65 6 2 1 17 7.211102550927978 10.770329614269007 1.0963282970630581 
28 64 6 2 1 18 7.211102550927978 10.770329614269007 1.0947727600447357 
27 63 7 3 1 17 7.211102550927978 10.770329614269007 1.096385756735939 
26 62 7 3 0 18 5.830951894845301 10.770329614269007 1.0956434590574626 
26 61 7 3 2 18 3.1622776601683795 10.770329614269007 1.094611086018146 
25 60 7 3 1 17 2.8284271247461903 9.486832980505138 1.0915572613913618 
24 58 7 3 1 16 4.47213595499958 8.246211251235321 1.1026005615946957 
23 57 8 3 0 15 6.324555320336759 8.246211251235321 1.1040080326029091 
23 56 8 3 0 17 4.47213595499958 8.246211251235321 1.1033152508545292 
23 54 8 3 1 18 2.8284271247461903 8.246211251235321 1.1021837134264774 
22 52 8 3 1 17 1.4142135623730951 8.246211251235321 1.11175370918763 
21 51 9 3 0 16 7.0710678118654755 8.246211251235321 1.1117426365769263 
21 50 9 3 0 15 3.1622776601683795 8.246211251235321 1.105825794906454 
21 46 9 3 1 11 1.4142135623730951 8.246211251235321 1 
