140 140 0 0 14 14 16.0 16.0 1.3828381439492814 
139 138 0 0 19 17 16.0 13.038404810405298 1.4008982202978317 
135 136 0 0 22 18 14.142135623730951 15.033296378372908 1.4298610386272763 
131 135 0 0 25 21 14.142135623730951 15.033296378372908 1.4298324481325377 
127 134 0 0 25 19 13.341664064126334 16.0 1.4439329123303724 
123 133 0 0 28 19 13.341664064126334 16.0 1.459405649619657 
123 132 0 0 38 19 13.341664064126334 16.0 1.4789948653676765 
117 130 0 0 38 21 12.165525060596439 16.0 1.4727115700473907 
113 128 0 0 36 20 13.038404810405298 16.0 1.4780999903437955 
107 127 0 0 34 19 13.038404810405298 16.0 1.5195395100387394 
105 126 0 0 39 25 13.038404810405298 16.0 1.5100465825608114 
97 124 1 0 28 24 13.038404810405298 16.0 1.5091961724179277 
93 122 1 0 27 24 13.038404810405298 15.033296378372908 1.5650669893517695 
85 120 1 0 20 35 14.0 15.033296378372908 1.5412412097117265 
84 119 1 0 31 26 14.0 15.033296378372908 1.5779161554809584 
84 118 1 0 32 34 14.0 15.033296378372908 1.5832788505281314 
78 116 2 0 29 34 14.0 15.033296378372908 1.6000009498369263 
70 115 3 0 21 36 13.038404810405298 15.033296378372908 1.593612721212762 
69 114 3 0 26 33 13.038404810405298 15.033296378372908 1.573503224760961 
67 112 3 0 30 28 13.038404810405298 15.033296378372908 1.5778849969892135 
65 111 3 0 29 29 13.038404810405298 15.033296378372908 1.5849317435228731 
61 109 3 0 31 29 13.038404810405298 15.033296378372908 1.5623382683087534 
55 108 4 0 24 24 13.038404810405298 15.033296378372908 1.5605366623074772 
49 106 5 0 19 24 13.038404810405298 13.341664064126334 1.5630866790339741 
48 105 5 0 21 24 12.0 13.341664064126334 1.5614715324504038 
47 103 5 0 21 25 11.045361017187261 13.341664064126334 1.6045143627035907 
46 102 5 0 21 34 10.0 13.341664064126334 1.589931330111277 
46 101 5 0 26 30 10.0 13.341664064126334 1.542777415802507 
45 99 5 0 28 21 9.486832980505138 13.341664064126334 1.5538231328669594 
39 95 5 0 24 25 9.486832980505138 13.341664064126334 1.5729158118456537 
33 93 5 0 17 30 7.211102550927978 12.649110640673518 1.5509012250977747 
27 92 6 0 10 25 4.47213595499958 12.649110640673518 1.5293455955534723 
26 91 7 0 9 21 4.47213595499958 12.649110640673518 1.5126923439739577 
25 89 8 0 8 19 4.47213595499958 12.649110640673518 1.5138594451077814 
24 88 9 0 6 20 4.47213595499958 12.649110640673518 1.503999256232726 
24 87 9 0 6 19 4.0 12.649110640673518 1.4939394927741383 
24 86 9 0 6 18 4.47213595499958 12.649110640673518 1.4890334219429529 
24 85 9 0 6 18 4.0 12.649110640673518 1.4829009482899937 
24 84 9 0 6 18 4.47213595499958 12.083045973594572 1.4879031135465484 
24 83 9 0 6 20 4.0 12.083045973594572 1.4827974681318303 
24 82 9 0 6 20 4.47213595499958 12.083045973594572 1.477891397300645 
24 81 9 0 6 20 4.0 12.083045973594572 1.4727857518859269 
24 80 9 0 6 20 4.47213595499958 12.083045973594572 1.4926502712740914 
24 79 9 0 6 25 4.0 12.083045973594572 1.4677281536838938 
24 78 9 0 6 21 4.47213595499958 12.083045973594572 1.4479597287210983 
24 77 9 0 6 18 4.0 12.083045973594572 1.4428540833063803 
24 76 9 0 6 18 4.47213595499958 12.083045973594572 1.4478045084838533 
24 74 9 0 6 21 4.0 12.083045973594572 1.4426988630691353 
24 73 9 0 6 21 4.47213595499958 12.083045973594572 1.43779279223795 
24 72 9 0 6 21 4.0 12.083045973594572 1.427733028779362 
24 71 9 0 6 20 4.47213595499958 12.083045973594572 1.4178728399043066 
24 70 9 0 6 19 4.0 12.083045973594572 1.4127671944895888 
24 69 9 0 6 19 4.47213595499958 12.083045973594572 1.4128152417022732 
24 68 9 0 6 20 4.0 12.083045973594572 1.4077095962875552 
24 67 9 0 6 20 4.47213595499958 12.083045973594572 1.4077576435002401 
24 66 9 0 6 21 4.0 12.083045973594572 1.402651998085522 
24 65 9 0 6 21 4.47213595499958 12.083045973594572 1.3977459272543367 
24 64 9 0 6 21 4.0 12.083045973594572 1.3975943998834888 
24 63 9 0 6 22 4.47213595499958 12.083045973594572 1.3646534148615317 
24 61 9 1 6 22 4.0 12.083045973594572 1.336518713378994 
24 60 9 2 6 22 4.47213595499958 12.083045973594572 1.3018361942055068 
24 58 9 2 6 17 4.0 12.083045973594572 1.311592902922399 
24 57 9 2 6 20 4.47213595499958 12.083045973594572 1.3017327140473436 
24 56 9 2 6 19 4.0 12.083045973594572 1.2916729505887556 
24 55 9 2 6 18 4.47213595499958 12.083045973594572 1.2867668797575702 
24 54 9 2 6 18 4.0 12.083045973594572 1.2437180840643407 
24 52 9 3 6 16 4.47213595499958 12.083045973594572 1.2388120132331553 
24 51 9 3 6 16 4.0 12.083045973594572 1.2386604858623071 
24 50 9 3 6 17 4.47213595499958 12.083045973594572 1.218892060899512 
24 49 9 3 6 14 4.0 12.083045973594572 1.218740533528664 
24 48 9 3 6 15 4.47213595499958 12.083045973594572 1.2088803446536085 
24 47 9 3 6 14 4.0 12.083045973594572 1.1980566389956626 
24 46 9 3 6 13 4.47213595499958 11.661903789690601 1.1651673940527874 
24 45 9 4 6 12 4.0 11.661903789690601 1.1551076305941992 
24 44 9 4 6 11 4.47213595499958 11.661903789690601 1.1221666455722423 
24 42 9 5 6 11 4.0 11.661903789690601 1.1269692362452643 
24 41 9 5 6 13 4.47213595499958 11.661903789690601 1.115491752398358 
24 40 9 5 6 12 4.0 10.770329614269007 1.1095250130977428 
24 39 9 5 6 12 4.47213595499958 10.295630140987 1.1046189422665573 
24 38 9 5 6 12 4.0 10.295630140987 1.09140009132366 
24 36 9 5 6 11 4.47213595499958 11.313708498984761 1.0585108463807849 
24 35 9 6 6 10 4.0 11.313708498984761 1.0254220268543772 
24 34 9 7 6 9 4.47213595499958 11.313708498984761 1.0082246830458048 
24 33 9 7 6 7 4.0 10.0 0.9957535513945607 
24 32 9 7 6 5 4.47213595499958 11.40175425099138 0.9908474805633755 
24 31 9 7 6 5 4.0 11.40175425099138 0.9862137404061967 
24 30 9 7 6 5 4.47213595499958 11.661903789690601 0.9763535515311415 
24 29 9 7 6 4 4.0 11.661903789690601 0.9712479061164232 
24 28 9 7 6 4 4.47213595499958 11.661903789690601 0.9325963414455782 
24 27 9 8 6 3 4.0 8.48528137423857 0.9227488929065292 
24 26 9 8 6 2 4.47213595499958 8.602325267042627 0.9153191761852715 
24 25 9 8 6 2 4.0 7.211102550927978 0.8822303566588636 
24 24 9 9 6 1 4.47213595499958 7.211102550927978 0.8748207243989007 
24 23 9 9 6 1 4.0 5.830951894845301 0.8672502182381379 
24 22 9 9 6 1 4.47213595499958 4.47213595499958 0.8550139766548864 
24 21 9 9 6 0 4.0 3.1622776601683795 0.8672502182381379 
24 22 9 9 6 1 4.47213595499958 4.47213595499958 0.8550139766548864 
24 21 9 9 6 0 4.0 3.1622776601683795 0.886702131374759 
24 23 9 9 6 4 4.47213595499958 4.242640687119285 0.8723041235737743 
24 22 9 9 6 2 4.0 4.47213595499958 0.8549141893631199 
24 21 9 9 6 0 4.47213595499958 3.1622776601683795 0.8896830785305105 
24 23 9 9 6 4 4.0 5.830951894845301 0.875564582246852 
24 22 9 9 6 2 4.47213595499958 6.324555320336759 0.8621044317540062 
24 21 9 9 6 0 4.0 7.0710678118654755 0.8549141893631199 
24 21 9 9 6 0 4.47213595499958 3.1622776601683795 0.858527181666501 
24 21 9 9 6 0 4.0 5.0990195135927845 0.9085536144814936 
24 23 9 8 6 3 4.47213595499958 6.324555320336759 0.8707102514947486 
24 22 9 9 6 1 4.0 6.324555320336759 0.8584273943747345 
24 21 9 9 6 0 4.47213595499958 5.0990195135927845 0.9122197420237834 
24 23 9 8 6 5 4.0 2.8284271247461903 0.8963705446532461 
24 22 9 8 6 2 4.47213595499958 5.0990195135927845 0.8550139766548864 
24 21 9 9 6 0 4.0 3.1622776601683795 0.9085536144814936 
24 23 9 8 6 3 4.47213595499958 6.324555320336759 0.8865620958572726 
24 22 9 8 6 0 4.0 5.0990195135927845 0.9223082544429141 
24 25 9 8 6 4 4.47213595499958 5.656854249492381 0.9177179927212822 
24 24 9 8 6 4 4.0 5.830951894845301 0.9035994964376236 
24 23 9 8 6 2 4.47213595499958 6.324555320336759 0.8950934639886479 
24 22 9 8 6 1 4.0 7.0710678118654755 0.8584273943747345 
24 21 9 9 6 0 4.47213595499958 5.0990195135927845 0.8567971467801482 
24 21 9 9 6 1 4.0 1.4142135623730951 -1 
