140 140 0 0 14 14 16.0 16.0 1.2310401518854364 
139 139 0 0 19 17 16.0 13.038404810405298 1.239588440160946 
135 137 0 0 22 17 13.038404810405298 15.033296378372908 1.2457348996371238 
131 136 0 0 25 16 14.0 15.033296378372908 1.2726491861242502 
127 135 0 0 25 22 13.038404810405298 16.0 1.2688503227755359 
123 133 0 0 28 19 14.0 16.0 1.2922335025975686 
123 132 0 0 38 23 14.0 16.0 1.298011425155877 
117 131 0 0 38 22 13.038404810405298 15.033296378372908 1.2913917540558686 
113 127 0 0 36 22 14.0 15.033296378372908 1.3316198333159286 
107 126 0 0 41 29 14.0 15.033296378372908 1.3218524057233934 
101 125 1 0 37 23 14.0 15.033296378372908 1.3360518059928506 
95 124 1 0 35 25 14.0 15.033296378372908 1.3514047395110922 
94 122 1 0 37 30 13.038404810405298 15.033296378372908 1.3657095335996075 
90 121 1 0 41 31 12.165525060596439 15.033296378372908 1.400296782720059 
90 115 1 0 57 41 12.165525060596439 14.142135623730951 1.3870715353895584 
82 113 2 0 52 34 12.165525060596439 14.142135623730951 1.4174075808420297 
80 112 2 0 46 45 12.165525060596439 14.0 1.3421212873641601 
78 108 2 0 49 24 12.165525060596439 14.0 1.3242100921311148 
74 107 2 0 31 24 12.165525060596439 14.0 1.3055718989913971 
73 103 2 0 30 22 12.165525060596439 14.0 1.34218557153654 
72 102 2 0 38 30 12.165525060596439 14.142135623730951 1.3564097036285776 
66 100 3 0 29 34 12.165525060596439 14.142135623730951 1.3618404454058803 
60 99 3 0 28 33 11.40175425099138 14.142135623730951 1.3498245916728673 
58 97 3 0 28 30 10.0 14.142135623730951 1.3341823792814937 
56 93 3 0 25 29 9.486832980505138 14.142135623730951 1.340029712858509 
52 92 4 0 26 27 9.486832980505138 14.142135623730951 1.3577701976572425 
44 91 5 0 19 29 9.055385138137417 14.142135623730951 1.3318972707151633 
42 87 5 0 20 24 8.246211251235321 12.165525060596439 1.3255699351470784 
38 85 5 0 21 21 7.615773105863909 12.165525060596439 1.3243519344839805 
34 83 6 0 17 20 6.324555320336759 11.40175425099138 1.3488372256283243 
32 82 7 0 15 26 6.324555320336759 11.40175425099138 1.3119547513039485 
26 76 8 0 5 19 4.47213595499958 11.40175425099138 1.3282673355475596 
26 75 8 0 7 24 4.0 11.40175425099138 1.314595063525362 
22 74 9 0 1 19 8.246211251235321 11.40175425099138 1.3097181681383487 
22 72 9 0 2 19 4.47213595499958 11.40175425099138 1.327572437260413 
24 71 9 0 6 25 4.47213595499958 11.40175425099138 1.324400367070298 
24 70 9 0 6 25 4.0 11.40175425099138 1.3245488362216051 
24 69 9 0 6 26 4.47213595499958 11.40175425099138 1.3112565392649052 
24 68 9 0 6 23 4.0 11.40175425099138 1.3181518262606025 
24 67 9 0 6 26 4.47213595499958 11.40175425099138 1.3183531649926827 
24 66 9 0 6 27 4.0 11.40175425099138 1.3083814073774047 
24 65 9 0 6 25 4.47213595499958 11.40175425099138 1.3018359282650949 
24 64 9 0 6 24 4.0 11.40175425099138 1.2859790688286745 
24 63 9 1 6 26 4.47213595499958 11.40175425099138 1.2760601807941694 
24 62 9 1 6 24 4.0 11.40175425099138 1.2559681964123064 
24 61 9 1 6 19 4.47213595499958 11.40175425099138 1.2521607847339606 
24 60 9 1 6 19 4.0 10.770329614269007 1.2295571074531504 
24 59 9 2 6 19 4.47213595499958 10.770329614269007 1.2265599412047292 
24 57 9 2 6 20 4.0 10.770329614269007 1.2233350014338413 
24 56 9 2 6 20 4.47213595499958 10.770329614269007 1.200784193733804 
24 55 9 3 6 20 4.0 10.770329614269007 1.197559253962916 
24 54 9 3 6 20 4.47213595499958 10.770329614269007 1.2011340016171914 
24 53 9 3 6 22 4.0 10.770329614269007 1.1911622440019134 
24 52 9 3 6 20 4.47213595499958 10.770329614269007 1.1455222856715914 
24 48 9 4 6 16 4.0 10.770329614269007 1.1456707548228988 
24 47 9 4 6 17 4.47213595499958 10.770329614269007 1.1320757176801897 
24 45 9 4 6 15 4.0 10.295630140987 1.1060986314771843 
24 44 9 5 6 14 4.47213595499958 10.295630140987 1.1062999702092644 
24 43 9 5 6 15 4.0 10.295630140987 1.0926573396787558 
24 42 9 5 6 12 4.47213595499958 10.0 1.0827384516442504 
24 41 9 5 6 10 4.0 10.0 1.0777488440272265 
24 40 9 5 6 10 4.47213595499958 8.246211251235321 1.0745767738371117 
24 39 9 5 6 10 4.0 8.246211251235321 1.0679784251440287 
24 38 9 5 6 9 4.47213595499958 8.246211251235321 1.0420542085217963 
24 37 9 6 6 8 4.0 8.246211251235321 1.0388292687509084 
24 36 9 6 6 8 4.47213595499958 8.246211251235321 1.016278461050871 
24 35 9 7 6 8 4.0 8.246211251235321 1.0124191724025038 
24 34 9 7 6 8 4.47213595499958 7.615773105863909 1.002093103561829 
24 33 9 7 6 6 4.0 7.211102550927978 0.9988681637909411 
24 32 9 7 6 6 4.47213595499958 7.211102550927978 0.9956960936008264 
24 31 9 7 6 6 4.0 7.211102550927978 0.9890977449077433 
24 30 9 7 6 5 4.47213595499958 7.211102550927978 0.9859256747176284 
24 29 9 7 6 5 4.0 7.211102550927978 0.9825598315445836 
24 28 9 7 6 5 4.47213595499958 7.0710678118654755 0.9793877613544687 
24 27 9 7 6 5 4.0 7.0710678118654755 0.9466638573070731 
24 26 9 8 6 2 4.47213595499958 7.0710678118654755 0.9420688009090428 
24 25 9 8 6 2 4.0 5.656854249492381 0.9356456298233307 
24 24 9 8 6 1 4.47213595499958 5.830951894845301 0.9311063146902019 
24 23 9 8 6 1 4.0 4.47213595499958 0.9251387382380175 
24 22 9 8 6 0 4.47213595499958 5.0990195135927845 0.9488156187534329 
24 25 9 8 6 4 4.0 5.656854249492381 0.9441676927746295 
24 24 9 8 6 4 4.47213595499958 4.242640687119285 0.9311063146902019 
24 23 9 8 6 1 4.0 4.47213595499958 0.9251387382380175 
24 22 9 8 6 0 4.47213595499958 5.0990195135927845 0.9589208763906895 
24 24 9 7 6 2 4.0 6.324555320336759 0.9251387382380175 
24 22 9 8 6 0 4.47213595499958 5.0990195135927845 0.9441941275650161 
24 24 9 8 6 4 4.0 4.242640687119285 0.9310798798998153 
24 23 9 8 6 1 4.47213595499958 4.47213595499958 0.9251651730284041 
24 22 9 8 6 0 4.0 5.0990195135927845 0.9457658565899159 
24 24 9 8 6 4 4.47213595499958 5.830951894845301 0.9305228632532593 
24 22 9 8 6 1 4.0 7.0710678118654755 0.9025614957475935 
24 21 9 9 6 0 4.47213595499958 5.0990195135927845 0.9119024811219731 
24 22 9 9 6 2 4.0 4.47213595499958 0.9006127399026198 
24 21 9 9 6 0 4.47213595499958 3.1622776601683795 0.9361992274544041 
24 23 9 8 6 3 4.0 2.8284271247461903 0.9285121471602126 
24 22 9 8 6 1 4.47213595499958 5.0990195135927845 0.90258793053798 
24 21 9 9 6 0 4.0 5.0990195135927845 0.9022272411407867 
24 21 9 9 6 1 4.47213595499958 1.4142135623730951 -1 
