140 140 0 0 14 14 16.0 16.0 1.2081533940186713 
139 138 0 0 19 17 16.0 13.038404810405298 1.2290125176685538 
135 136 0 0 22 19 14.142135623730951 15.033296378372908 1.226356480102018 
131 132 0 0 25 18 14.142135623730951 14.0 1.2316400469327664 
127 131 0 0 25 17 15.033296378372908 15.033296378372908 1.2416308892215122 
123 129 0 0 28 17 15.033296378372908 15.033296378372908 1.2641795313488038 
123 128 0 0 38 19 15.033296378372908 15.033296378372908 1.2906952899242587 
117 127 0 0 38 22 14.0 15.033296378372908 1.2908759053884806 
111 126 0 0 37 19 14.0 15.033296378372908 1.3002225155331029 
110 125 0 0 38 21 13.341664064126334 15.033296378372908 1.3137964560552466 
109 124 0 0 42 23 13.341664064126334 14.142135623730951 1.3446918329669268 
103 123 0 0 40 28 13.038404810405298 14.142135623730951 1.3763153452346957 
101 122 0 0 45 33 13.038404810405298 14.142135623730951 1.4220293717792258 
95 121 0 0 40 43 13.038404810405298 14.142135623730951 1.3751184745517036 
91 115 0 0 42 33 12.165525060596439 14.142135623730951 1.410758381676885 
85 111 0 0 33 45 12.0 14.142135623730951 1.3904906172460463 
77 110 1 0 31 35 12.0 14.142135623730951 1.3750895107556738 
71 109 2 0 26 29 12.0 14.142135623730951 1.3759253082820744 
65 108 3 0 21 27 12.0 14.142135623730951 1.4354479469641974 
65 107 3 0 29 39 12.0 14.142135623730951 1.4116639867417977 
63 106 3 0 28 33 11.40175425099138 14.142135623730951 1.387522144977889 
53 104 4 0 18 25 10.198039027185569 14.142135623730951 1.4123500927885433 
51 103 4 0 17 31 10.198039027185569 14.142135623730951 1.3954980831635495 
50 101 4 0 19 27 9.486832980505138 14.142135623730951 1.4006338751880083 
49 99 4 0 22 28 9.486832980505138 14.142135623730951 1.39145601507126 
48 98 4 0 24 25 9.055385138137417 14.142135623730951 1.3876214816954289 
47 97 4 1 25 29 9.055385138137417 14.142135623730951 1.3703710104127973 
41 93 5 1 16 27 8.246211251235321 14.142135623730951 1.3651693267200258 
39 92 5 1 14 26 7.0710678118654755 14.142135623730951 1.3658477940527054 
38 91 5 1 17 25 7.0710678118654755 14.142135623730951 1.3737595704389987 
32 90 6 1 9 26 5.0990195135927845 14.142135623730951 1.3750932198338577 
31 89 7 1 8 26 5.0990195135927845 14.142135623730951 1.3694530741111444 
27 88 8 1 5 23 5.656854249492381 14.142135623730951 1.3811746164215397 
26 87 8 1 5 26 4.242640687119285 14.142135623730951 1.3599264650030567 
25 86 8 1 5 21 5.830951894845301 14.142135623730951 1.3524948243252535 
23 85 9 1 2 19 5.830951894845301 14.142135623730951 1.3530138062113486 
23 84 9 1 2 20 5.0990195135927845 14.142135623730951 1.3388881323555941 
23 82 9 1 2 19 5.830951894845301 12.0 1.331215922383986 
22 81 9 1 3 17 2.8284271247461903 11.045361017187261 1 
