140 140 0 0 14 14 16.0 16.0 1.0647783041526806 
138 139 0 0 17 17 16.0 14.142135623730951 1.0669038695220237 
134 138 0 0 16 15 12.0 16.0 1.0714328376870108 
132 137 0 0 16 19 12.649110640673518 16.0 1.081318989978788 
130 136 0 0 16 28 12.649110640673518 16.0 1.0804958132037041 
128 132 0 0 16 30 13.341664064126334 16.0 1.0824203281566662 
126 131 0 0 14 31 13.341664064126334 16.0 1.0737850246978624 
124 125 0 0 16 28 14.0 16.0 1.068108522407218 
122 123 0 0 15 23 14.142135623730951 16.0 1.0672785495952897 
120 121 0 0 16 23 14.142135623730951 16.0 1.062295729237485 
118 120 0 0 17 18 14.142135623730951 16.0 1.0614657564255567 
116 118 0 0 18 18 14.142135623730951 16.0 1.0661158555731707 
114 117 0 0 18 22 14.142135623730951 16.0 1.067624322834286 
112 116 0 0 18 23 14.142135623730951 16.0 1.0649439475800706 
110 115 0 0 18 20 14.142135623730951 16.0 1.0664524148411862 
108 114 0 0 18 21 14.142135623730951 16.0 1.066674206110024 
106 113 0 0 16 21 14.142135623730951 15.033296378372908 1.0651137259080392 
105 111 0 0 16 21 15.033296378372908 15.033296378372908 1.0636373904602938 
103 109 0 0 16 20 14.0 15.033296378372908 1.0655333255063253 
101 108 0 0 15 21 13.038404810405298 15.033296378372908 1.0661574708284305 
99 107 0 0 15 21 12.165525060596439 15.033296378372908 1.071096797731859 
95 106 0 0 16 24 12.165525060596439 15.033296378372908 1.089764659761706 
85 105 1 0 14 24 11.40175425099138 15.033296378372908 1.0850371947620259 
79 101 1 0 13 19 11.40175425099138 15.033296378372908 1.1036653934453091 
78 100 2 0 14 27 11.40175425099138 14.0 1.1014675726691598 
76 99 2 0 12 24 11.045361017187261 14.0 1.1027570897091794 
75 98 2 0 12 26 10.198039027185569 13.038404810405298 1.1079294632239156 
74 97 2 0 13 32 10.198039027185569 12.165525060596439 1.1025904594426723 
73 96 2 0 12 27 10.198039027185569 12.165525060596439 1.0972514556614297 
72 95 2 0 11 22 10.198039027185569 12.165525060596439 1.0943270615918355 
70 93 2 0 12 20 10.198039027185569 12.165525060596439 1.0949963420700415 
68 92 2 0 11 20 10.198039027185569 12.165525060596439 1.0988072544347458 
66 91 2 0 10 23 10.198039027185569 12.165525060596439 1.0984293242841194 
64 90 2 0 9 22 10.198039027185569 12.165525060596439 1.0974871868641305 
63 89 2 0 7 21 10.198039027185569 12.165525060596439 1.0859313216269681 
62 88 2 1 7 23 9.055385138137417 12.165525060596439 1.0910533464338574 
61 87 2 1 7 28 8.0 12.165525060596439 1.1059636010350575 
57 85 3 1 10 31 8.0 12.165525060596439 1.104087509787623 
56 84 3 1 10 30 8.0 11.40175425099138 1.099312713275742 
54 83 3 1 10 25 8.0 11.40175425099138 1.1072942929246923 
53 81 4 1 10 23 8.0 11.40175425099138 1.1075475257110519 
51 80 4 1 11 23 8.0 11.40175425099138 1.1153210815140786 
50 78 5 1 12 21 8.0 11.40175425099138 1.1168941582206753 
48 77 5 1 7 21 7.615773105863909 11.40175425099138 1.117838418212429 
47 76 5 1 6 22 7.615773105863909 11.40175425099138 1.116296131923987 
46 75 5 1 6 21 8.602325267042627 11.40175425099138 1.1178379116433603 
45 74 5 1 6 23 8.602325267042627 11.045361017187261 1.1166773962051693 
43 73 5 1 6 22 8.602325267042627 10.198039027185569 1.11657444556809 
42 72 5 1 5 22 8.602325267042627 10.198039027185569 1.1277336520729937 
41 71 6 1 5 22 8.602325267042627 10.198039027185569 1.1289375290916384 
40 70 6 1 4 23 7.211102550927978 10.198039027185569 1.1284185307627121 
39 69 6 1 5 23 7.211102550927978 10.198039027185569 1.1251379532696797 
38 67 6 1 4 21 7.211102550927978 10.198039027185569 1.1255992099019623 
36 66 6 1 4 21 7.211102550927978 10.198039027185569 1.1260604665342449 
34 65 6 1 4 21 7.211102550927978 10.198039027185569 1.1384079518462806 
32 64 7 1 2 21 7.211102550927978 10.198039027185569 1.1363244703971827 
31 63 7 1 3 20 5.830951894845301 9.055385138137417 1.1362215197601033 
30 62 7 1 2 20 5.830951894845301 9.055385138137417 1.1432865654091138 
29 61 7 1 3 27 4.47213595499958 9.055385138137417 1.1400419828855362 
28 60 7 1 2 24 4.47213595499958 9.055385138137417 1.1408146287417775 
27 59 7 1 3 25 3.1622776601683795 9.055385138137417 1.1354756249605342 
26 58 7 1 2 20 3.1622776601683795 9.055385138137417 1.1340903144660255 
25 56 7 1 3 20 2.0 9.055385138137417 1.1329401532001135 
24 55 7 1 2 19 2.0 9.055385138137417 1.1460391876077642 
23 54 8 1 2 21 2.8284271247461903 9.055385138137417 1.1439576861858487 
22 53 8 1 0 20 5.0990195135927845 8.0 1.137683835417011 
22 49 8 1 1 18 3.1622776601683795 8.0 1.134415316730431 
21 47 9 2 0 18 3.1622776601683795 8.0 1.117767335062274 
21 45 9 3 1 17 1.4142135623730951 8.0 1 
