140 140 0 0 14 14 16.0 16.0 1.045461492334679 
138 138 0 0 17 17 16.0 14.142135623730951 1.0522306778787962 
134 136 0 0 16 20 13.341664064126334 16.0 1.0497238548737025 
132 135 0 0 16 17 13.341664064126334 16.0 1.0525556794932107 
130 133 0 0 16 20 13.341664064126334 16.0 1.0564583199694833 
128 132 0 0 16 23 13.341664064126334 16.0 1.0565869962625043 
126 131 0 0 14 22 13.341664064126334 16.0 1.0589223813542228 
124 130 0 0 16 24 13.341664064126334 16.0 1.066279259306675 
122 129 0 0 15 30 13.341664064126334 16.0 1.0560426512279542 
120 127 0 0 16 21 13.341664064126334 16.0 1.0568906377072205 
118 125 0 0 17 23 13.341664064126334 15.033296378372908 1.0569324098364088 
116 124 0 0 18 23 15.033296378372908 15.033296378372908 1.0586985624855592 
114 123 0 0 18 24 15.033296378372908 15.033296378372908 1.0540526797101402 
112 121 0 0 18 20 15.033296378372908 15.033296378372908 1.0547505884457293 
110 120 0 0 18 20 15.033296378372908 15.033296378372908 1.0543802532677575 
108 119 0 0 18 19 15.033296378372908 15.033296378372908 1.0572146498304689 
106 118 0 0 18 21 15.033296378372908 15.033296378372908 1.0568443146524968 
104 117 0 0 18 20 15.033296378372908 15.033296378372908 1.0584922098023746 
100 116 0 0 17 19 15.033296378372908 15.033296378372908 1.0735611789482262 
96 115 1 0 17 20 15.033296378372908 15.033296378372908 1.0745085934193117 
94 114 1 0 16 20 15.033296378372908 15.033296378372908 1.0754560078903974 
92 113 1 0 15 20 15.033296378372908 15.033296378372908 1.0781721469538361 
88 112 1 0 14 20 15.033296378372908 15.033296378372908 1.078235199128745 
87 111 1 0 13 20 15.033296378372908 15.033296378372908 1.0791826135998306 
85 110 1 0 12 20 15.033296378372908 15.033296378372908 1.0792456657747398 
84 109 1 0 11 20 15.033296378372908 15.033296378372908 1.0790592122141525 
83 108 1 0 11 20 15.033296378372908 15.033296378372908 1.080005502470183 
81 107 1 0 11 20 14.0 15.033296378372908 1.0828215394431113 
79 106 1 0 12 22 13.038404810405298 15.033296378372908 1.083112000131026 
75 105 1 0 13 20 12.165525060596439 15.033296378372908 1.0850094010164002 
71 104 1 0 11 19 12.165525060596439 15.033296378372908 1.1001241081294426 
69 103 2 0 18 24 12.165525060596439 14.0 1.0997289497678433 
67 102 2 0 12 22 12.165525060596439 13.341664064126334 1.1125301828503493 
65 101 3 0 14 23 12.165525060596439 13.341664064126334 1.1158635908840533 
63 100 3 0 12 25 12.165525060596439 13.341664064126334 1.1123057088662154 
61 98 3 0 13 22 11.045361017187261 13.341664064126334 1.1221517159435344 
59 97 4 0 14 20 11.045361017187261 13.341664064126334 1.1258676538053591 
55 96 4 0 10 20 10.0 13.341664064126334 1.1272660432197403 
51 95 4 0 10 19 10.0 13.341664064126334 1.1273947195127614 
49 94 4 0 8 18 10.0 13.341664064126334 1.1276152040211793 
47 92 4 0 10 19 9.899494936611665 13.341664064126334 1.1158361054478818 
45 91 4 1 8 19 7.615773105863909 13.341664064126334 1.1181370706117946 
44 90 4 1 7 21 6.324555320336759 13.038404810405298 1.1179506170512072 
43 89 4 1 7 21 6.324555320336759 13.038404810405298 1.1123164711435434 
42 87 5 2 8 19 6.324555320336759 13.038404810405298 1.113833118057197 
40 86 5 2 9 20 6.324555320336759 13.038404810405298 1.1152139198811637 
39 85 5 2 7 21 6.324555320336759 13.038404810405298 1.120618191623878 
38 84 5 2 6 26 6.324555320336759 13.038404810405298 1.1244881225727115 
37 83 6 2 6 19 6.324555320336759 13.038404810405298 1.1248457663608358 
36 82 6 2 5 19 5.0990195135927845 13.038404810405298 1.1214520091163624 
35 80 6 2 5 17 5.0990195135927845 13.038404810405298 1.122333799469336 
34 79 6 2 5 18 5.0990195135927845 13.038404810405298 1.1204776610338336 
33 78 6 2 5 17 5.0990195135927845 12.165525060596439 1.1329671087238296 
32 77 7 2 4 18 5.830951894845301 12.165525060596439 1.1317542604603854 
31 76 7 2 4 17 5.656854249492381 12.165525060596439 1.130496991043034 
30 74 7 2 4 17 5.656854249492381 12.165525060596439 1.1303105374824467 
29 73 7 2 4 17 5.656854249492381 12.165525060596439 1.130623095392852 
28 72 7 2 2 17 5.656854249492381 12.165525060596439 1.1301871360967681 
27 71 7 2 3 17 5.656854249492381 12.165525060596439 1.1295218899170116 
26 70 7 2 2 16 4.242640687119285 12.165525060596439 1.1283141031850301 
25 69 7 2 3 16 4.242640687119285 11.045361017187261 1.1395294524946877 
24 68 8 2 2 16 5.830951894845301 11.045361017187261 1.1272128972153366 
23 67 8 3 2 17 4.47213595499958 11.045361017187261 1.139190526280935 
21 66 9 3 0 16 3.1622776601683795 11.045361017187261 1.1377065696283732 
21 65 9 3 1 16 1.4142135623730951 10.198039027185569 1 
