140 140 0 0 14 14 16.0 16.0 1.018989886240121 
138 138 0 0 17 17 16.0 14.142135623730951 1.0247345061449256 
134 136 0 0 16 19 13.341664064126334 16.0 1.0254287495368595 
132 135 0 0 16 19 13.341664064126334 16.0 1.0233730545473247 
130 134 0 0 16 16 14.142135623730951 16.0 1.0248389995027072 
128 132 0 0 16 18 14.142135623730951 16.0 1.0321325554058207 
126 131 0 0 14 25 14.142135623730951 16.0 1.0321135191727624 
125 130 0 0 14 25 14.0 16.0 1.0331121099058116 
123 128 0 0 15 27 14.0 16.0 1.0315258992335974 
121 126 0 0 15 26 14.0 15.033296378372908 1.0309253468630266 
120 125 0 0 14 26 15.033296378372908 14.142135623730951 1.0287998558341356 
119 123 0 0 14 24 14.0 14.142135623730951 1.0282175158513769 
117 122 0 0 15 23 14.0 14.142135623730951 1.0272130622046478 
115 121 0 0 16 21 13.038404810405298 14.142135623730951 1.0295257639012996 
113 120 0 0 16 23 13.038404810405298 14.142135623730951 1.0273211009932404 
111 118 0 0 15 20 13.038404810405298 14.0 1.0275479901628404 
109 117 0 0 16 20 13.038404810405298 14.0 1.0314416225752998 
107 115 0 0 16 25 13.038404810405298 14.0 1.0312891092259644 
105 113 0 0 16 25 13.038404810405298 14.0 1.0327925817702572 
103 112 0 0 16 26 13.038404810405298 14.0 1.0297301501884133 
99 110 0 0 19 23 13.038404810405298 13.038404810405298 1.0334835492588519 
97 108 0 0 15 25 12.0 13.038404810405298 1.0407374273782368 
87 100 1 0 15 18 12.165525060596439 13.038404810405298 1.028592513669121 
85 99 1 1 13 17 12.165525060596439 13.038404810405298 1.0294345627766865 
84 98 1 1 12 17 11.045361017187261 13.038404810405298 1.0298003894124892 
80 97 1 1 16 17 11.045361017187261 13.038404810405298 1.0387604247411137 
76 96 1 1 12 23 11.045361017187261 13.038404810405298 1.0338780157699332 
74 94 1 1 10 16 11.045361017187261 13.038404810405298 1.048967368338325 
73 93 2 1 12 21 11.045361017187261 13.038404810405298 1.0496616117302588 
71 92 2 1 12 21 11.045361017187261 13.038404810405298 1.0642929021113532 
67 91 3 1 13 22 11.045361017187261 13.038404810405298 1.0605346310206625 
63 90 3 1 14 16 11.045361017187261 12.0 1.0645927748429065 
59 89 3 1 11 16 10.0 12.0 1.0661346520670825 
57 88 3 1 10 16 9.055385138137417 12.0 1.0657165204623895 
56 87 3 1 9 15 9.055385138137417 12.0 1.0704193820272077 
54 85 3 1 9 21 9.055385138137417 12.0 1.0711523545048989 
53 84 3 1 9 22 9.055385138137417 12.0 1.0810057281433543 
51 83 4 1 10 19 9.055385138137417 12.0 1.0809133508142745 
50 82 4 1 9 18 8.246211251235321 12.0 1.0820256020761863 
49 81 4 1 7 18 7.615773105863909 12.0 1.0851862620109543 
48 80 4 1 7 22 7.615773105863909 12.0 1.0822149636568763 
47 79 4 1 8 19 7.615773105863909 12.0 1.0825591635776988 
45 78 4 1 8 19 8.48528137423857 12.0 1.0863797321941433 
44 77 4 1 7 24 8.48528137423857 11.045361017187261 1.0964949845860348 
42 76 5 1 8 22 8.48528137423857 10.198039027185569 1.0939147837796228 
40 74 5 1 8 19 8.48528137423857 10.198039027185569 1.0959243396320062 
39 73 5 1 7 21 8.48528137423857 10.198039027185569 1.0930409929813263 
38 71 5 1 6 18 8.48528137423857 10.198039027185569 1.0929550202644536 
37 69 5 1 5 18 8.48528137423857 10.770329614269007 1.1021691351734888 
36 67 6 1 5 17 8.48528137423857 9.055385138137417 1.1042806657475768 
35 66 6 1 5 19 7.0710678118654755 9.055385138137417 1.102244075838166 
34 65 6 1 4 16 7.0710678118654755 9.055385138137417 1.0899748843335895 
33 63 6 2 4 18 7.0710678118654755 9.055385138137417 1.091568304063192 
31 61 6 2 4 21 7.0710678118654755 8.0 1.105251427825725 
29 60 7 2 2 21 7.0710678118654755 8.0 1.1057445000950954 
28 59 7 2 2 21 5.656854249492381 8.0 1.108626530735785 
26 58 7 2 2 23 4.242640687119285 8.0 1.09611623752604 
24 57 7 3 2 22 2.8284271247461903 8.0 1.1080760453239553 
22 56 8 3 0 21 5.0990195135927845 8.0 1.1028578787910588 
22 54 8 3 1 17 3.1622776601683795 7.0710678118654755 1.118502537285182 
21 52 9 3 0 22 3.1622776601683795 7.0710678118654755 1.1138084822472634 
21 50 9 3 1 18 1.4142135623730951 7.0710678118654755 1 
