140 140 0 0 14 14 16.0 16.0 0.9962957916546644 
138 138 0 0 17 17 16.0 14.142135623730951 1.001631735314973 
134 136 0 0 16 18 13.341664064126334 16.0 1.000957972403082 
132 135 0 0 16 16 13.341664064126334 16.0 1.0052010606756396 
130 134 0 0 16 21 14.142135623730951 16.0 1.0054653766743598 
128 133 0 0 16 21 14.142135623730951 15.033296378372908 1.0055996432986292 
126 129 0 0 14 22 15.033296378372908 15.033296378372908 1.0049976028265897 
125 125 0 0 14 24 15.033296378372908 15.033296378372908 1.0022811268829543 
123 123 0 0 15 21 15.033296378372908 15.033296378372908 1.0038745371849416 
121 122 0 0 15 22 15.033296378372908 15.033296378372908 1.0075179811378276 
120 121 0 0 14 26 15.033296378372908 15.033296378372908 1.006545387686763 
119 120 0 0 14 24 14.0 15.033296378372908 1.0075753328559096 
117 119 0 0 15 25 14.0 15.033296378372908 1.0045192750940914 
115 118 0 0 16 20 13.038404810405298 15.033296378372908 1.0053891619018007 
113 116 0 0 16 21 13.038404810405298 15.033296378372908 1.0060667894377244 
111 114 0 0 15 21 13.038404810405298 15.033296378372908 1.0061238706392661 
110 113 0 0 15 21 13.038404810405298 15.033296378372908 1.010633453956315 
106 112 0 0 16 24 12.165525060596439 15.033296378372908 1.014686296743966 
104 111 0 0 17 29 12.165525060596439 15.033296378372908 1.0301697175751758 
96 110 1 0 22 29 11.045361017187261 15.033296378372908 1.03241280149226 
90 109 1 0 17 23 11.045361017187261 15.033296378372908 1.057377309990928 
82 108 2 0 19 34 11.045361017187261 15.033296378372908 1.0674857024108397 
78 107 3 0 15 25 11.045361017187261 15.033296378372908 1.0630020627557741 
76 101 3 0 14 22 11.045361017187261 15.033296378372908 1.063814868361942 
75 100 3 0 14 23 11.045361017187261 15.033296378372908 1.0657784620211568 
74 99 3 0 14 25 10.198039027185569 15.033296378372908 1.065483225589475 
73 97 3 0 12 24 10.198039027185569 15.033296378372908 1.066859496328483 
72 96 3 0 11 25 10.198039027185569 15.033296378372908 1.0648665438791256 
70 95 3 0 12 22 10.198039027185569 15.033296378372908 1.0700463169324572 
68 94 3 0 11 27 10.198039027185569 15.033296378372908 1.0731611968662058 
67 93 3 0 10 31 10.198039027185569 14.142135623730951 1.0733106137105526 
66 92 3 0 10 31 10.0 14.142135623730951 1.0733676949120943 
65 91 3 0 10 31 10.0 14.142135623730951 1.0725647459933212 
61 90 3 0 13 29 10.0 14.142135623730951 1.074246265085669 
59 88 3 0 11 29 9.055385138137417 14.142135623730951 1.0725996382061729 
58 87 3 0 10 26 9.055385138137417 14.142135623730951 1.0802194708597053 
57 85 4 0 9 20 9.055385138137417 14.142135623730951 1.0811288791969178 
56 81 4 0 9 24 9.055385138137417 14.142135623730951 1.0753573047244305 
54 80 4 0 10 16 9.055385138137417 14.142135623730951 1.0874925955778878 
53 79 5 0 13 18 9.055385138137417 14.142135623730951 1.1094075810930182 
45 78 6 0 7 19 9.055385138137417 14.142135623730951 1.1061538488635292 
44 74 6 0 5 16 9.055385138137417 14.142135623730951 1.106243130975419 
43 72 6 0 5 17 9.055385138137417 14.142135623730951 1.1078365412774063 
41 71 6 0 5 18 9.055385138137417 14.142135623730951 1.1107564617360144 
40 69 6 0 4 22 9.055385138137417 14.142135623730951 1.0985565967638875 
39 67 6 1 4 23 8.0 14.142135623730951 1.0969099698843914 
38 66 6 1 3 20 8.0 14.142135623730951 1.095455602276681 
37 65 6 1 3 18 8.0 14.142135623730951 1.0961772297409507 
36 64 6 1 2 19 8.0 13.038404810405298 1.1107835206887489 
34 63 7 1 2 21 8.0 13.038404810405298 1.0960670002544484 
32 61 7 2 3 18 6.324555320336759 13.038404810405298 1.096879805860616 
31 60 7 2 3 19 6.324555320336759 13.038404810405298 1.0975082928002313 
30 59 7 2 3 19 5.0990195135927845 13.038404810405298 1.0968096495971469 
29 58 7 2 3 18 5.0990195135927845 13.038404810405298 1.0973791483493356 
28 57 7 2 3 18 4.0 13.038404810405298 1.0969185083357325 
27 56 7 2 3 18 4.0 12.165525060596439 1.082913450061791 
26 54 7 3 2 16 3.1622776601683795 12.165525060596439 1.0707527762772509 
25 53 7 4 1 16 3.1622776601683795 12.165525060596439 1.0696356712706385 
24 52 7 4 2 16 4.47213595499958 12.165525060596439 1.0813046427682917 
23 51 8 4 1 15 4.47213595499958 11.40175425099138 1.0812583951166954 
22 50 8 4 0 15 5.0990195135927845 10.770329614269007 1.0831415850682309 
22 49 8 4 1 18 3.1622776601683795 10.770329614269007 1.0960192876437977 
21 48 9 4 0 18 3.1622776601683795 10.770329614269007 1.09218499961869 
21 47 9 4 1 14 1.4142135623730951 10.198039027185569 1 
