140 140 0 0 14 14 16.0 16.0 1.0313202632646337 
138 138 0 0 17 17 16.0 14.142135623730951 1.0385116520988524 
134 136 0 0 16 22 13.038404810405298 16.0 1.0374237771889694 
132 134 0 0 16 21 13.038404810405298 16.0 1.036870956527467 
130 133 0 0 16 21 14.142135623730951 15.033296378372908 1.0333272878187432 
128 132 0 0 16 16 15.033296378372908 15.033296378372908 1.036911027099207 
126 131 0 0 14 19 15.033296378372908 15.033296378372908 1.036002915989181 
125 130 0 0 14 18 15.033296378372908 15.033296378372908 1.0381347932006095 
123 129 0 0 15 21 15.033296378372908 15.033296378372908 1.0407506244350497 
121 128 0 0 15 24 15.033296378372908 15.033296378372908 1.0403264673480352 
120 127 0 0 14 23 15.033296378372908 15.033296378372908 1.043445881637506 
119 126 0 0 14 27 14.0 15.033296378372908 1.0433927169184272 
117 125 0 0 15 27 14.0 15.033296378372908 1.0407232120444683 
115 123 0 0 16 24 13.038404810405298 15.033296378372908 1.041154001348401 
113 122 0 0 16 24 13.038404810405298 15.033296378372908 1.04055008046153 
111 120 0 0 15 23 13.038404810405298 15.033296378372908 1.0390402211221126 
109 119 0 0 16 21 13.038404810405298 15.033296378372908 1.0379523462122298 
107 117 0 0 16 20 13.038404810405298 15.033296378372908 1.0383831355161626 
105 116 0 0 16 20 13.038404810405298 15.033296378372908 1.0389915159624723 
103 114 0 0 14 20 13.038404810405298 15.033296378372908 1.0398040259926948 
102 112 0 0 14 22 12.165525060596439 15.033296378372908 1.0387781206762896 
100 111 0 0 14 20 12.165525060596439 15.033296378372908 1.0424844867144356 
99 110 0 0 15 26 12.165525060596439 15.033296378372908 1.0397662983649332 
95 109 0 0 15 20 12.165525060596439 15.033296378372908 1.040070488588088 
94 108 0 0 14 20 12.165525060596439 15.033296378372908 1.0516432966125453 
86 106 1 0 22 20 12.165525060596439 15.033296378372908 1.0702898530886908 
78 105 1 0 13 34 12.165525060596439 15.033296378372908 1.0751496890663488 
77 103 2 0 14 26 12.165525060596439 15.033296378372908 1.074785328915332 
75 101 2 0 11 24 12.165525060596439 15.033296378372908 1.0769260110011591 
71 100 2 0 13 26 12.165525060596439 15.033296378372908 1.089615243696998 
70 99 3 0 13 27 12.165525060596439 15.033296378372908 1.0856894385456897 
69 95 3 0 13 27 11.045361017187261 12.0 1.0861760524625244 
68 93 3 0 13 29 11.045361017187261 12.0 1.083883207379654 
67 92 3 0 12 25 10.198039027185569 12.0 1.0979448923040394 
59 90 4 0 12 23 10.0 12.0 1.102427814878017 
57 89 4 0 11 27 8.246211251235321 12.0 1.101275310480834 
56 88 4 0 10 25 8.246211251235321 12.0 1.0989751342377698 
54 86 4 0 11 23 8.246211251235321 12.0 1.0974652748983527 
52 85 4 0 12 21 8.246211251235321 12.0 1.0972855110984958 
51 84 4 0 12 21 8.246211251235321 12.0 1.0989844263485113 
50 82 4 0 11 24 8.246211251235321 12.0 1.0955849104273432 
49 80 4 0 10 20 8.246211251235321 12.0 1.1081563489168027 
47 79 5 0 10 20 8.246211251235321 12.0 1.1073999595352413 
45 77 5 0 8 18 8.0 12.0 1.1075670194413765 
44 76 5 0 8 18 7.0710678118654755 12.0 1.1098118583078815 
43 75 5 0 6 20 7.0710678118654755 12.0 1.1133855041869867 
42 74 5 0 6 26 7.211102550927978 11.045361017187261 1.110902904250243 
40 73 5 0 6 22 7.211102550927978 11.045361017187261 1.1076919570033301 
38 72 5 0 6 17 7.211102550927978 11.045361017187261 1.1198304335313765 
37 70 6 0 4 17 7.211102550927978 11.045361017187261 1.1199473460246807 
36 69 6 0 5 18 7.0710678118654755 11.045361017187261 1.1200965158406353 
35 68 6 0 4 18 5.830951894845301 10.0 1.1194327980177667 
34 67 6 0 5 18 5.830951894845301 10.0 1.1175519463104142 
33 66 6 0 4 15 5.830951894845301 10.0 1.116097911583899 
32 64 6 0 5 15 5.830951894845301 10.0 1.116909425792634 
31 63 6 0 4 15 4.47213595499958 10.0 1.1169740552799345 
30 62 6 0 5 16 4.47213595499958 10.0 1.1157595812892735 
29 60 6 0 4 15 4.47213595499958 10.0 1.114162224743643 
28 59 7 1 4 14 4.47213595499958 10.0 1.1156787162999786 
27 58 7 1 2 15 4.47213595499958 10.0 1.1014804707087251 
26 56 7 2 3 15 4.242640687119285 10.0 1.1021880224620433 
25 55 7 2 2 15 3.1622776601683795 10.0 1.1001067118934005 
24 54 8 3 3 14 3.1622776601683795 10.0 1.1007828774876727 
23 52 8 3 2 15 2.0 10.0 1.1098423460098183 
22 51 9 3 2 14 6.324555320336759 9.055385138137417 1.111088053117677 
21 50 9 3 0 14 5.0990195135927845 9.055385138137417 1.111189531758304 
21 49 9 3 1 14 1.4142135623730951 9.055385138137417 1 
