140 140 0 0 14 14 16.0 16.0 1.0762199194613407 
138 139 0 0 17 18 16.0 14.142135623730951 1.0777560821666412 
134 137 0 0 16 18 12.165525060596439 16.0 1.078096412977272 
132 135 0 0 16 19 13.341664064126334 16.0 1.0762201850142399 
130 133 0 0 16 18 14.0 16.0 1.0798014963215488 
128 132 0 0 16 21 14.0 16.0 1.0778231480717708 
126 131 0 0 14 19 14.0 16.0 1.0813561226888997 
124 130 0 0 16 22 14.0 16.0 1.0872048008402053 
122 129 0 0 15 27 14.0 16.0 1.0868285271476024 
120 125 0 0 16 29 14.0 16.0 1.0825271628268942 
118 124 0 0 17 25 14.142135623730951 16.0 1.0771115117934864 
116 123 0 0 18 20 14.142135623730951 16.0 1.0750848268535287 
114 122 0 0 18 18 14.142135623730951 16.0 1.082038954342059 
110 121 0 0 19 23 14.142135623730951 16.0 1.0878876324933644 
108 120 0 0 18 28 14.142135623730951 16.0 1.089410072082764 
106 118 0 0 18 30 14.142135623730951 16.0 1.08981091242271 
104 116 0 0 18 31 14.142135623730951 16.0 1.0889541634223858 
102 115 0 0 16 30 14.142135623730951 16.0 1.0913172020998811 
100 114 0 0 20 32 14.142135623730951 16.0 1.0860867663478273 
94 113 0 0 16 25 14.142135623730951 16.0 1.101285269229787 
93 112 1 0 17 29 14.142135623730951 16.0 1.099687868884313 
91 110 1 0 14 29 14.142135623730951 14.0 1.0997568097082013 
89 109 1 0 21 29 15.033296378372908 14.142135623730951 1.110157761328131 
83 108 2 0 15 26 15.033296378372908 14.142135623730951 1.1126174733859866 
81 107 2 0 15 28 15.033296378372908 14.142135623730951 1.1223209459411425 
77 103 3 0 13 28 15.033296378372908 14.142135623730951 1.124249613067576 
76 102 3 0 13 30 14.142135623730951 14.142135623730951 1.1211254972232556 
74 101 3 0 12 27 14.142135623730951 14.142135623730951 1.1302759894354195 
70 100 4 0 10 24 14.142135623730951 14.142135623730951 1.1288013232679666 
69 99 4 0 10 23 14.0 14.142135623730951 1.1268241100929441 
67 98 4 0 10 21 13.038404810405298 14.142135623730951 1.1293287297192514 
65 97 4 0 10 23 12.165525060596439 14.142135623730951 1.1284951249820088 
61 96 4 0 10 21 11.40175425099138 14.142135623730951 1.122166369825235 
59 94 4 0 10 16 11.40175425099138 14.142135623730951 1.1218679186301541 
58 93 4 0 10 16 10.198039027185569 14.142135623730951 1.125391831420445 
56 92 4 0 10 19 11.313708498984761 14.142135623730951 1.1307130133492722 
55 91 4 0 12 24 8.94427190999916 14.142135623730951 1.129880432694038 
53 90 4 0 9 23 8.94427190999916 14.142135623730951 1.1300969462529868 
51 89 4 0 9 23 8.94427190999916 14.142135623730951 1.1271088204994828 
49 87 4 0 10 21 8.94427190999916 14.142135623730951 1.127373670748612 
47 86 4 0 8 21 8.94427190999916 14.142135623730951 1.1225510626411352 
46 85 4 0 7 17 8.94427190999916 14.142135623730951 1.1349374924433475 
44 84 5 0 9 18 8.94427190999916 14.142135623730951 1.1334796820842308 
43 83 5 0 8 17 8.94427190999916 14.142135623730951 1.1331434709745671 
42 82 5 0 7 17 8.94427190999916 14.142135623730951 1.1328514395952474 
41 81 5 0 7 17 7.615773105863909 14.142135623730951 1.1304530077515356 
40 79 5 0 7 16 7.211102550927978 14.142135623730951 1.1301865757145018 
39 78 5 0 5 16 6.324555320336759 14.142135623730951 1.128704597010295 
38 77 5 0 5 15 6.324555320336759 14.142135623730951 1.1274069450870852 
37 75 5 0 5 15 6.324555320336759 14.142135623730951 1.1387651858075334 
36 74 6 0 4 16 6.324555320336759 13.038404810405298 1.1491410805820166 
34 72 7 0 4 16 6.324555320336759 13.038404810405298 1.1499023003767164 
33 71 7 0 4 17 6.324555320336759 13.038404810405298 1.1335297061172023 
32 70 7 1 4 15 5.0990195135927845 13.038404810405298 1.1354125251613554 
31 69 7 1 4 17 5.0990195135927845 13.038404810405298 1.1339305464571485 
30 68 7 1 4 16 5.0990195135927845 13.038404810405298 1.1336267089190184 
29 67 7 1 4 16 4.0 13.038404810405298 1.1327976986785993 
28 66 7 1 3 16 4.0 12.0 1.1324373192238457 
27 65 7 1 3 16 4.0 12.0 1.1309984393237156 
26 64 7 1 3 15 3.1622776601683795 12.0 1.1263075391264044 
24 62 8 2 2 14 5.830951894845301 12.0 1.1133307679033517 
23 61 8 3 1 15 4.47213595499958 12.0 1.1129623051389503 
22 60 8 3 0 15 5.0990195135927845 12.0 1.1143437035450112 
22 59 8 3 1 17 3.1622776601683795 12.0 1.124651100008417 
21 58 9 3 0 17 3.1622776601683795 11.045361017187261 1.108825926466211 
21 57 9 4 1 16 1.4142135623730951 11.045361017187261 1 
