140 140 0 0 14 14 16.0 16.0 1.0688308605575056 
138 139 0 0 17 19 16.0 14.142135623730951 1.0730333966433536 
134 137 0 0 16 21 12.165525060596439 16.0 1.0739318283500117 
132 133 0 0 16 24 12.165525060596439 16.0 1.071934233247172 
130 132 0 0 16 22 13.038404810405298 16.0 1.0711407357596219 
128 131 0 0 16 21 13.038404810405298 16.0 1.0737546094120087 
126 130 0 0 14 23 14.0 16.0 1.07173468670304 
124 129 0 0 16 21 14.0 16.0 1.072119816844513 
122 128 0 0 15 21 14.0 16.0 1.0758018419110804 
120 127 0 0 16 24 14.0 16.0 1.0760913768677631 
118 126 0 0 17 24 14.0 16.0 1.0786425718977022 
116 125 0 0 18 26 14.0 16.0 1.0744565843002676 
114 124 0 0 18 22 14.0 16.0 1.0736511562655893 
112 123 0 0 18 21 14.142135623730951 16.0 1.0718771282379624 
108 122 0 0 18 18 14.142135623730951 16.0 1.0745717160450874 
106 121 0 0 16 20 14.142135623730951 16.0 1.072882219165831 
104 119 0 0 15 19 14.142135623730951 16.0 1.0743503817515372 
102 118 0 0 15 20 14.142135623730951 16.0 1.0803896620761515 
100 117 0 0 14 25 14.142135623730951 16.0 1.0778367003325118 
99 116 0 0 14 23 14.0 16.0 1.0781591518515372 
97 115 0 0 16 23 13.038404810405298 16.0 1.0856006268803877 
93 114 0 0 14 28 12.165525060596439 16.0 1.0826369071873174 
91 112 0 0 16 26 12.165525060596439 16.0 1.0833593698778685 
87 110 0 0 15 26 12.165525060596439 16.0 1.0906454301483741 
83 108 1 0 15 22 12.165525060596439 16.0 1.0915686231522814 
82 107 1 0 13 23 12.165525060596439 16.0 1.0972005982409714 
81 105 1 0 13 29 11.045361017187261 16.0 1.0925610789294737 
80 103 1 0 13 26 11.045361017187261 16.0 1.0918146659198418 
79 102 1 0 14 26 10.198039027185569 15.033296378372908 1.091488108977399 
78 101 1 0 13 26 11.045361017187261 15.033296378372908 1.0866615566133744 
77 100 1 0 13 22 11.045361017187261 15.033296378372908 1.0963622096780967 
76 99 2 0 13 21 11.045361017187261 15.033296378372908 1.0999964371522686 
74 98 2 0 15 24 11.045361017187261 15.033296378372908 1.109523802771558 
72 97 2 0 12 32 11.045361017187261 15.033296378372908 1.1071459435333166 
71 95 2 0 12 31 11.045361017187261 15.033296378372908 1.1058989143317033 
70 93 2 0 12 31 11.045361017187261 15.033296378372908 1.1002163102549887 
69 91 2 0 12 27 10.0 15.033296378372908 1.0909142353368468 
68 90 2 0 11 19 10.0 15.033296378372908 1.09536915391077 
67 88 2 0 10 24 10.0 15.033296378372908 1.0950659216932581 
66 87 2 0 10 24 10.0 15.033296378372908 1.0857390854778672 
64 83 2 0 11 18 10.0 15.033296378372908 1.0866622784817743 
63 82 2 0 9 19 10.0 15.033296378372908 1.0836753078162287 
62 81 3 1 9 19 10.0 15.033296378372908 1.083403566870236 
61 80 3 1 10 19 9.055385138137417 15.033296378372908 1.0698746480600232 
59 79 3 2 11 19 9.055385138137417 15.033296378372908 1.0681851511807667 
57 77 3 2 10 18 9.055385138137417 15.033296378372908 1.069032871658155 
56 76 3 2 11 19 8.246211251235321 15.033296378372908 1.068077490480508 
54 75 3 2 9 18 11.313708498984761 15.033296378372908 1.0714750685737362 
53 74 3 2 10 21 7.0710678118654755 15.033296378372908 1.0723026663928525 
52 73 3 2 10 22 7.0710678118654755 15.033296378372908 1.0833689801391249 
51 71 4 2 9 23 7.0710678118654755 15.033296378372908 1.0831135455140086 
50 70 4 2 8 23 7.0710678118654755 15.033296378372908 1.079604856239139 
49 68 4 2 8 21 7.0710678118654755 15.033296378372908 1.077878444085878 
48 67 4 2 7 20 6.0 14.142135623730951 1.0781256131087464 
47 66 4 2 8 21 6.0 13.038404810405298 1.0829590233548843 
45 65 4 2 8 25 6.324555320336759 13.038404810405298 1.0809868982383106 
43 64 4 2 9 23 6.324555320336759 13.038404810405298 1.0808709217715646 
41 63 4 2 8 23 6.324555320336759 12.0 1.0948027268017078 
37 62 5 2 7 24 6.324555320336759 12.0 1.0930654323300562 
35 60 5 2 7 23 6.324555320336759 12.0 1.09727836428397 
33 56 6 2 5 19 6.324555320336759 12.0 1.1091928798295532 
32 55 7 2 6 20 6.324555320336759 12.0 1.0889501815242035 
31 51 7 3 6 17 5.0990195135927845 12.0 1.0704007705780736 
30 50 7 4 4 13 5.0990195135927845 12.0 1.0734900284704465 
29 49 7 4 4 16 5.0990195135927845 12.0 1.0744098755354416 
28 48 7 4 4 17 4.0 12.0 1.0568956994411496 
27 47 7 5 4 14 4.0 12.0 1.053585002304947 
26 45 7 5 3 12 3.1622776601683795 12.165525060596439 1.0519693975766962 
25 43 7 5 3 12 3.1622776601683795 11.40175425099138 1.0617178482338139 
24 42 8 5 2 11 3.1622776601683795 11.40175425099138 1.0603813449732367 
23 41 8 5 2 10 2.0 11.40175425099138 1.0545305385728647 
21 40 9 6 0 7 4.47213595499958 11.40175425099138 1.0536263716274132 
21 39 9 6 0 7 4.0 11.40175425099138 1.0523382358293525 
21 38 9 6 0 7 4.47213595499958 10.770329614269007 1.0509839350169201 
21 37 9 6 1 7 1.4142135623730951 9.486832980505138 1 
