140 140 0 0 14 14 16.0 16.0 1.0483280415483591 
138 139 0 0 17 17 16.0 14.142135623730951 1.047275594179177 
134 137 0 0 16 15 12.0 16.0 1.0505417257438685 
132 135 0 0 21 16 14.142135623730951 16.0 1.0586831480495615 
128 134 0 0 22 19 14.142135623730951 16.0 1.0588437298440316 
124 132 0 0 22 18 14.142135623730951 16.0 1.0655851563993437 
120 130 0 0 22 21 14.142135623730951 16.0 1.0684243182424973 
116 129 0 0 22 21 14.142135623730951 16.0 1.0798561629286108 
112 128 0 0 23 26 14.142135623730951 16.0 1.0806834866896462 
108 127 0 0 22 25 14.142135623730951 16.0 1.094930173048853 
104 126 1 0 17 27 14.142135623730951 16.0 1.0965663233250094 
102 125 1 0 19 27 14.142135623730951 16.0 1.102953580625072 
98 124 2 0 15 24 14.142135623730951 16.0 1.1042231040093202 
96 123 2 0 16 24 14.142135623730951 16.0 1.1106734764040298 
94 121 2 0 16 28 14.142135623730951 16.0 1.1136671804323979 
92 120 3 0 17 23 14.142135623730951 16.0 1.1132914926264361 
90 119 3 0 18 22 14.142135623730951 16.0 1.1101067524056585 
86 115 3 0 19 20 14.142135623730951 16.0 1.1138578716552068 
82 114 3 0 17 21 14.142135623730951 16.0 1.114760768147547 
80 113 3 0 17 21 14.142135623730951 16.0 1.1140184534496773 
78 112 3 0 17 20 14.142135623730951 16.0 1.1149213499420176 
76 111 3 0 17 20 14.142135623730951 16.0 1.1171028307326607 
74 110 3 0 16 21 14.142135623730951 16.0 1.1319234647153975 
73 109 4 0 16 24 14.142135623730951 16.0 1.130034313719542 
72 108 4 0 20 22 14.142135623730951 16.0 1.1409905776983285 
68 107 5 0 15 22 14.142135623730951 16.0 1.144582390787591 
67 106 5 0 16 24 14.142135623730951 16.0 1.1434734491978131 
65 105 5 0 15 23 14.142135623730951 16.0 1.1434136367657346 
64 104 5 0 15 23 14.0 16.0 1.1427080155632894 
62 103 5 0 15 22 13.038404810405298 16.0 1.1416627855163235 
60 102 5 0 15 21 12.165525060596439 15.033296378372908 1.1398205901427299 
58 101 5 0 12 20 12.165525060596439 15.033296378372908 1.13910742016294 
56 100 5 0 12 19 11.40175425099138 15.033296378372908 1.1416796223680812 
54 99 5 0 12 20 10.770329614269007 15.033296378372908 1.1458389196761751 
52 98 5 0 12 22 11.661903789690601 15.033296378372908 1.144729978086397 
50 97 5 0 11 21 11.661903789690601 15.033296378372908 1.140624631992533 
48 93 5 0 10 20 8.94427190999916 15.033296378372908 1.1386140695445996 
47 91 5 0 12 19 8.94427190999916 15.033296378372908 1.1405242211034923 
46 90 5 0 13 20 9.899494936611665 15.033296378372908 1.1395965261906582 
45 89 5 0 15 19 8.602325267042627 15.033296378372908 1.1353002931117333 
41 88 5 0 9 16 8.602325267042627 15.033296378372908 1.1289042117417518 
40 87 6 1 10 15 8.602325267042627 15.033296378372908 1.1409105062451792 
40 86 6 1 15 22 8.602325267042627 14.142135623730951 1.144815834941933 
36 85 7 1 9 18 11.313708498984761 14.142135623730951 1.1448917082162529 
35 84 7 1 9 18 7.615773105863909 14.142135623730951 1.1529193266073101 
34 82 7 1 9 24 7.615773105863909 12.0 1.1521048720161409 
32 80 7 1 7 24 6.324555320336759 12.0 1.1520864010342784 
31 79 7 1 7 24 5.0990195135927845 12.0 1.158039860671599 
27 77 8 1 5 21 8.602325267042627 12.0 1.1498016561828026 
26 76 8 1 5 16 7.211102550927978 12.0 1.1580151410975492 
25 75 8 1 5 21 5.830951894845301 12.0 1.165211224912733 
23 74 9 1 4 19 5.830951894845301 12.0 1.1611741636010962 
22 73 9 1 2 17 4.47213595499958 12.0 1.1605701438934353 
22 72 9 1 3 17 2.8284271247461903 12.0 1 
