140 140 0 0 14 14 16.0 16.0 1.1735514015611375 
139 138 0 0 19 17 16.0 13.038404810405298 1.1866471682229316 
135 136 0 0 22 19 14.142135623730951 15.033296378372908 1.1948413575190244 
131 135 0 0 25 19 14.142135623730951 15.033296378372908 1.2122526364503274 
127 134 0 0 25 23 14.142135623730951 16.0 1.2146374550969437 
123 133 0 0 28 21 14.142135623730951 16.0 1.2401358165008483 
123 132 0 0 38 27 14.142135623730951 16.0 1.24023440199001 
117 131 0 0 38 24 13.038404810405298 16.0 1.2368042638894632 
113 129 0 0 36 23 13.038404810405298 15.033296378372908 1.2405360699992187 
107 128 0 0 34 22 14.0 15.033296378372908 1.248045522533163 
105 124 0 0 37 26 14.0 14.142135623730951 1.2699908468161112 
101 123 0 0 42 30 14.0 14.142135623730951 1.2957231219248933 
101 119 0 0 46 41 14.0 14.0 1.2672345558757454 
100 115 0 0 49 33 13.038404810405298 14.0 1.2850339751211597 
99 114 0 0 50 39 13.038404810405298 14.0 1.290410748450911 
87 110 1 0 37 39 12.165525060596439 14.0 1.3031092892056049 
86 109 1 0 44 41 12.0 14.142135623730951 1.2964415991220644 
80 108 2 0 34 37 12.0 14.142135623730951 1.31010471610977 
79 106 2 0 39 41 12.0 14.142135623730951 1.325129574553327 
71 105 2 0 31 45 11.40175425099138 13.341664064126334 1.336059961784713 
69 104 3 0 31 46 11.40175425099138 13.341664064126334 1.312258064959857 
63 103 4 0 24 35 11.40175425099138 13.341664064126334 1.2926095413243748 
62 101 4 0 25 29 11.40175425099138 13.341664064126334 1.2961985002867993 
61 99 4 0 26 31 11.40175425099138 13.341664064126334 1.3073885704049548 
53 97 5 0 18 32 11.40175425099138 13.341664064126334 1.2926761380375396 
47 96 5 0 15 25 10.0 13.341664064126334 1.2994053465755357 
47 94 5 0 18 28 10.0 13.341664064126334 1.3037475360412094 
46 93 5 0 20 29 10.0 13.341664064126334 1.3101637782385032 
46 92 5 0 23 31 10.0 13.341664064126334 1.3079380988253184 
42 91 6 0 18 28 10.0 13.341664064126334 1.305404720797564 
41 90 6 0 19 27 10.0 13.341664064126334 1.2905243136247067 
37 89 7 1 11 27 10.0 13.341664064126334 1.2821815649474757 
36 88 7 1 12 24 10.0 13.341664064126334 1.2820352059920441 
36 86 7 1 14 25 10.0 13.341664064126334 1.2874573857091234 
32 85 8 1 8 25 10.0 13.341664064126334 1.2667626779976175 
31 83 8 1 8 19 9.055385138137417 13.341664064126334 1.2704855906652361 
32 82 8 1 13 20 10.198039027185569 13.341664064126334 1.2690148137486228 
26 81 8 1 6 19 5.0990195135927845 13.341664064126334 1.2662640148546085 
24 80 8 1 5 18 4.242640687119285 13.341664064126334 1.2681682975200914 
22 79 9 1 2 17 5.0990195135927845 13.341664064126334 1.2684657570193538 
22 78 9 1 2 18 5.830951894845301 13.341664064126334 1.265889544876758 
22 77 9 1 2 18 5.0990195135927845 13.341664064126334 1.2594235456836325 
22 76 9 1 2 17 5.0990195135927845 12.165525060596439 1.251335422390822 
22 74 9 1 2 16 5.0990195135927845 12.165525060596439 1.248743703406786 
22 73 9 1 2 16 5.0990195135927845 12.165525060596439 1.2403426137732732 
22 72 9 1 2 14 5.0990195135927845 12.165525060596439 1.2464649507634522 
22 71 9 1 2 17 5.0990195135927845 12.165525060596439 1.2325674568211649 
22 69 9 1 2 14 5.0990195135927845 12.165525060596439 1.229975737837129 
22 68 9 1 2 14 5.0990195135927845 12.165525060596439 1.2095267919917607 
22 66 9 2 2 15 5.0990195135927845 12.165525060596439 1.2127444436572012 
22 65 9 2 2 17 5.0990195135927845 12.165525060596439 1.1965681970715802 
22 61 9 2 2 15 5.0990195135927845 12.165525060596439 1.1939764780875441 
22 60 9 2 2 15 5.0990195135927845 12.165525060596439 1.1732145659014737 
22 59 9 3 2 15 5.0990195135927845 12.165525060596439 1.1681168237433306 
22 58 9 3 2 14 5.0990195135927845 12.649110640673518 1.1626204194345562 
22 57 9 3 2 13 5.0990195135927845 12.649110640673518 1.1571240151257816 
22 56 9 3 2 12 5.0990195135927845 12.649110640673518 1.1545322961417457 
22 55 9 3 2 12 5.0990195135927845 12.649110640673518 1.1490358918329713 
22 54 9 3 2 11 5.0990195135927845 12.649110640673518 1.1464441728489352 
22 53 9 3 2 11 5.0990195135927845 12.649110640673518 1.149661824514376 
22 52 9 3 2 13 5.0990195135927845 12.649110640673518 1.1441654202056013 
22 51 9 3 2 12 5.0990195135927845 12.649110640673518 1.1415737012215654 
22 50 9 3 2 12 5.0990195135927845 12.649110640673518 1.1476960382117445 
22 49 9 3 2 15 5.0990195135927845 12.649110640673518 1.1185330363921613 
22 47 9 4 2 13 5.0990195135927845 12.649110640673518 1.0890570682318756 
22 46 9 5 2 10 5.0990195135927845 12.649110640673518 1.083560663923101 
22 45 9 5 2 9 5.0990195135927845 12.649110640673518 1.0805022880186124 
22 44 9 5 2 9 5.0990195135927845 12.083045973594572 1.0788192685408218 
21 43 9 5 1 9 1.4142135623730951 12.083045973594572 1 
