140 140 0 0 14 14 16.0 16.0 1.3892312354583456 
139 138 0 0 19 17 16.0 13.038404810405298 1.414398714063226 
135 136 0 0 22 19 14.142135623730951 15.033296378372908 1.406513319814057 
131 134 0 0 25 16 14.142135623730951 14.0 1.422773498781727 
127 132 0 0 25 18 15.033296378372908 15.033296378372908 1.454079864272882 
123 130 0 0 28 22 15.033296378372908 15.033296378372908 1.470143724111831 
123 129 0 0 38 22 15.033296378372908 15.033296378372908 1.4741239488367557 
117 128 0 0 38 20 14.0 14.142135623730951 1.4735564241626802 
113 126 0 0 36 20 14.0 14.142135623730951 1.525815827235675 
107 125 0 0 38 26 14.0 14.142135623730951 1.546684111109547 
105 123 0 0 37 31 14.0 14.142135623730951 1.5822961649240237 
101 122 0 0 42 34 14.0 14.142135623730951 1.631148108207713 
101 121 0 0 50 41 14.0 14.142135623730951 1.6115692329516205 
100 120 0 0 49 38 13.038404810405298 14.142135623730951 1.544559971219838 
98 118 0 0 49 26 13.038404810405298 14.142135623730951 1.5391438481341793 
96 117 0 0 48 25 12.165525060596439 14.142135623730951 1.5621791017877067 
94 116 0 0 48 29 12.165525060596439 14.142135623730951 1.5786648229909832 
90 112 0 0 54 31 12.165525060596439 14.142135623730951 1.5564386370337029 
90 111 0 0 56 27 12.165525060596439 14.142135623730951 1.5430670523336192 
86 110 0 0 48 26 12.165525060596439 14.142135623730951 1.5802422891030943 
78 109 0 0 42 31 11.40175425099138 14.142135623730951 1.553789727073971 
70 108 1 0 33 25 11.40175425099138 14.142135623730951 1.5722454194602375 
69 106 2 0 32 30 11.40175425099138 14.142135623730951 1.5044839643862442 
69 102 2 0 35 20 11.045361017187261 14.142135623730951 1.549297552429791 
63 101 2 0 26 29 10.0 14.142135623730951 1.5817546131969191 
62 99 2 0 42 30 10.0 14.142135623730951 1.6086006722682844 
56 97 2 0 37 35 9.055385138137417 14.142135623730951 1.629517920007598 
54 96 2 0 36 39 8.94427190999916 14.142135623730951 1.6517910474877817 
54 95 2 0 39 43 8.94427190999916 14.142135623730951 1.628815774228991 
46 93 3 0 29 39 7.0710678118654755 14.142135623730951 1.5564545505799654 
42 89 4 0 25 28 6.0 14.142135623730951 1.5389404850638746 
38 88 4 0 20 25 5.830951894845301 14.142135623730951 1.5193187983376462 
37 87 4 0 19 22 5.0990195135927845 14.142135623730951 1.5328983979773316 
35 86 4 0 17 25 4.47213595499958 14.142135623730951 1.523112806418406 
31 85 5 0 11 24 5.656854249492381 13.341664064126334 1.5206090448293395 
30 83 6 0 10 25 4.47213595499958 13.341664064126334 1.519363113363201 
28 82 7 0 8 25 4.47213595499958 13.341664064126334 1.5072779384660584 
26 80 8 0 6 24 5.656854249492381 13.341664064126334 1.5165989167987444 
25 79 8 0 6 26 3.1622776601683795 13.341664064126334 1.4958344934678043 
26 78 8 0 8 23 4.47213595499958 13.341664064126334 1.4859782196817093 
24 77 8 0 5 22 4.47213595499958 13.341664064126334 1.458513969390607 
22 76 9 1 2 22 5.0990195135927845 13.341664064126334 1.4185013126252068 
22 75 9 2 2 20 5.830951894845301 13.341664064126334 1.4133144266256477 
22 74 9 2 2 20 5.0990195135927845 13.341664064126334 1.4238113322682828 
23 73 8 2 4 23 2.8284271247461903 13.341664064126334 1.4079628497919443 
22 72 9 2 2 21 5.0990195135927845 13.341664064126334 1.4025462811134164 
23 70 8 2 4 22 2.8284271247461903 13.341664064126334 1.3733252045144453 
22 69 9 3 2 22 5.0990195135927845 13.341664064126334 1.3679368870719064 
23 68 8 3 4 22 2.8284271247461903 13.341664064126334 1.33087985591268 
22 66 9 3 2 17 5.0990195135927845 13.341664064126334 1.3413767615553152 
23 65 8 3 4 20 2.8284271247461903 13.341664064126334 1.3149381303555274 
22 64 9 3 2 16 5.0990195135927845 13.341664064126334 1.3096148047578136 
22 63 9 3 2 16 5.0990195135927845 13.341664064126334 1.2965762348297198 
22 62 9 3 2 15 5.0990195135927845 12.165525060596439 1 
