140 140 0 0 14 14 16.0 16.0 1.069335092579537 
138 138 0 0 17 17 16.0 14.142135623730951 1.0735425325314523 
134 136 0 0 16 19 13.038404810405298 16.0 1.0794689179726167 
132 135 0 0 21 22 13.341664064126334 16.0 1.0829574980562848 
128 134 0 0 22 23 13.341664064126334 16.0 1.0852228165123148 
124 132 0 0 22 24 14.142135623730951 16.0 1.0912516923145348 
120 131 0 0 22 27 14.142135623730951 16.0 1.0902829305648292 
116 130 0 0 22 25 14.142135623730951 16.0 1.0907136963255089 
112 129 0 0 22 24 14.142135623730951 16.0 1.0911444620861885 
108 128 0 0 22 23 14.142135623730951 16.0 1.1151061283890535 
102 126 1 0 17 32 14.142135623730951 16.0 1.1140082965759985 
100 125 1 0 18 31 14.142135623730951 15.033296378372908 1.1148797632813985 
98 123 1 0 18 32 15.033296378372908 15.033296378372908 1.102024922982877 
96 121 1 0 19 23 15.033296378372908 15.033296378372908 1.1020986909443764 
94 120 1 0 19 23 15.033296378372908 14.142135623730951 1.1011366438552546 
92 119 1 0 19 22 15.033296378372908 14.142135623730951 1.1085717618284434 
90 118 1 0 19 27 15.033296378372908 14.142135623730951 1.1146073522912472 
88 117 1 0 19 31 15.033296378372908 14.142135623730951 1.114678034578856 
84 115 2 0 19 23 15.033296378372908 14.142135623730951 1.1267559301650472 
82 113 2 0 19 32 15.033296378372908 14.142135623730951 1.1328625363182978 
78 112 3 0 17 28 15.033296378372908 14.142135623730951 1.1258647320649535 
77 111 3 0 18 23 15.033296378372908 14.142135623730951 1.1284048610820865 
76 110 3 0 18 25 15.033296378372908 14.142135623730951 1.1259699629599906 
74 108 3 0 16 24 15.033296378372908 14.142135623730951 1.1228440420666381 
73 107 3 0 17 22 15.033296378372908 13.341664064126334 1.1332909344865971 
71 106 4 0 16 22 15.033296378372908 13.038404810405298 1.1346206326115198 
69 105 4 0 14 23 14.142135623730951 13.038404810405298 1.141538231980272 
67 104 4 0 12 28 14.142135623730951 13.038404810405298 1.134984622808775 
66 102 4 0 13 24 14.142135623730951 13.038404810405298 1.14006504754446 
65 101 4 0 12 28 14.142135623730951 13.038404810405298 1.1425982951995903 
61 99 4 0 13 29 14.142135623730951 13.038404810405298 1.1398768038284315 
60 98 5 0 12 20 14.142135623730951 13.038404810405298 1.1361955732002942 
59 97 5 0 15 17 14.142135623730951 13.038404810405298 1.160497561258188 
53 96 6 0 9 26 14.142135623730951 12.165525060596439 1.1635552088797578 
52 95 6 0 11 28 14.142135623730951 12.165525060596439 1.1722088254121439 
50 94 7 0 8 27 14.142135623730951 12.165525060596439 1.1691524726392306 
49 93 7 0 8 25 14.0 12.165525060596439 1.1578266690336134 
47 87 7 0 8 20 13.038404810405298 12.165525060596439 1.1582741488323687 
45 86 7 0 8 20 12.165525060596439 12.165525060596439 1.1603786655333235 
43 85 7 0 9 21 11.40175425099138 12.165525060596439 1.1605579053515938 
39 84 7 0 8 20 10.770329614269007 12.165525060596439 1.1621249977113872 
38 83 7 0 15 20 9.486832980505138 12.165525060596439 1.1690573165678453 
34 82 7 0 13 24 7.615773105863909 12.165525060596439 1.1792090022248365 
28 81 8 0 5 23 7.0710678118654755 12.165525060596439 1.1871843874528072 
27 79 8 0 8 29 5.656854249492381 12.165525060596439 1.176975573872131 
25 77 8 0 3 23 5.656854249492381 12.165525060596439 1.1854638742649755 
24 76 9 0 2 22 4.47213595499958 12.165525060596439 1.1852199534983756 
23 75 9 0 2 22 3.1622776601683795 12.165525060596439 1.1835748145939284 
22 74 9 0 2 21 2.0 12.165525060596439 1.165770642927934 
21 73 9 1 1 19 1.4142135623730951 12.165525060596439 1 
