140 140 0 0 14 14 16.0 16.0 1.1492882563956448 
138 139 0 0 17 17 16.0 14.142135623730951 1.1603222362685794 
134 138 0 0 16 19 12.165525060596439 16.0 1.171514617654912 
132 136 0 0 21 22 12.0 16.0 1.1991858773309443 
128 135 0 0 22 30 13.341664064126334 16.0 1.1875675680515412 
124 134 0 0 22 24 13.341664064126334 16.0 1.2034364592128997 
120 133 0 0 22 28 13.341664064126334 16.0 1.203621760511921 
116 132 0 0 23 26 13.341664064126334 16.0 1.2164194027914874 
112 131 0 0 26 28 13.341664064126334 16.0 1.239355707245259 
106 130 1 0 21 32 13.341664064126334 16.0 1.2057013920770177 
100 129 2 0 14 16 12.0 16.0 1.2215119307736775 
98 128 2 0 15 21 12.649110640673518 16.0 1.2354800284733438 
97 126 3 0 13 25 12.649110640673518 16.0 1.2375475678726247 
95 125 3 0 14 25 12.649110640673518 16.0 1.244303816957938 
93 124 3 0 14 27 12.649110640673518 16.0 1.2358049262036206 
93 123 3 0 20 23 12.649110640673518 16.0 1.2524343781238054 
85 122 3 0 12 27 12.649110640673518 16.0 1.2550850668094506 
84 120 4 0 13 26 12.649110640673518 16.0 1.2442163542022906 
82 119 4 0 15 21 14.142135623730951 16.0 1.2372290030672226 
80 118 4 0 15 18 14.142135623730951 16.0 1.2412365321084595 
78 117 4 0 15 19 14.142135623730951 16.0 1.2499327708357286 
76 116 4 0 14 22 14.142135623730951 16.0 1.2516200298555964 
76 115 4 0 19 22 14.142135623730951 16.0 1.2684685542040341 
74 113 4 0 14 30 14.142135623730951 16.0 1.2401100329287702 
73 112 4 0 17 19 14.142135623730951 16.0 1.2515773023157637 
69 110 5 0 12 21 14.142135623730951 16.0 1.261891001847273 
67 109 5 0 13 24 14.142135623730951 16.0 1.2621510718365938 
66 108 5 0 14 24 14.0 16.0 1.264219501445697 
64 107 5 0 15 24 13.038404810405298 16.0 1.2765317502411568 
60 106 5 0 14 27 12.165525060596439 16.0 1.2648556894200567 
58 105 5 0 15 22 12.165525060596439 16.0 1.2680544880591733 
56 104 5 0 14 23 12.165525060596439 16.0 1.2636257167784755 
55 103 5 0 16 21 12.165525060596439 16.0 1.2652768528289797 
53 101 5 0 16 22 12.165525060596439 16.0 1.2724719691157929 
49 100 6 0 13 21 12.0 16.0 1.2745395085150737 
47 99 6 0 14 21 12.0 16.0 1.2809257411626913 
43 98 7 0 10 20 12.0 16.0 1.2776741492398458 
42 97 7 0 11 19 11.045361017187261 15.033296378372908 1.2776115588074637 
41 96 7 0 15 18 11.045361017187261 15.033296378372908 1.2842059774133183 
39 95 7 0 8 22 9.055385138137417 15.033296378372908 1.2918179204307647 
39 94 7 0 11 25 9.055385138137417 14.142135623730951 1.285209975185057 
35 93 7 0 7 22 10.0 14.142135623730951 1.2830996501832206 
34 89 8 0 6 22 10.0 12.649110640673518 1.2814195989465988 
33 88 8 0 8 21 10.0 12.649110640673518 1.2986589336708467 
32 87 8 0 13 26 9.055385138137417 12.649110640673518 1.2900804303954065 
26 85 8 0 5 23 4.0 12.649110640673518 1.2884003791587846 
25 84 8 0 7 22 4.0 12.649110640673518 1.2954730748442893 
21 83 9 0 1 22 1.4142135623730951 12.083045973594572 1 
