140 140 0 0 14 14 16.0 16.0 1.1885214866069718 
139 139 0 0 19 17 16.0 13.038404810405298 1.2006746806332331 
135 137 0 0 22 18 13.038404810405298 15.033296378372908 1.2039965529049428 
131 136 0 0 25 16 13.038404810405298 15.033296378372908 1.2206135921781494 
127 135 0 0 25 19 13.038404810405298 16.0 1.2274438025718186 
123 133 0 0 28 19 14.142135623730951 16.0 1.2253502841967254 
123 129 0 0 38 18 14.142135623730951 16.0 1.2361855540732398 
117 127 0 0 38 19 13.038404810405298 16.0 1.2575762275590912 
116 126 0 0 45 23 13.038404810405298 16.0 1.265105072754662 
110 122 0 0 42 26 13.038404810405298 16.0 1.3016096392921197 
102 121 0 0 36 35 13.038404810405298 16.0 1.3012059173698605 
101 120 0 0 47 31 13.038404810405298 15.033296378372908 1.353145877778599 
89 119 1 0 39 41 14.0 15.033296378372908 1.3247222274606871 
88 115 1 0 42 34 13.038404810405298 15.033296378372908 1.2883310188649282 
80 114 2 0 23 24 13.038404810405298 15.033296378372908 1.303180692677963 
72 110 3 0 15 28 11.045361017187261 15.033296378372908 1.2903602403811911 
73 106 3 0 26 24 11.045361017187261 15.033296378372908 1.2902628200735835 
72 105 3 0 29 23 11.045361017187261 15.033296378372908 1.3087464510605287 
72 104 3 0 38 26 11.045361017187261 15.033296378372908 1.3002241502858034 
62 103 4 0 27 20 10.770329614269007 15.033296378372908 1.3024905325657483 
61 101 4 0 24 23 10.770329614269007 15.033296378372908 1.287012690571959 
60 99 4 0 30 17 10.770329614269007 15.033296378372908 1.2893673937422507 
52 97 5 0 18 17 10.770329614269007 15.033296378372908 1.2873558412388524 
48 96 6 0 13 15 10.770329614269007 14.0 1.2915381103486843 
48 95 6 0 16 16 11.045361017187261 14.0 1.2996837934074852 
48 94 6 0 17 19 11.045361017187261 14.0 1.291148573996075 
42 93 7 1 10 20 11.045361017187261 14.0 1.2934589074643599 
38 92 8 1 5 19 9.055385138137417 14.0 1.2839521574193749 
36 91 8 1 4 16 8.246211251235321 14.0 1.295307432764245 
34 90 8 1 4 19 7.615773105863909 14.0 1.3173774432339376 
33 89 8 1 9 24 7.615773105863909 14.0 1.310847458801607 
32 88 8 1 12 21 6.324555320336759 14.0 1.3173432859049845 
26 87 9 1 7 20 8.0 14.0 1.3027033523518416 
24 83 9 1 5 19 6.324555320336759 12.165525060596439 1.3005494041352954 
24 82 9 1 8 18 4.0 12.165525060596439 1 
