140 140 0 0 14 14 16.0 16.0 1.3683149568086554 
139 138 0 0 19 17 16.0 13.038404810405298 1.4156865307588367 
135 137 0 0 22 22 14.142135623730951 15.033296378372908 1.4584479487900288 
131 136 0 0 25 27 14.142135623730951 15.033296378372908 1.507912168494396 
127 134 0 0 25 35 13.341664064126334 16.0 1.4736266738706076 
123 130 0 0 28 29 13.341664064126334 15.033296378372908 1.5101634283325096 
123 128 0 0 38 34 15.033296378372908 15.033296378372908 1.4848008119468838 
117 127 0 0 38 26 14.0 15.033296378372908 1.5118267226993796 
113 125 0 0 36 31 14.0 15.033296378372908 1.557124626791537 
107 121 0 0 34 40 14.0 15.033296378372908 1.560597559739579 
107 120 0 0 46 37 14.142135623730951 15.033296378372908 1.5768372013440557 
106 119 0 0 52 38 14.142135623730951 15.033296378372908 1.5711146250828512 
100 117 0 0 46 37 13.341664064126334 15.033296378372908 1.5805800044506273 
99 116 0 0 41 41 13.341664064126334 15.033296378372908 1.5786089460291648 
91 114 1 0 38 38 13.341664064126334 15.033296378372908 1.463573821983912 
85 104 2 1 32 29 13.341664064126334 15.033296378372908 1.4877422447621285 
83 103 2 1 40 30 13.341664064126334 15.033296378372908 1.509060612247404 
73 101 3 1 29 33 12.165525060596439 15.033296378372908 1.5780387188426455 
73 100 3 1 39 43 12.165525060596439 15.033296378372908 1.581228948503331 
69 99 3 1 41 41 12.165525060596439 15.033296378372908 1.4389013824007584 
61 91 4 2 31 25 10.770329614269007 15.033296378372908 1.453406310370523 
60 87 4 2 31 31 10.770329614269007 15.033296378372908 1.3596756478781857 
59 81 4 2 33 18 10.295630140987 15.033296378372908 1.3805013992215929 
53 80 4 2 32 19 8.94427190999916 15.033296378372908 1.391336174536348 
51 79 4 2 31 21 8.94427190999916 15.033296378372908 1.435753624601353 
50 78 4 2 31 30 8.94427190999916 14.0 1.391227432783086 
49 77 4 2 31 22 9.486832980505138 14.0 1.36954404748526 
48 76 4 2 30 19 8.94427190999916 13.038404810405298 1.3739242988803178 
40 75 5 2 17 20 7.0710678118654755 13.038404810405298 1.350874964690267 
34 73 6 2 10 16 6.324555320336759 13.038404810405298 1.3631839599674223 
33 72 6 2 14 17 5.0990195135927845 13.038404810405298 1.3430134660475224 
29 70 7 2 8 15 5.0990195135927845 12.0 1.3610172801204174 
28 69 7 2 8 19 4.0 11.045361017187261 1.3379712256026217 
24 68 8 3 6 18 2.8284271247461903 11.045361017187261 1.3326920728440066 
22 67 9 3 2 18 2.8284271247461903 11.045361017187261 1 
