140 140 0 0 14 14 16.0 16.0 1.2015955500775755 
139 138 0 0 19 17 16.0 13.038404810405298 1.2115688238424276 
135 137 0 0 22 16 14.142135623730951 15.033296378372908 1.2220420062282582 
131 135 0 0 25 17 14.142135623730951 14.0 1.2410427757778448 
127 134 0 0 25 20 15.033296378372908 15.033296378372908 1.2522846023509668 
123 133 0 0 28 20 15.033296378372908 15.033296378372908 1.2526659772530018 
123 131 0 0 38 18 15.033296378372908 15.033296378372908 1.2721922345514438 
117 130 0 0 38 20 14.0 15.033296378372908 1.2793270364609464 
113 128 0 0 36 22 14.0 14.142135623730951 1.282283501214129 
107 124 0 0 34 23 14.0 14.142135623730951 1.3088335472591173 
105 123 0 0 41 27 14.0 14.142135623730951 1.3227714098489545 
97 121 1 0 35 28 14.0 14.142135623730951 1.331515318528487 
93 119 1 0 36 29 14.0 14.142135623730951 1.3409875558133442 
92 118 1 0 38 31 14.0 14.142135623730951 1.4706863689352174 
84 117 2 0 31 63 14.0 14.142135623730951 1.3670191480588747 
83 113 2 0 43 33 14.0 14.142135623730951 1.3661928940827555 
75 112 2 0 33 32 14.0 14.142135623730951 1.400463313987971 
71 111 2 0 29 41 14.0 14.142135623730951 1.4065091709808464 
70 109 3 0 30 42 14.0 14.142135623730951 1.3887920084751715 
69 105 3 0 25 42 13.038404810405298 14.142135623730951 1.3824560155612504 
67 104 3 0 27 39 13.038404810405298 14.142135623730951 1.3691354080645346 
66 103 4 0 25 35 13.038404810405298 14.142135623730951 1.3401286833550738 
64 102 4 0 24 27 13.038404810405298 14.142135623730951 1.3761244687289906 
63 101 4 0 24 37 13.038404810405298 14.142135623730951 1.3425071165743097 
62 99 4 0 29 27 13.038404810405298 14.142135623730951 1.341487190556726 
56 98 4 0 25 25 13.038404810405298 14.142135623730951 1.364030403385712 
52 97 5 0 22 29 11.045361017187261 14.142135623730951 1.3551332130443547 
51 96 5 0 24 26 11.045361017187261 14.142135623730951 1.355603872865457 
45 95 6 0 15 25 11.045361017187261 14.142135623730951 1.347848853168282 
41 94 6 0 15 21 11.045361017187261 14.142135623730951 1.3619182437490411 
40 93 6 0 15 25 10.0 14.142135623730951 1.3536500183333957 
36 92 7 0 6 23 9.486832980505138 14.142135623730951 1.3456979346886973 
35 91 7 0 6 21 8.246211251235321 14.142135623730951 1.3478856804569155 
33 89 7 0 6 22 8.246211251235321 14.142135623730951 1.343969777140218 
32 87 7 0 6 22 7.0710678118654755 14.142135623730951 1.3244412359013817 
31 83 7 0 6 20 6.0 12.649110640673518 1.3213225928410095 
30 82 7 0 7 19 7.211102550927978 12.649110640673518 1.3194668348646905 
28 81 7 0 7 18 7.211102550927978 12.649110640673518 1.316936488164281 
27 80 7 0 8 17 3.1622776601683795 12.649110640673518 1.3194388521395317 
25 79 8 0 5 17 3.1622776601683795 12.649110640673518 1.317321714843668 
24 78 8 0 5 17 3.1622776601683795 11.40175425099138 1.3348259596053371 
23 77 9 0 4 21 3.1622776601683795 11.40175425099138 1.3253386901187665 
22 76 9 0 3 19 2.8284271247461903 11.40175425099138 1 
