140 140 0 0 14 14 16.0 16.0 1.050712150998714 
138 138 0 0 17 17 16.0 14.142135623730951 1.0552333473139928 
134 137 0 0 16 17 13.038404810405298 16.0 1.053887467015763 
132 136 0 0 16 16 14.142135623730951 15.033296378372908 1.059619325365229 
130 135 0 0 16 21 15.033296378372908 15.033296378372908 1.0581131887974935 
128 133 0 0 16 20 15.033296378372908 15.033296378372908 1.0592177490360948 
126 132 0 0 14 20 15.033296378372908 15.033296378372908 1.0561476655285822 
124 128 0 0 16 20 15.033296378372908 15.033296378372908 1.0580616127463494 
122 126 0 0 15 22 15.033296378372908 15.033296378372908 1.0584540843227692 
120 125 0 0 16 22 15.033296378372908 15.033296378372908 1.0577714918336762 
118 123 0 0 17 22 15.033296378372908 15.033296378372908 1.0624075912742412 
116 122 0 0 18 26 15.033296378372908 15.033296378372908 1.0587513265754802 
114 118 0 0 18 25 15.033296378372908 15.033296378372908 1.0540766262091128 
112 117 0 0 18 20 15.033296378372908 15.033296378372908 1.0547064606729264 
110 116 0 0 18 20 15.033296378372908 15.033296378372908 1.0585190160348485 
108 115 0 0 18 23 15.033296378372908 15.033296378372908 1.0770802196383933 
100 114 1 0 17 24 15.033296378372908 15.033296378372908 1.0705069111278704 
98 112 1 0 16 18 15.033296378372908 15.033296378372908 1.0741399139744405 
94 111 1 0 15 19 15.033296378372908 15.033296378372908 1.0822279846782308 
90 110 1 0 15 25 15.033296378372908 14.142135623730951 1.096231768699024 
89 109 2 0 17 28 15.033296378372908 14.142135623730951 1.0915145970342264 
87 105 2 0 17 26 15.033296378372908 14.142135623730951 1.0953271523961485 
85 104 2 0 17 29 15.033296378372908 14.142135623730951 1.0966690755221435 
83 103 2 0 14 29 15.033296378372908 14.142135623730951 1.094562009676615 
82 102 2 0 13 27 15.033296378372908 14.142135623730951 1.0860470307364394 
81 98 2 0 12 22 15.033296378372908 14.142135623730951 1.0798846908718183 
80 96 2 0 11 17 14.142135623730951 14.142135623730951 1.0809603459243986 
79 95 2 0 10 18 14.142135623730951 14.142135623730951 1.0939321281651762 
77 94 3 0 11 19 14.142135623730951 14.142135623730951 1.0950366884037772 
75 93 3 0 9 19 14.142135623730951 14.142135623730951 1.0992558724415962 
71 92 3 0 10 21 14.142135623730951 14.142135623730951 1.1200998240333941 
70 91 4 0 10 30 14.142135623730951 14.142135623730951 1.1052617618129579 
68 87 4 0 9 18 13.038404810405298 14.142135623730951 1.1111961311069527 
66 86 4 0 9 23 13.038404810405298 14.142135623730951 1.1088517023740305 
65 85 4 0 9 21 13.038404810405298 14.142135623730951 1.108629087573181 
64 84 4 0 9 21 13.038404810405298 14.142135623730951 1.1109046185812745 
62 83 4 0 12 23 12.0 14.142135623730951 1.1228827081171537 
54 82 4 0 9 28 11.045361017187261 14.142135623730951 1.1264579005916824 
52 81 4 0 10 31 11.045361017187261 14.142135623730951 1.1284428896822218 
51 80 5 0 9 22 11.045361017187261 14.142135623730951 1.1130277103367214 
50 78 5 1 8 21 10.0 14.142135623730951 1.113159072555202 
49 77 5 1 7 21 9.486832980505138 14.142135623730951 1.1121129136757102 
48 76 5 1 6 20 9.486832980505138 14.142135623730951 1.115073019772969 
47 75 5 1 6 23 9.486832980505138 14.142135623730951 1.1130105148982157 
46 74 5 1 6 21 8.246211251235321 14.142135623730951 1.0981813276006367 
45 72 5 2 6 21 8.246211251235321 14.142135623730951 1.1118922433499132 
44 71 6 2 5 23 8.0 14.142135623730951 1.1075724419402675 
42 69 6 2 6 20 10.0 14.142135623730951 1.1065121259612987 
41 67 6 2 5 20 10.0 14.142135623730951 1.1052286041944128 
40 66 6 2 5 19 10.0 14.142135623730951 1.1031427867139214 
39 64 6 2 4 19 10.0 12.649110640673518 1.1014816072636011 
38 63 6 2 4 18 11.661903789690601 12.649110640673518 1.100870184390123 
37 62 6 2 4 18 11.661903789690601 12.083045973594572 1.1134642431410247 
36 61 7 2 3 19 11.661903789690601 12.083045973594572 1.111734900785372 
34 60 7 2 4 17 11.661903789690601 12.083045973594572 1.1106106315495077 
33 59 7 2 4 17 11.661903789690601 10.770329614269007 1.0968565083174417 
32 58 7 3 4 17 11.661903789690601 10.770329614269007 1.1090046806731353 
31 57 8 3 2 17 10.0 10.770329614269007 1.1096056099509286 
30 56 8 3 3 18 10.0 10.770329614269007 1.1099379712501733 
29 55 8 3 2 18 8.602325267042627 10.770329614269007 1.1080910337647982 
28 54 8 3 3 17 8.602325267042627 10.295630140987 1.106300114949783 
27 53 8 3 2 15 7.211102550927978 10.295630140987 1.1100837651256847 
26 52 8 3 3 19 7.211102550927978 10.295630140987 1.115716679013589 
25 51 8 3 2 24 5.830951894845301 10.295630140987 1.0945220499197927 
24 49 8 4 2 18 5.830951894845301 10.295630140987 1.0946425238047552 
23 48 8 4 1 18 4.47213595499958 10.0 1.0775632241401563 
22 47 8 5 1 15 5.0990195135927845 10.0 1.088035468958986 
21 46 9 5 0 14 5.0990195135927845 10.0 1.0864994851249732 
21 45 9 5 1 13 1.4142135623730951 10.0 1 
