140 140 0 0 14 14 16.0 16.0 1.0713805811114732 
138 138 0 0 17 17 16.0 14.142135623730951 1.0757069248345053 
134 137 0 0 16 19 13.341664064126334 16.0 1.076110280823659 
132 135 0 0 21 19 13.341664064126334 16.0 1.077654210777737 
128 134 0 0 22 19 13.341664064126334 16.0 1.0781527543486802 
124 132 0 0 22 19 13.341664064126334 16.0 1.0794199544839411 
120 130 0 0 22 20 13.341664064126334 15.033296378372908 1.0863490785433212 
116 128 0 0 24 25 15.033296378372908 15.033296378372908 1.095871444835634 
108 127 1 0 19 22 13.038404810405298 15.033296378372908 1.095970164877638 
104 125 1 0 17 22 13.038404810405298 15.033296378372908 1.0992194421062849 
102 124 1 0 20 24 13.038404810405298 15.033296378372908 1.0971636313237796 
98 123 1 0 15 22 13.038404810405298 15.033296378372908 1.0950126329594847 
96 122 1 0 15 20 13.038404810405298 15.033296378372908 1.0980168353509405 
94 120 1 0 15 23 13.038404810405298 15.033296378372908 1.1028209081106883 
92 118 1 0 18 27 13.038404810405298 15.033296378372908 1.0970891317020055 
90 117 1 0 18 22 14.142135623730951 15.033296378372908 1.1110382629902924 
86 116 2 0 16 24 13.038404810405298 15.033296378372908 1.1048870358724088 
84 115 2 0 14 19 13.038404810405298 15.033296378372908 1.10884143706521 
84 114 2 0 20 22 13.038404810405298 15.033296378372908 1.1212102369299357 
80 113 3 0 16 23 13.038404810405298 15.033296378372908 1.1290837969303447 
78 112 4 0 13 21 13.038404810405298 15.033296378372908 1.132396832217231 
76 108 4 0 17 25 13.038404810405298 15.033296378372908 1.1269405279745457 
72 107 4 0 13 20 13.038404810405298 15.033296378372908 1.124794922341854 
70 106 4 0 13 18 13.341664064126334 15.033296378372908 1.137912813460134 
66 104 5 0 11 20 13.038404810405298 15.033296378372908 1.1392670327386991 
66 103 5 0 16 21 13.038404810405298 15.033296378372908 1.1456121674803765 
62 102 5 0 11 26 13.038404810405298 15.033296378372908 1.1463208239047458 
62 100 5 0 17 27 13.038404810405298 15.033296378372908 1.1553843178910816 
56 99 6 0 9 25 13.038404810405298 15.033296378372908 1.155091609206088 
55 98 6 0 9 25 13.341664064126334 15.033296378372908 1.1529196960571768 
53 97 6 0 9 23 12.165525060596439 15.033296378372908 1.151103438743628 
51 95 6 0 9 22 11.045361017187261 15.033296378372908 1.1485340276356368 
49 94 6 0 7 20 10.0 15.033296378372908 1.153888475667791 
49 93 6 0 14 24 10.0 15.033296378372908 1.1529106136011207 
43 92 6 0 9 22 9.055385138137417 15.033296378372908 1.153212247477932 
42 91 6 0 12 22 9.055385138137417 15.033296378372908 1.1639666995403561 
38 90 7 0 6 22 8.246211251235321 15.033296378372908 1.1618471661864833 
37 89 7 0 9 20 7.0710678118654755 15.033296378372908 1.1650168675966905 
33 88 7 0 6 22 8.48528137423857 15.033296378372908 1.1698667679172257 
31 87 7 0 5 26 8.48528137423857 15.033296378372908 1.1716439652791013 
30 86 8 0 4 19 11.40175425099138 15.033296378372908 1.1742437261475842 
28 85 8 0 4 21 8.602325267042627 15.033296378372908 1.172584596422171 
27 81 8 0 4 22 7.211102550927978 15.033296378372908 1.1686615471430022 
26 80 8 0 4 19 5.830951894845301 15.033296378372908 1.1643632169728164 
25 79 8 0 2 16 5.830951894845301 15.033296378372908 1.148235147001832 
24 78 8 1 0 15 5.656854249492381 15.033296378372908 1.1477443328393842 
24 76 8 1 0 16 5.656854249492381 15.033296378372908 1.159249592809248 
23 75 9 1 0 17 4.47213595499958 15.033296378372908 1.1584251855371175 
23 74 9 1 0 17 5.656854249492381 15.033296378372908 1.1531127637286023 
23 72 9 1 0 14 4.47213595499958 15.033296378372908 1.1522883564564719 
23 71 9 1 0 14 5.656854249492381 15.033296378372908 1.1514218144912716 
23 70 9 1 0 14 4.47213595499958 15.033296378372908 1.150597407219141 
23 69 9 1 0 14 5.656854249492381 15.033296378372908 1.1334583415149395 
23 67 9 2 0 13 4.47213595499958 15.033296378372908 1.1350342043925756 
23 66 9 2 0 15 5.656854249492381 15.033296378372908 1.1345223228835934 
23 64 9 2 0 16 4.47213595499958 15.033296378372908 1.1312976454616963 
23 63 9 2 0 14 5.656854249492381 15.033296378372908 1.1162041894510437 
23 62 9 3 0 14 4.47213595499958 15.033296378372908 1.1137184455813105 
23 61 9 3 0 13 5.656854249492381 14.0 1.1128519036161102 
23 60 9 3 0 13 4.47213595499958 14.0 1.0990007173734107 
23 59 9 4 0 14 5.656854249492381 14.0 1.096934040333327 
23 58 9 4 0 13 4.47213595499958 14.0 1.0961096330611966 
23 57 9 4 0 13 5.656854249492381 14.0 1.0798160419756606 
23 56 9 5 0 12 4.47213595499958 14.0 1.07899163470353 
23 55 9 5 0 12 5.656854249492381 14.0 1.0757248225885634 
23 54 9 5 0 10 4.47213595499958 14.0 1.076100550391316 
23 53 9 5 0 11 5.656854249492381 14.0 1.0740338733512327 
23 52 9 5 0 10 4.47213595499958 14.0 1.073209466079102 
23 51 9 5 0 10 5.656854249492381 14.0 1.072342924113902 
23 50 9 5 0 10 4.47213595499958 14.0 1.0703183817668882 
23 49 9 5 0 9 5.656854249492381 14.0 1.0682517047268045 
23 48 9 5 0 8 4.47213595499958 14.0 1.0674272974546741 
23 47 9 5 0 8 5.656854249492381 14.0 1.0665607554894738 
23 46 9 5 0 8 4.47213595499958 14.0 1.0629068796546497 
23 45 9 5 0 6 5.656854249492381 13.038404810405298 1.0466132885691137 
23 44 9 6 0 5 4.47213595499958 13.038404810405298 1.0457888812969833 
23 43 9 6 0 5 5.656854249492381 13.038404810405298 1.0294952902114476 
23 42 9 7 0 4 4.47213595499958 13.038404810405298 1.028670882939317 
23 41 9 7 0 4 5.656854249492381 13.038404810405298 1.0278043409741169 
23 40 9 7 0 4 4.47213595499958 13.038404810405298 1.0269799337019863 
23 39 9 7 0 4 5.656854249492381 13.038404810405298 1.0245236554998463 
23 38 9 7 0 3 4.47213595499958 12.165525060596439 1.0236992482277156 
23 37 9 7 0 3 5.656854249492381 12.165525060596439 1.0228327062625155 
23 36 9 7 0 3 4.47213595499958 12.165525060596439 1.022008298990385 
23 35 9 7 0 3 5.656854249492381 12.165525060596439 1.0056408274465476 
23 34 9 8 0 2 4.47213595499958 12.0 1.004816420174417 
23 33 9 8 0 2 5.656854249492381 12.0 0.9873965744722992 
23 32 9 9 0 0 4.47213595499958 12.165525060596439 1.0061253764134404 
23 34 9 8 0 2 5.656854249492381 13.038404810405298 0.9873965744722992 
23 32 9 9 0 0 4.47213595499958 12.165525060596439 0.9740989114189709 
23 21 9 9 0 0 5.656854249492381 3.1622776601683795 0.9957881989161285 
21 23 9 8 0 4 7.0710678118654755 2.8284271247461903 0.9751837380829088 
21 21 9 9 0 0 5.0990195135927845 3.1622776601683795 0.9934872470738683 
21 23 9 8 1 2 1.4142135623730951 2.8284271247461903 1 
