140 140 0 0 14 14 16.0 16.0 0.9749447141500901 
138 139 0 0 17 17 16.0 14.142135623730951 0.9816576446809645 
134 137 0 0 16 18 12.0 16.0 0.9804653142630059 
132 135 0 0 16 16 12.165525060596439 16.0 0.982401155469551 
130 133 0 0 16 18 12.165525060596439 16.0 0.9836417163624553 
128 132 0 0 16 19 13.341664064126334 16.0 0.985938400394125 
126 131 0 0 14 19 13.341664064126334 16.0 0.9870625145029159 
125 130 0 0 14 20 13.038404810405298 16.0 0.9898247626737197 
123 129 0 0 15 23 13.038404810405298 16.0 0.9888204288362578 
121 128 0 0 15 21 14.142135623730951 16.0 0.9889619424752715 
120 126 0 0 14 21 14.142135623730951 16.0 0.9897376094947683 
119 125 0 0 14 21 13.038404810405298 16.0 0.9909783986473067 
117 124 0 0 15 22 13.038404810405298 16.0 0.9919975450988346 
115 122 0 0 16 23 12.165525060596439 16.0 0.9938438757141277 
113 121 0 0 16 24 12.165525060596439 16.0 0.99477428877391 
111 120 0 0 15 23 12.165525060596439 16.0 0.9944936189081831 
109 119 0 0 16 22 12.165525060596439 16.0 0.9954775713311206 
105 115 0 0 17 23 12.165525060596439 16.0 0.996563172437281 
103 114 0 0 17 23 12.165525060596439 16.0 0.9991702325617068 
101 113 0 0 17 25 12.165525060596439 16.0 0.9994951041587344 
99 112 0 0 17 24 12.165525060596439 16.0 1.0012114845163864 
97 111 0 0 15 24 12.165525060596439 15.033296378372908 1.0022646587076318 
96 110 0 0 15 25 12.0 15.033296378372908 1.0010680712863942 
94 109 0 0 15 22 12.0 15.033296378372908 1.0214923476250373 
84 108 1 0 15 22 12.0 15.033296378372908 1.0225779487311977 
82 107 1 0 15 22 12.0 15.033296378372908 1.0247982851067607 
81 106 1 0 15 24 11.045361017187261 15.033296378372908 1.0262165591264096 
80 105 1 0 13 24 11.045361017187261 15.033296378372908 1.0236476254687659 
79 104 1 0 11 19 11.40175425099138 15.033296378372908 1.0237891391077796 
78 102 1 0 10 19 11.40175425099138 15.033296378372908 1.0344911009499738 
77 101 2 0 13 19 11.40175425099138 15.033296378372908 1.0548950086934419 
71 100 3 0 11 22 11.40175425099138 15.033296378372908 1.0618725010439578 
69 99 3 0 10 28 10.0 15.033296378372908 1.0420082610604013 
68 93 3 1 9 22 10.0 15.033296378372908 1.0405388050898978 
67 92 3 1 8 19 10.0 15.033296378372908 1.0407459961840375 
66 91 3 1 8 19 10.0 15.033296378372908 1.0409531872781774 
65 90 3 1 8 19 10.0 15.033296378372908 1.0411603783723173 
64 89 3 1 8 19 10.0 15.033296378372908 1.0413675694664573 
63 88 3 1 8 19 10.0 15.033296378372908 1.0538861556969152 
62 87 4 1 8 19 10.0 15.033296378372908 1.0543021304257103 
61 86 4 1 7 19 10.770329614269007 15.033296378372908 1.0545093215198502 
60 85 4 1 7 19 10.770329614269007 15.033296378372908 1.0672350988444481 
58 83 5 1 7 19 10.770329614269007 15.033296378372908 1.0689311125748266 
57 82 5 1 6 19 9.055385138137417 15.033296378372908 1.0726296468963161 
51 81 5 1 10 21 9.055385138137417 15.033296378372908 1.083279498361989 
50 79 6 1 10 21 9.055385138137417 13.038404810405298 1.0895993896112643 
42 78 6 1 8 20 10.0 13.038404810405298 1.1029602647838983 
41 77 7 1 7 21 10.0 12.165525060596439 1.105333829745239 
39 75 7 1 4 20 8.246211251235321 12.165525060596439 1.1068156111650034 
37 74 7 1 4 19 6.0 12.165525060596439 1.1057448361821116 
36 73 7 1 5 19 6.0 11.045361017187261 1.1057968392298734 
35 72 7 1 4 18 6.0 11.045361017187261 1.1095109978457582 
34 71 7 1 4 22 5.0990195135927845 11.045361017187261 1.1062326120930885 
33 69 7 1 3 18 5.830951894845301 11.045361017187261 1.0916604146158437 
33 68 7 2 3 16 5.0990195135927845 11.045361017187261 1.0911068762008511 
32 67 7 2 3 15 5.0990195135927845 11.045361017187261 1.0785575663987395 
31 66 7 3 3 15 5.0990195135927845 11.045361017187261 1.0787647574928794 
30 65 7 3 3 15 5.0990195135927845 11.045361017187261 1.0931553713631754 
29 64 8 3 2 18 7.0710678118654755 11.045361017187261 1.094599181900377 
25 63 8 3 3 16 5.656854249492381 11.045361017187261 1.1100054981209877 
24 62 9 3 2 19 5.656854249492381 11.045361017187261 1.109509130676134 
23 60 9 3 2 18 4.242640687119285 11.045361017187261 1.1118963235119566 
21 59 9 3 1 17 1.4142135623730951 11.045361017187261 1 
