140 140 0 0 14 14 16.0 16.0 1.1120390592196803 
138 138 0 0 17 17 16.0 14.142135623730951 1.1323365649102635 
134 137 0 0 16 23 13.038404810405298 16.0 1.1428527882873378 
132 136 0 0 21 25 13.038404810405298 16.0 1.1386052607879602 
128 134 0 0 22 22 13.038404810405298 16.0 1.1483374296573514 
124 133 0 0 22 24 13.038404810405298 16.0 1.1427004750271108 
120 132 0 0 22 20 13.038404810405298 16.0 1.1556990128612232 
116 131 0 0 26 22 13.038404810405298 16.0 1.1641946543800157 
108 127 1 0 21 22 13.038404810405298 15.033296378372908 1.216835557532856 
100 126 2 0 15 37 13.038404810405298 15.033296378372908 1.2247739914599098 
99 125 2 0 22 38 13.038404810405298 15.033296378372908 1.2240419392191508 
87 123 3 0 14 31 12.649110640673518 15.033296378372908 1.2217184872255606 
86 122 3 0 21 28 14.0 15.033296378372908 1.2279466687515292 
76 121 3 0 14 27 14.0 15.033296378372908 1.2628782773334188 
75 120 4 0 13 38 14.0 15.033296378372908 1.2486913621119362 
74 119 4 0 18 31 14.0 15.033296378372908 1.243936075189871 
66 118 4 0 11 27 14.0 15.033296378372908 1.2482526389409747 
65 116 4 0 16 28 14.0 15.033296378372908 1.2364648312850097 
59 114 4 0 10 23 14.0 15.033296378372908 1.2340928772241422 
58 108 5 0 10 23 14.0 15.033296378372908 1.236165328598853 
56 104 6 0 10 23 14.0 13.038404810405298 1.2430596817999775 
54 102 6 0 13 25 14.0 13.038404810405298 1.2435370416966776 
53 101 6 0 14 25 14.0 13.038404810405298 1.2456963926759843 
49 100 6 0 11 25 14.0 13.038404810405298 1.249322714116868 
47 98 6 0 10 27 14.142135623730951 13.038404810405298 1.2637784268993304 
45 97 7 0 7 30 14.142135623730951 13.038404810405298 1.2563687966655026 
43 95 7 0 5 28 12.0 13.038404810405298 1.247746961610809 
42 94 8 0 4 22 12.649110640673518 13.038404810405298 1.2576684039905563 
41 93 8 0 4 26 11.40175425099138 13.038404810405298 1.2599047740775773 
40 92 8 0 4 27 10.198039027185569 13.038404810405298 1.2589500547013768 
39 91 8 0 4 27 10.198039027185569 12.0 1.2489509424262766 
38 89 8 0 4 24 9.055385138137417 12.0 1.2638640423625584 
37 88 8 0 7 29 9.486832980505138 12.0 1.2532157904255057 
33 87 8 0 4 24 9.486832980505138 12.0 1.2580141128522453 
32 86 8 0 4 26 8.246211251235321 12.0 1.261883333170199 
31 85 8 0 6 27 7.0710678118654755 12.0 1.2554058016301168 
27 83 9 0 4 21 7.615773105863909 12.0 1.2678892777124413 
26 82 9 0 4 26 6.324555320336759 12.0 1.2649664875202076 
22 81 9 0 1 24 2.8284271247461903 12.0 1.2569592378214256 
21 80 9 0 1 21 1.4142135623730951 12.0 1 
