140 140 0 0 14 14 16.0 16.0 1.0331651065363099 
138 139 0 0 17 17 16.0 14.142135623730951 1.0389959937289024 
134 137 0 0 16 20 12.649110640673518 16.0 1.0370891433496268 
132 136 0 0 16 17 13.038404810405298 16.0 1.039687694481371 
130 135 0 0 16 20 13.038404810405298 16.0 1.0393785876239685 
128 134 0 0 16 19 13.038404810405298 16.0 1.0429361971656295 
126 133 0 0 14 22 13.038404810405298 16.0 1.0420225585103629 
125 132 0 0 14 21 13.038404810405298 16.0 1.041233922448002 
123 131 0 0 15 20 13.038404810405298 16.0 1.0416517300878863 
121 130 0 0 15 20 13.038404810405298 16.0 1.0419445351348646 
120 129 0 0 14 20 13.038404810405298 16.0 1.0428686036543615 
119 128 0 0 14 21 12.0 16.0 1.0420799675920007 
117 127 0 0 15 20 12.0 16.0 1.042372772638979 
116 126 0 0 14 20 12.0 16.0 1.0411457921941687 
114 124 0 0 15 19 11.045361017187261 16.0 1.0410213442091962 
113 122 0 0 14 20 12.0 16.0 1.0411458165220806 
111 121 0 0 16 21 12.165525060596439 16.0 1.0419793421883874 
110 120 0 0 14 21 12.0 16.0 1.0401457646601637 
109 116 0 0 14 22 12.0 16.0 1.0415378720896633 
107 115 0 0 15 24 12.0 16.0 1.0506626174673812 
99 113 1 0 22 20 12.0 16.0 1.059530770809946 
93 112 1 0 17 25 12.0 16.0 1.055941618078162 
92 111 1 0 15 19 12.0 16.0 1.0598046541530175 
91 109 1 0 14 25 12.0 16.0 1.0600974591999963 
90 108 1 0 13 25 12.0 16.0 1.0598198569577735 
89 107 1 0 12 25 12.0 15.033296378372908 1.0732091753584785 
85 105 2 0 11 25 12.165525060596439 15.033296378372908 1.0775506558796548 
84 104 2 0 10 30 11.045361017187261 15.033296378372908 1.0796901589731056 
78 103 2 0 16 33 11.045361017187261 15.033296378372908 1.0928452438477196 
77 102 3 0 15 34 11.045361017187261 15.033296378372908 1.0883298309744533 
73 100 3 0 11 24 11.045361017187261 15.033296378372908 1.0908033795132919 
72 99 3 0 10 27 11.045361017187261 15.033296378372908 1.0948483779403593 
64 98 3 0 10 27 11.045361017187261 15.033296378372908 1.1047260368340752 
62 97 4 0 8 22 11.045361017187261 15.033296378372908 1.104954500422497 
61 95 4 0 7 23 11.045361017187261 15.033296378372908 1.1060822220921869 
60 94 4 0 7 25 10.0 14.142135623730951 1.1027404546527313 
59 93 4 0 6 20 10.0 14.142135623730951 1.1040075594893253 
58 92 4 0 6 22 10.0 14.142135623730951 1.1046753723150207 
54 91 4 0 8 22 10.0 14.142135623730951 1.1030348191624675 
53 90 4 0 8 20 10.0 14.142135623730951 1.1061049588433365 
52 89 4 0 8 24 9.055385138137417 14.142135623730951 1.1040920178055489 
52 88 4 0 6 21 9.055385138137417 14.142135623730951 1.1076674886203917 
48 87 4 0 8 25 9.055385138137417 14.142135623730951 1.1090595960498908 
46 86 4 0 9 27 9.055385138137417 14.142135623730951 1.106445643313228 
42 82 5 1 6 23 8.246211251235321 14.142135623730951 1.122987915381947 
41 81 6 1 4 28 8.246211251235321 14.142135623730951 1.123494122667279 
41 80 6 1 3 29 8.0 14.142135623730951 1.1124580419666559 
40 76 6 1 4 18 8.0 14.142135623730951 1.1163854195000682 
39 75 6 1 3 23 8.0 14.142135623730951 1.1124280019191553 
38 74 6 1 4 18 7.0710678118654755 14.142135623730951 1.113093194851368 
36 73 6 1 5 19 7.0710678118654755 14.142135623730951 1.1013901886079231 
34 72 6 2 2 18 7.0710678118654755 14.142135623730951 1.1015994175102128 
33 71 6 2 2 18 6.0 14.142135623730951 1.1010188539197405 
32 70 6 2 2 17 5.0990195135927845 14.142135623730951 1.100227597963897 
32 69 6 2 2 17 5.0990195135927845 14.142135623730951 1.100466521247728 
31 68 6 2 1 18 7.211102550927978 14.142135623730951 1.0884216098784467 
30 67 6 3 2 20 7.211102550927978 14.142135623730951 1.0887144149254253 
29 66 6 3 1 20 7.211102550927978 14.142135623730951 1.1006630560977944 
28 65 7 3 1 20 7.211102550927978 14.142135623730951 1.1008062622651755 
27 64 7 3 0 20 7.615773105863909 14.142135623730951 1.100922205492721 
27 63 7 3 1 21 5.830951894845301 14.142135623730951 1.100637977595966 
27 62 7 3 2 21 3.1622776601683795 14.142135623730951 1.0991954609153745 
27 61 7 3 2 21 3.1622776601683795 13.038404810405298 1.0953098228124039 
26 59 7 3 2 17 3.1622776601683795 13.038404810405298 1.0940035207134111 
26 58 7 3 2 17 3.1622776601683795 12.165525060596439 1.0925654901436814 
26 57 7 3 1 16 4.242640687119285 12.165525060596439 1.0909671798071507 
26 56 7 3 2 15 3.1622776601683795 12.165525060596439 1.0902560637347076 
26 55 7 3 1 15 4.242640687119285 12.165525060596439 1.09011158239275 
26 54 7 3 2 16 3.1622776601683795 12.165525060596439 1.0887395091032577 
26 53 7 3 1 16 4.242640687119285 11.045361017187261 1.0878681132640136 
26 52 7 3 2 16 3.1622776601683795 11.045361017187261 1.086540177795521 
26 51 7 3 1 16 4.242640687119285 10.0 1.0829306647351369 
26 50 7 3 2 13 3.1622776601683795 9.055385138137417 1.0679332326672035 
26 49 7 4 1 11 4.242640687119285 9.055385138137417 1.0665843805807762 
26 48 7 4 2 11 3.1622776601683795 8.246211251235321 1.0530407775074162 
26 47 7 5 1 11 4.242640687119285 8.246211251235321 1.052169381668172 
26 46 7 5 2 11 3.1622776601683795 8.246211251235321 1.051458265595729 
26 45 7 5 1 11 4.242640687119285 8.246211251235321 1.0505868697564849 
26 44 7 5 2 11 3.1622776601683795 8.246211251235321 1.0498757536840417 
26 43 7 5 1 11 4.242640687119285 8.246211251235321 1.0504581868393712 
26 42 7 5 2 13 3.1622776601683795 8.246211251235321 1.0490536727401931 
26 41 7 5 1 13 4.242640687119285 7.0710678118654755 1.0477417942575393 
26 40 7 5 2 13 3.1622776601683795 6.324555320336759 1.0455768491905226 
26 39 7 5 1 11 4.242640687119285 6.324555320336759 1.0439785388539917 
26 38 7 5 2 10 3.1622776601683795 6.324555320336759 1.0402954233338446 
26 36 7 5 1 7 4.242640687119285 6.324555320336759 1.0394240274946005 
26 35 7 5 2 7 3.1622776601683795 6.324555320336759 1.0387129114221574 
26 34 7 5 1 7 4.242640687119285 6.324555320336759 1.0363876865883401 
26 33 7 5 2 5 3.1622776601683795 6.324555320336759 1.0371303995104704 
26 32 7 5 1 7 4.242640687119285 6.324555320336759 1.0340820424345623 
26 31 7 5 2 5 3.1622776601683795 5.0990195135927845 1.0205384393612023 
26 30 7 6 1 5 4.242640687119285 5.0990195135927845 1.0193720086164395 
26 29 7 6 2 4 3.1622776601683795 5.830951894845301 1.017831251043603 
26 28 7 6 1 3 4.242640687119285 5.656854249492381 1.0041273682034415 
26 27 7 7 2 3 3.1622776601683795 5.656854249492381 1.0033087043314466 
26 26 7 7 1 4 4.242640687119285 4.242640687119285 1.0017103939949155 
26 25 7 7 2 3 3.1622776601683795 4.242640687119285 0.9989490844321481 
26 24 7 7 1 2 4.242640687119285 2.0 0.9984589574895508 
26 23 7 7 2 3 3.1622776601683795 1.4142135623730951 0.9834615254216176 
26 22 7 8 1 1 4.242640687119285 1.4142135623730951 0.9723685772715247 
26 21 7 9 2 0 3.1622776601683795 7.0710678118654755 0.9834615254216176 
26 22 7 8 1 1 4.242640687119285 1.4142135623730951 0.9723685772715247 
26 21 7 9 2 0 3.1622776601683795 7.0710678118654755 0.9872679871661603 
26 23 7 8 1 4 4.242640687119285 2.8284271247461903 0.9833813855382169 
26 22 7 8 2 1 3.1622776601683795 1.4142135623730951 0.9724487171549254 
26 21 7 9 1 0 4.242640687119285 7.0710678118654755 0.9857340182881861 
26 23 7 8 2 2 3.1622776601683795 2.8284271247461903 0.9724487171549254 
26 21 7 9 1 0 4.242640687119285 7.0710678118654755 0.9864609327854728 
26 23 7 8 2 3 3.1622776601683795 2.8284271247461903 0.9834615254216176 
26 22 7 8 1 1 4.242640687119285 1.4142135623730951 0.9723685772715247 
26 21 7 9 2 0 3.1622776601683795 7.0710678118654755 0.9752699624620821 
26 23 7 9 1 4 4.242640687119285 4.242640687119285 0.9728371898287121 
26 22 7 9 2 3 3.1622776601683795 2.8284271247461903 0.969837782464857 
26 21 7 9 1 1 4.242640687119285 1.4142135623730951 -1 
