140 140 0 0 14 14 16.0 16.0 1.390857893928086 
139 138 0 0 19 17 16.0 13.038404810405298 1.4111682609788252 
135 137 0 0 22 17 14.0 15.033296378372908 1.4214019720005178 
131 136 0 0 25 16 14.0 15.033296378372908 1.449212673653246 
127 135 0 0 25 19 13.038404810405298 16.0 1.4540570899926621 
123 134 0 0 28 17 13.038404810405298 16.0 1.4802270751681432 
123 133 0 0 38 19 13.038404810405298 16.0 1.49695480687437 
117 131 0 0 38 20 13.038404810405298 16.0 1.512886930166412 
113 129 0 0 36 23 13.038404810405298 16.0 1.5523944469813957 
107 127 0 0 34 29 13.038404810405298 16.0 1.6173942209350693 
105 125 0 0 41 39 13.038404810405298 16.0 1.5402394661778693 
101 113 0 1 45 37 13.038404810405298 16.0 1.5064482291256427 
93 112 1 1 40 28 13.038404810405298 16.0 1.5759933754107485 
92 111 1 1 38 42 13.038404810405298 16.0 1.53802017354247 
86 110 1 1 35 33 13.038404810405298 16.0 1.5036496614556711 
78 109 1 1 25 26 13.038404810405298 16.0 1.5228753569411195 
72 108 1 1 21 28 13.038404810405298 16.0 1.555969258942472 
68 107 2 1 19 33 13.038404810405298 16.0 1.5208145940196671 
67 105 2 1 23 27 13.038404810405298 14.142135623730951 1.4882916768273284 
66 103 2 1 25 22 14.0 13.038404810405298 1.5280703454266535 
58 102 3 1 19 27 13.038404810405298 13.038404810405298 1.5632974444233658 
58 101 3 1 23 33 13.038404810405298 13.038404810405298 1.5663705323754127 
50 100 4 1 15 32 13.038404810405298 13.038404810405298 1.5974668786686026 
49 99 4 1 23 35 13.038404810405298 13.038404810405298 1.57694929658428 
45 98 4 1 19 31 13.038404810405298 13.038404810405298 1.5363317679302606 
39 97 5 1 9 24 12.0 13.038404810405298 1.5567552372661277 
37 96 6 1 7 28 11.40175425099138 13.038404810405298 1.5230942589288523 
33 95 7 1 4 21 11.40175425099138 13.038404810405298 1.5301160648064773 
32 93 7 1 4 24 10.198039027185569 12.0 1.5300068809609084 
31 92 7 1 4 24 9.055385138137417 12.649110640673518 1.4933307760346295 
30 88 7 1 4 21 8.0 11.40175425099138 1.4917887096949303 
29 87 7 1 4 21 7.0710678118654755 11.40175425099138 1.5107328628640835 
29 86 7 1 8 24 7.615773105863909 11.40175425099138 1.514322305173886 
23 85 7 1 4 23 5.0990195135927845 11.40175425099138 1.5067781344642404 
22 83 8 1 3 23 1.4142135623730951 11.40175425099138 1.4855936637732943 
21 81 9 1 1 21 1.4142135623730951 11.40175425099138 1 
