140 140 0 0 14 14 16.0 16.0 1.0797086487425356 
138 139 0 0 17 17 16.0 14.142135623730951 1.0869728344371326 
134 138 0 0 16 19 12.0 16.0 1.0950120319881824 
132 136 0 0 21 22 12.0 16.0 1.101306075279378 
128 134 0 0 22 24 13.341664064126334 16.0 1.1026538345132455 
124 133 0 0 22 23 13.341664064126334 16.0 1.1001590625107656 
120 132 0 0 22 20 14.142135623730951 16.0 1.105358995833425 
116 131 0 0 22 21 14.142135623730951 16.0 1.1239818090897604 
112 130 0 0 29 27 14.142135623730951 16.0 1.1292563298247853 
106 128 1 0 21 25 14.142135623730951 16.0 1.148379251266357 
102 124 2 0 16 32 14.142135623730951 16.0 1.1366045846129664 
100 120 2 0 18 27 14.142135623730951 16.0 1.1421257375396843 
94 119 3 0 15 23 14.142135623730951 16.0 1.1481663418394135 
92 118 3 0 18 25 14.142135623730951 15.033296378372908 1.1548973028480198 
90 117 3 0 18 28 15.033296378372908 15.033296378372908 1.1465586277164808 
88 111 3 0 18 27 15.033296378372908 14.0 1.1513527663440535 
86 110 3 0 18 29 15.033296378372908 14.0 1.1445903827052508 
84 109 3 0 18 25 15.033296378372908 14.0 1.149761528673124 
84 108 3 0 23 27 15.033296378372908 14.0 1.1449484114612407 
78 106 3 0 17 24 15.033296378372908 14.0 1.1381860278224378 
76 105 3 0 17 20 15.033296378372908 14.0 1.1526909387035789 
74 104 4 0 15 23 15.033296378372908 13.038404810405298 1.1686506629377105 
72 102 5 0 14 27 15.033296378372908 13.038404810405298 1.1638143663433034 
70 101 5 0 14 24 15.033296378372908 13.038404810405298 1.1624718039421233 
68 99 5 0 13 24 14.142135623730951 12.165525060596439 1.1729618184650559 
67 98 5 0 15 29 14.142135623730951 12.165525060596439 1.1715889491528246 
66 96 5 0 19 28 14.142135623730951 12.165525060596439 1.168590746392723 
65 94 5 0 20 27 14.142135623730951 12.165525060596439 1.1603677997817063 
61 93 5 0 13 23 14.142135623730951 12.165525060596439 1.1613041563482245 
59 91 5 0 12 24 14.142135623730951 12.165525060596439 1.16300626706166 
58 90 5 0 12 25 14.142135623730951 12.165525060596439 1.1682597982673615 
57 89 5 0 15 27 14.142135623730951 12.165525060596439 1.1671340846686142 
53 87 5 0 13 26 14.142135623730951 12.165525060596439 1.1622844920198458 
51 86 5 0 13 23 13.038404810405298 12.165525060596439 1.1651400344960543 
49 85 5 0 13 24 12.0 12.165525060596439 1.1787105769082469 
47 84 5 0 15 30 11.045361017187261 12.165525060596439 1.16750748413562 
41 82 5 0 15 22 10.198039027185569 12.165525060596439 1.1749878559822435 
40 81 5 0 15 26 10.198039027185569 12.165525060596439 1.1781614788806059 
36 77 6 0 9 25 10.295630140987 12.165525060596439 1.183412820233107 
34 76 7 0 7 23 10.295630140987 12.165525060596439 1.1847978982606915 
33 75 7 0 10 23 8.94427190999916 12.165525060596439 1.1648937086511872 
29 74 7 1 7 20 4.47213595499958 12.165525060596439 1.1657675596193404 
28 73 7 1 9 20 5.656854249492381 12.165525060596439 1.1724032102002808 
26 72 8 1 6 19 5.656854249492381 12.165525060596439 1.1745647134918449 
26 71 8 1 9 20 5.656854249492381 12.165525060596439 1.1794049749563251 
22 70 9 1 2 18 2.8284271247461903 12.165525060596439 1 
