140 140 0 0 14 14 16.0 16.0 1.1351948277143329 
139 139 0 0 19 17 16.0 13.038404810405298 1.1488202086938513 
135 137 0 0 22 20 13.038404810405298 15.033296378372908 1.1586340325886635 
131 135 0 0 25 22 14.142135623730951 15.033296378372908 1.176444462817226 
127 134 0 0 25 27 13.038404810405298 16.0 1.1677576799620752 
123 133 0 0 28 21 13.038404810405298 16.0 1.1763222819852654 
123 132 0 0 38 22 13.038404810405298 16.0 1.1787241172468668 
117 131 0 0 38 20 12.165525060596439 16.0 1.2036400410846964 
111 130 0 0 34 28 12.165525060596439 16.0 1.189142444071652 
107 129 0 0 33 21 12.165525060596439 16.0 1.2098837504124345 
103 128 0 0 31 28 12.165525060596439 16.0 1.2203280982524716 
97 126 1 0 21 30 12.165525060596439 16.0 1.2180672103518522 
93 122 1 0 27 28 12.165525060596439 16.0 1.215310200440121 
87 121 2 0 14 25 12.0 16.0 1.2323992352282032 
86 120 2 0 23 29 12.0 16.0 1.220624364014744 
82 119 2 0 19 24 12.0 16.0 1.2202846968170977 
78 117 2 0 19 23 12.0 16.0 1.238657164997996 
74 116 3 0 17 26 11.40175425099138 16.0 1.2278809515250713 
72 112 3 0 26 21 11.40175425099138 16.0 1.2194899210559957 
68 111 3 0 23 17 11.40175425099138 16.0 1.2379909988720965 
66 109 4 0 15 24 11.40175425099138 16.0 1.225657225499784 
60 108 5 0 10 15 13.038404810405298 15.033296378372908 1.242077753465135 
58 107 5 0 13 20 14.0 15.033296378372908 1.2510859840674384 
58 106 5 0 14 24 14.0 15.033296378372908 1.239326054862397 
56 105 5 0 14 19 12.165525060596439 15.033296378372908 1.2821420725950086 
54 104 6 0 8 34 11.045361017187261 15.033296378372908 1.2549454253200245 
53 103 6 0 10 23 11.045361017187261 15.033296378372908 1.2485326024802714 
49 102 7 0 6 17 14.0 15.033296378372908 1.2449751851164519 
47 100 7 0 6 16 14.0 15.033296378372908 1.2444839012378157 
46 99 7 0 6 16 14.0 15.033296378372908 1.241892458397457 
45 97 7 0 6 16 14.0 15.033296378372908 1.2438264326176764 
44 96 7 0 9 16 13.038404810405298 15.033296378372908 1.2260847135718977 
40 95 7 1 6 15 11.045361017187261 15.033296378372908 1.2280188916351644 
39 94 7 1 9 15 10.198039027185569 15.033296378372908 1.2376505397469284 
35 93 7 1 6 18 9.486832980505138 15.033296378372908 1.236344044841075 
34 92 7 1 5 18 6.0 15.033296378372908 1.2326822187180275 
33 91 8 1 4 14 9.486832980505138 15.033296378372908 1.22961511740047 
32 90 8 1 4 13 8.94427190999916 15.033296378372908 1.234272922762984 
31 89 8 1 4 15 8.602325267042627 15.033296378372908 1.2337791571906604 
30 88 8 1 4 15 7.211102550927978 15.033296378372908 1.233277184676984 
28 87 8 1 2 15 6.324555320336759 15.033296378372908 1.2298758701981392 
27 85 8 1 1 15 5.830951894845301 15.033296378372908 1.223898162727629 
26 83 8 1 0 14 4.47213595499958 15.033296378372908 1.2218095348442601 
27 82 8 1 2 14 5.830951894845301 15.033296378372908 1.21713452627599 
27 81 8 1 2 13 5.830951894845301 15.033296378372908 1.2150434745068537 
28 80 8 1 4 13 5.830951894845301 15.033296378372908 1.1984373757981117 
27 79 8 2 2 14 5.830951894845301 15.033296378372908 1.1911966248158805 
28 78 8 2 4 12 5.830951894845301 15.033296378372908 1.1890873586615716 
27 77 8 2 2 12 5.830951894845301 15.033296378372908 1.1869963068924352 
28 76 8 2 4 12 5.830951894845301 15.033296378372908 1.1848961479307125 
28 75 8 2 4 12 5.830951894845301 15.033296378372908 1.1827959889689899 
28 74 8 2 4 12 5.830951894845301 15.033296378372908 1.1806958300072672 
28 73 8 2 4 12 5.830951894845301 15.033296378372908 1.1785956710455443 
28 72 8 2 4 12 5.830951894845301 15.033296378372908 1.1764955120838216 
28 71 8 2 4 12 5.830951894845301 15.033296378372908 1.174395353122099 
28 70 8 2 4 12 5.830951894845301 15.033296378372908 1.1722951941603763 
28 69 8 2 4 12 5.830951894845301 15.033296378372908 1.1701950351986536 
28 68 8 2 4 12 5.830951894845301 15.033296378372908 1.1510231940759508 
28 67 8 3 4 12 5.830951894845301 15.033296378372908 1.1468228761525054 
28 65 8 3 4 12 5.830951894845301 15.033296378372908 1.139017314739039 
28 64 8 3 4 10 5.830951894845301 14.142135623730951 1.133843154209911 
28 63 8 3 4 9 5.830951894845301 13.341664064126334 1.1317429952481883 
28 62 8 3 4 9 5.830951894845301 13.341664064126334 1.109996304518938 
28 61 8 4 4 8 5.830951894845301 13.341664064126334 1.1078961455572154 
28 60 8 4 4 8 5.830951894845301 13.341664064126334 1.1057959865954927 
28 59 8 4 4 8 5.830951894845301 13.341664064126334 1.1011209780272226 
28 58 8 4 4 7 5.830951894845301 13.341664064126334 1.0746992787297023 
28 56 8 5 4 5 5.830951894845301 13.341664064126334 1.0725991197679796 
28 55 8 5 4 5 5.830951894845301 13.341664064126334 1.0534272786452763 
28 54 8 6 4 5 5.830951894845301 13.341664064126334 1.0513271196835536 
28 53 8 6 4 5 5.830951894845301 13.341664064126334 1.0466521111152836 
28 52 8 6 4 4 5.830951894845301 13.341664064126334 1.044551952153561 
28 51 8 6 4 4 5.830951894845301 13.341664064126334 1.0373020939787434 
28 50 8 6 4 2 5.830951894845301 13.341664064126334 1.0326270854104735 
28 49 8 6 4 1 5.830951894845301 13.341664064126334 1.0305269264487509 
28 48 8 6 4 1 5.830951894845301 13.341664064126334 1.0284267674870282 
28 47 8 6 4 1 5.830951894845301 13.341664064126334 1.0092549263643253 
28 46 8 7 4 1 5.830951894845301 13.341664064126334 1.004148060604919 
28 45 8 7 4 0 5.830951894845301 12.649110640673518 1.0092549263643253 
28 46 8 7 4 1 5.830951894845301 13.341664064126334 1.004148060604919 
28 45 8 7 4 0 5.830951894845301 12.649110640673518 1.0194901542564316 
28 47 8 7 4 4 5.830951894845301 14.0 1.0090658222677127 
28 46 8 7 4 1 5.830951894845301 13.038404810405298 1.004148060604919 
28 45 8 7 4 0 5.830951894845301 12.649110640673518 1.0090658222677127 
28 46 8 7 4 1 5.830951894845301 13.038404810405298 1.004148060604919 
28 45 8 7 4 0 5.830951894845301 12.649110640673518 0.9615729202889546 
28 33 8 8 4 0 5.830951894845301 12.165525060596439 0.9891301146168886 
28 34 8 7 8 2 5.656854249492381 12.165525060596439 0.9648085742810909 
28 33 8 8 8 0 5.656854249492381 12.165525060596439 0.9804522185469152 
28 35 8 8 8 4 5.656854249492381 14.0 0.9700278865581963 
28 34 8 8 8 1 5.656854249492381 13.038404810405298 0.9648085742810909 
28 33 8 8 8 0 5.656854249492381 12.165525060596439 0.9700278865581963 
28 34 8 8 8 1 5.656854249492381 13.038404810405298 0.9648085742810909 
28 33 8 8 8 0 5.656854249492381 12.165525060596439 0.9694835828493609 
28 34 8 8 8 1 5.656854249492381 12.165525060596439 0.9648085742810909 
28 33 8 8 8 0 5.656854249492381 12.165525060596439 0.9651101248954028 
28 33 8 8 8 0 5.656854249492381 12.649110640673518 0.9676828611753927 
28 33 8 8 8 1 4.47213595499958 12.649110640673518 0.9459361704461423 
28 32 8 9 8 0 4.47213595499958 12.649110640673518 0.9676828611753927 
28 33 8 8 8 1 4.47213595499958 12.649110640673518 0.9459361704461423 
28 32 8 9 8 0 4.47213595499958 12.649110640673518 0.9751754724447336 
28 34 8 8 8 3 4.47213595499958 13.038404810405298 0.9651080115688454 
28 33 8 8 8 0 4.47213595499958 12.649110640673518 0.9804501052203578 
28 35 8 8 8 4 4.47213595499958 14.0 0.9726006228381863 
28 34 8 8 8 2 4.47213595499958 13.038404810405298 0.9676828611753927 
28 33 8 8 8 1 4.47213595499958 12.649110640673518 0.9459361704461423 
28 32 8 9 8 0 4.47213595499958 12.649110640673518 0.9676828611753927 
28 33 8 8 8 1 4.47213595499958 12.649110640673518 0.9459361704461423 
28 32 8 9 8 0 4.47213595499958 12.649110640673518 0.9676828611753927 
28 33 8 8 8 1 4.47213595499958 12.649110640673518 0.9459361704461423 
28 32 8 9 8 0 4.47213595499958 12.649110640673518 0.9751754724447336 
28 34 8 8 8 3 4.47213595499958 13.038404810405298 0.9676828611753927 
28 33 8 8 8 1 4.47213595499958 12.649110640673518 0.9459361704461423 
28 32 8 9 8 0 4.47213595499958 12.649110640673518 0.9676828611753927 
28 33 8 8 8 1 4.47213595499958 12.649110640673518 0.9459361704461423 
28 32 8 9 8 0 4.47213595499958 12.649110640673518 0.9676828611753927 
28 33 8 8 8 1 4.47213595499958 12.649110640673518 0.9459361704461423 
28 32 8 9 8 0 4.47213595499958 12.649110640673518 0.9613668959477707 
28 34 8 9 8 4 4.47213595499958 14.142135623730951 0.9455314029747461 
28 32 8 9 8 0 4.47213595499958 12.0 0.9613668959477707 
28 34 8 9 8 4 4.47213595499958 14.142135623730951 0.9459361704461423 
28 32 8 9 8 0 4.47213595499958 12.649110640673518 0.9804501052203578 
28 35 8 8 8 4 4.47213595499958 14.0 0.9651080115688454 
28 33 8 8 8 0 4.47213595499958 12.649110640673518 0.9804501052203578 
28 35 8 8 8 4 4.47213595499958 14.0 0.9751754724447336 
28 34 8 8 8 3 4.47213595499958 13.038404810405298 0.9459361704461423 
28 32 8 9 8 0 4.47213595499958 12.649110640673518 0.977750322051281 
28 34 8 8 8 4 4.47213595499958 13.038404810405298 0.9676828611753927 
28 33 8 8 8 1 4.47213595499958 12.649110640673518 0.9455314029747461 
28 32 8 9 8 0 4.47213595499958 12.0 0.9726006228381863 
28 34 8 8 8 2 4.47213595499958 13.038404810405298 0.9455314029747461 
28 32 8 9 8 0 4.47213595499958 12.0 0.9456346198318304 
28 32 8 9 8 0 4.47213595499958 12.165525060596439 0.9455335163013036 
28 32 8 9 8 0 5.656854249492381 12.0 0.9726006228381863 
28 34 8 8 8 2 4.47213595499958 13.038404810405298 0.9672780937039965 
28 33 8 8 8 1 4.47213595499958 12.0 0.9455314029747461 
28 32 8 9 8 0 4.47213595499958 12.0 0.9459361704461423 
28 32 8 9 8 0 4.47213595499958 12.649110640673518 0.9727897269347988 
28 34 8 8 8 2 4.47213595499958 13.341664064126334 0.9676828611753927 
28 33 8 8 8 1 4.47213595499958 12.649110640673518 0.9459361704461423 
28 32 8 9 8 0 4.47213595499958 12.649110640673518 0.9676828611753927 
28 33 8 8 8 1 4.47213595499958 12.649110640673518 0.9459361704461423 
28 32 8 9 8 0 4.47213595499958 12.649110640673518 0.9455314029747461 
28 32 8 9 8 0 4.47213595499958 12.0 0.9676828611753927 
28 33 8 8 8 1 4.47213595499958 12.649110640673518 0.9455314029747461 
28 32 8 9 8 0 4.47213595499958 12.0 0.9613668959477707 
28 34 8 9 8 4 4.47213595499958 14.142135623730951 0.9536178858120957 
28 33 8 9 8 2 4.47213595499958 13.341664064126334 0.9459361704461423 
28 32 8 9 8 0 4.47213595499958 12.649110640673518 0.9751754724447336 
28 34 8 8 8 3 4.47213595499958 13.038404810405298 0.9651080115688454 
28 33 8 8 8 0 4.47213595499958 12.649110640673518 0.9651080115688454 
28 33 8 8 8 0 4.47213595499958 12.649110640673518 1.0254681889724986 
28 48 8 7 8 4 4.47213595499958 15.033296378372908 1.006680076757778 
28 46 8 7 4 0 5.830951894845301 13.341664064126334 0.9618744709032665 
28 33 8 8 4 0 5.830951894845301 12.649110640673518 0.9702148773282514 
28 34 8 8 8 1 4.47213595499958 13.341664064126334 0.9651080115688454 
28 33 8 8 8 0 4.47213595499958 12.649110640673518 0.9994970127805313 
28 35 8 7 8 5 4.47213595499958 13.038404810405298 0.9751754724447336 
28 34 8 8 8 3 4.47213595499958 13.038404810405298 0.9459361704461423 
28 32 8 9 8 0 4.47213595499958 12.649110640673518 0.977750322051281 
28 34 8 8 8 4 4.47213595499958 13.038404810405298 0.9676828611753927 
28 33 8 8 8 1 4.47213595499958 12.649110640673518 0.9455314029747461 
28 32 8 9 8 0 4.47213595499958 12.0 0.9753645765413461 
28 34 8 8 8 3 4.47213595499958 13.341664064126334 0.9648064609545335 
28 33 8 8 8 0 4.47213595499958 12.165525060596439 0.9694814695228035 
28 34 8 8 8 1 4.47213595499958 12.165525060596439 0.9648064609545335 
28 33 8 8 8 0 4.47213595499958 12.165525060596439 0.9804501052203578 
28 35 8 8 8 4 4.47213595499958 14.0 0.9700257732316389 
28 34 8 8 8 1 4.47213595499958 13.038404810405298 0.9647032440974492 
28 33 8 8 8 0 4.47213595499958 12.0 0.9891280012903312 
28 34 8 7 8 2 4.47213595499958 12.165525060596439 0.9648064609545335 
28 33 8 8 8 0 4.47213595499958 12.165525060596439 0.9943473135674366 
28 35 8 7 8 3 4.47213595499958 13.038404810405298 0.9700257732316389 
28 34 8 8 8 1 4.47213595499958 13.038404810405298 0.9648064609545335 
28 33 8 8 8 0 4.47213595499958 12.165525060596439 0.9891280012903312 
28 34 8 7 8 2 4.47213595499958 12.165525060596439 0.9648064609545335 
28 33 8 8 8 0 4.47213595499958 12.165525060596439 0.9726006228381863 
28 34 8 8 8 2 4.47213595499958 13.038404810405298 0.9647032440974492 
28 33 8 8 8 0 4.47213595499958 12.0 0.9996861168771438 
28 35 8 7 8 5 4.47213595499958 13.341664064126334 0.9647032440974492 
28 33 8 8 8 0 4.47213595499958 12.0 0.9804501052203578 
28 35 8 8 8 4 4.47213595499958 14.0 0.9647032440974492 
28 33 8 8 8 0 4.47213595499958 12.0 0.9941045604729131 
28 35 8 7 8 3 4.47213595499958 12.649110640673518 0.9676828611753927 
28 33 8 8 8 1 4.47213595499958 12.649110640673518 0.9456346198318304 
28 32 8 9 8 0 4.47213595499958 12.165525060596439 0.9831945992708457 
28 36 8 8 8 4 4.47213595499958 15.033296378372908 0.9805387370704738 
28 35 8 8 8 4 4.47213595499958 14.142135623730951 0.9727897269347988 
28 34 8 8 8 2 4.47213595499958 13.341664064126334 0.9676828611753927 
28 33 8 8 8 1 4.47213595499958 12.649110640673518 0.9456346198318304 
28 32 8 9 8 0 4.47213595499958 12.165525060596439 0.9831945992708457 
28 36 8 8 8 4 4.47213595499958 15.033296378372908 0.9778752556138104 
28 35 8 8 8 3 4.47213595499958 14.0 0.9751754724447336 
28 34 8 8 8 3 4.47213595499958 13.038404810405298 0.9456346198318304 
28 32 8 9 8 0 4.47213595499958 12.165525060596439 0.9751754724447336 
28 34 8 8 8 3 4.47213595499958 13.038404810405298 0.9673813105610808 
28 33 8 8 8 1 4.47213595499958 12.165525060596439 0.9456346198318304 
28 32 8 9 8 0 4.47213595499958 12.165525060596439 0.9613668959477707 
28 34 8 9 8 4 4.47213595499958 14.142135623730951 0.9536178858120957 
28 33 8 9 8 2 4.47213595499958 13.341664064126334 0.9459361704461423 
28 32 8 9 8 0 4.47213595499958 12.649110640673518 0.9640227581481426 
28 35 8 9 8 4 4.47213595499958 15.033296378372908 0.9613668959477707 
28 34 8 9 8 4 4.47213595499958 14.142135623730951 0.9455314029747461 
28 32 8 9 8 0 4.47213595499958 12.0 0.9753645765413461 
28 34 8 8 8 3 4.47213595499958 13.341664064126334 0.9648064609545335 
28 33 8 8 8 0 4.47213595499958 12.165525060596439 0.9700257732316389 
28 34 8 8 8 1 4.47213595499958 13.038404810405298 0.9648064609545335 
28 33 8 8 8 0 4.47213595499958 12.165525060596439 0.9915297108663658 
28 35 8 7 8 2 4.47213595499958 12.649110640673518 0.9694814695228035 
28 34 8 8 8 1 4.47213595499958 12.165525060596439 0.9648064609545335 
28 33 8 8 8 0 4.47213595499958 12.165525060596439 0.9915297108663658 
28 35 8 7 8 2 4.47213595499958 12.649110640673518 0.9694814695228035 
28 34 8 8 8 1 4.47213595499958 12.165525060596439 0.9648064609545335 
28 33 8 8 8 0 4.47213595499958 12.165525060596439 0.9700257732316389 
28 34 8 8 8 1 4.47213595499958 13.038404810405298 0.9648064609545335 
28 33 8 8 8 0 4.47213595499958 12.165525060596439 0.9694814695228035 
28 34 8 8 8 1 4.47213595499958 12.165525060596439 0.9648064609545335 
28 33 8 8 8 0 4.47213595499958 12.165525060596439 0.9805387370704738 
28 35 8 8 8 4 4.47213595499958 14.142135623730951 0.9648064609545335 
28 33 8 8 8 0 4.47213595499958 12.165525060596439 0.9700257732316389 
28 34 8 8 8 1 4.47213595499958 13.038404810405298 0.9648064609545335 
28 33 8 8 8 0 4.47213595499958 12.165525060596439 0.9700257732316389 
28 34 8 8 8 1 4.47213595499958 13.038404810405298 0.9648064609545335 
28 33 8 8 8 0 4.47213595499958 12.165525060596439 0.9726006228381863 
28 34 8 8 8 2 4.47213595499958 13.038404810405298 0.9648064609545335 
28 33 8 8 8 0 4.47213595499958 12.165525060596439 0.9943473135674366 
28 35 8 7 8 3 4.47213595499958 13.038404810405298 0.9648064609545335 
28 33 8 8 8 0 4.47213595499958 12.165525060596439 0.9778752556138104 
28 35 8 8 8 3 4.47213595499958 14.0 0.9648064609545335 
28 33 8 8 8 0 4.47213595499958 12.165525060596439 0.9694814695228035 
28 34 8 8 8 1 4.47213595499958 12.165525060596439 0.9648064609545335 
28 33 8 8 8 0 4.47213595499958 12.165525060596439 0.9920044015111904 
28 34 8 7 8 3 4.47213595499958 12.649110640673518 0.9673813105610808 
28 33 8 8 8 1 4.47213595499958 12.165525060596439 0.9456346198318304 
28 32 8 9 8 0 4.47213595499958 12.165525060596439 0.9753645765413461 
28 34 8 8 8 3 4.47213595499958 13.341664064126334 0.9673813105610808 
28 33 8 8 8 1 4.47213595499958 12.165525060596439 0.9456346198318304 
28 32 8 9 8 0 4.47213595499958 12.165525060596439 0.9753645765413461 
28 34 8 8 8 3 4.47213595499958 13.341664064126334 0.9456346198318304 
28 32 8 9 8 0 4.47213595499958 12.165525060596439 0.9673813105610808 
28 33 8 8 8 1 4.47213595499958 12.165525060596439 0.9456346198318304 
28 32 8 9 8 0 4.47213595499958 12.165525060596439 0.9455314029747461 
28 32 8 9 8 0 4.47213595499958 12.0 0.9612782640976547 
28 34 8 9 8 4 4.47213595499958 14.0 0.9456346198318304 
28 32 8 9 8 0 4.47213595499958 12.165525060596439 0.9805387370704738 
28 35 8 8 8 4 4.47213595499958 14.142135623730951 0.9676828611753927 
28 33 8 8 8 1 4.47213595499958 12.649110640673518 0.9456346198318304 
28 32 8 9 8 0 4.47213595499958 12.165525060596439 0.977750322051281 
28 34 8 8 8 4 4.47213595499958 13.038404810405298 0.9456346198318304 
28 32 8 9 8 0 4.47213595499958 12.165525060596439 0.9459361704461423 
28 32 8 9 8 0 4.47213595499958 12.649110640673518 0.9456367331583878 
28 32 8 9 8 0 5.656854249492381 12.165525060596439 0.9673813105610808 
28 33 8 8 8 1 4.47213595499958 12.165525060596439 0.9456346198318304 
28 32 8 9 8 0 4.47213595499958 12.165525060596439 0.9613668959477707 
28 34 8 9 8 4 4.47213595499958 14.142135623730951 0.9455314029747461 
28 32 8 9 8 0 4.47213595499958 12.0 0.9726006228381863 
28 34 8 8 8 2 4.47213595499958 13.038404810405298 0.9455314029747461 
28 32 8 9 8 0 4.47213595499958 12.0 0.9534287817154832 
28 33 8 9 8 2 4.47213595499958 13.038404810405298 0.9455314029747461 
28 32 8 9 8 0 4.47213595499958 12.0 0.9831945992708457 
28 36 8 8 8 4 4.47213595499958 15.033296378372908 0.9779638874639264 
28 35 8 8 8 3 4.47213595499958 14.142135623730951 0.9727897269347988 
28 34 8 8 8 2 4.47213595499958 13.341664064126334 0.9651080115688454 
28 33 8 8 8 0 4.47213595499958 12.649110640673518 0.9723578697436628 
28 34 8 8 8 2 4.47213595499958 12.649110640673518 0.9676828611753927 
28 33 8 8 8 1 4.47213595499958 12.649110640673518 0.9459361704461423 
28 32 8 9 8 0 4.47213595499958 12.649110640673518 0.9455314029747461 
28 32 8 9 8 0 4.47213595499958 12.0 0.9830249548269051 
28 35 8 8 8 5 4.47213595499958 14.0 0.9672780937039965 
28 33 8 8 8 1 4.47213595499958 12.0 0.9456346198318304 
28 32 8 9 8 0 4.47213595499958 12.165525060596439 0.9751754724447336 
28 34 8 8 8 3 4.47213595499958 13.038404810405298 0.9647032440974492 
28 33 8 8 8 0 4.47213595499958 12.0 1.0023664403935488 
28 37 8 7 8 4 4.47213595499958 15.033296378372908 0.9970470967365134 
28 36 8 7 8 3 4.47213595499958 14.0 0.9866227647477945 
28 35 8 7 8 0 4.47213595499958 13.038404810405298 1.0261078161746646 
28 37 8 6 8 7 4.47213595499958 13.341664064126334 1.0135191546901396 
28 36 8 6 8 3 4.47213595499958 13.038404810405298 0.9943473135674366 
28 35 8 7 8 3 4.47213595499958 13.038404810405298 0.9865531516837838 
28 34 8 7 8 1 4.47213595499958 12.165525060596439 0.9647032440974492 
28 33 8 8 8 0 4.47213595499958 12.0 0.9917724639608893 
28 35 8 7 8 2 4.47213595499958 13.038404810405298 0.9865531516837838 
28 34 8 7 8 1 4.47213595499958 12.165525060596439 0.9647032440974492 
28 33 8 8 8 0 4.47213595499958 12.0 0.9894295519046431 
28 34 8 7 8 2 4.47213595499958 12.649110640673518 0.9647032440974492 
28 33 8 8 8 0 4.47213595499958 12.0 0.9673813105610808 
28 33 8 8 8 1 4.47213595499958 12.165525060596439 0.9456346198318304 
28 32 8 9 8 0 4.47213595499958 12.165525060596439 0.9459361704461423 
28 32 8 9 8 0 4.47213595499958 12.649110640673518 0.9804522185469152 
28 35 8 8 8 4 5.656854249492381 14.0 0.9673834238876382 
28 33 8 8 8 1 5.656854249492381 12.165525060596439 0.9459382837726997 
28 32 8 9 8 0 5.656854249492381 12.649110640673518 0.975177585771291 
28 34 8 8 8 3 5.656854249492381 13.038404810405298 0.9459382837726997 
28 32 8 9 8 0 5.656854249492381 12.649110640673518 0.9613690092743281 
28 34 8 9 8 4 5.656854249492381 14.142135623730951 0.9536199991386531 
28 33 8 9 8 2 5.656854249492381 13.341664064126334 0.9456367331583878 
28 32 8 9 8 0 5.656854249492381 12.165525060596439 0.9805408503970312 
28 35 8 8 8 4 5.656854249492381 14.142135623730951 0.967280207030554 
28 33 8 8 8 1 5.656854249492381 12.0 0.9456367331583878 
28 32 8 9 8 0 5.656854249492381 12.165525060596439 0.9612803774242121 
28 34 8 9 8 4 5.656854249492381 14.0 0.9456367331583878 
28 32 8 9 8 0 5.656854249492381 12.165525060596439 0.9612803774242121 
28 34 8 9 8 4 5.656854249492381 14.0 0.9456367331583878 
28 32 8 9 8 0 5.656854249492381 12.165525060596439 0.9831967125974032 
28 36 8 8 8 4 5.656854249492381 15.033296378372908 0.9700278865581963 
28 34 8 8 8 1 5.656854249492381 13.038404810405298 0.9648085742810909 
28 33 8 8 8 0 5.656854249492381 12.165525060596439 0.9891301146168886 
28 34 8 7 8 2 5.656854249492381 12.165525060596439 0.9648085742810909 
28 33 8 8 8 0 5.656854249492381 12.165525060596439 0.9831967125974032 
28 36 8 8 8 4 5.656854249492381 15.033296378372908 0.9805408503970312 
28 35 8 8 8 4 5.656854249492381 14.142135623730951 0.9753666898679035 
28 34 8 8 8 3 5.656854249492381 13.341664064126334 0.9648085742810909 
28 33 8 8 8 0 5.656854249492381 12.165525060596439 1.0049434033266536 
28 37 8 7 8 5 5.656854249492381 15.033296378372908 0.9831967125974032 
28 36 8 8 8 4 5.656854249492381 15.033296378372908 0.9753666898679035 
28 34 8 8 8 3 5.656854249492381 13.341664064126334 0.9673834238876382 
28 33 8 8 8 1 5.656854249492381 12.165525060596439 0.9456367331583878 
28 32 8 9 8 0 5.656854249492381 12.165525060596439 0.9673834238876382 
28 33 8 8 8 1 5.656854249492381 12.165525060596439 0.9456367331583878 
28 32 8 9 8 0 5.656854249492381 12.165525060596439 0.9459382837726997 
28 32 8 9 8 0 5.656854249492381 12.649110640673518 0.9456346198318304 
28 32 8 9 8 0 4.47213595499958 12.165525060596439 0.9673834238876382 
28 33 8 8 8 1 5.656854249492381 12.165525060596439 0.9456367331583878 
28 32 8 9 8 0 5.656854249492381 12.165525060596439 0.9640248714747001 
28 35 8 9 8 4 5.656854249492381 15.033296378372908 0.9536199991386531 
28 33 8 9 8 2 5.656854249492381 13.341664064126334 0.9459382837726997 
28 32 8 9 8 0 5.656854249492381 12.649110640673518 0.975177585771291 
28 34 8 8 8 3 5.656854249492381 13.038404810405298 0.967280207030554 
28 33 8 8 8 1 5.656854249492381 12.0 0.9459382837726997 
28 32 8 9 8 0 5.656854249492381 12.649110640673518 0.9699582734941856 
28 33 8 8 8 2 5.656854249492381 12.165525060596439 0.9459382837726997 
28 32 8 9 8 0 5.656854249492381 12.649110640673518 0.9777524353778384 
28 34 8 8 8 4 5.656854249492381 13.038404810405298 0.967280207030554 
28 33 8 8 8 1 5.656854249492381 12.0 0.9455335163013036 
28 32 8 9 8 0 5.656854249492381 12.0 0.9726027361647437 
28 34 8 8 8 2 5.656854249492381 13.038404810405298 0.9673834238876382 
28 33 8 8 8 1 5.656854249492381 12.165525060596439 0.9455335163013036 
28 32 8 9 8 0 5.656854249492381 12.0 0.9726027361647437 
28 34 8 8 8 2 5.656854249492381 13.038404810405298 0.9455335163013036 
28 32 8 9 8 0 5.656854249492381 12.0 0.9698550566371014 
28 33 8 8 8 2 5.656854249492381 12.0 0.9455335163013036 
28 32 8 9 8 0 5.656854249492381 12.0 0.9753666898679035 
28 34 8 8 8 3 5.656854249492381 13.341664064126334 0.9647053574240066 
28 33 8 8 8 0 5.656854249492381 12.0 0.9700278865581963 
28 34 8 8 8 1 5.656854249492381 13.038404810405298 0.9647053574240066 
28 33 8 8 8 0 5.656854249492381 12.0 0.9916017473663516 
28 34 8 7 8 3 5.656854249492381 12.0 0.967280207030554 
28 33 8 8 8 1 5.656854249492381 12.0 0.9455335163013036 
28 32 8 9 8 0 5.656854249492381 12.0 0.9456367331583878 
28 32 8 9 8 0 5.656854249492381 12.165525060596439 0.9536178858120957 
28 33 8 9 8 2 4.47213595499958 13.341664064126334 0.9456346198318304 
28 32 8 9 8 0 4.47213595499958 12.165525060596439 0.9536178858120957 
28 33 8 9 8 2 4.47213595499958 13.341664064126334 0.9459361704461423 
28 32 8 9 8 0 4.47213595499958 12.649110640673518 0.9751754724447336 
28 34 8 8 8 3 4.47213595499958 13.038404810405298 0.9676828611753927 
28 33 8 8 8 1 4.47213595499958 12.649110640673518 0.9459361704461423 
28 32 8 9 8 0 4.47213595499958 12.649110640673518 0.9751754724447336 
28 34 8 8 8 3 4.47213595499958 13.038404810405298 0.9459361704461423 
28 32 8 9 8 0 4.47213595499958 12.649110640673518 0.9456346198318304 
28 32 8 9 8 0 4.47213595499958 12.165525060596439 0.9459382837726997 
28 32 8 9 8 0 5.656854249492381 12.649110640673518 0.977750322051281 
28 34 8 8 8 4 4.47213595499958 13.038404810405298 0.9534287817154832 
28 33 8 9 8 2 4.47213595499958 13.038404810405298 0.9455314029747461 
28 32 8 9 8 0 4.47213595499958 12.0 0.9456346198318304 
28 32 8 9 8 0 4.47213595499958 12.165525060596439 0.9673813105610808 
28 33 8 8 8 1 4.47213595499958 12.165525060596439 0.9456346198318304 
28 32 8 9 8 0 4.47213595499958 12.165525060596439 0.9727897269347988 
28 34 8 8 8 2 4.47213595499958 13.341664064126334 0.9676828611753927 
28 33 8 8 8 1 4.47213595499958 12.649110640673518 0.9456346198318304 
28 32 8 9 8 0 4.47213595499958 12.165525060596439 0.9455314029747461 
28 32 8 9 8 0 4.47213595499958 12.0 0.9612803774242121 
28 34 8 9 8 4 5.656854249492381 14.0 0.9456367331583878 
28 32 8 9 8 0 5.656854249492381 12.165525060596439 0.9455335163013036 
28 32 8 9 8 0 5.656854249492381 12.0 0.9673813105610808 
28 33 8 8 8 1 4.47213595499958 12.165525060596439 0.9455314029747461 
28 32 8 9 8 0 4.47213595499958 12.0 0.9831945992708457 
28 36 8 8 8 4 4.47213595499958 15.033296378372908 0.9779638874639264 
28 35 8 8 8 3 4.47213595499958 14.142135623730951 0.9753645765413461 
28 34 8 8 8 3 4.47213595499958 13.341664064126334 0.9455314029747461 
28 32 8 9 8 0 4.47213595499958 12.0 0.9830249548269051 
28 35 8 8 8 5 4.47213595499958 14.0 0.9673813105610808 
28 33 8 8 8 1 4.47213595499958 12.165525060596439 0.9456346198318304 
28 32 8 9 8 0 4.47213595499958 12.165525060596439 0.9751754724447336 
28 34 8 8 8 3 4.47213595499958 13.038404810405298 0.9648064609545335 
28 33 8 8 8 0 4.47213595499958 12.165525060596439 0.9805387370704738 
28 35 8 8 8 4 4.47213595499958 14.142135623730951 0.9648064609545335 
28 33 8 8 8 0 4.47213595499958 12.165525060596439 0.9647032440974492 
28 33 8 8 8 0 4.47213595499958 12.0 0.9700278865581963 
28 34 8 8 8 1 5.656854249492381 13.038404810405298 0.9647053574240066 
28 33 8 8 8 0 5.656854249492381 12.0 0.9700278865581963 
28 34 8 8 8 1 5.656854249492381 13.038404810405298 0.9647053574240066 
28 33 8 8 8 0 5.656854249492381 12.0 0.9805408503970312 
28 35 8 8 8 4 5.656854249492381 14.142135623730951 0.9727918402613562 
28 34 8 8 8 2 5.656854249492381 13.341664064126334 0.9673834238876382 
28 33 8 8 8 1 5.656854249492381 12.165525060596439 0.9456367331583878 
28 32 8 9 8 0 5.656854249492381 12.165525060596439 0.9459382837726997 
28 32 8 9 8 0 5.656854249492381 12.649110640673518 0.9455335163013036 
28 32 8 9 8 0 5.656854249492381 12.0 0.9613690092743281 
28 34 8 9 8 4 5.656854249492381 14.142135623730951 0.9455335163013036 
28 32 8 9 8 0 5.656854249492381 12.0 0.9831967125974032 
28 36 8 8 8 4 5.656854249492381 15.033296378372908 0.9779660007904838 
28 35 8 8 8 3 5.656854249492381 14.142135623730951 0.9726027361647437 
28 34 8 8 8 2 5.656854249492381 13.038404810405298 0.9455335163013036 
28 32 8 9 8 0 5.656854249492381 12.0 0.9726027361647437 
28 34 8 8 8 2 5.656854249492381 13.038404810405298 0.967280207030554 
28 33 8 8 8 1 5.656854249492381 12.0 0.9455335163013036 
28 32 8 9 8 0 5.656854249492381 12.0 0.967280207030554 
28 33 8 8 8 1 5.656854249492381 12.0 0.9455335163013036 
28 32 8 9 8 0 5.656854249492381 12.0 0.9456367331583878 
28 32 8 9 8 0 5.656854249492381 12.165525060596439 0.9612782640976547 
28 34 8 9 8 4 4.47213595499958 14.0 0.9456346198318304 
28 32 8 9 8 0 4.47213595499958 12.165525060596439 0.985769448877393 
28 36 8 8 8 5 4.47213595499958 15.033296378372908 0.9751754724447336 
28 34 8 8 8 3 4.47213595499958 13.038404810405298 0.9673813105610808 
28 33 8 8 8 1 4.47213595499958 12.165525060596439 0.9456346198318304 
28 32 8 9 8 0 4.47213595499958 12.165525060596439 0.9753645765413461 
28 34 8 8 8 3 4.47213595499958 13.341664064126334 0.9673813105610808 
28 33 8 8 8 1 4.47213595499958 12.165525060596439 0.9456346198318304 
28 32 8 9 8 0 4.47213595499958 12.165525060596439 0.9459361704461423 
28 32 8 9 8 0 4.47213595499958 12.649110640673518 0.9613690092743281 
28 34 8 9 8 4 5.656854249492381 14.142135623730951 0.9536199991386531 
28 33 8 9 8 2 5.656854249492381 13.341664064126334 0.9456367331583878 
28 32 8 9 8 0 5.656854249492381 12.165525060596439 0.9831967125974032 
28 36 8 8 8 4 5.656854249492381 15.033296378372908 0.9702169906548088 
28 34 8 8 8 1 5.656854249492381 13.341664064126334 0.9648085742810909 
28 33 8 8 8 0 5.656854249492381 12.165525060596439 0.9673834238876382 
28 33 8 8 8 1 5.656854249492381 12.165525060596439 0.9459382837726997 
28 32 8 9 8 0 5.656854249492381 12.649110640673518 0.9699582734941856 
28 33 8 8 8 2 5.656854249492381 12.165525060596439 0.9456367331583878 
28 32 8 9 8 0 5.656854249492381 12.165525060596439 0.9673834238876382 
28 33 8 8 8 1 5.656854249492381 12.165525060596439 0.9456367331583878 
28 32 8 9 8 0 5.656854249492381 12.165525060596439 0.9673834238876382 
28 33 8 8 8 1 5.656854249492381 12.165525060596439 0.9456367331583878 
28 32 8 9 8 0 5.656854249492381 12.165525060596439 0.9455335163013036 
28 32 8 9 8 0 5.656854249492381 12.0 0.9459382837726997 
28 32 8 9 8 0 5.656854249492381 12.649110640673518 0.9804522185469152 
28 35 8 8 8 4 5.656854249492381 14.0 0.9648085742810909 
28 33 8 8 8 0 5.656854249492381 12.165525060596439 0.975177585771291 
28 34 8 8 8 3 5.656854249492381 13.038404810405298 0.9648085742810909 
28 33 8 8 8 0 5.656854249492381 12.165525060596439 0.9673834238876382 
28 33 8 8 8 1 5.656854249492381 12.165525060596439 0.9459382837726997 
28 32 8 9 8 0 5.656854249492381 12.649110640673518 0.9613690092743281 
28 34 8 9 8 4 5.656854249492381 14.142135623730951 0.9459382837726997 
28 32 8 9 8 0 5.656854249492381 12.649110640673518 0.975177585771291 
28 34 8 8 8 3 5.656854249492381 13.038404810405298 0.9648085742810909 
28 33 8 8 8 0 5.656854249492381 12.165525060596439 0.967280207030554 
28 33 8 8 8 1 5.656854249492381 12.0 0.9459382837726997 
28 32 8 9 8 0 5.656854249492381 12.649110640673518 0.9804522185469152 
28 35 8 8 8 4 5.656854249492381 14.0 0.9726027361647437 
28 34 8 8 8 2 5.656854249492381 13.038404810405298 0.967280207030554 
28 33 8 8 8 1 5.656854249492381 12.0 0.9459382837726997 
28 32 8 9 8 0 5.656854249492381 12.649110640673518 1.003642598975981 
28 46 8 8 8 4 5.656854249492381 14.142135623730951 0.9924688307515569 
28 45 8 8 4 2 5.830951894845301 13.038404810405298 0.9846746688679041 
28 44 8 8 4 0 5.830951894845301 12.165525060596439 1.0195787861065477 
28 47 8 7 4 4 5.830951894845301 14.142135623730951 1.0090658222677127 
28 46 8 7 4 1 5.830951894845301 13.038404810405298 1.003846509990607 
28 45 8 7 4 0 5.830951894845301 12.165525060596439 1.0064213595971545 
28 45 8 7 4 1 5.830951894845301 12.165525060596439 0.9845714520108199 
28 44 8 8 4 0 5.830951894845301 12.0 0.9898939811450095 
28 45 8 8 4 1 5.830951894845301 13.038404810405298 0.9845714520108199 
28 44 8 8 4 0 5.830951894845301 12.0 1.0089962092037017 
28 45 8 7 4 2 5.830951894845301 12.165525060596439 0.9846746688679041 
28 44 8 8 4 0 5.830951894845301 12.165525060596439 0.9926579348481694 
28 45 8 8 4 2 5.830951894845301 13.341664064126334 0.9846746688679041 
28 44 8 8 4 0 5.830951894845301 12.165525060596439 0.9977434635271812 
28 46 8 8 4 3 5.830951894845301 14.0 0.9846746688679041 
28 44 8 8 4 0 5.830951894845301 12.165525060596439 0.9924688307515569 
28 45 8 8 4 2 5.830951894845301 13.038404810405298 0.9846746688679041 
28 44 8 8 4 0 5.830951894845301 12.165525060596439 1.0092977598180135 
28 45 8 7 4 2 5.830951894845301 12.649110640673518 0.9846746688679041 
28 44 8 8 4 0 5.830951894845301 12.165525060596439 0.9422978623091672 
28 32 8 9 4 0 5.830951894845301 12.0 0.9753645765413461 
28 34 8 8 8 3 4.47213595499958 13.341664064126334 0.9648064609545335 
28 33 8 8 8 0 4.47213595499958 12.165525060596439 0.9648064609545335 
28 33 8 8 8 0 4.47213595499958 12.165525060596439 0.9915297108663658 
28 35 8 7 8 2 4.47213595499958 12.649110640673518 0.9694814695228035 
28 34 8 8 8 1 4.47213595499958 12.165525060596439 0.9648064609545335 
28 33 8 8 8 0 4.47213595499958 12.165525060596439 0.9694814695228035 
28 34 8 8 8 1 4.47213595499958 12.165525060596439 0.9648064609545335 
28 33 8 8 8 0 4.47213595499958 12.165525060596439 0.9805387370704738 
28 35 8 8 8 4 4.47213595499958 14.142135623730951 0.9726006228381863 
28 34 8 8 8 2 4.47213595499958 13.038404810405298 0.9647032440974492 
28 33 8 8 8 0 4.47213595499958 12.0 0.9804501052203578 
28 35 8 8 8 4 4.47213595499958 14.0 0.9700257732316389 
28 34 8 8 8 1 4.47213595499958 13.038404810405298 0.9648064609545335 
28 33 8 8 8 0 4.47213595499958 12.165525060596439 0.9805387370704738 
28 35 8 8 8 4 4.47213595499958 14.142135623730951 0.9676828611753927 
28 33 8 8 8 1 4.47213595499958 12.649110640673518 0.9456346198318304 
28 32 8 9 8 0 4.47213595499958 12.165525060596439 0.9751754724447336 
28 34 8 8 8 3 4.47213595499958 13.038404810405298 0.9456346198318304 
28 32 8 9 8 0 4.47213595499958 12.165525060596439 0.9612782640976547 
28 34 8 9 8 4 4.47213595499958 14.0 0.9456346198318304 
28 32 8 9 8 0 4.47213595499958 12.165525060596439 0.969852943310544 
28 33 8 8 8 2 4.47213595499958 12.0 0.9455314029747461 
28 32 8 9 8 0 4.47213595499958 12.0 0.9613668959477707 
28 34 8 9 8 4 4.47213595499958 14.142135623730951 0.9455314029747461 
28 32 8 9 8 0 4.47213595499958 12.0 0.9676828611753927 
28 33 8 8 8 1 4.47213595499958 12.649110640673518 0.9455314029747461 
28 32 8 9 8 0 4.47213595499958 12.0 0.9456346198318304 
28 32 8 9 8 0 4.47213595499958 12.165525060596439 0.9751754724447336 
28 34 8 8 8 3 4.47213595499958 13.038404810405298 0.9456346198318304 
28 32 8 9 8 0 4.47213595499958 12.165525060596439 0.9676828611753927 
28 33 8 8 8 1 4.47213595499958 12.649110640673518 0.9456346198318304 
28 32 8 9 8 0 4.47213595499958 12.165525060596439 0.977750322051281 
28 34 8 8 8 4 4.47213595499958 13.038404810405298 0.969852943310544 
28 33 8 8 8 2 4.47213595499958 12.0 0.9455314029747461 
28 32 8 9 8 0 4.47213595499958 12.0 0.9456346198318304 
28 32 8 9 8 0 4.47213595499958 12.165525060596439 0.9831945992708457 
28 36 8 8 8 4 4.47213595499958 15.033296378372908 0.9778752556138104 
28 35 8 8 8 3 4.47213595499958 14.0 0.9673813105610808 
28 33 8 8 8 1 4.47213595499958 12.165525060596439 0.9456346198318304 
28 32 8 9 8 0 4.47213595499958 12.165525060596439 0.9459361704461423 
28 32 8 9 8 0 4.47213595499958 12.649110640673518 0.975177585771291 
28 34 8 8 8 3 5.656854249492381 13.038404810405298 0.967280207030554 
28 33 8 8 8 1 5.656854249492381 12.0 0.9459382837726997 
28 32 8 9 8 0 5.656854249492381 12.649110640673518 0.9673834238876382 
28 33 8 8 8 1 5.656854249492381 12.165525060596439 0.9459382837726997 
28 32 8 9 8 0 5.656854249492381 12.649110640673518 0.975177585771291 
28 34 8 8 8 3 5.656854249492381 13.038404810405298 0.967280207030554 
28 33 8 8 8 1 5.656854249492381 12.0 0.9459382837726997 
28 32 8 9 8 0 5.656854249492381 12.649110640673518 0.9613690092743281 
28 34 8 9 8 4 5.656854249492381 14.142135623730951 0.9455335163013036 
28 32 8 9 8 0 5.656854249492381 12.0 0.9753666898679035 
28 34 8 8 8 3 5.656854249492381 13.341664064126334 0.9647053574240066 
28 33 8 8 8 0 5.656854249492381 12.0 0.967280207030554 
28 33 8 8 8 1 5.656854249492381 12.0 0.9455335163013036 
28 32 8 9 8 0 5.656854249492381 12.0 0.9753666898679035 
28 34 8 8 8 3 5.656854249492381 13.341664064126334 0.967280207030554 
28 33 8 8 8 1 5.656854249492381 12.0 0.9455335163013036 
28 32 8 9 8 0 5.656854249492381 12.0 0.9726027361647437 
28 34 8 8 8 2 5.656854249492381 13.038404810405298 0.967280207030554 
28 33 8 8 8 1 5.656854249492381 12.0 0.9455335163013036 
28 32 8 9 8 0 5.656854249492381 12.0 0.9456367331583878 
28 32 8 9 8 0 5.656854249492381 12.165525060596439 0.9726006228381863 
28 34 8 8 8 2 4.47213595499958 13.038404810405298 0.9456346198318304 
28 32 8 9 8 0 4.47213595499958 12.165525060596439 0.9702577107819401 
28 33 8 8 8 2 4.47213595499958 12.649110640673518 0.9456346198318304 
28 32 8 9 8 0 4.47213595499958 12.165525060596439 0.9612782640976547 
28 34 8 9 8 4 4.47213595499958 14.0 0.9534287817154832 
28 33 8 9 8 2 4.47213595499958 13.038404810405298 0.9456346198318304 
28 32 8 9 8 0 4.47213595499958 12.165525060596439 0.9726006228381863 
28 34 8 8 8 2 4.47213595499958 13.038404810405298 0.9673813105610808 
28 33 8 8 8 1 4.47213595499958 12.165525060596439 0.9456346198318304 
28 32 8 9 8 0 4.47213595499958 12.165525060596439 0.9613668959477707 
28 34 8 9 8 4 4.47213595499958 14.142135623730951 0.9536178858120957 
28 33 8 9 8 2 4.47213595499958 13.341664064126334 0.9459361704461423 
28 32 8 9 8 0 4.47213595499958 12.649110640673518 0.9456346198318304 
28 32 8 9 8 0 4.47213595499958 12.165525060596439 0.9612782640976547 
28 34 8 9 8 4 4.47213595499958 14.0 0.9456346198318304 
28 32 8 9 8 0 4.47213595499958 12.165525060596439 0.9676828611753927 
28 33 8 8 8 1 4.47213595499958 12.649110640673518 0.9456346198318304 
28 32 8 9 8 0 4.47213595499958 12.165525060596439 0.9673813105610808 
28 33 8 8 8 1 4.47213595499958 12.165525060596439 0.9456346198318304 
28 32 8 9 8 0 4.47213595499958 12.165525060596439 0.9673813105610808 
28 33 8 8 8 1 4.47213595499958 12.165525060596439 0.9456346198318304 
28 32 8 9 8 0 4.47213595499958 12.165525060596439 0.977750322051281 
28 34 8 8 8 4 4.47213595499958 13.038404810405298 0.9456346198318304 
28 32 8 9 8 0 4.47213595499958 12.165525060596439 0.9831945992708457 
28 36 8 8 8 4 4.47213595499958 15.033296378372908 0.9726006228381863 
28 34 8 8 8 2 4.47213595499958 13.038404810405298 0.9673813105610808 
28 33 8 8 8 1 4.47213595499958 12.165525060596439 0.9456346198318304 
28 32 8 9 8 0 4.47213595499958 12.165525060596439 0.9699561601676282 
28 33 8 8 8 2 4.47213595499958 12.165525060596439 0.9455314029747461 
28 32 8 9 8 0 4.47213595499958 12.0 0.9753645765413461 
28 34 8 8 8 3 4.47213595499958 13.341664064126334 0.9455314029747461 
28 32 8 9 8 0 4.47213595499958 12.0 0.9726006228381863 
28 34 8 8 8 2 4.47213595499958 13.038404810405298 0.9455314029747461 
28 32 8 9 8 0 4.47213595499958 12.0 0.9673813105610808 
28 33 8 8 8 1 4.47213595499958 12.165525060596439 0.9455314029747461 
28 32 8 9 8 0 4.47213595499958 12.0 0.9534287817154832 
28 33 8 9 8 2 4.47213595499958 13.038404810405298 0.9455314029747461 
28 32 8 9 8 0 4.47213595499958 12.0 0.9534287817154832 
28 33 8 9 8 2 4.47213595499958 13.038404810405298 0.9456346198318304 
28 32 8 9 8 0 4.47213595499958 12.165525060596439 0.9534287817154832 
28 33 8 9 8 2 4.47213595499958 13.038404810405298 0.9455314029747461 
28 32 8 9 8 0 4.47213595499958 12.0 0.9534287817154832 
28 33 8 9 8 2 4.47213595499958 13.038404810405298 0.9456346198318304 
28 32 8 9 8 0 4.47213595499958 12.165525060596439 0.9753645765413461 
28 34 8 8 8 3 4.47213595499958 13.341664064126334 0.9456346198318304 
28 32 8 9 8 0 4.47213595499958 12.165525060596439 0.9534287817154832 
28 33 8 9 8 2 4.47213595499958 13.038404810405298 0.9455314029747461 
28 32 8 9 8 0 4.47213595499958 12.0 0.9613668959477707 
28 34 8 9 8 4 4.47213595499958 14.142135623730951 0.9536178858120957 
28 33 8 9 8 2 4.47213595499958 13.341664064126334 0.9456346198318304 
28 32 8 9 8 0 4.47213595499958 12.165525060596439 0.9536178858120957 
28 33 8 9 8 2 4.47213595499958 13.341664064126334 0.9456346198318304 
28 32 8 9 8 0 4.47213595499958 12.165525060596439 0.9727897269347988 
28 34 8 8 8 2 4.47213595499958 13.341664064126334 0.9456346198318304 
28 32 8 9 8 0 4.47213595499958 12.165525060596439 0.9673813105610808 
28 33 8 8 8 1 4.47213595499958 12.165525060596439 0.9456346198318304 
28 32 8 9 8 0 4.47213595499958 12.165525060596439 0.9459361704461423 
28 32 8 9 8 0 4.47213595499958 12.649110640673518 0.9804501052203578 
28 35 8 8 8 4 4.47213595499958 14.0 0.9676828611753927 
28 33 8 8 8 1 4.47213595499958 12.649110640673518 0.9459361704461423 
28 32 8 9 8 0 4.47213595499958 12.649110640673518 0.9804501052203578 
28 35 8 8 8 4 4.47213595499958 14.0 0.9676828611753927 
28 33 8 8 8 1 4.47213595499958 12.649110640673518 0.9459361704461423 
28 32 8 9 8 0 4.47213595499958 12.649110640673518 0.9612782640976547 
28 34 8 9 8 4 4.47213595499958 14.0 0.9534287817154832 
28 33 8 9 8 2 4.47213595499958 13.038404810405298 0.9456346198318304 
28 32 8 9 8 0 4.47213595499958 12.165525060596439 0.9751754724447336 
28 34 8 8 8 3 4.47213595499958 13.038404810405298 0.9673813105610808 
28 33 8 8 8 1 4.47213595499958 12.165525060596439 0.9456346198318304 
28 32 8 9 8 0 4.47213595499958 12.165525060596439 0.9676828611753927 
28 33 8 8 8 1 4.47213595499958 12.649110640673518 0.9456346198318304 
28 32 8 9 8 0 4.47213595499958 12.165525060596439 0.9673813105610808 
28 33 8 8 8 1 4.47213595499958 12.165525060596439 0.9456346198318304 
28 32 8 9 8 0 4.47213595499958 12.165525060596439 0.9536178858120957 
28 33 8 9 8 2 4.47213595499958 13.341664064126334 0.9456346198318304 
28 32 8 9 8 0 4.47213595499958 12.165525060596439 0.9455314029747461 
28 32 8 9 8 0 4.47213595499958 12.0 0.9459382837726997 
28 32 8 9 8 0 5.656854249492381 12.649110640673518 0.975177585771291 
28 34 8 8 8 3 5.656854249492381 13.038404810405298 0.9459382837726997 
28 32 8 9 8 0 5.656854249492381 12.649110640673518 0.9613690092743281 
28 34 8 9 8 4 5.656854249492381 14.142135623730951 0.9455335163013036 
28 32 8 9 8 0 5.656854249492381 12.0 0.9534308950420406 
28 33 8 9 8 2 5.656854249492381 13.038404810405298 0.9455335163013036 
28 32 8 9 8 0 5.656854249492381 12.0 0.9699582734941856 
28 33 8 8 8 2 5.656854249492381 12.165525060596439 0.9456367331583878 
28 32 8 9 8 0 5.656854249492381 12.165525060596439 0.9753666898679035 
28 34 8 8 8 3 5.656854249492381 13.341664064126334 0.9456367331583878 
28 32 8 9 8 0 5.656854249492381 12.165525060596439 0.9673834238876382 
28 33 8 8 8 1 5.656854249492381 12.165525060596439 0.9456367331583878 
28 32 8 9 8 0 5.656854249492381 12.165525060596439 0.9612803774242121 
28 34 8 9 8 4 5.656854249492381 14.0 0.9534308950420406 
28 33 8 9 8 2 5.656854249492381 13.038404810405298 0.9455335163013036 
28 32 8 9 8 0 5.656854249492381 12.0 0.9831967125974032 
28 36 8 8 8 4 5.656854249492381 15.033296378372908 0.9779660007904838 
28 35 8 8 8 3 5.656854249492381 14.142135623730951 0.9727918402613562 
28 34 8 8 8 2 5.656854249492381 13.341664064126334 0.967280207030554 
28 33 8 8 8 1 5.656854249492381 12.0 0.9455335163013036 
28 32 8 9 8 0 5.656854249492381 12.0 0.9804522185469152 
28 35 8 8 8 4 5.656854249492381 14.0 0.9673834238876382 
28 33 8 8 8 1 5.656854249492381 12.165525060596439 0.9455335163013036 
28 32 8 9 8 0 5.656854249492381 12.0 0.9613690092743281 
28 34 8 9 8 4 5.656854249492381 14.142135623730951 0.9536199991386531 
28 33 8 9 8 2 5.656854249492381 13.341664064126334 0.9459382837726997 
28 32 8 9 8 0 5.656854249492381 12.649110640673518 0.9777524353778384 
28 34 8 8 8 4 5.656854249492381 13.038404810405298 0.9534308950420406 
28 33 8 9 8 2 5.656854249492381 13.038404810405298 0.9456367331583878 
28 32 8 9 8 0 5.656854249492381 12.165525060596439 0.9673834238876382 
28 33 8 8 8 1 5.656854249492381 12.165525060596439 0.9456367331583878 
28 32 8 9 8 0 5.656854249492381 12.165525060596439 0.9699582734941856 
28 33 8 8 8 2 5.656854249492381 12.165525060596439 0.9459382837726997 
28 32 8 9 8 0 5.656854249492381 12.649110640673518 0.975177585771291 
28 34 8 8 8 3 5.656854249492381 13.038404810405298 0.9647053574240066 
28 33 8 8 8 0 5.656854249492381 12.0 1.0049434033266536 
28 37 8 7 8 5 5.656854249492381 15.033296378372908 0.9831967125974032 
28 36 8 8 8 4 5.656854249492381 15.033296378372908 0.975177585771291 
28 34 8 8 8 3 5.656854249492381 13.038404810405298 0.9459382837726997 
28 32 8 9 8 0 5.656854249492381 12.649110640673518 0.9456367331583878 
28 32 8 9 8 0 5.656854249492381 12.165525060596439 0.9459361704461423 
28 32 8 9 8 0 4.47213595499958 12.649110640673518 0.9536199991386531 
28 33 8 9 8 2 5.656854249492381 13.341664064126334 0.9459382837726997 
28 32 8 9 8 0 5.656854249492381 12.649110640673518 0.9640248714747001 
28 35 8 9 8 4 5.656854249492381 15.033296378372908 0.9536199991386531 
28 33 8 9 8 2 5.656854249492381 13.341664064126334 0.9456367331583878 
28 32 8 9 8 0 5.656854249492381 12.165525060596439 0.9698550566371014 
28 33 8 8 8 2 5.656854249492381 12.0 0.9456367331583878 
28 32 8 9 8 0 5.656854249492381 12.165525060596439 0.9673834238876382 
28 33 8 8 8 1 5.656854249492381 12.165525060596439 0.9456367331583878 
28 32 8 9 8 0 5.656854249492381 12.165525060596439 1.0035539671258649 
28 46 8 8 8 4 5.656854249492381 14.0 0.9846746688679041 
28 44 8 8 4 0 5.830951894845301 12.165525060596439 1.0003183131337285 
28 46 8 8 4 4 5.830951894845301 14.0 0.9898939811450095 
28 45 8 8 4 1 5.830951894845301 13.038404810405298 0.9846746688679041 
28 44 8 8 4 0 5.830951894845301 12.165525060596439 1.0116406718742599 
28 46 8 7 4 2 5.830951894845301 13.038404810405298 0.9846746688679041 
28 44 8 8 4 0 5.830951894845301 12.165525060596439 0.9926579348481694 
28 45 8 8 4 2 5.830951894845301 13.341664064126334 0.984976219482216 
28 44 8 8 4 0 5.830951894845301 12.649110640673518 0.9924688307515569 
28 45 8 8 4 2 5.830951894845301 13.038404810405298 0.984976219482216 
28 44 8 8 4 0 5.830951894845301 12.649110640673518 1.0167903710873547 
28 46 8 7 4 4 5.830951894845301 13.038404810405298 0.9924688307515569 
28 45 8 8 4 2 5.830951894845301 13.038404810405298 0.984976219482216 
28 44 8 8 4 0 5.830951894845301 12.649110640673518 0.9422978623091672 
28 32 8 9 4 0 5.830951894845301 12.0 0.9640227581481426 
28 35 8 9 8 4 4.47213595499958 15.033296378372908 0.9613668959477707 
28 34 8 9 8 4 4.47213595499958 14.142135623730951 0.9459361704461423 
28 32 8 9 8 0 4.47213595499958 12.649110640673518 0.9613668959477707 
28 34 8 9 8 4 4.47213595499958 14.142135623730951 0.9455314029747461 
28 32 8 9 8 0 4.47213595499958 12.0 0.9613668959477707 
28 34 8 9 8 4 4.47213595499958 14.142135623730951 0.9459361704461423 
28 32 8 9 8 0 4.47213595499958 12.649110640673518 0.9702577107819401 
28 33 8 8 8 2 4.47213595499958 12.649110640673518 0.9456346198318304 
28 32 8 9 8 0 4.47213595499958 12.165525060596439 0.9534287817154832 
28 33 8 9 8 2 4.47213595499958 13.038404810405298 0.9456346198318304 
28 32 8 9 8 0 4.47213595499958 12.165525060596439 0.9456346198318304 
28 32 8 9 8 0 4.47213595499958 12.165525060596439 0.9676828611753927 
28 33 8 8 8 1 4.47213595499958 12.649110640673518 0.9456346198318304 
28 32 8 9 8 0 4.47213595499958 12.165525060596439 0.9805387370704738 
28 35 8 8 8 4 4.47213595499958 14.142135623730951 0.9647032440974492 
28 33 8 8 8 0 4.47213595499958 12.0 0.9804501052203578 
28 35 8 8 8 4 4.47213595499958 14.0 0.9647032440974492 
28 33 8 8 8 0 4.47213595499958 12.0 0.9917028508968785 
28 34 8 7 8 3 4.47213595499958 12.165525060596439 0.9673813105610808 
28 33 8 8 8 1 4.47213595499958 12.165525060596439 0.9456346198318304 
28 32 8 9 8 0 4.47213595499958 12.165525060596439 0.9459361704461423 
28 32 8 9 8 0 4.47213595499958 12.649110640673518 0.9673834238876382 
28 33 8 8 8 1 5.656854249492381 12.165525060596439 0.9459382837726997 
28 32 8 9 8 0 5.656854249492381 12.649110640673518 0.9673834238876382 
28 33 8 8 8 1 5.656854249492381 12.165525060596439 0.9459382837726997 
28 32 8 9 8 0 5.656854249492381 12.649110640673518 0.967280207030554 
28 33 8 8 8 1 5.656854249492381 12.0 0.9459382837726997 
28 32 8 9 8 0 5.656854249492381 12.649110640673518 0.9536199991386531 
28 33 8 9 8 2 5.656854249492381 13.341664064126334 0.9456367331583878 
28 32 8 9 8 0 5.656854249492381 12.165525060596439 0.9455335163013036 
28 32 8 9 8 0 5.656854249492381 12.0 0.9534308950420406 
28 33 8 9 8 2 5.656854249492381 13.038404810405298 0.9456367331583878 
28 32 8 9 8 0 5.656854249492381 12.165525060596439 0.9805408503970312 
28 35 8 8 8 4 5.656854249492381 14.142135623730951 0.9647053574240066 
28 33 8 8 8 0 5.656854249492381 12.0 0.9753666898679035 
28 34 8 8 8 3 5.656854249492381 13.341664064126334 0.967280207030554 
28 33 8 8 8 1 5.656854249492381 12.0 0.9455335163013036 
28 32 8 9 8 0 5.656854249492381 12.0 0.9698550566371014 
28 33 8 8 8 2 5.656854249492381 12.0 0.9455335163013036 
28 32 8 9 8 0 5.656854249492381 12.0 0.9456367331583878 
28 32 8 9 8 0 5.656854249492381 12.165525060596439 0.9727897269347988 
28 34 8 8 8 2 4.47213595499958 13.341664064126334 0.9456346198318304 
28 32 8 9 8 0 4.47213595499958 12.165525060596439 0.9805387370704738 
28 35 8 8 8 4 4.47213595499958 14.142135623730951 0.9727897269347988 
28 34 8 8 8 2 4.47213595499958 13.341664064126334 0.9456346198318304 
28 32 8 9 8 0 4.47213595499958 12.165525060596439 0.9673813105610808 
28 33 8 8 8 1 4.47213595499958 12.165525060596439 0.9456346198318304 
28 32 8 9 8 0 4.47213595499958 12.165525060596439 0.9455314029747461 
28 32 8 9 8 0 4.47213595499958 12.0 0.9779394261478935 
28 34 8 8 8 4 4.47213595499958 13.341664064126334 0.9536178858120957 
28 33 8 9 8 2 4.47213595499958 13.341664064126334 0.9459361704461423 
28 32 8 9 8 0 4.47213595499958 12.649110640673518 1.0035518537993076 
28 46 8 8 8 4 4.47213595499958 14.0 0.984976219482216 
28 44 8 8 4 0 5.830951894845301 12.649110640673518 1.0116406718742599 
28 46 8 7 4 2 5.830951894845301 13.038404810405298 1.0067229102114663 
28 45 8 7 4 1 5.830951894845301 12.649110640673518 0.984976219482216 
28 44 8 8 4 0 5.830951894845301 12.649110640673518 0.9615729202889546 
28 33 8 8 4 0 5.830951894845301 12.165525060596439 0.9673834238876382 
28 33 8 8 8 1 5.656854249492381 12.165525060596439 0.9456367331583878 
28 32 8 9 8 0 5.656854249492381 12.165525060596439 0.9673834238876382 
28 33 8 8 8 1 5.656854249492381 12.165525060596439 0.9456367331583878 
28 32 8 9 8 0 5.656854249492381 12.165525060596439 0.9673834238876382 
28 33 8 8 8 1 5.656854249492381 12.165525060596439 0.9456367331583878 
28 32 8 9 8 0 5.656854249492381 12.165525060596439 0.9753666898679035 
28 34 8 8 8 3 5.656854249492381 13.341664064126334 0.9456367331583878 
28 32 8 9 8 0 5.656854249492381 12.165525060596439 0.9534308950420406 
28 33 8 9 8 2 5.656854249492381 13.038404810405298 0.9455335163013036 
28 32 8 9 8 0 5.656854249492381 12.0 0.9831967125974032 
28 36 8 8 8 4 5.656854249492381 15.033296378372908 0.9727918402613562 
28 34 8 8 8 2 5.656854249492381 13.341664064126334 0.9647053574240066 
28 33 8 8 8 0 5.656854249492381 12.0 0.9673834238876382 
28 33 8 8 8 1 5.656854249492381 12.165525060596439 0.9456367331583878 
28 32 8 9 8 0 5.656854249492381 12.165525060596439 0.9534308950420406 
28 33 8 9 8 2 5.656854249492381 13.038404810405298 0.9455335163013036 
28 32 8 9 8 0 5.656854249492381 12.0 0.9726027361647437 
28 34 8 8 8 2 5.656854249492381 13.038404810405298 0.9455335163013036 
28 32 8 9 8 0 5.656854249492381 12.0 0.9612803774242121 
28 34 8 9 8 4 5.656854249492381 14.0 0.9456367331583878 
28 32 8 9 8 0 5.656854249492381 12.165525060596439 0.9727918402613562 
28 34 8 8 8 2 5.656854249492381 13.341664064126334 0.9673834238876382 
28 33 8 8 8 1 5.656854249492381 12.165525060596439 0.9456367331583878 
28 32 8 9 8 0 5.656854249492381 12.165525060596439 0.9698550566371014 
28 33 8 8 8 2 5.656854249492381 12.0 0.9455335163013036 
28 32 8 9 8 0 5.656854249492381 12.0 0.9534308950420406 
28 33 8 9 8 2 5.656854249492381 13.038404810405298 0.9455335163013036 
28 32 8 9 8 0 5.656854249492381 12.0 0.9456367331583878 
28 32 8 9 8 0 5.656854249492381 12.165525060596439 0.9455314029747461 
28 32 8 9 8 0 4.47213595499958 12.0 0.9699582734941856 
28 33 8 8 8 2 5.656854249492381 12.165525060596439 0.9456367331583878 
28 32 8 9 8 0 5.656854249492381 12.165525060596439 0.9459382837726997 
28 32 8 9 8 0 5.656854249492381 12.649110640673518 0.9455314029747461 
28 32 8 9 8 0 4.47213595499958 12.0 0.969852943310544 
28 33 8 8 8 2 4.47213595499958 12.0 0.9456346198318304 
28 32 8 9 8 0 4.47213595499958 12.165525060596439 0.9751754724447336 
28 34 8 8 8 3 4.47213595499958 13.038404810405298 0.9456346198318304 
28 32 8 9 8 0 4.47213595499958 12.165525060596439 0.9612782640976547 
28 34 8 9 8 4 4.47213595499958 14.0 0.9534287817154832 
28 33 8 9 8 2 4.47213595499958 13.038404810405298 0.9456346198318304 
28 32 8 9 8 0 4.47213595499958 12.165525060596439 0.9459361704461423 
28 32 8 9 8 0 4.47213595499958 12.649110640673518 0.9804522185469152 
28 35 8 8 8 4 5.656854249492381 14.0 0.9648085742810909 
28 33 8 8 8 0 5.656854249492381 12.165525060596439 0.9673834238876382 
28 33 8 8 8 1 5.656854249492381 12.165525060596439 0.9456367331583878 
28 32 8 9 8 0 5.656854249492381 12.165525060596439 0.9673834238876382 
28 33 8 8 8 1 5.656854249492381 12.165525060596439 0.9456367331583878 
28 32 8 9 8 0 5.656854249492381 12.165525060596439 0.9777524353778384 
28 34 8 8 8 4 5.656854249492381 13.038404810405298 0.9699582734941856 
28 33 8 8 8 2 5.656854249492381 12.165525060596439 0.9455335163013036 
28 32 8 9 8 0 5.656854249492381 12.0 0.9831967125974032 
28 36 8 8 8 4 5.656854249492381 15.033296378372908 0.9779660007904838 
28 35 8 8 8 3 5.656854249492381 14.142135623730951 0.967280207030554 
28 33 8 8 8 1 5.656854249492381 12.0 0.9455335163013036 
28 32 8 9 8 0 5.656854249492381 12.0 0.9534308950420406 
28 33 8 9 8 2 5.656854249492381 13.038404810405298 0.9455335163013036 
28 32 8 9 8 0 5.656854249492381 12.0 0.967280207030554 
28 33 8 8 8 1 5.656854249492381 12.0 0.9455335163013036 
28 32 8 9 8 0 5.656854249492381 12.0 0.9456367331583878 
28 32 8 9 8 0 5.656854249492381 12.165525060596439 0.9673834238876382 
28 33 8 8 8 1 5.656854249492381 12.165525060596439 0.9456367331583878 
28 32 8 9 8 0 5.656854249492381 12.165525060596439 0.9673834238876382 
28 33 8 8 8 1 5.656854249492381 12.165525060596439 0.9456367331583878 
28 32 8 9 8 0 5.656854249492381 12.165525060596439 0.9640248714747001 
28 35 8 9 8 4 5.656854249492381 15.033296378372908 0.9536199991386531 
28 33 8 9 8 2 5.656854249492381 13.341664064126334 0.9459382837726997 
28 32 8 9 8 0 5.656854249492381 12.649110640673518 0.9456367331583878 
28 32 8 9 8 0 5.656854249492381 12.165525060596439 0.9676828611753927 
28 33 8 8 8 1 4.47213595499958 12.649110640673518 0.9456346198318304 
28 32 8 9 8 0 4.47213595499958 12.165525060596439 0.969852943310544 
28 33 8 8 8 2 4.47213595499958 12.0 0.9455314029747461 
28 32 8 9 8 0 4.47213595499958 12.0 0.9613668959477707 
28 34 8 9 8 4 4.47213595499958 14.142135623730951 0.9455314029747461 
28 32 8 9 8 0 4.47213595499958 12.0 0.969852943310544 
28 33 8 8 8 2 4.47213595499958 12.0 0.9456346198318304 
28 32 8 9 8 0 4.47213595499958 12.165525060596439 0.9459361704461423 
28 32 8 9 8 0 4.47213595499958 12.649110640673518 0.9673834238876382 
28 33 8 8 8 1 5.656854249492381 12.165525060596439 0.9459382837726997 
28 32 8 9 8 0 5.656854249492381 12.649110640673518 0.967280207030554 
28 33 8 8 8 1 5.656854249492381 12.0 0.9459382837726997 
28 32 8 9 8 0 5.656854249492381 12.649110640673518 0.9612803774242121 
28 34 8 9 8 4 5.656854249492381 14.0 0.9534308950420406 
28 33 8 9 8 2 5.656854249492381 13.038404810405298 0.9456367331583878 
28 32 8 9 8 0 5.656854249492381 12.165525060596439 0.9455335163013036 
28 32 8 9 8 0 5.656854249492381 12.0 0.9726006228381863 
28 34 8 8 8 2 4.47213595499958 13.038404810405298 0.9672780937039965 
28 33 8 8 8 1 4.47213595499958 12.0 0.9455314029747461 
28 32 8 9 8 0 4.47213595499958 12.0 0.9613668959477707 
28 34 8 9 8 4 4.47213595499958 14.142135623730951 0.9534287817154832 
28 33 8 9 8 2 4.47213595499958 13.038404810405298 0.9455314029747461 
28 32 8 9 8 0 4.47213595499958 12.0 0.9726006228381863 
28 34 8 8 8 2 4.47213595499958 13.038404810405298 0.9673813105610808 
28 33 8 8 8 1 4.47213595499958 12.165525060596439 0.9455314029747461 
28 32 8 9 8 0 4.47213595499958 12.0 0.9699561601676282 
28 33 8 8 8 2 4.47213595499958 12.165525060596439 0.9456346198318304 
28 32 8 9 8 0 4.47213595499958 12.165525060596439 0.9613668959477707 
28 34 8 9 8 4 4.47213595499958 14.142135623730951 0.9455314029747461 
28 32 8 9 8 0 4.47213595499958 12.0 0.9456346198318304 
28 32 8 9 8 0 4.47213595499958 12.165525060596439 0.9459361704461423 
28 32 8 9 8 0 4.47213595499958 12.649110640673518 0.9613690092743281 
28 34 8 9 8 4 5.656854249492381 14.142135623730951 0.9459382837726997 
28 32 8 9 8 0 5.656854249492381 12.649110640673518 0.9613690092743281 
28 34 8 9 8 4 5.656854249492381 14.142135623730951 0.9459382837726997 
28 32 8 9 8 0 5.656854249492381 12.649110640673518 0.967280207030554 
28 33 8 8 8 1 5.656854249492381 12.0 0.9459382837726997 
28 32 8 9 8 0 5.656854249492381 12.649110640673518 0.9699582734941856 
28 33 8 8 8 2 5.656854249492381 12.165525060596439 0.9459382837726997 
28 32 8 9 8 0 5.656854249492381 12.649110640673518 0.9804522185469152 
28 35 8 8 8 4 5.656854249492381 14.0 0.9673834238876382 
28 33 8 8 8 1 5.656854249492381 12.165525060596439 0.9459382837726997 
28 32 8 9 8 0 5.656854249492381 12.649110640673518 0.9613690092743281 
28 34 8 9 8 4 5.656854249492381 14.142135623730951 0.9455335163013036 
28 32 8 9 8 0 5.656854249492381 12.0 0.9698550566371014 
28 33 8 8 8 2 5.656854249492381 12.0 0.9455335163013036 
28 32 8 9 8 0 5.656854249492381 12.0 0.9456367331583878 
28 32 8 9 8 0 5.656854249492381 12.165525060596439 0.9536178858120957 
28 33 8 9 8 2 4.47213595499958 13.341664064126334 0.9459361704461423 
28 32 8 9 8 0 4.47213595499958 12.649110640673518 0.9702577107819401 
28 33 8 8 8 2 4.47213595499958 12.649110640673518 0.9459361704461423 
28 32 8 9 8 0 4.47213595499958 12.649110640673518 1.0062963478497955 
28 47 8 8 8 4 4.47213595499958 15.033296378372908 1.0003183131337285 
28 46 8 8 4 4 5.830951894845301 14.0 0.9924688307515569 
28 45 8 8 4 2 5.830951894845301 13.038404810405298 0.984976219482216 
28 44 8 8 4 0 5.830951894845301 12.649110640673518 1.01440462557742 
28 46 8 7 4 3 5.830951894845301 13.341664064126334 1.0092977598180135 
28 45 8 7 4 2 5.830951894845301 12.649110640673518 0.984976219482216 
28 44 8 8 4 0 5.830951894845301 12.649110640673518 1.0142155214808073 
28 46 8 7 4 3 5.830951894845301 13.038404810405298 0.9898939811450095 
28 45 8 8 4 1 5.830951894845301 13.038404810405298 0.9846746688679041 
28 44 8 8 4 0 5.830951894845301 12.165525060596439 1.0003183131337285 
28 46 8 8 4 4 5.830951894845301 14.0 0.9898939811450095 
28 45 8 8 4 1 5.830951894845301 13.038404810405298 0.9846746688679041 
28 44 8 8 4 0 5.830951894845301 12.165525060596439 1.0004069449838446 
28 46 8 8 4 4 5.830951894845301 14.142135623730951 0.9846746688679041 
28 44 8 8 4 0 5.830951894845301 12.165525060596439 0.9615729202889546 
28 33 8 8 4 0 5.830951894845301 12.165525060596439 0.9694814695228035 
28 34 8 8 8 1 4.47213595499958 12.165525060596439 0.9648064609545335 
28 33 8 8 8 0 4.47213595499958 12.165525060596439 0.9694814695228035 
28 34 8 8 8 1 4.47213595499958 12.165525060596439 0.9648064609545335 
28 33 8 8 8 0 4.47213595499958 12.165525060596439 0.9805387370704738 
28 35 8 8 8 4 4.47213595499958 14.142135623730951 0.9676828611753927 
28 33 8 8 8 1 4.47213595499958 12.649110640673518 0.9456346198318304 
28 32 8 9 8 0 4.47213595499958 12.165525060596439 0.9673813105610808 
28 33 8 8 8 1 4.47213595499958 12.165525060596439 0.9456346198318304 
28 32 8 9 8 0 4.47213595499958 12.165525060596439 0.9612782640976547 
28 34 8 9 8 4 4.47213595499958 14.0 0.9534287817154832 
28 33 8 9 8 2 4.47213595499958 13.038404810405298 0.9456346198318304 
28 32 8 9 8 0 4.47213595499958 12.165525060596439 0.9612782640976547 
28 34 8 9 8 4 4.47213595499958 14.0 0.9534287817154832 
28 33 8 9 8 2 4.47213595499958 13.038404810405298 0.9455314029747461 
28 32 8 9 8 0 4.47213595499958 12.0 0.9673813105610808 
28 33 8 8 8 1 4.47213595499958 12.165525060596439 0.9455314029747461 
28 32 8 9 8 0 4.47213595499958 12.0 0.9672780937039965 
28 33 8 8 8 1 4.47213595499958 12.0 0.9455314029747461 
28 32 8 9 8 0 4.47213595499958 12.0 0.9753645765413461 
28 34 8 8 8 3 4.47213595499958 13.341664064126334 0.9648064609545335 
28 33 8 8 8 0 4.47213595499958 12.165525060596439 0.9753645765413461 
28 34 8 8 8 3 4.47213595499958 13.341664064126334 0.9676828611753927 
28 33 8 8 8 1 4.47213595499958 12.649110640673518 0.9455314029747461 
28 32 8 9 8 0 4.47213595499958 12.0 0.9534287817154832 
28 33 8 9 8 2 4.47213595499958 13.038404810405298 0.9456346198318304 
28 32 8 9 8 0 4.47213595499958 12.165525060596439 0.977750322051281 
28 34 8 8 8 4 4.47213595499958 13.038404810405298 0.9456346198318304 
28 32 8 9 8 0 4.47213595499958 12.165525060596439 0.9456346198318304 
28 32 8 9 8 0 4.47213595499958 12.165525060596439 0.9455314029747461 
28 32 8 9 8 0 4.47213595499958 12.0 0.9613668959477707 
28 34 8 9 8 4 4.47213595499958 14.142135623730951 0.9536178858120957 
28 33 8 9 8 2 4.47213595499958 13.341664064126334 0.9459361704461423 
28 32 8 9 8 0 4.47213595499958 12.649110640673518 0.9456346198318304 
28 32 8 9 8 0 4.47213595499958 12.165525060596439 0.9831967125974032 
28 36 8 8 8 4 5.656854249492381 15.033296378372908 0.9700278865581963 
28 34 8 8 8 1 5.656854249492381 13.038404810405298 0.9648085742810909 
28 33 8 8 8 0 5.656854249492381 12.165525060596439 0.9651101248954028 
28 33 8 8 8 0 5.656854249492381 12.649110640673518 0.9702148773282514 
28 34 8 8 8 1 4.47213595499958 13.341664064126334 0.9651080115688454 
28 33 8 8 8 0 4.47213595499958 12.649110640673518 1.0023664403935488 
28 37 8 7 8 4 4.47213595499958 15.033296378372908 0.9970470967365134 
28 36 8 7 8 3 4.47213595499958 14.0 0.9894295519046431 
28 34 8 7 8 2 4.47213595499958 12.649110640673518 0.9651080115688454 
28 33 8 8 8 0 4.47213595499958 12.649110640673518 0.9804501052203578 
28 35 8 8 8 4 4.47213595499958 14.0 0.9751754724447336 
28 34 8 8 8 3 4.47213595499958 13.038404810405298 0.9676828611753927 
28 33 8 8 8 1 4.47213595499958 12.649110640673518 0.9459361704461423 
28 32 8 9 8 0 4.47213595499958 12.649110640673518 0.9613668959477707 
28 34 8 9 8 4 4.47213595499958 14.142135623730951 0.9536178858120957 
28 33 8 9 8 2 4.47213595499958 13.341664064126334 0.9456346198318304 
28 32 8 9 8 0 4.47213595499958 12.165525060596439 1.0036404856494237 
28 46 8 8 8 4 4.47213595499958 14.142135623730951 0.984976219482216 
28 44 8 8 4 0 5.830951894845301 12.649110640673518 1.0004069449838446 
28 46 8 8 4 4 5.830951894845301 14.142135623730951 0.990083085241622 
28 45 8 8 4 1 5.830951894845301 13.341664064126334 0.984976219482216 
28 44 8 8 4 0 5.830951894845301 12.649110640673518 0.990083085241622 
28 45 8 8 4 1 5.830951894845301 13.341664064126334 0.984976219482216 
28 44 8 8 4 0 5.830951894845301 12.649110640673518 1.0030628071842165 
28 47 8 8 4 4 5.830951894845301 15.033296378372908 0.9924688307515569 
28 45 8 8 4 2 5.830951894845301 13.038404810405298 0.984976219482216 
28 44 8 8 4 0 5.830951894845301 12.649110640673518 0.9924688307515569 
28 45 8 8 4 2 5.830951894845301 13.038404810405298 0.984976219482216 
28 44 8 8 4 0 5.830951894845301 12.649110640673518 1.0004069449838446 
28 46 8 8 4 4 5.830951894845301 14.142135623730951 0.9926579348481694 
28 45 8 8 4 2 5.830951894845301 13.341664064126334 0.984976219482216 
28 44 8 8 4 0 5.830951894845301 12.649110640673518 1.0067229102114663 
28 45 8 7 4 1 5.830951894845301 12.649110640673518 0.984976219482216 
28 44 8 8 4 0 5.830951894845301 12.649110640673518 1.0003183131337285 
28 46 8 8 4 4 5.830951894845301 14.0 0.984976219482216 
28 44 8 8 4 0 5.830951894845301 12.649110640673518 0.990083085241622 
28 45 8 8 4 1 5.830951894845301 13.341664064126334 0.984976219482216 
28 44 8 8 4 0 5.830951894845301 12.649110640673518 1.0067229102114663 
28 45 8 7 4 1 5.830951894845301 12.649110640673518 0.984976219482216 
28 44 8 8 4 0 5.830951894845301 12.649110640673518 1.0030628071842165 
28 47 8 8 4 4 5.830951894845301 15.033296378372908 1.0004069449838446 
28 46 8 8 4 4 5.830951894845301 14.142135623730951 0.9898939811450095 
28 45 8 8 4 1 5.830951894845301 13.038404810405298 0.9846746688679041 
28 44 8 8 4 0 5.830951894845301 12.165525060596439 1.0118297759708725 
28 46 8 7 4 2 5.830951894845301 13.341664064126334 0.9846746688679041 
28 44 8 8 4 0 5.830951894845301 12.165525060596439 1.0003183131337285 
28 46 8 8 4 4 5.830951894845301 14.0 0.9845714520108199 
28 44 8 8 4 0 5.830951894845301 12.0 1.0169794751839674 
28 46 8 7 4 4 5.830951894845301 13.341664064126334 0.9926579348481694 
28 45 8 8 4 2 5.830951894845301 13.341664064126334 0.984976219482216 
28 44 8 8 4 0 5.830951894845301 12.649110640673518 0.9924688307515569 
28 45 8 8 4 2 5.830951894845301 13.038404810405298 0.984976219482216 
28 44 8 8 4 0 5.830951894845301 12.649110640673518 1.0004069449838446 
28 46 8 8 4 4 5.830951894845301 14.142135623730951 0.984976219482216 
28 44 8 8 4 0 5.830951894845301 12.649110640673518 1.0003183131337285 
28 46 8 8 4 4 5.830951894845301 14.0 0.9924688307515569 
28 45 8 8 4 2 5.830951894845301 13.038404810405298 0.984976219482216 
28 44 8 8 4 0 5.830951894845301 12.649110640673518 1.0222346483069196 
28 48 8 7 4 4 5.830951894845301 15.033296378372908 1.0118297759708725 
28 46 8 7 4 2 5.830951894845301 13.341664064126334 1.0067229102114663 
28 45 8 7 4 1 5.830951894845301 12.649110640673518 0.984976219482216 
28 44 8 8 4 0 5.830951894845301 12.649110640673518 0.984976219482216 
28 44 8 8 4 0 5.830951894845301 12.649110640673518 1.0003183131337285 
28 46 8 8 4 4 5.830951894845301 14.0 0.9924688307515569 
28 45 8 8 4 2 5.830951894845301 13.038404810405298 0.984976219482216 
28 44 8 8 4 0 5.830951894845301 12.649110640673518 1.0167903710873547 
28 46 8 7 4 4 5.830951894845301 13.038404810405298 1.0092977598180135 
28 45 8 7 4 2 5.830951894845301 12.649110640673518 0.9846746688679041 
28 44 8 8 4 0 5.830951894845301 12.165525060596439 0.9977434635271812 
28 46 8 8 4 3 5.830951894845301 14.0 0.9898939811450095 
28 45 8 8 4 1 5.830951894845301 13.038404810405298 0.9845714520108199 
28 44 8 8 4 0 5.830951894845301 12.0 1.0003183131337285 
28 46 8 8 4 4 5.830951894845301 14.0 0.9845714520108199 
28 44 8 8 4 0 5.830951894845301 12.0 0.9898939811450095 
28 45 8 8 4 1 5.830951894845301 13.038404810405298 0.9845714520108199 
28 44 8 8 4 0 5.830951894845301 12.0 0.9424010791662515 
28 32 8 9 4 0 5.830951894845301 12.165525060596439 0.975177585771291 
28 34 8 8 8 3 5.656854249492381 13.038404810405298 0.9673834238876382 
28 33 8 8 8 1 5.656854249492381 12.165525060596439 0.9456367331583878 
28 32 8 9 8 0 5.656854249492381 12.165525060596439 0.9455335163013036 
28 32 8 9 8 0 5.656854249492381 12.0 0.9676828611753927 
28 33 8 8 8 1 4.47213595499958 12.649110640673518 0.9455314029747461 
28 32 8 9 8 0 4.47213595499958 12.0 0.9534287817154832 
28 33 8 9 8 2 4.47213595499958 13.038404810405298 0.9456346198318304 
28 32 8 9 8 0 4.47213595499958 12.165525060596439 1.0062963478497955 
28 47 8 8 8 4 4.47213595499958 15.033296378372908 0.9977434635271812 
28 46 8 8 4 3 5.830951894845301 14.0 0.9924688307515569 
28 45 8 8 4 2 5.830951894845301 13.038404810405298 0.9845714520108199 
28 44 8 8 4 0 5.830951894845301 12.0 1.0003183131337285 
28 46 8 8 4 4 5.830951894845301 14.0 0.9898939811450095 
28 45 8 8 4 1 5.830951894845301 13.038404810405298 0.9845714520108199 
28 44 8 8 4 0 5.830951894845301 12.0 1.0169794751839674 
28 46 8 7 4 4 5.830951894845301 13.341664064126334 1.0089962092037017 
28 45 8 7 4 2 5.830951894845301 12.165525060596439 0 
