140 140 0 0 14 14 16.0 16.0 1.0814127439545371 
139 139 0 0 19 18 16.0 13.038404810405298 1.088143529652356 
135 138 0 0 22 22 13.341664064126334 15.033296378372908 1.0809682653691663 
131 136 0 0 25 15 13.341664064126334 15.033296378372908 1.085576419059157 
127 135 0 0 25 18 13.038404810405298 16.0 1.0896829021327226 
123 133 0 0 28 21 13.038404810405298 16.0 1.0937677427638786 
123 131 0 0 38 24 14.142135623730951 16.0 1.0934602121102461 
117 129 0 0 38 23 13.038404810405298 16.0 1.0938536467859004 
113 128 0 0 36 23 13.038404810405298 16.0 1.0950460228122951 
107 127 0 0 34 23 13.038404810405298 16.0 1.0964256789657607 
105 126 0 0 35 24 13.038404810405298 16.0 1.1034085171828931 
104 122 0 0 43 31 13.038404810405298 16.0 1.1161628914085653 
92 120 1 0 27 33 13.038404810405298 16.0 1.1117965090938218 
91 118 1 0 33 29 12.165525060596439 16.0 1.1372892052544323 
81 117 2 0 24 41 11.045361017187261 16.0 1.1270254555682693 
79 115 2 0 32 31 11.045361017187261 16.0 1.1315252912098688 
71 114 2 0 21 35 10.198039027185569 16.0 1.1336210619716682 
70 104 3 0 25 33 10.198039027185569 16.0 1.1319958244949924 
62 102 4 0 16 23 10.198039027185569 14.142135623730951 1.1359117822587756 
61 101 4 0 20 26 10.770329614269007 14.142135623730951 1.1400243013320572 
60 100 4 0 25 29 10.770329614269007 14.142135623730951 1.153229509102022 
56 99 5 0 17 32 10.770329614269007 14.142135623730951 1.1498550355603665 
54 98 5 0 17 29 10.198039027185569 14.142135623730951 1.1371512586386587 
52 97 5 1 18 30 10.198039027185569 14.142135623730951 1.1377358089119425 
48 96 5 1 17 30 9.486832980505138 14.142135623730951 1.1433628327483647 
42 92 6 1 11 28 8.246211251235321 12.165525060596439 1.1338225206057342 
40 88 6 1 19 20 8.246211251235321 12.165525060596439 1.1500424412538293 
34 87 7 1 11 25 7.211102550927978 12.165525060596439 1.1488025299411386 
32 85 7 1 14 24 6.324555320336759 12.165525060596439 1.1570931875326278 
26 84 8 1 6 22 4.47213595499958 12.165525060596439 1.1616125224618754 
24 83 8 1 5 26 4.242640687119285 12.649110640673518 1.1631040871017768 
23 81 9 1 4 19 4.242640687119285 12.649110640673518 1.16359084104704 
22 80 9 1 3 20 2.8284271247461903 12.649110640673518 1 
