140 140 0 0 14 14 16.0 16.0 1.152335250502435 
138 139 0 0 17 19 16.0 14.142135623730951 1.1551081422743255 
134 137 0 0 16 19 12.0 16.0 1.1716719109990932 
132 135 0 0 21 24 13.038404810405298 16.0 1.169453594075667 
128 133 0 0 22 22 13.341664064126334 16.0 1.1713793726344457 
124 132 0 0 22 21 13.341664064126334 16.0 1.1868569641352116 
120 131 0 0 22 25 14.142135623730951 16.0 1.1979043438273416 
116 129 0 0 26 27 14.142135623730951 16.0 1.2103396424680575 
110 127 1 0 19 29 14.142135623730951 15.033296378372908 1.234109662443636 
109 125 1 0 25 37 15.033296378372908 15.033296378372908 1.2005143196013293 
99 123 1 0 18 22 15.033296378372908 15.033296378372908 1.2806540302553486 
98 122 2 0 18 49 15.033296378372908 15.033296378372908 1.2351967480708006 
92 121 3 0 16 27 15.033296378372908 15.033296378372908 1.2334202680489252 
90 120 3 0 19 25 15.033296378372908 15.033296378372908 1.2260980734710323 
84 119 4 0 14 18 15.033296378372908 15.033296378372908 1.2334207189607405 
83 118 4 0 17 20 15.033296378372908 15.033296378372908 1.2532311835409076 
79 117 5 0 13 24 15.033296378372908 15.033296378372908 1.2575136322943152 
77 115 5 0 13 26 13.341664064126334 15.033296378372908 1.2577818007293633 
76 114 5 0 14 26 13.038404810405298 15.033296378372908 1.2507731711532486 
72 113 5 0 13 22 13.038404810405298 15.033296378372908 1.2587482183997436 
70 112 5 0 18 23 13.038404810405298 15.033296378372908 1.2543095778191522 
69 110 5 0 16 23 13.038404810405298 15.033296378372908 1.2740895135777026 
68 109 5 0 21 29 13.038404810405298 15.033296378372908 1.2746208003995554 
67 108 5 0 19 30 13.038404810405298 15.033296378372908 1.2712683436224985 
63 106 5 0 12 30 13.038404810405298 15.033296378372908 1.278352453263766 
62 105 6 0 12 30 13.038404810405298 15.033296378372908 1.2722194888055822 
61 104 6 0 16 27 13.038404810405298 14.0 1.2692742632898895 
57 103 6 0 10 26 14.142135623730951 14.0 1.275020648009609 
55 102 6 0 9 28 13.038404810405298 14.0 1.2839934015178718 
54 101 7 0 8 29 13.038404810405298 14.0 1.2842030701380973 
53 99 7 0 15 28 13.038404810405298 14.0 1.2864256026686773 
45 97 7 0 8 28 13.038404810405298 12.165525060596439 1.2925278757997778 
43 96 8 0 8 27 13.038404810405298 12.165525060596439 1.3109279788914179 
42 95 8 0 8 34 13.038404810405298 12.165525060596439 1.3098789297796667 
41 94 8 0 14 32 13.038404810405298 12.165525060596439 1.2891324713472416 
33 86 9 0 4 26 13.341664064126334 12.649110640673518 1.2912780990372845 
32 85 9 0 4 27 12.649110640673518 12.649110640673518 1.2834018540981964 
31 84 9 0 5 24 11.40175425099138 12.649110640673518 1.2756193550549701 
29 83 9 0 4 21 10.295630140987 12.649110640673518 1.2812239013812217 
27 82 9 0 4 23 7.0710678118654755 11.40175425099138 1.2849527303359503 
26 81 9 0 7 24 6.324555320336759 10.198039027185569 1.2792411905554184 
25 80 9 0 4 23 5.830951894845301 10.198039027185569 1.2857907721767494 
23 79 9 0 4 25 4.242640687119285 10.198039027185569 1.2735697320820114 
22 78 9 0 3 21 2.8284271247461903 10.198039027185569 1 
