140 140 0 0 14 14 16.0 16.0 1.308909705665399 
139 138 0 0 19 17 16.0 13.038404810405298 1.3119651249377686 
135 136 0 0 22 15 14.142135623730951 14.0 1.3425314869063583 
131 135 0 0 25 18 16.0 14.0 1.3347911254313454 
127 131 0 0 25 17 15.033296378372908 15.033296378372908 1.3710153072593374 
123 130 0 0 28 21 15.033296378372908 15.033296378372908 1.375186274020534 
123 129 0 0 38 19 15.033296378372908 15.033296378372908 1.3981154194955991 
117 128 0 0 38 20 14.0 15.033296378372908 1.3991643943400704 
113 127 0 0 36 19 14.0 15.033296378372908 1.4339182059562463 
107 126 0 0 37 22 14.0 15.033296378372908 1.442965155236976 
107 125 0 0 39 24 14.142135623730951 15.033296378372908 1.4361104784765286 
106 124 0 0 44 21 14.142135623730951 15.033296378372908 1.4868691698915049 
98 123 0 0 44 26 13.341664064126334 15.033296378372908 1.4680426867562384 
94 122 0 0 37 23 13.341664064126334 15.033296378372908 1.471826055853846 
88 121 1 0 29 23 13.341664064126334 15.033296378372908 1.5166760012910785 
87 120 1 0 37 29 13.341664064126334 15.033296378372908 1.5491767730440364 
77 119 2 0 28 32 12.165525060596439 15.033296378372908 1.5504664518899485 
75 118 2 0 30 31 12.165525060596439 15.033296378372908 1.5688134181344633 
71 116 2 0 30 34 12.165525060596439 14.0 1.650007337273218 
71 115 2 0 35 49 12.165525060596439 14.0 1.6702420775414424 
72 113 2 0 42 53 12.165525060596439 14.0 1.6272118825563138 
71 112 2 0 44 44 11.40175425099138 14.0 1.600016106108998 
71 110 2 0 43 41 11.40175425099138 14.0 1.5321969293369977 
65 102 2 0 38 33 11.40175425099138 14.0 1.5524657905530255 
65 101 2 0 43 36 11.40175425099138 14.142135623730951 1.513742313848968 
55 97 3 0 35 28 10.198039027185569 13.038404810405298 1.4989393436855603 
51 96 4 0 16 30 10.198039027185569 13.038404810405298 1.4548236723705483 
50 95 4 1 19 25 9.486832980505138 13.038404810405298 1.4288324674562067 
44 93 5 1 14 19 9.486832980505138 13.038404810405298 1.431472164513214 
43 92 5 1 16 19 9.486832980505138 13.038404810405298 1.470708471276704 
35 91 6 1 10 24 8.602325267042627 12.165525060596439 1.4549187755101773 
34 90 6 1 13 20 8.48528137423857 12.165525060596439 1.4734136668055462 
28 89 7 1 4 23 4.0 12.165525060596439 1.4757210049016456 
26 87 8 1 3 24 4.47213595499958 12.165525060596439 1.4686736756099257 
25 85 8 1 5 23 3.1622776601683795 12.165525060596439 1.4405638043475562 
23 84 9 2 3 22 3.1622776601683795 12.165525060596439 1.419965853740231 
22 83 9 2 3 18 2.8284271247461903 12.649110640673518 1 
