140 140 0 0 14 14 16.0 16.0 1.2170142987101156 
139 139 0 0 19 19 16.0 13.038404810405298 1.228409740573891 
135 138 0 0 22 19 13.038404810405298 15.033296378372908 1.2413889307941166 
131 136 0 0 25 21 13.038404810405298 15.033296378372908 1.2412226873438406 
127 135 0 0 25 19 13.341664064126334 16.0 1.257182743961638 
123 134 0 0 28 21 13.341664064126334 16.0 1.2707132148881561 
123 133 0 0 38 22 13.341664064126334 16.0 1.280452158699939 
117 132 0 0 38 22 13.038404810405298 16.0 1.3148447205311082 
116 131 0 0 45 30 13.038404810405298 16.0 1.323457244357883 
104 130 1 0 35 28 12.165525060596439 16.0 1.3486780476615752 
98 129 1 0 32 34 12.165525060596439 16.0 1.3375957275795287 
92 128 1 0 31 28 12.165525060596439 16.0 1.3472042308119543 
91 127 1 0 34 30 12.165525060596439 16.0 1.3405629873383105 
87 125 2 0 30 27 12.165525060596439 16.0 1.3813701246489718 
86 124 2 0 32 39 11.045361017187261 16.0 1.383766611123551 
82 123 2 0 37 36 10.770329614269007 16.0 1.356513287454292 
76 119 3 0 31 28 10.770329614269007 16.0 1.4004243528848535 
66 118 4 0 19 39 10.198039027185569 16.0 1.4007566430256506 
64 116 4 0 23 38 10.198039027185569 16.0 1.3836612435281663 
63 115 4 0 23 33 10.198039027185569 16.0 1.3783384558396174 
57 114 4 0 19 30 10.198039027185569 16.0 1.3444777417546299 
51 112 5 1 13 24 9.486832980505138 16.0 1.336861630566831 
47 111 6 1 6 21 9.055385138137417 16.0 1.3394522388087287 
47 109 6 1 10 22 9.055385138137417 16.0 1.3247369381491716 
45 107 7 1 8 17 9.055385138137417 16.0 1.3253211626389116 
44 103 7 1 6 21 8.0 16.0 1.3316251920277742 
43 102 7 1 9 22 9.055385138137417 16.0 1.3201587976191909 
41 100 7 1 9 19 9.055385138137417 16.0 1.3160548922579658 
40 99 7 1 9 18 8.94427190999916 16.0 1.3125191301048422 
40 98 7 1 11 17 8.246211251235321 16.0 1.3140410646607956 
36 97 7 1 8 17 8.0 16.0 1.319669495798331 
35 95 7 1 9 20 7.0710678118654755 14.142135623730951 1.3180464441199897 
34 94 7 1 9 20 8.0 13.341664064126334 1.3530323507011497 
33 93 7 1 14 29 8.0 13.341664064126334 1.3616967977218795 
33 92 7 1 13 33 8.246211251235321 13.341664064126334 1.3524553089947335 
32 91 7 1 14 30 7.615773105863909 13.341664064126334 1.32359324200229 
28 90 7 1 10 21 4.47213595499958 13.341664064126334 1.3132534439056236 
27 88 8 1 8 18 4.47213595499958 13.341664064126334 1.3130552533644861 
26 87 8 1 6 19 3.1622776601683795 13.341664064126334 1.313810403257325 
27 86 8 1 8 20 4.0 13.341664064126334 1.317135209615113 
23 85 9 1 2 20 5.830951894845301 13.341664064126334 1.288600987558274 
23 84 9 2 2 18 5.0990195135927845 13.341664064126334 1.2838136662522461 
23 82 9 2 2 19 5.830951894845301 11.045361017187261 1.2714564879098058 
22 81 9 2 3 15 2.8284271247461903 11.045361017187261 1 
