140 140 0 0 14 14 16.0 16.0 1.100654234037822 
138 139 0 0 17 19 16.0 14.142135623730951 1.1009036799700596 
134 138 0 0 16 18 12.165525060596439 16.0 1.0963083087520233 
132 134 0 0 21 16 13.341664064126334 15.033296378372908 1.101489352498666 
128 133 0 0 22 20 15.033296378372908 15.033296378372908 1.1023334049737454 
124 131 0 0 22 21 15.033296378372908 15.033296378372908 1.1064341502044184 
120 129 0 0 22 25 15.033296378372908 15.033296378372908 1.1073889378003994 
116 128 0 0 24 25 15.033296378372908 15.033296378372908 1.1195909569717333 
108 126 1 0 18 26 13.341664064126334 15.033296378372908 1.1263212622859942 
107 124 1 0 28 32 13.341664064126334 15.033296378372908 1.1403203806914473 
95 123 2 0 18 33 13.341664064126334 15.033296378372908 1.1398434359973564 
94 122 2 0 25 32 13.038404810405298 15.033296378372908 1.1419531072400395 
84 121 2 0 20 32 13.038404810405298 15.033296378372908 1.1463111800713677 
83 119 3 0 22 27 13.038404810405298 15.033296378372908 1.1512981119266357 
77 117 3 0 16 32 13.038404810405298 15.033296378372908 1.1577276244480583 
75 115 4 0 15 29 13.038404810405298 15.033296378372908 1.161150908942552 
74 114 4 0 19 32 14.142135623730951 15.033296378372908 1.1595740989166454 
70 113 5 0 12 21 14.142135623730951 15.033296378372908 1.1575412684771136 
69 112 5 0 16 19 14.142135623730951 15.033296378372908 1.1570421059854894 
68 111 5 0 16 19 14.142135623730951 15.033296378372908 1.1600186777137351 
66 110 5 0 15 22 14.142135623730951 15.033296378372908 1.1608627301888146 
62 108 5 0 15 23 14.142135623730951 15.033296378372908 1.1661587492524772 
61 106 5 0 16 29 14.142135623730951 15.033296378372908 1.1614766948923507 
60 105 5 0 17 25 14.142135623730951 15.033296378372908 1.1568442960900542 
56 104 5 0 18 20 14.142135623730951 15.033296378372908 1.155646593479537 
52 102 5 0 12 20 14.142135623730951 15.033296378372908 1.163660832744448 
51 101 6 0 11 18 14.142135623730951 15.033296378372908 1.165332798756553 
50 100 6 0 11 20 14.142135623730951 15.033296378372908 1.1648336362649288 
49 99 6 0 11 20 14.142135623730951 15.033296378372908 1.1774778570726292 
45 98 7 0 5 22 12.165525060596439 15.033296378372908 1.174089362121376 
44 96 7 0 6 20 12.165525060596439 15.033296378372908 1.1808710685082116 
43 95 8 0 4 17 12.649110640673518 15.033296378372908 1.1803719060165874 
42 94 8 0 4 17 12.649110640673518 15.033296378372908 1.1842150005324215 
41 93 8 0 4 21 12.649110640673518 15.033296378372908 1.183118012275315 
35 92 8 0 2 19 12.649110640673518 15.033296378372908 1.1858610317098706 
34 91 8 0 2 22 12.083045973594572 15.033296378372908 1.1816328018792417 
33 87 8 0 2 21 11.661903789690601 15.033296378372908 1.1769440786952197 
32 86 8 0 3 17 11.40175425099138 15.033296378372908 1.1777495219197363 
30 85 8 0 2 18 11.40175425099138 15.033296378372908 1.1772570282520076 
29 84 8 0 2 18 11.661903789690601 15.033296378372908 1.1778084061624967 
28 83 8 0 2 19 10.295630140987 15.033296378372908 1.1761890379197106 
27 82 8 0 2 18 8.94427190999916 15.033296378372908 1.175841761560549 
25 81 8 0 1 18 6.324555320336759 15.033296378372908 1.1806211222285847 
25 80 8 0 3 23 2.8284271247461903 15.033296378372908 1.1898227378545043 
23 79 9 0 0 22 4.47213595499958 15.033296378372908 1.1878899742624696 
23 78 9 0 0 21 5.656854249492381 15.033296378372908 1.169734886532188 
23 77 9 1 0 18 4.47213595499958 15.033296378372908 1.1699732514438819 
23 76 9 1 0 19 5.656854249492381 15.033296378372908 1.1658086198387478 
23 75 9 1 0 16 4.47213595499958 15.033296378372908 1.1520565286252942 
23 74 9 2 0 17 5.656854249492381 15.033296378372908 1.1511485897757534 
23 73 9 2 0 17 4.47213595499958 15.033296378372908 1.150301390435583 
23 72 9 2 0 17 5.656854249492381 15.033296378372908 1.1483078873341779 
23 71 9 2 0 16 4.47213595499958 15.033296378372908 1.146375123742143 
23 70 9 2 0 15 5.656854249492381 15.033296378372908 1.1454671848926021 
23 69 9 2 0 15 4.47213595499958 15.033296378372908 1.1306295294272843 
23 68 9 3 0 15 5.656854249492381 15.033296378372908 1.1297215905777436 
23 67 9 3 0 15 4.47213595499958 15.033296378372908 1.1148839351124258 
23 66 9 4 0 15 5.656854249492381 15.033296378372908 1.113975996262885 
23 65 9 4 0 15 4.47213595499958 15.033296378372908 1.1131287969227146 
23 64 9 4 0 15 5.656854249492381 15.033296378372908 1.1091721604745894 
23 62 9 4 0 13 4.47213595499958 15.033296378372908 1.1083249611344188 
23 61 9 4 0 13 5.656854249492381 15.033296378372908 1.1074170222848783 
23 60 9 4 0 13 4.47213595499958 15.033296378372908 1.1050254006014872 
23 59 9 4 0 12 5.656854249492381 14.142135623730951 1.102958711960123 
23 58 9 4 0 11 4.47213595499958 14.0 1.1021115126199523 
23 57 9 4 0 11 5.656854249492381 14.0 1.0986934685226637 
23 56 9 4 0 9 4.47213595499958 13.341664064126334 1.097846269182493 
23 55 9 4 0 9 5.656854249492381 13.341664064126334 1.0969383303329525 
23 54 9 4 0 9 4.47213595499958 13.341664064126334 1.0971766952446464 
23 53 9 4 0 10 5.656854249492381 13.341664064126334 1.0951831921432413 
23 52 9 4 0 9 4.47213595499958 13.341664064126334 1.0932504285512061 
23 51 9 4 0 8 5.656854249492381 13.341664064126334 1.0925504848586745 
23 49 9 4 0 9 4.47213595499958 13.341664064126334 1.0906177212666395 
23 48 9 4 0 8 5.656854249492381 13.341664064126334 1.0888322133222432 
23 46 9 4 0 8 4.47213595499958 13.341664064126334 1.0871074448872171 
23 44 9 4 0 8 5.656854249492381 13.341664064126334 1.085113941785812 
23 43 9 4 0 7 4.47213595499958 13.341664064126334 1.0691907220686292 
23 42 9 5 0 6 5.656854249492381 13.341664064126334 1.0553778913458058 
23 41 9 6 0 7 4.47213595499958 13.341664064126334 1.0522034155099491 
23 40 9 6 0 5 5.656854249492381 13.038404810405298 1.0491243481566794 
23 39 9 6 0 3 4.47213595499958 13.038404810405298 1.0482771488165088 
23 38 9 6 0 3 5.656854249492381 13.038404810405298 1.031207625338092 
23 37 9 7 0 1 4.47213595499958 13.038404810405298 1.0303604259979213 
23 36 9 7 0 1 5.656854249492381 13.038404810405298 1.0294524871483808 
23 35 9 7 0 1 4.47213595499958 13.038404810405298 1.0146148316830628 
23 34 9 8 0 1 5.656854249492381 13.038404810405298 1.0120866546220206 
23 33 9 8 0 0 4.47213595499958 12.0 1.0328956976506165 
23 35 9 7 0 4 5.656854249492381 13.341664064126334 1.0294600349912897 
23 34 9 7 0 2 4.47213595499958 12.649110640673518 1.0135368152741075 
23 33 9 8 0 1 5.656854249492381 12.649110640673518 0.9973038581477642 
23 32 9 9 0 0 4.47213595499958 12.165525060596439 1.013287817374317 
23 33 9 8 0 1 5.656854249492381 12.165525060596439 0.9973038581477642 
23 32 9 9 0 0 4.47213595499958 12.165525060596439 1.004376193049485 
23 34 9 9 0 4 5.656854249492381 14.0 0.9973038581477642 
23 32 9 9 0 0 4.47213595499958 12.165525060596439 1.0157003959349271 
23 34 9 8 0 2 5.656854249492381 13.038404810405298 1.0132574476196319 
23 33 9 8 0 1 4.47213595499958 12.165525060596439 0.9973342279024493 
23 32 9 9 0 0 5.656854249492381 12.165525060596439 1.004419008834759 
23 34 9 9 0 4 4.47213595499958 14.142135623730951 1.0008323707149243 
23 33 9 9 0 2 5.656854249492381 13.038404810405298 0.9973038581477642 
23 32 9 9 0 0 4.47213595499958 12.165525060596439 1.017871524438656 
23 34 9 8 0 4 5.656854249492381 13.038404810405298 1.0132574476196319 
23 33 9 8 0 1 4.47213595499958 12.165525060596439 0.9973342279024493 
23 32 9 9 0 0 5.656854249492381 12.165525060596439 1.0192870340547624 
23 35 9 8 0 4 4.47213595499958 14.142135623730951 1.0135368152741075 
23 33 9 8 0 1 5.656854249492381 12.649110640673518 0.9973038581477642 
23 32 9 9 0 0 4.47213595499958 12.165525060596439 1.0135368152741075 
23 33 9 8 0 1 5.656854249492381 12.649110640673518 0.9973038581477642 
23 32 9 9 0 0 4.47213595499958 12.165525060596439 1.016942108178749 
23 34 9 8 0 3 5.656854249492381 13.341664064126334 1.0132574476196319 
23 33 9 8 0 1 4.47213595499958 12.165525060596439 0.9973342279024493 
23 32 9 9 0 0 5.656854249492381 12.165525060596439 1.0167555904321066 
23 34 9 8 0 3 4.47213595499958 13.038404810405298 0.9973342279024493 
23 32 9 9 0 0 5.656854249492381 12.165525060596439 1.020623461240974 
23 36 9 8 0 4 4.47213595499958 15.033296378372908 1.016942108178749 
23 34 9 8 0 3 5.656854249492381 13.341664064126334 0.9973038581477642 
23 32 9 9 0 0 4.47213595499958 12.165525060596439 0.9973342279024493 
23 32 9 9 0 0 5.656854249492381 12.165525060596439 1.0143430118714962 
23 33 9 8 0 2 4.47213595499958 12.165525060596439 0.9972489991567025 
23 32 9 9 0 0 5.656854249492381 12.0 1.004419008834759 
23 34 9 9 0 4 4.47213595499958 14.142135623730951 0.9975832258022397 
23 32 9 9 0 0 5.656854249492381 12.649110640673518 0.9972186294020174 
23 32 9 9 0 0 4.47213595499958 12.0 1.005785805775656 
23 35 9 9 0 4 5.656854249492381 15.033296378372908 1.0009581489521964 
23 33 9 9 0 2 4.47213595499958 13.341664064126334 0.9973342279024493 
23 32 9 9 0 0 5.656854249492381 12.165525060596439 1.0132574476196319 
23 33 9 8 0 1 4.47213595499958 12.165525060596439 0.9973342279024493 
23 32 9 9 0 0 5.656854249492381 12.165525060596439 1.015670026180242 
23 34 9 8 0 2 4.47213595499958 13.038404810405298 1.013287817374317 
23 33 9 8 0 1 5.656854249492381 12.165525060596439 0.9973038581477642 
23 32 9 9 0 0 4.47213595499958 12.165525060596439 1.014622379525972 
23 33 9 8 0 2 5.656854249492381 12.649110640673518 0.9975528560475546 
23 32 9 9 0 0 4.47213595499958 12.649110640673518 1.0192442182694883 
23 35 9 8 0 4 5.656854249492381 14.0 1.0167555904321066 
23 34 9 8 0 3 4.47213595499958 13.038404810405298 1.0135368152741075 
23 33 9 8 0 1 5.656854249492381 12.649110640673518 0.9975528560475546 
23 32 9 9 0 0 4.47213595499958 12.649110640673518 1.0044493785894442 
23 34 9 9 0 4 5.656854249492381 14.142135623730951 1.0009581489521964 
23 33 9 9 0 2 4.47213595499958 13.341664064126334 0.9975832258022397 
23 32 9 9 0 0 5.656854249492381 12.649110640673518 1.004419008834759 
23 34 9 9 0 4 4.47213595499958 14.142135623730951 1.0009885187068814 
23 33 9 9 0 2 5.656854249492381 13.341664064126334 0.9975528560475546 
23 32 9 9 0 0 4.47213595499958 12.649110640673518 1.0135368152741075 
23 33 9 8 0 1 5.656854249492381 12.649110640673518 0.9975528560475546 
23 32 9 9 0 0 4.47213595499958 12.649110640673518 1.0158565439268845 
23 34 9 8 0 2 5.656854249492381 13.341664064126334 1.0135064455194225 
23 33 9 8 0 1 4.47213595499958 12.649110640673518 0.9975832258022397 
23 32 9 9 0 0 5.656854249492381 12.649110640673518 1.0135064455194225 
23 33 9 8 0 1 4.47213595499958 12.649110640673518 0.9975832258022397 
23 32 9 9 0 0 5.656854249492381 12.649110640673518 1.0135064455194225 
23 33 9 8 0 1 4.47213595499958 12.649110640673518 0.9975832258022397 
23 32 9 9 0 0 5.656854249492381 12.649110640673518 -1 
