140 140 0 0 14 14 16.0 16.0 1.3948481271455517 
139 139 0 0 19 17 16.0 13.038404810405298 1.4097736361275994 
135 135 0 0 22 19 13.038404810405298 15.033296378372908 1.4228507753225221 
131 134 0 0 25 19 15.033296378372908 14.0 1.4449687349017903 
127 133 0 0 25 21 15.033296378372908 15.033296378372908 1.4552494062216024 
123 132 0 0 28 20 15.033296378372908 15.033296378372908 1.4498086415932478 
123 131 0 0 38 16 15.033296378372908 15.033296378372908 1.482527586455432 
117 130 0 0 38 19 14.0 15.033296378372908 1.5257828367071977 
111 129 0 0 33 26 14.0 15.033296378372908 1.5444034606488124 
110 128 0 0 40 27 13.341664064126334 15.033296378372908 1.5779038646845007 
102 127 0 0 32 32 13.341664064126334 15.033296378372908 1.5419599311551755 
101 125 0 0 36 25 13.341664064126334 15.033296378372908 1.624719834374947 
95 124 0 0 37 37 13.038404810405298 15.033296378372908 1.5968456424196806 
95 122 0 0 44 31 13.038404810405298 15.033296378372908 1.6068445789954058 
94 121 0 0 47 32 13.038404810405298 15.033296378372908 1.6172695574820373 
90 120 0 0 50 31 12.165525060596439 15.033296378372908 1.5825983254790839 
88 116 1 0 40 31 12.165525060596439 15.033296378372908 1.5716852890816573 
89 115 0 0 42 30 12.165525060596439 15.033296378372908 1.5811127808510315 
87 114 0 0 38 33 12.165525060596439 15.033296378372908 1.567912436582035 
83 112 0 0 35 31 12.165525060596439 15.033296378372908 1.5794351048752044 
81 111 0 0 37 32 12.165525060596439 15.033296378372908 1.5891922284549673 
80 110 1 0 37 34 12.165525060596439 15.033296378372908 1.5881192422393777 
70 106 2 0 29 34 11.40175425099138 15.033296378372908 1.5610533336751915 
66 105 3 0 25 29 11.40175425099138 14.142135623730951 1.5369017659193762 
65 104 3 0 27 24 11.40175425099138 14.142135623730951 1.5520586276190564 
55 103 4 0 14 26 10.198039027185569 14.142135623730951 1.547173940834421 
54 101 4 0 20 24 9.486832980505138 14.142135623730951 1.5497973142954125 
53 100 4 0 22 24 8.94427190999916 14.142135623730951 1.572664099769192 
53 98 4 0 30 28 10.0 12.0 1.591208921374523 
52 97 4 0 32 31 10.0 12.0 1.5716022331593267 
51 96 4 1 25 35 10.0 12.0 1.5535809054238592 
43 94 5 1 15 32 10.0 12.0 1.5744850072285372 
42 93 5 1 18 35 8.602325267042627 12.0 1.5364505057729723 
41 92 5 1 21 27 8.602325267042627 12.0 1.4952755168954002 
37 90 6 1 12 22 8.602325267042627 12.0 1.4871544452066154 
36 89 6 1 14 20 8.48528137423857 12.0 1.501442842190586 
35 88 6 1 14 23 8.48528137423857 12.0 1.501848305474807 
34 87 6 1 15 23 8.48528137423857 12.0 1.5059057127871527 
32 86 6 1 16 23 8.48528137423857 12.0 1.5011161502692043 
33 85 6 1 18 23 8.602325267042627 12.0 1.5102090844148524 
27 84 7 1 9 25 7.211102550927978 12.0 1.5200218664348306 
27 83 7 1 11 27 5.656854249492381 12.0 1.4890825576329276 
23 82 8 1 4 22 2.0 12.0 1.4641438959202977 
21 80 9 1 1 19 1.4142135623730951 12.0 1 
