140 140 0 0 14 14 16.0 16.0 0.9724938194865254 
138 138 0 0 17 17 16.0 14.142135623730951 0.979483619951082 
134 136 0 0 16 19 13.038404810405298 16.0 0.9842371609793773 
132 135 0 0 16 24 13.341664064126334 16.0 0.9883866578521957 
130 134 0 0 16 28 13.341664064126334 16.0 0.9910141468135107 
128 133 0 0 16 30 13.341664064126334 16.0 0.9940990915399305 
126 132 0 0 14 31 13.341664064126334 16.0 0.9893381090719043 
125 131 0 0 14 25 14.142135623730951 16.0 0.9884801340223868 
123 129 0 0 15 24 14.0 16.0 0.9873968188483516 
121 127 0 0 15 22 14.0 16.0 0.9882253950775138 
120 126 0 0 14 22 14.0 16.0 0.9875146480514831 
119 124 0 0 14 21 13.038404810405298 16.0 0.9881051148842747 
117 122 0 0 15 22 13.038404810405298 16.0 0.9875311400270532 
115 121 0 0 16 20 12.165525060596439 16.0 0.9878756171211132 
113 120 0 0 16 19 12.165525060596439 16.0 0.9889235397190096 
111 118 0 0 15 19 12.165525060596439 16.0 0.9909417988198961 
109 117 0 0 16 21 12.165525060596439 16.0 0.991286275913956 
107 116 0 0 16 20 12.165525060596439 16.0 0.9958378083327497 
103 115 0 0 17 23 12.165525060596439 16.0 1.010655115817326 
102 114 1 0 17 26 12.165525060596439 16.0 1.0085648069488073 
100 113 1 0 16 21 12.165525060596439 16.0 1.0096702879986188 
98 112 1 0 16 21 12.165525060596439 16.0 1.0112332248135354 
96 111 1 0 14 20 12.165525060596439 16.0 1.013044289599969 
92 110 1 0 17 21 12.165525060596439 16.0 1.0171696915457578 
88 109 1 0 14 21 12.165525060596439 15.033296378372908 1.016758838584272 
86 108 1 0 12 18 13.038404810405298 15.033296378372908 1.017590157438786 
85 107 1 0 11 18 12.0 14.142135623730951 1.0174523533120856 
84 105 1 0 11 18 11.40175425099138 14.142135623730951 1.0010098441412087 
83 97 1 1 11 19 11.40175425099138 14.142135623730951 0.999953172337171 
82 95 1 1 12 19 11.40175425099138 14.142135623730951 1.0009335226616565 
81 94 1 1 12 20 11.40175425099138 14.142135623730951 1.0014297738510398 
79 93 1 1 13 20 11.40175425099138 14.142135623730951 1.00582953217451 
75 92 1 1 13 22 11.40175425099138 14.142135623730951 1.0044693121798254 
74 90 1 1 12 20 11.40175425099138 14.142135623730951 1.0054823490976916 
73 89 1 1 11 20 11.045361017187261 14.142135623730951 1.0057016954664255 
72 88 1 1 11 20 11.045361017187261 14.142135623730951 1.0059210418351596 
71 87 1 1 11 20 11.045361017187261 14.142135623730951 1.005379384248142 
70 86 1 1 11 19 11.045361017187261 14.142135623730951 1.0058662110761065 
68 85 1 1 11 18 10.770329614269007 14.142135623730951 1.0082718727857696 
67 84 1 1 11 20 9.486832980505138 14.142135623730951 1.0086569678773445 
66 82 1 1 10 20 9.055385138137417 14.142135623730951 1.007025784349388 
65 81 1 1 11 19 9.055385138137417 13.341664064126334 1.007245130718122 
64 80 1 1 11 19 9.055385138137417 13.341664064126334 1.0191126380231 
63 78 2 1 11 19 9.055385138137417 13.341664064126334 1.0208539923033375 
62 77 2 1 11 21 9.055385138137417 13.341664064126334 1.0211308482447639 
61 76 2 1 11 21 8.94427190999916 13.341664064126334 1.0219594244739258 
60 75 2 1 10 21 8.94427190999916 13.341664064126334 1.02217877084266 
59 74 2 1 10 21 8.94427190999916 13.341664064126334 1.0232842518924714 
57 73 2 1 10 21 8.94427190999916 13.341664064126334 1.0240307645325066 
53 72 2 1 11 19 8.94427190999916 13.341664064126334 1.0389179755285756 
49 70 3 1 11 19 8.246211251235321 13.341664064126334 1.0531260531527238 
48 69 4 1 12 22 8.246211251235321 13.341664064126334 1.0514932000493098 
46 68 4 1 9 16 8.246211251235321 13.341664064126334 1.0538437841899757 
45 67 4 1 8 18 8.246211251235321 13.341664064126334 1.039634007242925 
44 66 4 2 7 15 8.246211251235321 13.341664064126334 1.0412235874278386 
43 65 4 2 6 16 8.246211251235321 13.341664064126334 1.0420511601813391 
42 64 4 2 6 16 7.0710678118654755 13.341664064126334 1.0422705065500733 
41 63 4 2 6 16 7.0710678118654755 13.341664064126334 1.0302888709171691 
40 62 4 3 6 16 6.0 13.341664064126334 1.0297472133301517 
39 61 4 3 6 15 6.0 13.341664064126334 1.0318031196550357 
38 60 4 3 5 16 5.0990195135927845 13.341664064126334 1.0312614620680183 
37 59 4 3 5 15 5.0990195135927845 13.341664064126334 1.0305276269707242 
36 58 4 3 5 13 4.0 13.341664064126334 1.0313311831913707 
34 56 4 3 4 13 4.47213595499958 13.341664064126334 1.0428587797364084 
32 54 5 3 5 14 4.47213595499958 11.045361017187261 1.0564309841301305 
30 53 6 3 6 15 4.47213595499958 11.045361017187261 1.06969568809085 
28 52 7 3 4 14 5.656854249492381 11.045361017187261 1.0698859939165632 
27 51 7 3 4 13 4.242640687119285 11.045361017187261 1.0703993088106807 
25 50 8 4 3 12 4.242640687119285 11.045361017187261 1.071227885039843 
24 49 8 4 2 12 4.242640687119285 11.045361017187261 1.0721791948213084 
23 48 8 4 2 12 2.8284271247461903 11.045361017187261 1.0851869892355275 
22 47 9 4 2 15 6.324555320336759 11.045361017187261 1.0866318698281197 
21 46 9 4 0 15 5.0990195135927845 10.0 1.0850742236351356 
21 44 9 4 1 13 1.4142135623730951 10.0 1 
