140 140 0 0 14 14 16.0 16.0 1.130951213066176 
138 139 0 0 17 17 16.0 14.142135623730951 1.1311939095387722 
134 137 0 0 16 16 12.165525060596439 16.0 1.1424466292166833 
132 135 0 0 21 20 12.165525060596439 16.0 1.1420786136337988 
128 133 0 0 22 19 13.038404810405298 15.033296378372908 1.143983957897858 
124 131 0 0 22 19 15.033296378372908 15.033296378372908 1.1458794425554935 
120 129 0 0 22 19 15.033296378372908 15.033296378372908 1.1497398364830391 
116 128 0 0 22 19 15.033296378372908 15.033296378372908 1.1639219223791735 
112 127 0 0 24 23 15.033296378372908 15.033296378372908 1.1685760971196368 
106 126 1 0 18 20 15.033296378372908 15.033296378372908 1.1704640522790948 
104 124 1 0 19 21 15.033296378372908 15.033296378372908 1.1691560707241675 
102 123 1 0 19 20 15.033296378372908 15.033296378372908 1.1749136049324884 
98 121 1 0 18 22 15.033296378372908 15.033296378372908 1.1810221932456009 
96 120 1 0 19 24 15.033296378372908 15.033296378372908 1.1989023507837535 
88 119 2 0 15 25 13.341664064126334 15.033296378372908 1.1985378358369276 
86 117 2 0 16 25 14.0 15.033296378372908 1.1955861377277455 
85 115 3 0 16 21 14.0 15.033296378372908 1.186777102696149 
83 111 3 0 17 19 14.0 15.033296378372908 1.1870754468081621 
81 110 3 0 16 19 14.0 15.033296378372908 1.192018523935746 
80 108 3 0 17 22 14.0 15.033296378372908 1.1957082417278957 
76 107 4 0 14 19 14.0 15.033296378372908 1.1905382106222833 
74 106 4 0 15 16 14.0 15.033296378372908 1.1946986042849819 
72 105 4 0 13 18 14.0 15.033296378372908 1.1979020704975447 
70 104 4 0 13 19 14.0 15.033296378372908 1.2284954160307013 
69 103 5 0 13 29 14.0 15.033296378372908 1.2154437564579639 
68 102 5 0 18 22 14.0 15.033296378372908 1.1992515807973194 
66 100 5 0 12 17 14.0 15.033296378372908 1.204710770893627 
64 99 5 0 12 19 14.0 15.033296378372908 1.200340137872396 
63 98 5 0 13 17 14.0 15.033296378372908 1.1998322568968285 
62 97 5 0 13 17 14.142135623730951 15.033296378372908 1.1985188202326653 
60 96 5 0 13 16 13.038404810405298 15.033296378372908 1.1972057064375188 
58 95 5 0 13 15 12.0 15.033296378372908 1.1994475269662341 
56 94 5 0 15 15 11.045361017187261 15.033296378372908 1.2226954514743826 
50 93 5 0 17 22 10.198039027185569 14.142135623730951 1.2263879977711185 
46 92 6 0 14 19 10.770329614269007 14.142135623730951 1.224270742466025 
45 91 6 0 15 18 10.295630140987 14.142135623730951 1.2161955892598633 
43 90 6 0 15 14 10.295630140987 14.142135623730951 1.231939080437445 
42 88 7 0 16 18 10.295630140987 14.142135623730951 1.2272198994430106 
41 87 7 0 13 17 8.94427190999916 14.142135623730951 1.224530008278904 
39 85 7 0 12 17 8.602325267042627 12.649110640673518 1.2133918893310993 
38 84 7 1 14 19 8.602325267042627 12.649110640673518 1.213047246393016 
36 83 7 1 12 19 9.899494936611665 12.649110640673518 1.2104404684044796 
34 82 7 1 10 18 9.899494936611665 12.649110640673518 1.216220851216442 
33 81 8 1 10 17 9.899494936611665 12.649110640673518 1.2145255271682367 
31 80 8 1 10 16 9.899494936611665 12.083045973594572 1.2146593522668632 
30 79 8 1 11 16 8.48528137423857 12.083045973594572 1.211390057231203 
28 78 8 1 8 15 5.830951894845301 12.083045973594572 1.2146828622334618 
27 77 8 1 8 17 5.830951894845301 11.045361017187261 1.2267382272312102 
23 76 9 1 4 18 4.242640687119285 11.045361017187261 1.2257237956143503 
21 75 9 1 1 18 1.4142135623730951 11.045361017187261 1 
