140 140 0 0 14 14 16.0 16.0 1.0589949813368644 
138 139 0 0 17 19 16.0 14.142135623730951 1.0603508828337231 
134 138 0 0 16 16 12.165525060596439 16.0 1.0608403844458678 
132 134 0 0 16 19 12.165525060596439 16.0 1.0695786080544734 
130 132 0 0 16 28 13.341664064126334 16.0 1.0680343572446616 
128 131 0 0 16 26 13.341664064126334 16.0 1.066946826205239 
126 130 0 0 14 24 13.341664064126334 16.0 1.0638903089824252 
124 129 0 0 16 21 13.341664064126334 16.0 1.0636299647004201 
122 128 0 0 15 20 13.341664064126334 16.0 1.0660795405758619 
120 127 0 0 16 22 13.341664064126334 16.0 1.066418023166079 
118 126 0 0 17 22 13.341664064126334 16.0 1.0667565057562962 
116 125 0 0 18 22 13.341664064126334 16.0 1.0613057869761837 
114 121 0 0 18 20 13.341664064126334 15.033296378372908 1.0604357396730701 
112 119 0 0 18 20 15.033296378372908 15.033296378372908 1.0610025821484823 
110 118 0 0 18 20 15.033296378372908 15.033296378372908 1.0668471578369556 
108 117 0 0 18 25 15.033296378372908 15.033296378372908 1.0674140003123678 
106 116 0 0 18 25 15.033296378372908 15.033296378372908 1.0663145788980763 
104 115 0 0 18 24 15.033296378372908 14.142135623730951 1.0655975148456818 
102 114 0 0 19 23 15.033296378372908 14.142135623730951 1.0688680733694862 
98 113 0 0 19 24 15.033296378372908 14.142135623730951 1.074243521069461 
92 112 0 0 17 25 15.033296378372908 14.142135623730951 1.0808109252043478 
91 106 1 0 18 26 15.033296378372908 14.0 1.0975954165743307 
83 105 2 0 19 26 15.033296378372908 14.0 1.1194090948947641 
79 104 2 0 21 45 15.033296378372908 14.0 1.1115858326158314 
75 102 2 0 14 35 15.033296378372908 14.0 1.1255142308204693 
74 100 3 0 16 39 15.033296378372908 14.0 1.1167321725342996 
72 96 3 0 15 33 15.033296378372908 14.0 1.1182043844622136 
71 95 3 0 13 34 14.0 14.0 1.112871988619114 
70 93 3 0 12 30 14.0 14.0 1.1075653730637702 
69 92 3 0 11 25 14.0 14.0 1.1106773503615677 
68 90 3 0 10 29 14.0 14.0 1.1093383185329388 
67 89 3 0 11 28 13.038404810405298 14.0 1.1020114692432073 
66 85 3 0 11 25 13.038404810405298 13.038404810405298 1.112058711529548 
65 84 4 0 9 24 13.038404810405298 12.165525060596439 1.1094589140771238 
63 83 4 0 9 21 13.038404810405298 12.165525060596439 1.1085770646896678 
62 81 4 0 7 21 13.038404810405298 12.165525060596439 1.0928726067531023 
61 79 4 1 6 20 13.038404810405298 12.165525060596439 1.0843512936628559 
59 78 4 2 5 24 13.038404810405298 12.165525060596439 1.0873486023153307 
55 77 4 2 7 25 12.165525060596439 12.165525060596439 1.0874802563509096 
54 76 4 2 6 25 11.40175425099138 12.165525060596439 1.0848804588984853 
52 75 4 2 6 22 11.40175425099138 12.165525060596439 1.0848526099617495 
50 74 4 2 5 21 10.295630140987 12.165525060596439 1.0847170383257438 
49 73 4 2 6 22 10.0 11.045361017187261 1.0897375293113267 
48 72 4 2 6 27 10.0 11.045361017187261 1.0986423344758545 
47 71 5 2 7 25 10.0 11.045361017187261 1.092850116807838 
45 69 5 2 7 20 10.0 11.045361017187261 1.0845278803465852 
44 65 5 2 5 15 10.0 11.045361017187261 1.0832150914764953 
43 64 5 2 5 14 10.0 11.045361017187261 1.0818992005518782 
41 63 5 2 4 12 10.0 11.045361017187261 1.085864144894849 
40 62 5 2 4 16 10.0 11.045361017187261 1.08480084098914 
39 61 5 2 3 15 9.899494936611665 11.045361017187261 1.0699493500977477 
38 60 5 3 3 14 9.899494936611665 11.045361017187261 1.0691114335638237 
37 59 5 3 3 14 9.899494936611665 10.198039027185569 1.081385458253627 
36 57 6 3 3 16 9.899494936611665 10.198039027185569 1.0816292269705436 
35 56 6 3 2 16 8.602325267042627 10.198039027185569 1.0801126795778209 
34 55 6 3 3 15 8.48528137423857 10.198039027185569 1.0792960692244709 
33 54 6 3 2 14 7.211102550927978 10.198039027185569 1.078839900902015 
32 53 6 3 3 14 7.0710678118654755 10.198039027185569 1.0793441573371563 
31 52 6 3 2 15 5.830951894845301 9.055385138137417 1.0632195730755487 
30 50 6 4 3 14 5.656854249492381 9.055385138137417 1.0623841590849326 
29 49 6 4 2 13 4.47213595499958 9.055385138137417 1.0473525457358284 
28 48 6 5 3 12 4.242640687119285 9.055385138137417 1.046495197394683 
27 47 6 5 2 11 3.1622776601683795 9.055385138137417 1.0564555492018228 
26 46 7 5 3 10 3.1622776601683795 9.055385138137417 1.0561513487883072 
25 45 7 5 2 10 4.47213595499958 9.055385138137417 1.0534310616663531 
24 43 7 5 1 9 4.47213595499958 8.246211251235321 1.0503094312225807 
23 42 8 6 0 8 4.47213595499958 8.246211251235321 1.0493452342562626 
23 41 8 6 1 8 2.8284271247461903 8.246211251235321 1.049385244450547 
22 40 8 6 1 8 1.4142135623730951 8.246211251235321 1.0581966972088879 
21 38 9 6 0 8 5.0990195135927845 7.0710678118654755 1.0576615168199817 
21 37 9 6 1 8 1.4142135623730951 7.0710678118654755 1 
