140 140 0 0 14 14 16.0 16.0 1.1930763815524794 
139 138 0 0 19 17 16.0 13.038404810405298 1.2034468677012864 
135 137 0 0 22 16 14.142135623730951 15.033296378372908 1.2332353191189338 
131 136 0 0 25 21 14.142135623730951 15.033296378372908 1.237977501160275 
127 135 0 0 25 20 13.341664064126334 16.0 1.2560231589809852 
123 133 0 0 28 23 13.341664064126334 15.033296378372908 1.248989434373073 
123 131 0 0 38 19 15.033296378372908 15.033296378372908 1.2688427157296855 
117 130 0 0 38 21 14.0 15.033296378372908 1.2914432886058917 
113 129 0 0 36 26 14.0 15.033296378372908 1.3009932402553 
107 128 0 0 34 26 14.0 15.033296378372908 1.2957931097924968 
105 124 0 0 41 24 14.0 15.033296378372908 1.3204857327618644 
101 123 0 0 43 28 14.0 15.033296378372908 1.3549965079291832 
93 122 1 0 36 34 13.038404810405298 15.033296378372908 1.3392443632705306 
83 121 2 0 21 28 13.038404810405298 15.033296378372908 1.3294269038981834 
77 119 2 0 18 24 13.038404810405298 15.033296378372908 1.3650942850875265 
73 118 2 0 20 31 13.038404810405298 15.033296378372908 1.3802819574536647 
67 117 3 0 16 32 13.038404810405298 15.033296378372908 1.3811447103302406 
66 116 3 0 23 30 13.038404810405298 14.0 1.4038552993615612 
65 115 3 0 24 36 13.038404810405298 14.0 1.4193164126911229 
57 114 4 0 14 38 13.038404810405298 14.0 1.4049127852304872 
53 112 4 0 14 33 13.038404810405298 14.0 1.4173030904267052 
52 111 4 0 18 35 13.038404810405298 14.0 1.4178093328380788 
50 110 4 0 17 35 13.038404810405298 14.0 1.3763924263720102 
48 108 4 0 17 24 11.40175425099138 14.0 1.393242696415063 
44 107 4 0 11 29 11.40175425099138 14.0 1.400824235251455 
42 106 5 0 9 30 11.40175425099138 14.0 1.3952106399766593 
41 104 6 0 7 29 11.045361017187261 14.0 1.3956094425379855 
40 103 7 0 7 28 12.165525060596439 14.0 1.389054009649371 
39 102 7 0 8 26 12.165525060596439 14.0 1.3921568202475219 
38 101 7 0 8 27 11.045361017187261 14.0 1.387935041078975 
37 100 7 0 8 26 10.0 14.0 1.380698595482379 
36 99 7 0 11 23 9.055385138137417 14.0 1.3903905881537395 
30 95 7 0 8 26 4.47213595499958 14.0 1.3682618611252726 
26 93 8 0 2 20 7.211102550927978 14.0 1.3765942693766213 
26 92 8 0 5 22 7.211102550927978 14.0 1.3735162695401004 
25 91 8 0 3 22 2.8284271247461903 14.0 1.3661403015728113 
23 90 9 0 1 19 5.830951894845301 14.0 1.3567285327534677 
22 89 9 0 0 17 5.656854249492381 14.0 1.366863158345796 
23 88 9 0 1 21 5.830951894845301 14.0 1.3502629216787845 
22 87 9 0 0 17 4.47213595499958 14.0 1.361707085347085 
23 86 9 0 2 21 5.830951894845301 14.0 1.3473275257117772 
22 85 9 0 0 18 4.47213595499958 14.0 1.3587716893800776 
23 84 9 0 2 22 5.830951894845301 14.0 1.3334173715247941 
22 83 9 0 0 16 4.47213595499958 14.0 1.3355697258516102 
23 81 9 0 2 19 5.830951894845301 12.0 1.3390693651918695 
22 80 9 0 2 20 2.8284271247461903 12.165525060596439 1 
