140 140 0 0 14 14 16.0 16.0 1.0073358069526677 
138 139 0 0 17 17 16.0 14.142135623730951 1.0106433687699563 
134 135 0 0 16 17 12.165525060596439 16.0 1.0113053354980648 
132 133 0 0 16 19 14.0 16.0 1.009767779920122 
130 131 0 0 16 17 14.0 16.0 1.0104924113568183 
128 130 0 0 16 17 14.0 16.0 1.0138200490188671 
126 128 0 0 14 20 14.0 16.0 1.0131719906627314 
125 127 0 0 14 20 14.142135623730951 15.033296378372908 1.0144642677787106 
123 126 0 0 15 22 15.033296378372908 15.033296378372908 1.0151932588764518 
121 124 0 0 15 23 15.033296378372908 15.033296378372908 1.0149682888110723 
120 123 0 0 14 22 15.033296378372908 15.033296378372908 1.0161782101347758 
119 121 0 0 14 24 14.0 15.033296378372908 1.0163590338478803 
117 120 0 0 15 24 14.0 15.033296378372908 1.0162155010339327 
115 119 0 0 16 23 13.038404810405298 15.033296378372908 1.0169401324706293 
113 118 0 0 16 23 13.038404810405298 15.033296378372908 1.0167019001748399 
111 116 0 0 15 22 13.038404810405298 15.033296378372908 1.0183937550050675 
109 115 0 0 16 24 13.038404810405298 15.033296378372908 1.0168561994271241 
107 113 0 0 16 22 13.038404810405298 15.033296378372908 1.0172343180933994 
106 112 0 0 16 22 12.165525060596439 15.033296378372908 1.0187144650886575 
104 111 0 0 16 23 12.165525060596439 15.033296378372908 1.018895288801762 
102 110 0 0 17 23 12.165525060596439 15.033296378372908 1.018899394592623 
101 109 0 0 16 23 12.165525060596439 14.142135623730951 1.0193883903282612 
100 108 0 0 16 23 11.045361017187261 14.142135623730951 1.0165515114681645 
98 106 0 0 17 20 11.045361017187261 14.142135623730951 1.0192604941797572 
92 105 0 0 16 18 11.045361017187261 14.142135623730951 1.0298451382298794 
91 104 1 0 19 18 11.045361017187261 14.142135623730951 1.032956708395914 
89 103 1 0 16 19 11.045361017187261 14.142135623730951 1.0521811622923052 
81 102 2 0 14 20 11.045361017187261 14.142135623730951 1.0557337700197331 
80 101 2 0 13 24 11.045361017187261 14.142135623730951 1.058513240297145 
78 100 2 0 12 26 11.045361017187261 14.142135623730951 1.0577444625081733 
77 99 2 0 12 25 11.045361017187261 14.142135623730951 1.0539536224849557 
76 98 2 0 12 20 11.045361017187261 14.142135623730951 1.0639075026912148 
75 96 3 0 12 18 11.045361017187261 14.142135623730951 1.0646321341279112 
73 95 3 0 12 18 11.045361017187261 14.142135623730951 1.064787085397974 
72 94 3 0 11 17 10.198039027185569 14.142135623730951 1.0717675491381322 
70 93 3 0 12 26 10.198039027185569 14.142135623730951 1.0671814068651229 
66 89 3 0 12 20 10.198039027185569 14.142135623730951 1.066200921241182 
65 88 3 0 11 18 10.198039027185569 14.142135623730951 1.066187659010772 
64 87 3 0 11 18 10.198039027185569 14.142135623730951 1.0661743967803619 
63 86 3 0 11 18 10.198039027185569 14.142135623730951 1.0678662516105895 
61 85 3 0 12 20 10.198039027185569 14.142135623730951 1.0548438598790069 
60 84 3 1 11 19 10.198039027185569 14.142135623730951 1.0540750820900353 
59 83 3 1 11 18 10.198039027185569 14.142135623730951 1.0621293173844297 
58 82 3 1 11 28 9.055385138137417 14.142135623730951 1.057668843228663 
56 81 3 1 11 22 9.055385138137417 13.038404810405298 1.0583934746653596 
54 80 3 1 11 22 9.055385138137417 13.038404810405298 1.0572727796151407 
53 79 3 1 10 20 8.0 12.0 1.0752482670157548 
49 78 4 1 8 24 8.0 11.045361017187261 1.0871997607273198 
45 77 5 1 7 20 8.0 11.045361017187261 1.0866181668414716 
43 76 5 1 6 17 7.0710678118654755 11.045361017187261 1.0871487123346537 
42 75 5 1 5 17 7.0710678118654755 11.045361017187261 1.085274697207043 
40 74 5 1 7 15 7.0710678118654755 11.045361017187261 1.1012683422207494 
39 73 6 1 7 20 7.0710678118654755 11.045361017187261 1.1058556997209972 
35 72 6 1 4 21 7.0710678118654755 11.045361017187261 1.1039750219935396 
34 71 7 2 5 20 7.0710678118654755 11.045361017187261 1.1037446641730637 
32 70 7 2 5 18 5.830951894845301 11.045361017187261 1.1043532713838695 
31 69 7 2 4 18 5.656854249492381 11.045361017187261 1.1048712118861603 
30 68 7 2 4 18 4.47213595499958 11.045361017187261 1.107150139546695 
28 67 7 2 3 20 4.47213595499958 10.198039027185569 1.119910014491186 
27 66 8 2 2 20 4.47213595499958 10.198039027185569 1.1185097363941348 
26 65 8 2 3 19 3.1622776601683795 9.055385138137417 1.1182891259898 
25 63 8 2 2 19 3.1622776601683795 9.055385138137417 1.1182531968606748 
24 62 8 2 3 19 2.0 9.055385138137417 1.1195392579124184 
23 61 8 2 2 20 2.0 9.055385138137417 1.1298162856042087 
22 60 9 2 2 20 6.324555320336759 9.055385138137417 1.1264334023727776 
21 58 9 2 0 15 5.0990195135927845 8.246211251235321 1.1261007896310027 
21 56 9 2 1 16 1.4142135623730951 7.0710678118654755 1 
