140 140 0 0 14 14 16.0 16.0 1.0516617977549176 
138 139 0 0 17 18 16.0 14.142135623730951 1.0553412499373023 
134 137 0 0 16 18 12.165525060596439 16.0 1.0610914874884356 
132 136 0 0 16 23 13.038404810405298 16.0 1.0574798713723048 
130 134 0 0 16 20 13.038404810405298 16.0 1.060246193871606 
128 133 0 0 16 22 13.038404810405298 16.0 1.0603102450678963 
126 132 0 0 14 21 13.038404810405298 16.0 1.064705532267798 
124 130 0 0 16 26 13.038404810405298 16.0 1.0685215772361012 
122 129 0 0 15 29 14.142135623730951 16.0 1.061462167560145 
120 125 0 0 16 25 14.142135623730951 16.0 1.0565246106893977 
118 121 0 0 17 23 14.142135623730951 16.0 1.057977372633888 
116 119 0 0 18 25 14.142135623730951 16.0 1.0543781367175626 
114 118 0 0 18 21 14.142135623730951 16.0 1.060327238424677 
112 117 0 0 18 26 14.142135623730951 16.0 1.0599107817161648 
110 116 0 0 18 25 14.142135623730951 16.0 1.0584333986050483 
108 115 0 0 18 23 14.142135623730951 16.0 1.062020393554553 
106 114 0 0 19 26 14.142135623730951 16.0 1.0639660436036507 
104 113 0 0 18 27 14.142135623730951 16.0 1.0673892159968497 
100 112 0 0 18 28 14.142135623730951 16.0 1.081059756698599 
99 111 1 0 17 30 14.142135623730951 16.0 1.0763872141798638 
97 109 1 0 17 26 14.142135623730951 16.0 1.0793937906315658 
95 108 1 0 16 28 14.142135623730951 16.0 1.0813394406806638 
93 107 1 0 15 29 14.142135623730951 16.0 1.0758214653121143 
91 103 1 0 14 26 14.142135623730951 16.0 1.0777288996631642 
90 102 1 0 14 28 14.142135623730951 16.0 1.0717858136866552 
89 101 1 0 13 23 14.142135623730951 15.033296378372908 1.0702950595973313 
88 99 1 0 13 23 15.033296378372908 15.033296378372908 1.0701140140232948 
86 98 1 0 13 22 14.0 15.033296378372908 1.07693904140859 
82 97 1 0 13 26 13.038404810405298 15.033296378372908 1.093766665052895 
78 96 2 0 14 29 13.038404810405298 15.033296378372908 1.0890941225341597 
76 94 2 0 14 25 13.038404810405298 15.033296378372908 1.089531044257238 
74 93 2 0 12 24 11.40175425099138 15.033296378372908 1.0750980483904857 
73 91 2 1 11 24 10.770329614269007 15.033296378372908 1.0698068716759002 
72 89 2 1 10 20 10.770329614269007 15.033296378372908 1.0713826362823364 
70 88 2 1 12 22 10.770329614269007 14.0 1.079604690416671 
69 87 3 1 11 19 11.40175425099138 14.0 1.0785695995123088 
68 86 3 1 10 18 11.40175425099138 14.0 1.07835518105815 
67 85 3 1 10 18 11.40175425099138 14.0 1.0792016890065954 
66 84 3 1 10 19 11.40175425099138 14.0 1.065457891235459 
65 83 3 2 10 19 11.40175425099138 14.0 1.0623009475258882 
64 82 3 2 9 16 11.40175425099138 14.0 1.0631474554743339 
63 81 3 2 9 17 11.40175425099138 14.0 1.0661158162279882 
62 80 3 2 9 20 11.40175425099138 14.0 1.0633372527618663 
60 79 3 2 10 17 11.40175425099138 14.0 1.0748859406584068 
59 78 4 2 9 17 11.40175425099138 14.0 1.0755304103524992 
57 77 4 2 9 17 11.40175425099138 14.0 1.0753542075963882 
55 76 4 2 8 16 11.40175425099138 14.0 1.0757584233380793 
53 75 4 2 9 16 11.40175425099138 14.0 1.0762647667411238 
52 74 4 2 6 16 11.40175425099138 14.0 1.0760503482869652 
51 73 4 2 6 16 11.40175425099138 14.0 1.0756456407657682 
49 72 4 2 7 15 10.295630140987 14.0 1.0757390960068027 
48 71 4 2 7 15 8.94427190999916 14.0 1.0758428356270697 
47 70 4 2 6 15 8.602325267042627 14.0 1.0756284171729111 
46 69 4 2 6 15 8.602325267042627 14.0 1.0879977775196548 
45 68 5 2 6 16 8.602325267042627 14.0 1.0871648641026308 
41 66 5 2 6 14 8.602325267042627 14.0 1.0872674014849228 
40 65 5 2 6 14 7.211102550927978 14.0 1.0871271624185894 
39 64 5 2 7 14 5.830951894845301 14.0 1.0746845450024587 
38 63 5 3 6 15 5.830951894845301 14.0 1.0609407472313224 
37 62 5 4 6 15 5.830951894845301 14.0 1.072489435127863 
36 61 6 4 5 15 5.830951894845301 14.0 1.072275016673704 
35 60 6 4 5 15 5.830951894845301 14.0 1.0692779663124417 
34 59 6 4 5 13 5.830951894845301 13.038404810405298 1.0800059817587786 
33 58 7 4 3 12 5.830951894845301 13.038404810405298 1.0797915633046198 
32 57 7 4 3 12 5.830951894845301 13.038404810405298 1.0787564724002578 
31 56 7 4 2 11 5.830951894845301 13.038404810405298 1.079432045194409 
30 55 7 4 4 12 4.47213595499958 13.038404810405298 1.0803167688409023 
28 54 7 4 3 12 4.47213595499958 13.038404810405298 1.0815244538350048 
26 53 7 4 3 12 2.0 13.038404810405298 1.0773065837228295 
25 52 7 4 2 8 2.0 13.038404810405298 1.0873382420190618 
24 51 8 4 2 8 4.47213595499958 12.0 1.089620154950098 
23 50 8 4 2 10 2.8284271247461903 12.0 1.0737053335171964 
22 48 8 5 0 9 5.0990195135927845 12.0 1.072170338855946 
22 47 8 5 1 8 1.4142135623730951 12.0 1.0820964465414555 
21 46 9 5 0 8 5.656854249492381 11.045361017187261 1.0812930488282837 
21 45 9 5 0 8 4.47213595499958 11.045361017187261 1.0803273067766839 
21 44 9 5 0 8 4.0 11.045361017187261 1.079146435623464 
21 43 9 5 0 8 4.47213595499958 11.045361017187261 1.0757399357920974 
21 41 9 5 0 8 4.0 9.055385138137417 1 
