140 140 0 0 14 14 16.0 16.0 1.1416310881701115 
138 138 0 0 17 17 16.0 14.142135623730951 1.162587255393127 
134 137 0 0 16 22 13.341664064126334 16.0 1.1541318861076177 
132 135 0 0 21 18 13.341664064126334 15.033296378372908 1.1753136749692503 
128 134 0 0 22 23 15.033296378372908 15.033296378372908 1.1663877263204445 
124 133 0 0 22 18 15.033296378372908 15.033296378372908 1.1808230811613656 
120 132 0 0 22 21 15.033296378372908 15.033296378372908 1.1869011441175068 
116 130 0 0 22 22 15.033296378372908 15.033296378372908 1.219907814730248 
112 129 0 0 26 30 15.033296378372908 15.033296378372908 1.2062288984158565 
106 128 1 0 19 22 15.033296378372908 15.033296378372908 1.1840515998611154 
102 124 1 0 14 17 15.033296378372908 14.142135623730951 1.1966860966857693 
101 122 2 0 14 20 15.033296378372908 14.142135623730951 1.1973301343048868 
99 121 2 0 16 19 15.033296378372908 14.142135623730951 1.2168332588560122 
97 119 2 0 16 26 15.033296378372908 14.142135623730951 1.1959808231831486 
96 118 2 0 19 18 15.033296378372908 14.142135623730951 1.1965094350385859 
94 117 2 0 15 19 15.033296378372908 14.142135623730951 1.2049213361936657 
92 116 2 0 16 21 15.033296378372908 14.142135623730951 1.2133332373487453 
90 115 2 0 17 23 15.033296378372908 14.142135623730951 1.2151223460565481 
86 114 3 0 15 20 15.033296378372908 14.142135623730951 1.217693921339196 
84 113 3 0 16 20 15.033296378372908 14.142135623730951 1.2279157604766422 
82 112 3 0 16 23 15.033296378372908 14.0 1.221137418601825 
80 110 3 0 16 21 15.033296378372908 14.0 1.2285566944842194 
78 109 3 0 16 23 15.033296378372908 14.0 1.2213751556855346 
76 108 3 0 16 20 15.033296378372908 14.0 1.2496030924639527 
75 106 4 0 17 28 15.033296378372908 14.0 1.2895374471559715 
69 105 5 0 14 37 15.033296378372908 14.0 1.2862059891004027 
68 104 5 0 17 35 15.033296378372908 14.0 1.2623179647276435 
67 103 5 0 14 28 15.033296378372908 14.0 1.2523005586358806 
59 99 6 0 9 22 13.341664064126334 13.038404810405298 1.2431337692918252 
57 98 6 0 7 19 13.341664064126334 13.038404810405298 1.2494977124357494 
56 97 6 0 8 21 13.341664064126334 13.038404810405298 1.25135444443801 
56 95 6 0 12 22 13.341664064126334 13.038404810405298 1.2557331370365636 
55 94 6 0 11 24 13.341664064126334 13.038404810405298 1.2525898013783499 
51 93 6 0 8 22 13.341664064126334 13.038404810405298 1.2619009383429205 
50 92 7 0 8 23 13.341664064126334 13.038404810405298 1.2556493173511356 
49 91 7 0 11 20 13.341664064126334 13.038404810405298 1.2622284137768451 
45 90 8 0 5 20 13.341664064126334 13.038404810405298 1.2588547527811422 
44 89 8 0 5 19 13.038404810405298 13.038404810405298 1.2604783454981927 
42 88 8 0 5 19 12.165525060596439 13.038404810405298 1.2562560320570286 
40 87 8 0 5 17 11.40175425099138 13.038404810405298 1.2549471128174048 
38 86 8 0 5 16 10.770329614269007 13.038404810405298 1.259465509288444 
37 85 8 0 10 16 10.295630140987 13.038404810405298 1.257298451277558 
33 84 8 0 5 15 9.486832980505138 13.038404810405298 1.269681596621636 
32 83 8 0 12 17 8.246211251235321 13.038404810405298 1.2563970164882114 
26 82 8 1 4 18 5.830951894845301 13.038404810405298 1.2570645740780395 
24 81 8 1 3 18 4.242640687119285 13.038404810405298 1.2565838287327007 
23 80 8 1 3 18 4.47213595499958 13.038404810405298 1.2648702789876114 
22 79 9 1 2 19 5.0990195135927845 13.038404810405298 1.2595520659416075 
21 78 9 1 0 18 4.0 13.038404810405298 1.274531930546754 
21 77 9 1 0 24 4.47213595499958 13.038404810405298 1.2632786227255588 
21 76 9 1 0 21 4.0 13.038404810405298 1.2523802178286298 
21 74 9 1 0 19 4.47213595499958 13.038404810405298 1.2440470729436508 
21 73 9 1 0 17 4.0 13.038404810405298 1.2376348676353126 
21 71 9 1 0 17 4.47213595499958 11.40175425099138 1 
