140 140 0 0 14 14 16.0 16.0 1.2161268840748494 
139 139 0 0 19 19 16.0 13.038404810405298 1.2303819684309474 
135 137 0 0 22 20 13.038404810405298 15.033296378372908 1.2602248359737194 
131 135 0 0 25 26 14.0 15.033296378372908 1.2574213884570191 
127 134 0 0 25 23 13.038404810405298 16.0 1.2614298605089924 
123 133 0 0 28 21 13.038404810405298 16.0 1.2766665863329194 
123 131 0 0 38 23 13.038404810405298 16.0 1.2897299589691884 
117 127 0 0 38 26 13.038404810405298 16.0 1.344952193820063 
113 126 0 0 36 40 13.038404810405298 16.0 1.3297821425213554 
101 125 1 0 31 29 13.038404810405298 16.0 1.3096737614522538 
97 124 1 0 30 22 13.038404810405298 16.0 1.3092858631478603 
93 123 1 0 35 18 13.038404810405298 16.0 1.3345341341034835 
91 122 1 0 26 28 13.038404810405298 16.0 1.344171650009125 
85 121 2 0 21 28 13.038404810405298 16.0 1.32950262259801 
84 120 2 0 24 23 13.038404810405298 16.0 1.3523104923520066 
76 119 3 0 22 24 13.038404810405298 16.0 1.3255841904098062 
74 118 3 0 25 15 13.038404810405298 16.0 1.346677189600982 
70 114 3 0 24 22 13.038404810405298 16.0 1.3359012045997367 
60 113 4 0 13 16 13.038404810405298 16.0 1.3485257588401713 
59 109 4 0 19 20 13.038404810405298 16.0 1.36822476162177 
58 108 4 0 23 24 13.038404810405298 16.0 1.366913474195788 
52 107 5 0 13 23 13.038404810405298 16.0 1.3785146397622716 
52 105 5 0 18 26 13.038404810405298 16.0 1.3660437975293402 
51 104 5 0 20 22 13.038404810405298 16.0 1.3745238074995156 
50 103 6 0 18 24 13.038404810405298 16.0 1.3580253172904047 
50 102 6 0 19 20 13.038404810405298 16.0 1.3553924650098645 
49 101 6 0 21 19 13.038404810405298 15.033296378372908 1.3531727998485714 
48 100 6 0 20 19 13.038404810405298 15.033296378372908 1.3554446815258623 
47 99 6 0 17 21 12.0 15.033296378372908 1.3646103340331237 
43 98 6 0 11 24 12.0 15.033296378372908 1.3705100982907898 
42 97 6 0 13 25 11.045361017187261 15.033296378372908 1.3828281223226657 
38 96 6 0 14 26 8.246211251235321 15.033296378372908 1.3686588920876583 
36 95 6 0 13 22 7.0710678118654755 15.033296378372908 1.3581367441888323 
34 94 6 0 12 19 6.0 15.033296378372908 1.3571678928562716 
32 93 6 0 10 19 4.47213595499958 15.033296378372908 1.3689550219647226 
31 92 6 0 11 22 3.1622776601683795 15.033296378372908 1.3563459824596988 
29 91 7 0 8 18 6.0 15.033296378372908 1.3788719883106948 
29 90 7 0 8 25 3.1622776601683795 15.033296378372908 1.370078828894499 
28 89 7 0 5 24 3.1622776601683795 15.033296378372908 1.3541608289529259 
27 88 8 0 4 19 6.0 15.033296378372908 1.348300036601077 
26 87 8 0 3 18 5.830951894845301 15.033296378372908 1.357397897151593 
26 86 8 0 4 21 5.830951894845301 15.033296378372908 1.3538206325906832 
24 85 9 0 2 19 5.830951894845301 15.033296378372908 1.350267075294316 
23 84 9 0 0 19 4.47213595499958 15.033296378372908 1.3435031302142748 
24 83 9 0 2 18 5.830951894845301 15.033296378372908 1.3436061944549975 
23 82 9 0 0 19 4.47213595499958 15.033296378372908 1.3203434469509558 
24 81 9 1 2 19 5.830951894845301 15.033296378372908 1.2829865228974313 
23 77 9 2 0 18 4.47213595499958 15.033296378372908 1.27622257781739 
24 76 9 2 2 17 5.830951894845301 15.033296378372908 1.272669020521023 
23 75 9 2 0 17 4.47213595499958 15.033296378372908 1.2659050754409817 
24 74 9 2 2 16 5.830951894845301 15.033296378372908 1.2623515181446148 
23 73 9 2 0 16 4.47213595499958 15.033296378372908 1.2592441946016633 
24 72 9 2 2 16 5.830951894845301 15.033296378372908 1.2318785918071162 
23 71 9 3 0 15 4.47213595499958 15.033296378372908 1.236084511338344 
24 70 9 3 2 17 5.830951894845301 15.033296378372908 1.232530954041977 
23 69 9 3 0 17 4.47213595499958 15.033296378372908 1.1949679015070072 
24 67 9 4 2 14 5.830951894845301 15.033296378372908 1.1914143442106402 
23 66 9 4 0 14 4.47213595499958 15.033296378372908 1.1883070206676887 
24 65 9 4 2 14 5.830951894845301 15.033296378372908 1.1850436665601984 
24 64 9 4 2 14 5.0990195135927845 15.033296378372908 1.1816461398283697 
24 63 9 4 2 14 5.830951894845301 15.033296378372908 1.17838278572088 
24 62 9 4 2 14 5.0990195135927845 15.033296378372908 1.1669547724990754 
24 60 9 4 2 13 5.830951894845301 14.142135623730951 1.136548932473746 
24 58 9 5 2 12 5.0990195135927845 14.142135623730951 1.1258381626677383 
24 57 9 5 2 10 5.830951894845301 14.142135623730951 1.1225748085602483 
24 56 9 5 2 10 5.0990195135927845 14.142135623730951 1.1109267985772113 
24 55 9 5 2 8 5.830951894845301 13.341664064126334 1.107663444469721 
24 54 9 5 2 8 5.0990195135927845 13.341664064126334 1.1042659177378926 
24 53 9 5 2 8 5.830951894845301 13.341664064126334 1.1010025636304026 
24 52 9 5 2 8 5.0990195135927845 13.341664064126334 1.0976721232107434 
24 51 9 5 2 8 5.0990195135927845 13.341664064126334 1.0910112423714247 
24 49 9 5 2 8 5.0990195135927845 13.341664064126334 1.0876808019517654 
24 48 9 5 2 8 5.0990195135927845 13.341664064126334 1.0843503615321062 
24 47 9 5 2 8 5.0990195135927845 13.341664064126334 1.0502208136575182 
24 45 9 6 2 6 5.0990195135927845 13.341664064126334 1.046890373237859 
24 44 9 6 2 6 5.0990195135927845 13.341664064126334 1.0435599328181997 
24 43 9 6 2 6 5.0990195135927845 13.341664064126334 1.0402294923985402 
24 42 9 6 2 6 5.0990195135927845 13.341664064126334 1.0355219577965171 
24 41 9 6 2 6 5.0990195135927845 12.165525060596439 1.0321915173768579 
24 40 9 6 2 6 5.0990195135927845 12.165525060596439 1.0288610769571986 
24 39 9 6 2 6 5.0990195135927845 12.165525060596439 0.9980619695022702 
24 38 9 7 2 4 5.0990195135927845 12.165525060596439 0.9947315290826108 
24 37 9 7 2 4 5.0990195135927845 12.165525060596439 0.9840878455887723 
24 36 9 7 2 2 5.0990195135927845 12.165525060596439 0.980757405169113 
24 35 9 7 2 2 5.0990195135927845 12.165525060596439 0.9774269647494538 
24 34 9 7 2 2 5.0990195135927845 12.165525060596439 0.9466278572945248 
24 33 9 8 2 0 5.0990195135927845 12.165525060596439 0.9973720445594342 
24 36 9 7 2 5 5.0990195135927845 14.142135623730951 0.9774269647494538 
24 34 9 7 2 2 5.0990195135927845 12.165525060596439 0.9502844788316145 
24 33 9 8 2 1 5.0990195135927845 12.165525060596439 0.9231419929137755 
24 32 9 9 2 0 5.0990195135927845 12.165525060596439 0.9500906721494973 
24 33 9 8 2 1 5.0990195135927845 12.0 0.9231419929137755 
24 32 9 9 2 0 5.0990195135927845 12.165525060596439 0.935162770589978 
24 33 9 9 2 2 5.0990195135927845 13.341664064126334 0.9237082039543077 
24 32 9 9 2 0 5.0990195135927845 12.649110640673518 0.9502844788316145 
24 33 9 8 2 1 5.0990195135927845 12.165525060596439 0.9237082039543077 
24 32 9 9 2 0 5.0990195135927845 12.649110640673518 0.9619501823602937 
24 34 9 8 2 3 5.0990195135927845 13.038404810405298 0.9237082039543077 
24 32 9 9 2 0 5.0990195135927845 12.649110640673518 0.935162770589978 
24 33 9 9 2 2 5.0990195135927845 13.341664064126334 0.9237082039543077 
24 32 9 9 2 0 5.0990195135927845 12.649110640673518 0.9619501823602937 
24 34 9 8 2 3 5.0990195135927845 13.038404810405298 0.9500906721494973 
24 33 9 8 2 1 5.0990195135927845 12.0 0.9237082039543077 
24 32 9 9 2 0 5.0990195135927845 12.649110640673518 0.935162770589978 
24 33 9 9 2 2 5.0990195135927845 13.341664064126334 0.9237082039543077 
24 32 9 9 2 0 5.0990195135927845 12.649110640673518 0.9586486349707275 
24 34 9 8 2 2 5.0990195135927845 13.341664064126334 0.9237082039543077 
24 32 9 9 2 0 5.0990195135927845 12.649110640673518 0.9502844788316145 
24 33 9 8 2 1 5.0990195135927845 12.165525060596439 0.9237082039543077 
24 32 9 9 2 0 5.0990195135927845 12.649110640673518 0.9231419929137755 
24 32 9 9 2 0 5.0990195135927845 12.165525060596439 0.9465772733361429 
24 34 9 9 2 4 5.0990195135927845 14.0 0.9348076964424546 
24 33 9 9 2 2 5.0990195135927845 13.038404810405298 0.9229481862316583 
24 32 9 9 2 0 5.0990195135927845 12.0 0.9746034235944814 
24 36 9 8 2 4 5.0990195135927845 15.033296378372908 0.9700631377168922 
24 35 9 8 2 4 5.0990195135927845 14.0 0.9546369392861145 
24 34 9 8 2 1 5.0990195135927845 13.038404810405298 0.9464340506124076 
24 33 9 8 2 0 5.0990195135927845 12.0 0.9774269647494538 
24 34 9 7 2 2 5.0990195135927845 12.165525060596439 0.9466278572945248 
24 33 9 8 2 0 5.0990195135927845 12.165525060596439 0.9101411164638071 
24 23 9 8 2 1 5.0990195135927845 6.324555320336759 0.9135759410508683 
24 22 9 8 6 1 4.47213595499958 7.0710678118654755 0.8864767294311401 
24 21 9 9 6 0 4.0 7.0710678118654755 0.9172325625879579 
24 22 9 8 6 2 4.47213595499958 7.0710678118654755 0.8841677368454497 
24 21 9 9 6 0 4.0 5.0990195135927845 0.9080082770346485 
24 24 9 9 6 4 4.47213595499958 4.47213595499958 0.8940774274192618 
24 22 9 9 6 2 4.0 4.47213595499958 0.8841244625473387 
24 21 9 9 6 0 4.47213595499958 5.0990195135927845 0.9044524040703467 
24 23 9 9 6 4 4.0 4.242640687119285 0.8841244625473387 
24 21 9 9 6 0 4.47213595499958 5.0990195135927845 0.9183253880884481 
24 23 9 8 6 3 4.0 2.0 0.8841244625473387 
24 21 9 9 6 0 4.47213595499958 5.0990195135927845 0.9315374157135088 
24 25 9 8 6 4 4.0 4.47213595499958 0.9242383726158953 
24 24 9 8 6 3 4.47213595499958 4.242640687119285 0.9175632918000111 
24 23 9 8 6 2 4.0 4.47213595499958 0.9112669484651779 
24 22 9 8 6 1 4.47213595499958 5.0990195135927845 0.8841677368454497 
24 21 9 9 6 0 4.0 5.0990195135927845 0.8940341531211508 
24 22 9 9 6 2 4.47213595499958 4.47213595499958 0.8841677368454497 
24 21 9 9 6 0 4.0 5.0990195135927845 0.927002184422366 
24 23 9 8 6 4 4.47213595499958 6.324555320336759 0.8835099662712882 
24 21 9 9 6 1 4.0 1.4142135623730951 -1 
