140 140 0 0 14 14 16.0 16.0 1.0853783253936702 
139 139 0 0 19 17 16.0 13.038404810405298 1.0938913240631587 
135 138 0 0 22 19 13.038404810405298 15.033296378372908 1.0969139837306197 
131 136 0 0 25 19 13.038404810405298 15.033296378372908 1.0961842077112753 
127 135 0 0 25 17 12.649110640673518 16.0 1.1061358180072112 
123 134 0 0 28 20 13.038404810405298 16.0 1.1063242887822977 
123 133 0 0 38 18 13.038404810405298 16.0 1.1281724351708264 
117 131 0 0 41 27 12.0 16.0 1.1218648785421614 
107 130 0 0 30 22 12.0 16.0 1.1253249534401633 
106 129 1 0 30 19 12.0 16.0 1.1308503270113863 
105 128 1 0 34 21 11.40175425099138 16.0 1.160173851341568 
99 124 1 0 31 37 12.165525060596439 16.0 1.1462303657963748 
99 123 1 0 39 28 12.649110640673518 16.0 1.1499007821704847 
87 121 2 0 35 21 12.165525060596439 16.0 1.157348863969197 
81 120 3 0 26 20 10.0 16.0 1.1566644753155548 
77 119 3 0 23 19 10.198039027185569 16.0 1.1835594016110929 
76 118 3 0 32 31 10.198039027185569 16.0 1.1684059993708622 
68 116 4 0 14 20 10.198039027185569 16.0 1.1900825388500595 
62 114 5 0 13 25 10.198039027185569 16.0 1.1867854632468904 
61 113 5 0 18 22 10.0 16.0 1.1902889168983135 
55 112 5 0 12 23 10.0 16.0 1.1980204492445492 
54 111 5 0 13 27 10.0 16.0 1.1925174630160633 
54 107 5 0 17 26 10.0 14.142135623730951 1.192570316629138 
52 105 5 0 18 26 12.0 14.142135623730951 1.1886374508314503 
46 103 6 0 11 19 12.0 14.142135623730951 1.1737687548145466 
45 102 6 1 13 19 11.045361017187261 14.142135623730951 1.1753592429788169 
44 101 6 1 13 20 11.045361017187261 14.142135623730951 1.1775078437397772 
44 100 6 1 16 21 11.045361017187261 14.142135623730951 1.177530489080513 
43 99 6 1 13 22 11.045361017187261 14.142135623730951 1.1796080931971165 
41 98 6 1 12 23 11.045361017187261 14.142135623730951 1.185431317252022 
39 97 6 1 11 26 11.045361017187261 14.142135623730951 1.2011961258546908 
37 95 7 1 10 30 11.045361017187261 14.142135623730951 1.1990007958763624 
36 94 7 1 10 29 10.198039027185569 14.142135623730951 1.1949391134698906 
35 93 7 1 10 27 9.486832980505138 14.142135623730951 1.1814651882790561 
34 91 7 1 10 21 8.94427190999916 12.0 1.1965711203734783 
33 89 7 1 13 29 7.615773105863909 12.649110640673518 1.189842787241015 
32 88 7 1 15 25 7.615773105863909 12.649110640673518 1.193848121754264 
30 86 8 1 13 23 7.615773105863909 12.649110640673518 1.1958410513215 
28 85 8 1 12 24 5.830951894845301 12.649110640673518 1.1856720653963508 
27 84 8 1 11 19 5.830951894845301 12.649110640673518 1.189924223392302 
25 83 9 1 7 17 5.830951894845301 12.649110640673518 1.1915064521076284 
24 82 9 1 7 18 5.656854249492381 12.649110640673518 1 
