140 140 0 0 14 14 16.0 16.0 1.2770226481942737 
139 138 0 0 19 17 16.0 13.038404810405298 1.2990308105509614 
135 137 0 0 22 18 14.0 15.033296378372908 1.3221849193867592 
131 136 0 0 25 20 14.0 15.033296378372908 1.3370479315780446 
127 132 0 0 25 24 14.0 16.0 1.3557465137319198 
123 131 0 0 28 25 14.0 16.0 1.362963781045308 
123 130 0 0 38 23 14.0 16.0 1.382207696109243 
117 128 0 0 38 25 13.038404810405298 16.0 1.4130353921667982 
116 126 0 0 47 29 13.038404810405298 16.0 1.3951948722786558 
104 125 1 0 38 21 12.165525060596439 16.0 1.3933792038417916 
98 123 1 0 35 20 12.165525060596439 15.033296378372908 1.3887712212488377 
94 119 1 0 38 19 14.0 14.0 1.451691303565719 
93 118 1 0 41 32 14.0 14.0 1.494555408474581 
92 117 1 0 45 40 13.038404810405298 14.0 1.4849318732673156 
90 116 1 0 37 41 12.165525060596439 14.0 1.4432685891405357 
89 110 1 0 36 37 11.40175425099138 14.0 1.4460489806892582 
88 109 1 0 40 36 11.40175425099138 14.142135623730951 1.442136162777302 
87 108 1 0 43 34 11.40175425099138 14.142135623730951 1.4073676039782177 
83 104 1 0 39 29 11.40175425099138 14.142135623730951 1.4747982382653648 
82 103 1 0 53 38 11.40175425099138 14.142135623730951 1.519088848993346 
72 102 2 0 47 44 11.40175425099138 14.142135623730951 1.4953768554780453 
72 101 2 0 55 36 12.083045973594572 14.142135623730951 1.5155943639023937 
66 100 2 0 49 40 10.770329614269007 14.142135623730951 1.5003452076444839 
65 99 2 0 53 35 10.770329614269007 14.142135623730951 1.4971860783433406 
55 97 3 0 41 34 10.295630140987 14.142135623730951 1.502361360905053 
51 96 3 0 38 35 8.94427190999916 13.038404810405298 1.4876410128027795 
51 95 3 0 35 34 8.94427190999916 13.038404810405298 1.458643275529692 
50 94 3 0 30 30 8.602325267042627 13.038404810405298 1.4612363779515343 
50 92 3 0 31 32 8.602325267042627 13.038404810405298 1.4389176198679083 
48 91 3 0 30 27 8.602325267042627 13.038404810405298 1.3928530266269943 
46 85 3 0 21 25 8.602325267042627 13.038404810405298 1.3847616176165147 
45 84 3 0 24 22 7.211102550927978 13.038404810405298 1.3815045066713083 
39 83 4 0 16 21 7.0710678118654755 13.038404810405298 1.3916001684828594 
38 82 4 0 17 23 5.830951894845301 13.038404810405298 1.3724575278414446 
34 80 5 0 13 19 7.211102550927978 13.038404810405298 1.368551694161091 
32 78 5 0 12 19 5.656854249492381 13.038404810405298 1.3716074999097705 
30 77 6 0 11 19 5.656854249492381 13.038404810405298 1.3472245246163848 
29 76 7 1 11 18 5.656854249492381 13.038404810405298 1.3361696166314454 
29 75 7 1 12 16 5.656854249492381 13.038404810405298 1.333464509245996 
27 74 8 1 8 16 4.0 13.038404810405298 1.354649653008055 
26 73 8 1 8 21 4.0 13.038404810405298 1.348897469231331 
22 72 9 1 2 20 5.830951894845301 13.038404810405298 1.3270469640057072 
22 71 9 1 2 16 5.0990195135927845 13.038404810405298 1.3228728676847987 
22 70 9 1 2 16 5.0990195135927845 13.038404810405298 1.3129693126983144 
22 69 9 1 2 15 5.0990195135927845 12.165525060596439 1.3043396896954833 
22 68 9 1 2 14 5.0990195135927845 12.165525060596439 1.2782337039879728 
22 67 9 2 2 14 5.0990195135927845 12.165525060596439 1.2740596076670643 
22 66 9 2 2 14 5.0990195135927845 12.165525060596439 1.268250678137859 
22 65 9 2 2 14 5.0990195135927845 11.045361017187261 1.2658614410570765 
21 64 9 2 1 14 1.4142135623730951 11.045361017187261 1 
