140 140 0 0 14 14 16.0 16.0 1.100664089040255 
139 138 0 0 19 17 16.0 13.038404810405298 1.1083287619661195 
135 136 0 0 22 19 14.142135623730951 15.033296378372908 1.1205830300942272 
131 135 0 0 25 23 14.142135623730951 15.033296378372908 1.1314333602524929 
127 134 0 0 25 27 13.341664064126334 16.0 1.1364755683338514 
123 132 0 0 28 28 13.341664064126334 16.0 1.1408549934313625 
123 131 0 0 38 28 13.341664064126334 16.0 1.141912290687837 
117 130 0 0 38 26 12.165525060596439 16.0 1.1378008898155845 
113 129 0 0 36 23 12.165525060596439 16.0 1.1521880946038274 
107 128 0 0 39 27 12.165525060596439 16.0 1.1557639129521062 
103 127 0 0 37 28 12.165525060596439 16.0 1.150655893195372 
97 126 1 0 27 21 12.165525060596439 16.0 1.1596160074240527 
89 124 1 0 36 20 12.165525060596439 16.0 1.1633317972907793 
88 122 1 0 39 22 11.045361017187261 16.0 1.1825832296674268 
84 120 1 0 40 31 11.045361017187261 16.0 1.1811650302212036 
83 118 1 0 44 30 11.045361017187261 16.0 1.1837305894614085 
81 117 2 0 38 28 11.045361017187261 16.0 1.1938211193878614 
79 116 2 0 35 34 11.045361017187261 15.033296378372908 1.1859123287296425 
80 112 2 0 43 31 12.165525060596439 15.033296378372908 1.1708494332049935 
72 108 3 0 23 23 12.165525060596439 15.033296378372908 1.1949335214460548 
60 107 4 0 16 27 10.0 15.033296378372908 1.1695536517082301 
56 101 4 0 13 17 10.0 15.033296378372908 1.182170692970822 
55 99 4 0 18 23 10.0 15.033296378372908 1.1781901767264107 
54 98 4 0 25 19 10.198039027185569 15.033296378372908 1.186554984892325 
53 96 4 0 26 24 10.198039027185569 15.033296378372908 1.1819391674800988 
49 95 4 0 20 22 8.0 15.033296378372908 1.183872673423073 
48 94 4 0 24 22 7.615773105863909 15.033296378372908 1.1882050824307113 
44 93 4 0 20 24 7.615773105863909 15.033296378372908 1.1907003420403397 
40 91 5 0 16 21 7.615773105863909 15.033296378372908 1.1934770331355464 
36 90 6 0 10 18 7.615773105863909 15.033296378372908 1.1888167961755243 
34 88 6 0 10 16 6.324555320336759 15.033296378372908 1.1902062676122007 
32 87 6 0 8 17 5.0990195135927845 15.033296378372908 1.190225546144079 
30 86 6 0 7 17 3.1622776601683795 15.033296378372908 1.180955140417006 
29 85 7 1 6 16 6.0 15.033296378372908 1.1805675958060469 
28 84 7 1 6 16 5.830951894845301 15.033296378372908 1.1840525399165889 
27 83 7 1 6 18 6.324555320336759 15.033296378372908 1.1878605473167108 
26 82 8 1 4 16 5.830951894845301 15.033296378372908 1.19410112090589 
26 81 8 1 4 20 5.830951894845301 15.033296378372908 1.1930791177796887 
25 80 8 1 3 20 4.47213595499958 15.033296378372908 1.1917850483908903 
24 79 9 1 2 15 5.830951894845301 15.033296378372908 1.1745040615790496 
23 78 9 2 0 15 5.656854249492381 15.033296378372908 1.1770073587480783 
24 77 9 2 2 17 5.830951894845301 15.033296378372908 1.173127714384285 
23 76 9 2 0 16 5.656854249492381 14.0 1.1698655971379155 
24 75 9 2 2 15 5.830951894845301 14.0 1.1683126183164492 
23 74 9 2 0 15 5.656854249492381 14.0 1.1669723058752126 
24 73 9 2 2 15 5.830951894845301 14.0 1.1654193270537463 
23 72 9 2 0 15 5.656854249492381 14.0 1.1483510066221354 
24 71 9 3 2 15 5.830951894845301 14.0 1.1468724625408777 
24 70 9 3 2 15 5.0990195135927845 14.0 1.1454577153594325 
24 69 9 3 2 15 5.830951894845301 14.0 1.1439791712781748 
24 68 9 3 2 15 5.0990195135927845 14.0 1.1425644240967296 
24 67 9 3 2 15 5.830951894845301 14.0 1.14685129443087 
24 66 9 3 2 18 5.0990195135927845 14.0 1.1396711328340265 
24 65 9 3 2 15 5.830951894845301 14.0 1.1362707839476365 
24 64 9 3 2 14 5.0990195135927845 14.0 1.134856036766191 
24 63 9 3 2 14 5.830951894845301 14.0 1.1333774926849336 
24 62 9 3 2 14 5.0990195135927845 14.0 1.1319627455034882 
24 61 9 3 2 14 5.830951894845301 14.0 1.1147561934318564 
24 60 9 4 2 14 5.0990195135927845 14.0 1.113341446250411 
24 59 9 4 2 14 5.830951894845301 14.0 1.1099410973640207 
24 58 9 4 2 13 5.0990195135927845 14.0 1.1085263501825753 
24 57 9 4 2 13 5.830951894845301 14.0 1.105126001296185 
24 56 9 4 2 12 5.0990195135927845 14.0 1.0999233353349174 
24 55 9 4 2 10 5.830951894845301 14.142135623730951 1.0984447912536597 
24 54 9 4 2 10 5.0990195135927845 14.142135623730951 1.0970300440722145 
24 53 9 4 2 10 5.830951894845301 14.142135623730951 1.0955514999909568 
24 52 9 4 2 10 5.0990195135927845 14.142135623730951 1.0941367528095116 
24 51 9 4 2 10 5.830951894845301 14.142135623730951 1.0769302007378794 
24 50 9 5 2 10 5.0990195135927845 14.142135623730951 1.0712393859601541 
24 49 9 5 2 8 5.830951894845301 13.038404810405298 1.0697608418788964 
24 48 9 5 2 8 5.0990195135927845 13.038404810405298 1.0664242898923184 
24 47 9 5 2 7 5.830951894845301 13.038404810405298 1.0630239410059281 
24 46 9 5 2 6 5.0990195135927845 13.038404810405298 1.0616091938244827 
24 45 9 5 2 6 5.830951894845301 13.038404810405298 1.0601306497432252 
24 44 9 5 2 6 5.0990195135927845 13.038404810405298 1.0572692569304285 
24 42 9 5 2 6 5.830951894845301 13.038404810405298 1.0557907128491708 
24 41 9 5 2 6 5.0990195135927845 13.038404810405298 1.0367261528722187 
24 40 9 6 2 5 5.830951894845301 13.038404810405298 1.035247608790961 
24 39 9 6 2 5 5.0990195135927845 13.038404810405298 1.0338328616095156 
24 38 9 6 2 5 5.830951894845301 13.038404810405298 1.014704504732751 
24 37 9 7 2 4 5.0990195135927845 13.038404810405298 1.0132897575513058 
24 36 9 7 2 4 5.830951894845301 13.038404810405298 0.994161400674541 
24 35 9 8 2 3 5.0990195135927845 13.038404810405298 0.9904179863918723 
24 34 9 8 2 2 5.830951894845301 12.0 0.9850958327003493 
24 33 9 8 2 0 5.0990195135927845 12.0 0.9870495359553882 
24 33 9 8 2 1 5.830951894845301 12.0 0.9679211790786234 
24 32 9 9 2 0 5.0990195135927845 12.0 0.9908248486879631 
24 34 9 8 2 2 5.830951894845301 13.038404810405298 0.987017637505482 
24 33 9 8 2 1 5.0990195135927845 12.0 0.9679530775285297 
24 32 9 9 2 0 5.830951894845301 12.0 0.9811368253820655 
24 35 9 9 2 4 5.0990195135927845 15.033296378372908 0.9793172174634256 
24 34 9 9 2 4 5.830951894845301 14.0 0.9679860342348592 
24 32 9 9 2 0 5.0990195135927845 12.165525060596439 0.9736501950662374 
24 33 9 9 2 2 5.830951894845301 13.038404810405298 0.9679860342348592 
24 32 9 9 2 0 5.0990195135927845 12.165525060596439 0.9736501950662374 
24 33 9 9 2 2 5.830951894845301 13.038404810405298 0.9679860342348592 
24 32 9 9 2 0 5.0990195135927845 12.165525060596439 0.987114391111624 
24 33 9 8 2 1 5.830951894845301 12.165525060596439 0.9679860342348592 
24 32 9 9 2 0 5.0990195135927845 12.165525060596439 0.9485772258281104 
24 21 9 9 2 0 5.830951894845301 3.1622776601683795 0.9767015563384737 
24 23 9 8 6 4 4.47213595499958 2.0 0.950900066745246 
24 21 9 9 6 0 5.656854249492381 3.1622776601683795 0.9520853229175441 
24 21 9 9 6 1 4.47213595499958 1.4142135623730951 -1 
