140 140 0 0 14 14 16.0 16.0 1.3734854283103763 
139 138 0 0 19 17 16.0 13.038404810405298 1.414862479173912 
135 137 0 0 22 21 14.142135623730951 15.033296378372908 1.4305364460473624 
131 136 0 0 25 21 14.142135623730951 15.033296378372908 1.4633496808415032 
127 134 0 0 25 26 13.038404810405298 16.0 1.4631241217013966 
123 132 0 0 28 24 13.038404810405298 16.0 1.4788448914393364 
123 131 0 0 38 24 13.038404810405298 16.0 1.4935330380335823 
117 129 0 0 42 23 12.165525060596439 16.0 1.5144343405899705 
113 128 0 0 40 26 13.038404810405298 16.0 1.5291822337140595 
111 127 0 0 41 28 13.038404810405298 16.0 1.5703478150246815 
109 126 0 0 47 33 13.038404810405298 16.0 1.498114487116899 
101 125 0 0 34 20 13.038404810405298 16.0 1.519092224145742 
97 124 0 0 37 21 13.038404810405298 16.0 1.5529745367094938 
93 123 1 0 38 25 13.038404810405298 16.0 1.5719521607846951 
89 122 1 0 35 28 13.038404810405298 16.0 1.57597172800605 
81 121 1 0 28 27 13.038404810405298 16.0 1.5699757508781416 
80 117 1 0 36 26 13.038404810405298 16.0 1.5327131787880959 
76 116 1 0 34 18 13.038404810405298 16.0 1.5931677104941053 
76 115 1 0 35 30 13.038404810405298 16.0 1.5915530407299558 
75 113 1 0 35 31 13.038404810405298 16.0 1.5892416014561277 
69 112 1 0 31 29 13.038404810405298 16.0 1.556342321722408 
61 110 2 0 21 23 13.038404810405298 16.0 1.5743758570408137 
55 106 3 0 16 28 13.038404810405298 16.0 1.5329928900849765 
55 102 3 0 19 23 13.038404810405298 16.0 1.5492778592880265 
54 101 3 0 25 24 13.038404810405298 16.0 1.4979335776011102 
53 97 3 0 26 18 13.038404810405298 14.0 1.5353391428134455 
52 96 3 0 27 25 14.0 14.0 1.539479495626749 
50 95 3 0 28 25 14.0 14.0 1.521452505566796 
44 94 4 0 21 21 14.0 14.0 1.5359330090189174 
43 93 4 0 21 24 13.038404810405298 14.0 1.5218090139189617 
42 92 4 0 20 22 12.0 14.0 1.5097810357293462 
41 90 4 0 20 21 11.045361017187261 14.0 1.5196482386803563 
37 89 4 0 20 21 8.602325267042627 14.0 1.510817463739408 
36 88 4 0 19 20 7.615773105863909 14.0 1.5035543314287605 
32 87 5 0 13 19 7.211102550927978 14.0 1.5040576443763163 
31 86 5 0 14 19 7.0710678118654755 14.0 1.5024696454152504 
29 85 5 0 12 19 4.242640687119285 14.0 1.4947366346760842 
28 83 5 0 12 19 8.246211251235321 14.0 1.4899574081308145 
26 82 6 0 8 19 6.324555320336759 14.0 1.4801268296759844 
24 81 7 0 4 18 3.1622776601683795 14.0 1.451892577755234 
23 80 8 1 2 18 1.4142135623730951 14.0 1.44673328168735 
22 79 9 1 0 18 4.0 14.0 1.4523622481924223 
23 78 9 1 2 20 5.0990195135927845 14.0 1.4470702624896503 
23 77 9 1 2 20 5.0990195135927845 14.0 1.4364745066314857 
23 76 9 1 2 19 5.0990195135927845 14.0 1.4311825209287137 
23 75 9 1 2 19 5.0990195135927845 14.0 1.4258905352259417 
23 74 9 1 2 19 5.0990195135927845 14.0 1.4019455938840317 
23 73 9 2 2 20 5.0990195135927845 14.0 1.382278352422516 
23 71 9 2 2 19 5.0990195135927845 12.165525060596439 1.3815829694109942 
23 70 9 2 4 19 3.1622776601683795 12.165525060596439 1.3673156249322647 
22 69 9 2 3 17 2.8284271247461903 12.165525060596439 1 
