140 140 0 0 14 14 16.0 16.0 1.0950406526766774 
138 139 0 0 17 19 16.0 14.142135623730951 1.09334785280629 
134 138 0 0 16 16 12.0 16.0 1.0972767930636298 
132 137 0 0 21 19 12.0 16.0 1.1010139926578544 
128 133 0 0 22 24 12.649110640673518 16.0 1.1018120944561556 
124 132 0 0 22 24 13.341664064126334 16.0 1.0966467219962803 
120 131 0 0 26 18 13.341664064126334 16.0 1.1122343961971952 
112 130 1 0 19 21 13.341664064126334 16.0 1.1253351231698472 
104 128 2 0 16 22 13.341664064126334 16.0 1.1162670984014946 
102 124 2 0 17 16 13.341664064126334 16.0 1.115932254085709 
100 122 2 0 17 17 13.341664064126334 15.033296378372908 1.1225155231394501 
96 118 2 0 15 25 15.033296378372908 15.033296378372908 1.1355760669646915 
95 116 3 0 17 28 15.033296378372908 15.033296378372908 1.1357392703814853 
93 114 3 0 17 29 15.033296378372908 15.033296378372908 1.128431549166266 
91 112 3 0 18 23 15.033296378372908 15.033296378372908 1.1316500507501153 
89 111 3 0 18 26 15.033296378372908 15.033296378372908 1.1392188451149423 
87 110 3 0 18 33 15.033296378372908 15.033296378372908 1.141143721250425 
83 108 4 0 17 25 15.033296378372908 15.033296378372908 1.138932653174805 
82 107 4 0 20 23 15.033296378372908 15.033296378372908 1.1321652698981337 
78 103 4 0 16 19 15.033296378372908 15.033296378372908 1.13212105189625 
76 102 4 0 16 19 15.033296378372908 15.033296378372908 1.14293281933027 
74 101 5 0 16 19 15.033296378372908 15.033296378372908 1.141066021091367 
73 100 5 0 17 18 15.033296378372908 14.142135623730951 1.1414055003672738 
71 98 5 0 16 20 15.033296378372908 12.649110640673518 1.1434026373379336 
70 97 5 0 18 22 15.033296378372908 12.649110640673518 1.1440522653760343 
66 96 5 0 17 22 15.033296378372908 12.649110640673518 1.1428437201281871 
64 94 5 0 15 22 15.033296378372908 12.649110640673518 1.1405558980018489 
63 92 5 0 16 21 15.033296378372908 12.649110640673518 1.1390061399173792 
62 91 5 0 16 20 15.033296378372908 12.649110640673518 1.138952393903936 
60 90 5 0 16 20 14.0 12.649110640673518 1.1378117358509154 
58 89 5 0 16 19 13.038404810405298 12.649110640673518 1.1529746479491563 
52 88 6 0 12 22 11.40175425099138 12.649110640673518 1.157289019045003 
51 87 6 0 15 26 11.40175425099138 12.649110640673518 1.156566898418463 
47 86 6 0 12 25 11.40175425099138 12.649110640673518 1.1497866957764487 
46 84 6 0 12 20 11.40175425099138 12.649110640673518 1.1493245108872234 
45 83 6 0 12 20 11.40175425099138 12.649110640673518 1.1482663496908274 
44 81 6 0 14 20 11.40175425099138 12.649110640673518 1.1590615244913416 
40 80 7 0 8 20 11.40175425099138 12.649110640673518 1.1585993396021161 
39 79 7 0 8 20 11.40175425099138 12.649110640673518 1.157845517009644 
38 78 7 0 8 20 11.40175425099138 12.083045973594572 1.1617336249013963 
37 77 7 0 8 24 11.40175425099138 12.083045973594572 1.159454099091811 
37 75 7 0 12 23 11.40175425099138 12.083045973594572 1.1668444665718936 
33 74 8 0 5 20 11.40175425099138 12.083045973594572 1.1643381235855113 
32 73 8 0 6 18 10.198039027185569 12.083045973594572 1.1494138881101623 
30 71 8 1 6 18 8.94427190999916 12.083045973594572 1.147395668001234 
29 67 8 1 6 19 8.602325267042627 12.083045973594572 1.1329440991241804 
28 66 8 2 6 19 8.48528137423857 12.083045973594572 1.132610961526029 
27 65 8 2 7 19 7.0710678118654755 12.083045973594572 1.133918743832599 
26 64 8 2 9 21 5.656854249492381 10.770329614269007 1.1402106138464927 
22 63 9 2 2 17 4.47213595499958 10.770329614269007 1.1394700339724613 
21 62 9 2 0 17 5.0990195135927845 10.770329614269007 1.1345551210237752 
21 60 9 2 1 14 1.4142135623730951 10.770329614269007 1 
