140 140 0 0 14 14 16.0 16.0 1.0861244930644733 
139 139 0 0 19 19 16.0 13.038404810405298 1.0872138724902998 
135 138 0 0 22 17 13.038404810405298 15.033296378372908 1.0987338547980274 
131 136 0 0 25 22 14.0 15.033296378372908 1.1107634171453251 
127 134 0 0 25 28 13.038404810405298 16.0 1.1130107436326948 
123 133 0 0 28 27 13.038404810405298 16.0 1.1085639177890214 
123 131 0 0 38 23 13.038404810405298 16.0 1.116858376918247 
117 129 0 0 38 26 12.0 16.0 1.1167394410758424 
113 128 0 0 36 25 13.038404810405298 16.0 1.1189334568196063 
107 126 0 0 34 25 13.038404810405298 16.0 1.1294572795961348 
105 125 0 0 40 29 13.038404810405298 16.0 1.1357205916755282 
95 124 1 0 24 27 13.038404810405298 16.0 1.132913988031727 
94 123 1 0 33 23 13.038404810405298 16.0 1.1457056449072767 
92 122 1 0 33 30 13.038404810405298 16.0 1.147151484252292 
88 121 1 0 45 26 13.038404810405298 16.0 1.1310795056919372 
82 120 1 0 28 19 13.038404810405298 16.0 1.151161903795609 
81 119 2 0 29 25 13.038404810405298 16.0 1.1544323373634366 
77 118 2 0 27 26 13.038404810405298 16.0 1.1446931943173748 
73 117 2 0 24 20 13.038404810405298 15.033296378372908 1.162255867316947 
69 115 3 0 20 25 14.0 15.033296378372908 1.1772336489203952 
69 111 3 0 25 35 14.0 15.033296378372908 1.1970082091061465 
68 110 3 0 27 46 14.0 15.033296378372908 1.1737757063523364 
62 109 4 0 15 28 14.0 15.033296378372908 1.1706453060664306 
58 107 4 0 13 26 14.0 15.033296378372908 1.1804536525825997 
52 106 5 0 12 24 13.038404810405298 15.033296378372908 1.1997573961227277 
46 105 6 0 9 28 13.038404810405298 15.033296378372908 1.1911331493471575 
46 103 6 0 14 23 13.038404810405298 15.033296378372908 1.1895679492042044 
44 102 6 0 13 22 13.038404810405298 15.033296378372908 1.184314110448244 
42 101 6 0 8 20 13.038404810405298 15.033296378372908 1.1923063643669383 
41 99 7 0 8 20 13.038404810405298 15.033296378372908 1.1942570488592839 
40 98 7 0 9 21 13.038404810405298 15.033296378372908 1.1905184230203851 
39 97 7 0 9 19 13.038404810405298 15.033296378372908 1.1997109827804575 
38 96 8 0 9 19 13.038404810405298 15.033296378372908 1.1993741038938739 
37 95 8 0 9 19 12.165525060596439 15.033296378372908 1.1943780593794215 
36 93 8 0 9 17 11.40175425099138 15.033296378372908 1.2030576234961843 
32 92 9 0 2 17 13.038404810405298 15.033296378372908 1.2027207446096004 
31 91 9 0 2 17 12.165525060596439 15.033296378372908 1.2041255339488817 
30 90 9 0 2 18 11.40175425099138 15.033296378372908 1.2011401512863558 
28 89 9 0 2 16 9.055385138137417 15.033296378372908 1.204745426105859 
27 88 9 0 3 18 8.0 15.033296378372908 1.2020274395390462 
23 87 9 0 0 16 4.0 15.033296378372908 1.2009581815357224 
24 86 9 0 2 16 5.0990195135927845 15.033296378372908 1.1998126077320082 
24 85 9 0 2 16 5.830951894845301 15.033296378372908 1.1985575698529658 
24 84 9 0 2 16 5.0990195135927845 15.033296378372908 1.1956784867117998 
24 83 9 0 2 15 5.830951894845301 15.033296378372908 1.1996239768451125 
24 82 9 0 2 18 5.0990195135927845 15.033296378372908 1.1984784030413982 
24 81 9 0 2 18 5.830951894845301 15.033296378372908 1.1972233651623556 
24 80 9 0 2 18 5.0990195135927845 15.033296378372908 1.1890098551596027 
24 76 9 0 2 16 5.830951894845301 15.033296378372908 1.18775481728056 
24 75 9 0 2 16 5.0990195135927845 15.033296378372908 1.1883427528142976 
24 74 9 0 2 17 5.830951894845301 15.033296378372908 1.1888212242727068 
24 73 9 0 2 18 5.0990195135927845 15.033296378372908 1.1876756504689925 
24 72 9 0 2 18 5.830951894845301 15.033296378372908 1.1829535939150466 
24 71 9 0 2 16 5.0990195135927845 15.033296378372908 1.1646428110404548 
24 70 9 1 2 15 5.830951894845301 15.033296378372908 1.1467557675866085 
24 68 9 2 2 15 5.0990195135927845 15.033296378372908 1.1490772124577973 
24 67 9 2 2 17 5.830951894845301 15.033296378372908 1.1396878313875698 
24 65 9 2 2 13 5.0990195135927845 15.033296378372908 1.1385422575838555 
24 64 9 2 2 13 5.830951894845301 15.033296378372908 1.1302192835057745 
24 60 9 2 2 11 5.0990195135927845 15.033296378372908 1.1313404225355852 
24 58 9 2 2 13 5.830951894845301 15.033296378372908 1.1283518753190909 
24 57 9 2 2 12 5.0990195135927845 15.033296378372908 1.1221829298512898 
24 55 9 2 2 10 5.830951894845301 14.142135623730951 1.1209278919722472 
24 54 9 2 2 10 5.0990195135927845 14.142135623730951 1.1083508406060838 
24 52 9 3 2 13 5.830951894845301 14.142135623730951 1.107095802727041 
24 51 9 3 2 13 5.0990195135927845 14.142135623730951 1.1076837382607785 
24 50 9 3 2 14 5.830951894845301 14.142135623730951 1.0880631854694802 
24 48 9 4 2 13 5.0990195135927845 14.142135623730951 1.0767299452155534 
24 46 9 4 2 8 5.830951894845301 13.341664064126334 1.075474907336511 
24 45 9 4 2 8 5.0990195135927845 13.341664064126334 1.0731290276914183 
24 43 9 4 2 8 5.830951894845301 13.341664064126334 1.071873989812376 
24 42 9 4 2 8 5.0990195135927845 13.341664064126334 1.0689949066712099 
24 41 9 4 2 7 5.830951894845301 13.341664064126334 1.0540416783961932 
24 40 9 5 2 8 5.0990195135927845 13.341664064126334 1.0357308955216018 
24 39 9 6 2 7 5.830951894845301 13.341664064126334 1.0362093669800108 
24 38 9 6 2 8 5.0990195135927845 13.341664064126334 1.0315967745013932 
24 37 9 6 2 6 5.830951894845301 13.341664064126334 1.0097728073241452 
24 35 9 7 2 4 5.0990195135927845 12.165525060596439 0.989728515112102 
24 34 9 8 2 2 5.830951894845301 12.165525060596439 0.9867399678956077 
24 33 9 8 2 1 5.0990195135927845 12.165525060596439 0.968429185021016 
24 32 9 9 2 0 5.830951894845301 12.165525060596439 -1 
