140 140 0 0 14 14 16.0 16.0 1.0669834632383264 
138 139 0 0 17 18 16.0 14.142135623730951 1.0731257851787102 
134 138 0 0 16 20 12.649110640673518 16.0 1.070400668195473 
132 136 0 0 16 18 12.649110640673518 16.0 1.0749495255421486 
130 135 0 0 16 22 13.038404810405298 16.0 1.076397813361902 
128 133 0 0 16 24 13.038404810405298 16.0 1.0751676512275736 
126 132 0 0 14 22 13.038404810405298 16.0 1.0783348009814697 
124 131 0 0 16 25 13.038404810405298 16.0 1.0808550207620988 
122 129 0 0 15 28 14.0 16.0 1.0810969779426307 
120 128 0 0 16 28 14.0 16.0 1.0802955839224149 
118 127 0 0 17 27 14.0 16.0 1.074235552308057 
116 125 0 0 18 22 14.0 16.0 1.0802881089426073 
114 124 0 0 18 28 14.0 15.033296378372908 1.0795021513729763 
112 123 0 0 18 27 15.033296378372908 15.033296378372908 1.0803586916401429 
110 122 0 0 16 27 15.033296378372908 15.033296378372908 1.079352436591049 
108 121 0 0 18 26 15.033296378372908 15.033296378372908 1.0792446033995258 
104 120 0 0 18 24 15.033296378372908 15.033296378372908 1.0801686357033156 
100 118 0 0 20 25 15.033296378372908 14.142135623730951 1.0982121601517223 
94 116 1 0 15 28 15.033296378372908 14.142135623730951 1.0874956245633545 
92 115 1 0 13 17 15.033296378372908 14.0 1.092954337747624 
90 114 1 0 14 22 15.033296378372908 14.0 1.0917547586944794 
89 112 1 0 13 22 15.033296378372908 14.0 1.0914355514036085 
88 111 1 0 13 22 15.033296378372908 14.0 1.0983319013957977 
86 110 1 0 13 28 14.0 14.0 1.1091988466868508 
84 109 2 0 13 27 14.0 14.0 1.1034361931893124 
82 105 2 0 13 24 13.038404810405298 14.0 1.1092597842978733 
80 104 2 0 13 29 12.165525060596439 14.0 1.1078972258062547 
79 103 2 0 13 28 12.165525060596439 14.0 1.108279197958822 
77 102 2 0 14 28 11.40175425099138 14.0 1.1032333413857671 
73 100 2 0 13 22 10.770329614269007 14.0 1.1055620009677942 
71 99 2 0 14 24 10.770329614269007 14.0 1.1055800510630915 
69 98 2 0 11 23 10.770329614269007 14.0 1.1086408990356265 
68 96 2 0 10 27 10.295630140987 14.0 1.1047094514131681 
66 95 2 0 11 23 10.295630140987 14.0 1.115202811560493 
65 94 3 0 11 23 10.295630140987 13.038404810405298 1.112314715138782 
63 93 3 0 12 20 10.295630140987 13.038404810405298 1.1171623006887492 
61 92 3 0 12 24 9.055385138137417 13.038404810405298 1.1151661130541397 
60 91 3 0 10 22 9.055385138137417 13.038404810405298 1.1127602033617738 
59 90 3 0 10 20 9.055385138137417 13.038404810405298 1.1258718065384374 
53 89 4 0 14 19 9.055385138137417 13.038404810405298 1.1275477909211176 
51 88 4 0 8 19 9.055385138137417 13.038404810405298 1.1244663704953564 
50 86 4 0 6 17 9.055385138137417 13.038404810405298 1.1245003625276817 
49 85 4 0 5 17 8.246211251235321 13.038404810405298 1.124431151875774 
48 84 4 0 4 17 8.0 13.038404810405298 1.124282237050534 
47 83 4 0 4 17 7.0710678118654755 13.038404810405298 1.1268882223330277 
46 82 4 0 5 20 7.0710678118654755 13.038404810405298 1.131508445345428 
44 81 4 0 5 24 7.0710678118654755 13.038404810405298 1.1183998504503474 
42 80 4 1 5 24 7.0710678118654755 13.038404810405298 1.1264208194257013 
40 76 5 1 3 23 7.0710678118654755 13.038404810405298 1.11975706362564 
39 75 5 1 3 18 10.0 12.165525060596439 1.1214826771458597 
38 73 5 1 3 21 10.0 12.165525060596439 1.1025961617756386 
37 72 5 2 2 16 10.0 12.165525060596439 1.1031956875628985 
36 71 5 2 4 18 10.0 11.045361017187261 1.118519876427878 
32 70 6 2 5 20 10.0 11.045361017187261 1.12790920498151 
30 68 7 2 3 18 10.0 11.40175425099138 1.1276413593219998 
29 67 7 2 4 18 8.602325267042627 11.40175425099138 1.1291367398846386 
27 66 7 2 3 18 4.0 11.40175425099138 1.129022393622646 
26 65 7 2 2 18 4.0 11.40175425099138 1.1288567581474431 
25 64 7 2 2 18 3.1622776601683795 11.40175425099138 1.1285022877929671 
24 63 7 2 1 18 4.47213595499958 11.40175425099138 1.1396465587844866 
23 62 8 2 1 18 4.47213595499958 11.40175425099138 1.1375591369383935 
22 61 8 2 0 17 5.0990195135927845 10.198039027185569 1.1334521527284729 
22 59 8 2 1 15 3.1622776601683795 10.198039027185569 1.1458446359496182 
21 58 9 2 0 16 3.1622776601683795 10.198039027185569 1.1441015275936333 
21 57 9 2 1 16 1.4142135623730951 9.055385138137417 1 
