140 140 0 0 14 14 16.0 16.0 1.4013069739358142 
139 138 0 0 19 17 16.0 13.038404810405298 1.4090561820961358 
135 137 0 0 22 15 14.0 15.033296378372908 1.4373035543983552 
131 136 0 0 25 18 14.0 15.033296378372908 1.4562528457760084 
127 134 0 0 25 21 13.038404810405298 16.0 1.469665803030245 
123 132 0 0 28 22 13.341664064126334 16.0 1.4756161334815099 
123 131 0 0 38 20 13.341664064126334 16.0 1.4942831892768278 
117 130 0 0 38 21 12.165525060596439 16.0 1.5061396182705595 
116 129 0 0 47 20 12.165525060596439 16.0 1.5448718353388002 
110 128 0 0 45 26 12.165525060596439 16.0 1.5485922370119445 
102 127 0 0 42 24 12.165525060596439 16.0 1.5144718944420932 
100 125 0 0 40 19 12.165525060596439 15.033296378372908 1.624039871771608 
96 123 0 0 40 41 14.0 15.033296378372908 1.5845986016801736 
88 122 1 0 34 31 14.0 15.033296378372908 1.5952902790306114 
87 121 1 0 33 34 14.0 15.033296378372908 1.590195924233565 
85 120 1 0 33 33 13.038404810405298 14.142135623730951 1.599647079158068 
85 119 1 0 40 33 13.341664064126334 14.142135623730951 1.5985960466730487 
83 118 1 0 46 30 13.341664064126334 14.142135623730951 1.6097218126146848 
81 117 1 0 39 35 13.341664064126334 14.142135623730951 1.620779874311393 
77 115 1 0 36 38 12.165525060596439 14.142135623730951 1.5807097141338615 
77 113 1 0 38 31 12.165525060596439 14.142135623730951 1.5749529071186117 
71 112 2 0 30 30 12.165525060596439 14.142135623730951 1.6197094227007762 
70 111 2 0 36 37 12.165525060596439 14.142135623730951 1.6067623133005002 
69 110 2 0 40 33 11.045361017187261 14.142135623730951 1.617665839437162 
68 109 2 0 39 36 10.0 14.142135623730951 1.5722206499719 
62 108 2 0 28 29 10.0 13.038404810405298 1.5588383629574507 
61 104 2 0 32 28 9.486832980505138 13.038404810405298 1.594723187453257 
60 103 2 0 29 37 9.486832980505138 13.038404810405298 1.5785196576035883 
59 99 3 0 33 35 9.486832980505138 13.038404810405298 1.5686757340131825 
61 98 3 0 36 34 9.486832980505138 13.038404810405298 1.558078646836298 
60 96 3 0 42 31 9.055385138137417 12.165525060596439 1.5316621806060366 
56 94 3 0 40 26 10.0 12.165525060596439 1.536267017671675 
50 93 4 0 37 25 10.0 12.165525060596439 1.5235663887773407 
50 92 4 0 38 23 10.0 12.165525060596439 1.5471867865303013 
46 91 5 0 33 28 10.0 12.165525060596439 1.5622370712498572 
45 90 5 0 34 31 8.94427190999916 12.165525060596439 1.5616595273465228 
44 89 5 0 37 30 8.94427190999916 12.165525060596439 1.5245319867278562 
40 88 6 0 31 23 8.94427190999916 12.165525060596439 1.5177880436391447 
32 87 7 0 17 23 7.0710678118654755 12.165525060596439 1.5035236342546783 
26 86 8 0 7 21 4.47213595499958 12.165525060596439 1.5076599177964178 
26 85 8 0 9 22 4.0 12.165525060596439 1.5005690158155334 
27 84 8 0 12 21 5.656854249492381 12.165525060596439 1.5252489027614893 
27 83 8 0 12 27 4.0 12.165525060596439 1.5114924094638231 
26 82 8 0 11 25 4.0 12.165525060596439 1.5064987200125524 
26 81 8 0 11 25 4.0 12.165525060596439 1.4847031404419841 
28 80 7 0 14 22 4.0 12.165525060596439 1.4710467060490608 
27 79 8 0 12 20 4.0 12.165525060596439 1.468870321911233 
27 78 8 0 11 21 4.0 12.165525060596439 1.4638766324599624 
27 77 8 0 11 21 4.0 12.165525060596439 1.4539933088790706 
27 76 8 0 11 20 4.0 12.165525060596439 1.4489996194277999 
27 75 8 0 11 20 4.0 12.165525060596439 1.4390122405252583 
27 73 8 0 11 20 4.0 12.165525060596439 1.4340185510739876 
27 72 8 0 11 20 4.0 12.165525060596439 1.415293647520841 
27 70 8 0 11 19 4.0 10.0 1.4242238839611672 
27 69 8 0 13 21 4.0 10.0 1.409450926250655 
27 68 8 0 13 19 4.0 10.0 1.409346870929005 
27 67 8 0 13 20 4.0 10.0 1.3945739132184924 
27 66 8 0 13 18 4.0 10.0 1.384586534315951 
27 64 8 0 13 18 4.0 10.0 1.3747032107350594 
27 63 8 0 13 17 4.0 10.0 1.3745991554134094 
27 62 8 0 13 18 4.0 10.0 1.367926993318677 
27 61 8 0 13 18 4.0 9.055385138137417 1.3703293554044036 
26 60 8 0 8 21 4.0 9.055385138137417 1.3358097526399202 
25 58 8 1 8 20 3.1622776601683795 9.055385138137417 1.3200380619962577 
24 56 8 2 8 23 6.324555320336759 9.055385138137417 1.3108632501185415 
24 55 8 2 8 22 2.8284271247461903 9.055385138137417 1.3020639422487572 
28 54 7 2 15 21 5.656854249492381 10.0 1.2976647097298408 
24 53 8 2 8 21 2.8284271247461903 10.0 1.2641817213918167 
28 51 7 3 15 21 5.656854249492381 10.0 1.2548928547432794 
24 50 8 3 8 20 2.8284271247461903 10.0 1.2395254401004128 
28 49 7 3 15 18 5.656854249492381 10.0 1.227120291297043 
24 48 8 3 8 17 2.8284271247461903 8.246211251235321 1.208410260669531 
28 47 7 4 15 19 5.656854249492381 8.246211251235321 1.1893421257617522 
24 46 8 4 8 16 2.8284271247461903 8.246211251235321 1.1915813096523054 
28 45 7 4 15 17 5.656854249492381 9.899494936611665 1.1822924430037682 
24 44 8 4 8 16 2.8284271247461903 9.899494936611665 1.1815939307497638 
28 43 7 4 15 17 5.656854249492381 9.899494936611665 1.1723050641012267 
24 42 8 4 8 16 2.8284271247461903 9.899494936611665 1.176496185976843 
28 41 7 4 15 18 5.656854249492381 9.899494936611665 1.1720969534579266 
24 40 8 4 8 18 2.8284271247461903 9.899494936611665 1.151735849363789 
28 38 7 4 15 16 5.656854249492381 9.899494936611665 1.137557348585631 
24 37 8 4 8 14 2.8284271247461903 9.899494936611665 1.0942950919883654 
28 35 7 5 15 12 5.656854249492381 9.899494936611665 1.0572154387070791 
24 34 8 6 8 10 2.8284271247461903 9.899494936611665 1.0565169264530747 
28 33 7 6 15 11 5.656854249492381 9.899494936611665 1.019437273171789 
24 32 8 7 8 9 2.8284271247461903 9.899494936611665 1.0138491267881635 
28 31 7 7 15 9 5.656854249492381 9.899494936611665 0.9953808235400861 
24 29 8 7 8 7 2.8284271247461903 10.295630140987 0.9521185669428206 
28 27 7 8 15 5 5.656854249492381 10.295630140987 0.9453181253028056 
24 26 8 8 8 5 2.8284271247461903 8.94427190999916 0.9299507106599387 
28 25 7 8 15 3 5.656854249492381 8.94427190999916 0.9134116193494491 
24 24 8 8 8 1 2.8284271247461903 7.615773105863909 0.9006394924128527 
28 23 7 8 15 0 5.656854249492381 6.324555320336759 0.929593436279163 
24 25 8 8 8 4 2.8284271247461903 5.656854249492381 0.9071272231847356 
28 23 7 8 15 2 5.656854249492381 4.47213595499958 0.8627264119743376 
24 21 8 9 8 0 2.8284271247461903 3.1622776601683795 0.9338886134764294 
28 25 7 8 15 5 5.656854249492381 5.656854249492381 0.924909098444952 
24 24 8 8 8 4 2.8284271247461903 5.830951894845301 0.9018619044649666 
28 22 7 8 15 1 5.656854249492381 7.0710678118654755 0.8696718853133013 
24 21 8 9 8 0 2.8284271247461903 7.0710678118654755 0.9018619044649666 
28 22 7 8 15 1 5.656854249492381 7.0710678118654755 0.8696718853133013 
24 21 8 9 8 0 2.8284271247461903 7.0710678118654755 0.9169064914439771 
28 23 7 8 15 4 5.656854249492381 4.47213595499958 0.9024563613973209 
24 22 8 8 8 1 2.8284271247461903 7.0710678118654755 0.8621319550419831 
28 21 7 9 15 0 5.656854249492381 3.1622776601683795 0.9159028517340693 
24 23 8 8 8 3 2.8284271247461903 6.324555320336759 0.8934681659073159 
28 22 7 8 15 0 5.656854249492381 5.0990195135927845 0.9159028517340693 
24 23 8 8 8 3 2.8284271247461903 6.324555320336759 0.9018619044649666 
28 22 7 8 15 1 5.656854249492381 7.0710678118654755 0.8627264119743376 
24 21 8 9 8 0 2.8284271247461903 3.1622776601683795 0.8792323812303368 
28 22 7 9 15 2 5.656854249492381 4.47213595499958 0.8661677808852714 
24 21 8 9 8 0 2.8284271247461903 5.0990195135927845 0.9104187606720943 
28 23 7 8 15 2 5.656854249492381 6.324555320336759 0.9024563613973209 
24 22 8 8 8 1 2.8284271247461903 7.0710678118654755 0.8655733239529169 
28 21 7 9 15 0 5.656854249492381 5.0990195135927845 0.8627264119743376 
24 21 8 9 8 0 2.8284271247461903 3.1622776601683795 0.8935975520803062 
28 23 7 9 15 4 5.656854249492381 4.242640687119285 0.8645099359995913 
24 21 8 9 8 1 2.8284271247461903 1.4142135623730951 -1 
