140 140 0 0 14 14 16.0 16.0 1.0642645543558213 
138 138 0 0 17 17 16.0 14.142135623730951 1.074412271384081 
134 137 0 0 16 21 13.038404810405298 16.0 1.0728097806497925 
132 135 0 0 21 19 13.038404810405298 16.0 1.076185279059504 
128 134 0 0 22 19 13.038404810405298 16.0 1.0744673479797484 
124 132 0 0 22 17 14.0 16.0 1.079727176645898 
120 130 0 0 22 19 14.142135623730951 16.0 1.0914173274576093 
116 129 0 0 22 24 14.142135623730951 16.0 1.0856488680503427 
112 128 0 0 23 19 14.142135623730951 15.033296378372908 1.0894816491109356 
108 127 0 0 21 20 15.033296378372908 15.033296378372908 1.0938603696962692 
106 126 0 0 21 22 15.033296378372908 15.033296378372908 1.1034283801600475 
105 125 0 0 24 27 15.033296378372908 14.142135623730951 1.1067783299405742 
101 124 0 0 17 29 15.033296378372908 14.142135623730951 1.125464339029828 
97 122 1 0 18 33 15.033296378372908 14.142135623730951 1.1334731726152791 
93 121 2 0 16 31 14.142135623730951 14.142135623730951 1.1185470114598182 
91 117 2 0 16 24 14.142135623730951 14.142135623730951 1.1182418969344972 
89 115 2 0 16 24 14.142135623730951 14.142135623730951 1.1144345314699557 
87 113 2 0 16 22 14.142135623730951 14.142135623730951 1.1240666284641196 
85 112 2 0 16 27 14.142135623730951 14.142135623730951 1.1227637720091646 
83 111 2 0 19 25 14.142135623730951 14.142135623730951 1.112973637506352 
82 110 2 0 17 20 14.142135623730951 14.142135623730951 1.1245138040504472 
78 109 3 0 15 20 14.142135623730951 14.142135623730951 1.1235051016288369 
74 108 3 0 14 18 14.142135623730951 14.142135623730951 1.123499621382849 
72 107 3 0 12 18 14.142135623730951 14.142135623730951 1.151240892099486 
68 106 4 0 11 27 14.142135623730951 14.142135623730951 1.1374778044509124 
67 102 4 0 12 21 14.142135623730951 14.142135623730951 1.137573234403925 
66 100 4 0 12 22 14.142135623730951 13.341664064126334 1.1267253480590016 
64 98 4 0 12 16 13.038404810405298 13.341664064126334 1.1259453714256242 
62 96 4 0 11 16 12.0 13.341664064126334 1.134574246244166 
58 95 4 0 12 19 12.0 13.341664064126334 1.135860537277002 
56 94 4 0 13 19 11.045361017187261 13.341664064126334 1.1349267431281445 
54 93 4 0 14 18 10.198039027185569 12.165525060596439 1.1430322129512944 
52 92 5 0 13 17 10.198039027185569 12.0 1.1450615771210078 
48 91 5 0 11 17 9.486832980505138 12.0 1.1488910261564889 
47 90 5 0 16 18 8.246211251235321 12.165525060596439 1.1604184183859918 
43 89 6 0 10 19 8.246211251235321 12.165525060596439 1.1667925826707164 
41 87 6 0 13 22 11.40175425099138 12.165525060596439 1.1628381401895025 
40 85 6 0 15 20 11.40175425099138 12.165525060596439 1.1573834380948855 
36 84 6 0 8 17 9.899494936611665 12.165525060596439 1.1664116626270515 
35 83 7 0 8 17 9.899494936611665 11.40175425099138 1.1722050229892615 
35 82 7 0 12 20 8.602325267042627 11.40175425099138 1.1765524585954557 
34 80 7 0 9 24 8.602325267042627 11.40175425099138 1.173365895704622 
30 78 7 0 6 22 5.0990195135927845 11.40175425099138 1.1700049854321193 
30 77 7 0 9 20 5.0990195135927845 11.40175425099138 1.1784580712498929 
29 76 8 0 7 20 5.0990195135927845 11.40175425099138 1.1754994237296756 
27 74 8 0 5 19 4.47213595499958 11.40175425099138 1.171933998592891 
26 73 8 0 5 17 7.211102550927978 11.40175425099138 1.1720246181309502 
26 72 8 0 8 17 5.656854249492381 11.40175425099138 1.1869349240131528 
22 71 9 0 2 20 2.0 11.40175425099138 1.1863222753291385 
21 70 9 0 1 20 1.4142135623730951 11.40175425099138 1 
