140 140 0 0 14 14 16.0 16.0 1.0580914365360208 
138 138 0 0 17 17 16.0 14.142135623730951 1.0619325571784854 
134 137 0 0 16 18 13.038404810405298 16.0 1.0686584115294553 
132 136 0 0 21 21 13.038404810405298 16.0 1.068731496014643 
128 134 0 0 22 20 13.038404810405298 16.0 1.0751396922822907 
124 133 0 0 22 23 13.038404810405298 16.0 1.0759189802194498 
120 131 0 0 22 23 13.038404810405298 15.033296378372908 1.0763831013607734 
116 129 0 0 24 22 15.033296378372908 15.033296378372908 1.0746817769193389 
112 123 0 0 26 22 15.033296378372908 15.033296378372908 1.0884190383585637 
104 122 1 0 22 22 15.033296378372908 15.033296378372908 1.0848639652801741 
102 118 1 0 22 21 15.033296378372908 15.033296378372908 1.085487172889853 
98 117 1 0 18 21 15.033296378372908 15.033296378372908 1.1143338765097237 
97 116 2 0 18 34 15.033296378372908 15.033296378372908 1.1259464029303923 
96 114 2 0 26 41 15.033296378372908 14.142135623730951 1.1241656136343254 
84 113 3 0 15 30 14.142135623730951 14.142135623730951 1.1133060347378188 
82 109 3 0 15 24 14.142135623730951 14.0 1.1054593747123687 
81 107 3 0 17 19 14.0 13.341664064126334 1.1049920313322945 
77 106 3 0 14 18 14.0 13.341664064126334 1.1051941061781303 
76 105 3 0 15 18 14.0 13.341664064126334 1.108582533012012 
72 104 3 0 15 19 14.0 13.038404810405298 1.1207728401356534 
70 103 4 0 15 20 14.0 13.038404810405298 1.1209956099175933 
68 102 4 0 14 20 14.0 13.038404810405298 1.1353463240846355 
67 101 5 0 14 23 14.0 13.038404810405298 1.1322901530843754 
66 100 5 0 14 21 14.0 13.038404810405298 1.1368203298299557 
66 99 5 0 17 24 14.0 13.038404810405298 1.1395832495469314 
64 98 5 0 15 26 14.0 13.038404810405298 1.13436667150327 
62 97 5 0 15 22 14.0 13.038404810405298 1.1220362927320084 
60 96 5 1 16 23 14.0 13.038404810405298 1.1266078593497968 
58 95 5 1 15 26 14.0 13.038404810405298 1.12536033525035 
57 94 5 1 16 25 14.0 13.038404810405298 1.131062133430846 
53 93 6 1 14 21 14.0 13.038404810405298 1.144743429371978 
49 92 7 1 10 23 14.0 13.038404810405298 1.1374811411311696 
48 88 7 1 11 20 13.038404810405298 12.0 1.1269521214477785 
47 87 7 2 11 23 13.038404810405298 12.0 1.1329732870108498 
45 86 7 2 10 27 13.038404810405298 12.0 1.1317202136517914 
43 85 7 2 9 26 11.40175425099138 12.0 1.1319165736223744 
42 84 7 2 10 26 11.045361017187261 12.0 1.1295947832560393 
40 83 7 2 10 24 10.770329614269007 12.0 1.1297969717742131 
38 82 7 2 9 24 9.486832980505138 12.0 1.1270998487294832 
37 81 7 2 10 22 9.486832980505138 12.0 1.1243828319332834 
36 80 7 2 11 20 8.246211251235321 12.0 1.127845003774392 
34 79 7 2 11 22 7.0710678118654755 12.0 1.1317092823279749 
30 78 7 2 8 24 6.0 12.0 1.1420702476146989 
29 77 8 2 9 24 6.0 12.0 1.1383226889186753 
27 76 8 2 9 21 7.211102550927978 12.0 1.1352225977456036 
26 75 8 2 9 19 4.47213595499958 12.0 1.1434365631120886 
24 74 9 2 6 18 4.47213595499958 12.0 1.1411325900821554 
22 73 9 2 2 17 4.47213595499958 12.0 1.140267573332307 
21 72 9 2 0 17 5.0990195135927845 12.0 1.1396717703328398 
21 71 9 2 1 17 1.4142135623730951 12.0 1 
