140 140 0 0 14 14 16.0 16.0 1.0142980864676785 
138 138 0 0 17 17 16.0 14.142135623730951 1.0196495777529113 
134 136 0 0 16 18 13.038404810405298 16.0 1.020577990995678 
132 135 0 0 16 18 13.038404810405298 16.0 1.0195835720774626 
130 134 0 0 16 16 13.038404810405298 16.0 1.0221515032347144 
128 132 0 0 16 19 14.0 16.0 1.024743161252115 
126 130 0 0 14 21 14.0 16.0 1.022451160630594 
124 129 0 0 16 19 14.0 15.033296378372908 1.0252912354003085 
122 128 0 0 15 21 15.033296378372908 15.033296378372908 1.0268484555782162 
120 127 0 0 16 22 15.033296378372908 15.033296378372908 1.0226737896766211 
118 125 0 0 17 18 15.033296378372908 15.033296378372908 1.0242310098545289 
116 124 0 0 18 19 15.033296378372908 15.033296378372908 1.0261208391777863 
114 123 0 0 18 20 15.033296378372908 15.033296378372908 1.0289720845815347 
112 122 0 0 18 22 15.033296378372908 15.033296378372908 1.031823329985283 
110 121 0 0 18 24 15.033296378372908 15.033296378372908 1.0336435460673734 
106 120 0 0 18 23 15.033296378372908 15.033296378372908 1.0307629053916194 
104 118 0 0 18 20 15.033296378372908 15.033296378372908 1.0316913186343861 
102 117 0 0 18 20 15.033296378372908 15.033296378372908 1.0307335101196142 
100 115 0 0 18 19 15.033296378372908 15.033296378372908 1.03580719399197 
96 113 0 0 17 22 15.033296378372908 15.033296378372908 1.0370682163800868 
94 112 0 0 16 22 15.033296378372908 15.033296378372908 1.0525002832073074 
88 111 1 0 13 20 15.033296378372908 15.033296378372908 1.052538498345726 
87 110 1 0 10 19 15.033296378372908 15.033296378372908 1.0509959385516972 
86 109 1 0 10 18 15.033296378372908 14.142135623730951 1.0522681315738474 
84 108 1 0 10 18 14.0 14.142135623730951 1.0554393016275356 
82 107 1 0 10 20 13.038404810405298 14.142135623730951 1.0547352915543513 
80 106 1 0 10 18 12.165525060596439 14.142135623730951 1.055884810040987 
76 104 1 0 10 17 11.40175425099138 14.142135623730951 1.0563876369672578 
74 103 1 0 11 17 11.40175425099138 14.0 1.063033231767958 
73 102 1 0 9 23 10.770329614269007 14.0 1.0759716609047654 
67 101 2 0 9 19 9.486832980505138 14.0 1.0800805201787953 
65 100 2 0 11 23 9.486832980505138 14.0 1.080749346035214 
63 98 2 0 9 23 9.486832980505138 14.0 1.0813451501326306 
61 97 2 0 10 23 9.486832980505138 14.0 1.0930013649269386 
57 95 3 0 10 21 9.486832980505138 14.0 1.0908642869534995 
56 94 3 0 9 18 8.246211251235321 14.0 1.0940829481231813 
55 93 3 0 8 21 8.246211251235321 14.0 1.0962633136023552 
51 92 3 0 12 22 8.94427190999916 14.0 1.1123882124345703 
47 91 4 0 9 22 7.0710678118654755 14.0 1.1224872070509706 
45 90 5 0 8 19 7.0710678118654755 14.0 1.129183901949586 
43 89 5 0 9 26 7.0710678118654755 13.038404810405298 1.1266340666363224 
42 88 5 0 8 23 7.0710678118654755 13.038404810405298 1.1279298956450228 
41 87 5 0 7 24 7.0710678118654755 13.038404810405298 1.1203739392600651 
40 83 5 0 8 19 6.0 13.038404810405298 1.1229637934946066 
39 82 5 0 6 21 6.0 13.038404810405298 1.1258498455189385 
38 81 5 0 6 24 6.0 13.038404810405298 1.1248199061167259 
37 80 5 0 5 23 7.211102550927978 13.038404810405298 1.1238602938190947 
36 79 5 0 5 22 7.211102550927978 13.038404810405298 1.1212814224781307 
35 78 6 1 5 21 7.211102550927978 13.038404810405298 1.1203956975117975 
34 77 6 1 4 19 5.0990195135927845 13.038404810405298 1.1067234126362178 
33 76 6 2 5 19 5.0990195135927845 13.038404810405298 1.1185365306616175 
32 75 7 2 4 19 5.830951894845301 13.038404810405298 1.1137312540420223 
31 74 7 2 4 14 5.830951894845301 13.038404810405298 1.1170693868573067 
30 73 7 2 4 17 4.47213595499958 13.038404810405298 1.114909978538495 
29 72 7 2 3 15 4.47213595499958 12.165525060596439 1.1160302789818666 
28 71 7 2 3 16 4.0 12.165525060596439 1.1154032758295853 
27 70 7 2 2 15 4.0 12.165525060596439 1.115683791516599 
26 69 7 2 2 15 3.1622776601683795 12.165525060596439 1.1164048965555695 
25 68 7 2 1 15 2.0 12.165525060596439 1.1285656548185057 
23 67 8 2 0 15 4.47213595499958 12.165525060596439 1.1276408491414578 
23 66 8 2 0 15 4.47213595499958 12.165525060596439 1.126930299546561 
23 65 8 2 1 15 2.8284271247461903 12.165525060596439 1.1410809439195286 
21 64 9 2 0 17 5.0990195135927845 12.165525060596439 1.1410494714341937 
21 63 9 2 1 17 1.4142135623730951 12.165525060596439 1 
