140 140 0 0 14 14 16.0 16.0 1.4058021651967298 
138 139 0 0 17 17 16.0 14.142135623730951 1.4320890585473414 
134 138 0 0 16 19 12.165525060596439 16.0 1.467366529332879 
132 137 0 0 21 23 12.165525060596439 16.0 1.4563785947942587 
128 136 0 0 22 19 13.341664064126334 16.0 1.4669950482519085 
124 135 0 0 22 19 13.341664064126334 16.0 1.4772128294675297 
120 133 0 0 22 20 14.0 16.0 1.493595958891546 
116 132 0 0 22 21 14.0 16.0 1.5424005602326976 
112 131 0 0 25 27 14.0 15.033296378372908 1.523902116185864 
106 129 1 0 18 24 15.033296378372908 15.033296378372908 1.5247428956689346 
102 127 2 0 16 24 15.033296378372908 15.033296378372908 1.5039282385635089 
100 125 2 0 16 21 15.033296378372908 15.033296378372908 1.5059498293427416 
98 121 2 0 16 24 15.033296378372908 15.033296378372908 1.5063006325089179 
97 120 2 0 20 23 15.033296378372908 15.033296378372908 1.5038330474214543 
91 119 3 0 15 21 15.033296378372908 15.033296378372908 1.4889002942727971 
89 118 3 0 15 18 15.033296378372908 15.033296378372908 1.5201009488550676 
87 117 3 0 15 23 15.033296378372908 15.033296378372908 1.522305222464768 
86 115 3 0 20 23 15.033296378372908 15.033296378372908 1.5207399209164825 
82 114 3 0 18 22 15.033296378372908 14.0 1.5231071956669227 
80 113 3 0 18 22 15.033296378372908 14.0 1.531125918393327 
78 111 3 0 18 24 15.033296378372908 14.0 1.5526225001413785 
76 110 3 0 16 28 15.033296378372908 14.0 1.585652433822162 
74 109 3 0 14 34 15.033296378372908 14.0 1.5705505441234622 
68 108 4 0 11 29 13.341664064126334 14.0 1.5363490646417806 
66 107 4 0 10 23 13.341664064126334 14.0 1.5306785445157747 
65 105 4 0 11 23 13.341664064126334 14.0 1.5116453933585237 
64 103 4 0 14 20 13.341664064126334 14.0 1.5381417553217458 
58 102 5 0 9 23 13.038404810405298 14.0 1.5460885135528009 
57 101 5 0 11 24 13.038404810405298 14.0 1.5565655476750369 
53 100 5 0 8 25 13.038404810405298 14.0 1.514235236671517 
52 96 5 0 11 20 13.038404810405298 14.0 1.5152194340628304 
48 95 6 0 6 20 12.649110640673518 14.0 1.5194370015186562 
47 94 6 0 6 21 12.165525060596439 14.0 1.5198273611395194 
45 93 6 0 6 21 11.40175425099138 13.038404810405298 1.5281147557258394 
43 92 6 0 6 22 11.045361017187261 13.038404810405298 1.5347842388852555 
41 91 6 0 8 22 10.198039027185569 13.038404810405298 1.5358875988125666 
37 89 6 0 6 22 9.486832980505138 13.038404810405298 1.53992115152078 
36 87 6 0 9 23 9.486832980505138 13.038404810405298 1.51157865357233 
35 85 6 0 7 20 8.246211251235321 13.038404810405298 1.4924060830796655 
34 83 6 0 7 18 8.246211251235321 13.038404810405298 1.504307023807536 
33 81 6 0 8 21 7.615773105863909 13.038404810405298 1.5043312151525472 
33 80 6 0 11 21 7.615773105863909 13.038404810405298 1.4987696389100045 
27 79 7 0 4 19 5.656854249492381 13.038404810405298 1.489037392019169 
26 77 7 0 4 19 5.656854249492381 12.165525060596439 1.483294907397814 
26 76 7 0 7 18 5.656854249492381 12.165525060596439 1.4717806310113934 
25 74 7 0 6 18 5.830951894845301 11.40175425099138 1.4690164139153759 
25 73 7 0 7 18 3.1622776601683795 11.40175425099138 1.4629368124042204 
26 72 7 0 10 18 4.242640687119285 10.770329614269007 1.4521713908531564 
24 71 8 0 6 17 3.1622776601683795 10.770329614269007 1.4488199353408469 
22 70 9 0 3 17 2.8284271247461903 10.770329614269007 1 
