140 140 0 0 14 14 16.0 16.0 1.0598663134012414 
138 139 0 0 17 17 16.0 14.142135623730951 1.0655537728682356 
134 138 0 0 16 19 12.165525060596439 16.0 1.0651547071751675 
132 134 0 0 16 21 12.649110640673518 16.0 1.0632844036549003 
130 133 0 0 16 19 14.0 16.0 1.0648971307120136 
128 131 0 0 16 21 14.0 16.0 1.0655964148471953 
126 130 0 0 14 21 14.0 16.0 1.0679288565345806 
124 129 0 0 16 23 14.0 16.0 1.0652644434083052 
122 128 0 0 15 20 14.142135623730951 16.0 1.0666522687396487 
120 127 0 0 16 21 14.142135623730951 16.0 1.0685536733664573 
118 126 0 0 17 23 14.142135623730951 15.033296378372908 1.0645641311828071 
116 124 0 0 18 20 15.033296378372908 15.033296378372908 1.062346646424959 
114 123 0 0 18 18 15.033296378372908 14.142135623730951 1.07351639476008 
112 122 0 0 18 28 15.033296378372908 14.142135623730951 1.069668987991454 
110 121 0 0 18 24 15.033296378372908 14.142135623730951 1.0696041951097779 
104 120 0 0 19 21 15.033296378372908 14.142135623730951 1.080369452949572 
103 119 1 0 21 21 15.033296378372908 14.142135623730951 1.0808068941428632 
99 115 1 0 17 22 15.033296378372908 14.0 1.1040032552573023 
91 114 2 0 15 29 15.033296378372908 13.038404810405298 1.105519118168586 
89 113 2 0 15 30 15.033296378372908 13.038404810405298 1.1059623271438876 
87 112 2 0 15 30 15.033296378372908 13.038404810405298 1.0992498978730252 
85 110 2 0 13 24 15.033296378372908 13.038404810405298 1.0949008178484152 
84 108 2 0 13 21 14.142135623730951 13.038404810405298 1.09476256502093 
83 107 2 0 12 21 14.142135623730951 13.038404810405298 1.0929324285443276 
81 106 2 0 13 19 14.142135623730951 13.038404810405298 1.106227106995906 
80 105 3 0 12 21 14.142135623730951 13.038404810405298 1.1038332065900882 
79 104 3 0 12 19 14.0 13.038404810405298 1.1054688015547849 
77 103 3 0 12 20 13.038404810405298 13.038404810405298 1.1092386580781004 
75 102 3 0 12 23 12.165525060596439 13.038404810405298 1.1119222750759912 
73 101 3 0 12 25 11.40175425099138 13.038404810405298 1.1102987973799634 
71 100 3 0 12 23 10.770329614269007 13.038404810405298 1.1129841783730585 
69 98 3 0 12 26 10.770329614269007 13.038404810405298 1.1197943801095795 
67 97 3 0 13 32 10.295630140987 13.038404810405298 1.1266370173723101 
63 96 3 0 15 37 11.313708498984761 13.038404810405298 1.1248643271583072 
57 94 4 0 19 23 10.0 13.038404810405298 1.1277508355385837 
53 93 4 0 11 23 10.0 13.038404810405298 1.144593010903797 
47 92 5 0 10 25 10.0 13.038404810405298 1.1431469871670148 
45 91 5 0 8 23 10.0 13.038404810405298 1.1498844609214842 
44 90 5 0 8 30 10.0 12.165525060596439 1.1584941956417691 
42 88 6 0 8 28 10.0 12.165525060596439 1.1551379810063382 
41 87 6 0 7 25 10.0 12.165525060596439 1.1540239383887005 
40 85 6 0 6 25 10.0 12.165525060596439 1.1548303019172572 
39 84 6 0 6 26 10.0 12.165525060596439 1.151648117338955 
38 83 6 0 5 23 8.602325267042627 12.165525060596439 1.1510681522004118 
37 82 6 0 4 23 8.602325267042627 11.40175425099138 1.1518745157289683 
36 81 6 0 4 24 8.602325267042627 11.40175425099138 1.1470824926043006 
34 80 6 0 3 19 8.602325267042627 11.40175425099138 1.1581038256039748 
33 79 7 0 3 19 8.602325267042627 11.40175425099138 1.1581387994672612 
32 78 7 0 2 19 7.211102550927978 11.40175425099138 1.1546983577363537 
31 77 7 0 3 16 5.830951894845301 11.40175425099138 1.1545601049088685 
30 76 7 0 2 16 5.830951894845301 11.40175425099138 1.1554076224512537 
29 75 7 0 3 17 4.47213595499958 11.40175425099138 1.162777947175642 
28 74 7 0 2 24 4.47213595499958 11.40175425099138 1.1570554076104944 
27 73 7 0 4 19 3.1622776601683795 11.40175425099138 1.1586993081017183 
25 72 7 0 3 20 3.1622776601683795 11.40175425099138 1.1707868123066392 
24 71 8 0 2 21 4.242640687119285 11.40175425099138 1.1712514277176087 
22 70 8 0 1 21 5.0990195135927845 11.40175425099138 1.1880052194320805 
21 69 9 0 0 26 3.1622776601683795 11.40175425099138 1.1860463965608559 
21 68 9 0 1 25 1.4142135623730951 11.40175425099138 1 
