140 140 0 0 14 14 16.0 16.0 1.0822386469447116 
139 138 0 0 19 17 16.0 13.038404810405298 1.0944725386273746 
135 137 0 0 22 22 14.142135623730951 15.033296378372908 1.096872370939335 
131 135 0 0 25 22 14.142135623730951 15.033296378372908 1.0992160094690162 
127 134 0 0 25 22 13.341664064126334 16.0 1.1109560303216355 
123 133 0 0 28 27 14.142135623730951 16.0 1.1063869506048494 
123 132 0 0 38 22 14.142135623730951 16.0 1.111597213366579 
117 131 0 0 38 23 13.038404810405298 16.0 1.1110845089228971 
113 130 0 0 36 22 13.038404810405298 16.0 1.117068890418682 
107 129 0 0 34 24 13.038404810405298 16.0 1.1283645397816024 
105 128 0 0 43 28 13.038404810405298 16.0 1.122238341239956 
99 126 1 0 29 21 13.038404810405298 15.033296378372908 1.131652939318977 
95 125 1 0 34 24 14.0 15.033296378372908 1.1497457764565884 
94 123 1 0 44 33 14.0 15.033296378372908 1.1510846775218186 
86 119 2 0 29 31 14.0 15.033296378372908 1.1609866369501525 
84 118 2 0 42 33 14.0 15.033296378372908 1.1527461476674297 
80 117 2 0 41 27 14.0 15.033296378372908 1.1509664883425845 
79 115 2 0 48 25 13.038404810405298 14.0 1.148281307375847 
75 114 2 0 45 23 12.165525060596439 14.0 1.1783358472305092 
71 113 3 0 42 35 12.165525060596439 14.0 1.1787481001994522 
65 112 4 0 18 34 12.165525060596439 14.0 1.186950628206251 
59 111 5 0 14 32 12.165525060596439 14.0 1.1948035699317612 
59 110 5 0 26 34 12.165525060596439 14.0 1.1865543474299955 
58 109 5 0 30 28 12.165525060596439 14.0 1.200752174116992 
48 108 6 0 8 33 10.0 14.0 1.2005924195827844 
44 107 7 0 7 26 10.0 14.0 1.1966370075016923 
42 106 7 0 8 23 10.0 14.0 1.2068279078589583 
40 104 7 0 7 30 10.0 13.341664064126334 1.2003866664688074 
40 103 7 0 13 25 10.198039027185569 13.341664064126334 1.2224884026064151 
34 101 8 0 6 33 10.198039027185569 13.341664064126334 1.2112099537640308 
33 97 8 0 7 28 10.198039027185569 13.341664064126334 1.2132195440651306 
33 96 8 0 10 29 10.770329614269007 13.341664064126334 1.2147764973868274 
29 95 9 0 2 25 12.165525060596439 13.341664064126334 1.2160667836430925 
28 94 9 0 2 26 11.40175425099138 13.341664064126334 1.2164040854964822 
27 93 9 0 7 25 10.198039027185569 13.341664064126334 1.2107841147901366 
23 91 9 0 4 22 6.324555320336759 13.341664064126334 1.2093439975746116 
21 90 9 0 0 22 5.656854249492381 13.341664064126334 1.2070582890873913 
21 88 9 0 0 22 4.0 13.341664064126334 1.2062046359449972 
22 87 9 0 2 22 5.0990195135927845 13.341664064126334 1.2051710246934966 
22 86 9 0 2 22 5.830951894845301 13.341664064126334 1.202395067883159 
22 85 9 0 2 21 5.0990195135927845 13.341664064126334 1.2002766017513387 
22 83 9 0 2 21 5.830951894845301 13.341664064126334 1.197500644941001 
22 82 9 0 2 20 5.0990195135927845 13.341664064126334 1.1964670336895005 
22 81 9 0 2 20 5.830951894845301 13.341664064126334 1.1953309351803616 
22 80 9 0 2 20 5.0990195135927845 13.341664064126334 1.194297323928861 
22 79 9 0 2 20 5.830951894845301 13.341664064126334 1.1931612254197221 
22 78 9 0 2 20 5.0990195135927845 13.341664064126334 1.1937674724694203 
22 77 9 0 2 21 5.830951894845301 13.341664064126334 1.1942712322614801 
22 76 9 0 2 22 5.0990195135927845 13.341664064126334 1.1747905233858786 
22 75 9 1 2 20 5.830951894845301 13.341664064126334 1.1752942831779385 
22 74 9 1 2 21 5.0990195135927845 13.341664064126334 1.156368577723216 
22 72 9 2 2 20 5.830951894845301 13.341664064126334 1.1568723375152759 
22 71 9 2 2 21 5.0990195135927845 13.341664064126334 1.1541988679625765 
22 70 9 2 2 20 5.830951894845301 13.341664064126334 1.1530627694534377 
22 69 9 2 2 20 5.0990195135927845 13.341664064126334 1.1509443033216173 
22 67 9 2 2 20 5.830951894845301 13.341664064126334 1.1498082048124785 
22 66 9 2 2 20 5.0990195135927845 13.341664064126334 1.1336072125392744 
22 65 9 3 2 20 5.830951894845301 13.341664064126334 1.1324711140301356 
22 64 9 3 2 20 5.0990195135927845 13.341664064126334 1.1303526478983152 
22 62 9 3 2 20 5.830951894845301 13.341664064126334 1.1096845968847555 
22 60 9 4 2 18 5.0990195135927845 13.341664064126334 1.104286414150538 
22 58 9 4 2 16 5.830951894845301 13.341664064126334 1.1027494133770739 
22 57 9 4 2 16 5.0990195135927845 12.165525060596439 1.1019770977555772 
22 56 9 4 3 16 2.8284271247461903 12.165525060596439 1.1005509341200843 
24 55 9 4 6 16 4.0 11.40175425099138 1.0978592758494428 
24 54 9 4 6 15 4.47213595499958 11.40175425099138 1.0952175064836283 
24 53 9 4 6 14 5.656854249492381 11.40175425099138 1.0940497077876046 
24 52 9 4 6 14 4.47213595499958 11.40175425099138 1.092637494745605 
24 51 9 4 6 14 5.656854249492381 10.198039027185569 1.0850757778377804 
24 49 9 4 6 11 4.47213595499958 9.055385138137417 1.0840738667731646 
24 48 9 4 6 11 5.656854249492381 9.055385138137417 1.082906068077141 
24 47 9 4 6 11 4.47213595499958 9.055385138137417 1.0819041570125252 
24 46 9 4 6 11 5.656854249492381 9.055385138137417 1.0639291189935995 
24 45 9 5 6 10 4.47213595499958 9.055385138137417 1.0629272079289838 
24 44 9 5 6 10 5.656854249492381 9.055385138137417 1.06175940923296 
24 43 9 5 6 10 4.47213595499958 9.055385138137417 1.060397756428342 
24 42 9 5 6 10 5.656854249492381 8.0 1.0440625767106149 
24 41 9 6 6 10 4.47213595499958 8.0 1.0416591721570538 
24 39 9 6 6 10 5.656854249492381 7.0710678118654755 1.0390371850382205 
24 38 9 6 6 9 4.47213595499958 7.615773105863909 1.035955287309686 
24 37 9 6 6 8 5.656854249492381 6.324555320336759 1.0347874886136623 
24 36 9 6 6 8 4.47213595499958 6.324555320336759 1.035007696043589 
24 35 9 6 6 9 5.656854249492381 5.0990195135927845 1.0322000390463666 
24 34 9 6 6 8 4.47213595499958 5.0990195135927845 1.0311981279817508 
24 33 9 6 6 8 5.656854249492381 5.0990195135927845 1.0314565061790704 
24 32 9 6 6 9 4.47213595499958 4.47213595499958 1.0271748785120574 
24 31 9 6 6 7 5.656854249492381 4.47213595499958 1.0258461461399455 
24 30 9 6 6 7 4.47213595499958 4.0 1.0063971374512288 
24 29 9 7 6 5 5.656854249492381 4.0 1.003858935328407 
24 27 9 7 6 5 4.47213595499958 3.1622776601683795 1.0027432269701082 
24 26 9 7 6 5 5.656854249492381 2.8284271247461903 0.9999355699728859 
24 25 9 7 6 4 4.47213595499958 2.8284271247461903 0.9791193262522327 
24 23 9 8 6 2 5.656854249492381 2.0 0.9777518546361283 
24 22 9 8 6 2 4.47213595499958 1.4142135623730951 0.9588986963127923 
24 21 9 9 6 0 5.656854249492381 3.1622776601683795 0.9601481144184976 
24 21 9 9 6 0 4.47213595499958 7.0710678118654755 0.9679960950562408 
24 23 9 9 6 4 5.656854249492381 4.242640687119285 0.964706384987321 
24 22 9 9 6 3 4.47213595499958 2.8284271247461903 -1 
