140 140 0 0 14 14 16.0 16.0 1.0236686400765636 
138 139 0 0 17 18 16.0 14.142135623730951 1.0269567369260832 
134 138 0 0 16 16 12.649110640673518 16.0 1.0297509793444408 
132 136 0 0 16 19 12.649110640673518 16.0 1.0281867122297115 
130 135 0 0 16 17 14.142135623730951 16.0 1.030980954648069 
128 133 0 0 16 20 14.142135623730951 16.0 1.032460589074366 
126 132 0 0 14 20 14.142135623730951 16.0 1.0326647913954579 
124 131 0 0 16 20 14.142135623730951 16.0 1.0303305206547089 
122 129 0 0 15 18 14.142135623730951 15.033296378372908 1.0334853573697413 
120 127 0 0 16 22 15.033296378372908 15.033296378372908 1.0359372135718985 
118 126 0 0 17 24 15.033296378372908 15.033296378372908 1.0364602739192916 
116 125 0 0 18 24 15.033296378372908 15.033296378372908 1.036337794365604 
114 124 0 0 18 23 15.033296378372908 15.033296378372908 1.0353215014542316 
112 120 0 0 18 24 15.033296378372908 15.033296378372908 1.036163419827926 
110 119 0 0 18 24 15.033296378372908 15.033296378372908 1.0370053382016202 
108 118 0 0 18 24 15.033296378372908 15.033296378372908 1.0437835724756268 
104 117 0 0 18 29 15.033296378372908 14.0 1.0442988089745413 
102 116 0 0 16 28 15.033296378372908 14.0 1.0434161338145636 
98 114 0 0 18 26 15.033296378372908 14.0 1.0400659547554716 
96 113 0 0 13 20 15.033296378372908 14.0 1.039297935300703 
94 112 0 0 12 18 15.033296378372908 14.0 1.0402128575461906 
93 111 0 0 12 19 15.033296378372908 14.0 1.0572852916348718 
91 109 1 0 13 25 15.033296378372908 14.0 1.0566018110097255 
90 108 1 0 13 24 14.0 14.0 1.0527182718082022 
89 106 1 0 13 21 14.0 14.0 1.0594431098078814 
88 104 1 0 13 29 14.0 14.0 1.0698612253847894 
87 102 2 0 15 30 14.0 13.038404810405298 1.0710220017847851 
85 101 2 0 14 30 14.0 13.038404810405298 1.0692895844026344 
83 100 2 0 13 27 14.0 13.038404810405298 1.0624163193572722 
81 99 2 0 13 19 14.0 13.038404810405298 1.081537609552309 
80 95 3 0 14 30 14.0 13.038404810405298 1.084700185678862 
79 94 3 0 13 33 14.0 13.038404810405298 1.079899304929755 
78 90 3 0 13 31 14.0 13.038404810405298 1.0804458934670473 
76 88 3 0 14 32 14.0 13.038404810405298 1.0749288882471617 
75 87 3 0 13 26 14.0 13.038404810405298 1.0775535947320334 
71 86 3 0 13 26 14.0 13.038404810405298 1.0783955131057277 
69 85 3 0 13 26 14.0 13.038404810405298 1.07827303355204 
67 84 3 0 13 25 14.0 13.038404810405298 1.0746734329347836 
66 83 3 0 13 21 13.038404810405298 13.038404810405298 1.0818250522934119 
64 82 3 0 13 27 11.40175425099138 13.038404810405298 1.0724558599103806 
62 78 3 0 15 20 11.40175425099138 13.038404810405298 1.072971096409295 
60 77 3 0 13 19 11.40175425099138 13.038404810405298 1.0757339867892755 
58 76 3 0 10 20 11.40175425099138 13.038404810405298 1.0767159242157067 
57 75 3 0 9 21 11.40175425099138 12.649110640673518 1.0916900265161378 
53 74 4 0 10 22 11.40175425099138 12.649110640673518 1.079613967719532 
51 73 4 1 11 22 9.055385138137417 12.649110640673518 1.0792069322442053 
49 71 4 1 10 21 8.0 12.649110640673518 1.0674102078967298 
48 70 4 2 8 22 8.0 12.649110640673518 1.0676795902411365 
47 69 4 2 7 22 8.0 12.649110640673518 1.0786527947608673 
45 67 5 2 8 22 8.0 12.165525060596439 1.0824609107885013 
44 66 5 2 8 26 8.0 12.165525060596439 1.0703453284147242 
43 65 5 3 7 27 8.0 12.165525060596439 1.0705928756239542 
42 64 5 3 7 27 7.0710678118654755 12.165525060596439 1.0692523201398982 
41 63 5 3 5 25 7.0710678118654755 12.165525060596439 1.0634399850836107 
40 61 5 3 5 20 7.0710678118654755 12.165525060596439 1.0635572450321513 
38 60 5 3 5 20 7.0710678118654755 11.045361017187261 1.0599972247833283 
36 58 5 3 5 16 5.830951894845301 11.045361017187261 1.059007736222699 
34 57 5 3 6 15 5.830951894845301 10.198039027185569 1.0721912265634743 
32 56 6 3 4 15 5.830951894845301 10.198039027185569 1.0704381453599123 
31 55 6 3 4 14 5.830951894845301 9.055385138137417 1.0820925255924965 
30 54 7 3 4 14 5.830951894845301 9.055385138137417 1.083502319069079 
28 53 7 3 4 15 7.0710678118654755 9.055385138137417 1.084223891364839 
27 52 7 3 3 15 5.656854249492381 9.055385138137417 1.0836622077069158 
26 51 7 3 3 14 4.242640687119285 9.055385138137417 1.0869581157585209 
25 50 7 3 3 17 2.8284271247461903 9.055385138137417 1.0859442421492445 
24 49 7 3 3 16 2.8284271247461903 9.055385138137417 1.0977128662894287 
23 48 8 3 1 16 2.8284271247461903 8.246211251235321 1.0987007924067098 
23 47 8 3 1 18 2.8284271247461903 8.246211251235321 1.097759922669227 
23 46 8 3 1 18 2.8284271247461903 8.246211251235321 1.099025822070131 
22 45 8 3 1 18 5.0990195135927845 11.40175425099138 1.0905773090401787 
21 43 9 4 0 11 3.1622776601683795 11.40175425099138 1.0898765187950095 
21 42 9 4 1 11 1.4142135623730951 11.40175425099138 1 
