140 140 0 0 14 14 16.0 16.0 1.0468995584842529 
138 139 0 0 17 19 16.0 14.142135623730951 1.0497225365726701 
134 138 0 0 16 17 12.165525060596439 16.0 1.054488169528543 
132 136 0 0 16 22 13.038404810405298 16.0 1.0541376015556554 
130 135 0 0 16 21 13.038404810405298 16.0 1.0588462373975849 
128 134 0 0 16 25 14.142135623730951 16.0 1.0611344778297276 
126 133 0 0 14 26 14.142135623730951 16.0 1.0645346225862973 
124 132 0 0 16 29 14.142135623730951 16.0 1.0655034588159247 
122 131 0 0 15 29 14.142135623730951 16.0 1.0617036462623586 
120 130 0 0 16 25 14.142135623730951 16.0 1.0557739933306298 
118 129 0 0 17 19 14.142135623730951 16.0 1.0551704292624298 
116 127 0 0 18 19 14.142135623730951 16.0 1.0569497016677045 
114 126 0 0 18 20 14.142135623730951 16.0 1.0565991336948166 
112 125 0 0 18 19 14.142135623730951 16.0 1.057822453937878 
110 124 0 0 16 19 14.142135623730951 16.0 1.0573596396657645 
108 123 0 0 18 19 14.142135623730951 15.033296378372908 1.0621193889521527 
106 122 0 0 18 23 15.033296378372908 15.033296378372908 1.0628337411683462 
104 121 0 0 18 23 15.033296378372908 15.033296378372908 1.0600012769262857 
100 120 0 0 18 18 15.033296378372908 15.033296378372908 1.063256865669934 
96 119 0 0 15 18 15.033296378372908 15.033296378372908 1.06759649041231 
95 118 0 0 14 22 15.033296378372908 15.033296378372908 1.0655465940201982 
94 117 0 0 13 20 15.033296378372908 15.033296378372908 1.064307133803734 
93 116 0 0 13 19 15.033296378372908 15.033296378372908 1.069531115542398 
91 114 0 0 13 24 14.0 15.033296378372908 1.0715430958344914 
89 112 0 0 13 26 13.038404810405298 15.033296378372908 1.061825573685248 
87 106 0 0 13 21 12.165525060596439 15.033296378372908 1.069582281273924 
83 105 0 0 15 27 12.165525060596439 14.142135623730951 1.0825489970535374 
79 104 1 0 15 26 12.165525060596439 14.142135623730951 1.089654275535177 
78 103 2 0 15 22 12.165525060596439 14.142135623730951 1.0948119606979307 
76 102 2 0 15 26 11.40175425099138 14.142135623730951 1.1000404776838837 
74 101 2 0 14 30 11.40175425099138 14.142135623730951 1.108911747948078 
68 99 2 0 13 35 11.045361017187261 14.142135623730951 1.1086897571410361 
67 98 2 0 12 35 10.0 13.341664064126334 1.1023801799925987 
66 97 2 0 11 29 10.0 13.341664064126334 1.1000757995870527 
65 96 2 0 11 27 10.0 13.341664064126334 1.104443292655128 
61 95 2 0 12 29 10.0 13.341664064126334 1.1172025085566528 
57 94 3 0 17 29 10.0 13.341664064126334 1.1295662880387074 
53 93 4 0 11 26 10.0 13.341664064126334 1.1342872421287504 
52 92 5 0 12 20 10.0 13.341664064126334 1.137060349101335 
50 91 5 0 12 22 10.295630140987 13.341664064126334 1.1362104955097074 
48 90 5 0 13 21 11.313708498984761 13.341664064126334 1.1423335183978736 
44 89 5 0 10 23 8.246211251235321 13.341664064126334 1.143047870614067 
42 88 5 0 10 23 8.246211251235321 13.341664064126334 1.1506103405339378 
41 87 5 0 10 30 7.0710678118654755 13.341664064126334 1.1567291548944254 
39 86 6 0 9 24 7.0710678118654755 13.341664064126334 1.1551882265291815 
38 85 6 0 6 22 7.0710678118654755 13.341664064126334 1.1510099776770288 
37 83 6 0 5 19 7.0710678118654755 13.341664064126334 1.1528947601173278 
36 79 6 0 6 24 6.324555320336759 13.341664064126334 1.153785140279026 
35 78 6 0 6 25 6.324555320336759 13.341664064126334 1.1536106002516429 
34 77 6 0 6 25 6.324555320336759 13.341664064126334 1.1598481038171369 
32 76 7 0 5 19 5.830951894845301 13.341664064126334 1.1596735637897537 
31 75 7 0 5 19 5.830951894845301 13.341664064126334 1.1430796858497938 
30 74 7 1 4 16 5.656854249492381 13.341664064126334 1.1429051458224109 
29 73 7 1 4 16 5.656854249492381 13.341664064126334 1.1483096907538688 
28 72 7 1 3 21 5.656854249492381 13.341664064126334 1.1585487514166868 
24 71 8 1 1 17 5.830951894845301 13.341664064126334 1.158700944907187 
23 70 8 1 1 17 4.47213595499958 13.341664064126334 1.1590958503210873 
22 69 8 1 0 17 3.1622776601683795 13.341664064126334 1.1446773401222337 
22 68 8 2 1 17 1.4142135623730951 13.341664064126334 1.1576913323032205 
21 67 9 2 0 19 4.47213595499958 13.341664064126334 1.1546115869074756 
21 66 9 2 0 17 4.0 13.341664064126334 1.1523711951121791 
21 64 9 2 0 17 4.47213595499958 13.341664064126334 1.149877667724555 
21 63 9 2 0 16 4.0 12.649110640673518 1.148700708200218 
21 62 9 2 0 16 4.47213595499958 12.649110640673518 1.1488157233717173 
21 61 9 2 0 17 4.0 12.649110640673518 1.1476387638473804 
21 60 9 2 0 17 4.47213595499958 12.649110640673518 1.1289097420564091 
21 58 9 3 0 14 4.0 12.649110640673518 1.127732782532072 
21 57 9 3 0 14 4.47213595499958 12.649110640673518 1.1132619535793042 
21 56 9 4 0 14 4.0 12.649110640673518 1.1120849940549673 
21 55 9 4 0 14 4.47213595499958 12.649110640673518 1.1111350890373852 
21 54 9 4 0 14 4.0 12.649110640673518 1.1099581295130483 
21 53 9 4 0 14 4.47213595499958 12.649110640673518 1.105813463928222 
21 52 9 4 0 11 4.0 12.649110640673518 1.1046365044038848 
21 51 9 4 0 11 4.47213595499958 12.649110640673518 1.1026216791972214 
21 50 9 4 0 10 4.0 12.649110640673518 1.1014447196728845 
21 49 9 4 0 10 4.47213595499958 12.649110640673518 1.1004948146553024 
21 48 9 4 0 10 4.0 12.649110640673518 1.0993178551309655 
21 47 9 4 0 10 4.47213595499958 12.649110640673518 1.0983679501133834 
21 46 9 4 0 10 4.0 12.649110640673518 1.0836700666538603 
21 45 9 5 0 10 4.47213595499958 12.649110640673518 1.0827201616362783 
21 44 9 5 0 10 4.0 12.649110640673518 1.078785556387791 
21 42 9 5 0 10 4.47213595499958 10.198039027185569 1 
