140 140 0 0 14 14 16.0 16.0 1.0528045137371964 
138 138 0 0 17 17 16.0 14.142135623730951 1.0559082167759979 
134 137 0 0 16 17 13.038404810405298 16.0 1.0599093515087772 
132 136 0 0 21 18 13.038404810405298 16.0 1.0659090294032152 
128 135 0 0 22 20 13.038404810405298 16.0 1.0628058823475597 
124 133 0 0 22 17 13.038404810405298 16.0 1.0653637829463591 
120 132 0 0 22 17 13.038404810405298 16.0 1.0716969239450795 
116 131 0 0 24 19 13.038404810405298 16.0 1.0711396317614148 
112 130 0 0 24 17 13.341664064126334 16.0 1.0791832806408865 
108 128 1 0 18 16 13.341664064126334 16.0 1.0894480128246011 
104 126 2 0 14 16 13.341664064126334 16.0 1.089014226353999 
103 125 2 0 19 15 14.0 15.033296378372908 1.0976521594608184 
99 124 2 0 14 20 15.033296378372908 15.033296378372908 1.1016987974259878 
98 123 3 0 15 16 15.033296378372908 15.033296378372908 1.1112496343329143 
96 122 3 0 18 21 15.033296378372908 15.033296378372908 1.1024836266773772 
92 120 3 0 15 15 15.033296378372908 15.033296378372908 1.1222066733593041 
88 118 4 0 16 20 14.142135623730951 15.033296378372908 1.1219877591075722 
86 116 4 0 16 20 14.142135623730951 15.033296378372908 1.1196591070319053 
84 115 4 0 16 18 14.142135623730951 15.033296378372908 1.1251012404346288 
82 114 4 0 16 21 14.142135623730951 15.033296378372908 1.1320975309330303 
80 113 4 0 16 25 14.142135623730951 15.033296378372908 1.1287703024899425 
78 111 4 0 16 23 14.142135623730951 15.033296378372908 1.128884851342493 
76 109 4 0 17 23 14.142135623730951 15.033296378372908 1.132439364545256 
74 108 4 0 16 25 14.142135623730951 15.033296378372908 1.1278896291653466 
72 107 4 0 14 22 14.142135623730951 15.033296378372908 1.1318903413795163 
68 105 4 0 12 24 14.142135623730951 15.033296378372908 1.1414885698732755 
66 104 5 0 13 23 14.142135623730951 15.033296378372908 1.1391599177976086 
64 103 5 0 13 21 14.142135623730951 15.033296378372908 1.1383853474086039 
63 101 5 0 14 21 14.142135623730951 15.033296378372908 1.1418289376496684 
63 100 5 0 18 23 14.142135623730951 15.033296378372908 1.1380570514400221 
59 99 5 0 13 20 14.142135623730951 15.033296378372908 1.13600712641312 
58 98 5 0 13 19 14.0 14.142135623730951 1.1389183374600385 
56 96 5 0 13 21 13.038404810405298 14.142135623730951 1.1460732896165642 
55 95 6 0 14 19 13.038404810405298 14.142135623730951 1.1468727505770109 
53 94 6 0 14 19 12.165525060596439 14.142135623730951 1.1476697367051918 
51 93 6 0 14 19 11.40175425099138 14.142135623730951 1.148797184033519 
49 92 6 0 15 19 10.770329614269007 14.142135623730951 1.1565820909369373 
45 91 6 0 12 23 10.295630140987 14.142135623730951 1.1548109833529852 
41 90 6 0 13 20 10.295630140987 14.142135623730951 1.1652963673248415 
40 88 7 0 13 21 10.295630140987 14.142135623730951 1.166076029440531 
38 87 7 0 13 21 10.295630140987 14.142135623730951 1.1675513812061176 
37 86 7 0 13 22 8.94427190999916 14.142135623730951 1.1631206720042264 
36 85 7 0 14 19 8.602325267042627 14.142135623730951 1.1643762761964298 
32 84 7 0 10 19 7.211102550927978 14.142135623730951 1.1642981239422683 
31 83 7 0 10 19 5.830951894845301 14.142135623730951 1.168881959056555 
30 82 7 0 10 22 4.47213595499958 14.142135623730951 1.1671177838522038 
28 81 7 0 7 21 4.0 14.142135623730951 1.1801559012871596 
27 80 8 0 7 23 4.0 14.142135623730951 1.176853433764615 
25 79 8 0 4 21 2.8284271247461903 14.142135623730951 1.179439527800019 
24 78 8 0 3 23 6.324555320336759 14.142135623730951 1.1874929068618894 
23 77 9 0 2 22 5.830951894845301 14.142135623730951 1.1848124204643573 
22 75 9 0 0 22 4.47213595499958 12.0 1.1848515163642375 
22 74 9 0 3 22 2.8284271247461903 12.0 1 
