140 140 0 0 14 14 16.0 16.0 1.4101731093061665 
139 139 0 0 19 17 16.0 13.038404810405298 1.4515715329044359 
135 138 0 0 22 21 13.341664064126334 15.033296378372908 1.4563022847286833 
131 136 0 0 25 20 13.341664064126334 15.033296378372908 1.4596871851880078 
127 135 0 0 25 19 14.142135623730951 15.033296378372908 1.4856769681425723 
123 134 0 0 28 21 15.033296378372908 15.033296378372908 1.5290145531006927 
123 133 0 0 38 26 15.033296378372908 15.033296378372908 1.534378081312022 
117 131 0 0 38 25 14.0 15.033296378372908 1.5280290187375047 
113 127 0 0 36 26 14.0 15.033296378372908 1.5288810552278214 
107 126 0 0 34 24 14.0 15.033296378372908 1.583384389114745 
105 125 0 0 41 31 14.0 15.033296378372908 1.5837437991241674 
101 124 0 0 42 29 14.0 15.033296378372908 1.632964371577126 
100 123 0 0 53 34 13.038404810405298 15.033296378372908 1.5286582670833029 
99 113 0 1 54 28 13.038404810405298 15.033296378372908 1.5091266632836744 
97 111 0 1 54 25 12.165525060596439 15.033296378372908 1.4784542041016837 
87 110 1 1 43 18 12.165525060596439 15.033296378372908 1.5308413967377572 
81 108 1 1 41 27 11.40175425099138 14.142135623730951 1.4883400282203183 
77 102 1 1 42 22 11.40175425099138 14.142135623730951 1.4943983096228222 
76 101 1 1 48 21 11.40175425099138 14.142135623730951 1.490571921021048 
66 100 2 1 37 19 10.198039027185569 14.142135623730951 1.524384001043522 
64 98 2 1 37 26 9.486832980505138 14.142135623730951 1.5225638449843715 
63 97 2 1 37 26 9.486832980505138 14.142135623730951 1.5170205374282135 
64 96 2 1 41 25 10.198039027185569 14.142135623730951 1.5418831874888355 
63 95 2 1 41 30 10.198039027185569 14.142135623730951 1.5436130943415338 
61 94 2 1 41 30 10.198039027185569 14.142135623730951 1.539667063513513 
59 93 2 1 36 31 10.198039027185569 14.142135623730951 1.5186695045924343 
58 91 2 1 37 28 10.198039027185569 14.142135623730951 1.5018883061824304 
52 90 2 1 27 26 10.295630140987 14.142135623730951 1.5185376155099124 
46 89 3 1 22 28 8.246211251235321 14.142135623730951 1.4904744928838656 
38 87 4 1 13 23 6.0 14.0 1.4821475676855016 
36 86 5 1 13 21 7.211102550927978 14.0 1.5069335927340588 
36 85 5 1 17 25 7.211102550927978 14.0 1.458943568713815 
32 84 5 1 13 16 7.0710678118654755 14.0 1.4495856768464643 
31 80 6 1 13 18 7.0710678118654755 12.649110640673518 1.4616365155041877 
30 79 6 1 15 20 7.0710678118654755 12.083045973594572 1.4541550256019597 
28 78 6 1 13 19 3.1622776601683795 12.083045973594572 1.4486795219149526 
27 77 6 1 12 19 3.1622776601683795 11.40175425099138 1.436147144126245 
28 76 6 1 14 18 4.0 10.198039027185569 1.4300356119629247 
27 75 6 1 12 18 3.1622776601683795 10.198039027185569 1.4307432674082003 
28 74 6 1 14 19 4.0 10.198039027185569 1.4246317352448798 
27 73 6 1 12 19 3.1622776601683795 10.198039027185569 1.4146662682422464 
28 72 6 1 14 18 4.0 10.198039027185569 1.382991360723634 
27 68 6 1 12 16 3.1622776601683795 10.770329614269007 1.3783624549449551 
28 67 6 1 14 16 4.0 10.770329614269007 1.354696278111727 
30 66 5 2 18 17 5.656854249492381 10.770329614269007 1.3432849068700716 
28 65 6 2 14 16 4.0 10.770329614269007 1.303575388617935 
30 63 5 3 18 15 5.656854249492381 10.770329614269007 1.3028371398241885 
28 62 6 3 14 16 4.0 10.770329614269007 1.2971592199773385 
30 61 5 3 18 16 5.656854249492381 10.295630140987 1.292014882405976 
34 60 4 3 25 16 7.211102550927978 10.295630140987 1.2917553432592936 
30 59 5 3 18 17 5.656854249492381 10.295630140987 1.2812744444639768 
34 58 4 3 25 16 7.211102550927978 10.295630140987 1.2756783440933401 
30 57 5 3 18 16 5.656854249492381 10.295630140987 1.2592304557280773 
34 56 4 3 25 14 7.211102550927978 10.0 1.2536343553574407 
30 55 5 3 18 14 5.656854249492381 10.0 1.2538265790100325 
34 54 4 3 25 15 7.211102550927978 10.0 1.2439654984591861 
30 53 5 3 18 15 5.656854249492381 8.0 1.2281480384399144 
34 52 4 3 25 13 7.211102550927978 8.0 1.2225519380692778 
30 51 5 3 18 13 5.656854249492381 8.0 1.2174076004979153 
34 50 4 3 25 13 7.211102550927978 8.0 1.2118115001272787 
30 49 5 3 18 13 5.656854249492381 8.0 1.2086808130463536 
34 48 4 3 25 13 7.211102550927978 8.94427190999916 1.1990901234997031 
30 47 5 3 18 13 5.656854249492381 7.0710678118654755 1.197211177276905 
34 46 4 3 25 13 7.211102550927978 8.602325267042627 1.1619414055494297 
30 45 5 4 18 12 5.656854249492381 8.602325267042627 1.156797067978067 
34 44 4 4 25 12 7.211102550927978 8.602325267042627 1.1512009676074304 
30 43 5 4 18 12 5.656854249492381 8.602325267042627 1.146056630036068 
34 42 4 4 25 12 7.211102550927978 8.602325267042627 1.1351239684414767 
30 41 5 4 18 11 5.656854249492381 8.602325267042627 1.1246430696461598 
34 40 4 4 25 10 7.211102550927978 8.602325267042627 1.119046969275523 
30 39 5 4 18 10 5.656854249492381 8.602325267042627 1.1002627406010081 
34 38 4 4 25 8 7.211102550927978 7.211102550927978 1.0848260828598209 
30 37 5 4 18 7 5.656854249492381 5.0990195135927845 1.0766908800513921 
34 36 4 5 25 11 7.211102550927978 5.0990195135927845 1.0520942307718257 
30 35 5 6 18 12 5.656854249492381 5.0990195135927845 1.0309402095285995 
34 34 4 6 25 9 7.211102550927978 5.0990195135927845 1.0200075479340085 
30 33 5 6 18 8 5.656854249492381 5.0990195135927845 1.0095266491386914 
34 32 4 6 25 7 7.211102550927978 5.0990195135927845 1.003930548768055 
30 31 5 6 18 7 5.656854249492381 5.0990195135927845 0.9911060017511694 
34 30 4 6 25 6 7.211102550927978 4.0 0.9890431266483233 
30 29 5 6 18 6 5.656854249492381 5.656854249492381 0.9488885564961674 
34 28 4 7 25 4 7.211102550927978 5.656854249492381 0.9432924561255309 
30 27 5 7 18 4 5.656854249492381 5.656854249492381 0.9381481185541681 
34 26 4 7 25 4 7.211102550927978 5.656854249492381 0.892205224378784 
30 25 5 8 18 1 5.656854249492381 5.656854249492381 0.8840450904003687 
34 24 4 8 25 1 7.211102550927978 4.242640687119285 0.8754331936226797 
30 23 5 8 18 1 5.656854249492381 2.8284271247461903 0.8751308718191999 
34 22 4 8 25 1 7.211102550927978 5.0990195135927845 0.8357310172822058 
30 21 5 9 18 0 5.656854249492381 3.1622776601683795 0.8804674330431544 
34 22 4 8 25 2 7.211102550927978 5.0990195135927845 0.8357310172822058 
30 21 5 9 18 0 5.656854249492381 3.1622776601683795 0.8845008290378042 
34 23 4 8 25 2 7.211102550927978 4.47213595499958 0.8749049904195629 
30 22 5 8 18 1 5.656854249492381 5.0990195135927845 0.8359568986818428 
34 21 4 9 25 0 7.211102550927978 3.1622776601683795 0.8373398491407437 
30 21 5 9 18 1 5.656854249492381 1.4142135623730951 -1 
