140 140 0 0 14 14 16.0 16.0 1.0201089022570375 
138 139 0 0 17 17 16.0 14.142135623730951 1.0281302393783138 
134 138 0 0 16 19 12.165525060596439 16.0 1.031147284871774 
132 137 0 0 16 21 12.649110640673518 16.0 1.033239286460946 
130 136 0 0 16 22 12.649110640673518 16.0 1.0321040819797838 
128 135 0 0 16 20 12.649110640673518 16.0 1.0325373242436904 
126 134 0 0 14 19 13.038404810405298 16.0 1.0329395700448858 
124 133 0 0 16 19 13.038404810405298 16.0 1.0364143172064357 
122 132 0 0 15 21 13.038404810405298 16.0 1.0390180175703034 
120 130 0 0 16 24 14.0 16.0 1.0386072469518512 
118 129 0 0 17 23 14.142135623730951 16.0 1.0403922383254245 
116 128 0 0 18 24 14.142135623730951 16.0 1.04033276920104 
114 127 0 0 18 23 14.142135623730951 16.0 1.0381644483578467 
112 125 0 0 18 21 14.142135623730951 16.0 1.037029243876684 
110 124 0 0 18 19 14.142135623730951 16.0 1.0380455101090782 
108 123 0 0 18 19 14.142135623730951 16.0 1.0422889824118067 
106 122 0 0 18 22 14.142135623730951 16.0 1.044380984000979 
104 121 0 0 18 23 14.142135623730951 16.0 1.043902418945762 
102 119 0 0 16 22 14.142135623730951 16.0 1.044241039989309 
100 118 0 0 16 22 14.142135623730951 15.033296378372908 1.0428281384178026 
98 117 0 0 16 20 15.033296378372908 15.033296378372908 1.0450138030612877 
97 115 0 0 16 23 15.033296378372908 15.033296378372908 1.0652642086656292 
91 114 1 0 15 26 15.033296378372908 15.033296378372908 1.0640000683395963 
87 110 1 0 12 24 15.033296378372908 15.033296378372908 1.066414058297581 
85 109 1 0 12 25 14.0 15.033296378372908 1.0659454908384658 
81 108 1 0 13 22 14.0 15.033296378372908 1.0779488945368245 
79 107 2 0 15 22 14.0 15.033296378372908 1.0932223568376365 
75 106 3 0 14 22 13.038404810405298 15.033296378372908 1.0945456332856298 
73 105 3 0 13 22 13.038404810405298 15.033296378372908 1.0930073672129994 
72 103 3 0 12 21 12.165525060596439 15.033296378372908 1.09334060355257 
70 102 3 0 15 21 11.40175425099138 15.033296378372908 1.0975240430197966 
66 101 3 0 12 21 10.770329614269007 15.033296378372908 1.1000670426373398 
65 100 3 0 12 23 9.486832980505138 15.033296378372908 1.1015623302640967 
63 99 3 0 12 24 11.40175425099138 15.033296378372908 1.0976858309720057 
62 95 3 0 11 23 11.40175425099138 15.033296378372908 1.0979844161227865 
61 94 3 0 10 23 11.40175425099138 15.033296378372908 1.0961315305600106 
60 93 3 0 9 21 11.40175425099138 15.033296378372908 1.0979343177107639 
59 92 3 0 11 22 7.0710678118654755 15.033296378372908 1.112806046531214 
53 91 4 0 10 20 7.0710678118654755 15.033296378372908 1.1123359065408156 
52 90 4 0 8 19 7.0710678118654755 15.033296378372908 1.119806584913879 
50 89 4 0 8 25 7.0710678118654755 15.033296378372908 1.1205158409306737 
48 88 4 0 9 25 7.0710678118654755 15.033296378372908 1.1305200794210948 
46 87 5 0 7 22 7.0710678118654755 15.033296378372908 1.1303585221775792 
42 86 5 0 7 19 7.0710678118654755 15.033296378372908 1.1432829565227354 
40 85 6 0 6 19 7.0710678118654755 15.033296378372908 1.1446062329707285 
38 84 6 0 5 19 7.0710678118654755 15.033296378372908 1.146213176319591 
37 83 6 0 4 20 6.324555320336759 15.033296378372908 1.1487381146020341 
36 82 6 0 4 22 5.0990195135927845 15.033296378372908 1.1447337583257016 
35 81 6 0 3 18 5.0990195135927845 15.033296378372908 1.1439566081197041 
34 80 6 0 2 17 5.0990195135927845 15.033296378372908 1.1315230918696038 
33 79 6 1 2 18 5.0990195135927845 15.033296378372908 1.1325393581019978 
31 78 6 1 2 18 5.0990195135927845 15.033296378372908 1.1465905718634983 
30 77 7 1 1 20 5.0990195135927845 15.033296378372908 1.1457222259789526 
28 76 7 1 1 18 4.242640687119285 15.033296378372908 1.1439500291987013 
28 75 7 1 1 17 3.1622776601683795 15.033296378372908 1.1273072345758006 
28 73 7 2 1 16 3.1622776601683795 15.033296378372908 1.1251983828569911 
28 72 7 2 1 15 3.1622776601683795 15.033296378372908 1.1252410018517385 
28 71 7 2 1 16 3.1622776601683795 15.033296378372908 1.1263593562032639 
28 70 7 2 1 18 3.1622776601683795 15.033296378372908 1.1328563873386808 
28 69 7 2 1 25 3.1622776601683795 15.033296378372908 1.1307475356198713 
28 68 7 2 1 24 3.1622776601683795 15.033296378372908 1.1151804763537492 
28 66 7 3 1 24 3.1622776601683795 15.033296378372908 1.095267856665767 
28 65 7 4 1 19 3.1622776601683795 15.033296378372908 1.0920832695901792 
28 64 7 4 1 17 3.1622776601683795 15.033296378372908 1.0889413015093388 
28 62 7 4 1 16 3.1622776601683795 15.033296378372908 1.0876281495031186 
28 60 7 4 1 18 3.1622776601683795 13.038404810405298 1.0880303953043142 
26 59 7 4 3 18 3.1622776601683795 13.038404810405298 1.1005339331849828 
24 58 8 4 1 18 3.1622776601683795 12.0 1.0984874217975935 
23 57 8 4 2 16 2.0 12.083045973594572 1.0974543054355623 
23 56 8 4 2 16 2.0 12.083045973594572 1.0957114611083179 
22 55 8 4 1 15 5.0990195135927845 12.083045973594572 1.1074873156185403 
21 54 9 4 0 15 3.1622776601683795 11.045361017187261 1.1066919081739772 
21 53 9 4 1 15 1.4142135623730951 11.045361017187261 1 
