140 140 0 0 14 14 16.0 16.0 1.3337102392393825 
139 139 0 0 19 18 16.0 13.038404810405298 1.3617502381639996 
135 137 0 0 22 21 13.341664064126334 15.033296378372908 1.3711692947136436 
131 136 0 0 25 20 14.142135623730951 15.033296378372908 1.3815445463156015 
127 134 0 0 25 21 13.038404810405298 16.0 1.400515199266538 
123 132 0 0 28 23 14.142135623730951 16.0 1.411332609524054 
123 130 0 0 38 23 14.142135623730951 16.0 1.4359947006073046 
117 129 0 0 38 25 13.038404810405298 16.0 1.4309361026152374 
113 127 0 0 36 24 13.038404810405298 16.0 1.451287869561255 
107 126 0 0 34 26 13.038404810405298 16.0 1.5135368373513642 
99 125 1 0 34 34 12.165525060596439 16.0 1.492346258882165 
93 124 1 0 35 26 12.165525060596439 16.0 1.5082698671381902 
92 123 1 0 34 30 11.045361017187261 16.0 1.4781231728312276 
88 119 1 0 32 26 10.770329614269007 15.033296378372908 1.4975528732652892 
88 117 1 0 37 30 12.165525060596439 15.033296378372908 1.4810348182637627 
86 115 1 0 42 25 12.165525060596439 15.033296378372908 1.5341861171958753 
85 114 1 0 36 39 12.165525060596439 15.033296378372908 1.555047846258423 
79 112 2 0 40 39 12.165525060596439 15.033296378372908 1.514538558669889 
71 104 3 0 31 36 10.770329614269007 15.033296378372908 1.4914050592791237 
70 103 3 1 29 37 10.770329614269007 15.033296378372908 1.4840500708821527 
69 101 3 1 33 35 10.198039027185569 15.033296378372908 1.4351729796723716 
67 99 3 1 29 27 10.198039027185569 15.033296378372908 1.4066990478408943 
66 98 3 1 32 20 9.486832980505138 15.033296378372908 1.4723203098879714 
58 96 4 1 29 31 9.486832980505138 15.033296378372908 1.461172152579407 
54 94 4 1 31 27 8.94427190999916 15.033296378372908 1.4370470779433733 
46 93 5 1 14 24 7.615773105863909 15.033296378372908 1.4621299974463204 
45 92 5 1 20 27 7.0710678118654755 15.033296378372908 1.453535169603014 
47 91 5 1 26 25 7.0710678118654755 15.033296378372908 1.415678835834859 
45 87 5 1 25 20 7.0710678118654755 15.033296378372908 1.4158283323422958 
46 86 5 1 29 20 7.0710678118654755 15.033296378372908 1.435593414134665 
45 84 5 1 30 25 7.0710678118654755 15.033296378372908 1.4147045652351948 
46 83 5 1 33 21 7.0710678118654755 15.033296378372908 1.43293881372532 
45 82 6 1 32 25 7.0710678118654755 15.033296378372908 1.4448051360050194 
43 81 6 1 26 30 7.0710678118654755 14.0 1.4121757203701863 
39 77 6 1 22 26 7.0710678118654755 14.0 1.3907092806764811 
33 76 7 1 12 22 6.324555320336759 14.0 1.3791968889305 
32 75 7 1 14 19 5.830951894845301 14.0 1.3774427121605537 
31 74 7 1 14 19 7.211102550927978 14.0 1.3955227344455867 
31 73 7 1 18 22 5.656854249492381 14.0 1.3861256330435752 
31 72 7 1 18 21 5.656854249492381 14.0 1.363762116723516 
31 71 7 2 18 22 5.656854249492381 14.0 1.3448507079000556 
31 70 7 2 18 19 5.656854249492381 14.0 1.3219657611863622 
31 66 7 2 18 19 5.656854249492381 11.40175425099138 1.3155370232536427 
31 65 7 2 20 18 5.656854249492381 10.770329614269007 1.2993407470888985 
30 64 7 2 15 17 5.656854249492381 10.770329614269007 1.2931931237441991 
29 63 7 2 15 16 5.656854249492381 10.770329614269007 1.2887270558424155 
30 62 6 2 18 16 5.656854249492381 10.770329614269007 1.285582387281742 
28 60 7 2 14 17 4.47213595499958 10.770329614269007 1.2485337896202942 
24 59 8 3 6 15 4.242640687119285 10.770329614269007 1.2401823330427084 
23 58 9 3 4 14 4.242640687119285 10.295630140987 1.2323976627697726 
22 57 9 3 3 13 2.8284271247461903 10.295630140987 1 
