140 140 0 0 14 14 16.0 16.0 1.1928114214524328 
139 138 0 0 19 17 16.0 13.038404810405298 1.1998461151972812 
135 137 0 0 22 16 14.142135623730951 15.033296378372908 1.2228191927654517 
131 136 0 0 25 21 14.142135623730951 15.033296378372908 1.2279942408734155 
127 134 0 0 25 22 13.038404810405298 15.033296378372908 1.2390509028026049 
123 133 0 0 28 23 15.033296378372908 15.033296378372908 1.2390278313446126 
123 129 0 0 38 23 15.033296378372908 15.033296378372908 1.2477845006687935 
117 128 0 0 38 23 14.0 15.033296378372908 1.2445872664733344 
113 127 0 0 36 21 14.0 15.033296378372908 1.2600084770419229 
107 126 0 0 34 24 14.0 15.033296378372908 1.30611804469225 
105 125 0 0 40 37 14.0 15.033296378372908 1.2968104372661993 
97 124 1 0 41 27 14.0 15.033296378372908 1.2922165145008562 
93 123 1 0 35 26 14.0 15.033296378372908 1.3420319060682384 
92 122 1 0 38 42 14.0 15.033296378372908 1.3040964682468612 
84 121 1 0 27 29 14.0 15.033296378372908 1.3394793517278465 
83 119 2 0 24 41 14.0 15.033296378372908 1.3480396713232303 
83 117 2 0 24 46 14.0 14.142135623730951 1.3281463752161247 
75 116 3 0 18 35 14.0 14.142135623730951 1.3451224962943278 
71 114 3 0 18 40 14.0 14.142135623730951 1.3290240929159014 
70 113 3 0 23 33 14.0 14.142135623730951 1.335084072307986 
66 107 3 0 23 38 14.0 14.142135623730951 1.3213459546305786 
60 106 4 0 18 30 14.0 14.142135623730951 1.311584401337244 
56 105 5 0 12 25 14.0 14.142135623730951 1.316173133528331 
56 104 5 0 16 26 14.0 14.142135623730951 1.3294085380959477 
55 103 5 0 18 30 13.038404810405298 14.142135623730951 1.3261891720942296 
47 102 6 0 11 25 13.038404810405298 14.142135623730951 1.3242787032284946 
46 101 6 0 10 25 13.038404810405298 14.142135623730951 1.3175751157724371 
45 100 6 0 10 23 12.0 14.142135623730951 1.3170209933719694 
44 98 6 0 10 24 11.045361017187261 14.142135623730951 1.334418259189708 
36 97 6 0 9 26 10.198039027185569 14.142135623730951 1.3098084267676184 
35 95 7 0 8 17 10.198039027185569 14.142135623730951 1.314152892322105 
34 94 7 0 10 18 9.486832980505138 14.142135623730951 1.2939675150780199 
33 93 7 1 9 18 8.246211251235321 14.142135623730951 1.294280036531572 
31 91 7 1 8 19 6.0 14.142135623730951 1.292752527491818 
30 89 7 1 8 20 5.0990195135927845 13.038404810405298 1.282231180529001 
30 88 7 1 9 17 5.0990195135927845 13.038404810405298 1.2932521767715452 
29 87 7 1 9 21 5.0990195135927845 13.038404810405298 1.2891789701811815 
27 86 7 1 7 20 5.656854249492381 13.038404810405298 1.2877512093631704 
25 85 8 1 4 18 5.656854249492381 13.038404810405298 1.2828737203906453 
24 84 8 1 3 17 5.830951894845301 13.038404810405298 1.2812339919919282 
24 83 8 1 4 17 5.830951894845301 13.038404810405298 1.2852951825357943 
23 82 8 1 3 19 4.47213595499958 13.038404810405298 1.2716875717595477 
22 81 9 2 2 19 5.830951894845301 13.038404810405298 1.268738376237868 
21 80 9 2 0 19 4.47213595499958 13.038404810405298 1.263268961395122 
22 79 9 2 2 18 5.830951894845301 13.038404810405298 1.2543986868307087 
21 78 9 2 0 16 4.47213595499958 13.038404810405298 1.2518898115093293 
22 77 9 2 2 16 5.830951894845301 13.038404810405298 1.2489406159876495 
21 76 9 2 0 16 4.47213595499958 13.038404810405298 1.2464589860107502 
22 75 9 2 2 16 5.0990195135927845 13.038404810405298 1.2437027052447405 
22 74 9 2 2 16 5.830951894845301 13.038404810405298 1.241000915167691 
22 73 9 2 2 16 5.0990195135927845 13.038404810405298 1.241205173923048 
22 72 9 2 2 17 5.830951894845301 13.038404810405298 1.2385033838459987 
22 71 9 2 2 17 5.0990195135927845 13.038404810405298 1.2416681821227222 
22 70 9 2 2 19 5.830951894845301 13.038404810405298 1.211763684380454 
22 69 9 3 2 16 5.0990195135927845 13.038404810405298 1.2119679431358112 
22 68 9 3 2 17 5.830951894845301 13.038404810405298 1.2063056135373948 
22 67 9 3 2 16 5.0990195135927845 13.038404810405298 1.2035493327713853 
22 66 9 3 2 16 5.830951894845301 13.038404810405298 1.1978870031729691 
22 65 9 3 2 15 5.0990195135927845 13.038404810405298 1.1951307224069596 
22 64 9 3 2 15 5.830951894845301 13.038404810405298 1.19242893232991 
22 63 9 3 2 15 5.0990195135927845 13.038404810405298 1.1896726515639005 
22 62 9 3 2 15 5.830951894845301 13.038404810405298 1.1869708614868508 
22 61 9 3 2 15 5.0990195135927845 13.038404810405298 1.184214580720841 
22 60 9 3 2 15 5.830951894845301 13.038404810405298 1.1815127906437917 
22 59 9 3 2 15 5.0990195135927845 13.038404810405298 1.1758232157008952 
22 58 9 3 2 14 5.0990195135927845 13.038404810405298 1.169219744659849 
22 57 9 3 2 13 5.0990195135927845 12.0 1.1664907092383192 
22 56 9 3 2 13 5.0990195135927845 12.0 1.1637616738167897 
22 55 9 3 2 13 5.0990195135927845 12.0 1.16103263839526 
22 54 9 3 2 13 5.0990195135927845 12.0 1.1583036029737306 
22 53 9 3 2 13 5.0990195135927845 12.0 1.155574567552201 
22 52 9 3 2 13 5.0990195135927845 12.0 1.1528455321306712 
22 51 9 3 2 13 5.0990195135927845 12.0 1.1445725997383709 
22 49 9 3 2 12 5.0990195135927845 12.165525060596439 1.1418435643168414 
22 48 9 3 2 12 5.0990195135927845 12.165525060596439 1.1391145288953117 
22 47 9 3 2 12 5.0990195135927845 12.165525060596439 1.115103864851297 
22 46 9 4 2 11 5.0990195135927845 12.165525060596439 1.1123748294297673 
22 45 9 4 2 11 5.0990195135927845 12.165525060596439 1.109645794008238 
22 44 9 4 2 11 5.0990195135927845 12.165525060596439 1.1029703669792361 
22 43 9 4 2 10 5.0990195135927845 11.045361017187261 1.0789597029352211 
22 42 9 5 2 9 5.0990195135927845 11.045361017187261 1.073270127992325 
22 41 9 5 2 8 5.0990195135927845 11.045361017187261 1.0675805530494284 
22 40 9 5 2 7 5.0990195135927845 11.045361017187261 1.064851517627899 
22 39 9 5 2 7 5.0990195135927845 11.045361017187261 1.0467619326266175 
22 38 9 6 2 8 5.0990195135927845 11.045361017187261 1.0469934367264546 
22 37 9 6 2 9 5.0990195135927845 11.045361017187261 1.0433443830758176 
22 36 9 6 2 9 5.0990195135927845 10.0 1 
