140 140 0 0 14 14 16.0 16.0 1.0912969895074265 
139 139 0 0 19 17 16.0 13.038404810405298 1.1002845919395765 
135 137 0 0 22 20 13.341664064126334 15.033296378372908 1.1176594238041668 
131 136 0 0 25 27 14.142135623730951 15.033296378372908 1.114888104737374 
127 135 0 0 25 24 13.038404810405298 16.0 1.1178161350858797 
123 133 0 0 28 24 13.341664064126334 16.0 1.1293267053075728 
123 132 0 0 38 28 13.341664064126334 16.0 1.1306702337348953 
117 130 0 0 38 27 12.165525060596439 16.0 1.1284792336595577 
113 129 0 0 36 25 12.165525060596439 16.0 1.1254774329423953 
107 123 0 0 34 25 12.165525060596439 16.0 1.1385706662224693 
106 122 0 0 38 31 13.038404810405298 16.0 1.1501265749283935 
100 121 1 0 30 32 13.038404810405298 16.0 1.141795892093924 
96 119 1 0 33 26 13.038404810405298 16.0 1.149455105837787 
94 117 1 0 31 31 13.038404810405298 16.0 1.1543928670259178 
92 116 1 0 32 33 13.038404810405298 16.0 1.1504269238253781 
88 112 2 0 27 28 13.038404810405298 16.0 1.1902399740048586 
87 111 2 0 32 48 13.038404810405298 16.0 1.1655845246615817 
77 110 3 0 19 29 13.038404810405298 16.0 1.167111349263833 
76 109 3 0 26 28 13.038404810405298 16.0 1.1761303949915427 
66 108 4 0 13 27 12.0 16.0 1.1571641974455587 
62 104 4 0 15 17 12.0 16.0 1.1577098528476029 
62 103 4 0 22 16 12.0 16.0 1.1631123697392887 
56 102 5 0 13 14 12.0 16.0 1.1705927936566114 
55 101 5 0 17 17 13.038404810405298 16.0 1.1814299764269958 
53 100 5 0 15 23 13.038404810405298 16.0 1.1955512938719866 
52 99 6 0 14 26 13.038404810405298 16.0 1.1818520145698623 
52 98 6 1 20 26 13.038404810405298 16.0 1.1818256715025357 
46 97 7 1 8 22 11.40175425099138 16.0 1.186597985703328 
42 96 7 1 5 24 11.40175425099138 16.0 1.1738106797210937 
42 94 7 1 7 18 11.40175425099138 16.0 1.1805337328203447 
42 93 7 1 8 22 11.40175425099138 16.0 1.1767468937041934 
38 92 7 1 3 20 11.40175425099138 16.0 1.1821666425915962 
37 91 8 1 3 18 14.0 16.0 1.18048933378265 
36 89 8 1 3 18 13.038404810405298 16.0 1.180120807483834 
35 88 8 1 3 18 12.165525060596439 16.0 1.1728137800361715 
34 86 8 1 3 15 11.045361017187261 16.0 1.1673948030056336 
33 84 8 1 3 13 10.198039027185569 16.0 1.1643886891910586 
32 82 8 1 4 12 9.486832980505138 16.0 1.1662483359933573 
28 81 8 1 3 12 5.0990195135927845 16.0 1.163748977912907 
29 80 8 1 6 11 6.324555320336759 16.0 1.149072108877132 
27 78 8 2 2 13 5.0990195135927845 16.0 1.129232570559661 
29 76 8 3 6 12 6.324555320336759 16.0 1.112681886368119 
27 74 8 4 2 13 5.0990195135927845 16.0 1.1078594902786332 
29 73 8 4 6 11 6.324555320336759 16.0 1.1060387587929312 
27 72 8 4 2 11 5.0990195135927845 15.033296378372908 1.1049639930149793 
29 71 8 4 6 11 6.324555320336759 15.033296378372908 1.1015566358956554 
27 70 8 4 2 10 5.0990195135927845 15.033296378372908 1.0983433078092888 
29 69 8 4 6 9 6.324555320336759 14.142135623730951 1.1005573961572657 
27 68 8 4 2 11 5.0990195135927845 14.142135623730951 1.0992914301267396 
27 67 8 4 2 11 5.830951894845301 14.142135623730951 1.0999438149054213 
28 66 8 4 4 12 5.830951894845301 14.142135623730951 1.1023872913462007 
28 65 8 4 4 14 5.830951894845301 14.142135623730951 1.097905168448925 
28 63 8 4 4 13 5.830951894845301 14.142135623730951 1.09244753104677 
27 61 8 4 4 11 4.242640687119285 14.142135623730951 1.0936320072280392 
27 60 8 4 5 12 5.830951894845301 14.142135623730951 1.098301525400526 
25 59 9 4 2 10 5.830951894845301 14.142135623730951 1.096959183689543 
25 58 9 4 2 10 5.0990195135927845 14.142135623730951 1.0943890637882625 
25 56 9 4 2 10 5.830951894845301 14.142135623730951 1.0930467220772797 
25 55 9 4 2 10 5.0990195135927845 14.142135623730951 1.0917807560467536 
25 54 9 4 2 10 5.830951894845301 14.142135623730951 1.0697998266404851 
25 52 9 5 2 8 5.0990195135927845 14.142135623730951 1.0666600454541921 
25 51 9 5 2 7 5.830951894845301 14.142135623730951 1.065317703743209 
25 50 9 5 2 7 5.0990195135927845 14.142135623730951 1.0640517377126832 
25 49 9 5 2 7 5.830951894845301 14.142135623730951 1.0627093960017002 
25 48 9 5 2 7 5.0990195135927845 14.142135623730951 1.0614434299711744 
25 47 9 5 2 7 5.830951894845301 14.142135623730951 1.0582272731044244 
25 46 9 5 2 6 5.0990195135927845 14.142135623730951 1.0432483187166677 
25 45 9 6 2 7 5.830951894845301 14.142135623730951 1.0419059770056849 
25 44 9 6 2 7 5.0990195135927845 14.142135623730951 1.0406400109751588 
25 43 9 6 2 7 5.830951894845301 14.142135623730951 1.0355500389526417 
25 42 9 6 2 5 5.0990195135927845 14.142135623730951 1.032410257766349 
25 41 9 6 2 4 5.830951894845301 14.142135623730951 1.0173549276981353 
25 40 9 7 2 5 5.0990195135927845 14.142135623730951 1.0160889616676092 
25 39 9 7 2 5 5.830951894845301 14.142135623730951 1.0109567638160526 
25 38 9 7 2 3 5.0990195135927845 14.0 1.0076214033657491 
25 37 9 7 2 2 5.830951894845301 13.341664064126334 1.0025314313432323 
25 36 9 7 2 0 5.0990195135927845 13.341664064126334 1.0269558371902803 
25 37 9 6 2 4 5.830951894845301 13.341664064126334 1.0025314313432323 
25 36 9 7 2 0 5.0990195135927845 13.341664064126334 1.014767083186635 
25 39 9 7 2 4 5.830951894845301 16.0 1.0093899216419735 
25 38 9 7 2 2 5.0990195135927845 15.033296378372908 1.005985393303033 
25 37 9 7 2 1 5.830951894845301 14.142135623730951 1.0025314313432323 
25 36 9 7 2 0 5.0990195135927845 13.341664064126334 1.004443434339228 
25 36 9 7 2 1 5.830951894845301 13.341664064126334 1.0031010926282447 
25 35 9 7 2 1 5.0990195135927845 13.341664064126334 0.9843745079289542 
25 34 9 8 2 0 5.830951894845301 13.341664064126334 0.994942440699001 
25 36 9 8 2 4 5.0990195135927845 15.033296378372908 0.9896218713752534 
25 35 9 8 2 2 5.830951894845301 14.0 0.9843363200887257 
25 34 9 8 2 0 5.0990195135927845 13.341664064126334 1.0121765000553462 
25 36 9 7 2 5 5.830951894845301 14.142135623730951 0.9914997245198318 
25 35 9 8 2 3 5.0990195135927845 14.142135623730951 0.9674835505452024 
25 33 9 9 2 0 5.830951894845301 13.341664064126334 0.9501259094844562 
25 21 9 9 2 1 5.0990195135927845 1.4142135623730951 -1 
