140 140 0 0 14 14 16.0 16.0 1.0772387448390635 
138 139 0 0 17 17 16.0 14.142135623730951 1.075705574954721 
134 137 0 0 16 15 12.0 16.0 1.083020306782214 
132 136 0 0 21 20 14.142135623730951 16.0 1.0880559094327287 
128 135 0 0 22 23 14.142135623730951 16.0 1.085683355915427 
124 134 0 0 22 20 14.142135623730951 16.0 1.088321177154461 
120 133 0 0 23 21 14.142135623730951 16.0 1.0909589983934949 
116 132 0 0 24 22 14.142135623730951 16.0 1.099806085094604 
112 131 0 0 26 28 14.142135623730951 16.0 1.1081713336955055 
106 130 1 0 22 25 12.165525060596439 16.0 1.101261177097116 
102 128 1 0 16 20 12.165525060596439 16.0 1.1054359835252012 
101 127 1 0 20 23 14.0 16.0 1.1034283008743266 
93 125 1 0 16 20 14.0 16.0 1.1190689752387941 
92 123 2 0 17 25 14.0 16.0 1.1322396551212588 
88 121 3 0 16 27 14.0 16.0 1.1211077703153902 
87 115 3 0 19 21 14.142135623730951 16.0 1.128934252911909 
81 114 3 0 17 26 14.142135623730951 16.0 1.130019969089588 
80 113 3 0 20 27 14.142135623730951 15.033296378372908 1.142649893075712 
78 112 3 0 22 37 15.033296378372908 15.033296378372908 1.1336553804596416 
70 111 3 0 15 28 15.033296378372908 15.033296378372908 1.1508720298863957 
69 109 4 0 14 35 15.033296378372908 14.142135623730951 1.1490096109704886 
68 107 4 0 22 33 15.033296378372908 14.142135623730951 1.150559673533376 
62 105 5 0 18 25 14.142135623730951 14.142135623730951 1.1498222570648389 
56 103 5 0 8 25 14.142135623730951 14.142135623730951 1.1626984518732066 
50 102 6 0 8 25 14.142135623730951 14.142135623730951 1.1674061526614234 
48 101 6 0 7 29 12.0 14.142135623730951 1.1736622156492147 
47 100 7 0 5 26 12.0 14.142135623730951 1.17637224995877 
46 99 7 0 8 28 12.0 14.142135623730951 1.179636739173946 
45 98 7 0 8 31 12.0 14.142135623730951 1.170482697464971 
44 97 7 0 6 24 12.0 14.142135623730951 1.1785427495031087 
43 96 7 0 6 31 12.0 14.142135623730951 1.1746268001578641 
42 94 7 0 10 28 12.165525060596439 14.142135623730951 1.174849072161439 
41 93 7 0 7 29 12.165525060596439 14.142135623730951 1.1764933444682542 
40 91 7 0 9 31 12.165525060596439 14.142135623730951 1.1586022890977745 
36 90 7 1 3 28 12.165525060596439 14.142135623730951 1.1517361453344535 
36 84 7 1 6 27 12.165525060596439 11.40175425099138 1.1631824388286134 
34 83 8 1 4 28 13.341664064126334 11.045361017187261 1.1616320854029112 
33 82 8 1 4 27 12.649110640673518 11.045361017187261 1.162949325617146 
31 81 8 1 4 28 10.198039027185569 11.045361017187261 1.1619021158740481 
29 80 8 1 4 27 8.94427190999916 11.045361017187261 1.1559139007143941 
28 78 8 1 4 23 8.602325267042627 11.045361017187261 1.1535748303736608 
27 77 8 1 6 21 7.211102550927978 11.045361017187261 1.154009442620168 
23 76 8 1 3 21 2.0 11.045361017187261 1.1596293674719649 
22 74 9 1 2 18 2.0 11.045361017187261 1.1578671743717455 
21 73 9 1 1 17 1.4142135623730951 11.045361017187261 1 
