140 140 0 0 14 14 16.0 16.0 0.9988680142994003 
138 139 0 0 17 19 16.0 14.142135623730951 1.004256513145458 
134 137 0 0 16 19 12.0 16.0 1.0050122190517974 
132 136 0 0 16 19 13.038404810405298 16.0 1.0031199354701266 
130 132 0 0 16 19 14.0 16.0 1.005260891495046 
128 130 0 0 16 21 14.142135623730951 16.0 1.00553613910897 
126 129 0 0 14 20 14.142135623730951 15.033296378372908 1.0065782648035946 
124 128 0 0 16 21 15.033296378372908 15.033296378372908 1.0110835673529879 
122 126 0 0 15 25 15.033296378372908 15.033296378372908 1.0167123208588615 
120 125 0 0 16 30 15.033296378372908 15.033296378372908 1.0128697411219876 
118 121 0 0 17 28 15.033296378372908 15.033296378372908 1.0184984946278615 
116 120 0 0 18 33 15.033296378372908 15.033296378372908 1.0072604701895018 
114 116 0 0 18 23 15.033296378372908 15.033296378372908 1.0084057202582493 
112 115 0 0 18 23 15.033296378372908 15.033296378372908 1.0056683819745182 
110 114 0 0 18 19 15.033296378372908 15.033296378372908 1.0077842791313854 
108 113 0 0 18 20 15.033296378372908 15.033296378372908 1.0070666142367093 
106 111 0 0 18 19 15.033296378372908 15.033296378372908 1.0082118643054567 
104 110 0 0 18 19 15.033296378372908 15.033296378372908 1.0150281930345604 
102 108 0 0 16 25 15.033296378372908 15.033296378372908 1.0140588190164919 
96 104 0 0 15 21 15.033296378372908 15.033296378372908 1.0217038306077144 
95 100 1 0 14 19 15.033296378372908 15.033296378372908 1.023218812679933 
93 99 1 0 13 19 15.033296378372908 15.033296378372908 1.025286597952894 
92 98 1 0 13 21 15.033296378372908 15.033296378372908 1.0268194758217042 
90 97 1 0 13 21 14.0 15.033296378372908 1.0361624343379727 
80 96 1 0 12 21 13.038404810405298 14.0 1.042731227587868 
79 95 2 1 14 30 13.038404810405298 14.0 1.0339388236942428 
77 94 2 1 12 19 13.038404810405298 14.0 1.0347624963667172 
76 93 2 1 11 19 12.165525060596439 14.0 1.0374017830881246 
74 92 2 1 11 20 10.770329614269007 14.0 1.039887412248463 
72 91 2 1 10 21 10.770329614269007 14.0 1.041466037629957 
71 90 2 1 10 22 9.486832980505138 14.0 1.0412318449444107 
70 88 2 1 9 22 9.055385138137417 14.0 1.0606111844461117 
62 87 3 1 11 24 11.313708498984761 14.0 1.0588444932505001 
60 86 3 1 11 21 11.313708498984761 14.0 1.0567120246086885 
58 82 3 1 10 20 11.313708498984761 14.0 1.0588279217655554 
56 81 3 1 10 21 11.313708498984761 14.0 1.0593241448657484 
55 80 3 1 9 21 11.313708498984761 14.0 1.0712175222556497 
54 79 4 1 9 21 11.313708498984761 14.0 1.0574221543415843 
53 78 4 2 8 20 11.313708498984761 14.0 1.0625249696633918 
52 77 4 2 9 25 10.0 14.0 1.0549903044545914 
51 76 4 2 7 17 10.0 13.038404810405298 1.0567364696079868 
49 75 4 2 8 18 10.0 13.038404810405298 1.05723269270818 
48 74 4 2 7 18 10.0 13.038404810405298 1.043067592790643 
47 73 4 3 7 17 10.0 13.038404810405298 1.0423780244326943 
46 72 4 3 8 16 8.602325267042627 13.038404810405298 1.0417867159886762 
45 71 4 3 6 15 9.899494936611665 13.038404810405298 1.0451044433148393 
43 70 4 3 8 18 9.899494936611665 13.038404810405298 1.0587137185292261 
39 69 5 3 9 17 9.899494936611665 13.038404810405298 1.0610826620747862 
37 68 5 3 7 17 7.0710678118654755 12.165525060596439 1.0611291610355427 
35 67 5 3 7 17 10.0 12.165525060596439 1.0579757626295228 
34 65 5 3 7 14 8.602325267042627 12.165525060596439 1.0596516409401935 
33 64 5 3 7 14 4.47213595499958 12.165525060596439 1.0598262439208215 
31 63 5 3 7 13 4.47213595499958 12.165525060596439 1.0734778442896908 
29 62 6 3 5 13 4.47213595499958 12.165525060596439 1.0706801250341171 
28 60 6 3 4 12 4.47213595499958 10.0 1.0825735024240184 
27 59 7 3 4 12 4.47213595499958 10.0 1.0845493893221394 
25 58 7 3 3 13 5.830951894845301 10.0 1.0964427667120409 
24 57 8 3 3 13 5.830951894845301 10.0 1.0835268730636638 
23 56 8 4 1 12 4.47213595499958 10.0 1.0841447405939497 
22 55 8 4 1 12 3.1622776601683795 10.0 1.094710659189532 
21 54 9 4 0 11 5.0990195135927845 10.0 1.0938603196171328 
21 53 9 4 1 10 1.4142135623730951 10.0 1 
