140 140 0 0 14 14 16.0 16.0 1.1887935078612262 
139 138 0 0 19 17 16.0 13.038404810405298 1.2033742002787684 
135 137 0 0 22 19 14.142135623730951 15.033296378372908 1.2251263015717662 
131 136 0 0 25 24 14.142135623730951 15.033296378372908 1.2243649860499868 
127 135 0 0 25 22 13.341664064126334 16.0 1.2288954586769778 
123 134 0 0 28 21 13.341664064126334 16.0 1.2256708949699386 
123 130 0 0 38 20 13.341664064126334 15.033296378372908 1.233364538537512 
117 129 0 0 38 20 14.0 15.033296378372908 1.235561416562284 
113 128 0 0 36 20 14.0 15.033296378372908 1.2386431437229848 
107 126 0 0 34 20 14.0 15.033296378372908 1.2491795804012278 
105 125 0 0 35 23 14.0 15.033296378372908 1.275788817068028 
104 121 0 0 41 33 14.0 15.033296378372908 1.2802458223062783 
92 120 1 0 35 28 14.0 15.033296378372908 1.3107948571891725 
86 119 2 0 28 36 14.0 15.033296378372908 1.300124585623899 
85 117 2 0 32 32 13.038404810405298 15.033296378372908 1.3209225480358118 
77 115 2 0 30 37 12.165525060596439 15.033296378372908 1.3018405168280442 
78 114 2 0 33 31 12.165525060596439 14.0 1.279239093113358 
70 112 3 0 21 22 11.045361017187261 14.0 1.2944328784829346 
69 110 3 0 25 27 11.045361017187261 14.0 1.2923739887857881 
59 109 4 0 16 22 11.045361017187261 14.0 1.321809634287836 
58 108 4 0 23 30 11.045361017187261 14.0 1.309381084397423 
50 107 4 0 17 24 10.198039027185569 14.0 1.3294930151717794 
44 106 5 0 11 28 10.295630140987 14.0 1.3307968242522652 
42 105 6 0 10 26 10.295630140987 14.0 1.34371442969138 
41 104 7 0 8 29 10.295630140987 14.0 1.3349284837890607 
41 103 7 0 13 25 10.295630140987 14.0 1.3328862520358242 
35 101 8 0 6 23 10.295630140987 12.165525060596439 1.3304968634665952 
34 100 8 0 10 21 10.295630140987 12.165525060596439 1.329684924948792 
33 99 8 0 10 21 10.295630140987 12.165525060596439 1.343864755321421 
29 97 9 0 4 25 9.486832980505138 12.165525060596439 1.337294436376806 
28 96 9 0 4 23 8.94427190999916 12.165525060596439 1.3336009843875156 
27 95 9 0 4 22 8.602325267042627 12.165525060596439 1.327704517425465 
25 94 9 0 3 20 8.602325267042627 12.165525060596439 1.3243381141278607 
24 92 9 0 3 20 7.211102550927978 12.165525060596439 1.324500885561803 
28 91 9 0 12 20 10.0 12.165525060596439 1.31955273155966 
29 90 9 0 14 19 11.40175425099138 12.165525060596439 1.3091490879995875 
27 89 9 0 6 18 8.602325267042627 12.165525060596439 1.3032526210375368 
25 88 9 0 5 16 8.602325267042627 12.165525060596439 1.2995246724671334 
24 87 9 0 5 15 7.211102550927978 12.165525060596439 1.3033671290315985 
23 86 9 0 4 17 5.830951894845301 12.165525060596439 1.3044009167283193 
22 85 9 0 3 18 6.324555320336759 12.165525060596439 1 
