140 140 0 0 14 14 16.0 16.0 1.0708094940010935 
138 139 0 0 17 17 16.0 14.142135623730951 1.0702162607307064 
134 138 0 0 16 15 12.165525060596439 16.0 1.0833520007375135 
132 137 0 0 21 21 12.165525060596439 16.0 1.0916364632054065 
128 136 0 0 22 24 13.038404810405298 16.0 1.0914702563282654 
124 134 0 0 22 23 13.038404810405298 16.0 1.0891111126952542 
120 133 0 0 22 20 14.142135623730951 16.0 1.0906489395091719 
116 131 0 0 22 20 14.142135623730951 16.0 1.1035824906404472 
112 130 0 0 22 26 14.142135623730951 16.0 1.109281447988529 
108 129 0 0 25 27 14.142135623730951 16.0 1.1160548538539297 
104 128 1 0 20 25 14.142135623730951 16.0 1.1164406498457962 
100 127 2 0 16 19 14.142135623730951 16.0 1.1266907681187976 
98 125 2 0 17 25 14.142135623730951 16.0 1.129696226736866 
96 123 2 0 17 27 14.142135623730951 16.0 1.131322189925224 
94 122 2 0 19 27 14.142135623730951 16.0 1.1344637787365501 
88 121 3 0 13 22 13.341664064126334 16.0 1.1369367258345673 
86 120 3 0 13 23 13.341664064126334 16.0 1.1314220159973436 
84 118 3 0 13 20 13.341664064126334 16.0 1.129315373542237 
82 116 3 0 13 19 13.341664064126334 16.0 1.1303598130610855 
80 114 3 0 14 20 13.341664064126334 14.142135623730951 1.1354606801021616 
78 113 3 0 16 22 15.033296378372908 14.142135623730951 1.140913169691596 
76 112 3 0 15 25 15.033296378372908 14.142135623730951 1.1533061565170797 
75 111 4 0 14 27 15.033296378372908 14.142135623730951 1.1637575791721053 
74 110 4 0 15 33 15.033296378372908 14.142135623730951 1.1518711097162593 
70 106 4 0 13 27 15.033296378372908 14.142135623730951 1.155743928086451 
69 105 5 0 12 24 15.033296378372908 14.142135623730951 1.1527802358499448 
67 103 5 0 10 23 15.033296378372908 14.142135623730951 1.1497254857705022 
67 97 5 0 17 24 15.033296378372908 12.165525060596439 1.1588678521045683 
61 96 6 0 13 22 15.033296378372908 12.165525060596439 1.1552584803404273 
60 95 6 0 13 20 15.033296378372908 12.165525060596439 1.1542825344688559 
58 94 6 0 13 19 14.0 12.165525060596439 1.1572500004167212 
56 92 6 0 13 21 13.038404810405298 12.165525060596439 1.166514660631618 
54 91 6 0 17 25 12.165525060596439 12.165525060596439 1.1722075884994916 
46 90 6 0 11 26 11.40175425099138 12.165525060596439 1.1727843789026586 
42 89 6 0 10 25 11.40175425099138 12.165525060596439 1.16713155344139 
41 87 6 0 12 22 10.770329614269007 12.165525060596439 1.174504108722012 
37 86 6 0 15 24 10.0 12.165525060596439 1.1830976948270526 
31 85 7 0 6 23 7.211102550927978 12.165525060596439 1.1874768644916602 
31 84 7 0 11 25 7.211102550927978 12.165525060596439 1.190095342660131 
27 83 8 0 4 21 10.0 12.165525060596439 1.1895570017811645 
26 82 8 0 4 21 8.602325267042627 11.40175425099138 1.1875966964345301 
25 81 8 0 4 20 7.211102550927978 11.40175425099138 1.1877311940491355 
23 80 8 0 3 20 2.0 11.40175425099138 1.1814072342218933 
22 79 9 1 2 20 2.0 11.40175425099138 1.1807542605000554 
21 78 9 1 1 20 1.4142135623730951 11.40175425099138 1 
