140 140 0 0 14 14 16.0 16.0 1.0204240532363018 
138 139 0 0 17 19 16.0 14.142135623730951 1.023078129091209 
134 137 0 0 16 17 12.165525060596439 16.0 1.0272468455423267 
132 135 0 0 16 22 14.0 16.0 1.0275110792677598 
130 134 0 0 16 22 14.0 15.033296378372908 1.0299898337238316 
128 133 0 0 16 24 15.033296378372908 15.033296378372908 1.029609834261648 
126 132 0 0 14 22 15.033296378372908 15.033296378372908 1.0289161654434704 
124 130 0 0 16 22 15.033296378372908 15.033296378372908 1.0330226955773045 
122 129 0 0 15 25 15.033296378372908 15.033296378372908 1.0297395634978161 
120 128 0 0 16 21 15.033296378372908 15.033296378372908 1.0293439704898617 
118 127 0 0 17 20 15.033296378372908 15.033296378372908 1.0289763371948892 
116 125 0 0 18 20 15.033296378372908 15.033296378372908 1.0279442666862955 
114 124 0 0 18 18 15.033296378372908 15.033296378372908 1.032687274320769 
112 123 0 0 18 22 15.033296378372908 15.033296378372908 1.0335802298598642 
110 122 0 0 18 22 15.033296378372908 15.033296378372908 1.0426147326948925 
104 121 0 0 19 27 15.033296378372908 15.033296378372908 1.0447962367810373 
102 120 0 0 18 28 15.033296378372908 15.033296378372908 1.0585239995538616 
96 118 1 0 17 26 15.033296378372908 15.033296378372908 1.058454442069112 
94 117 1 0 17 25 15.033296378372908 15.033296378372908 1.063127892218836 
90 115 1 0 17 28 15.033296378372908 15.033296378372908 1.0594205617805328 
88 109 1 0 15 28 15.033296378372908 14.142135623730951 1.0753558328654984 
82 108 2 0 16 28 15.033296378372908 14.142135623730951 1.0731275256674735 
81 106 2 0 14 26 15.033296378372908 14.142135623730951 1.0835315116037003 
80 105 3 0 15 25 15.033296378372908 14.142135623730951 1.0905255808090684 
78 104 3 0 14 31 15.033296378372908 14.142135623730951 1.0857273373440424 
76 100 3 0 14 28 15.033296378372908 14.142135623730951 1.0834355034416767 
74 99 3 0 13 24 14.0 14.142135623730951 1.084682454216959 
72 97 3 0 12 25 14.0 14.142135623730951 1.0804192145425044 
71 95 3 0 11 21 13.341664064126334 14.142135623730951 1.066444147611116 
70 93 3 1 10 21 13.341664064126334 14.142135623730951 1.065395065598531 
69 92 3 1 8 20 13.341664064126334 13.038404810405298 1.0659619856144211 
67 91 3 1 9 20 13.341664064126334 13.038404810405298 1.0797280203940494 
65 90 4 1 9 21 13.341664064126334 13.341664064126334 1.0939488933725598 
63 89 5 1 7 22 13.341664064126334 13.341664064126334 1.0981041821052597 
62 88 5 1 6 26 13.341664064126334 13.341664064126334 1.09426129083698 
61 86 5 1 6 23 13.341664064126334 13.341664064126334 1.0974053079469692 
59 85 5 1 5 25 13.341664064126334 13.341664064126334 1.1102401151806987 
55 84 6 1 4 23 13.341664064126334 13.341664064126334 1.1034371479957776 
54 80 6 1 5 20 13.341664064126334 12.165525060596439 1.103742384633099 
53 79 6 1 4 20 13.341664064126334 12.165525060596439 1.104358063247855 
52 78 6 1 5 21 13.341664064126334 12.165525060596439 1.1046912595981586 
51 76 6 1 4 22 13.341664064126334 12.165525060596439 1.1081736783985647 
49 74 6 1 5 26 13.341664064126334 12.165525060596439 1.1084301564370203 
47 73 6 1 4 25 13.341664064126334 12.165525060596439 1.1058144276386048 
46 72 7 2 4 24 13.341664064126334 12.165525060596439 1.1087478168073606 
40 71 7 2 6 23 13.341664064126334 12.165525060596439 1.112167955077065 
39 70 7 2 5 26 12.649110640673518 12.165525060596439 1.1094454539200371 
38 69 7 2 5 23 12.083045973594572 12.165525060596439 1.106968075572402 
37 68 7 2 5 20 10.770329614269007 12.165525060596439 1.1064340902646375 
36 66 7 2 5 20 9.486832980505138 12.165525060596439 1.1023340530094623 
35 65 7 2 4 15 8.246211251235321 12.165525060596439 1.102313254123579 
34 64 7 2 4 15 8.246211251235321 12.165525060596439 1.113835085152473 
33 63 8 2 3 15 8.246211251235321 11.40175425099138 1.112851773242745 
32 62 8 2 3 14 8.246211251235321 11.40175425099138 1.1128309743568614 
31 61 8 2 3 14 8.246211251235321 11.40175425099138 1.1156977145425115 
30 60 8 2 3 17 8.246211251235321 11.40175425099138 1.1202936704853166 
26 59 8 2 4 18 4.47213595499958 11.40175425099138 1.1035909697036206 
25 55 8 3 4 17 3.1622776601683795 11.40175425099138 1.1048654964201652 
23 54 8 3 4 17 2.0 11.40175425099138 1.1176796902541648 
21 53 9 3 1 16 1.4142135623730951 11.40175425099138 1 
