140 140 0 0 14 14 16.0 16.0 1.354969165081957 
139 139 0 0 19 17 16.0 13.038404810405298 1.3645895948180886 
135 137 0 0 22 16 13.341664064126334 15.033296378372908 1.3952157456564862 
131 135 0 0 25 20 13.341664064126334 15.033296378372908 1.4011465160898742 
127 133 0 0 25 20 13.341664064126334 16.0 1.4164401290033244 
123 132 0 0 28 20 13.341664064126334 16.0 1.447177119505573 
123 131 0 0 38 23 13.341664064126334 16.0 1.4415243710130496 
117 129 0 0 38 20 12.165525060596439 15.033296378372908 1.44104457272916 
113 127 0 0 36 20 14.0 15.033296378372908 1.4573280015962606 
107 125 0 0 36 21 14.0 15.033296378372908 1.4757163575716161 
105 124 0 0 39 23 14.0 15.033296378372908 1.5215383776744973 
101 123 0 0 37 31 14.0 15.033296378372908 1.5123419453247613 
97 122 0 0 38 27 14.0 15.033296378372908 1.5428717120364095 
93 121 0 0 36 32 14.0 15.033296378372908 1.5886462198370241 
87 120 0 0 33 39 14.0 15.033296378372908 1.5251500287468336 
86 116 0 0 40 27 14.0 15.033296378372908 1.5519289221189378 
82 115 0 0 37 32 14.0 14.142135623730951 1.5222794912193063 
76 113 0 0 32 26 14.0 14.142135623730951 1.570844429955298 
72 112 1 0 33 33 14.0 14.142135623730951 1.6007598418031301 
71 111 1 0 41 36 14.0 14.0 1.5697774249361298 
65 107 2 0 32 33 14.0 14.0 1.537446273038009 
64 103 3 0 31 30 14.0 14.0 1.5281937410952389 
60 102 3 0 27 28 14.0 14.0 1.535139846933354 
52 98 4 0 18 31 13.038404810405298 14.0 1.5872074527530806 
52 97 4 0 21 41 13.038404810405298 14.0 1.522623568940396 
50 96 5 0 20 28 13.038404810405298 14.0 1.4961797207665215 
50 95 5 0 22 23 13.038404810405298 14.0 1.4793803803780512 
49 94 5 0 22 20 13.038404810405298 14.0 1.4768589419571991 
45 93 6 0 13 21 13.038404810405298 14.0 1.4962918539570227 
45 92 6 0 15 25 13.038404810405298 14.0 1.4755690926878562 
44 88 6 0 18 23 13.038404810405298 14.0 1.4720118186531805 
43 87 6 0 17 23 13.038404810405298 14.0 1.4666257769374547 
42 86 6 0 15 23 12.165525060596439 14.0 1.4503767643577354 
42 85 6 0 17 20 12.165525060596439 14.0 1.480004511951714 
42 84 6 0 19 26 12.165525060596439 14.0 1.4736841539732624 
41 83 6 0 19 25 11.045361017187261 14.0 1.4673851055919147 
40 81 6 0 19 25 10.0 14.0 1.44777815051325 
39 80 6 0 20 21 9.055385138137417 14.0 1.4583309380439666 
37 79 6 0 19 23 7.615773105863909 14.0 1.4571513882717475 
36 78 6 0 19 23 6.324555320336759 14.0 1.4651529691286571 
35 77 6 0 21 24 5.0990195135927845 14.0 1.4308696849621483 
34 76 6 0 20 18 5.656854249492381 14.0 1.4390071057503147 
32 75 6 0 18 20 5.656854249492381 14.0 1.4442872118680292 
31 74 7 0 18 21 5.656854249492381 14.0 1.4158060957718108 
31 73 7 1 18 21 5.656854249492381 14.0 1.4056515447113709 
31 72 7 1 18 20 5.656854249492381 14.0 1.4005944114480084 
31 71 7 1 18 20 5.656854249492381 14.0 1.385342442590491 
31 70 7 1 18 18 5.656854249492381 14.0 1.36195874429135 
31 69 7 2 18 19 5.656854249492381 14.0 1.3518041932309102 
31 68 7 2 18 18 5.656854249492381 14.0 1.3449119569756387 
31 67 7 2 18 18 5.656854249492381 13.038404810405298 1.3398548237122763 
31 66 7 2 18 18 5.656854249492381 13.038404810405298 1.3500899438401466 
31 65 7 2 18 21 5.656854249492381 13.038404810405298 1.3297405571855514 
31 64 7 2 18 18 5.656854249492381 13.038404810405298 1.3297808417192667 
31 63 7 2 18 19 5.656854249492381 13.038404810405298 1.2837420989772055 
31 59 7 2 18 15 5.656854249492381 10.198039027185569 1.2980775931799513 
31 58 7 2 20 18 5.656854249492381 10.198039027185569 1.2713138115387141 
31 56 7 2 20 15 5.656854249492381 9.486832980505138 1.2514111407975699 
30 55 7 2 16 13 5.656854249492381 9.486832980505138 1.2529512845599722 
29 54 7 2 15 14 5.656854249492381 9.486832980505138 1.232642182439092 
29 52 7 2 15 12 5.656854249492381 9.486832980505138 1.2106070370866917 
27 50 7 3 12 14 4.242640687119285 9.486832980505138 1.2167164890202555 
26 49 7 3 11 16 6.324555320336759 9.486832980505138 1.2041038269005484 
24 48 8 3 8 14 6.324555320336759 9.486832980505138 1.1846815713986736 
24 46 8 3 8 12 2.8284271247461903 9.486832980505138 1.1655084442776054 
24 45 8 4 8 14 6.324555320336759 9.486832980505138 1.1460861887757303 
24 43 8 4 8 12 2.8284271247461903 9.486832980505138 1.106523390466352 
24 42 8 5 8 10 6.324555320336759 9.486832980505138 1.1033324289507123 
24 41 8 5 8 10 2.8284271247461903 10.0 1.0953737033649895 
24 40 8 5 8 10 6.324555320336759 8.94427190999916 1.0912034167206324 
24 39 8 5 8 10 2.8284271247461903 8.94427190999916 1.0852594368382649 
24 38 8 5 8 10 6.324555320336759 8.94427190999916 1.07599173239683 
24 37 8 5 8 9 2.8284271247461903 8.94427190999916 1.0700477525144625 
24 36 8 5 8 9 6.324555320336759 8.94427190999916 1.0531473304360623 
24 35 8 5 8 7 2.8284271247461903 7.615773105863909 1.0464310794835647 
24 34 8 5 8 7 6.324555320336759 7.211102550927978 1.0422607928392076 
24 33 8 5 8 7 2.8284271247461903 7.211102550927978 1.0077954123269064 
24 32 8 6 8 6 6.324555320336759 7.211102550927978 1.0009912537313694 
24 31 8 6 8 6 2.8284271247461903 5.830951894845301 0.9925837280031041 
24 30 8 6 8 5 6.324555320336759 7.211102550927978 0.9547946229317357 
24 29 8 7 8 3 2.8284271247461903 7.211102550927978 0.950981941902635 
24 28 8 7 8 4 6.324555320336759 5.656854249492381 0.9366168196641225 
24 27 8 7 8 2 2.8284271247461903 5.656854249492381 0.9310050867743865 
24 26 8 7 8 2 6.324555320336759 5.830951894845301 0.9268348001300291 
24 25 8 7 8 2 2.8284271247461903 5.830951894845301 0.8974668374148057 
24 24 8 8 8 2 6.324555320336759 5.830951894845301 0.8891411230464675 
24 23 8 8 8 1 2.8284271247461903 6.324555320336759 0.8795243657162318 
24 22 8 8 8 0 6.324555320336759 7.0710678118654755 0.9085485196279657 
24 24 8 8 8 4 2.8284271247461903 5.830951894845301 0.8795243657162318 
24 22 8 8 8 0 6.324555320336759 7.0710678118654755 0.8958008116719346 
24 23 8 8 8 3 2.8284271247461903 4.47213595499958 0.8846217835133093 
24 22 8 8 8 1 6.324555320336759 7.0710678118654755 0.8519300962390183 
24 21 8 9 8 0 2.8284271247461903 7.0710678118654755 0.8949139650529296 
24 23 8 8 8 3 6.324555320336759 4.47213595499958 0.8804112123352368 
24 22 8 8 8 0 2.8284271247461903 7.0710678118654755 0.8882542764274626 
24 23 8 8 8 1 6.324555320336759 6.324555320336759 0.8804112123352368 
24 22 8 8 8 0 2.8284271247461903 7.0710678118654755 0.8882542764274626 
24 23 8 8 8 1 6.324555320336759 6.324555320336759 0.8804112123352368 
24 22 8 8 8 0 2.8284271247461903 7.0710678118654755 0.8919215540785688 
24 23 8 8 8 1 6.324555320336759 8.246211251235321 0.8804112123352368 
24 22 8 8 8 0 2.8284271247461903 7.0710678118654755 0.889719201310387 
24 22 8 8 8 2 6.324555320336759 7.0710678118654755 0.8481666500700801 
24 21 8 9 8 0 2.8284271247461903 5.0990195135927845 0.8761494325051737 
24 23 8 9 8 4 6.324555320336759 4.242640687119285 0.8641828506488018 
24 22 8 9 8 3 2.8284271247461903 2.8284271247461903 -1 
