140 140 0 0 14 14 16.0 16.0 1.1626958916842012 
138 139 0 0 17 18 16.0 14.142135623730951 1.1626792542941955 
134 138 0 0 16 16 12.649110640673518 16.0 1.1891880433303712 
132 136 0 0 21 24 12.649110640673518 16.0 1.195244707439689 
128 135 0 0 22 24 13.038404810405298 16.0 1.1834732641705494 
124 133 0 0 22 19 13.038404810405298 16.0 1.189533022576699 
120 132 0 0 23 19 13.341664064126334 16.0 1.1978411040139672 
116 130 0 0 26 20 13.341664064126334 16.0 1.2391871349304806 
108 129 1 0 18 30 13.341664064126334 16.0 1.2477568776437344 
106 127 1 0 20 33 13.341664064126334 15.033296378372908 1.2183428989655054 
102 125 2 0 15 21 15.033296378372908 15.033296378372908 1.2238375997258923 
100 123 2 0 16 23 15.033296378372908 15.033296378372908 1.2298985750624054 
98 122 2 0 18 24 15.033296378372908 15.033296378372908 1.2390091594756791 
96 118 2 0 19 29 15.033296378372908 15.033296378372908 1.2291727683347988 
94 116 2 0 19 26 15.033296378372908 15.033296378372908 1.237504122298078 
93 114 2 0 22 29 15.033296378372908 15.033296378372908 1.2657926303431257 
92 110 2 0 24 41 15.033296378372908 15.033296378372908 1.2590793267010754 
92 108 2 0 26 40 15.033296378372908 14.142135623730951 1.2514015463309451 
84 107 3 0 21 32 15.033296378372908 14.142135623730951 1.2479753460259144 
80 106 3 0 18 30 15.033296378372908 14.142135623730951 1.2406499715581563 
78 105 3 0 18 27 15.033296378372908 14.142135623730951 1.2452101087491612 
76 103 3 0 18 29 15.033296378372908 14.142135623730951 1.223445553486033 
75 102 3 0 20 21 15.033296378372908 14.142135623730951 1.2210295317086162 
71 101 3 0 15 20 15.033296378372908 14.142135623730951 1.245376519571006 
69 100 3 0 15 28 15.033296378372908 14.142135623730951 1.2491209669706789 
65 99 4 0 15 25 15.033296378372908 14.142135623730951 1.254267154417232 
64 97 5 0 13 26 15.033296378372908 14.142135623730951 1.2508312641434647 
62 96 5 0 11 25 15.033296378372908 14.142135623730951 1.2491035811232596 
62 95 5 0 18 23 15.033296378372908 14.142135623730951 1.2558882540745107 
56 94 6 0 11 22 15.033296378372908 14.142135623730951 1.2520906050766631 
55 92 6 0 14 21 15.033296378372908 13.341664064126334 1.276522897866022 
51 91 6 0 10 29 15.033296378372908 13.341664064126334 1.2783458756947106 
50 90 7 0 11 27 15.033296378372908 13.341664064126334 1.2580632809764125 
48 88 7 0 9 21 13.341664064126334 13.341664064126334 1.254595645138261 
47 87 7 0 9 20 13.038404810405298 13.341664064126334 1.256307870301306 
45 85 7 0 9 21 12.165525060596439 13.341664064126334 1.2605271879696625 
43 84 7 0 9 22 11.40175425099138 13.341664064126334 1.2638428522475724 
41 83 7 0 9 23 10.770329614269007 12.165525060596439 1.273810384626455 
39 82 7 0 9 26 10.295630140987 12.165525060596439 1.2664956426722278 
37 81 7 0 9 23 10.0 12.165525060596439 1.2619313064491302 
36 80 7 0 14 20 10.0 12.165525060596439 1.2672607610497915 
30 79 8 0 6 19 8.246211251235321 11.40175425099138 1.2753221150602279 
29 78 8 0 6 22 7.615773105863909 11.40175425099138 1.2623286457968181 
27 77 8 0 6 17 5.0990195135927845 11.40175425099138 1.2789691546552509 
26 76 8 0 9 22 4.0 11.40175425099138 1.25254115100201 
22 75 9 1 2 17 6.324555320336759 11.40175425099138 1.2501558746550383 
22 74 9 1 2 17 2.8284271247461903 11.40175425099138 1.248672937045149 
21 73 9 1 1 17 1.4142135623730951 11.40175425099138 1 
