140 140 0 0 14 14 16.0 16.0 1.1335443104698175 
139 138 0 0 19 17 16.0 13.038404810405298 1.1510402544039018 
135 137 0 0 22 22 14.0 15.033296378372908 1.1589253809770625 
131 135 0 0 25 24 14.0 15.033296378372908 1.158603841469946 
127 134 0 0 25 22 13.038404810405298 16.0 1.1683818887020105 
123 133 0 0 28 24 13.341664064126334 16.0 1.1710160722273817 
123 132 0 0 38 23 13.341664064126334 16.0 1.181429297870216 
117 131 0 0 38 25 13.038404810405298 16.0 1.1705034683445898 
113 130 0 0 36 19 13.038404810405298 16.0 1.1646394974728131 
107 126 0 0 34 17 13.038404810405298 15.033296378372908 1.1769461383438389 
105 125 0 0 35 22 14.0 15.033296378372908 1.198322707803239 
97 124 1 0 28 26 13.038404810405298 15.033296378372908 1.2372432255622419 
93 122 1 0 32 42 13.038404810405298 15.033296378372908 1.2471085030641338 
83 121 2 0 20 41 13.038404810405298 15.033296378372908 1.229949541485595 
79 119 3 0 18 29 13.038404810405298 15.033296378372908 1.2281221996250213 
75 113 3 0 21 30 13.038404810405298 15.033296378372908 1.2647240089827725 
69 112 4 0 18 41 13.038404810405298 15.033296378372908 1.2449309203523178 
63 111 5 0 15 26 13.038404810405298 15.033296378372908 1.2438250315828707 
62 109 5 0 17 26 13.038404810405298 15.033296378372908 1.2474331410425858 
60 108 5 0 18 27 13.038404810405298 15.033296378372908 1.2496227783592515 
54 106 5 0 15 27 13.038404810405298 15.033296378372908 1.2563940510978784 
53 105 6 0 13 27 13.038404810405298 15.033296378372908 1.2596383276579302 
47 104 6 0 12 26 13.038404810405298 15.033296378372908 1.2760378222663957 
46 102 7 0 11 31 13.038404810405298 15.033296378372908 1.281844373573644 
47 101 7 0 18 33 13.038404810405298 15.033296378372908 1.2817153024890586 
39 100 8 0 8 28 13.038404810405298 15.033296378372908 1.2638051805820174 
38 99 8 0 8 20 13.038404810405298 15.033296378372908 1.2610684980045233 
36 98 8 0 6 19 13.038404810405298 15.033296378372908 1.258321290575331 
35 97 8 0 6 18 12.165525060596439 15.033296378372908 1.255859800097289 
34 95 8 0 6 18 11.40175425099138 15.033296378372908 1.2512323571080586 
33 93 8 0 6 17 10.770329614269007 15.033296378372908 1.248494422348144 
32 92 8 0 6 16 10.295630140987 15.033296378372908 1.2479296922240395 
31 91 8 0 6 16 10.0 15.033296378372908 1.245200471559757 
30 90 8 0 6 15 9.899494936611665 15.033296378372908 1.2489477613707707 
29 89 8 0 6 17 8.48528137423857 15.033296378372908 1.2399640200178137 
28 87 8 0 6 14 7.0710678118654755 15.033296378372908 1.238740527836299 
27 86 8 0 5 14 7.211102550927978 15.033296378372908 1.2461709057921484 
25 85 9 0 2 14 7.211102550927978 15.033296378372908 1.2471099259982528 
24 84 9 0 1 15 7.0710678118654755 15.033296378372908 1.2415121700035041 
23 83 9 0 0 13 5.656854249492381 15.033296378372908 1.2396263115295725 
23 82 9 0 0 13 5.656854249492381 15.033296378372908 1.2377128637912307 
23 81 9 0 0 13 4.47213595499958 15.033296378372908 1.2358545945817094 
23 80 9 0 0 13 5.656854249492381 15.033296378372908 1.2339411468433676 
23 79 9 0 0 13 4.47213595499958 15.033296378372908 1.2157810891981053 
23 78 9 1 0 13 5.656854249492381 15.033296378372908 1.2138676414597636 
23 77 9 1 0 13 4.47213595499958 15.033296378372908 1.212009372250242 
23 76 9 1 0 13 5.656854249492381 15.033296378372908 1.2103791005759768 
23 74 9 1 0 14 4.47213595499958 15.033296378372908 1.2085208313664553 
23 73 9 1 0 14 5.656854249492381 15.033296378372908 1.2066488296480995 
24 72 9 1 2 14 5.830951894845301 15.033296378372908 1.2047491144185922 
23 71 9 1 0 14 5.656854249492381 15.033296378372908 1.1846894657905642 
24 69 9 2 2 14 5.830951894845301 15.033296378372908 1.1827897505610567 
23 68 9 2 0 14 5.656854249492381 15.033296378372908 1.180917748842701 
24 67 9 2 2 14 5.830951894845301 15.033296378372908 1.1790180336131937 
23 66 9 2 0 14 5.656854249492381 15.033296378372908 1.177146031894838 
24 65 9 2 2 14 5.830951894845301 15.033296378372908 1.1589445282295896 
23 64 9 3 0 14 5.656854249492381 15.033296378372908 1.154903491973226 
24 63 9 3 2 13 5.830951894845301 15.033296378372908 1.1530037767437187 
23 62 9 3 0 13 5.656854249492381 15.033296378372908 1.1483978923218499 
24 61 9 3 2 12 5.830951894845301 14.142135623730951 1.1464981770923424 
23 60 9 3 0 12 5.656854249492381 14.142135623730951 1.1424571408359787 
24 59 9 3 2 11 5.830951894845301 14.142135623730951 1.1383883910684636 
23 58 9 3 0 10 5.656854249492381 14.142135623730951 1.1343473548121 
24 57 9 3 2 9 5.830951894845301 14.142135623730951 1.1164290272109283 
23 55 9 4 0 10 5.656854249492381 14.142135623730951 1.107633515603669 
24 53 9 4 2 8 5.830951894845301 13.038404810405298 1.1057338003741615 
23 52 9 4 0 8 5.656854249492381 13.038404810405298 1.1038617986558057 
24 51 9 4 2 8 5.830951894845301 13.038404810405298 1.0997930488882903 
23 50 9 4 0 7 5.656854249492381 13.038404810405298 1.0979210471699345 
24 49 9 4 2 7 5.830951894845301 13.038404810405298 1.096021331940427 
23 48 9 4 0 7 5.656854249492381 13.038404810405298 1.0941493302220713 
24 47 9 4 2 7 5.830951894845301 13.038404810405298 1.0759478265568232 
23 46 9 5 0 7 5.656854249492381 13.038404810405298 1.0719067903004595 
24 45 9 5 2 6 5.830951894845301 13.038404810405298 1.0678380405329442 
23 44 9 5 0 5 5.656854249492381 13.038404810405298 1.0659660388145884 
24 43 9 5 2 5 5.830951894845301 13.038404810405298 1.0455955006113327 
23 42 9 6 0 4 5.656854249492381 13.038404810405298 1.0415544643549688 
24 41 9 6 2 3 5.830951894845301 13.038404810405298 1.0211839261517126 
23 40 9 7 0 2 5.656854249492381 13.038404810405298 1.0193119244333568 
24 39 9 7 2 2 5.830951894845301 13.038404810405298 1.0174122092038496 
23 38 9 7 0 2 5.656854249492381 13.038404810405298 1.0155402074854938 
24 37 9 7 2 2 5.830951894845301 13.038404810405298 1.0114714577179784 
23 36 9 7 0 1 5.656854249492381 13.038404810405298 1.0095994559996226 
24 35 9 7 2 1 5.830951894845301 13.038404810405298 0.9913979523343746 
23 34 9 8 0 1 5.656854249492381 13.038404810405298 0.9868036550386103 
24 33 9 8 2 0 5.830951894845301 12.165525060596439 1.0117910618868329 
23 34 9 7 0 3 5.656854249492381 12.649110640673518 0.9889726895766182 
24 33 9 8 2 1 5.830951894845301 12.165525060596439 0.9684972359287178 
23 32 9 9 0 0 5.656854249492381 12.0 0.9753931967182858 
24 33 9 9 2 2 5.830951894845301 13.038404810405298 0.9686021513733624 
23 32 9 9 0 0 5.656854249492381 12.165525060596439 0.9823167066071895 
24 34 9 9 2 4 5.830951894845301 14.142135623730951 0.9689086644534642 
23 32 9 9 0 0 5.656854249492381 12.649110640673518 0.9892792026567201 
24 33 9 8 2 1 5.830951894845301 12.649110640673518 0.9689086644534642 
23 32 9 9 0 0 5.656854249492381 12.649110640673518 0.9892792026567201 
24 33 9 8 2 1 5.830951894845301 12.649110640673518 0.9689086644534642 
23 32 9 9 0 0 5.656854249492381 12.649110640673518 0.9892792026567201 
24 33 9 8 2 1 5.830951894845301 12.649110640673518 0.9689086644534642 
23 32 9 9 0 0 5.656854249492381 12.649110640673518 0.997918912703974 
24 34 9 8 2 4 5.830951894845301 13.038404810405298 0.9914343804391524 
23 33 9 8 0 2 5.656854249492381 12.649110640673518 0.9686160081289382 
24 32 9 9 2 0 5.830951894845301 12.165525060596439 0.9914343804391524 
23 33 9 8 0 2 5.656854249492381 12.649110640673518 0.9689225212090401 
24 32 9 9 2 0 5.830951894845301 12.649110640673518 0.9823028498516139 
23 34 9 9 0 4 5.656854249492381 14.142135623730951 0.9689225212090401 
24 32 9 9 2 0 5.830951894845301 12.649110640673518 0.9684972359287178 
23 32 9 9 0 0 5.656854249492381 12.0 1.0029550601562984 
24 36 9 8 2 4 5.830951894845301 15.033296378372908 0.993759202959373 
23 34 9 8 0 2 5.656854249492381 13.341664064126334 0.9889726895766182 
24 33 9 8 2 1 5.830951894845301 12.165525060596439 0.9684972359287178 
23 32 9 9 0 0 5.656854249492381 12.0 0.9911417241146262 
24 33 9 8 2 2 5.830951894845301 12.165525060596439 0.9686021513733624 
23 32 9 9 0 0 5.656854249492381 12.165525060596439 1.0005043535168618 
24 35 9 8 2 4 5.830951894845301 14.142135623730951 0.991590168421365 
23 34 9 8 0 1 5.656854249492381 13.341664064126334 0.9871101681187122 
24 33 9 8 2 0 5.830951894845301 12.649110640673518 1.0139236683200628 
23 35 9 7 0 3 5.656854249492381 13.038404810405298 0.9871101681187122 
24 33 9 8 2 0 5.830951894845301 12.649110640673518 0.991590168421365 
23 34 9 8 0 1 5.656854249492381 13.341664064126334 0.9871101681187122 
24 33 9 8 2 0 5.830951894845301 12.649110640673518 0.9870963113631366 
23 33 9 8 0 0 5.656854249492381 12.649110640673518 1.0211427070659709 
24 37 9 7 2 4 5.830951894845301 15.033296378372908 1.0165091091329506 
23 36 9 7 0 3 5.656854249492381 14.142135623730951 1.0117684905376305 
24 35 9 7 2 2 5.830951894845301 13.038404810405298 1.007452992810817 
23 34 9 7 0 1 5.656854249492381 12.649110640673518 0.9871101681187122 
24 33 9 8 2 0 5.830951894845301 12.649110640673518 1.0004004063416854 
23 35 9 8 0 4 5.656854249492381 14.0 0.9935808436279582 
24 34 9 8 2 2 5.830951894845301 13.038404810405298 0.9870963113631366 
23 33 9 8 0 0 5.656854249492381 12.649110640673518 0.9871101681187122 
24 33 9 8 2 0 5.830951894845301 12.649110640673518 1.0139236683200628 
23 35 9 7 0 3 5.656854249492381 13.038404810405298 0.9871101681187122 
24 33 9 8 2 0 5.830951894845301 12.649110640673518 0.9433787152579202 
23 21 9 9 0 0 5.656854249492381 5.0990195135927845 0.9706840191000279 
21 23 9 8 0 3 7.0710678118654755 2.0 0.9460600926023074 
22 21 9 9 2 0 6.324555320336759 5.0990195135927845 0.9832238372614569 
22 26 9 8 3 5 2.8284271247461903 5.0990195135927845 1 
