140 140 0 0 14 14 16.0 16.0 1.2323417539095882 
139 139 0 0 19 19 16.0 13.038404810405298 1.2449482513519379 
135 138 0 0 22 19 13.038404810405298 15.033296378372908 1.2625357762045137 
131 137 0 0 25 21 13.038404810405298 15.033296378372908 1.269420443179753 
127 136 0 0 25 21 12.649110640673518 16.0 1.2905157713747228 
123 135 0 0 28 24 13.341664064126334 16.0 1.2918351351303288 
123 134 0 0 38 21 13.341664064126334 16.0 1.320176011862601 
117 133 0 0 38 26 12.165525060596439 16.0 1.3027022395112298 
113 127 0 0 36 25 12.165525060596439 15.033296378372908 1.3166050503634041 
107 126 0 0 36 26 14.0 15.033296378372908 1.337605616609997 
105 124 0 0 44 29 14.0 15.033296378372908 1.3446482422532153 
97 122 1 0 35 30 13.038404810405298 15.033296378372908 1.3600512230545654 
97 120 1 0 47 31 13.038404810405298 15.033296378372908 1.363532941268466 
85 118 2 0 32 31 12.165525060596439 15.033296378372908 1.3537188965155416 
75 116 3 0 23 26 12.165525060596439 15.033296378372908 1.3611613816184736 
69 115 3 0 21 26 12.165525060596439 15.033296378372908 1.3571357744069417 
68 113 3 0 24 25 11.40175425099138 14.0 1.360195444128933 
64 111 3 0 27 24 12.083045973594572 13.341664064126334 1.3677293770602852 
60 110 3 0 28 24 10.770329614269007 13.341664064126334 1.3741522713698142 
59 109 3 0 33 24 10.295630140987 13.038404810405298 1.3877735785611036 
51 107 4 0 26 26 9.486832980505138 13.038404810405298 1.424336250157132 
50 105 4 0 27 37 9.486832980505138 13.038404810405298 1.4173156355874745 
49 104 4 0 30 34 9.486832980505138 13.038404810405298 1.4385757608531464 
47 100 5 0 27 42 9.486832980505138 13.341664064126334 1.4177636266644806 
41 99 6 0 17 36 9.486832980505138 13.341664064126334 1.4357261415661144 
40 98 6 0 20 40 8.246211251235321 13.341664064126334 1.4348701963572572 
39 97 6 0 20 40 7.615773105863909 13.341664064126334 1.443502272109256 
35 96 7 0 16 41 7.615773105863909 13.341664064126334 1.4144140565165588 
31 95 7 0 14 32 7.211102550927978 13.341664064126334 1.3893348239300665 
27 93 8 0 4 27 8.602325267042627 13.341664064126334 1.417363301588869 
28 92 8 0 12 33 8.48528137423857 13.341664064126334 1.3900574929016194 
22 90 9 0 2 26 5.0990195135927845 13.341664064126334 1.349613989637636 
22 84 9 0 2 20 5.830951894845301 13.341664064126334 1.356025561460731 
22 83 9 0 2 23 5.0990195135927845 12.165525060596439 1.3615228224734777 
24 82 9 0 6 25 4.47213595499958 12.165525060596439 1.3405978728871657 
24 81 9 0 6 20 4.0 12.165525060596439 1.340945735769956 
24 80 9 0 6 21 4.47213595499958 12.165525060596439 1.3342469661681806 
24 79 9 0 6 20 4.0 12.165525060596439 1.3310382840548365 
24 78 9 0 6 20 4.47213595499958 12.165525060596439 1.3176075160974343 
24 76 9 0 6 18 4.0 12.165525060596439 1.307285743991822 
24 75 9 0 6 16 4.47213595499958 12.165525060596439 1.3045246110228226 
24 73 9 0 6 17 4.0 12.165525060596439 1.3048724739056126 
24 72 9 0 6 18 4.47213595499958 12.165525060596439 1.3088433392922398 
24 71 9 0 6 20 4.0 12.165525060596439 1.30919120217503 
24 70 9 0 6 21 4.47213595499958 12.165525060596439 1.309605522565523 
24 69 9 0 6 22 4.0 12.165525060596439 1.3063968404521789 
24 68 9 0 6 22 4.47213595499958 12.165525060596439 1.3071922524793136 
24 66 9 0 6 24 4.0 12.165525060596439 1.3004270253698353 
24 65 9 0 6 23 4.47213595499958 12.165525060596439 1.297284800764194 
24 64 9 0 6 23 4.0 12.165525060596439 1.2976326636469844 
24 63 9 0 6 24 4.47213595499958 12.165525060596439 1.2913149856818507 
24 61 9 0 6 24 4.0 12.165525060596439 1.2754411695403678 
24 60 9 1 6 26 4.47213595499958 12.165525060596439 1.2347379959336484 
24 59 9 2 6 21 4.0 12.165525060596439 1.2350858588164386 
24 58 9 2 6 22 4.47213595499958 12.165525060596439 1.2319436342107974 
24 57 9 2 6 22 4.0 12.165525060596439 1.2322914970935877 
24 56 9 2 6 23 4.47213595499958 12.165525060596439 1.2149230925034098 
24 55 9 2 6 19 4.0 12.165525060596439 1.2046013203977974 
24 54 9 2 6 17 4.47213595499958 12.165525060596439 1.197902550796022 
24 53 9 2 6 16 4.0 12.165525060596439 1.2018069586749465 
24 52 9 2 6 18 4.47213595499958 12.165525060596439 1.1650414217010028 
24 50 9 3 6 15 4.0 12.165525060596439 1.1547196495953906 
24 49 9 3 6 13 4.47213595499958 12.165525060596439 1.151958516626391 
24 47 9 3 6 14 4.0 12.165525060596439 1.1444942335434996 
24 45 9 3 6 14 4.47213595499958 11.045361017187261 1.1405349564464557 
24 44 9 3 6 14 4.0 10.198039027185569 1.1175480503127047 
24 43 9 4 6 14 4.47213595499958 10.198039027185569 1.1041172823553023 
24 41 9 4 6 12 4.0 10.198039027185569 1.0973520552458242 
24 40 9 4 6 11 4.47213595499958 10.198039027185569 1.1013229206324515 
24 39 9 4 6 13 4.0 10.198039027185569 1.0538976753189417 
24 35 9 5 6 9 4.47213595499958 9.486832980505138 1.050232271945812 
24 34 9 5 6 9 4.0 8.94427190999916 1.0236888208159265 
24 33 9 6 6 8 4.47213595499958 8.94427190999916 0.9936552821976099 
24 32 9 7 6 6 4.0 8.94427190999916 0.9856090152112579 
24 31 9 7 6 5 4.47213595499958 7.615773105863909 0.9591320215890755 
24 30 9 8 6 4 4.0 7.615773105863909 0.9559233394757314 
24 29 9 8 6 4 4.47213595499958 7.615773105863909 0.9515360241949311 
24 28 9 8 6 4 4.0 6.324555320336759 0.9478513720096171 
24 27 9 8 6 4 4.47213595499958 5.830951894845301 0.944541269175202 
24 26 9 8 6 4 4.0 5.656854249492381 0.9379439202944979 
24 25 9 8 6 3 4.47213595499958 5.830951894845301 0.9348016956888567 
24 24 9 8 6 3 4.0 5.830951894845301 0.9302827396039774 
24 23 9 8 6 3 4.47213595499958 4.47213595499958 0.900249200985661 
24 22 9 9 6 1 4.0 4.47213595499958 0.8922209086001661 
24 21 9 9 6 0 4.47213595499958 3.1622776601683795 0.8941250656152052 
24 21 9 9 6 1 4.0 1.4142135623730951 -1 
