140 140 0 0 14 14 16.0 16.0 0.9897718038625298 
138 139 0 0 17 18 16.0 14.142135623730951 0.9982090431414163 
134 137 0 0 16 22 12.165525060596439 16.0 0.997953442091156 
132 136 0 0 16 21 13.038404810405298 16.0 1.0021459597584514 
130 135 0 0 16 26 14.142135623730951 16.0 1.001738104383878 
128 134 0 0 16 25 14.142135623730951 15.033296378372908 1.0026872123495492 
126 132 0 0 14 25 15.033296378372908 15.033296378372908 0.9989989060423133 
125 131 0 0 14 20 15.033296378372908 15.033296378372908 0.9978275009052793 
123 130 0 0 15 18 15.033296378372908 15.033296378372908 1.0018508553544634 
121 128 0 0 15 23 15.033296378372908 15.033296378372908 1.0010773152207146 
120 126 0 0 14 22 15.033296378372908 15.033296378372908 0.9987057094837557 
119 124 0 0 14 19 14.0 15.033296378372908 1.0036702644948294 
117 122 0 0 15 26 14.0 15.033296378372908 1.0023727740716148 
115 118 0 0 16 26 13.038404810405298 15.033296378372908 1.0048201551981535 
113 117 0 0 16 28 13.038404810405298 15.033296378372908 1.0011875538907424 
111 116 0 0 16 22 13.038404810405298 15.033296378372908 1.000776146557952 
109 115 0 0 17 21 13.038404810405298 15.033296378372908 1.0017035320760033 
107 114 0 0 17 21 13.038404810405298 15.033296378372908 1.0034468931124563 
105 112 0 0 17 23 13.038404810405298 15.033296378372908 1.0050015778948749 
103 111 0 0 15 23 13.038404810405298 14.142135623730951 1.0065839816855129 
99 110 0 0 18 24 13.038404810405298 14.142135623730951 1.00804975452398 
97 109 0 0 14 21 12.0 14.142135623730951 1.0089529059735018 
95 107 0 0 14 22 12.165525060596439 14.142135623730951 1.0276311718906637 
87 106 1 0 13 22 12.165525060596439 14.142135623730951 1.0298416452597317 
86 105 1 0 12 24 12.165525060596439 14.142135623730951 1.0275478368031625 
84 104 1 0 11 19 12.165525060596439 14.142135623730951 1.02771522451697 
82 103 1 0 11 18 12.165525060596439 14.142135623730951 1.0425166973975994 
78 102 2 0 15 21 12.165525060596439 14.142135623730951 1.0455536631699935 
77 101 2 0 14 24 11.045361017187261 13.341664064126334 1.0480010442965322 
75 100 2 0 14 26 11.045361017187261 13.341664064126334 1.0494515198613565 
74 99 2 0 13 27 11.045361017187261 13.341664064126334 1.0458189185539455 
72 98 2 0 13 21 11.045361017187261 13.341664064126334 1.0477759655734995 
71 97 2 0 12 22 10.0 13.341664064126334 1.0499480934189218 
65 96 2 0 13 21 11.40175425099138 13.341664064126334 1.062393622375165 
64 94 3 0 13 22 11.40175425099138 13.341664064126334 1.06408100569746 
62 93 3 0 13 23 11.40175425099138 13.341664064126334 1.0633074655637114 
61 91 3 0 12 22 11.40175425099138 13.341664064126334 1.0610139298214754 
60 89 3 0 11 19 11.40175425099138 13.341664064126334 1.0627013131437701 
58 88 3 0 11 20 11.40175425099138 13.341664064126334 1.0635729936619966 
57 87 3 0 11 21 11.40175425099138 13.341664064126334 1.062669265590625 
55 86 4 1 12 20 11.40175425099138 13.341664064126334 1.0656954417637616 
53 85 4 1 11 22 11.40175425099138 13.341664064126334 1.0676996956088256 
51 84 4 1 9 21 10.0 13.341664064126334 1.071667072343852 
49 83 4 1 9 25 10.0 13.341664064126334 1.0731175479086763 
48 82 4 1 8 26 10.0 13.341664064126334 1.0722880300607693 
47 81 4 1 7 24 10.0 13.341664064126334 1.085493556821256 
46 79 5 1 7 26 10.0 13.341664064126334 1.0832000210790202 
45 77 5 1 6 23 10.0 13.341664064126334 1.0787576109441666 
44 71 5 1 5 22 8.602325267042627 10.770329614269007 1.0938455388284318 
43 69 6 1 7 28 8.602325267042627 10.770329614269007 1.0941065542100945 
39 68 6 1 6 26 11.40175425099138 10.770329614269007 1.0930837684082348 
38 66 6 1 5 22 7.211102550927978 10.770329614269007 1.0937742461688154 
37 65 6 1 4 22 7.211102550927978 10.770329614269007 1.1059825946532542 
36 64 7 1 3 21 7.211102550927978 10.770329614269007 1.1083742707799682 
35 63 7 1 3 24 7.211102550927978 10.770329614269007 1.0942517463329386 
34 61 7 2 3 23 7.211102550927978 10.770329614269007 1.0951234268511651 
33 60 7 2 3 24 7.211102550927978 10.770329614269007 1.094835856661298 
31 58 7 2 4 24 7.0710678118654755 10.770329614269007 1.09848694907562 
30 57 7 2 4 27 4.47213595499958 10.770329614269007 1.0961374356192257 
29 56 7 2 3 23 4.47213595499958 10.770329614269007 1.096726643221292 
28 55 7 2 3 24 4.47213595499958 10.295630140987 1.0967130723112646 
27 54 7 2 3 23 3.1622776601683795 10.295630140987 1.0766225208586013 
26 50 7 3 3 16 3.1622776601683795 10.295630140987 1.0660472380006005 
25 49 7 4 3 18 2.0 10.295630140987 1.0667377157611815 
24 48 7 4 2 18 2.0 10.295630140987 1.080245815143539 
23 47 8 4 2 20 2.8284271247461903 10.295630140987 1.0797107615830828 
22 45 8 4 0 20 5.0990195135927845 10.295630140987 1.078618315579881 
22 43 8 4 1 21 3.1622776601683795 8.94427190999916 1.0893321123801607 
21 41 9 4 0 20 3.1622776601683795 7.615773105863909 1.087368046463743 
21 40 9 4 1 19 1.4142135623730951 6.324555320336759 1 
