140 140 0 0 14 14 16.0 16.0 1.0796540431236508 
138 138 0 0 17 17 16.0 14.142135623730951 1.0780458034240354 
134 134 0 0 16 16 13.341664064126334 15.033296378372908 1.0831506923641223 
132 133 0 0 16 21 15.033296378372908 15.033296378372908 1.0853591918895935 
130 131 0 0 16 24 15.033296378372908 15.033296378372908 1.083566309343386 
128 130 0 0 16 22 15.033296378372908 15.033296378372908 1.0808951424169149 
126 126 0 0 14 22 15.033296378372908 15.033296378372908 1.07566999795912 
124 124 0 0 16 18 15.033296378372908 15.033296378372908 1.0770860355400813 
122 123 0 0 15 19 15.033296378372908 15.033296378372908 1.0781790552402746 
120 122 0 0 16 20 15.033296378372908 15.033296378372908 1.0781944383675053 
118 120 0 0 17 21 15.033296378372908 15.033296378372908 1.08436647671234 
116 119 0 0 18 27 15.033296378372908 15.033296378372908 1.0846052016239889 
114 118 0 0 18 27 15.033296378372908 15.033296378372908 1.08382812280671 
112 117 0 0 18 26 15.033296378372908 15.033296378372908 1.087114258905144 
110 116 0 0 18 29 15.033296378372908 15.033296378372908 1.0791647211413322 
108 114 0 0 18 22 15.033296378372908 15.033296378372908 1.079664631089715 
106 112 0 0 16 23 15.033296378372908 15.033296378372908 1.0805961418495242 
104 111 0 0 18 24 15.033296378372908 15.033296378372908 1.081296933457241 
100 110 0 0 17 23 15.033296378372908 15.033296378372908 1.0798046086667172 
96 109 0 0 17 20 15.033296378372908 15.033296378372908 1.0810366771822104 
92 108 0 0 19 20 15.033296378372908 15.033296378372908 1.0962363843031384 
86 107 1 0 14 20 14.0 15.033296378372908 1.0949626336839375 
85 106 1 0 13 19 14.0 15.033296378372908 1.0977520979804496 
84 105 1 0 12 22 14.0 15.033296378372908 1.1148181615026036 
83 104 2 0 12 28 14.0 15.033296378372908 1.1103354907562337 
82 103 2 0 12 24 14.0 15.033296378372908 1.1066319962978923 
80 102 2 0 12 20 13.038404810405298 15.033296378372908 1.1084227758655965 
78 101 2 0 12 22 12.165525060596439 14.142135623730951 1.1078072059887014 
76 100 2 0 11 21 12.165525060596439 14.142135623730951 1.1071262308821264 
74 99 2 0 11 20 11.40175425099138 14.142135623730951 1.1093820101208094 
72 98 2 0 11 22 10.770329614269007 14.0 1.1086028289182641 
70 96 2 0 11 22 10.295630140987 14.0 1.1076396068494083 
68 94 2 0 12 22 10.0 14.0 1.0946197660828179 
66 93 2 1 10 22 10.0 14.0 1.0936811783251545 
64 92 2 1 11 21 10.0 14.0 1.0930656084482593 
62 91 2 1 10 20 10.0 14.0 1.094158628148453 
60 90 2 1 11 21 10.0 14.0 1.0922822386288233 
59 89 2 1 9 19 8.0 14.0 1.0907076823030926 
57 88 2 1 10 18 8.0 13.038404810405298 1.092123719884054 
55 87 2 1 9 19 8.0 13.038404810405298 1.0930552306438635 
53 86 2 1 11 20 8.0 13.038404810405298 1.104684652534754 
51 85 3 1 11 20 8.0 13.038404810405298 1.1166370923064124 
49 84 4 1 9 20 8.0 13.038404810405298 1.1197617194644622 
47 83 4 1 10 23 8.0 13.038404810405298 1.1316916991110366 
43 82 5 1 10 22 8.0 13.038404810405298 1.1359244287266907 
39 81 5 1 6 24 8.0 13.038404810405298 1.13356626147386 
38 77 5 1 5 25 7.0710678118654755 13.038404810405298 1.1343241183125157 
37 76 5 1 4 26 7.0710678118654755 13.038404810405298 1.1285835117095662 
35 75 5 1 6 21 7.0710678118654755 12.165525060596439 1.1391971298715284 
33 74 6 1 6 20 7.0710678118654755 12.165525060596439 1.1375362989698334 
31 70 6 1 5 21 5.830951894845301 12.165525060596439 1.140256351872684 
30 69 6 1 5 24 5.0990195135927845 12.165525060596439 1.1410930881806813 
29 68 6 1 4 25 4.47213595499958 12.165525060596439 1.1345788099764547 
28 67 6 1 4 19 4.47213595499958 12.165525060596439 1.1466655309503169 
27 65 7 1 3 21 4.47213595499958 12.165525060596439 1.1447156695192797 
26 64 7 1 2 20 5.830951894845301 11.40175425099138 1.1285215137313742 
25 63 7 2 3 18 5.830951894845301 11.40175425099138 1.139236659586873 
24 62 8 2 2 18 5.830951894845301 10.770329614269007 1.1359407695854953 
23 61 8 2 2 15 4.47213595499958 10.770329614269007 1.1347700028985057 
22 59 8 2 1 15 3.1622776601683795 10.770329614269007 1.1455888018076512 
21 58 9 2 0 15 3.1622776601683795 10.295630140987 1.1436758661208013 
21 57 9 2 1 15 1.4142135623730951 8.94427190999916 1 
