140 140 0 0 14 14 16.0 16.0 1.1484952825903134 
138 138 0 0 17 17 16.0 14.142135623730951 1.1488261909696758 
134 137 0 0 16 15 13.341664064126334 16.0 1.152396122040241 
132 136 0 0 21 14 14.142135623730951 16.0 1.179709694312611 
128 134 0 0 22 22 14.142135623730951 16.0 1.1706492479318156 
124 133 0 0 22 17 14.142135623730951 16.0 1.1823820599666643 
120 131 0 0 22 20 14.142135623730951 16.0 1.1869930912198188 
114 130 0 0 20 19 14.142135623730951 16.0 1.2061796957674153 
108 129 0 0 18 23 14.142135623730951 16.0 1.2161208349753845 
102 127 1 0 17 22 14.142135623730951 16.0 1.2615418586723806 
101 126 1 0 25 35 14.142135623730951 16.0 1.2817349403875336 
91 125 1 0 16 39 14.142135623730951 16.0 1.2935326559991005 
87 123 2 0 15 40 13.038404810405298 16.0 1.3017782011689225 
86 122 3 0 14 41 13.038404810405298 16.0 1.2458912238431994 
85 121 4 0 13 20 13.038404810405298 16.0 1.2581403531789954 
84 120 4 0 17 23 13.038404810405298 16.0 1.2580280784522777 
74 119 4 0 11 19 13.038404810405298 16.0 1.2692242808746188 
73 118 4 0 14 22 14.142135623730951 16.0 1.269915010525806 
67 117 4 0 11 20 14.142135623730951 16.0 1.2919072015444188 
65 116 4 0 11 27 12.0 16.0 1.2865542842030186 
64 115 5 0 11 23 12.649110640673518 16.0 1.2997084768676643 
62 114 5 0 11 27 12.649110640673518 16.0 1.2938491871104763 
61 112 5 0 14 25 12.649110640673518 16.0 1.3035722703714054 
55 110 5 0 8 28 12.649110640673518 16.0 1.3244834611198602 
54 109 6 0 8 33 12.649110640673518 16.0 1.2853227703917114 
52 105 6 0 7 22 12.649110640673518 16.0 1.2843165991690804 
51 103 6 0 9 22 12.0 16.0 1.281313269161135 
50 101 6 0 9 22 11.045361017187261 16.0 1.2994101139771697 
48 100 7 0 10 25 11.045361017187261 16.0 1.304723380881761 
47 99 7 0 10 27 11.045361017187261 16.0 1.2887713196870416 
46 98 7 0 12 21 10.0 16.0 1.2813856082264616 
42 94 7 0 10 21 10.0 12.0 1.3036862177390856 
41 92 7 0 15 28 12.0 12.0 1.2934969876724753 
39 91 7 0 12 25 10.198039027185569 12.0 1.295944563438981 
38 90 7 0 12 26 9.055385138137417 12.0 1.2801501162875009 
37 86 7 0 13 23 8.0 12.0 1.2876153502746475 
33 85 7 0 12 24 7.0710678118654755 12.0 1.2813296504653393 
31 84 7 0 10 22 5.656854249492381 12.0 1.2847839100420242 
31 83 7 0 13 23 4.47213595499958 12.0 1.3047913276861065 
27 82 8 0 9 27 4.47213595499958 12.0 1.2965622659355478 
23 81 9 0 3 22 4.242640687119285 12.0 1.2951012859448185 
22 80 9 0 2 22 2.8284271247461903 12.0 1 
