140 140 0 0 14 14 16.0 16.0 1.3327859929445647 
139 139 0 0 19 17 16.0 13.038404810405298 1.345504961119253 
135 138 0 0 22 16 13.038404810405298 15.033296378372908 1.3546387994630102 
131 137 0 0 25 15 13.038404810405298 15.033296378372908 1.3715293202305254 
129 136 0 0 28 17 13.038404810405298 15.033296378372908 1.4037754160611624 
125 135 0 0 29 22 13.341664064126334 15.033296378372908 1.4260519512387044 
124 134 0 0 36 24 13.341664064126334 15.033296378372908 1.4330604822248527 
116 133 0 0 28 25 14.0 15.033296378372908 1.4995263483947818 
115 132 0 0 33 38 15.033296378372908 14.0 1.46546044172475 
107 130 0 0 27 30 16.0 14.142135623730951 1.437610704075426 
106 128 0 0 31 23 15.033296378372908 15.033296378372908 1.4703118432397395 
100 126 0 0 27 30 14.0 15.033296378372908 1.4669692894866806 
99 125 0 0 26 30 13.038404810405298 15.033296378372908 1.465368976614204 
99 123 0 0 36 27 13.038404810405298 15.033296378372908 1.4937045946505612 
98 122 0 0 40 32 13.038404810405298 14.142135623730951 1.5090223772702562 
98 121 0 0 43 35 13.038404810405298 14.0 1.428015061271795 
86 115 1 1 33 24 13.038404810405298 14.0 1.4211922787168194 
84 114 1 1 29 24 13.038404810405298 14.0 1.4562093488001635 
83 113 1 1 29 32 13.038404810405298 14.0 1.4596721966866504 
77 112 1 1 33 28 13.038404810405298 14.0 1.468533803253677 
69 108 2 1 22 33 13.038404810405298 14.0 1.468897751027974 
67 107 2 1 28 30 13.038404810405298 14.0 1.4699362740876367 
63 105 3 1 30 28 13.038404810405298 14.0 1.4638424063658344 
63 104 3 1 27 29 13.038404810405298 14.0 1.4756150806417305 
55 103 4 1 22 29 13.038404810405298 14.0 1.4881538566663186 
51 101 4 1 20 32 13.038404810405298 14.0 1.450263250293077 
50 100 4 1 20 24 13.038404810405298 14.0 1.465621223059755 
44 99 5 1 13 27 13.038404810405298 14.0 1.459971294123883 
45 98 5 1 16 26 13.038404810405298 14.0 1.4657044402257837 
41 97 5 1 13 27 13.038404810405298 14.0 1.4619909110600846 
40 96 5 1 14 26 12.0 14.0 1.4412079881583053 
39 94 5 1 14 23 11.045361017187261 13.038404810405298 1.4504846558930407 
39 93 5 1 14 26 11.045361017187261 13.038404810405298 1.4648974778558352 
38 89 5 1 15 32 10.0 12.649110640673518 1.4166370045905228 
38 88 5 1 18 21 10.0 12.649110640673518 1.4228919299082323 
34 87 5 1 15 22 7.211102550927978 12.649110640673518 1.4451087621217482 
30 86 6 1 14 25 5.830951894845301 12.649110640673518 1.4412335283673958 
29 85 6 1 15 24 5.656854249492381 12.649110640673518 1.4365283226694316 
27 83 7 1 11 25 5.656854249492381 12.0 1.4328317740737315 
23 82 8 1 4 25 2.8284271247461903 12.0 1.413072979875445 
21 81 9 1 1 21 1.4142135623730951 12.0 1 
