140 140 0 0 14 14 16.0 16.0 1.4058667844350476 
139 138 0 0 19 17 16.0 13.038404810405298 1.4311083206332023 
135 136 0 0 22 19 14.142135623730951 15.033296378372908 1.4410961176082533 
131 135 0 0 25 18 14.142135623730951 15.033296378372908 1.4393556345090888 
127 134 0 0 25 16 14.0 15.033296378372908 1.4705707990478256 
123 132 0 0 28 20 15.033296378372908 15.033296378372908 1.502514669760182 
123 131 0 0 38 23 15.033296378372908 15.033296378372908 1.5134397107361943 
117 129 0 0 38 23 14.0 15.033296378372908 1.5877003986373555 
116 128 0 0 46 34 14.0 15.033296378372908 1.6108169423338294 
106 127 1 0 37 36 14.0 15.033296378372908 1.5958936944513638 
100 126 1 0 35 31 14.0 15.033296378372908 1.581113700150139 
101 124 1 0 40 29 15.033296378372908 15.033296378372908 1.6530304753215204 
93 123 1 0 40 38 14.0 15.033296378372908 1.6416317529426774 
92 122 1 0 43 35 13.038404810405298 15.033296378372908 1.6742692406626958 
88 121 1 0 49 37 12.165525060596439 15.033296378372908 1.6998305255207267 
88 120 1 0 56 40 12.165525060596439 15.033296378372908 1.6942292407549806 
86 119 1 0 46 43 12.165525060596439 14.0 1.6681292650723991 
84 118 1 0 43 39 12.165525060596439 14.0 1.6114858119089703 
83 114 1 0 40 33 11.40175425099138 14.0 1.623809281444449 
79 113 1 0 34 36 11.40175425099138 14.0 1.57261728795859 
71 105 1 0 32 30 11.40175425099138 14.0 1.6059655137006215 
70 103 1 0 41 34 11.40175425099138 14.0 1.5601556650062827 
69 102 1 0 43 25 10.770329614269007 14.0 1.5395306188257112 
67 101 1 0 35 24 10.770329614269007 14.0 1.5506429922199654 
63 100 2 0 28 27 10.770329614269007 14.0 1.5770317195801 
61 99 2 0 32 30 10.770329614269007 14.0 1.5480149944803268 
60 95 2 0 37 26 10.770329614269007 14.0 1.53838841122797 
52 94 3 0 21 26 10.198039027185569 14.0 1.5224603213992995 
51 93 3 0 27 21 10.198039027185569 14.0 1.5187823736331654 
49 91 3 0 27 21 10.198039027185569 14.0 1.5084332852776643 
48 90 3 0 23 21 10.198039027185569 14.0 1.5127159891459174 
46 89 3 0 24 21 8.0 14.0 1.5171213694246273 
40 88 4 0 18 21 7.615773105863909 14.0 1.544242243440275 
36 87 5 0 16 25 7.615773105863909 14.0 1.5231190098454548 
35 86 5 0 17 21 7.211102550927978 14.0 1.4994145064497462 
33 84 5 0 17 18 7.211102550927978 12.165525060596439 1.496364436425455 
32 83 6 0 16 18 7.211102550927978 12.165525060596439 1.5286875390744457 
32 82 6 0 21 23 5.656854249492381 12.165525060596439 1.5342516554937478 
31 81 7 0 19 25 5.656854249492381 12.165525060596439 1.4938445318965663 
31 80 7 1 19 23 5.656854249492381 12.165525060596439 1.482956555774003 
31 78 7 1 19 23 5.656854249492381 12.165525060596439 1.4775125677127214 
31 77 7 1 19 23 5.656854249492381 12.165525060596439 1.461253734059307 
31 75 7 1 19 22 5.656854249492381 12.165525060596439 1.4423300405855295 
31 74 7 2 19 24 5.656854249492381 12.165525060596439 1.436886052524248 
31 73 7 2 19 24 5.656854249492381 12.165525060596439 1.407220643988768 
31 72 7 3 19 24 5.656854249492381 12.165525060596439 1.3964057983966356 
31 71 7 3 19 23 5.656854249492381 12.165525060596439 1.385590952804503 
31 70 7 3 19 22 5.656854249492381 12.165525060596439 1.3803671592610898 
31 68 7 3 19 23 4.0 12.165525060596439 1.3470571552220787 
31 67 7 3 16 19 4.0 12.165525060596439 1.3446093232688419 
27 65 8 3 11 20 4.0 11.40175425099138 1.342770349385775 
26 64 8 3 11 20 4.0 11.40175425099138 1.3270005557034803 
24 63 8 3 8 18 6.324555320336759 11.40175425099138 1.3221755128343575 
24 62 8 3 8 18 2.8284271247461903 11.40175425099138 1.2972620166375697 
24 61 8 4 8 19 6.324555320336759 11.40175425099138 1.287066116237596 
24 60 8 4 8 18 2.8284271247461903 11.40175425099138 1.2810031829841557 
24 59 8 4 8 18 6.324555320336759 11.40175425099138 1.2815489976458836 
24 58 8 4 8 19 2.8284271247461903 11.40175425099138 1.2741388749246534 
24 57 8 4 8 19 6.324555320336759 10.770329614269007 1.2693138320555306 
24 56 8 4 8 19 2.8284271247461903 10.770329614269007 1.2525091837403883 
24 55 8 4 8 17 6.324555320336759 10.770329614269007 1.2476841408712656 
24 54 8 4 8 17 2.8284271247461903 10.770329614269007 1.2351644143956766 
24 52 8 4 8 17 6.324555320336759 10.295630140987 1.2303393715265538 
24 51 8 4 8 17 2.8284271247461903 10.295630140987 1.2074599871730374 
24 49 8 4 8 15 6.324555320336759 10.0 1.2042639685364502 
24 48 8 4 8 16 2.8284271247461903 8.246211251235321 1.1996903974533661 
24 47 8 4 8 16 6.324555320336759 8.94427190999916 1.1948653545842431 
24 46 8 4 8 16 2.8284271247461903 8.94427190999916 1.1880728537955092 
24 45 8 4 8 16 6.324555320336759 8.602325267042627 1.1536555329213376 
24 44 8 5 8 15 2.8284271247461903 8.602325267042627 1.147592599667897 
24 43 8 5 8 15 6.324555320336759 8.602325267042627 1.1320258417370723 
24 42 8 5 8 13 2.8284271247461903 8.602325267042627 1.1176237781273357 
24 41 8 5 8 12 6.324555320336759 7.211102550927978 1.1103961505528073 
24 40 8 5 8 11 2.8284271247461903 8.602325267042627 1.104333217299367 
24 39 8 5 8 11 6.324555320336759 8.602325267042627 1.0908702699770594 
24 38 8 5 8 10 2.8284271247461903 7.0710678118654755 1.0444002131264374 
24 36 8 6 8 8 6.324555320336759 7.0710678118654755 1.0395751702573146 
24 35 8 6 8 8 2.8284271247461903 7.0710678118654755 1.025495503773715 
24 34 8 6 8 7 6.324555320336759 5.830951894845301 1.0074294075778052 
24 32 8 6 8 5 2.8284271247461903 7.211102550927978 0.9959956167935138 
24 31 8 6 8 4 6.324555320336759 7.211102550927978 0.98579971639354 
24 30 8 6 8 3 2.8284271247461903 7.211102550927978 0.9851076406709505 
24 29 8 6 8 4 6.324555320336759 7.211102550927978 0.9749117402709769 
24 28 8 6 8 3 2.8284271247461903 7.211102550927978 0.9605332996904888 
24 27 8 6 8 2 6.324555320336759 5.830951894845301 0.9261159788163171 
24 26 8 7 8 1 2.8284271247461903 5.830951894845301 0.9146821880320256 
24 25 8 7 8 0 6.324555320336759 5.830951894845301 0.9364862441426968 
24 26 8 7 8 3 2.8284271247461903 5.656854249492381 0.9146821880320256 
24 25 8 7 8 0 6.324555320336759 5.830951894845301 0.9260428482858865 
24 25 8 7 8 2 2.8284271247461903 5.830951894845301 0.8957584945582479 
24 24 8 8 8 2 6.324555320336759 5.830951894845301 0.8826634634998198 
24 23 8 8 8 1 2.8284271247461903 4.47213595499958 0.8725671734694603 
24 22 8 8 8 0 6.324555320336759 5.0990195135927845 0.9037303796421561 
24 24 8 8 8 4 2.8284271247461903 4.242640687119285 0.8725671734694603 
24 22 8 8 8 0 6.324555320336759 5.0990195135927845 0.8898982086153927 
24 23 8 8 8 3 2.8284271247461903 2.8284271247461903 0.8725671734694603 
24 22 8 8 8 0 6.324555320336759 5.0990195135927845 0.8866157322485758 
24 23 8 8 8 1 2.8284271247461903 6.324555320336759 0.8725671734694603 
24 22 8 8 8 0 6.324555320336759 5.0990195135927845 0.9037303796421561 
24 24 8 8 8 4 2.8284271247461903 4.242640687119285 0.8839084058923827 
24 23 8 8 8 2 6.324555320336759 2.8284271247461903 0.8744247994052212 
24 22 8 8 8 1 2.8284271247461903 3.1622776601683795 0.8429017649339806 
24 21 8 9 8 0 6.324555320336759 5.0990195135927845 0.9155077926695869 
24 25 8 8 8 4 2.8284271247461903 7.211102550927978 0.8806259295255658 
24 23 8 8 8 0 6.324555320336759 6.324555320336759 0.9056294710800882 
24 25 8 8 8 2 2.8284271247461903 7.615773105863909 0.8941956802957968 
24 24 8 8 8 1 6.324555320336759 7.615773105863909 0.8812448747177248 
24 23 8 8 8 0 2.8284271247461903 6.324555320336759 0.9148888474774279 
24 25 8 8 8 4 6.324555320336759 7.211102550927978 0.8948146254879558 
24 24 8 8 8 1 2.8284271247461903 7.615773105863909 0.8806259295255658 
24 23 8 8 8 0 6.324555320336759 6.324555320336759 0.9387666457084864 
24 25 8 7 8 5 2.8284271247461903 4.242640687119285 0.9170807843739915 
24 24 8 7 8 2 6.324555320336759 4.47213595499958 0.8812448747177248 
24 23 8 8 8 0 2.8284271247461903 6.324555320336759 0.9170807843739915 
24 24 8 7 8 2 6.324555320336759 4.47213595499958 0.8812448747177248 
24 23 8 8 8 0 2.8284271247461903 6.324555320336759 0.8941956802957968 
24 24 8 8 8 1 6.324555320336759 7.615773105863909 0.8812448747177248 
24 23 8 8 8 0 2.8284271247461903 6.324555320336759 0.8957584945582479 
24 24 8 8 8 2 6.324555320336759 5.830951894845301 0.8772926059689689 
24 23 8 8 8 0 2.8284271247461903 4.47213595499958 0.8874153758385117 
24 23 8 8 8 2 6.324555320336759 4.47213595499958 0.8610503136093739 
24 22 8 9 8 1 2.8284271247461903 8.246211251235321 0.8471092705378113 
24 21 8 9 8 0 6.324555320336759 7.0710678118654755 0.8952690661462437 
24 23 8 8 8 4 2.8284271247461903 2.8284271247461903 0.8700762348656198 
24 22 8 8 8 1 6.324555320336759 1.4142135623730951 0.8477282157299703 
24 21 8 9 8 0 2.8284271247461903 7.0710678118654755 0.8768348010844699 
24 23 8 9 8 4 6.324555320336759 5.830951894845301 0.858368912495191 
24 22 8 9 8 2 2.8284271247461903 4.47213595499958 0.8387695881467315 
24 21 8 9 8 0 6.324555320336759 3.1622776601683795 0.8774537462766289 
24 23 8 9 8 4 2.8284271247461903 5.830951894845301 0.861702236051788 
24 22 8 9 8 2 6.324555320336759 6.324555320336759 0.8477282157299703 
24 21 8 9 8 0 2.8284271247461903 7.0710678118654755 0.8429017649339806 
24 21 8 9 8 0 6.324555320336759 5.0990195135927845 0.8898982086153927 
24 23 8 8 8 3 2.8284271247461903 2.8284271247461903 0.857749967303032 
24 22 8 9 8 2 6.324555320336759 4.47213595499958 0.8393885333388905 
24 21 8 9 8 0 2.8284271247461903 3.1622776601683795 0.8754470923964707 
24 22 8 8 8 2 6.324555320336759 1.4142135623730951 0.8435207101261396 
24 21 8 9 8 0 2.8284271247461903 5.0990195135927845 0.8892792634232337 
24 23 8 8 8 3 6.324555320336759 2.8284271247461903 0.8435207101261396 
24 21 8 9 8 0 2.8284271247461903 5.0990195135927845 0.9000209784849356 
24 23 8 8 8 5 6.324555320336759 2.8284271247461903 0.8760660375886297 
24 22 8 8 8 2 2.8284271247461903 1.4142135623730951 0.8429017649339806 
24 21 8 9 8 0 6.324555320336759 5.0990195135927845 0.8393885333388905 
24 21 8 9 8 0 2.8284271247461903 3.1622776601683795 0.8946501209540847 
24 23 8 8 8 4 6.324555320336759 2.8284271247461903 0.8814368951194806 
24 22 8 8 8 3 2.8284271247461903 1.4142135623730951 0.8387695881467315 
24 21 8 9 8 0 6.324555320336759 3.1622776601683795 0.860232800079913 
24 22 8 9 8 3 2.8284271247461903 2.8284271247461903 -1 
