140 140 0 0 14 14 16.0 16.0 1.0838442257968153 
139 138 0 0 19 17 16.0 13.038404810405298 1.0967201562917643 
135 137 0 0 22 22 14.142135623730951 15.033296378372908 1.0975811907736193 
131 135 0 0 25 21 14.142135623730951 15.033296378372908 1.1002571423413967 
127 134 0 0 25 21 13.341664064126334 16.0 1.116015375373464 
123 133 0 0 28 28 14.142135623730951 16.0 1.107986042394104 
123 131 0 0 38 22 14.142135623730951 16.0 1.1159958869807063 
117 129 0 0 38 25 13.038404810405298 16.0 1.1174607822793894 
113 128 0 0 36 25 13.038404810405298 16.0 1.1461497117207973 
107 126 0 0 40 39 13.038404810405298 16.0 1.1376718094597171 
101 124 1 0 35 28 13.038404810405298 16.0 1.130014961603789 
93 120 2 0 19 21 13.038404810405298 15.033296378372908 1.1325959030011485 
92 118 2 0 24 22 14.0 15.033296378372908 1.1393606929293176 
88 116 2 0 25 25 14.0 15.033296378372908 1.1573283119561546 
82 115 3 0 23 28 14.0 15.033296378372908 1.1655571762058743 
72 114 4 0 18 24 14.0 15.033296378372908 1.1594076624202794 
71 112 4 0 19 21 14.0 15.033296378372908 1.1656657370634502 
65 110 4 0 15 24 14.0 15.033296378372908 1.1715548686049817 
65 109 4 0 23 26 14.0 15.033296378372908 1.1787833553282656 
57 108 5 0 16 23 14.0 15.033296378372908 1.1747981723287908 
56 106 5 0 18 21 14.0 15.033296378372908 1.175707333166965 
55 102 5 0 21 23 14.0 15.033296378372908 1.194864431691168 
47 101 6 0 18 26 12.165525060596439 15.033296378372908 1.1986529682724105 
41 99 7 0 10 23 12.165525060596439 15.033296378372908 1.2031414222972072 
40 98 7 0 13 25 12.165525060596439 15.033296378372908 1.210204865766397 
36 97 8 0 6 24 12.165525060596439 15.033296378372908 1.2149638518446184 
35 96 8 0 6 27 11.40175425099138 15.033296378372908 1.2236560140046424 
34 94 8 0 6 33 10.770329614269007 15.033296378372908 1.2111821400748028 
34 93 8 0 11 25 11.661903789690601 15.033296378372908 1.2141776660178691 
24 91 9 0 2 20 5.0990195135927845 15.033296378372908 1.213040233820235 
24 90 9 0 2 20 5.830951894845301 15.033296378372908 1.2152208074773931 
23 89 9 0 0 22 5.656854249492381 15.033296378372908 1.2140648440353383 
24 88 9 0 2 22 5.830951894845301 15.033296378372908 1.2133469171271967 
23 86 9 0 0 23 5.656854249492381 15.033296378372908 1.2070747451758643 
24 85 9 0 2 20 5.830951894845301 15.033296378372908 1.200728304650894 
23 84 9 0 0 17 5.656854249492381 15.033296378372908 1.199572341208839 
24 83 9 0 2 17 5.830951894845301 15.033296378372908 1.19373820579142 
23 81 9 0 0 15 5.656854249492381 15.033296378372908 1.192582242349365 
24 80 9 0 2 15 5.830951894845301 15.033296378372908 1.1930574131700975 
23 79 9 0 0 16 5.656854249492381 15.033296378372908 1.1919014497280427 
24 78 9 0 2 16 5.830951894845301 15.033296378372908 1.1906712177123493 
23 77 9 0 0 16 5.656854249492381 15.033296378372908 1.173010190885864 
24 75 9 1 2 16 5.830951894845301 15.033296378372908 1.1717799588701707 
23 74 9 1 0 16 5.656854249492381 15.033296378372908 1.1689185925916898 
24 73 9 1 2 15 5.830951894845301 15.033296378372908 1.151183297191566 
23 71 9 2 0 15 5.656854249492381 15.033296378372908 1.148834236020637 
24 69 9 2 2 15 5.830951894845301 15.033296378372908 1.1476040040049438 
23 68 9 2 0 15 5.656854249492381 15.033296378372908 1.1443641680247356 
24 67 9 2 2 14 5.830951894845301 14.0 1.1431339360090422 
23 66 9 2 0 14 5.656854249492381 14.0 1.1419779725669872 
24 65 9 2 2 14 5.830951894845301 14.0 1.140747740551294 
23 64 9 2 0 14 5.656854249492381 14.0 1.1379384348705703 
24 63 9 2 2 13 5.830951894845301 14.142135623730951 1.1350028000184516 
23 62 9 2 0 12 5.656854249492381 14.142135623730951 1.1338468365763965 
24 61 9 2 2 12 5.830951894845301 14.142135623730951 1.1326166045607031 
23 60 9 2 0 12 5.656854249492381 14.142135623730951 1.1314606411186483 
24 59 9 2 2 12 5.830951894845301 14.142135623730951 1.130230409102955 
23 58 9 2 0 12 5.656854249492381 14.142135623730951 1.1290744456608999 
24 57 9 2 2 12 5.830951894845301 14.142135623730951 1.1108268451532246 
23 56 9 3 0 11 5.656854249492381 14.142135623730951 1.1096708817111696 
24 55 9 3 2 11 5.830951894845301 14.142135623730951 1.1084406496954764 
23 54 9 3 0 11 5.656854249492381 14.142135623730951 1.1072846862534214 
24 53 9 3 2 11 5.830951894845301 14.142135623730951 1.0907424885821717 
23 52 9 4 0 11 5.656854249492381 14.142135623730951 1.087881122303691 
24 51 9 4 2 10 5.830951894845301 14.142135623730951 1.0866508902879977 
23 50 9 4 0 10 5.656854249492381 14.142135623730951 1.0854949268459428 
24 49 9 4 2 10 5.830951894845301 14.142135623730951 1.0825592919938236 
23 48 9 4 0 9 5.656854249492381 14.142135623730951 1.079697925715343 
24 47 9 4 2 8 5.830951894845301 14.142135623730951 1.076358022852177 
23 46 9 4 0 7 5.656854249492381 13.038404810405298 1.075202059410122 
24 45 9 4 2 7 5.830951894845301 13.038404810405298 1.079088035903706 
23 44 9 4 0 10 5.656854249492381 13.038404810405298 1.0546053977315175 
24 42 9 5 2 6 5.830951894845301 13.038404810405298 1.0567859713886758 
23 41 9 5 0 8 5.656854249492381 13.038404810405298 1.0540356811206255 
24 40 9 5 2 7 5.830951894845301 13.341664064126334 1.0528054491049321 
23 39 9 5 0 7 5.656854249492381 13.341664064126334 1.0363375200073208 
24 38 9 6 2 7 5.830951894845301 13.341664064126334 1.0146791138267939 
23 37 9 7 0 4 5.656854249492381 13.341664064126334 1.0113869582925172 
24 36 9 7 2 3 5.830951894845301 12.165525060596439 0.9931393577848417 
23 35 9 8 0 2 5.656854249492381 12.165525060596439 0.990277991506361 
24 34 9 8 2 1 5.830951894845301 12.165525060596439 0.9873423566542419 
23 33 9 8 0 0 5.656854249492381 12.165525060596439 0.9919833943427867 
24 34 9 8 2 2 5.830951894845301 12.165525060596439 0.9873423566542419 
23 33 9 8 0 0 5.656854249492381 12.165525060596439 0.997311279000925 
24 35 9 8 2 4 5.830951894845301 14.142135623730951 0.9890477594906676 
23 33 9 8 0 1 5.656854249492381 12.165525060596439 0.9708744275566307 
24 32 9 9 2 0 5.830951894845301 12.165525060596439 0.9907531623270933 
23 33 9 8 0 2 5.656854249492381 12.165525060596439 0.9708138000139203 
24 32 9 9 2 0 5.830951894845301 12.0 0.9987936515469505 
23 36 9 8 0 4 5.656854249492381 15.033296378372908 0.9956058761644991 
24 35 9 8 2 3 5.830951894845301 14.142135623730951 0.9889871319479572 
23 33 9 8 0 1 5.656854249492381 12.0 0.9708138000139203 
24 32 9 9 2 0 5.830951894845301 12.0 0.9889871319479572 
23 33 9 8 0 1 5.656854249492381 12.0 0.9708138000139203 
24 32 9 9 2 0 5.830951894845301 12.0 0.9807690813296754 
23 34 9 9 0 4 5.656854249492381 14.142135623730951 0.9759091202141523 
24 33 9 9 2 2 5.830951894845301 13.341664064126334 0.9710144181432574 
23 32 9 9 0 0 5.656854249492381 12.649110640673518 0.9759091202141523 
24 33 9 9 2 2 5.830951894845301 13.341664064126334 0.9710144181432574 
23 32 9 9 0 0 5.656854249492381 12.649110640673518 0.9907902966139126 
24 33 9 8 2 2 5.830951894845301 12.165525060596439 0.9708372932698114 
23 32 9 9 0 0 5.656854249492381 12.165525060596439 0.9907296690712022 
24 33 9 8 2 2 5.830951894845301 12.0 0.970776665727101 
23 32 9 9 0 0 5.656854249492381 12.0 0.9710515524300767 
24 32 9 9 2 0 5.830951894845301 12.649110640673518 0.9972220841163488 
23 35 9 8 0 4 5.656854249492381 14.0 0.9873794909410611 
24 33 9 8 2 0 5.830951894845301 12.165525060596439 1.0118621291132497 
23 35 9 7 0 4 5.656854249492381 12.165525060596439 0.9919833943427867 
24 34 9 8 2 2 5.830951894845301 12.165525060596439 0.9873423566542419 
23 33 9 8 0 0 5.656854249492381 12.165525060596439 0.9919833943427867 
24 34 9 8 2 2 5.830951894845301 12.165525060596439 0.9890477594906676 
23 33 9 8 0 1 5.656854249492381 12.165525060596439 0.9710515524300767 
24 32 9 9 2 0 5.830951894845301 12.649110640673518 1.0004990543833763 
23 36 9 8 0 5 5.656854249492381 15.033296378372908 0.994008510424578 
24 34 9 8 2 3 5.830951894845301 13.038404810405298 0.9757609099169026 
23 33 9 9 0 2 5.656854249492381 13.038404810405298 0.9708138000139203 
24 32 9 9 2 0 5.830951894845301 12.0 0.9922659733013333 
23 34 9 8 0 2 5.656854249492381 13.038404810405298 0.9890242662347765 
24 33 9 8 2 1 5.830951894845301 12.0 0.970776665727101 
23 32 9 9 0 0 5.656854249492381 12.0 0.9923031075881523 
24 34 9 8 2 2 5.830951894845301 13.038404810405298 0.970776665727101 
23 32 9 9 0 0 5.656854249492381 12.0 0.9823257224493391 
24 35 9 9 2 4 5.830951894845301 15.033296378372908 0.9807690813296754 
23 34 9 9 0 4 5.656854249492381 14.142135623730951 0.9710515524300767 
24 32 9 9 2 0 5.830951894845301 12.649110640673518 0.9890477594906676 
23 33 9 8 0 1 5.656854249492381 12.165525060596439 0.9710515524300767 
24 32 9 9 2 0 5.830951894845301 12.649110640673518 0.993971376137759 
23 34 9 8 0 3 5.656854249492381 13.038404810405298 0.9710515524300767 
24 32 9 9 2 0 5.830951894845301 12.649110640673518 0.9907531623270933 
23 33 9 8 0 2 5.656854249492381 12.165525060596439 0.9710515524300767 
24 32 9 9 2 0 5.830951894845301 12.649110640673518 0.9907531623270933 
23 33 9 8 0 2 5.656854249492381 12.165525060596439 0.9710515524300767 
24 32 9 9 2 0 5.830951894845301 12.649110640673518 1.0004990543833763 
23 36 9 8 0 5 5.656854249492381 15.033296378372908 0.9823257224493391 
24 35 9 9 2 4 5.830951894845301 15.033296378372908 0.975871985927333 
23 33 9 9 0 2 5.656854249492381 13.341664064126334 0.9710515524300767 
24 32 9 9 2 0 5.830951894845301 12.649110640673518 0.9551249402879958 
23 21 9 9 0 0 5.656854249492381 5.0990195135927845 0.9564711980921122 
22 21 9 9 3 0 2.8284271247461903 3.1622776601683795 1 
