140 140 0 0 14 14 16.0 16.0 1.3559731706080824 
139 139 0 0 19 17 16.0 13.038404810405298 1.392180767713057 
135 138 0 0 22 20 13.341664064126334 15.033296378372908 1.4185709762723215 
131 137 0 0 25 22 13.341664064126334 15.033296378372908 1.4303363389285608 
127 135 0 0 25 23 12.649110640673518 16.0 1.4512105605424623 
123 134 0 0 28 24 14.0 16.0 1.4567096891333988 
123 132 0 0 38 23 14.0 16.0 1.4791505133677645 
117 131 0 0 38 24 13.038404810405298 16.0 1.4847123056866702 
113 127 0 0 36 27 13.038404810405298 16.0 1.4975598945611597 
107 125 0 0 34 28 13.038404810405298 16.0 1.4988219108702405 
105 123 0 0 36 28 13.038404810405298 16.0 1.4963266410048721 
99 119 1 0 31 29 13.038404810405298 16.0 1.4797040371002845 
99 118 1 0 38 24 13.341664064126334 16.0 1.497790777618264 
93 117 1 0 31 27 12.649110640673518 16.0 1.5021780811503553 
89 116 1 0 31 26 12.649110640673518 16.0 1.555934290685322 
85 114 1 0 42 31 12.649110640673518 16.0 1.5195716417419918 
81 112 1 0 40 24 12.649110640673518 16.0 1.5003114547285556 
71 110 2 0 30 19 12.649110640673518 16.0 1.5086795775597015 
70 108 2 0 37 19 11.40175425099138 16.0 1.5205675615934822 
64 106 2 0 32 21 10.770329614269007 16.0 1.5369618249021606 
63 105 2 0 38 22 10.770329614269007 16.0 1.546539397589896 
63 104 2 0 45 22 10.770329614269007 16.0 1.5243486748057933 
55 103 3 0 23 22 8.94427190999916 15.033296378372908 1.5194226180461199 
56 101 3 0 29 22 9.486832980505138 13.341664064126334 1.5644606418360008 
55 100 3 0 34 29 9.486832980505138 13.038404810405298 1.5690783417333307 
51 99 4 0 31 29 9.486832980505138 13.038404810405298 1.5521295306766532 
47 97 4 0 29 26 8.246211251235321 12.165525060596439 1.5579055369015402 
46 96 4 0 25 29 8.246211251235321 12.165525060596439 1.5276750415081057 
44 95 4 0 27 22 8.602325267042627 12.165525060596439 1.528191661765988 
38 93 5 0 21 22 8.602325267042627 12.165525060596439 1.5235956066144074 
37 92 5 0 22 21 8.602325267042627 12.165525060596439 1.527346439705466 
36 91 5 0 22 22 8.602325267042627 12.165525060596439 1.5240605211217386 
35 90 5 0 21 22 7.211102550927978 12.165525060596439 1.500559518443391 
31 88 6 0 14 19 6.324555320336759 12.649110640673518 1.5140007112953893 
25 86 7 0 4 23 4.242640687119285 12.649110640673518 1.5041285091673433 
24 85 7 0 5 21 4.47213595499958 12.649110640673518 1.497942826700941 
24 84 7 0 7 20 4.47213595499958 12.649110640673518 1.4991557820963062 
23 83 8 0 5 21 2.8284271247461903 12.649110640673518 1.4791089333916012 
22 82 9 0 3 18 2.8284271247461903 12.649110640673518 1 
