140 140 0 0 14 14 16.0 16.0 1.3394971644343432 
139 139 0 0 19 17 16.0 13.038404810405298 1.3658159992212286 
135 138 0 0 22 19 13.038404810405298 15.033296378372908 1.370644916435863 
131 134 0 0 25 20 13.038404810405298 15.033296378372908 1.3689478978434952 
129 132 0 0 28 19 15.033296378372908 15.033296378372908 1.3876401301349508 
125 130 0 0 29 22 15.033296378372908 15.033296378372908 1.3951629248808461 
125 129 0 0 37 21 15.033296378372908 15.033296378372908 1.4148087719071 
117 128 0 0 32 23 14.0 16.0 1.4044786389548936 
111 126 0 0 30 20 13.038404810405298 15.033296378372908 1.4198964216451953 
110 125 0 0 36 21 13.341664064126334 15.033296378372908 1.4459776867982073 
104 124 0 0 40 22 13.341664064126334 15.033296378372908 1.585486665760608 
103 123 0 0 53 47 13.341664064126334 15.033296378372908 1.5014537086252995 
93 122 1 0 43 27 13.038404810405298 15.033296378372908 1.5034578401246048 
89 121 1 0 41 27 12.165525060596439 14.142135623730951 1.494712116053447 
88 115 1 0 46 28 12.165525060596439 14.142135623730951 1.4761548264176898 
80 114 2 0 33 25 12.165525060596439 14.142135623730951 1.5081467070998822 
79 113 2 0 47 26 12.165525060596439 14.142135623730951 1.507084664982412 
71 112 2 0 35 27 12.165525060596439 14.142135623730951 1.5246338160879451 
70 111 3 0 34 31 12.165525060596439 14.142135623730951 1.5263634016963912 
74 109 2 0 44 32 12.165525060596439 14.142135623730951 1.5166279748729292 
66 108 2 0 41 27 11.40175425099138 14.142135623730951 1.555740430260527 
66 107 2 0 51 32 11.045361017187261 14.142135623730951 1.5279103125256233 
56 103 3 0 37 29 10.0 14.142135623730951 1.5466192133636028 
57 102 3 0 43 32 10.0 14.142135623730951 1.5763171275073773 
59 100 2 0 46 41 10.0 14.142135623730951 1.5341176807186925 
53 99 2 0 39 32 9.486832980505138 14.142135623730951 1.5107209745116925 
49 98 3 0 36 26 9.486832980505138 14.142135623730951 1.4808088772517336 
45 97 4 0 21 24 9.486832980505138 14.142135623730951 1.4662379648518316 
44 96 4 0 24 20 8.246211251235321 13.341664064126334 1.4742192069627778 
43 95 5 0 25 21 8.246211251235321 13.341664064126334 1.4913270209773075 
39 93 5 0 23 25 8.0 13.341664064126334 1.4855774865447329 
40 92 5 0 26 24 8.0 13.341664064126334 1.4787753798890713 
46 91 4 0 37 23 8.0 13.341664064126334 1.4551572919137457 
48 87 4 0 37 23 8.0 13.341664064126334 1.425832120859682 
48 86 4 0 36 18 8.0 13.341664064126334 1.4277659979065582 
44 85 5 0 32 18 8.0 13.341664064126334 1.4243248889627094 
44 84 5 0 33 18 8.0 12.649110640673518 1.4224312610244918 
40 83 6 0 27 18 6.324555320336759 12.649110640673518 1.40987766174793 
38 82 6 0 18 19 6.324555320336759 12.649110640673518 1.4232852466360144 
37 81 6 0 23 20 6.324555320336759 12.649110640673518 1.4232875891708914 
38 80 6 0 27 20 6.324555320336759 12.083045973594572 1.429318285688437 
36 79 6 0 27 21 6.324555320336759 12.083045973594572 1.4121205862610353 
36 78 6 0 23 20 6.0 12.083045973594572 1.422957957851302 
36 77 6 0 26 22 6.324555320336759 12.083045973594572 1.414166101760716 
30 76 7 0 16 21 4.47213595499958 12.083045973594572 1.4036368642056438 
31 75 7 0 19 19 5.656854249492381 12.083045973594572 1.4000890010628602 
30 74 7 0 18 19 5.656854249492381 12.083045973594572 1.3788239188517681 
32 68 7 0 22 20 5.656854249492381 11.045361017187261 1.364515372942819 
31 67 7 0 18 19 5.656854249492381 11.045361017187261 1.3493346790505476 
30 66 7 0 18 16 5.656854249492381 11.045361017187261 1.344904017258699 
30 65 7 0 18 16 5.656854249492381 11.045361017187261 1.3404733554668504 
30 64 7 0 18 16 5.656854249492381 11.045361017187261 1.3316120318831535 
30 62 7 0 18 16 5.656854249492381 11.045361017187261 1.3004270813303285 
30 61 7 1 18 15 5.656854249492381 11.045361017187261 1.32795784204872 
30 60 7 1 18 22 5.656854249492381 11.045361017187261 1.2782737723710857 
30 56 7 1 18 15 5.656854249492381 11.045361017187261 1.2738431105792374 
30 55 7 1 18 15 5.656854249492381 11.045361017187261 1.2382274982345634 
30 53 7 2 18 14 5.656854249492381 11.045361017187261 1.2117437208928157 
30 51 7 3 18 15 5.656854249492381 11.045361017187261 1.1981812240980412 
30 50 7 3 18 13 5.656854249492381 11.045361017187261 1.1937505623061926 
30 49 7 3 18 13 5.656854249492381 11.045361017187261 1.189319900514344 
30 48 7 3 18 13 5.656854249492381 11.045361017187261 1.189590411933573 
30 46 7 3 18 15 5.656854249492381 11.045361017187261 1.1792781453714891 
30 45 7 3 18 14 5.656854249492381 10.198039027185569 1.1748474835796408 
30 44 7 3 18 14 5.656854249492381 10.198039027185569 1.1436625330268155 
30 43 7 4 18 13 5.656854249492381 10.198039027185569 1.1381275392901657 
30 42 7 4 18 13 5.656854249492381 9.486832980505138 1.1238174995559411 
31 40 7 4 19 12 5.656854249492381 9.486832980505138 1.0973682400786011 
27 39 8 5 12 12 5.656854249492381 9.486832980505138 1.0883716607852896 
27 38 8 5 12 11 5.656854249492381 9.486832980505138 1.0785326146359075 
27 37 8 5 12 10 5.656854249492381 8.94427190999916 1.074101952844059 
27 36 8 5 12 10 5.656854249492381 8.94427190999916 1.038351084789771 
27 35 8 6 12 8 5.656854249492381 8.94427190999916 1.0162979692398717 
27 34 8 7 12 9 5.656854249492381 8.94427190999916 1.0098044683103578 
27 33 8 7 12 9 5.656854249492381 7.615773105863909 1.004745450470326 
27 32 8 7 12 9 5.656854249492381 7.211102550927978 0.9898063590418493 
27 31 8 7 12 7 5.656854249492381 6.324555320336759 0.985375697250001 
27 30 8 7 12 7 5.656854249492381 6.324555320336759 0.9729723548176454 
27 29 8 7 12 5 5.656854249492381 7.0710678118654755 0.9687591332970803 
27 28 8 7 12 5 5.656854249492381 7.211102550927978 0.9643284715052317 
27 27 8 7 12 5 5.656854249492381 7.211102550927978 0.9577547676719604 
27 26 8 7 12 5 5.656854249492381 5.830951894845301 0.948758188378649 
27 25 8 7 12 4 5.656854249492381 5.830951894845301 0.9175732378258238 
27 24 8 8 12 3 5.656854249492381 5.830951894845301 0.8822444780050978 
27 23 8 9 12 2 5.656854249492381 3.1622776601683795 0.8772954266230927 
27 22 8 9 12 2 5.656854249492381 2.8284271247461903 0.8661029137870487 
27 21 8 9 12 1 5.656854249492381 1.4142135623730951 -1 
