140 140 0 0 14 14 16.0 16.0 1.3567741847270889 
139 139 0 0 19 17 16.0 13.038404810405298 1.3614953336675013 
135 137 0 0 22 15 13.038404810405298 15.033296378372908 1.3713795888477127 
131 136 0 0 25 14 15.033296378372908 15.033296378372908 1.3878743230842554 
127 134 0 0 25 16 14.142135623730951 16.0 1.4135803856378557 
123 133 0 0 28 18 14.142135623730951 16.0 1.4648557098816677 
123 132 0 0 38 25 14.142135623730951 16.0 1.4867442089864773 
117 131 0 0 38 26 13.038404810405298 16.0 1.4849387634313247 
113 130 0 0 36 25 13.038404810405298 15.033296378372908 1.5021888516376192 
107 126 0 0 34 29 14.0 15.033296378372908 1.4696371991416104 
105 124 0 0 42 20 14.0 15.033296378372908 1.4675919160382782 
103 120 0 0 40 23 14.0 15.033296378372908 1.520814659930512 
103 119 0 0 46 32 14.142135623730951 15.033296378372908 1.5700064906498559 
99 115 0 0 48 42 14.142135623730951 15.033296378372908 1.5182166260406027 
95 111 0 0 53 31 13.341664064126334 15.033296378372908 1.5718881620627592 
95 110 0 0 65 38 13.341664064126334 14.142135623730951 1.5400589029768113 
83 106 1 0 50 33 12.165525060596439 14.142135623730951 1.5650304477853387 
75 104 2 0 30 42 12.165525060596439 14.142135623730951 1.4966391981685525 
69 100 2 0 32 28 12.0 13.038404810405298 1.5229802793998566 
68 99 2 0 33 33 11.045361017187261 13.038404810405298 1.5272720719643107 
70 93 2 0 51 34 11.045361017187261 13.038404810405298 1.4961430610289057 
68 92 3 0 49 28 11.045361017187261 13.038404810405298 1.5115536184414622 
68 91 3 0 54 30 11.045361017187261 13.038404810405298 1.4670420151733168 
60 90 4 1 39 27 11.045361017187261 13.038404810405298 1.4566312941292265 
50 89 5 1 28 23 10.198039027185569 13.038404810405298 1.4584163666153303 
49 87 5 1 32 23 9.486832980505138 13.038404810405298 1.459127910362379 
43 86 6 1 26 22 9.055385138137417 13.038404810405298 1.489808458553651 
44 85 5 1 31 28 9.055385138137417 13.038404810405298 1.4928473033934335 
40 84 5 1 23 30 9.055385138137417 13.038404810405298 1.4831702517041478 
39 83 5 1 24 28 9.055385138137417 13.038404810405298 1.4797786362252097 
35 82 5 1 20 27 6.324555320336759 13.038404810405298 1.4491479188515108 
29 81 6 1 11 21 4.242640687119285 13.038404810405298 1.4387307100484192 
27 80 7 1 9 19 3.1622776601683795 13.038404810405298 1.4627790826764782 
26 79 7 1 9 24 3.1622776601683795 13.038404810405298 1.4230214939513983 
25 78 7 1 9 17 6.324555320336759 12.165525060596439 1.4172341322711908 
23 77 8 1 4 17 2.8284271247461903 12.165525060596439 1.412786858376698 
25 76 7 1 9 17 6.324555320336759 12.165525060596439 1.4172240911173892 
23 75 8 1 4 19 2.8284271247461903 12.165525060596439 1.4076645200124471 
25 74 7 1 9 18 6.324555320336759 12.165525060596439 1.4018771583322396 
23 73 8 1 4 18 2.8284271247461903 12.165525060596439 1.4076544788586458 
25 72 7 1 9 20 6.324555320336759 12.165525060596439 1.4018671171784383 
23 71 8 1 4 20 2.8284271247461903 12.165525060596439 1.3974198432839455 
25 70 7 1 9 20 6.324555320336759 12.165525060596439 1.3527343892778514 
23 68 8 2 4 18 2.8284271247461903 12.165525060596439 1.3431748181729093 
25 67 7 2 9 17 6.324555320336759 12.165525060596439 1.3322751592822522 
23 66 8 2 4 16 2.8284271247461903 12.165525060596439 1.3263493851013926 
25 65 7 2 9 16 6.324555320336759 11.40175425099138 1.324350609221324 
24 64 8 2 8 16 6.324555320336759 11.40175425099138 1.3149708286834303 
24 63 8 2 8 15 2.8284271247461903 11.40175425099138 1.303891379225725 
24 62 8 2 8 14 6.324555320336759 11.40175425099138 1.2972937553892174 
24 61 8 2 8 14 2.8284271247461903 10.198039027185569 1.272882720234773 
24 60 8 3 8 15 6.324555320336759 10.198039027185569 1.271515595561172 
24 59 8 3 8 16 2.8284271247461903 9.055385138137417 1.2604361461034665 
24 58 8 3 8 15 6.324555320336759 9.055385138137417 1.2561686627760225 
24 57 8 3 8 15 2.8284271247461903 9.055385138137417 1.2502015105287663 
24 56 8 3 8 15 6.324555320336759 9.055385138137417 1.2408217299908728 
24 55 8 3 8 14 2.8284271247461903 9.055385138137417 1.2348545777436166 
24 54 8 3 8 14 6.324555320336759 9.055385138137417 1.2305870944161725 
24 53 8 3 8 14 2.8284271247461903 9.055385138137417 1.2246199421689166 
24 52 8 3 8 14 6.324555320336759 9.055385138137417 1.2203524588414723 
24 51 8 3 8 14 2.8284271247461903 9.055385138137417 1.214385306594216 
24 50 8 3 8 14 6.324555320336759 9.055385138137417 1.210117823266772 
24 49 8 3 8 14 2.8284271247461903 9.055385138137417 1.1805944909018784 
24 48 8 4 8 14 6.324555320336759 9.055385138137417 1.1661024131535351 
24 47 8 4 8 12 2.8284271247461903 9.055385138137417 1.1652475581167288 
24 46 8 4 8 13 6.324555320336759 9.055385138137417 1.1507554803683855 
24 45 8 4 8 11 2.8284271247461903 9.055385138137417 1.1447883281211295 
24 44 8 4 8 11 6.324555320336759 9.055385138137417 1.1405208447936852 
24 43 8 4 8 11 2.8284271247461903 9.055385138137417 1.1447782869673282 
24 42 8 4 8 13 6.324555320336759 9.055385138137417 1.1353985064294343 
24 41 8 4 8 12 2.8284271247461903 9.055385138137417 1.1192067597612796 
24 40 8 4 8 10 6.324555320336759 9.055385138137417 1.1149392764338355 
24 39 8 4 8 10 2.8284271247461903 9.055385138137417 1.119196718607478 
24 38 8 4 8 12 6.324555320336759 9.055385138137417 1.1133628441474324 
24 37 8 4 8 12 2.8284271247461903 8.246211251235321 1.112507989110626 
24 36 8 4 8 13 6.324555320336759 8.246211251235321 1.0957410798424336 
24 35 8 4 8 11 2.8284271247461903 7.0710678118654755 1.0877005646875533 
24 34 8 4 8 11 6.324555320336759 6.0 1.0598769012424714 
24 33 8 5 8 11 2.8284271247461903 6.0 1.0047920828253305 
24 32 8 6 8 6 6.324555320336759 6.0 0.9987804900210489 
24 31 8 6 8 6 2.8284271247461903 5.0990195135927845 0.9957981634376277 
24 30 8 6 8 7 6.324555320336759 4.0 0.9305517028317908 
24 26 8 7 8 3 2.8284271247461903 3.1622776601683795 0.9280932876018775 
24 25 8 7 8 2 6.324555320336759 7.615773105863909 0.9177403813054809 
24 24 8 7 8 2 2.8284271247461903 4.47213595499958 0.8779924545196883 
24 23 8 8 8 0 6.324555320336759 4.47213595499958 0.896114622440648 
24 24 8 8 8 3 2.8284271247461903 2.8284271247461903 0.8799228757724931 
24 23 8 8 8 1 6.324555320336759 2.8284271247461903 0.8729177712494529 
24 22 8 8 8 1 2.8284271247461903 1.4142135623730951 0.8454151540720322 
24 21 8 9 8 0 6.324555320336759 5.0990195135927845 0.8425158620284164 
24 21 8 9 8 0 2.8284271247461903 3.1622776601683795 0.8952597674038413 
24 23 8 8 8 4 6.324555320336759 2.8284271247461903 0.8425158620284164 
24 21 8 9 8 0 2.8284271247461903 3.1622776601683795 0.8544312538251502 
24 22 8 9 8 1 6.324555320336759 4.47213595499958 0.8425158620284164 
24 21 8 9 8 0 2.8284271247461903 3.1622776601683795 0.8952597674038413 
24 23 8 8 8 4 6.324555320336759 2.8284271247461903 0.8780300684599023 
24 22 8 8 8 2 2.8284271247461903 1.4142135623730951 0.8454151540720322 
24 21 8 9 8 0 6.324555320336759 5.0990195135927845 0.9012218990741966 
24 23 8 8 8 5 2.8284271247461903 2.8284271247461903 0.8805641198943973 
24 22 8 8 8 2 6.324555320336759 3.1622776601683795 0.8442442733444651 
24 21 8 9 8 1 2.8284271247461903 1.4142135623730951 -1 
