140 140 0 0 14 14 16.0 16.0 1.066998710727164 
138 139 0 0 17 19 16.0 14.142135623730951 1.0688205639732096 
134 137 0 0 16 19 12.0 16.0 1.075445456067081 
132 135 0 0 21 23 13.038404810405298 16.0 1.0721985323160523 
128 134 0 0 22 19 13.038404810405298 16.0 1.0747101084876471 
124 132 0 0 22 20 13.038404810405298 16.0 1.0809911915494306 
120 131 0 0 22 23 13.038404810405298 16.0 1.0872957644279089 
116 129 0 0 27 26 13.038404810405298 15.033296378372908 1.0883498471905741 
112 127 0 0 27 26 15.033296378372908 15.033296378372908 1.099492715423203 
106 125 1 0 21 26 15.033296378372908 15.033296378372908 1.1220312472047493 
102 123 2 0 16 35 15.033296378372908 15.033296378372908 1.1177040788501098 
100 121 2 0 17 32 15.033296378372908 15.033296378372908 1.126927842773461 
92 120 3 0 15 28 13.341664064126334 15.033296378372908 1.1229838465344484 
90 119 3 0 14 25 13.341664064126334 15.033296378372908 1.1169635107925282 
88 117 3 0 14 21 13.341664064126334 15.033296378372908 1.1231285625908665 
86 116 3 0 14 25 13.341664064126334 15.033296378372908 1.1263758214537378 
82 112 4 0 12 21 13.341664064126334 15.033296378372908 1.131719267701603 
80 111 4 0 14 24 13.341664064126334 15.033296378372908 1.1336763791749063 
78 110 4 0 14 25 13.341664064126334 15.033296378372908 1.1328281970981864 
76 109 4 0 14 24 13.341664064126334 15.033296378372908 1.1315111966145068 
75 108 4 0 15 23 13.341664064126334 15.033296378372908 1.1300819733132483 
73 107 4 0 13 22 13.341664064126334 15.033296378372908 1.1286776263590967 
72 103 4 0 14 23 13.341664064126334 15.033296378372908 1.1228247747539752 
71 99 4 0 19 20 13.341664064126334 15.033296378372908 1.1333949394329135 
65 97 5 0 11 20 13.038404810405298 15.033296378372908 1.1357283566789076 
64 96 5 0 15 21 14.0 15.033296378372908 1.1382165530904147 
62 95 5 0 12 23 14.0 15.033296378372908 1.1423689555283663 
61 94 6 0 11 19 14.0 15.033296378372908 1.1444420982651147 
57 93 6 0 11 19 14.0 15.033296378372908 1.1442636616013357 
56 92 6 0 11 19 13.038404810405298 15.033296378372908 1.1480603230207094 
55 91 6 0 12 22 13.038404810405298 14.0 1.1504239863697272 
51 90 6 0 13 22 13.038404810405298 14.0 1.1440827338384048 
50 86 6 0 13 20 12.165525060596439 13.038404810405298 1.1545889475437334 
49 85 6 0 16 27 11.40175425099138 13.038404810405298 1.1661395804872876 
39 84 7 0 12 24 10.198039027185569 13.038404810405298 1.1687714153183817 
38 83 7 0 12 26 9.055385138137417 13.038404810405298 1.1650518647145278 
38 82 7 0 17 23 9.055385138137417 13.038404810405298 1.1604534369565007 
32 80 7 0 10 20 10.0 11.045361017187261 1.1705069471067682 
31 79 8 0 10 20 10.0 11.045361017187261 1.161378945528175 
30 78 8 1 15 23 8.602325267042627 11.045361017187261 1.1656822128184745 
24 77 9 1 6 18 5.656854249492381 11.045361017187261 1.1665550053209595 
22 76 9 1 2 19 2.8284271247461903 11.045361017187261 1.1660984921268829 
21 75 9 1 1 19 1.4142135623730951 11.045361017187261 1 
