140 140 0 0 14 14 16.0 16.0 1.4341941226315171 
139 138 0 0 19 17 16.0 13.038404810405298 1.4548433248564387 
135 136 0 0 22 18 14.142135623730951 15.033296378372908 1.4818383808135893 
131 135 0 0 25 20 14.0 15.033296378372908 1.4822897306644578 
127 134 0 0 25 18 13.038404810405298 16.0 1.5089981400516745 
123 133 0 0 28 20 14.0 16.0 1.5642991392673236 
123 132 0 0 38 27 14.0 16.0 1.5564604602146341 
117 130 0 0 38 24 13.038404810405298 15.033296378372908 1.5497089020210186 
113 128 0 0 36 23 14.0 15.033296378372908 1.651591844831244 
107 126 0 0 34 40 14.0 15.033296378372908 1.5943217424901799 
105 124 0 0 43 27 14.0 15.033296378372908 1.6382769795343137 
104 122 0 0 41 37 14.0 15.033296378372908 1.7510303705742656 
104 121 0 0 50 55 14.0 14.142135623730951 1.6882901517209141 
98 120 0 0 47 42 14.0 14.142135623730951 1.6508166099382926 
90 119 1 0 34 36 14.0 14.142135623730951 1.6673608470415842 
84 117 1 0 34 37 14.0 14.142135623730951 1.6410621539449823 
82 116 1 0 34 32 14.0 14.142135623730951 1.5617214247252382 
80 112 1 0 33 21 14.0 14.142135623730951 1.608340080607546 
74 111 2 0 26 29 14.0 14.142135623730951 1.6402282954907466 
73 105 2 0 29 39 14.0 14.142135623730951 1.6347972997614573 
72 104 2 0 30 38 14.0 14.142135623730951 1.6217925758924232 
66 102 3 0 24 36 14.0 14.142135623730951 1.5671507705614596 
62 101 3 0 23 25 14.0 14.142135623730951 1.5585102118720473 
60 97 3 0 21 27 14.0 14.142135623730951 1.5708314095020537 
59 96 3 0 25 28 14.0 14.142135623730951 1.5565517116406002 
55 94 4 0 23 26 14.0 13.038404810405298 1.5436825240633223 
49 93 5 0 17 23 14.0 13.038404810405298 1.5743181979355225 
48 92 5 0 19 28 13.038404810405298 13.038404810405298 1.5911763200559688 
47 90 5 0 20 32 13.038404810405298 13.038404810405298 1.5457806122853714 
43 88 6 0 18 24 13.038404810405298 13.038404810405298 1.509949951661923 
42 86 6 1 19 23 12.165525060596439 13.038404810405298 1.4982700040381822 
41 85 6 1 17 22 11.045361017187261 13.038404810405298 1.4738320013621788 
40 84 6 2 18 22 10.0 13.038404810405298 1.481582290987822 
36 83 6 2 17 22 7.211102550927978 13.038404810405298 1.4655619668431241 
36 82 6 2 20 19 7.211102550927978 13.038404810405298 1.4673313144424485 
30 81 7 2 13 19 7.211102550927978 13.038404810405298 1.458911958206141 
26 80 8 2 7 18 4.47213595499958 13.038404810405298 1.4665625408792742 
26 79 8 2 8 20 4.47213595499958 13.038404810405298 1.4510299344638222 
25 77 8 2 7 19 4.47213595499958 13.038404810405298 1.431475468959103 
24 75 8 2 5 18 3.1622776601683795 12.083045973594572 1.4295573846420324 
23 74 8 2 5 18 2.8284271247461903 12.083045973594572 1.426618638899757 
24 73 8 2 8 18 2.8284271247461903 12.083045973594572 1.420105153854315 
28 72 7 2 15 18 5.656854249492381 12.083045973594572 1.4108297977731237 
24 71 8 2 8 18 2.8284271247461903 10.198039027185569 1.3738254911823733 
28 70 7 3 15 17 5.656854249492381 10.198039027185569 1.3744617401089299 
24 69 8 3 8 18 2.8284271247461903 10.198039027185569 1.3790250458424773 
28 67 7 3 15 21 5.656854249492381 10.198039027185569 1.3697561053895162 
24 66 8 3 8 20 2.8284271247461903 10.770329614269007 1.3520302932733281 
28 65 7 3 15 18 5.656854249492381 10.770329614269007 1.3470603786645117 
24 64 8 3 8 18 2.8284271247461903 10.770329614269007 1.3349407300836966 
28 63 7 3 15 17 5.656854249492381 10.770329614269007 1.32997081547488 
24 62 8 3 8 17 2.8284271247461903 10.770329614269007 1.323457330429438 
28 61 7 3 15 17 5.656854249492381 10.770329614269007 1.3240935793559945 
24 60 8 3 8 18 2.8284271247461903 10.770329614269007 1.3175800943105525 
28 59 7 3 15 18 5.656854249492381 10.770329614269007 1.312610179701736 
24 58 8 3 8 18 2.8284271247461903 10.770329614269007 1.282452269067798 
28 56 7 3 15 15 5.656854249492381 10.295630140987 1.2671952251059415 
24 55 8 3 8 14 2.8284271247461903 8.246211251235321 1.2606817400604993 
28 54 7 3 15 14 5.656854249492381 8.246211251235321 1.2557118254516828 
24 53 8 3 8 14 2.8284271247461903 8.246211251235321 1.2491983404062408 
28 52 7 3 15 14 5.656854249492381 8.246211251235321 1.244228425797424 
24 51 8 3 8 14 2.8284271247461903 8.246211251235321 1.237714940751982 
28 50 7 3 15 14 5.656854249492381 8.246211251235321 1.2383511896785386 
24 49 8 3 8 15 2.8284271247461903 8.246211251235321 1.2069530466231608 
28 48 7 4 15 15 5.656854249492381 8.246211251235321 1.2019831320143444 
24 47 8 4 8 15 2.8284271247461903 8.246211251235321 1.194029697613798 
28 46 7 4 15 15 5.656854249492381 7.615773105863909 1.1778474559342353 
24 45 8 4 8 13 2.8284271247461903 7.615773105863909 1.1657278073534203 
28 44 7 4 15 12 5.656854249492381 7.615773105863909 1.1551517292092308 
24 43 8 4 8 11 2.8284271247461903 7.615773105863909 1.1486382441637886 
28 42 7 4 15 11 5.656854249492381 7.615773105863909 1.113177508009664 
24 41 8 5 8 10 2.8284271247461903 7.615773105863909 1.101057859428849 
28 40 7 5 15 9 5.656854249492381 7.615773105863909 1.0960879448200325 
24 39 8 5 8 9 2.8284271247461903 7.615773105863909 1.0895744597745904 
28 38 7 5 15 9 5.656854249492381 7.615773105863909 1.0846045451657738 
24 37 8 5 8 9 2.8284271247461903 7.615773105863909 1.0777010209606277 
28 36 7 5 15 8 5.656854249492381 9.899494936611665 1.0727311063518112 
24 35 8 5 8 8 2.8284271247461903 9.899494936611665 1.0662176213063692 
28 34 7 5 15 8 5.656854249492381 9.899494936611665 1.0307568851522442 
24 33 8 6 8 7 2.8284271247461903 9.899494936611665 0.9742393907610801 
28 31 7 7 15 5 5.656854249492381 6.324555320336759 0.9692694761522636 
24 30 8 7 8 5 2.8284271247461903 6.324555320336759 0.9627559911068216 
28 29 7 7 15 5 5.656854249492381 6.324555320336759 0.9549868970582223 
24 28 8 7 8 5 2.8284271247461903 5.0990195135927845 0.9459632015322376 
28 27 7 7 15 5 5.656854249492381 4.0 0.911580845341182 
24 26 8 8 8 4 2.8284271247461903 4.47213595499958 0.9045431826814729 
28 25 7 8 15 4 5.656854249492381 4.242640687119285 0.8883609410019104 
24 24 8 8 8 2 2.8284271247461903 4.242640687119285 0.8767654700353628 
28 23 7 8 15 1 5.656854249492381 4.47213595499958 0.8676212224086463 
24 22 8 8 8 0 2.8284271247461903 5.0990195135927845 0.8767654700353628 
28 23 7 8 15 1 5.656854249492381 4.47213595499958 0.8676212224086463 
24 22 8 8 8 0 2.8284271247461903 5.0990195135927845 0.8680319943761899 
28 22 7 8 15 1 5.656854249492381 3.1622776601683795 0.8325712582220649 
24 21 8 9 8 0 2.8284271247461903 3.1622776601683795 0.868175125017279 
28 23 7 9 15 4 5.656854249492381 4.242640687119285 0.8525170609519837 
24 22 8 9 8 2 2.8284271247461903 4.47213595499958 0.8362230793532687 
28 21 7 9 15 0 5.656854249492381 5.0990195135927845 0.8793891131724225 
24 23 8 8 8 2 2.8284271247461903 2.8284271247461903 0.864039336589249 
28 22 7 8 15 1 5.656854249492381 1.4142135623730951 0.8369948645715815 
24 21 8 9 8 0 2.8284271247461903 5.0990195135927845 0.8517452757336709 
28 22 7 9 15 2 5.656854249492381 4.47213595499958 0.8369948645715815 
24 21 8 9 8 0 2.8284271247461903 5.0990195135927845 0.87861732795411 
28 23 7 8 15 2 5.656854249492381 2.8284271247461903 0.8648111218075618 
24 22 8 8 8 1 2.8284271247461903 1.4142135623730951 0.8362230793532687 
28 21 7 9 15 0 5.656854249492381 5.0990195135927845 0.8725746851665056 
24 23 8 9 8 4 2.8284271247461903 5.830951894845301 0.8317994730037521 
28 21 7 9 15 0 5.656854249492381 3.1622776601683795 0.8793891131724225 
24 23 8 8 8 2 2.8284271247461903 2.8284271247461903 0.8317994730037521 
28 21 7 9 15 0 5.656854249492381 3.1622776601683795 0.8725746851665056 
24 23 8 9 8 4 2.8284271247461903 5.830951894845301 0.8317994730037521 
28 21 7 9 15 0 5.656854249492381 3.1622776601683795 0.854368918870731 
24 22 8 9 8 3 2.8284271247461903 2.8284271247461903 0.8334129787521842 
28 21 7 9 15 1 5.656854249492381 1.4142135623730951 -1 
