140 140 0 0 14 14 16.0 16.0 0.9787725444107246 
138 139 0 0 17 17 16.0 14.142135623730951 0.982682867302199 
134 138 0 0 16 14 12.0 16.0 0.9845809627312391 
132 137 0 0 16 15 13.038404810405298 16.0 0.9845626956781531 
130 136 0 0 16 14 14.0 16.0 0.9888356161656908 
128 135 0 0 16 17 14.0 16.0 0.9900095619947163 
126 134 0 0 14 16 14.0 16.0 0.9983554265278848 
124 133 0 0 16 24 14.0 16.0 0.9991309209119291 
122 132 0 0 15 23 14.0 16.0 1.0010574511802484 
120 131 0 0 16 24 14.0 16.0 1.0050569364410198 
118 129 0 0 17 28 14.0 16.0 1.001139650386627 
116 128 0 0 18 23 14.0 16.0 1.0044386014870461 
114 127 0 0 18 25 14.0 16.0 1.0013743703059763 
112 125 0 0 18 22 14.0 15.033296378372908 1.0003526576405581 
110 124 0 0 18 20 15.033296378372908 15.033296378372908 0.9997557311925026 
108 123 0 0 18 18 15.033296378372908 15.033296378372908 1.002080712905803 
106 122 0 0 18 19 15.033296378372908 15.033296378372908 1.0108814799930101 
102 121 0 0 18 25 15.033296378372908 14.142135623730951 1.0112585229320732 
100 120 0 0 18 24 15.033296378372908 14.142135623730951 1.0142339828112028 
96 119 0 0 17 23 15.033296378372908 14.142135623730951 1.0167803494723282 
94 118 0 0 14 23 15.033296378372908 14.142135623730951 1.01466420760836 
92 116 0 0 13 20 15.033296378372908 14.0 1.0154387048501952 
91 114 0 0 12 21 15.033296378372908 14.0 1.0330595096774924 
89 113 1 0 13 26 15.033296378372908 14.0 1.0348353082210369 
87 112 1 0 13 26 14.0 14.0 1.0337847385962264 
85 110 1 0 13 24 13.038404810405298 14.0 1.033545654245985 
84 108 1 0 13 24 12.165525060596439 14.0 1.0338647308688615 
83 107 1 0 13 24 12.0 14.0 1.0553695058896726 
77 105 2 0 14 30 12.0 13.038404810405298 1.0648001041750395 
75 104 3 0 16 27 12.0 13.038404810405298 1.0722673709084904 
74 103 3 0 15 34 12.0 13.038404810405298 1.0699949437707548 
73 102 3 0 14 31 12.0 13.038404810405298 1.0589333893586155 
72 98 3 0 14 22 12.0 13.038404810405298 1.0599753206907276 
71 97 3 0 13 22 11.045361017187261 13.038404810405298 1.0590753143850922 
70 96 3 0 11 20 11.045361017187261 13.038404810405298 1.0597247954087123 
69 95 3 0 10 20 11.045361017187261 13.038404810405298 1.062272096254138 
68 94 3 0 10 22 10.198039027185569 13.038404810405298 1.060973638503521 
67 93 3 0 9 20 10.198039027185569 13.038404810405298 1.064146576243516 
66 92 3 0 9 23 10.198039027185569 13.038404810405298 1.0682934833706297 
65 91 3 0 9 27 10.198039027185569 13.038404810405298 1.079178701694475 
59 87 4 0 12 24 10.198039027185569 13.038404810405298 1.0879329666475508 
53 86 4 0 12 27 10.0 13.038404810405298 1.0878610093015242 
47 82 4 0 8 22 10.0 13.038404810405298 1.092406367873619 
46 81 4 0 7 26 10.0 13.038404810405298 1.0916834280651395 
45 80 4 0 7 25 10.0 13.038404810405298 1.0841427025468293 
44 79 4 0 7 17 10.0 13.038404810405298 1.086466687117921 
43 77 4 0 7 20 10.0 13.038404810405298 1.1006207076147474 
39 76 5 0 10 20 10.0 13.038404810405298 1.1169644631973457 
38 75 6 0 9 24 10.0 13.038404810405298 1.1199442753263986 
36 74 6 0 6 25 9.899494936611665 12.165525060596439 1.1264738811107424 
34 70 7 0 4 20 9.899494936611665 12.165525060596439 1.126614250255597 
33 69 7 0 3 20 9.899494936611665 11.40175425099138 1.1386636768447393 
32 68 8 0 3 20 9.899494936611665 11.40175425099138 1.1480375649079884 
31 67 8 0 2 29 10.0 11.40175425099138 1.1392494347757933 
30 65 8 0 3 21 10.0 11.40175425099138 1.129240821520259 
29 63 8 1 2 24 8.602325267042627 11.40175425099138 1.1090949994101598 
28 61 8 2 3 18 8.602325267042627 11.40175425099138 1.110316409502203 
27 60 8 2 2 18 7.211102550927978 11.40175425099138 1.1101689876358607 
26 59 8 2 3 18 7.211102550927978 11.40175425099138 1.0980802152724969 
25 58 8 3 2 18 5.830951894845301 11.40175425099138 1.101176246923685 
23 57 8 3 2 20 6.324555320336759 11.40175425099138 1.0983705554314294 
22 56 9 4 1 18 6.324555320336759 11.40175425099138 1.0991029589490915 
21 55 9 4 0 18 5.0990195135927845 10.770329614269007 1.0983964018142798 
21 54 9 4 1 17 1.4142135623730951 10.770329614269007 1 
