140 140 0 0 14 14 16.0 16.0 1.014009602824241 
138 139 0 0 17 18 16.0 14.142135623730951 1.0233615966754936 
134 138 0 0 16 22 12.649110640673518 16.0 1.0262339180107123 
132 137 0 0 16 24 12.649110640673518 16.0 1.0243114982278114 
130 136 0 0 16 21 12.649110640673518 16.0 1.0233852896772084 
128 134 0 0 16 20 12.649110640673518 16.0 1.025971911077256 
126 133 0 0 14 21 12.649110640673518 16.0 1.027212035900398 
124 132 0 0 16 22 12.649110640673518 16.0 1.0247790810641215 
122 128 0 0 15 21 12.649110640673518 16.0 1.0239342679253078 
120 127 0 0 16 20 14.142135623730951 16.0 1.0245893316777264 
118 125 0 0 17 21 14.142135623730951 16.0 1.022442076776621 
116 121 0 0 18 21 14.142135623730951 16.0 1.0272322945590877 
114 120 0 0 18 25 14.142135623730951 16.0 1.0281867194470586 
112 119 0 0 18 25 14.142135623730951 16.0 1.0307733408471063 
110 118 0 0 16 26 14.142135623730951 16.0 1.0442463152258163 
100 117 1 0 16 19 14.142135623730951 16.0 1.0474552607052616 
98 116 1 0 15 21 14.142135623730951 16.0 1.0493268474725292 
94 115 1 0 15 20 14.142135623730951 16.0 1.0502812723605 
92 114 1 0 15 20 14.142135623730951 16.0 1.0579483348138385 
90 113 1 0 15 27 14.142135623730951 16.0 1.0547812668721426 
88 112 1 0 13 22 14.142135623730951 16.0 1.0608879501946231 
87 111 1 0 12 28 14.142135623730951 16.0 1.0647880617767183 
86 110 1 0 12 32 14.0 16.0 1.0584256699155 
85 106 1 0 12 28 13.341664064126334 16.0 1.049291484885721 
84 105 1 0 11 18 13.038404810405298 16.0 1.0508682338530895 
82 104 1 0 12 19 13.038404810405298 16.0 1.0505567418994117 
81 103 1 0 11 18 12.165525060596439 16.0 1.0505731117359223 
80 102 1 0 11 18 12.165525060596439 16.0 1.0534663262433048 
79 101 1 0 11 21 12.165525060596439 16.0 1.0557744796799633 
78 99 1 0 10 24 12.165525060596439 16.0 1.0545247674357063 
77 98 1 0 13 24 11.045361017187261 15.033296378372908 1.0529044164532904 
76 97 1 0 13 23 11.045361017187261 14.0 1.0584731389945559 
75 96 1 0 12 29 10.770329614269007 13.038404810405298 1.0510482458581305 
74 94 1 0 12 22 10.198039027185569 13.038404810405298 1.0552742957420371 
73 92 1 0 11 27 10.198039027185569 13.038404810405298 1.0720860979688271 
69 91 2 0 10 29 10.198039027185569 13.038404810405298 1.064430882016346 
68 90 2 0 10 21 10.198039027185569 13.038404810405298 1.0644472518528565 
67 89 2 0 10 21 10.198039027185569 13.038404810405298 1.076118550952572 
65 88 3 0 13 21 10.198039027185569 13.038404810405298 1.0782938399148712 
61 87 3 0 12 20 10.295630140987 13.038404810405298 1.078646833895608 
60 86 3 0 11 20 10.295630140987 13.038404810405298 1.0932459018752507 
58 85 4 0 11 22 10.295630140987 13.038404810405298 1.0964204554250265 
56 83 4 0 9 25 9.486832980505138 12.0 1.0950385836393075 
55 82 4 0 8 23 8.94427190999916 12.0 1.1062191985420138 
53 81 4 0 8 34 9.899494936611665 12.0 1.1068369992857583 
51 80 4 0 9 34 9.899494936611665 12.0 1.107791424173729 
49 79 4 0 9 34 9.899494936611665 12.0 1.1071645767586784 
47 78 4 0 8 32 9.899494936611665 12.0 1.116968903620201 
45 77 5 0 8 29 9.899494936611665 12.0 1.1291796458358967 
43 76 6 0 5 27 8.602325267042627 12.0 1.1269414950809329 
42 75 6 0 6 25 8.602325267042627 12.0 1.1250399684701955 
41 74 6 0 6 23 8.602325267042627 12.0 1.1269742347539538 
40 73 6 0 6 25 8.602325267042627 12.0 1.1250727081432164 
39 72 6 0 6 23 8.602325267042627 12.0 1.1244361487215957 
38 71 7 1 6 24 8.602325267042627 12.0 1.1221979979666319 
37 70 7 1 7 22 8.602325267042627 12.0 1.124601587345441 
36 69 7 1 7 24 7.211102550927978 12.0 1.1239956331025538 
35 68 7 1 6 23 7.211102550927978 12.0 1.12175748234759 
34 67 7 1 7 21 7.211102550927978 12.0 1.1193625954956887 
33 66 7 1 7 18 5.830951894845301 12.0 1.1197155894764257 
32 65 7 1 6 18 5.830951894845301 12.0 1.1193953351687098 
31 64 7 1 7 18 5.830951894845301 12.0 1.1189111475878313 
30 63 7 1 7 17 4.47213595499958 12.0 1.1068844656660133 
29 62 7 2 6 18 4.47213595499958 12.0 1.0922666390084945 
28 61 7 3 7 17 4.47213595499958 12.0 1.0919667037311 
27 60 8 4 6 18 4.47213595499958 12.0 1.0904018012645889 
26 59 8 4 5 16 4.47213595499958 12.0 1.091818994476622 
25 58 8 4 5 17 3.1622776601683795 12.0 1.0921719884573589 
24 57 8 4 4 17 3.1622776601683795 12.0 1.0897506727014814 
23 56 8 4 2 14 2.0 11.045361017187261 1.089711577232801 
22 55 8 4 1 14 3.1622776601683795 11.045361017187261 1.101791317857962 
21 54 9 4 0 14 3.1622776601683795 11.045361017187261 1.1011227105236454 
21 53 9 4 1 14 1.4142135623730951 11.045361017187261 1 
