140 140 0 0 14 14 16.0 16.0 1.2391377192353643 
139 139 0 0 19 19 16.0 13.038404810405298 1.2425142348323597 
135 138 0 0 22 16 13.038404810405298 15.033296378372908 1.2620314587569734 
131 136 0 0 25 19 13.038404810405298 15.033296378372908 1.2783537080002882 
127 132 0 0 25 24 14.0 16.0 1.290398311468064 
123 130 0 0 28 25 14.0 16.0 1.3107109245518542 
123 129 0 0 38 27 14.0 16.0 1.3153790667294585 
117 128 0 0 38 25 13.038404810405298 16.0 1.3445963263482243 
116 127 0 0 45 30 13.038404810405298 16.0 1.3423774729998932 
112 126 0 0 44 28 13.038404810405298 16.0 1.3150302930917 
106 124 0 0 38 21 13.038404810405298 16.0 1.3114735776141289 
107 122 0 0 44 20 14.0 16.0 1.4052080992301808 
99 120 0 0 38 44 13.038404810405298 16.0 1.3972517218854923 
97 119 0 0 42 40 13.038404810405298 15.033296378372908 1.433282884477709 
91 118 0 0 43 46 14.0 15.033296378372908 1.4028532099864188 
81 117 1 0 33 35 14.0 15.033296378372908 1.4064760660122424 
77 116 1 0 31 35 14.0 15.033296378372908 1.408857219075493 
76 115 1 0 33 35 14.0 15.033296378372908 1.3628968499975864 
72 114 2 0 23 24 14.0 15.033296378372908 1.4166288082436198 
72 113 2 0 26 38 14.0 15.033296378372908 1.38326920821638 
72 112 2 0 26 30 14.0 15.033296378372908 1.3695402863163497 
72 110 2 0 31 26 14.0 15.033296378372908 1.3709733947325944 
64 109 3 0 23 24 12.165525060596439 15.033296378372908 1.3792048190589823 
62 108 3 0 27 24 12.165525060596439 15.033296378372908 1.3750623277914975 
61 107 3 0 25 24 12.165525060596439 15.033296378372908 1.4052285635363664 
60 106 3 0 28 31 12.165525060596439 15.033296378372908 1.3960715287366594 
59 105 4 0 27 28 12.165525060596439 15.033296378372908 1.3768687447297485 
58 103 4 0 27 24 11.045361017187261 15.033296378372908 1.3431542977684743 
58 99 4 0 24 20 11.045361017187261 15.033296378372908 1.3297093899569206 
56 98 4 0 17 19 11.045361017187261 15.033296378372908 1.3374577643312744 
55 97 4 0 20 20 11.045361017187261 15.033296378372908 1.3464478416682013 
51 96 4 0 19 21 11.045361017187261 15.033296378372908 1.3537449427732764 
47 94 5 0 14 23 11.045361017187261 15.033296378372908 1.340947839619671 
43 93 6 0 9 19 11.045361017187261 14.142135623730951 1.3508016131397604 
42 92 6 0 11 21 11.045361017187261 14.142135623730951 1.3590942515595315 
41 91 6 0 12 23 10.198039027185569 14.142135623730951 1.3465122846671223 
39 90 6 0 10 20 8.0 14.142135623730951 1.3537776090894418 
39 89 6 0 12 22 8.0 14.142135623730951 1.3418418020764014 
37 88 7 0 10 18 8.0 14.142135623730951 1.344964635231236 
36 86 7 0 10 20 8.0 14.142135623730951 1.3441604626165746 
35 85 7 0 10 20 7.0710678118654755 14.142135623730951 1.3518973052927088 
34 84 7 0 13 21 7.211102550927978 14.142135623730951 1.356971999369295 
33 83 7 0 12 23 5.830951894845301 14.142135623730951 1.3408001820964575 
31 81 7 0 10 20 5.0990195135927845 14.142135623730951 1.342578483894447 
29 80 7 0 10 20 4.242640687119285 14.142135623730951 1.3160104734538032 
28 79 7 1 9 19 3.1622776601683795 14.142135623730951 1.2932435993746512 
26 78 8 2 6 18 3.1622776601683795 14.142135623730951 1.294076299160592 
27 77 8 2 8 19 4.47213595499958 14.142135623730951 1.2906460608085784 
27 76 8 2 8 19 4.0 14.142135623730951 1.283440632380273 
27 75 8 2 8 18 4.0 14.142135623730951 1.2662763632021108 
27 73 8 2 8 16 4.0 12.0 1.2681744663133272 
27 72 8 2 9 17 4.0 12.0 1.2700336895766713 
27 71 8 2 10 18 4.47213595499958 12.0 1.2637857991634511 
26 70 8 2 9 17 4.47213595499958 12.0 1.2639372686105572 
24 69 9 2 6 17 4.47213595499958 11.045361017187261 1.2754522711722203 
24 68 9 2 6 21 4.0 11.045361017187261 1.271944273124461 
24 67 9 2 6 21 4.47213595499958 11.045361017187261 1.2685140347724473 
24 66 9 2 6 21 4.0 11.045361017187261 1.2575334162678498 
24 65 9 2 6 19 4.47213595499958 11.045361017187261 1.2615757983726745 
24 64 9 2 6 21 4.0 11.045361017187261 1.2492515161554218 
24 63 9 2 6 19 4.47213595499958 10.0 1.229148501363142 
24 62 9 3 6 20 4.0 10.0 1.203222641944868 
24 61 9 3 6 14 4.47213595499958 10.0 1.2035287138212734 
24 60 9 3 6 15 4.0 10.0 1.2000207157735143 
24 59 9 3 6 15 4.47213595499958 10.0 1.1928541671930815 
24 58 9 3 6 14 4.0 10.0 1.185609858916903 
24 57 9 3 6 13 4.47213595499958 10.0 1.1821796205648893 
24 56 9 3 6 13 4.0 10.0 1.174935312288711 
24 55 9 3 6 12 4.47213595499958 10.0 1.1789776943935357 
24 54 9 3 6 14 4.0 10.0 1.1553278017056239 
24 52 9 4 6 15 4.47213595499958 10.0 1.148161253125191 
24 51 9 4 6 14 4.0 10.0 1.1330519128088545 
24 49 9 4 6 12 4.47213595499958 9.486832980505138 1.1280270307200426 
24 48 9 4 6 12 4.0 8.246211251235321 1.1173136042439777 
24 46 9 4 6 11 4.47213595499958 8.246211251235321 1.1089037670345014 
24 44 9 4 6 11 4.0 7.0710678118654755 1.101659458758323 
24 43 9 4 6 10 4.47213595499958 7.0710678118654755 1.0982292204063095 
24 42 9 4 6 10 4.0 7.0710678118654755 1.0984575325869694 
24 41 9 4 6 11 4.47213595499958 7.0710678118654755 1.0950272942349557 
24 40 9 4 6 11 4.0 7.0710678118654755 1.086673471826535 
24 38 9 4 6 11 4.47213595499958 6.0 1.062834146805836 
24 37 9 5 6 11 4.0 6.0 1.0351807518609721 
24 36 9 6 6 10 4.47213595499958 6.0 1.0242778930521201 
24 35 9 6 6 8 4.0 6.0 1.020769895004361 
24 34 9 6 6 8 4.47213595499958 6.0 1.0173396566523474 
24 33 9 6 6 8 4.0 6.0 1.010095348376169 
24 32 9 6 6 7 4.47213595499958 6.0 1.0066651100241555 
24 31 9 6 6 7 4.0 6.0 1.001999029012242 
24 30 9 6 6 7 4.47213595499958 5.0990195135927845 0.993419846312462 
24 29 9 6 6 6 4.0 4.0 0.9861755380362837 
24 28 9 6 6 5 4.47213595499958 4.0 0.9864816099126893 
24 27 9 6 6 6 4.0 4.0 0.9588282149678254 
24 26 9 7 6 5 4.47213595499958 4.0 0.9505848928222747 
24 25 9 7 6 4 4.0 3.1622776601683795 0.9466477771371428 
24 24 9 7 6 4 4.47213595499958 2.8284271247461903 0.9486708532318964 
24 23 9 7 6 4 4.0 7.0710678118654755 0.9147463589336838 
24 22 9 8 6 2 4.47213595499958 5.0990195135927845 0.8809450057716816 
24 21 9 9 6 0 4.0 3.1622776601683795 0.9041782570821413 
24 23 9 9 6 4 4.47213595499958 4.242640687119285 0.8951939370194527 
24 22 9 9 6 3 4.0 2.8284271247461903 -1 
