140 140 0 0 14 14 16.0 16.0 1.053040395832797 
138 139 0 0 17 19 16.0 14.142135623730951 1.056512062075348 
134 137 0 0 16 20 12.165525060596439 16.0 1.0626194348095999 
132 136 0 0 21 22 13.038404810405298 16.0 1.0705802067014496 
128 135 0 0 22 25 13.038404810405298 16.0 1.0731961491507902 
124 134 0 0 22 25 13.341664064126334 16.0 1.0827803911596627 
120 130 0 0 22 31 14.0 16.0 1.079433824717453 
116 128 0 0 26 27 14.0 16.0 1.0864473354595698 
110 127 1 0 16 25 14.0 16.0 1.0945101638832428 
109 126 1 0 24 28 14.0 16.0 1.1128992137729856 
99 125 1 0 17 36 14.142135623730951 16.0 1.1207320202838618 
98 124 2 0 21 34 14.142135623730951 15.033296378372908 1.128084651543526 
92 123 2 0 16 37 15.033296378372908 15.033296378372908 1.086209106147646 
91 111 3 1 17 21 15.033296378372908 15.033296378372908 1.0909766376996886 
90 110 3 1 25 22 15.033296378372908 15.033296378372908 1.0913328047811162 
86 108 4 1 23 16 15.033296378372908 13.341664064126334 1.1134699444172027 
76 107 5 1 13 21 15.033296378372908 13.341664064126334 1.1084023058391579 
75 106 5 1 17 17 15.033296378372908 13.341664064126334 1.1127192693564272 
71 105 5 1 13 19 15.033296378372908 13.341664064126334 1.1119896763413666 
69 99 5 1 13 21 14.0 13.341664064126334 1.1142627574815809 
69 98 5 1 17 22 14.0 13.341664064126334 1.1087242966142825 
68 96 5 1 14 20 14.0 13.341664064126334 1.1235541808089449 
64 94 6 1 14 22 14.0 13.341664064126334 1.1170137584647113 
60 92 6 1 10 18 14.0 13.341664064126334 1.1268272736519087 
59 91 7 1 10 18 14.0 13.341664064126334 1.126860768961564 
57 90 7 1 8 18 13.038404810405298 13.341664064126334 1.1274629493649697 
56 88 7 1 8 19 13.038404810405298 13.341664064126334 1.1279804850859616 
55 87 7 1 9 19 13.038404810405298 14.0 1.1325742434288224 
51 85 7 1 8 21 12.0 14.142135623730951 1.1301024962322115 
49 84 7 1 8 19 12.0 14.142135623730951 1.1296776294591688 
47 83 7 1 9 18 12.0 14.142135623730951 1.131896992068067 
43 82 7 1 8 18 12.0 14.142135623730951 1.133394762162961 
39 81 7 1 6 18 12.0 13.038404810405298 1.1337200213649172 
38 80 7 1 7 18 12.0 13.038404810405298 1.1348520933171642 
37 79 7 1 10 18 11.045361017187261 13.038404810405298 1.1414488401077811 
33 77 7 1 7 22 7.0710678118654755 11.40175425099138 1.1450708934840343 
31 76 7 1 6 24 6.324555320336759 11.045361017187261 1.1530947011159487 
27 75 8 1 3 22 5.0990195135927845 11.045361017187261 1.1464356169836312 
26 74 8 1 3 18 4.47213595499958 11.045361017187261 1.1467723315232596 
25 73 8 1 4 18 3.1622776601683795 11.045361017187261 1.1463092914241015 
24 72 8 1 3 18 2.0 11.045361017187261 1.1461290151613126 
24 71 8 1 5 18 2.8284271247461903 11.045361017187261 1.1589376537176972 
22 70 9 1 2 20 2.8284271247461903 11.045361017187261 1.1601244653543927 
21 69 9 1 1 21 1.4142135623730951 11.045361017187261 1 
