140 140 0 0 14 14 16.0 16.0 1.1461917670082584 
138 139 0 0 17 19 16.0 14.142135623730951 1.1506930857854987 
134 137 0 0 16 19 12.0 16.0 1.1549724507930488 
132 135 0 0 21 19 13.038404810405298 16.0 1.165123689204666 
128 134 0 0 22 20 14.142135623730951 16.0 1.1573734847981887 
124 130 0 0 22 18 14.142135623730951 16.0 1.1787260877543895 
120 129 0 0 22 23 14.142135623730951 16.0 1.1880335330163692 
116 128 0 0 25 23 14.142135623730951 16.0 1.2133693992083148 
112 127 0 0 23 30 14.142135623730951 16.0 1.205299871860463 
110 123 0 0 24 29 14.142135623730951 16.0 1.1928513382649801 
108 122 0 0 22 25 14.142135623730951 16.0 1.1807221276108721 
104 121 0 0 19 20 14.142135623730951 16.0 1.1948537676748299 
103 120 1 0 18 23 14.142135623730951 16.0 1.1920221652740208 
101 118 1 0 19 22 14.142135623730951 16.0 1.1948446567670352 
99 117 1 0 20 22 14.142135623730951 16.0 1.1935885170373182 
97 116 1 0 20 21 14.142135623730951 16.0 1.1984026401482046 
95 115 1 0 20 22 14.142135623730951 16.0 1.1975626693652681 
93 113 1 0 20 22 14.142135623730951 16.0 1.1815470414808216 
91 111 1 0 20 17 14.142135623730951 16.0 1.1924314274323122 
89 110 1 0 20 20 14.142135623730951 16.0 1.2182841250211325 
88 109 1 0 19 29 14.142135623730951 16.0 1.217976117106858 
86 108 1 0 17 29 14.142135623730951 16.0 1.2358880005004012 
82 104 2 0 15 34 14.0 16.0 1.2088716755074602 
81 100 3 0 17 25 14.0 16.0 1.2043730588932604 
80 99 3 0 16 24 14.0 16.0 1.2091871820041469 
78 98 3 0 16 25 14.0 16.0 1.216924459058142 
77 97 3 0 18 27 14.0 16.0 1.2160746918040777 
77 96 3 1 20 33 14.0 16.0 1.199943698444554 
69 95 4 1 13 23 13.341664064126334 16.0 1.1955691177366785 
68 94 4 1 15 21 13.038404810405298 16.0 1.1960972641606527 
67 93 4 1 13 22 13.038404810405298 16.0 1.2007994097943457 
66 92 4 1 15 23 13.038404810405298 16.0 1.207991871681666 
65 90 4 1 16 26 12.165525060596439 16.0 1.2115252103825105 
59 89 4 1 15 24 11.40175425099138 16.0 1.2160509741856091 
59 88 4 1 19 25 12.083045973594572 16.0 1.2124506621462632 
53 86 4 1 15 23 8.94427190999916 14.142135623730951 1.2302872736191621 
51 85 4 1 19 27 11.661903789690601 14.142135623730951 1.2221469709254367 
49 81 4 1 17 27 11.40175425099138 14.142135623730951 1.201949875476854 
48 77 4 1 18 23 10.0 13.038404810405298 1.1816151527611543 
47 76 4 1 20 16 10.0 12.165525060596439 1.1845251645529344 
41 75 5 1 12 14 7.211102550927978 12.165525060596439 1.1988641500810728 
39 74 6 1 12 16 7.211102550927978 12.165525060596439 1.1850210933173448 
39 73 6 2 19 16 7.211102550927978 12.165525060596439 1.2006356689914564 
33 72 7 2 9 19 8.48528137423857 12.165525060596439 1.2124382454442326 
33 71 7 2 12 23 7.211102550927978 11.045361017187261 1.1973090047657022 
29 70 7 2 6 18 5.830951894845301 11.045361017187261 1.2069999733131147 
25 69 8 2 4 18 5.656854249492381 10.0 1.2067136773633835 
24 68 8 2 4 18 4.242640687119285 10.0 1.2094625128339547 
23 67 8 2 4 19 2.8284271247461903 10.0 1.2135256765156464 
21 66 9 2 0 19 3.1622776601683795 10.0 1.2123714459740673 
21 65 9 2 1 19 1.4142135623730951 10.295630140987 1 
