140 140 0 0 14 14 16.0 16.0 1.221569159024399 
139 139 0 0 19 19 16.0 13.038404810405298 1.226543122968678 
135 138 0 0 22 17 13.038404810405298 15.033296378372908 1.2394763926486925 
131 137 0 0 25 18 14.0 15.033296378372908 1.2564260093626944 
127 136 0 0 25 21 13.038404810405298 16.0 1.2694320949267102 
123 135 0 0 28 22 13.038404810405298 16.0 1.2823143913020412 
123 134 0 0 38 23 13.038404810405298 16.0 1.2892611679452846 
117 133 0 0 38 22 13.038404810405298 16.0 1.2891983544863546 
113 132 0 0 36 21 13.038404810405298 16.0 1.2904924130253834 
107 130 0 0 34 20 13.038404810405298 16.0 1.35051140606838 
105 129 0 0 35 37 13.038404810405298 16.0 1.3114542326575382 
99 121 1 0 38 26 12.165525060596439 16.0 1.3711695823427927 
89 120 2 0 28 40 12.165525060596439 16.0 1.3725029749647677 
87 119 2 0 36 37 12.165525060596439 16.0 1.324259610043303 
79 113 3 0 24 26 12.165525060596439 15.033296378372908 1.3397541114855653 
78 112 3 0 29 29 13.038404810405298 15.033296378372908 1.3392813365627845 
70 110 3 0 22 28 12.165525060596439 15.033296378372908 1.3190390819861806 
69 102 3 0 24 28 12.165525060596439 15.033296378372908 1.3440166101258273 
63 101 4 0 23 31 12.165525060596439 15.033296378372908 1.3182777757501394 
62 100 5 1 22 28 12.165525060596439 15.033296378372908 1.3207702810100195 
58 99 5 1 20 28 10.198039027185569 14.0 1.3377459661370292 
56 98 5 1 19 33 10.198039027185569 14.0 1.3428318413466038 
48 97 6 1 12 31 9.055385138137417 14.0 1.349526439848898 
47 96 6 1 18 31 9.055385138137417 14.0 1.3232049571853222 
39 94 7 1 10 21 8.0 14.0 1.2952797420213455 
38 90 7 1 12 15 7.0710678118654755 14.0 1.3164263707738824 
32 89 8 1 8 18 7.615773105863909 14.0 1.3304328597326196 
31 88 8 1 9 22 6.0 14.0 1.3495217335933913 
29 87 8 1 7 28 6.0 14.0 1.3260962415907067 
27 86 8 1 6 21 4.47213595499958 14.0 1.337553130710309 
26 85 8 1 5 25 3.1622776601683795 14.0 1.3387816137560038 
25 84 8 1 4 26 3.1622776601683795 14.0 1.337086580657194 
23 82 9 1 1 26 5.830951894845301 12.165525060596439 1.3257001713700756 
22 80 9 1 3 23 2.8284271247461903 12.165525060596439 1 
