140 140 0 0 14 14 16.0 16.0 1.0561426708058999 
138 138 0 0 17 17 16.0 14.142135623730951 1.0574459386181538 
134 137 0 0 16 16 13.341664064126334 16.0 1.0607311547987133 
132 135 0 0 21 17 14.142135623730951 16.0 1.0686763174101188 
128 134 0 0 22 20 14.142135623730951 16.0 1.0713055284408157 
124 133 0 0 22 20 14.142135623730951 16.0 1.0778248552759617 
120 131 0 0 22 23 14.142135623730951 16.0 1.0830197236607122 
116 127 0 0 24 26 14.142135623730951 16.0 1.0907729806081308 
114 126 0 0 25 30 14.142135623730951 16.0 1.100934560208337 
112 125 0 0 28 35 14.142135623730951 16.0 1.1049462240268455 
106 124 1 0 18 31 14.0 16.0 1.112221697767228 
98 123 2 0 16 26 13.038404810405298 16.0 1.1077997127773676 
96 121 2 0 18 23 13.038404810405298 16.0 1.110230550001262 
94 120 2 0 18 24 13.341664064126334 16.0 1.1035865597738026 
90 114 2 0 16 22 13.341664064126334 16.0 1.1201367338722856 
89 110 3 0 16 28 13.341664064126334 16.0 1.1279623854316458 
89 109 3 0 22 32 13.341664064126334 16.0 1.1246768546129853 
79 105 4 0 13 23 13.038404810405298 16.0 1.1227889138937843 
78 104 4 0 17 21 13.038404810405298 16.0 1.1273722496897969 
72 103 4 0 13 22 13.038404810405298 16.0 1.1222426155242766 
70 99 4 0 10 21 13.038404810405298 16.0 1.129614069196165 
68 98 4 0 10 25 13.038404810405298 16.0 1.1271172262576972 
66 97 4 0 10 23 13.038404810405298 16.0 1.1275572133014657 
66 95 4 0 14 24 13.038404810405298 14.142135623730951 1.1264726402964431 
62 94 4 0 13 22 15.033296378372908 14.142135623730951 1.126919506699818 
60 93 4 0 12 22 13.341664064126334 14.142135623730951 1.1365121358985824 
58 92 5 0 10 22 13.038404810405298 13.038404810405298 1.1470545241602075 
54 91 6 0 9 21 13.038404810405298 13.038404810405298 1.1568519233105135 
50 90 7 0 6 20 12.165525060596439 13.038404810405298 1.1558450921419772 
49 89 7 0 8 19 12.165525060596439 13.038404810405298 1.160271715553752 
48 88 7 0 7 22 12.165525060596439 13.038404810405298 1.159037785441479 
46 87 7 0 6 21 12.165525060596439 13.038404810405298 1.157270878165613 
45 86 7 0 6 20 12.0 13.038404810405298 1.161829022461817 
45 85 7 0 13 22 12.0 12.0 1.1701529856821988 
43 84 8 0 11 21 12.0 12.0 1.1736132809665856 
33 83 8 0 3 20 11.045361017187261 12.0 1.1593712247384345 
32 81 8 1 8 20 10.0 12.0 1.1557119181016706 
31 80 8 1 3 19 9.055385138137417 12.0 1.1577313518598162 
30 78 8 1 7 20 8.246211251235321 12.0 1.1561034814882327 
29 77 8 1 3 20 7.0710678118654755 12.0 1.1611921306347124 
28 76 8 1 8 22 6.324555320336759 12.0 1.1559072694965804 
27 75 8 1 3 20 5.830951894845301 12.083045973594572 1.1623893941400845 
26 74 8 1 3 24 4.47213595499958 12.083045973594572 1.1622916101709895 
25 73 8 1 3 24 3.1622776601683795 12.083045973594572 1.1560560843029601 
23 72 8 1 2 20 6.324555320336759 12.083045973594572 1.1639181079834129 
22 71 9 1 1 19 2.8284271247461903 12.083045973594572 1.1594890850782409 
21 69 9 1 1 17 1.4142135623730951 12.083045973594572 1 
