140 140 0 0 14 14 16.0 16.0 1.0760722863777377 
138 138 0 0 17 17 16.0 14.142135623730951 1.0789969699647193 
134 137 0 0 16 17 13.038404810405298 16.0 1.0804670673103909 
132 136 0 0 21 16 13.038404810405298 16.0 1.0839216685963318 
128 135 0 0 22 16 13.038404810405298 16.0 1.0868738036809955 
124 134 0 0 22 16 13.038404810405298 16.0 1.088954013066314 
120 133 0 0 24 15 13.038404810405298 16.0 1.094916745611922 
118 132 0 0 23 18 13.038404810405298 16.0 1.0963330200384083 
117 131 0 0 30 17 13.038404810405298 16.0 1.1018724701667626 
116 130 0 0 34 19 13.038404810405298 16.0 1.1087936131319656 
108 129 0 0 26 21 13.038404810405298 16.0 1.1421500352289877 
107 128 0 0 33 37 14.0 16.0 1.1432348106393866 
97 126 1 0 23 31 13.341664064126334 16.0 1.1404108555337655 
93 125 2 0 19 24 13.341664064126334 16.0 1.1439535258132936 
89 119 2 0 18 28 13.341664064126334 16.0 1.1434929421378806 
88 118 2 0 25 26 13.341664064126334 16.0 1.1518138378685443 
82 117 2 0 24 28 13.341664064126334 16.0 1.1569502502008142 
76 116 3 0 13 26 12.649110640673518 16.0 1.1587359841253693 
75 115 3 0 17 26 12.649110640673518 16.0 1.1601682114248244 
71 114 4 0 14 21 12.649110640673518 16.0 1.1595746210462028 
70 113 4 0 17 20 12.649110640673518 16.0 1.1646275578462488 
66 112 5 0 10 18 12.649110640673518 16.0 1.161205999882359 
64 111 5 0 9 16 12.649110640673518 16.0 1.1620406243235453 
62 110 5 0 9 16 12.649110640673518 16.0 1.1666818706397362 
60 104 6 0 7 17 12.0 16.0 1.1618269333800626 
59 103 7 1 10 17 14.142135623730951 16.0 1.1645384159231487 
57 102 7 1 10 18 14.142135623730951 16.0 1.168068001246395 
56 101 7 1 10 20 14.142135623730951 16.0 1.165967012263943 
55 100 7 1 10 19 14.142135623730951 16.0 1.1657428813833903 
54 99 7 1 10 19 14.142135623730951 16.0 1.1690483358260846 
52 97 7 1 10 21 14.142135623730951 16.0 1.169829137348086 
51 96 7 1 12 21 14.142135623730951 16.0 1.1752355807732322 
50 95 7 1 12 24 14.142135623730951 16.0 1.1756054217922878 
49 93 7 1 12 25 14.142135623730951 16.0 1.1730019666085585 
48 92 7 1 11 24 14.142135623730951 16.0 1.169526585725484 
47 91 7 1 12 22 14.142135623730951 16.0 1.1693024548449313 
46 90 7 1 12 22 14.142135623730951 16.0 1.1677954377620874 
45 88 7 1 12 22 14.142135623730951 16.0 1.1686300622032735 
43 87 7 1 12 22 14.142135623730951 16.0 1.1692588770089547 
39 86 8 1 8 17 14.142135623730951 15.033296378372908 1.1696546042682312 
37 84 8 1 6 18 13.341664064126334 15.033296378372908 1.1643697006754423 
36 82 8 1 6 16 12.649110640673518 15.033296378372908 1.1641258139813482 
35 81 8 1 6 16 12.083045973594572 15.033296378372908 1.1630598030509656 
33 80 8 1 6 15 11.40175425099138 15.033296378372908 1.1628325993493007 
32 79 8 1 6 15 11.313708498984761 15.033296378372908 1.1604048250192833 
31 78 8 1 6 14 9.899494936611665 14.142135623730951 1.1445994543560736 
30 77 8 2 6 14 10.0 14.142135623730951 1.1430112491486357 
29 76 8 2 7 13 10.295630140987 14.142135623730951 1.1450644469840356 
27 75 8 2 6 14 5.830951894845301 14.142135623730951 1.1480915661060054 
26 74 8 2 5 16 5.830951894845301 14.142135623730951 1.1549137151695807 
24 73 9 2 2 15 5.830951894845301 14.142135623730951 1.1536785758304693 
23 72 9 2 0 15 5.656854249492381 14.142135623730951 1.1523543426318241 
23 71 9 2 0 15 4.47213595499958 14.142135623730951 1.1511128034258864 
23 70 9 2 0 15 5.656854249492381 14.142135623730951 1.1403093373146684 
23 66 9 2 0 12 4.47213595499958 14.142135623730951 1.1253599087734452 
23 65 9 3 0 13 5.656854249492381 14.142135623730951 1.1240356755748002 
23 64 9 3 0 13 4.47213595499958 14.142135623730951 1.1227941363688625 
23 63 9 3 0 13 5.656854249492381 14.142135623730951 1.1195487965643953 
23 62 9 3 0 12 4.47213595499958 14.0 1.1027225099212727 
23 61 9 4 0 12 5.656854249492381 14.0 1.1013982767226278 
23 60 9 4 0 12 4.47213595499958 14.0 1.1001567375166899 
23 59 9 4 0 12 5.656854249492381 14.0 1.102586220521844 
23 58 9 4 0 14 4.47213595499958 14.0 1.1013446813159062 
23 57 9 4 0 14 5.656854249492381 14.0 1.0943898738115625 
23 56 9 4 0 11 4.47213595499958 14.0 1.0762807009661488 
23 54 9 5 0 11 5.656854249492381 14.0 1.073079609665604 
23 53 9 5 0 10 4.47213595499958 14.0 1.0755917866634654 
23 52 9 5 0 12 5.656854249492381 14.0 1.0690260032808523 
23 50 9 5 0 10 4.47213595499958 13.341664064126334 1.065907605973015 
23 49 9 5 0 9 5.656854249492381 13.341664064126334 1.062612106473276 
23 48 9 5 0 8 4.47213595499958 13.038404810405298 1.0613705672673381 
23 47 9 5 0 8 5.656854249492381 13.038404810405298 1.0600463340686932 
23 46 9 5 0 8 4.47213595499958 13.038404810405298 1.0588047948627555 
23 45 9 5 0 8 5.656854249492381 13.038404810405298 1.0574805616641103 
23 44 9 5 0 8 4.47213595499958 13.038404810405298 1.038777416919088 
23 43 9 6 0 7 5.656854249492381 13.038404810405298 1.0354551337305125 
23 42 9 6 0 6 4.47213595499958 12.649110640673518 1.0342135945245745 
23 41 9 6 0 6 5.656854249492381 12.649110640673518 1.03101250322403 
23 40 9 6 0 5 4.47213595499958 12.649110640673518 1.0284880778158008 
23 38 9 6 0 5 5.656854249492381 12.649110640673518 1.0271638446171558 
23 37 9 6 0 5 4.47213595499958 12.649110640673518 1.0083101539507437 
23 36 9 7 0 4 5.656854249492381 12.165525060596439 1.0051090626501988 
23 35 9 7 0 3 4.47213595499958 12.165525060596439 1.0038675234442613 
23 34 9 7 0 3 5.656854249492381 12.165525060596439 0.9831532966918571 
23 33 9 8 0 1 4.47213595499958 12.0 0.9645016818596098 
23 32 9 9 0 0 5.656854249492381 12.165525060596439 0.9697686750787681 
23 33 9 9 0 2 4.47213595499958 13.038404810405298 0.9644501519468348 
23 32 9 9 0 0 5.656854249492381 12.0 0.9697686750787681 
23 33 9 9 0 2 4.47213595499958 13.038404810405298 0.9645016818596098 
23 32 9 9 0 0 5.656854249492381 12.165525060596439 0.9767091970709931 
23 35 9 9 0 4 4.47213595499958 15.033296378372908 0.9699044302743162 
23 33 9 9 0 2 5.656854249492381 13.341664064126334 0.9644603348632562 
23 32 9 9 0 0 4.47213595499958 12.165525060596439 0.990431371918397 
23 34 9 8 0 4 5.656854249492381 13.038404810405298 0.9832048266046322 
23 33 9 8 0 1 4.47213595499958 12.165525060596439 0.9645016818596098 
23 32 9 9 0 0 5.656854249492381 12.165525060596439 0.9886075750193383 
23 34 9 8 0 3 4.47213595499958 13.341664064126334 0.9832461736009858 
23 33 9 8 0 1 5.656854249492381 12.165525060596439 0.9644603348632562 
23 32 9 9 0 0 4.47213595499958 12.165525060596439 0.975145980458284 
23 34 9 9 0 4 5.656854249492381 14.0 0.9697686750787681 
23 33 9 9 0 2 4.47213595499958 13.038404810405298 0.9644501519468348 
23 32 9 9 0 0 5.656854249492381 12.0 0.9697686750787681 
23 33 9 9 0 2 4.47213595499958 13.038404810405298 0.9644501519468348 
23 32 9 9 0 0 5.656854249492381 12.0 0.9866363087182441 
23 34 9 8 0 2 4.47213595499958 13.038404810405298 0.9832461736009858 
23 33 9 8 0 1 5.656854249492381 12.165525060596439 0.9644088049504812 
23 32 9 9 0 0 4.47213595499958 12.0 0.9751902289622066 
23 34 9 9 0 4 5.656854249492381 14.142135623730951 0.9698630832779626 
23 33 9 9 0 2 4.47213595499958 13.341664064126334 0.9645016818596098 
23 32 9 9 0 0 5.656854249492381 12.165525060596439 0.9698630832779626 
23 33 9 9 0 2 4.47213595499958 13.341664064126334 0.964652227781 
23 32 9 9 0 0 5.656854249492381 12.649110640673518 0.9475457690371115 
23 21 9 9 0 0 4.47213595499958 3.1622776601683795 0.9601322283562518 
21 23 9 9 1 4 1.4142135623730951 3.1622776601683795 1 
