140 140 0 0 14 14 16.0 16.0 1.1178140872114941 
138 138 0 0 17 17 16.0 14.142135623730951 1.1243890434912656 
134 137 0 0 16 18 13.038404810405298 16.0 1.1350899134813042 
132 136 0 0 21 21 13.038404810405298 16.0 1.1373437858346638 
128 135 0 0 22 20 13.038404810405298 16.0 1.1371016935700096 
124 133 0 0 22 19 13.038404810405298 16.0 1.1471662290418212 
120 131 0 0 22 23 13.038404810405298 15.033296378372908 1.1579118907687513 
116 127 0 0 28 27 15.033296378372908 15.033296378372908 1.1806624747138812 
108 126 1 0 18 32 13.341664064126334 15.033296378372908 1.187203802745881 
107 125 1 0 29 32 13.341664064126334 15.033296378372908 1.1831234524495975 
95 124 2 0 16 23 12.0 15.033296378372908 1.205558775696724 
94 122 2 0 24 32 12.165525060596439 15.033296378372908 1.1846539835658483 
84 120 2 0 17 20 14.0 14.0 1.2024800644650366 
80 119 2 0 15 27 14.0 14.0 1.2093440969706561 
74 118 3 0 12 24 14.142135623730951 14.0 1.2174553378186048 
72 117 4 0 13 23 14.142135623730951 14.0 1.2273433381223526 
71 115 4 0 15 28 14.142135623730951 14.0 1.234938064199626 
67 111 4 0 16 32 14.142135623730951 14.0 1.2298445176605974 
66 110 4 0 19 29 14.142135623730951 14.0 1.216773677817987 
62 108 4 0 16 23 14.142135623730951 14.0 1.2283446360087642 
58 106 5 0 14 24 12.165525060596439 14.0 1.2324171362148368 
54 104 5 0 8 27 12.165525060596439 13.038404810405298 1.233798340709893 
53 100 6 0 6 27 13.038404810405298 13.038404810405298 1.2396282388338586 
52 99 6 0 9 29 13.038404810405298 13.038404810405298 1.240587165091751 
52 98 6 0 10 30 13.038404810405298 13.038404810405298 1.2249065487767903 
51 94 6 0 12 25 13.038404810405298 13.038404810405298 1.2268047061761327 
47 93 6 0 9 25 13.038404810405298 13.038404810405298 1.240100192664154 
46 91 7 0 7 29 13.038404810405298 12.165525060596439 1.2473300647423777 
46 90 7 0 11 32 13.341664064126334 12.165525060596439 1.2357296337377481 
42 89 8 0 4 23 12.165525060596439 12.165525060596439 1.232626624965211 
41 88 8 0 4 22 11.045361017187261 11.40175425099138 1.2380766001727643 
39 86 8 0 4 25 10.0 11.045361017187261 1.2390595324421205 
37 85 8 0 4 25 9.055385138137417 11.045361017187261 1.226928263940748 
36 81 8 0 9 21 9.055385138137417 10.198039027185569 1.245033730857573 
32 80 8 0 4 29 9.055385138137417 10.198039027185569 1.2424172574577756 
31 79 8 0 4 28 8.0 10.198039027185569 1.2434624713748321 
25 77 8 0 5 26 7.615773105863909 10.198039027185569 1.231475045802537 
24 76 8 0 4 21 6.324555320336759 10.198039027185569 1.2288455742137443 
23 75 8 0 4 20 6.324555320336759 10.198039027185569 1.2402123124664666 
22 74 9 0 2 22 4.47213595499958 10.198039027185569 1.2344679075842244 
21 72 9 0 0 21 3.1622776601683795 10.198039027185569 1.2332636741756584 
21 71 9 0 1 21 1.4142135623730951 10.198039027185569 1 
