140 140 0 0 14 14 16.0 16.0 1.0242718837184819 
138 139 0 0 17 17 16.0 14.142135623730951 1.0292848694474694 
134 138 0 0 16 17 12.0 16.0 1.0290319279730231 
132 136 0 0 16 17 12.0 16.0 1.0298533765719968 
130 134 0 0 16 19 13.038404810405298 16.0 1.0325705193659072 
128 132 0 0 16 23 13.038404810405298 16.0 1.033986158313149 
126 131 0 0 14 23 13.341664064126334 16.0 1.03211429706313 
125 130 0 0 14 21 14.0 16.0 1.0328756704639555 
123 129 0 0 15 22 14.0 16.0 1.0363701786762323 
121 128 0 0 15 26 14.0 16.0 1.0331723289045955 
120 126 0 0 14 23 14.0 15.033296378372908 1.0352734213686396 
119 125 0 0 14 26 14.0 15.033296378372908 1.036034794769465 
117 124 0 0 15 27 14.0 15.033296378372908 1.035691402631776 
115 123 0 0 16 26 13.038404810405298 15.033296378372908 1.0354733055086074 
113 122 0 0 16 25 13.038404810405298 15.033296378372908 1.037245822129801 
111 121 0 0 15 26 13.038404810405298 15.033296378372908 1.0365221533964482 
109 120 0 0 16 25 13.038404810405298 15.033296378372908 1.0355615352061904 
107 119 0 0 16 23 13.038404810405298 15.033296378372908 1.0390211990671894 
105 117 0 0 16 28 13.038404810405298 15.033296378372908 1.0412992872985671 
103 116 0 0 14 29 13.038404810405298 15.033296378372908 1.0400329672310333 
102 115 0 0 14 27 12.165525060596439 15.033296378372908 1.042064457297771 
98 114 0 0 18 30 12.165525060596439 15.033296378372908 1.0586667512410246 
90 113 1 0 18 30 12.165525060596439 15.033296378372908 1.0589100390225503 
82 112 1 0 16 23 12.165525060596439 15.033296378372908 1.0630417838108455 
76 108 1 0 11 24 12.0 15.033296378372908 1.0624586912846097 
74 107 1 0 11 22 11.045361017187261 15.033296378372908 1.0778848130322536 
66 103 2 0 11 23 10.0 15.033296378372908 1.0847015240415054 
65 102 3 0 14 18 10.0 15.033296378372908 1.1029571448401716 
57 101 4 0 10 17 9.055385138137417 15.033296378372908 1.105472182528454 
55 100 4 0 9 19 9.055385138137417 15.033296378372908 1.1100917346312 
53 98 4 0 9 25 8.0 15.033296378372908 1.1178847445095426 
52 96 5 0 10 21 8.0 15.033296378372908 1.1158064437288413 
50 95 5 0 10 17 7.0710678118654755 15.033296378372908 1.1244768495461384 
48 94 5 0 9 28 7.0710678118654755 14.142135623730951 1.1180816344293523 
46 93 5 0 8 18 7.0710678118654755 14.142135623730951 1.1191116299834565 
44 92 5 0 7 18 7.0710678118654755 14.142135623730951 1.1191717789020166 
43 91 5 0 6 17 6.0 14.142135623730951 1.1199071854177662 
42 90 5 0 5 17 5.0990195135927845 14.142135623730951 1.1197807146805432 
41 89 5 0 5 17 5.0990195135927845 14.142135623730951 1.1195626175573743 
39 88 5 0 5 16 5.0990195135927845 14.142135623730951 1.1186936257530622 
38 87 5 0 5 15 5.0990195135927845 14.142135623730951 1.1346683807264932 
37 86 6 0 4 20 5.830951894845301 14.142135623730951 1.121633699241445 
35 85 6 1 4 19 5.830951894845301 14.142135623730951 1.1221581231853655 
33 84 6 1 4 19 5.830951894845301 14.142135623730951 1.1235255903011117 
31 83 6 1 1 18 5.656854249492381 14.142135623730951 1.1232158695131909 
30 82 6 1 1 17 4.242640687119285 14.142135623730951 1.121920862389752 
29 80 6 1 2 18 5.830951894845301 14.142135623730951 1.1363714525336024 
27 79 7 1 0 19 5.830951894845301 14.142135623730951 1.1198254342457379 
27 75 7 2 1 18 4.242640687119285 14.142135623730951 1.1182133154015357 
26 73 7 2 1 18 2.8284271247461903 12.0 1.1276299197622237 
24 72 8 2 1 16 7.615773105863909 12.165525060596439 1.1277771301422237 
23 71 8 2 0 15 6.324555320336759 12.165525060596439 1.129959893705003 
23 70 8 2 0 18 4.47213595499958 12.165525060596439 1.1285844638176945 
23 69 8 2 1 17 2.8284271247461903 12.165525060596439 1.1275322219626847 
22 68 8 2 1 15 1.4142135623730951 12.165525060596439 1.1378467406825536 
21 67 9 2 0 15 7.0710678118654755 12.165525060596439 1.1379174896985662 
21 65 9 2 0 16 3.1622776601683795 11.045361017187261 1.1373258496641208 
21 64 9 2 1 16 1.4142135623730951 11.045361017187261 1 
