140 140 0 0 14 14 16.0 16.0 1.4062971860823186 
139 139 0 0 19 17 16.0 13.038404810405298 1.4372599339812833 
135 138 0 0 22 19 13.038404810405298 15.033296378372908 1.4474094961366728 
131 137 0 0 25 18 13.341664064126334 15.033296378372908 1.4585351248706198 
127 136 0 0 25 18 12.649110640673518 16.0 1.4794501947289453 
123 135 0 0 28 19 12.649110640673518 16.0 1.5227660090198507 
123 134 0 0 38 24 12.649110640673518 16.0 1.565799707349641 
117 133 0 0 38 29 12.165525060596439 16.0 1.5650390259318674 
113 132 0 0 36 28 12.165525060596439 16.0 1.5155455390514008 
107 126 0 0 34 22 13.038404810405298 15.033296378372908 1.5624676939031108 
105 125 0 0 40 28 14.0 15.033296378372908 1.6577291507524459 
103 123 0 0 46 44 14.0 15.033296378372908 1.645505170944828 
103 121 0 0 61 38 14.142135623730951 14.0 1.6097674470555206 
95 117 0 0 51 34 13.341664064126334 14.142135623730951 1.5601896573724112 
91 113 0 0 47 28 12.165525060596439 13.341664064126334 1.562596278517852 
91 112 0 0 53 27 12.165525060596439 13.341664064126334 1.578559897078387 
90 111 0 0 44 34 12.165525060596439 13.341664064126334 1.6373329509858836 
88 110 0 0 48 43 12.165525060596439 13.341664064126334 1.5792519681863988 
78 108 1 0 34 33 12.165525060596439 13.341664064126334 1.5213950923661208 
74 107 1 0 23 25 11.40175425099138 13.341664064126334 1.5388964565499132 
70 106 1 0 22 27 11.40175425099138 13.341664064126334 1.5548463851521828 
69 105 1 0 30 27 10.198039027185569 13.341664064126334 1.5813637685793278 
69 104 1 0 33 32 10.198039027185569 12.649110640673518 1.5805362546772315 
68 103 1 0 31 33 10.198039027185569 12.649110640673518 1.538567165417935 
66 102 2 0 35 23 10.198039027185569 12.649110640673518 1.5602604443421781 
58 101 3 0 24 27 10.198039027185569 12.649110640673518 1.515608151956257 
57 99 3 0 24 20 10.0 12.649110640673518 1.5211444286143323 
57 98 3 0 29 20 10.198039027185569 12.649110640673518 1.5216612192990624 
56 97 3 0 30 20 9.486832980505138 12.649110640673518 1.5219658820744675 
52 96 3 0 26 20 8.94427190999916 12.649110640673518 1.5259297427858554 
44 95 4 0 17 20 7.0710678118654755 12.165525060596439 1.5463695340696868 
40 93 5 0 12 25 7.0710678118654755 12.165525060596439 1.558721564291231 
39 91 6 0 18 26 7.0710678118654755 12.165525060596439 1.550774330270398 
37 90 6 0 16 25 7.0710678118654755 12.165525060596439 1.5391108205547253 
33 89 7 0 11 23 7.0710678118654755 12.165525060596439 1.5106791933264956 
32 87 7 0 11 19 6.0 12.165525060596439 1.491546865220897 
31 83 7 0 13 18 7.0710678118654755 12.165525060596439 1.5068240093382745 
31 82 7 0 15 21 5.830951894845301 12.165525060596439 1.5043600123086527 
29 81 7 0 13 21 5.0990195135927845 12.165525060596439 1.5016726838395573 
27 80 7 0 11 21 5.656854249492381 12.165525060596439 1.491777778986311 
25 79 7 0 8 20 4.242640687119285 12.165525060596439 1.463314860610441 
24 78 7 1 7 20 6.324555320336759 12.165525060596439 1.4480015033595524 
25 77 7 1 9 18 6.324555320336759 12.165525060596439 1.4343283686239567 
24 76 8 1 8 16 6.324555320336759 12.165525060596439 1.4295415591482088 
24 75 8 1 8 16 2.8284271247461903 12.165525060596439 1.4319698201598003 
28 74 7 1 15 18 5.656854249492381 11.045361017187261 1.416410968779301 
24 73 8 1 8 16 2.8284271247461903 11.045361017187261 1.4211854472169485 
28 72 7 1 15 18 5.656854249492381 11.045361017187261 1.4056265958364489 
24 71 8 1 8 16 2.8284271247461903 11.045361017187261 1.4050445760639634 
28 70 7 1 15 17 5.656854249492381 11.045361017187261 1.40019872110373 
24 69 8 1 8 17 2.8284271247461903 11.045361017187261 1.3647927445330954 
28 68 7 2 15 16 5.656854249492381 11.045361017187261 1.3653033877829948 
24 67 8 2 8 17 2.8284271247461903 11.045361017187261 1.3593648698003762 
28 66 7 2 15 17 5.656854249492381 11.045361017187261 1.325051556252127 
24 65 8 3 8 16 2.8284271247461903 11.045361017187261 1.3191130382695084 
28 64 7 3 15 16 5.656854249492381 11.045361017187261 1.3089106850991419 
24 63 8 3 8 15 2.8284271247461903 11.045361017187261 1.3011974256131522 
28 62 7 3 15 15 5.656854249492381 10.198039027185569 1.2909950724427859 
24 61 8 3 8 14 2.8284271247461903 10.198039027185569 1.2957695508804334 
28 60 7 3 15 16 5.656854249492381 10.198039027185569 1.272425189941403 
24 58 8 3 8 14 2.8284271247461903 9.055385138137417 1.2718431701689177 
28 57 7 3 15 15 5.656854249492381 9.055385138137417 1.2616051287372583 
24 55 8 3 8 15 2.8284271247461903 9.055385138137417 1.2610231089647728 
28 54 7 3 15 16 5.656854249492381 9.055385138137417 1.2561415657432462 
24 52 8 3 8 17 2.8284271247461903 9.055385138137417 1.244846549550495 
28 51 7 3 15 16 5.656854249492381 9.055385138137417 1.2346441963801285 
24 50 8 3 8 15 2.8284271247461903 9.055385138137417 1.244775173027909 
28 49 7 3 15 18 5.656854249492381 9.055385138137417 1.2345728198575423 
24 48 8 3 8 17 2.8284271247461903 9.055385138137417 1.2152006496560137 
28 46 7 4 15 20 5.656854249492381 9.055385138137417 1.1379282856428217 
24 42 8 5 8 14 2.8284271247461903 9.055385138137417 1.131989767660203 
28 41 7 5 15 14 5.656854249492381 9.055385138137417 1.1271439126999694 
24 40 8 5 8 14 2.8284271247461903 9.055385138137417 1.110492398297085 
28 39 7 5 15 12 5.656854249492381 9.055385138137417 1.1039517041877738 
24 38 8 5 8 12 2.8284271247461903 8.246211251235321 1.0873001897848893 
28 37 7 5 15 10 5.656854249492381 8.246211251235321 1.0529868762366397 
24 36 8 6 8 9 2.8284271247461903 8.246211251235321 1.0445869848223461 
28 35 7 6 15 9 5.656854249492381 7.0710678118654755 1.0397411298621129 
24 34 8 6 8 9 2.8284271247461903 7.0710678118654755 1.0208462315732054 
28 33 7 6 15 7 5.656854249492381 6.0 1.0160003766129722 
24 32 8 6 8 7 2.8284271247461903 6.0 0.9805944000423374 
28 31 7 7 15 6 5.656854249492381 6.0 0.973861414237133 
24 30 8 7 8 6 2.8284271247461903 5.0990195135927845 0.9679228962545142 
28 29 7 7 15 6 5.656854249492381 5.0990195135927845 0.9617640147443454 
24 28 8 7 8 6 2.8284271247461903 4.47213595499958 0.9477254607857825 
28 27 7 7 15 5 5.656854249492381 3.1622776601683795 0.9535280583039654 
24 26 8 7 8 5 2.8284271247461903 8.246211251235321 0.9475895403213468 
28 25 7 7 15 5 5.656854249492381 8.246211251235321 0.9373871871509803 
24 24 8 7 8 4 2.8284271247461903 8.246211251235321 0.8925997459749009 
28 23 7 8 15 2 5.656854249492381 6.324555320336759 0.8544064841093584 
24 22 8 9 8 1 2.8284271247461903 4.47213595499958 0.8403679301507955 
28 21 7 9 15 0 5.656854249492381 3.1622776601683795 0.8985025756962266 
24 23 8 8 8 3 2.8284271247461903 6.324555320336759 0.8834146542569785 
28 22 7 8 15 1 5.656854249492381 7.0710678118654755 0.8409142616619881 
24 21 8 9 8 0 2.8284271247461903 3.1622776601683795 0.9033127423951669 
28 23 7 8 15 4 5.656854249492381 6.324555320336759 0.8839609857681712 
24 22 8 8 8 1 2.8284271247461903 7.0710678118654755 0.8485550091975366 
28 21 7 9 15 0 5.656854249492381 7.0710678118654755 0.8971710438814051 
24 23 8 8 8 2 2.8284271247461903 8.246211251235321 0.8485550091975366 
28 21 7 9 15 0 5.656854249492381 7.0710678118654755 0.8839609857681712 
24 22 8 8 8 1 2.8284271247461903 7.0710678118654755 0.8485550091975366 
28 21 7 9 15 0 5.656854249492381 7.0710678118654755 0.9161199967420514 
24 25 8 8 8 5 2.8284271247461903 4.47213595499958 0.9020814427834885 
28 24 7 8 15 4 5.656854249492381 3.1622776601683795 0.8636429306367845 
24 22 8 9 8 2 2.8284271247461903 6.324555320336759 0.8485550091975366 
28 21 7 9 15 0 5.656854249492381 7.0710678118654755 0.8623113988219632 
24 22 8 9 8 1 2.8284271247461903 8.246211251235321 0.8485550091975366 
28 21 7 9 15 0 5.656854249492381 7.0710678118654755 0.8636429306367845 
24 22 8 9 8 2 2.8284271247461903 6.324555320336759 0.8444244944665424 
28 21 7 9 15 0 5.656854249492381 5.0990195135927845 0.8491013407087292 
24 21 8 9 8 0 2.8284271247461903 7.0710678118654755 0.8940762958677407 
28 23 7 8 15 3 5.656854249492381 4.47213595499958 0.8839609857681712 
24 22 8 8 8 1 2.8284271247461903 7.0710678118654755 0.8485550091975366 
28 21 7 9 15 0 5.656854249492381 7.0710678118654755 0.8893174839783041 
24 22 8 8 8 2 2.8284271247461903 7.0710678118654755 0.8444244944665424 
28 21 7 9 15 0 5.656854249492381 5.0990195135927845 0.8946226273789334 
24 23 8 8 8 3 2.8284271247461903 4.47213595499958 0.8592166508082987 
28 22 7 9 15 2 5.656854249492381 4.47213595499958 0.8409142616619881 
24 21 8 9 8 0 2.8284271247461903 3.1622776601683795 0.8846406377361173 
28 22 7 8 15 2 5.656854249492381 5.0990195135927845 0.8409142616619881 
24 21 8 9 8 0 2.8284271247461903 3.1622776601683795 0.8942548306435653 
28 23 7 8 15 4 5.656854249492381 2.0 0.8409142616619881 
24 21 8 9 8 0 2.8284271247461903 3.1622776601683795 0.8859405716305034 
28 22 7 8 15 3 5.656854249492381 3.1622776601683795 0.8409142616619881 
24 21 8 9 8 0 2.8284271247461903 3.1622776601683795 0.8420630553037929 
28 21 7 9 15 1 5.656854249492381 1.4142135623730951 -1 
