140 140 0 0 14 14 16.0 16.0 1.4216920772879422 
139 139 0 0 19 18 16.0 13.038404810405298 1.4580976112187896 
135 138 0 0 22 21 13.341664064126334 15.033296378372908 1.4734505386044618 
131 136 0 0 25 22 13.341664064126334 15.033296378372908 1.5007293584722297 
127 134 0 0 25 26 13.038404810405298 16.0 1.4813973118158599 
123 130 0 0 28 23 13.038404810405298 15.033296378372908 1.491514481417835 
123 128 0 0 38 23 15.033296378372908 15.033296378372908 1.507952038167513 
117 127 0 0 38 23 14.0 15.033296378372908 1.5342885356606193 
113 126 0 0 36 27 14.0 15.033296378372908 1.5839905764941238 
107 124 0 0 34 35 14.0 15.033296378372908 1.6310076341157569 
105 123 0 0 40 41 14.0 15.033296378372908 1.6079441974011208 
99 122 1 0 44 32 14.0 15.033296378372908 1.6135435459515854 
98 121 1 0 55 29 13.341664064126334 15.033296378372908 1.612428376720091 
98 120 1 0 52 31 13.341664064126334 15.033296378372908 1.5749522668569942 
88 118 2 0 36 26 13.038404810405298 14.0 1.5565237769795912 
87 114 2 0 41 24 13.038404810405298 14.0 1.5913755233572526 
81 113 2 0 33 31 13.038404810405298 13.038404810405298 1.600581920087141 
71 112 3 0 20 32 12.0 13.038404810405298 1.556078434822532 
71 111 3 0 27 22 12.0 13.038404810405298 1.6033832719838756 
71 110 3 0 34 29 12.0 13.038404810405298 1.55185246283207 
67 106 3 0 31 22 11.045361017187261 13.038404810405298 1.575127614972656 
65 104 3 0 31 27 11.045361017187261 13.038404810405298 1.5858954355532764 
59 100 3 0 31 29 10.0 13.038404810405298 1.6069463035266636 
60 99 3 0 35 33 10.0 13.038404810405298 1.625708840114051 
56 97 3 0 37 35 9.055385138137417 13.038404810405298 1.6131426800912887 
52 96 3 0 37 31 8.94427190999916 13.038404810405298 1.6120611809329195 
48 95 4 0 37 29 8.94427190999916 13.038404810405298 1.6175137595307212 
42 94 5 0 29 30 7.615773105863909 13.038404810405298 1.6077393670523412 
42 93 5 0 27 30 7.615773105863909 13.038404810405298 1.595573445106401 
42 92 5 0 29 28 8.602325267042627 13.038404810405298 1.581808446291494 
43 88 5 0 32 29 8.602325267042627 13.038404810405298 1.5762040239519826 
43 86 5 0 28 32 8.602325267042627 12.0 1.5390638103031402 
43 82 5 0 31 28 8.602325267042627 12.0 1.5294849975657847 
45 81 5 0 35 27 8.602325267042627 12.0 1.5071363693624047 
44 80 5 0 33 24 8.602325267042627 12.0 1.4845418089555915 
42 79 5 1 28 26 8.48528137423857 12.0 1.463217958783894 
41 78 5 1 29 22 8.48528137423857 12.0 1.4776009297969568 
39 77 6 1 27 25 8.48528137423857 12.0 1.455252301593577 
38 76 6 1 25 22 8.48528137423857 12.0 1.4350041735497294 
32 75 7 1 15 19 6.0 12.0 1.4264996294274357 
28 74 8 1 9 18 5.830951894845301 12.0 1.4354369607204949 
27 73 8 1 9 20 5.830951894845301 12.0 1.4190743537349515 
25 72 8 1 8 17 4.47213595499958 12.0 1.415105605435657 
24 71 8 1 7 17 4.242640687119285 12.0 1.4016635656521244 
22 69 9 1 3 17 2.8284271247461903 11.045361017187261 1 
