140 140 0 0 14 14 16.0 16.0 1.1508829315668883 
138 139 0 0 17 18 16.0 14.142135623730951 1.1628174836642273 
134 138 0 0 16 21 12.165525060596439 16.0 1.1685547663494782 
132 134 0 0 21 24 12.165525060596439 16.0 1.1758176998442726 
128 133 0 0 22 25 14.0 16.0 1.1698844243308004 
124 132 0 0 22 21 14.0 16.0 1.1863281211112358 
120 131 0 0 22 26 14.0 16.0 1.1986670434685978 
112 130 1 0 24 23 14.0 16.0 1.1913143036055336 
112 129 1 0 27 20 14.0 16.0 1.2037809032263969 
108 128 1 0 25 24 14.0 16.0 1.197447926212083 
104 127 1 0 22 21 14.0 15.033296378372908 1.228273982710636 
100 126 2 0 17 30 15.033296378372908 15.033296378372908 1.2283826601051504 
96 122 2 0 17 31 15.033296378372908 15.033296378372908 1.2188935216550696 
95 120 3 0 17 25 15.033296378372908 15.033296378372908 1.213432698831793 
94 118 3 0 20 23 15.033296378372908 15.033296378372908 1.2174522584922356 
90 116 3 0 17 25 15.033296378372908 14.142135623730951 1.2341074278544435 
89 114 3 0 23 31 14.0 14.142135623730951 1.2326684215264236 
87 112 3 0 26 30 14.0 14.142135623730951 1.2466257880519802 
83 111 3 0 26 34 14.0 14.142135623730951 1.2600367325557964 
79 110 4 0 21 36 14.0 14.142135623730951 1.2618126277047979 
75 109 4 0 18 36 14.0 14.142135623730951 1.2772607611350488 
71 108 4 0 20 40 14.0 14.142135623730951 1.2594187047236718 
67 104 5 0 15 32 14.0 14.142135623730951 1.2600201591797529 
67 103 5 0 22 31 14.0 14.142135623730951 1.2539762803392154 
61 101 6 0 13 26 13.038404810405298 14.142135623730951 1.2665589018508647 
60 100 6 0 14 31 13.038404810405298 14.142135623730951 1.260094369987356 
59 98 6 0 17 29 13.038404810405298 12.649110640673518 1.2618049212065687 
53 96 6 0 16 28 12.0 12.649110640673518 1.2631186767640306 
47 95 7 0 14 23 12.0 12.649110640673518 1.2601016842736024 
46 91 7 0 16 24 11.045361017187261 12.649110640673518 1.2559899378631783 
40 90 7 0 11 21 10.198039027185569 12.649110640673518 1.2568862915527812 
39 89 7 0 13 21 10.198039027185569 12.649110640673518 1.2661211774664185 
35 88 7 0 10 24 10.198039027185569 12.649110640673518 1.2687072594913213 
34 87 8 0 10 22 10.198039027185569 12.649110640673518 1.2730855067859876 
33 86 8 0 10 24 10.198039027185569 12.649110640673518 1.2788241551922896 
32 85 8 0 9 27 10.198039027185569 12.083045973594572 1.276093343390182 
30 83 9 0 6 24 10.198039027185569 12.083045973594572 1.2896640945909341 
29 82 9 0 5 30 9.486832980505138 12.083045973594572 1.2689483287369232 
27 81 9 0 6 21 7.0710678118654755 12.083045973594572 1.2767691353883268 
23 79 9 0 4 24 4.242640687119285 12.083045973594572 1.272958164542582 
21 78 9 0 1 23 1.4142135623730951 12.083045973594572 1 
