140 140 0 0 14 14 16.0 16.0 1.0666968257582077 
138 138 0 0 17 17 16.0 14.142135623730951 1.0672105089853086 
134 137 0 0 16 15 13.038404810405298 16.0 1.0709298095102013 
132 136 0 0 16 18 13.038404810405298 16.0 1.071254280572678 
130 135 0 0 16 18 13.038404810405298 16.0 1.0710232275556557 
128 134 0 0 16 18 14.142135623730951 15.033296378372908 1.073628433708023 
126 133 0 0 14 20 15.033296378372908 15.033296378372908 1.0761252504988255 
124 132 0 0 16 22 15.033296378372908 15.033296378372908 1.0778126698725348 
122 130 0 0 15 24 15.033296378372908 15.033296378372908 1.073751166228932 
120 128 0 0 16 21 15.033296378372908 15.033296378372908 1.0728985905139607 
118 127 0 0 17 20 15.033296378372908 15.033296378372908 1.0731776246197948 
116 126 0 0 18 20 15.033296378372908 15.033296378372908 1.0735020956822714 
114 125 0 0 18 20 15.033296378372908 15.033296378372908 1.075661430424511 
112 124 0 0 18 22 15.033296378372908 14.142135623730951 1.0806982423039937 
110 122 0 0 18 27 15.033296378372908 14.142135623730951 1.0810227133664703 
108 121 0 0 18 27 15.033296378372908 14.142135623730951 1.0790839647873363 
106 120 0 0 18 25 15.033296378372908 14.142135623730951 1.077145216208202 
104 119 0 0 18 23 15.033296378372908 14.142135623730951 1.0820870004671852 
102 118 0 0 16 27 15.033296378372908 14.142135623730951 1.0939569505741167 
94 117 1 0 16 24 15.033296378372908 14.142135623730951 1.088396187749353 
92 116 1 0 21 19 15.033296378372908 14.142135623730951 1.0902634599011827 
88 115 1 0 15 19 15.033296378372908 14.142135623730951 1.10624414070526 
86 114 2 0 15 23 15.033296378372908 14.142135623730951 1.1048473492288249 
85 113 2 0 14 22 15.033296378372908 14.142135623730951 1.1052172572479442 
83 112 2 0 13 22 15.033296378372908 14.142135623730951 1.106157043878125 
82 111 2 0 12 23 14.142135623730951 14.142135623730951 1.1058464252658529 
81 110 2 0 12 23 14.142135623730951 14.142135623730951 1.1039076766867186 
79 109 2 0 12 21 14.142135623730951 14.142135623730951 1.1036879319877317 
78 108 2 0 10 21 14.142135623730951 14.142135623730951 1.1084934053767874 
76 107 2 0 11 25 14.142135623730951 14.142135623730951 1.1203987300870573 
75 106 3 0 12 26 14.142135623730951 14.142135623730951 1.1145209362840436 
74 105 3 0 10 21 14.142135623730951 14.142135623730951 1.118378806337628 
70 104 3 0 10 23 14.142135623730951 14.142135623730951 1.1169820148611935 
69 103 3 0 9 22 14.142135623730951 14.142135623730951 1.1183472218311903 
67 102 3 0 11 23 14.142135623730951 14.142135623730951 1.1299854698373804 
63 101 4 0 10 22 14.142135623730951 14.142135623730951 1.1315324246339475 
61 100 4 0 8 23 14.142135623730951 14.142135623730951 1.131233506325044 
60 99 4 0 8 23 14.0 14.142135623730951 1.1304600870885166 
58 98 4 0 9 22 13.038404810405298 14.142135623730951 1.1274351656452195 
56 97 4 0 8 19 13.038404810405298 14.142135623730951 1.128373447421819 
55 96 4 0 7 20 12.165525060596439 14.142135623730951 1.121832210103275 
54 92 4 0 9 17 11.045361017187261 14.142135623730951 1.129487870977393 
53 90 5 0 8 15 11.045361017187261 14.142135623730951 1.1321436386404364 
51 89 5 0 7 17 10.770329614269007 14.142135623730951 1.1348369840677608 
49 88 5 0 7 19 9.486832980505138 14.142135623730951 1.1365337598316836 
45 87 5 0 7 19 8.246211251235321 14.142135623730951 1.1241229155723633 
43 86 5 1 8 20 8.246211251235321 14.142135623730951 1.1232703398573922 
41 85 5 1 9 19 8.246211251235321 14.142135623730951 1.1374843211659154 
40 84 6 1 9 22 8.246211251235321 14.142135623730951 1.1379055275462608 
38 83 6 1 9 22 7.0710678118654755 14.142135623730951 1.1371438257445745 
36 82 6 1 8 21 7.0710678118654755 14.142135623730951 1.1349914393653426 
35 80 6 1 7 21 6.0 12.0 1.1346808207530705 
34 79 6 1 7 21 6.0 12.0 1.1450943263664066 
32 78 7 1 5 20 6.0 12.0 1.14484306039259 
31 77 7 1 4 20 5.830951894845301 12.0 1.1445324417803182 
30 76 7 1 4 20 5.830951894845301 12.0 1.1431356503038836 
29 75 7 1 3 19 5.830951894845301 12.0 1.1405618120500007 
28 74 7 1 3 17 5.830951894845301 12.0 1.1306793039971685 
26 73 7 2 3 20 3.1622776601683795 12.0 1.1303686853848967 
25 72 7 2 3 20 3.1622776601683795 12.0 1.1357611266174041 
24 70 8 2 2 16 3.1622776601683795 12.0 1.1328240964332725 
23 69 8 2 2 14 2.0 11.045361017187261 1.1321414752206655 
22 68 8 2 1 14 7.0710678118654755 11.045361017187261 1.142036789039869 
21 67 9 2 0 13 5.0990195135927845 11.045361017187261 1.1413489692142227 
21 66 9 2 1 13 1.4142135623730951 11.045361017187261 1 
