140 140 0 0 14 14 16.0 16.0 1.3276520795199502 
139 139 0 0 19 17 16.0 13.038404810405298 1.342955142473186 
135 137 0 0 22 17 13.038404810405298 15.033296378372908 1.3431136125817469 
131 135 0 0 25 15 14.0 15.033296378372908 1.3601366802670145 
127 133 0 0 25 17 13.038404810405298 16.0 1.3809130356919324 
123 131 0 0 28 19 13.341664064126334 16.0 1.3923745176795752 
122 130 0 0 37 18 13.341664064126334 16.0 1.4102552277021718 
110 128 1 0 28 18 13.038404810405298 16.0 1.4379562469936307 
102 127 1 0 22 21 13.038404810405298 16.0 1.4507380431093755 
98 126 1 0 21 22 13.038404810405298 16.0 1.4373210917194683 
97 122 1 0 25 21 13.038404810405298 16.0 1.4356330435406779 
89 120 1 0 17 20 13.038404810405298 16.0 1.4516387258501426 
88 119 1 0 23 21 12.0 16.0 1.4930833113124042 
84 118 1 0 21 28 12.0 16.0 1.4878622069489162 
85 117 1 0 33 24 12.0 16.0 1.4831461911247472 
79 116 1 0 22 24 11.40175425099138 16.0 1.5207985011540648 
71 115 2 0 15 29 11.40175425099138 16.0 1.5510211344143605 
71 114 2 0 25 32 11.40175425099138 16.0 1.586265198748291 
70 112 2 0 33 37 11.045361017187261 16.0 1.5794389615501683 
62 106 3 0 29 37 11.045361017187261 16.0 1.5889127134244232 
61 105 3 0 37 36 11.045361017187261 16.0 1.5793639345949777 
60 104 3 0 38 34 11.045361017187261 16.0 1.5859170690959512 
58 103 3 0 40 34 10.198039027185569 16.0 1.5580685130407124 
52 102 4 0 32 28 10.198039027185569 16.0 1.5570685641717124 
51 101 4 0 32 28 9.055385138137417 16.0 1.5017626269408224 
50 95 4 0 32 23 8.0 14.0 1.512808085649204 
49 94 4 0 41 22 9.486832980505138 14.0 1.5113620385653057 
48 93 4 0 46 20 8.94427190999916 14.0 1.4962403958171333 
40 92 5 0 31 18 6.324555320336759 13.038404810405298 1.5102459864242204 
39 91 5 0 31 21 6.324555320336759 13.038404810405298 1.5182883866911434 
38 90 5 0 28 24 6.324555320336759 13.038404810405298 1.4929620896099784 
36 88 6 0 26 20 6.324555320336759 13.038404810405298 1.5083788291533016 
35 87 6 0 19 26 6.324555320336759 13.038404810405298 1.5138401083077038 
33 86 6 0 18 27 6.324555320336759 13.038404810405298 1.5054242891614664 
32 85 6 0 17 26 6.324555320336759 13.038404810405298 1.5188532985914014 
31 84 6 0 9 32 6.324555320336759 13.038404810405298 1.471153278542386 
30 80 6 0 11 25 5.0990195135927845 13.038404810405298 1.479008324364415 
32 79 6 0 16 27 5.0990195135927845 13.038404810405298 1.4394295169283235 
28 78 7 0 11 19 5.656854249492381 13.038404810405298 1.4475112373090897 
24 77 8 0 4 21 4.242640687119285 13.038404810405298 1.4445995420769229 
23 76 8 0 3 21 2.8284271247461903 13.038404810405298 1.4425074931099273 
22 74 9 0 2 22 5.0990195135927845 13.038404810405298 1.4174793627857967 
22 70 9 0 2 21 5.0990195135927845 13.038404810405298 1.417607855092244 
22 69 9 0 2 22 5.0990195135927845 13.038404810405298 1.38921715048482 
22 68 9 1 2 22 5.0990195135927845 13.038404810405298 1.3842372228812834 
22 67 9 1 2 22 5.0990195135927845 13.038404810405298 1.3537151957278262 
22 66 9 1 2 17 5.0990195135927845 13.038404810405298 1.3487352681242895 
22 65 9 1 2 17 5.0990195135927845 13.038404810405298 1.3335385007007845 
22 64 9 1 2 15 5.0990195135927845 13.038404810405298 1.3183417332772795 
22 63 9 1 2 13 5.0990195135927845 13.038404810405298 1.2900795209763027 
22 61 9 2 2 14 5.0990195135927845 13.038404810405298 1.285099593372766 
22 60 9 2 2 14 5.0990195135927845 13.038404810405298 1.2669257285853104 
22 59 9 3 2 16 5.0990195135927845 13.038404810405298 1.2619458009817737 
22 58 9 3 2 16 5.0990195135927845 13.038404810405298 1.2468775258647162 
22 56 9 3 2 15 5.0990195135927845 13.038404810405298 1.2369176706576428 
22 54 9 3 2 15 5.0990195135927845 13.038404810405298 1.2167409756306011 
22 52 9 3 2 13 5.0990195135927845 13.038404810405298 1.2117610480270644 
22 51 9 3 2 13 5.0990195135927845 13.038404810405298 1.1894622103914052 
22 50 9 3 2 10 5.0990195135927845 12.0 1.1946991226078367 
22 49 9 3 2 12 5.0990195135927845 12.0 1.1458747383604762 
22 48 9 4 2 8 5.0990195135927845 12.0 1.1390619838309883 
22 47 9 4 2 8 5.0990195135927845 11.045361017187261 1.1367856116672896 
21 46 9 4 1 8 1.4142135623730951 11.045361017187261 1 
