140 140 0 0 14 14 16.0 16.0 1.4224219371670057 
139 138 0 0 19 17 16.0 13.038404810405298 1.4382183286815062 
135 137 0 0 22 16 14.142135623730951 15.033296378372908 1.4538031579917272 
131 135 0 0 25 17 15.033296378372908 15.033296378372908 1.4548242423097306 
127 133 0 0 25 16 14.0 16.0 1.4881316369400601 
123 132 0 0 28 19 14.0 16.0 1.5313638212732794 
123 131 0 0 38 24 14.0 16.0 1.547297559671337 
117 130 0 0 38 24 13.038404810405298 15.033296378372908 1.5585489463525208 
113 129 0 0 36 25 14.0 15.033296378372908 1.5551044448413092 
107 128 0 0 34 22 14.0 15.033296378372908 1.564779428402992 
105 126 0 0 35 24 14.0 15.033296378372908 1.6788873726147184 
104 125 0 0 44 41 14.0 15.033296378372908 1.6236234030052163 
94 124 1 0 37 28 14.0 15.033296378372908 1.6063517915359349 
93 122 1 0 35 27 13.038404810405298 15.033296378372908 1.6144989631076627 
85 121 1 0 29 26 12.165525060596439 15.033296378372908 1.6321011173760862 
83 120 1 0 31 28 12.165525060596439 15.033296378372908 1.6598808165163104 
84 119 1 0 41 31 12.165525060596439 15.033296378372908 1.6770690635952632 
76 118 1 0 31 33 11.40175425099138 15.033296378372908 1.7387198713035428 
75 117 1 0 34 43 11.40175425099138 15.033296378372908 1.7275715756699863 
67 115 2 0 27 40 10.198039027185569 15.033296378372908 1.656096462557474 
67 109 2 0 29 33 10.198039027185569 15.033296378372908 1.6812754764826607 
59 107 3 0 23 36 9.486832980505138 15.033296378372908 1.6839612416296277 
58 106 3 0 28 35 9.055385138137417 15.033296378372908 1.6665707015649025 
56 104 4 0 27 33 9.055385138137417 15.033296378372908 1.6593846813683446 
56 103 4 0 32 31 9.055385138137417 15.033296378372908 1.6378706584097313 
56 99 4 0 33 31 9.055385138137417 15.033296378372908 1.630020345217734 
50 98 4 0 26 29 8.94427190999916 15.033296378372908 1.6396373151070682 
42 97 5 0 15 30 7.615773105863909 15.033296378372908 1.6282727258735386 
38 96 5 0 13 27 7.615773105863909 15.033296378372908 1.6443611658646016 
37 95 5 0 17 29 6.324555320336759 14.142135623730951 1.617187854164139 
31 94 6 0 9 24 6.324555320336759 14.142135623730951 1.5505754525669115 
29 92 6 1 10 17 4.47213595499958 14.142135623730951 1.5715143202724915 
27 91 6 1 8 21 4.47213595499958 14.142135623730951 1.5559127340279206 
26 89 6 1 7 20 4.47213595499958 14.142135623730951 1.5490708792417636 
25 88 6 1 6 20 5.0990195135927845 13.038404810405298 1.5343376069205263 
24 86 7 1 5 19 2.8284271247461903 13.038404810405298 1.5192999910773806 
22 85 8 1 2 17 1.4142135623730951 13.038404810405298 1.5415928247916137 
23 84 7 1 4 22 3.1622776601683795 13.038404810405298 1.5190159549430748 
22 83 8 1 2 19 1.4142135623730951 13.038404810405298 1.4872956232831689 
23 82 7 2 4 19 3.1622776601683795 13.038404810405298 1.4741279276557524 
22 81 8 2 2 18 1.4142135623730951 12.165525060596439 1.470016005727623 
21 79 9 2 1 19 1.4142135623730951 12.165525060596439 1 
