140 140 0 0 14 14 16.0 16.0 1.0043385621391407 
138 139 0 0 17 18 16.0 14.142135623730951 1.0137601561429002 
134 137 0 0 16 23 12.649110640673518 16.0 1.0128368849163036 
132 136 0 0 16 21 13.038404810405298 16.0 1.0159975818269535 
130 135 0 0 16 24 14.0 16.0 1.0152388363814704 
128 134 0 0 16 22 14.0 16.0 1.0171195702902824 
126 132 0 0 14 23 14.0 16.0 1.0197770835277673 
124 131 0 0 16 26 14.0 16.0 1.0229337972889951 
122 130 0 0 15 28 14.0 16.0 1.0199886248384826 
120 126 0 0 16 27 14.0 16.0 1.0239660948758194 
118 125 0 0 17 31 14.0 16.0 1.0218873926304843 
116 124 0 0 18 28 14.0 16.0 1.0245888828154055 
114 122 0 0 18 31 14.0 16.0 1.0240284409312173 
112 121 0 0 18 30 14.0 15.033296378372908 1.0236981651898827 
110 120 0 0 18 29 15.033296378372908 15.033296378372908 1.0222422508841338 
104 116 0 0 20 26 15.033296378372908 15.033296378372908 1.033410593482144 
103 114 1 0 20 26 15.033296378372908 15.033296378372908 1.0338173792020178 
97 108 1 0 16 24 15.033296378372908 15.033296378372908 1.06070275126469 
85 107 2 0 14 28 14.142135623730951 15.033296378372908 1.0722819062461626 
84 106 3 0 15 28 14.142135623730951 15.033296378372908 1.0902287853753463 
78 105 4 0 14 29 14.142135623730951 15.033296378372908 1.0872559459564601 
76 101 4 0 12 26 13.341664064126334 15.033296378372908 1.0826995868276694 
75 97 4 0 11 23 13.038404810405298 15.033296378372908 1.0817934923359827 
74 95 4 0 10 23 12.649110640673518 14.0 1.0790851553008167 
73 91 4 0 10 23 13.038404810405298 14.0 1.0813232734586524 
72 90 4 0 9 25 13.038404810405298 14.0 1.0822414348166363 
71 89 4 0 9 26 13.038404810405298 14.0 1.0861939553017363 
70 88 4 0 9 30 12.0 14.0 1.0849804205253546 
68 87 4 0 10 28 12.0 14.0 1.0841682469454323 
67 86 4 0 10 27 12.0 14.0 1.0685443467696347 
66 85 4 1 10 24 12.0 14.0 1.07334115189194 
58 83 4 1 8 22 12.0 14.0 1.0712020984899093 
57 82 4 1 8 19 11.045361017187261 14.0 1.0797532677317274 
55 80 4 1 8 28 9.486832980505138 14.0 1.068909994231594 
54 79 4 2 7 30 9.486832980505138 14.0 1.0637715490614983 
53 77 4 2 7 25 9.486832980505138 14.0 1.064689276174074 
52 75 4 2 7 27 9.486832980505138 14.0 1.0586585524121388 
50 74 4 2 8 19 8.602325267042627 14.0 1.0596301419045617 
48 73 4 2 8 19 8.602325267042627 14.0 1.0601379251244916 
47 72 4 2 7 19 8.602325267042627 14.0 1.0623850602239218 
45 71 4 2 8 21 8.602325267042627 14.0 1.0607611473094856 
43 70 4 2 8 18 8.602325267042627 14.0 1.0625979042708615 
41 69 4 2 8 19 8.602325267042627 14.0 1.07773556845543 
39 68 5 2 7 21 8.602325267042627 14.0 1.0906346802367546 
38 67 6 2 7 22 8.602325267042627 14.0 1.090277295987731 
37 66 6 2 6 21 8.602325267042627 14.0 1.0763837307498396 
36 65 6 3 6 20 8.602325267042627 14.0 1.0893272537240084 
35 64 7 3 4 20 8.602325267042627 14.0 1.0888335310822235 
34 62 7 3 2 20 10.0 14.0 1.0873580175588355 
33 61 7 3 2 19 10.0 13.038404810405298 1.0834942495049311 
32 57 7 3 3 18 10.0 13.038404810405298 1.0837275587341597 
31 56 7 3 2 17 8.602325267042627 13.038404810405298 1.0815954283543856 
30 55 7 3 3 15 8.602325267042627 13.038404810405298 1.0826911782634359 
29 54 7 3 2 15 7.211102550927978 13.038404810405298 1.0827441721524669 
28 53 7 3 2 15 7.211102550927978 13.038404810405298 1.0838352427226858 
27 52 7 3 1 15 5.830951894845301 13.038404810405298 1.0714634028532455 
26 51 7 4 1 16 6.324555320336759 13.038404810405298 1.0723815642112295 
25 50 7 4 1 17 6.324555320336759 13.038404810405298 1.0848702978544995 
24 49 8 4 0 17 6.324555320336759 13.038404810405298 1.084787576457204 
24 48 8 4 0 17 4.47213595499958 13.038404810405298 1.0667541960126452 
24 46 8 5 1 13 2.8284271247461903 13.038404810405298 1.0658004943195256 
23 44 8 5 1 13 3.1622776601683795 13.038404810405298 1.0772349554002547 
22 43 9 5 0 13 5.656854249492381 13.038404810405298 1.0760048787984267 
22 42 9 5 0 12 4.47213595499958 13.038404810405298 1.0596614856352247 
22 40 9 6 0 10 4.0 13.038404810405298 1.0568660121215614 
22 39 9 6 0 8 4.47213595499958 13.038404810405298 1.0579302822065022 
22 38 9 6 0 10 4.0 13.038404810405298 1.0542696412238861 
22 37 9 6 0 7 4.47213595499958 13.038404810405298 1.0528872506283602 
22 36 9 6 0 7 4.0 12.0 1.0370103854567283 
22 35 9 7 0 5 4.47213595499958 12.0 1.0372094880727158 
22 34 9 7 0 6 4.0 12.0 1.0213326229010835 
22 33 9 8 0 4 4.47213595499958 12.0 1.0191428492556 
22 32 9 8 0 3 4.0 11.045361017187261 1.0035118358416735 
22 31 9 9 0 1 4.47213595499958 11.40175425099138 1.0020822960037705 
22 29 9 9 0 2 4.0 10.295630140987 1.001841109474105 
21 28 9 9 1 2 1.4142135623730951 8.94427190999916 1 
