140 140 0 0 14 14 16.0 16.0 1.0821534554218573 
138 139 0 0 17 18 16.0 14.142135623730951 1.0812235857761738 
136 137 0 0 20 17 13.341664064126334 14.142135623730951 1.0830246606115999 
134 136 0 0 26 16 15.033296378372908 13.341664064126334 1.093085033051055 
128 135 0 0 24 19 15.033296378372908 15.033296378372908 1.0956134005076172 
124 134 0 0 27 18 15.033296378372908 15.033296378372908 1.1003830796551277 
123 132 0 0 32 20 15.033296378372908 15.033296378372908 1.09954385083896 
117 131 0 0 28 18 15.033296378372908 15.033296378372908 1.1165604366733144 
113 130 0 0 30 25 15.033296378372908 15.033296378372908 1.1222722027399483 
107 128 1 0 23 23 15.033296378372908 15.033296378372908 1.1410388241492888 
105 126 1 0 24 33 15.033296378372908 15.033296378372908 1.1512325608336773 
101 125 1 0 31 35 15.033296378372908 15.033296378372908 1.1531224716774962 
95 124 1 0 25 35 15.033296378372908 15.033296378372908 1.1613440531453505 
87 123 2 0 20 32 15.033296378372908 15.033296378372908 1.1662577084727577 
86 117 3 0 17 34 15.033296378372908 15.033296378372908 1.1497656457840233 
82 113 3 0 16 26 15.033296378372908 15.033296378372908 1.1599852717110288 
81 112 4 0 15 27 15.033296378372908 14.142135623730951 1.1621434342162482 
79 111 4 0 14 28 15.033296378372908 14.142135623730951 1.1597155419842164 
78 109 4 0 16 27 15.033296378372908 14.0 1.1653395538563132 
77 107 4 0 19 30 15.033296378372908 14.0 1.1712782014585348 
73 106 5 0 14 28 15.033296378372908 14.0 1.1773331583313351 
72 105 5 0 19 30 15.033296378372908 14.0 1.1834829201513604 
66 104 5 0 14 32 15.033296378372908 14.0 1.1672970311029163 
64 100 5 0 14 25 15.033296378372908 14.0 1.171023923738734 
63 99 5 0 15 27 15.033296378372908 13.038404810405298 1.1615891490123742 
61 98 5 0 17 21 15.033296378372908 13.038404810405298 1.170469684776572 
55 96 6 0 9 21 13.038404810405298 13.038404810405298 1.1777230699931391 
54 95 6 0 9 25 13.038404810405298 13.038404810405298 1.174730295562422 
52 94 6 0 9 23 12.0 13.038404810405298 1.1698805064420037 
51 93 6 0 11 20 12.0 13.038404810405298 1.1781279762579289 
45 92 6 0 10 22 11.045361017187261 13.341664064126334 1.1778821337328966 
44 91 6 0 10 22 11.045361017187261 13.341664064126334 1.1833519143555244 
42 89 7 0 7 21 11.045361017187261 13.341664064126334 1.1930885967070457 
40 87 7 0 5 27 11.045361017187261 13.341664064126334 1.1907031437321363 
39 85 7 0 7 26 11.045361017187261 13.341664064126334 1.1805730294246983 
38 84 7 0 6 21 11.045361017187261 13.341664064126334 1.181296189017682 
36 83 7 0 6 21 9.055385138137417 13.341664064126334 1.17730073262185 
35 82 7 0 6 19 9.055385138137417 13.341664064126334 1.1851436470485268 
34 80 7 0 6 24 9.055385138137417 13.341664064126334 1.1835332346935012 
33 79 7 0 7 23 9.055385138137417 13.341664064126334 1.1889237232114263 
31 78 8 0 5 21 9.055385138137417 13.341664064126334 1.188649240836271 
30 77 8 0 5 21 8.246211251235321 13.341664064126334 1.1874885243150612 
28 76 8 0 5 20 6.0 13.341664064126334 1.1716258181542853 
27 75 8 1 5 20 5.0990195135927845 13.341664064126334 1.1695926200652251 
26 74 8 1 6 19 4.47213595499958 12.0 1.1669847043554218 
26 73 8 1 7 18 5.656854249492381 12.0 1.1760332982516355 
22 72 9 1 1 18 2.0 12.0 1.1776415293733378 
21 71 9 1 1 19 1.4142135623730951 12.0 1 
