140 140 0 0 14 14 16.0 16.0 1.0126930754007932 
138 139 0 0 17 19 16.0 14.142135623730951 1.0204515075778082 
134 138 0 0 16 22 12.0 16.0 1.0195551194745505 
132 137 0 0 16 20 12.165525060596439 16.0 1.01985671863141 
130 136 0 0 16 20 13.038404810405298 16.0 1.0205381055051954 
128 135 0 0 16 20 13.038404810405298 16.0 1.0225606780186407 
126 134 0 0 14 21 14.142135623730951 16.0 1.0271014230165485 
125 133 0 0 14 27 14.0 16.0 1.0234841520949491 
123 132 0 0 15 22 14.0 16.0 1.0271770498730621 
121 131 0 0 15 26 14.0 16.0 1.0246614439336095 
120 130 0 0 14 22 14.0 16.0 1.0265472227605286 
119 129 0 0 14 24 13.038404810405298 16.0 1.0274472181954208 
117 128 0 0 15 25 13.038404810405298 16.0 1.026468368168993 
115 127 0 0 16 23 12.165525060596439 16.0 1.02487540922082 
113 123 0 0 16 23 12.165525060596439 16.0 1.0275968207117445 
111 122 0 0 15 25 12.165525060596439 16.0 1.0277439384205547 
109 121 0 0 16 25 12.165525060596439 16.0 1.0255609320988226 
105 119 0 0 17 21 12.165525060596439 16.0 1.025489441246526 
103 118 0 0 17 20 12.165525060596439 16.0 1.0239069573941617 
101 116 0 0 17 18 12.165525060596439 16.0 1.024588344267947 
99 115 0 0 17 18 12.165525060596439 16.0 1.0252697311417325 
97 114 0 0 17 18 12.165525060596439 16.0 1.0262667786193864 
95 113 0 0 15 17 12.165525060596439 16.0 1.028235312384229 
93 112 0 0 14 18 12.165525060596439 16.0 1.0287312173491039 
92 111 0 0 13 18 12.165525060596439 16.0 1.0301545318585312 
86 110 0 0 17 18 12.165525060596439 16.0 1.0445897255568286 
85 109 1 0 17 21 12.165525060596439 16.0 1.0524795732599113 
77 108 1 0 13 22 12.165525060596439 16.0 1.0633286804134414 
76 107 2 0 13 21 12.165525060596439 15.033296378372908 1.0661552380814412 
75 106 2 0 12 24 12.0 15.033296378372908 1.066301711868846 
73 104 2 0 12 25 12.0 14.142135623730951 1.0717250065896209 
72 102 2 0 11 32 11.045361017187261 14.142135623730951 1.0677036451980046 
71 101 2 0 10 26 11.045361017187261 14.142135623730951 1.0753795401676336 
69 100 2 0 11 36 11.045361017187261 14.142135623730951 1.0699664143804675 
65 98 2 0 11 27 11.045361017187261 14.142135623730951 1.0697094416192605 
64 97 2 0 10 26 11.045361017187261 14.142135623730951 1.084859148843539 
62 95 3 0 10 30 11.045361017187261 14.142135623730951 1.0995129511029431 
61 94 4 0 11 34 11.045361017187261 14.142135623730951 1.0968139804986097 
59 90 4 0 10 33 11.045361017187261 12.649110640673518 1.0920397413809115 
58 89 4 0 9 26 11.045361017187261 12.649110640673518 1.096887279441297 
52 88 4 0 8 27 11.045361017187261 12.649110640673518 1.0949242149115619 
51 87 4 0 7 25 11.045361017187261 11.045361017187261 1.1063478977055317 
50 86 5 0 7 24 11.045361017187261 11.045361017187261 1.1082701228269427 
49 85 5 0 7 26 10.0 11.045361017187261 1.106697830187843 
47 83 5 0 7 23 8.246211251235321 11.045361017187261 1.1056827421526498 
46 81 5 0 6 22 8.246211251235321 11.045361017187261 1.10510487123967 
45 79 5 0 7 23 8.246211251235321 11.045361017187261 1.0933098874609037 
44 78 5 1 6 23 7.0710678118654755 11.045361017187261 1.0769078399392609 
43 74 5 2 7 22 7.0710678118654755 11.045361017187261 1.0764322586169472 
42 73 5 2 5 20 7.0710678118654755 11.045361017187261 1.0746012800676898 
41 72 5 2 5 17 6.0 11.045361017187261 1.0751193615943213 
37 71 5 2 8 17 6.0 11.045361017187261 1.0893359467315116 
36 70 6 2 7 19 6.0 11.045361017187261 1.094152522121228 
34 69 6 2 6 24 6.0 10.770329614269007 1.0897130667391657 
32 68 6 2 6 17 5.656854249492381 10.770329614269007 1.0942558942861225 
30 67 6 2 3 20 5.656854249492381 10.770329614269007 1.0945143893844504 
29 66 6 2 2 19 4.47213595499958 10.770329614269007 1.094041608815654 
28 65 6 2 3 19 4.242640687119285 10.770329614269007 1.07843576014677 
27 63 6 3 2 15 3.1622776601683795 10.770329614269007 1.0895437823368712 
26 62 7 3 4 15 3.1622776601683795 10.770329614269007 1.1024044471464227 
24 61 8 3 3 15 4.47213595499958 10.770329614269007 1.1016467206580258 
23 60 8 3 1 13 4.47213595499958 10.295630140987 1.1011117549372458 
22 58 8 3 0 13 5.0990195135927845 10.295630140987 1.0983981711331645 
22 56 8 3 1 11 3.1622776601683795 10.295630140987 1.1118618785442733 
21 55 9 3 0 12 3.1622776601683795 10.295630140987 1.1099656280547336 
21 54 9 3 1 12 1.4142135623730951 8.0 1 
