140 140 0 0 14 14 16.0 16.0 1.029598989335463 
138 139 0 0 17 17 16.0 14.142135623730951 1.0373170226888206 
134 138 0 0 16 19 12.165525060596439 16.0 1.0402562040013748 
132 136 0 0 16 22 12.649110640673518 16.0 1.0421481395054868 
130 134 0 0 16 24 13.038404810405298 16.0 1.0398329875509904 
128 133 0 0 16 21 13.038404810405298 16.0 1.0410407953514724 
126 132 0 0 14 21 14.0 16.0 1.042446277797617 
124 131 0 0 16 22 14.0 16.0 1.0479412081988813 
122 130 0 0 15 26 14.0 16.0 1.0464334930502925 
120 128 0 0 16 25 14.0 16.0 1.0481492444203977 
118 126 0 0 17 27 14.0 16.0 1.0401967467624054 
116 122 0 0 18 22 14.142135623730951 16.0 1.0432540390057317 
114 121 0 0 18 24 14.142135623730951 16.0 1.0441623535699291 
112 120 0 0 18 24 14.142135623730951 16.0 1.0450922765792785 
110 118 0 0 18 25 14.142135623730951 16.0 1.042589341904263 
106 117 0 0 18 20 14.142135623730951 16.0 1.043786316947269 
104 116 0 0 17 20 14.142135623730951 16.0 1.0500886841544412 
102 114 0 0 17 26 14.142135623730951 16.0 1.047506480166288 
100 112 0 0 18 24 14.142135623730951 16.0 1.0511627018123841 
98 110 0 0 16 27 14.142135623730951 16.0 1.0573565556121745 
92 109 0 0 15 28 14.142135623730951 16.0 1.0729013859694785 
86 108 1 0 18 28 14.142135623730951 16.0 1.088606522478124 
80 107 2 0 13 26 14.142135623730951 16.0 1.0990107920109617 
78 103 3 0 13 27 14.142135623730951 16.0 1.099818429177003 
76 102 3 0 11 27 14.142135623730951 15.033296378372908 1.1041814855322782 
74 101 3 0 11 30 13.341664064126334 15.033296378372908 1.101080505217026 
72 100 3 0 10 26 13.341664064126334 15.033296378372908 1.1090978110618814 
71 98 4 0 11 24 13.341664064126334 15.033296378372908 1.1078301507153403 
70 97 4 0 8 22 13.038404810405298 15.033296378372908 1.1013757600983012 
69 93 4 0 8 19 13.038404810405298 15.033296378372908 1.1025840945101617 
67 92 4 0 8 19 12.0 15.033296378372908 1.1076906168993226 
61 91 4 0 8 19 11.045361017187261 15.033296378372908 1.1111304609817179 
60 90 4 0 7 22 11.045361017187261 15.033296378372908 1.1098897978667859 
58 89 4 0 7 20 11.045361017187261 15.033296378372908 1.1090450557733658 
57 88 4 0 7 19 10.0 15.033296378372908 1.1140333337395136 
55 87 4 0 7 23 8.246211251235321 14.0 1.1139382957506394 
53 86 4 0 7 22 8.0 14.0 1.1138660128355318 
52 85 4 0 7 22 8.0 14.0 1.1245880088719817 
51 84 5 0 6 21 8.0 14.0 1.1253015543176301 
50 83 5 0 7 22 8.0 14.0 1.1248435163284365 
49 82 5 0 6 22 8.0 13.038404810405298 1.1289257695699866 
47 80 5 0 6 26 8.246211251235321 13.038404810405298 1.1255361287759256 
45 79 5 0 6 22 8.246211251235321 13.038404810405298 1.1270217642977405 
43 78 5 0 4 22 8.246211251235321 13.038404810405298 1.1330923748930792 
42 77 5 0 5 29 9.899494936611665 12.165525060596439 1.1294140736202096 
40 76 5 0 6 25 9.899494936611665 12.165525060596439 1.1272457929794275 
39 74 5 0 5 23 7.0710678118654755 12.165525060596439 1.1118261115297765 
38 72 5 1 4 22 7.0710678118654755 12.165525060596439 1.0982451388352936 
37 71 5 2 4 22 7.0710678118654755 12.165525060596439 1.0984823128858443 
36 70 5 2 4 22 6.0 12.165525060596439 1.09758587339098 
34 68 5 2 4 22 8.602325267042627 12.165525060596439 1.0960552306077715 
33 67 5 2 3 20 7.211102550927978 12.165525060596439 1.0967743002871735 
32 66 5 2 3 20 4.47213595499958 12.165525060596439 1.095627528532501 
31 65 5 2 3 19 4.47213595499958 12.165525060596439 1.1060824725352942 
30 63 6 2 3 19 4.47213595499958 12.165525060596439 1.1062988500989956 
29 62 6 2 2 19 4.47213595499958 12.165525060596439 1.1049532066024046 
28 61 6 2 4 18 3.1622776601683795 12.165525060596439 1.1201679271156622 
26 60 7 2 2 20 3.1622776601683795 12.165525060596439 1.1206877500594525 
25 59 7 2 1 21 5.830951894845301 12.165525060596439 1.1364935298149166 
24 58 8 2 1 25 5.830951894845301 12.165525060596439 1.1371025016223946 
23 57 8 2 0 25 4.47213595499958 12.165525060596439 1.1394809422888683 
23 55 8 2 1 29 2.8284271247461903 12.165525060596439 1.1392815880420248 
22 54 8 2 1 29 1.4142135623730951 11.40175425099138 1.1435665118000846 
21 53 9 2 0 23 5.0990195135927845 11.40175425099138 1.1379387632547597 
21 51 9 2 1 19 1.4142135623730951 11.40175425099138 1 
