140 140 0 0 14 14 16.0 16.0 1.0699020765214429 
138 139 0 0 17 19 16.0 14.142135623730951 1.0740725545980134 
134 138 0 0 16 20 12.0 16.0 1.0784974598484809 
132 137 0 0 21 21 12.0 16.0 1.0863400462201795 
128 136 0 0 22 24 13.038404810405298 16.0 1.0827951335191732 
124 134 0 0 22 21 13.038404810405298 16.0 1.0792502208181671 
120 132 0 0 22 18 13.038404810405298 16.0 1.082534423819755 
116 131 0 0 24 18 13.038404810405298 16.0 1.0864035515214538 
112 129 0 0 26 19 13.038404810405298 16.0 1.1101998243681275 
106 128 1 0 22 26 13.038404810405298 16.0 1.1072586301226361 
100 127 2 0 17 17 13.038404810405298 16.0 1.1202634254129755 
96 126 3 0 15 18 13.038404810405298 16.0 1.1246655371449834 
94 125 3 0 16 20 13.038404810405298 16.0 1.1220705648340943 
92 124 3 0 16 18 13.038404810405298 16.0 1.120309505242821 
90 123 3 0 18 16 13.038404810405298 16.0 1.1197537276940523 
88 122 3 0 15 16 13.038404810405298 16.0 1.1172684975627247 
86 118 3 0 15 16 13.038404810405298 16.0 1.1196513967280624 
84 117 3 0 15 17 14.142135623730951 16.0 1.1187014563379454 
82 116 3 0 15 16 14.142135623730951 16.0 1.1173345595880204 
80 115 3 0 14 15 14.142135623730951 16.0 1.1180296511186758 
78 114 3 0 14 15 14.142135623730951 16.0 1.1371976177322964 
74 113 4 0 11 20 14.142135623730951 16.0 1.1380169909472129 
73 111 4 0 12 21 14.142135623730951 16.0 1.129843409482718 
69 110 4 0 11 15 14.142135623730951 15.033296378372908 1.1337857891410084 
67 109 4 0 11 17 13.038404810405298 15.033296378372908 1.1548904898882382 
65 108 5 0 9 24 12.649110640673518 15.033296378372908 1.1532537119812258 
64 106 5 0 12 23 12.649110640673518 15.033296378372908 1.1549279525739187 
60 105 5 0 10 23 14.142135623730951 15.033296378372908 1.162426842255547 
59 104 6 0 9 22 14.142135623730951 15.033296378372908 1.1622443344105442 
58 103 6 0 9 22 14.142135623730951 15.033296378372908 1.1579615544649726 
56 102 6 0 9 19 13.038404810405298 15.033296378372908 1.1569713701072541 
54 101 6 0 9 18 12.0 15.033296378372908 1.1532792930002778 
52 99 6 0 9 16 11.045361017187261 15.033296378372908 1.1543585024462615 
50 98 6 0 10 16 10.198039027185569 15.033296378372908 1.157175392375715 
46 97 6 0 7 17 9.486832980505138 15.033296378372908 1.160349428546759 
44 96 6 0 9 18 9.486832980505138 15.033296378372908 1.156312893409698 
38 94 7 1 5 18 7.0710678118654755 15.033296378372908 1.1542302276277094 
37 92 7 1 7 17 6.324555320336759 15.033296378372908 1.1633636571313821 
31 91 8 1 3 15 10.0 15.033296378372908 1.161119161005799 
30 90 8 1 2 14 10.0 15.033296378372908 1.1641725493250465 
29 89 8 1 2 16 8.602325267042627 15.033296378372908 1.1641143231643047 
29 87 8 1 3 17 8.602325267042627 15.033296378372908 1.1618422949065506 
28 83 8 1 6 17 4.47213595499958 15.033296378372908 1.160016982914427 
28 82 8 1 8 16 5.656854249492381 15.033296378372908 1.1680706361770155 
24 81 9 1 2 15 5.830951894845301 15.033296378372908 1.1654024364385984 
23 80 9 1 0 14 5.656854249492381 15.033296378372908 1.1643053898149212 
24 79 9 1 2 14 5.830951894845301 15.033296378372908 1.1649272539180489 
23 78 9 1 0 15 5.656854249492381 15.033296378372908 1.1638302072943716 
24 77 9 1 2 15 5.830951894845301 15.033296378372908 1.1628070394767267 
23 76 9 1 0 15 5.656854249492381 15.033296378372908 1.1617099928530497 
24 75 9 1 2 15 5.830951894845301 15.033296378372908 1.1606868250354048 
23 74 9 1 0 15 5.656854249492381 15.033296378372908 1.1595897784117277 
24 73 9 1 2 15 5.830951894845301 15.033296378372908 1.1569215786733105 
23 72 9 1 0 14 5.656854249492381 15.033296378372908 1.1558245320496332 
24 71 9 1 2 14 5.830951894845301 15.033296378372908 1.1531563323112162 
23 70 9 1 0 13 5.656854249492381 15.033296378372908 1.152059285687539 
24 69 9 1 2 13 5.830951894845301 15.033296378372908 1.1358722649020048 
23 68 9 2 0 13 5.656854249492381 15.033296378372908 1.1347752182783275 
24 67 9 2 2 13 5.830951894845301 15.033296378372908 1.1317470989747431 
23 66 9 2 0 12 5.656854249492381 14.0 1.1306500523510659 
24 65 9 2 2 12 5.830951894845301 14.0 1.129626884533421 
23 64 9 2 0 12 5.656854249492381 14.0 1.128529837909744 
24 63 9 2 2 12 5.830951894845301 14.0 1.127506670092099 
23 62 9 2 0 12 5.656854249492381 14.0 1.126409623468422 
24 61 9 2 2 12 5.830951894845301 14.0 1.1091624954622266 
23 59 9 3 0 12 5.656854249492381 14.0 1.1080654488385495 
24 58 9 3 2 12 5.830951894845301 14.0 1.1053972491001325 
23 57 9 3 0 11 5.656854249492381 14.0 1.1043002024764554 
24 56 9 3 2 11 5.830951894845301 14.0 1.1012970582538129 
23 55 9 3 0 10 5.656854249492381 13.038404810405298 1.1002000116301358 
24 54 9 3 2 10 5.830951894845301 13.038404810405298 1.099176843812491 
23 53 9 3 0 10 5.656854249492381 13.038404810405298 1.0997248291095858 
24 52 9 3 2 11 5.830951894845301 13.038404810405298 1.0987016612919411 
23 51 9 3 0 11 5.656854249492381 13.038404810405298 1.0807957297796023 
24 50 9 4 2 10 5.830951894845301 13.038404810405298 1.0797725619619576 
23 49 9 4 0 10 5.656854249492381 13.038404810405298 1.077030483417508 
24 48 9 4 2 9 5.830951894845301 13.038404810405298 1.0716571445376575 
23 46 9 4 0 7 5.656854249492381 13.038404810405298 1.0705600979139802 
24 45 9 4 2 7 5.830951894845301 13.038404810405298 1.071181962017108 
23 44 9 4 0 8 5.656854249492381 13.038404810405298 1.0532760305047688 
24 43 9 5 2 7 5.830951894845301 13.038404810405298 1.0354439777984623 
23 42 9 6 0 6 5.656854249492381 13.038404810405298 1.020828110127668 
24 41 9 7 2 7 5.830951894845301 13.038404810405298 1.0181599103892507 
23 40 9 7 0 6 5.656854249492381 13.038404810405298 1.013772799924029 
24 39 9 7 2 4 5.830951894845301 13.038404810405298 1.0108005572153953 
23 38 9 7 0 3 5.656854249492381 12.165525060596439 1.008058478670946 
24 37 9 7 2 2 5.830951894845301 12.165525060596439 1.0070353108533008 
23 36 9 7 0 2 5.656854249492381 12.165525060596439 1.0042932323088511 
24 35 9 7 2 1 5.830951894845301 12.165525060596439 1.0032700644912067 
23 34 9 7 0 1 5.656854249492381 12.165525060596439 0.9853064770061173 
24 33 9 8 2 0 5.830951894845301 12.0 0.9961604287465654 
23 36 9 8 0 4 5.656854249492381 15.033296378372908 0.9917690107149819 
24 34 9 8 2 3 5.830951894845301 13.341664064126334 0.9853434164091337 
23 33 9 8 0 0 5.656854249492381 12.0 0.972886568151101 
24 22 9 8 2 1 5.830951894845301 5.0990195135927845 0.9561172954327344 
22 21 9 9 2 0 6.324555320336759 3.1622776601683795 0.9754204221969942 
21 22 9 8 0 1 7.0710678118654755 7.0710678118654755 0.9561172954327344 
22 21 9 9 2 0 6.324555320336759 3.1622776601683795 0.962277672953069 
22 22 9 9 3 3 2.8284271247461903 2.8284271247461903 1 
