140 140 0 0 14 14 16.0 16.0 1.0813127472875343 
138 139 0 0 17 19 16.0 14.142135623730951 1.084717000296516 
134 138 0 0 16 20 12.0 16.0 1.0910689169722396 
132 136 0 0 21 24 12.0 16.0 1.092977944657629 
128 135 0 0 22 24 13.341664064126334 16.0 1.0945855896224688 
124 134 0 0 22 24 13.341664064126334 16.0 1.0910638747450379 
120 132 0 0 22 21 13.341664064126334 16.0 1.0880366232461043 
116 128 0 0 22 20 14.0 15.033296378372908 1.0982895048661576 
112 127 0 0 23 26 15.033296378372908 15.033296378372908 1.0933764491301925 
108 125 0 0 23 22 15.033296378372908 15.033296378372908 1.104230334017439 
104 124 1 0 19 22 15.033296378372908 15.033296378372908 1.125673046909926 
100 123 2 0 18 29 15.033296378372908 15.033296378372908 1.1250399090207293 
96 122 2 0 15 28 15.033296378372908 15.033296378372908 1.1362123400883812 
95 121 3 0 14 29 15.033296378372908 15.033296378372908 1.145169686420505 
93 120 3 0 15 35 15.033296378372908 15.033296378372908 1.1454958402695905 
91 119 3 0 15 35 15.033296378372908 15.033296378372908 1.1279432593953589 
90 118 3 0 18 22 15.033296378372908 15.033296378372908 1.1329853346830783 
88 117 3 0 15 26 15.033296378372908 15.033296378372908 1.1509462294277126 
82 116 4 0 12 30 13.341664064126334 15.033296378372908 1.144315678984128 
80 115 4 0 12 25 13.341664064126334 15.033296378372908 1.1450778364250789 
78 113 4 0 12 26 13.341664064126334 15.033296378372908 1.1495780128497666 
76 112 4 0 12 29 13.341664064126334 15.033296378372908 1.149904166698852 
74 111 4 0 12 29 13.341664064126334 15.033296378372908 1.1464178506699918 
73 109 4 0 14 27 13.341664064126334 15.033296378372908 1.1422920979674964 
72 107 4 0 15 25 13.341664064126334 14.142135623730951 1.1443466262298114 
68 105 4 0 15 26 14.142135623730951 14.142135623730951 1.145387976530983 
64 104 4 0 13 26 14.142135623730951 14.142135623730951 1.1541353241076096 
62 103 5 0 11 25 14.142135623730951 14.142135623730951 1.1644827089803955 
61 102 6 0 12 25 14.142135623730951 14.142135623730951 1.1603516929220448 
59 101 6 0 11 22 14.142135623730951 14.142135623730951 1.1544628585903882 
57 97 6 0 9 20 14.142135623730951 14.142135623730951 1.1527569260230623 
56 96 6 0 9 19 14.142135623730951 14.142135623730951 1.154459419240401 
54 95 6 0 9 20 13.038404810405298 14.142135623730951 1.155054606817276 
52 94 6 0 10 20 12.0 14.142135623730951 1.1553677855756515 
50 93 6 0 10 20 11.045361017187261 14.142135623730951 1.1607058875169636 
48 92 6 0 13 23 10.198039027185569 14.142135623730951 1.1585618925838133 
42 91 6 0 10 20 9.486832980505138 14.142135623730951 1.164626707456089 
38 90 6 0 11 23 9.486832980505138 14.142135623730951 1.16084986981126 
37 88 6 0 12 21 8.94427190999916 14.142135623730951 1.1539870874963194 
37 84 6 0 16 18 8.94427190999916 14.142135623730951 1.164274677719898 
33 83 7 0 10 18 8.94427190999916 14.142135623730951 1.1669458348783728 
29 82 7 0 9 19 5.656854249492381 14.142135623730951 1.1519349370831418 
27 81 7 1 6 19 6.324555320336759 14.142135623730951 1.1544030270914185 
26 80 7 1 6 21 6.324555320336759 14.142135623730951 1.1611760821283235 
24 79 8 1 2 19 5.0990195135927845 14.142135623730951 1.157503993675408 
23 78 8 1 0 17 4.47213595499958 14.142135623730951 1.155173417791591 
23 77 8 1 0 16 5.656854249492381 14.142135623730951 1.1528267396663883 
23 76 8 1 0 15 5.656854249492381 14.142135623730951 1.1507824303269787 
23 75 8 1 1 14 7.0710678118654755 14.142135623730951 1.1605442990821373 
22 74 9 1 0 14 5.656854249492381 14.142135623730951 1.1623555412911513 
22 73 9 1 0 16 4.47213595499958 14.142135623730951 1.1586336245488 
22 72 9 1 0 14 5.656854249492381 14.142135623730951 1.1586330958034483 
22 70 9 1 0 16 4.47213595499958 12.0 1.1571687484474655 
21 69 9 1 1 15 1.4142135623730951 12.0 1 
