140 140 0 0 14 14 16.0 16.0 1.0033652418120582 
138 138 0 0 17 17 16.0 14.142135623730951 1.009400797355075 
134 136 0 0 16 19 13.038404810405298 16.0 1.0100247923311008 
132 135 0 0 16 19 13.341664064126334 16.0 1.013824584216013 
130 134 0 0 16 23 13.341664064126334 16.0 1.0161053801354576 
128 133 0 0 16 25 13.341664064126334 16.0 1.02328224391243 
126 132 0 0 14 32 13.341664064126334 16.0 1.0234453657542832 
125 130 0 0 14 33 13.038404810405298 16.0 1.0206198848053953 
123 129 0 0 15 29 13.038404810405298 16.0 1.0153057008975022 
121 128 0 0 15 21 13.038404810405298 16.0 1.0181426900960147 
120 127 0 0 14 24 13.038404810405298 16.0 1.0181518963743965 
119 126 0 0 14 24 13.038404810405298 16.0 1.0229213952528469 
117 125 0 0 15 30 13.038404810405298 16.0 1.0235305542289799 
115 124 0 0 16 30 12.165525060596439 16.0 1.0265708481311582 
113 123 0 0 16 33 12.165525060596439 16.0 1.0271224390743308 
111 122 0 0 15 32 12.165525060596439 16.0 1.0242969581254433 
109 121 0 0 16 28 12.165525060596439 16.0 1.0235397621139528 
107 120 0 0 16 26 12.165525060596439 16.0 1.0250610600506633 
105 119 0 0 16 27 12.165525060596439 16.0 1.0226229908194617 
103 115 0 0 15 25 12.165525060596439 16.0 1.020700770611841 
102 114 0 0 15 22 11.40175425099138 16.0 1.0208994729796113 
98 113 0 0 16 20 11.40175425099138 16.0 1.0207452867719797 
92 112 0 0 19 17 11.40175425099138 16.0 1.0458228679411932 
91 111 1 0 15 31 11.40175425099138 16.0 1.0418335815734834 
89 109 1 0 14 25 11.40175425099138 16.0 1.0473487698203905 
85 108 1 0 15 30 11.40175425099138 16.0 1.040305380936225 
83 107 1 0 14 19 11.40175425099138 16.0 1.0408730824649182 
81 105 1 0 13 19 11.40175425099138 16.0 1.0454185637182867 
77 104 1 0 13 22 11.40175425099138 16.0 1.0578693219451756 
75 103 2 0 14 22 11.40175425099138 16.0 1.0704269779896054 
73 102 3 0 11 20 11.40175425099138 15.033296378372908 1.0709264165990005 
71 101 3 0 12 20 10.770329614269007 15.033296378372908 1.0716882165529775 
69 100 3 0 12 20 10.770329614269007 15.033296378372908 1.0783226956651593 
68 99 3 0 11 28 10.770329614269007 15.033296378372908 1.0732794574807574 
67 95 3 0 11 24 10.295630140987 15.033296378372908 1.0710910663091044 
66 93 3 0 12 22 8.94427190999916 15.033296378372908 1.071756560457386 
65 92 3 0 10 21 8.246211251235321 15.033296378372908 1.0732640497798196 
61 91 3 0 10 20 8.246211251235321 15.033296378372908 1.076747429737183 
59 90 3 0 11 25 8.246211251235321 14.142135623730951 1.0754353403921895 
58 88 3 0 10 24 9.055385138137417 14.142135623730951 1.0746781443806988 
56 87 3 0 10 22 9.055385138137417 14.142135623730951 1.065200882344075 
55 86 3 1 9 25 8.0 14.142135623730951 1.0657593775943863 
54 85 3 1 8 25 8.0 14.142135623730951 1.065768583872768 
53 84 3 1 8 25 8.0 14.142135623730951 1.0657777901511498 
52 83 3 1 8 25 8.0 14.142135623730951 1.0793501412145563 
51 81 4 1 7 27 8.0 14.142135623730951 1.0727501852446586 
50 79 4 1 8 20 8.0 14.142135623730951 1.0724134072547766 
48 78 4 1 10 20 8.0 14.142135623730951 1.07241570922602 
46 77 4 1 10 19 8.0 14.142135623730951 1.0748253760957853 
44 76 4 1 7 19 8.0 14.142135623730951 1.0731214879834152 
43 74 4 1 6 17 8.0 14.142135623730951 1.0736960938192468 
42 72 4 1 5 18 8.0 14.142135623730951 1.0733679210713098 
41 71 4 1 5 17 7.0710678118654755 14.142135623730951 1.0726313073848852 
40 70 4 1 5 16 6.0 13.341664064126334 1.0711376282833196 
39 68 4 1 5 15 6.0 13.341664064126334 1.0833850818065422 
38 67 5 1 5 15 6.0 13.341664064126334 1.070600456016206 
37 66 5 2 5 15 6.0 13.341664064126334 1.0715683686034663 
36 65 5 2 4 15 5.0990195135927845 13.341664064126334 1.0725403775682476 
34 64 5 2 5 16 5.0990195135927845 13.341664064126334 1.0866390027109247 
32 63 6 2 3 16 5.0990195135927845 13.341664064126334 1.0858887110065725 
31 62 6 2 3 15 5.0990195135927845 13.341664064126334 1.0879662022223513 
30 61 6 2 2 17 5.0990195135927845 13.341664064126334 1.0869719319862372 
29 59 6 2 2 16 4.0 13.341664064126334 1.087426282780001 
28 58 6 2 2 17 3.1622776601683795 12.165525060596439 1.0878427069209058 
26 57 7 3 3 18 3.1622776601683795 12.165525060596439 1.0876417041884832 
25 56 7 3 2 17 3.1622776601683795 12.165525060596439 1.0868454846861733 
24 55 7 3 1 16 4.47213595499958 12.165525060596439 1.0994871522468606 
22 53 8 3 0 15 3.1622776601683795 12.165525060596439 1.102026811036429 
22 52 8 3 1 19 1.4142135623730951 12.165525060596439 1.1116848026842712 
21 51 9 3 0 18 5.656854249492381 11.40175425099138 1.111560539844307 
21 50 9 3 1 17 1.4142135623730951 11.40175425099138 1 
