140 140 0 0 14 14 16.0 16.0 1.0735555366998695 
138 139 0 0 17 17 16.0 14.142135623730951 1.0784352360442613 
134 137 0 0 16 20 12.165525060596439 16.0 1.079004671278411 
132 136 0 0 21 20 13.038404810405298 16.0 1.0806396749400067 
128 134 0 0 22 21 13.038404810405298 16.0 1.0852838273915755 
124 133 0 0 22 24 13.341664064126334 16.0 1.083524341156728 
120 131 0 0 22 22 13.341664064126334 16.0 1.0834685769492012 
116 129 0 0 22 22 13.341664064126334 15.033296378372908 1.0835342184389165 
112 128 0 0 21 21 15.033296378372908 15.033296378372908 1.094959269636944 
108 126 0 0 20 31 15.033296378372908 15.033296378372908 1.1183203709997709 
100 124 1 0 17 40 14.0 15.033296378372908 1.1215664321600725 
96 123 2 0 15 32 14.0 15.033296378372908 1.1254878945529458 
92 122 3 0 13 25 13.341664064126334 14.142135623730951 1.1291411891653444 
90 121 3 0 15 28 14.142135623730951 14.142135623730951 1.1219527247372705 
88 119 3 0 15 22 12.165525060596439 14.142135623730951 1.1254445432843865 
86 118 3 0 15 25 13.038404810405298 14.142135623730951 1.1222755787591407 
84 117 3 0 14 22 13.038404810405298 14.142135623730951 1.122501104130338 
82 116 3 0 14 22 13.038404810405298 14.142135623730951 1.1249371664787777 
80 115 3 0 14 24 13.038404810405298 14.142135623730951 1.125162691849975 
78 114 3 0 14 24 13.038404810405298 14.142135623730951 1.1242829487325516 
76 113 3 0 14 23 13.038404810405298 14.142135623730951 1.1265616422198321 
74 112 3 0 12 25 13.038404810405298 14.142135623730951 1.127735067218492 
72 111 3 0 10 26 13.038404810405298 14.142135623730951 1.1255581832851804 
71 109 3 0 12 25 13.038404810405298 14.142135623730951 1.1257050242257984 
69 108 3 0 11 25 13.038404810405298 14.142135623730951 1.1282197710048176 
67 107 3 0 12 27 13.038404810405298 14.142135623730951 1.1356802789154625 
66 105 4 0 12 25 13.038404810405298 14.142135623730951 1.1308544044653628 
64 101 4 0 10 23 13.038404810405298 14.142135623730951 1.1374015162146531 
62 100 5 0 8 19 13.038404810405298 14.142135623730951 1.1360404458450608 
61 99 5 0 9 18 13.038404810405298 14.142135623730951 1.1368112280221312 
60 98 5 0 9 19 13.038404810405298 14.142135623730951 1.138191534171895 
58 97 5 0 9 20 12.165525060596439 14.142135623730951 1.1385390672857145 
56 96 5 0 10 20 11.40175425099138 14.142135623730951 1.1388938482147701 
52 95 5 0 11 19 10.770329614269007 14.142135623730951 1.1412512261326304 
50 94 5 0 10 21 10.770329614269007 14.142135623730951 1.1405930030407174 
46 93 5 0 12 19 9.899494936611665 14.142135623730951 1.1407398439813354 
44 92 5 0 11 19 9.899494936611665 14.142135623730951 1.1420805173284103 
40 91 5 0 9 19 7.211102550927978 14.142135623730951 1.1423060426996077 
38 90 5 0 9 19 7.211102550927978 14.142135623730951 1.1521689599147615 
36 89 6 0 7 18 7.211102550927978 14.142135623730951 1.1543681434202122 
34 88 6 0 6 20 10.0 14.142135623730951 1.1545149843608302 
32 87 6 0 5 20 10.0 14.142135623730951 1.1650805272430163 
31 86 7 0 5 20 10.0 14.142135623730951 1.1659305896149157 
30 85 7 0 5 21 8.602325267042627 14.142135623730951 1.1652179222202101 
28 84 7 0 5 20 5.656854249492381 14.142135623730951 1.1659902382922605 
27 83 7 0 4 21 4.242640687119285 14.142135623730951 1.1505692474610452 
26 82 7 1 4 20 4.242640687119285 14.142135623730951 1.1601567035337343 
24 81 8 1 0 19 6.324555320336759 14.142135623730951 1.1446634665515387 
24 79 8 2 1 19 2.8284271247461903 14.142135623730951 1.1535501335518548 
22 77 9 2 0 18 5.656854249492381 14.142135623730951 1.151810546539172 
22 75 9 2 0 19 4.47213595499958 12.0 1.150622930462873 
21 74 9 2 1 18 1.4142135623730951 12.0 1 
