140 140 0 0 14 14 16.0 16.0 1.222855537193147 
139 139 0 0 19 18 16.0 13.038404810405298 1.2509660348122174 
135 137 0 0 22 22 13.341664064126334 15.033296378372908 1.2799319914388743 
131 136 0 0 25 26 14.0 15.033296378372908 1.2850916845238325 
127 135 0 0 25 25 13.038404810405298 16.0 1.2981866644811924 
123 134 0 0 28 25 13.038404810405298 16.0 1.2927994559407925 
123 130 0 0 38 23 14.0 16.0 1.3269115125418414 
117 128 0 0 38 29 13.038404810405298 16.0 1.3520287309691519 
111 127 0 0 40 31 13.038404810405298 16.0 1.3701243240356673 
110 125 0 0 46 34 12.165525060596439 16.0 1.4255700671079272 
109 124 0 0 60 42 12.165525060596439 16.0 1.443227708671137 
103 123 0 0 60 43 12.165525060596439 16.0 1.4368186173938062 
95 122 0 0 52 40 12.165525060596439 16.0 1.3884045589529874 
96 114 0 0 61 32 12.165525060596439 16.0 1.4146947496752116 
86 112 1 0 36 43 12.0 16.0 1.3771811343551572 
85 106 1 0 46 34 11.40175425099138 16.0 1.3077392107989636 
84 102 1 0 38 23 11.045361017187261 16.0 1.3293451200540833 
74 101 2 0 22 28 10.770329614269007 16.0 1.333600870838465 
73 99 2 0 27 28 10.770329614269007 16.0 1.346925121157645 
67 97 2 0 22 31 10.770329614269007 16.0 1.3327134896203123 
61 96 3 0 15 26 10.198039027185569 16.0 1.3505593728734853 
53 95 4 0 14 25 10.198039027185569 16.0 1.3240865893522311 
52 93 4 0 22 16 10.198039027185569 16.0 1.322781531379511 
51 92 5 0 17 17 10.198039027185569 16.0 1.320321232544766 
49 91 5 0 15 17 10.198039027185569 15.033296378372908 1.3288723509938871 
48 89 5 0 17 20 11.40175425099138 13.038404810405298 1.3119914149071938 
46 88 5 1 18 20 10.198039027185569 13.038404810405298 1.3105390574615525 
40 86 6 1 9 20 10.198039027185569 13.038404810405298 1.3312952468719725 
39 85 6 1 12 24 10.198039027185569 13.341664064126334 1.3112062526039197 
35 81 7 1 9 20 10.198039027185569 13.341664064126334 1.3115948660461287 
33 80 7 1 8 20 10.198039027185569 13.341664064126334 1.2982176560161336 
29 79 8 2 3 21 8.94427190999916 13.341664064126334 1.2835216085877676 
28 78 9 2 2 17 11.40175425099138 13.341664064126334 1.2792875921406264 
27 76 9 2 2 17 10.198039027185569 13.341664064126334 1.2608205911522945 
25 75 9 3 2 17 8.0 13.341664064126334 1.2778974608914822 
24 74 9 3 3 21 7.0710678118654755 13.341664064126334 1.2745866949691442 
22 73 9 3 2 20 5.0990195135927845 13.341664064126334 1.2628443956579953 
22 72 9 3 2 18 5.830951894845301 13.341664064126334 1.259303806742572 
22 71 9 3 2 18 5.0990195135927845 13.341664064126334 1.2515536883458789 
22 70 9 3 2 17 5.830951894845301 13.341664064126334 1.2520052803449118 
22 69 9 3 2 18 5.0990195135927845 13.341664064126334 1.2402629810337624 
22 68 9 3 2 16 5.830951894845301 13.341664064126334 1.2327302112038836 
22 67 9 3 2 15 5.0990195135927845 13.341664064126334 1.2249800928071901 
22 66 9 3 2 14 5.830951894845301 13.341664064126334 1.2214395038917671 
22 65 9 3 2 14 5.0990195135927845 13.341664064126334 1.217790240692937 
22 64 9 3 2 14 5.0990195135927845 13.341664064126334 1.2141409774941065 
22 63 9 3 2 14 5.0990195135927845 13.341664064126334 1.2091348899194414 
22 62 9 3 2 14 5.0990195135927845 12.165525060596439 1.2054856267206113 
22 61 9 3 2 14 5.0990195135927845 12.165525060596439 1.2018363635217808 
22 60 9 3 2 14 5.0990195135927845 12.165525060596439 1.1968948501089285 
22 59 9 3 2 14 5.0990195135927845 11.045361017187261 1.1945018812635597 
24 58 9 3 6 14 4.47213595499958 11.045361017187261 1.190922718852582 
24 57 9 3 6 14 4.0 11.045361017187261 1.1862258623018698 
24 56 9 3 6 14 4.47213595499958 10.198039027185569 1.182646699890892 
24 55 9 3 6 14 4.0 10.198039027185569 1.1749351549897538 
24 54 9 3 6 13 4.47213595499958 10.198039027185569 1.1673638116643197 
24 53 9 3 6 12 4.0 10.198039027185569 1.1636444476776373 
24 52 9 3 6 12 4.47213595499958 10.198039027185569 1.1600652852666595 
24 51 9 3 6 12 4.0 10.198039027185569 1.1563459212799767 
24 50 9 3 6 12 4.47213595499958 10.198039027185569 1.1278589098334078 
24 49 9 4 6 11 4.0 10.198039027185569 1.1327841168994492 
24 48 9 4 6 13 4.47213595499958 10.770329614269007 1.0846791185962263 
24 46 9 5 6 8 4.0 10.770329614269007 1.0794790796946179 
24 45 9 5 6 8 4.47213595499958 9.486832980505138 1.07589991728364 
24 44 9 5 6 8 4.0 9.486832980505138 1.0685312900981272 
24 42 9 5 6 8 4.47213595499958 9.486832980505138 1.0643262152026276 
24 41 9 5 6 8 4.0 8.94427190999916 1.0606068512159452 
24 40 9 5 6 8 4.47213595499958 8.94427190999916 1.0570276888049674 
24 39 9 5 6 8 4.0 8.94427190999916 1.0529138463263668 
24 38 9 5 6 8 4.47213595499958 8.602325267042627 1.049334683915389 
24 37 9 5 6 8 4.0 8.602325267042627 1.041966056729876 
24 35 9 5 6 8 4.47213595499958 8.602325267042627 1.0327897628945328 
24 34 9 5 6 7 4.0 7.211102550927978 1.0274782214127776 
24 33 9 5 6 7 4.47213595499958 5.830951894845301 1.0238990590017996 
24 32 9 5 6 7 4.0 5.830951894845301 0.98763040186624 
24 30 9 6 6 5 4.47213595499958 5.830951894845301 0.9840512394552619 
24 29 9 6 6 5 4.0 5.830951894845301 0.9787643102539897 
24 28 9 6 6 5 4.47213595499958 4.47213595499958 0.9727605321431456 
24 27 9 6 6 4 4.0 5.830951894845301 0.9672088512648486 
24 26 9 6 6 4 4.47213595499958 4.242640687119285 0.9347296589038238 
24 25 9 7 6 2 4.0 4.242640687119285 0.9293788215723194 
24 24 9 7 6 2 4.47213595499958 2.8284271247461903 0.9048839910402061 
24 23 9 8 6 2 4.0 2.8284271247461903 0.882145183954235 
24 22 9 9 6 2 4.47213595499958 4.47213595499958 0.8690705733053559 
24 21 9 9 6 0 4.0 3.1622776601683795 0.8953463741965669 
24 23 9 9 6 4 4.47213595499958 5.830951894845301 0.8822152847420872 
24 22 9 9 6 2 4.0 4.47213595499958 0.8712347480143109 
24 21 9 9 6 0 4.47213595499958 5.0990195135927845 0.9048839910402061 
24 23 9 8 6 2 4.0 2.8284271247461903 0.895540972794246 
24 22 9 8 6 1 4.47213595499958 1.4142135623730951 0.8713048488021631 
24 21 9 9 6 0 4.0 5.0990195135927845 0.8935140573049524 
24 23 9 9 6 4 4.47213595499958 4.242640687119285 0.8843112406346966 
24 22 9 9 6 3 4.0 2.8284271247461903 0.8690004725175037 
24 21 9 9 6 0 4.47213595499958 3.1622776601683795 0.8976276855397769 
24 22 9 8 6 1 4.0 3.1622776601683795 0.8690004725175037 
24 21 9 9 6 0 4.47213595499958 3.1622776601683795 0.8954164749844191 
24 23 9 9 6 4 4.0 5.830951894845301 0.8842821828477458 
24 22 9 9 6 2 4.47213595499958 6.324555320336759 0.8713048488021631 
24 21 9 9 6 0 4.0 5.0990195135927845 0.8987947938486044 
24 24 9 9 6 4 4.47213595499958 5.656854249492381 0.884352283635598 
24 22 9 9 6 2 4.0 6.324555320336759 0.8735097539391121 
24 21 9 9 6 0 4.47213595499958 7.0710678118654755 0.9128683528691178 
24 23 9 8 6 4 4.0 2.8284271247461903 0.882145183954235 
24 22 9 9 6 2 4.47213595499958 4.47213595499958 0.8690705733053559 
24 21 9 9 6 0 4.0 3.1622776601683795 0.9127982520812656 
24 23 9 8 6 4 4.47213595499958 2.8284271247461903 0.884352283635598 
24 22 9 9 6 2 4.0 6.324555320336759 0.8735097539391121 
24 21 9 9 6 0 4.47213595499958 7.0710678118654755 0.9287105625000739 
24 26 9 8 6 4 4.0 7.0710678118654755 0.9140868077104619 
24 24 9 8 6 3 4.47213595499958 4.242640687119285 0.9048839910402061 
24 23 9 8 6 2 4.0 2.8284271247461903 0.8735097539391121 
24 21 9 9 6 0 4.47213595499958 7.0710678118654755 0.908876171954662 
24 23 9 8 6 3 4.0 2.8284271247461903 0.8735097539391121 
24 21 9 9 6 0 4.47213595499958 7.0710678118654755 0.8713048488021631 
24 21 9 9 6 0 4.0 5.0990195135927845 0.88029000193329 
24 22 9 9 6 1 4.47213595499958 6.324555320336759 0.8713048488021631 
24 21 9 9 6 0 4.0 5.0990195135927845 0.882145183954235 
24 22 9 9 6 2 4.47213595499958 4.47213595499958 0.8713048488021631 
24 21 9 9 6 0 4.0 5.0990195135927845 0.9167904329957216 
24 23 9 8 6 5 4.47213595499958 2.8284271247461903 0.9016198664542328 
24 22 9 8 6 2 4.0 3.1622776601683795 0.8709760414742809 
24 21 9 9 6 1 4.47213595499958 1.4142135623730951 -1 
