140 140 0 0 14 14 16.0 16.0 1.1009732400431862 
138 139 0 0 17 17 16.0 14.142135623730951 1.1047670234408635 
134 138 0 0 16 17 12.649110640673518 16.0 1.1014508702285994 
132 134 0 0 21 16 13.341664064126334 15.033296378372908 1.1134719356787046 
128 133 0 0 22 20 15.033296378372908 15.033296378372908 1.1168946964924713 
124 132 0 0 22 20 15.033296378372908 15.033296378372908 1.126290085687927 
120 131 0 0 22 23 15.033296378372908 15.033296378372908 1.1333295099459888 
116 129 0 0 24 25 15.033296378372908 15.033296378372908 1.1337794695753307 
112 127 0 0 25 24 15.033296378372908 15.033296378372908 1.1579649883043999 
104 125 1 0 16 31 14.142135623730951 15.033296378372908 1.148845080442036 
100 123 2 0 16 21 14.142135623730951 15.033296378372908 1.1569416730371218 
99 122 2 0 20 24 14.142135623730951 15.033296378372908 1.180205214515241 
91 121 2 0 19 32 14.142135623730951 14.142135623730951 1.184671231416461 
85 120 3 0 15 28 14.0 14.142135623730951 1.1958251736365584 
81 119 4 0 13 28 14.0 14.142135623730951 1.1990999656810188 
80 117 4 0 15 30 14.142135623730951 14.142135623730951 1.2122397884295335 
74 116 4 0 17 33 14.142135623730951 14.142135623730951 1.210559416845635 
66 112 5 0 10 28 12.165525060596439 14.142135623730951 1.210832872317938 
65 111 5 0 11 28 12.165525060596439 14.142135623730951 1.2109746414381148 
61 110 6 0 8 23 12.165525060596439 13.341664064126334 1.2062969093225653 
60 108 6 0 10 21 13.341664064126334 13.341664064126334 1.211331028717931 
58 107 6 0 7 24 13.341664064126334 13.341664064126334 1.2120809530511287 
57 106 6 0 12 23 13.341664064126334 13.341664064126334 1.2262587142050834 
51 105 6 0 6 29 13.341664064126334 13.341664064126334 1.2285230458046161 
50 104 6 0 7 30 13.341664064126334 13.341664064126334 1.2232163245221204 
49 100 6 0 7 30 13.341664064126334 13.038404810405298 1.2238742931388669 
48 99 7 0 7 26 13.341664064126334 13.038404810405298 1.2210591924798417 
47 98 7 0 7 25 13.341664064126334 12.165525060596439 1.2239620683618415 
45 97 7 0 7 26 13.341664064126334 12.165525060596439 1.2244872712710115 
44 95 7 0 11 26 13.341664064126334 12.165525060596439 1.219685669380929 
43 94 7 0 7 25 13.341664064126334 12.165525060596439 1.2085733763118327 
42 90 7 0 7 22 13.341664064126334 12.165525060596439 1.2251800619818523 
40 89 8 0 5 26 13.341664064126334 12.165525060596439 1.2174900129452364 
39 88 8 0 6 22 13.341664064126334 12.165525060596439 1.213578702774488 
37 86 8 0 4 21 13.341664064126334 12.165525060596439 1.2158430343740207 
36 85 8 0 5 22 13.341664064126334 12.165525060596439 1.2154922991956456 
35 84 8 0 5 22 12.649110640673518 12.165525060596439 1.1991574456495484 
34 83 8 1 5 22 12.083045973594572 12.165525060596439 1.202791344911674 
33 82 8 1 5 24 11.661903789690601 12.165525060596439 1.1999290242427438 
33 81 8 1 9 22 10.198039027185569 12.649110640673518 1.2079998215729248 
29 80 9 1 2 22 10.295630140987 12.649110640673518 1.20676984297132 
28 79 9 1 2 22 10.0 11.045361017187261 1.210978777255436 
27 78 9 1 2 24 9.899494936611665 12.083045973594572 1.2146182160243895 
26 77 9 1 2 26 10.0 12.083045973594572 1.206296488471821 
25 76 9 1 2 22 8.602325267042627 12.083045973594572 1.2065257264276663 
24 74 9 1 4 23 7.211102550927978 10.198039027185569 1.2165214633539387 
22 72 9 1 2 29 4.47213595499958 10.198039027185569 1.204996686487394 
21 71 9 1 0 24 5.0990195135927845 10.198039027185569 1.18639140863553 
21 69 9 2 1 24 1.4142135623730951 10.198039027185569 1 
