140 140 0 0 14 14 16.0 16.0 1.415945743083092 
139 138 0 0 19 17 16.0 13.038404810405298 1.4547049401072816 
135 137 0 0 22 20 14.142135623730951 15.033296378372908 1.4651321476457726 
131 136 0 0 25 19 14.142135623730951 15.033296378372908 1.4524264224899468 
127 134 0 0 25 16 13.341664064126334 15.033296378372908 1.4851817044211137 
123 133 0 0 28 19 15.033296378372908 15.033296378372908 1.4822164938131663 
123 131 0 0 38 17 15.033296378372908 15.033296378372908 1.535078574048835 
117 130 0 0 38 23 14.0 15.033296378372908 1.5409746022456365 
113 128 0 0 36 24 14.0 15.033296378372908 1.5721990543430238 
107 127 0 0 34 27 14.0 15.033296378372908 1.5704553526757432 
105 125 0 0 35 27 14.0 15.033296378372908 1.617030303183336 
104 123 0 0 42 34 14.0 15.033296378372908 1.6385940367472984 
92 122 1 0 29 35 14.0 15.033296378372908 1.6452144758095895 
92 121 1 0 38 34 14.0 15.033296378372908 1.5591945076745812 
91 113 1 1 46 28 13.038404810405298 15.033296378372908 1.5727728013035216 
89 112 1 1 46 30 13.038404810405298 15.033296378372908 1.6130808383281012 
83 111 1 1 37 37 12.165525060596439 15.033296378372908 1.6259087050814685 
75 110 1 1 36 35 11.40175425099138 15.033296378372908 1.6231543415082075 
69 109 1 1 34 32 10.198039027185569 15.033296378372908 1.5949185660967067 
63 108 2 1 25 27 8.94427190999916 15.033296378372908 1.551229587407609 
57 107 2 1 20 18 8.94427190999916 15.033296378372908 1.5652711955387324 
57 106 2 1 27 19 8.94427190999916 15.033296378372908 1.5958399652503688 
57 105 2 1 28 25 8.94427190999916 15.033296378372908 1.5562386108555715 
49 103 3 1 18 18 7.615773105863909 15.033296378372908 1.560431162750847 
48 102 3 1 21 18 7.615773105863909 15.033296378372908 1.597204365012872 
42 101 4 1 16 23 7.615773105863909 15.033296378372908 1.589323452570046 
41 100 5 1 17 22 7.615773105863909 14.0 1.5822308128123488 
39 99 5 1 15 21 6.0 14.0 1.5881081881504742 
38 98 5 1 16 22 6.0 14.0 1.5966799733716674 
36 97 5 1 16 23 4.0 14.0 1.5850685626098626 
36 96 5 1 16 22 4.0 14.0 1.5676596177953426 
35 95 5 1 14 20 4.0 14.0 1.56178455265952 
35 94 5 1 14 20 4.0 14.0 1.5559094875236972 
35 93 5 1 14 20 4.0 14.0 1.5553546094843351 
35 89 5 1 14 24 4.0 14.0 1.5154333735752414 
33 88 6 1 13 17 4.0 14.0 1.5241428368606404 
29 87 7 1 7 19 6.324555320336759 14.0 1.5099748155298123 
29 86 7 1 8 17 3.1622776601683795 14.0 1.494414075641769 
28 85 7 2 8 19 3.1622776601683795 14.0 1.4905647715975128 
28 84 7 2 9 19 3.1622776601683795 14.0 1.4691345276926875 
30 83 6 2 11 17 3.1622776601683795 14.0 1.4697452184555542 
28 82 6 2 8 18 6.324555320336759 14.0 1.4658347259845648 
27 81 6 2 7 18 6.324555320336759 14.0 1.4485791233574161 
26 80 7 2 5 16 6.324555320336759 14.0 1.4426119044609549 
27 79 6 2 7 16 6.324555320336759 14.0 1.431092647459789 
26 78 7 2 5 15 6.324555320336759 14.0 1.4308617741893095 
27 77 6 2 7 16 6.324555320336759 14.0 1.4281974094443515 
25 76 7 2 4 16 3.1622776601683795 14.0 1.4173160535624014 
24 75 8 2 2 15 1.4142135623730951 14.0 1.3862947795509384 
26 71 7 2 6 15 2.8284271247461903 11.045361017187261 1.3622783818578503 
26 70 7 3 10 15 5.830951894845301 11.045361017187261 1.3594023781230735 
24 69 7 3 7 15 2.8284271247461903 11.045361017187261 1.365092157999854 
23 68 8 3 5 17 2.8284271247461903 11.045361017187261 1.3485555488919343 
24 67 8 3 8 15 6.324555320336759 11.045361017187261 1.3439562859945438 
24 66 8 3 8 15 2.8284271247461903 11.045361017187261 1.3368054186202891 
24 65 8 3 8 15 6.324555320336759 11.045361017187261 1.3322061557228984 
24 64 8 3 8 15 2.8284271247461903 11.045361017187261 1.3250552883486437 
24 63 8 3 8 15 6.324555320336759 11.045361017187261 1.320456025451253 
24 62 8 3 8 15 2.8284271247461903 11.045361017187261 1.3133051580769983 
24 61 8 3 8 15 6.324555320336759 11.045361017187261 1.3087058951796078 
24 60 8 3 8 15 2.8284271247461903 11.045361017187261 1.307291373431335 
24 59 8 3 8 16 6.324555320336759 11.045361017187261 1.2977969768529245 
24 58 8 3 8 15 2.8284271247461903 11.40175425099138 1.289155727798062 
24 57 8 3 8 15 6.324555320336759 10.770329614269007 1.281526966590291 
24 56 8 3 8 15 2.8284271247461903 9.486832980505138 1.2627646884542314 
24 54 8 3 8 14 6.324555320336759 9.486832980505138 1.2581654255568409 
24 53 8 3 8 14 2.8284271247461903 9.486832980505138 1.251014558182586 
24 52 8 3 8 14 6.324555320336759 9.486832980505138 1.2406789496592132 
24 51 8 3 8 13 2.8284271247461903 9.486832980505138 1.2335280822849586 
24 50 8 3 8 13 6.324555320336759 9.486832980505138 1.2231924737615856 
24 49 8 3 8 12 2.8284271247461903 9.486832980505138 1.221777952013313 
24 48 8 3 8 13 6.324555320336759 9.486832980505138 1.186293643729356 
24 47 8 4 8 12 2.8284271247461903 9.486832980505138 1.1539940765945171 
24 46 8 5 8 12 6.324555320336759 9.486832980505138 1.1436584680711444 
24 45 8 5 8 11 2.8284271247461903 9.486832980505138 1.1307712550709075 
24 44 8 5 8 10 6.324555320336759 9.486832980505138 1.131908337799499 
24 43 8 5 8 11 2.8284271247461903 9.486832980505138 1.119021124799262 
24 42 8 5 8 10 6.324555320336759 9.486832980505138 1.0937033822378932 
24 41 8 5 8 7 2.8284271247461903 8.0 1.0865525148636384 
24 40 8 5 8 7 6.324555320336759 8.0 1.0568045522056637 
24 39 8 6 8 7 2.8284271247461903 8.0 1.0496536848314089 
24 38 8 6 8 7 6.324555320336759 8.0 1.0398992204653268 
24 37 8 6 8 6 2.8284271247461903 8.246211251235321 1.0327483530910722 
24 36 8 6 8 6 6.324555320336759 8.246211251235321 1.0266610369756521 
24 35 8 6 8 6 2.8284271247461903 7.615773105863909 1.0185550063931825 
24 34 8 6 8 6 6.324555320336759 7.211102550927978 1.0082193978698095 
24 33 8 6 8 5 2.8284271247461903 7.211102550927978 0.9978108950871847 
24 32 8 6 8 5 6.324555320336759 5.830951894845301 0.9874752865638119 
24 31 8 6 8 4 2.8284271247461903 5.830951894845301 0.9860607648155393 
24 30 8 6 8 5 6.324555320336759 5.830951894845301 0.9782542238578947 
24 29 8 6 8 5 2.8284271247461903 4.47213595499958 0.9711033564836399 
24 28 8 6 8 5 6.324555320336759 4.47213595499958 0.9413553938256651 
24 27 8 7 8 5 2.8284271247461903 4.47213595499958 0.928468180825428 
24 26 8 7 8 4 6.324555320336759 4.47213595499958 0.9207771969319393 
24 25 8 7 8 4 2.8284271247461903 3.1622776601683795 0.8884776297971001 
24 24 8 8 8 4 6.324555320336759 3.1622776601683795 0.8754973966438434 
24 23 8 8 8 2 2.8284271247461903 4.47213595499958 0.863008220813846 
24 22 8 8 8 0 6.324555320336759 7.0710678118654755 0.8741334047816169 
24 23 8 8 8 1 2.8284271247461903 6.324555320336759 0.863008220813846 
24 22 8 8 8 0 6.324555320336759 7.0710678118654755 0.8923034644069825 
24 24 8 8 8 4 2.8284271247461903 4.242640687119285 0.8799579400313936 
24 23 8 8 8 3 6.324555320336759 4.47213595499958 0.833260258155871 
24 21 8 9 8 0 2.8284271247461903 7.0710678118654755 0.8818145613222932 
24 23 8 8 8 4 6.324555320336759 2.8284271247461903 0.8700203686782603 
24 22 8 8 8 1 2.8284271247461903 7.0710678118654755 0.831984455917439 
24 21 8 9 8 0 6.324555320336759 7.0710678118654755 0.870492800356833 
24 24 8 9 8 4 2.8284271247461903 5.656854249492381 0.8600038972721437 
24 23 8 9 8 4 6.324555320336759 4.242640687119285 0.8444736317474366 
24 22 8 9 8 2 2.8284271247461903 4.47213595499958 0.8227583521251192 
24 21 8 9 8 0 6.324555320336759 3.1622776601683795 0.833260258155871 
24 21 8 9 8 0 2.8284271247461903 7.0710678118654755 0.8637528639570455 
24 23 8 9 8 4 6.324555320336759 5.830951894845301 0.833260258155871 
24 21 8 9 8 0 2.8284271247461903 7.0710678118654755 0.9002407630148079 
24 25 8 8 8 4 6.324555320336759 5.656854249492381 0.8923034644069825 
24 24 8 8 8 4 2.8284271247461903 4.242640687119285 0.8799579400313936 
24 23 8 8 8 3 6.324555320336759 4.47213595499958 0.864284023052278 
24 22 8 8 8 0 2.8284271247461903 7.0710678118654755 0.9224543961797649 
24 24 8 7 8 5 6.324555320336759 4.47213595499958 0.9125168248266315 
24 23 8 7 8 3 2.8284271247461903 7.0710678118654755 0.8640898468009569 
24 22 8 8 8 1 6.324555320336759 5.0990195135927845 0.8286055385169997 
24 21 8 9 8 0 2.8284271247461903 5.0990195135927845 0.8227583521251192 
24 21 8 9 8 0 6.324555320336759 3.1622776601683795 0.8722669561379048 
24 22 8 8 8 3 2.8284271247461903 3.1622776601683795 0.8243686587016823 
24 21 8 9 8 1 6.324555320336759 1.4142135623730951 -1 
