140 140 0 0 14 14 16.0 16.0 1.0208747734578372 
138 139 0 0 17 17 16.0 14.142135623730951 1.026765717588418 
134 138 0 0 16 18 12.0 16.0 1.0293427727555264 
133 137 0 0 15 21 12.165525060596439 16.0 1.0308829361127123 
131 136 0 0 16 23 12.165525060596439 16.0 1.0291293450920365 
129 132 0 0 16 23 12.165525060596439 16.0 1.0281434589325487 
127 131 0 0 16 22 14.142135623730951 16.0 1.0304532295609068 
125 129 0 0 14 24 14.142135623730951 16.0 1.028986187905843 
123 127 0 0 15 23 14.142135623730951 16.0 1.029550827075296 
121 126 0 0 15 23 14.142135623730951 16.0 1.0306777895312786 
120 124 0 0 14 25 14.142135623730951 16.0 1.0310236394976173 
119 123 0 0 14 25 13.038404810405298 16.0 1.0319916955421358 
117 122 0 0 15 27 13.038404810405298 15.033296378372908 1.032042217822295 
115 121 0 0 16 27 13.038404810405298 15.033296378372908 1.0318620364532347 
113 120 0 0 16 26 13.038404810405298 15.033296378372908 1.0314511514349554 
111 119 0 0 15 24 13.038404810405298 15.033296378372908 1.0322185713954313 
109 117 0 0 16 26 13.038404810405298 15.033296378372908 1.0302631483985736 
105 115 0 0 22 26 13.038404810405298 15.033296378372908 1.0286584244596204 
101 113 0 0 18 19 12.0 15.033296378372908 1.0296944960269292 
99 111 0 0 14 18 12.165525060596439 15.033296378372908 1.0302591351963823 
97 110 0 0 14 18 12.165525060596439 15.033296378372908 1.0318706210937374 
96 109 0 0 13 19 11.045361017187261 15.033296378372908 1.0324352602631905 
94 108 0 0 13 19 11.045361017187261 15.033296378372908 1.0340281332112313 
92 107 0 0 11 19 11.045361017187261 15.033296378372908 1.0348234760299038 
90 106 0 0 12 20 11.045361017187261 15.033296378372908 1.0367231818825957 
89 105 0 0 11 22 11.045361017187261 15.033296378372908 1.0378639095732867 
87 104 0 0 12 23 10.198039027185569 15.033296378372908 1.0337267345517445 
83 102 0 0 15 18 10.198039027185569 15.033296378372908 1.037323365466106 
81 101 0 0 12 20 10.198039027185569 15.033296378372908 1.0363983635585325 
79 100 0 0 12 18 10.198039027185569 15.033296378372908 1.037022455679729 
78 99 0 0 11 19 10.0 14.0 1.0405091116809344 
76 98 0 0 10 23 11.40175425099138 14.0 1.0353382508723432 
75 94 0 0 11 20 11.40175425099138 14.0 1.0374495617311372 
74 93 0 0 10 21 9.055385138137417 14.0 1.0232744346701892 
73 92 0 1 11 20 9.055385138137417 14.0 1.0236083701904233 
71 91 0 1 10 19 9.055385138137417 14.0 1.0366660862322878 
70 90 1 1 11 21 9.055385138137417 14.0 1.0384896628295484 
68 89 1 1 10 22 9.055385138137417 14.0 1.039229562570748 
67 88 1 1 9 22 8.246211251235321 14.0 1.0276045684882977 
63 87 1 2 9 22 10.0 14.0 1.0275005163746695 
62 86 1 2 9 22 10.0 14.0 1.0395827082288018 
61 85 2 2 9 22 10.0 14.0 1.0414824140814942 
60 84 2 2 8 24 10.0 14.0 1.0413569858012193 
59 83 2 2 7 24 11.313708498984761 14.0 1.053644274329298 
55 81 3 2 9 24 11.313708498984761 14.0 1.0503302364123974 
54 80 3 2 8 19 11.313708498984761 14.0 1.0516396961203636 
52 79 3 2 8 20 11.313708498984761 14.0 1.0521267394943277 
51 78 3 2 9 20 8.602325267042627 14.0 1.052306100620774 
50 77 3 2 7 19 8.602325267042627 14.0 1.0525323593608469 
48 76 3 2 8 20 8.602325267042627 13.038404810405298 1.0529424241365126 
47 75 3 2 7 20 8.602325267042627 13.038404810405298 1.037867902143264 
47 74 3 3 7 18 8.602325267042627 13.038404810405298 1.037297442500436 
46 73 3 3 8 18 8.48528137423857 13.038404810405298 1.0347003022638523 
45 71 3 3 7 15 8.48528137423857 13.038404810405298 1.0323066146630804 
44 70 3 3 9 14 8.48528137423857 12.165525060596439 1.046085731578882 
42 69 4 3 7 14 8.48528137423857 12.165525060596439 1.0467886077605817 
41 68 4 3 6 15 8.48528137423857 11.40175425099138 1.04593973510844 
40 67 4 3 6 14 8.48528137423857 11.40175425099138 1.0586906182456537 
38 66 5 3 6 14 8.48528137423857 11.40175425099138 1.0574592804705707 
36 64 5 3 5 12 8.602325267042627 11.40175425099138 1.0707440661661816 
34 63 6 3 5 13 8.602325267042627 11.045361017187261 1.0713087053356347 
32 62 6 3 5 13 8.602325267042627 11.045361017187261 1.0844191309683546 
31 61 7 3 3 13 8.602325267042627 11.045361017187261 1.0848291957440208 
30 60 7 3 2 13 8.602325267042627 11.045361017187261 1.0847251436303924 
29 59 7 3 2 13 8.602325267042627 11.045361017187261 1.085188180870545 
28 58 7 3 2 13 7.211102550927978 11.045361017187261 1.0863430661847242 
27 57 7 3 1 14 7.211102550927978 11.045361017187261 1.0868015902385295 
26 56 7 3 1 14 5.830951894845301 11.045361017187261 1.087211655014195 
25 55 7 3 0 14 5.830951894845301 11.045361017187261 1.0857994777758317 
25 53 7 3 1 14 4.242640687119285 11.045361017187261 1.085601878941286 
24 52 7 3 1 14 4.47213595499958 11.045361017187261 1.0976840707954183 
23 51 8 3 1 14 4.47213595499958 11.045361017187261 1.097337149910192 
22 50 8 3 0 14 5.0990195135927845 10.198039027185569 1.0946738651935264 
22 49 8 3 1 12 3.1622776601683795 9.055385138137417 1.1072701739369528 
21 48 9 3 0 12 3.1622776601683795 9.055385138137417 1.1066958584707713 
21 47 9 3 1 12 1.4142135623730951 9.055385138137417 1 
