140 140 0 0 14 14 16.0 16.0 1.303924356313501 
139 139 0 0 19 19 16.0 13.038404810405298 1.3125452886410374 
135 138 0 0 22 17 13.038404810405298 15.033296378372908 1.3398429418184732 
131 137 0 0 25 20 14.0 15.033296378372908 1.352378456297466 
129 136 0 0 28 21 14.0 15.033296378372908 1.3533836248445168 
125 135 0 0 29 19 14.0 15.033296378372908 1.357203537442613 
125 133 0 0 37 18 14.0 15.033296378372908 1.3905558928522024 
117 132 0 0 32 23 13.038404810405298 16.0 1.409363298343039 
111 131 0 0 30 25 12.0 16.0 1.4029452342542195 
110 130 0 0 36 21 11.40175425099138 16.0 1.4136701159838863 
109 129 0 0 46 19 11.40175425099138 16.0 1.4617419136378567 
103 128 0 0 56 22 11.40175425099138 16.0 1.5404150801597367 
93 126 1 0 54 35 11.045361017187261 16.0 1.5048830368014758 
89 118 1 0 58 30 11.40175425099138 16.0 1.5429618255773119 
88 117 1 0 64 36 11.40175425099138 16.0 1.5556748810483512 
87 113 1 0 66 41 11.40175425099138 16.0 1.5463666600260522 
88 111 1 0 67 41 11.40175425099138 16.0 1.5356729665975868 
87 110 1 0 71 37 11.40175425099138 16.0 1.4954604084028105 
88 109 1 0 68 31 11.40175425099138 16.0 1.5056380572537051 
84 107 1 0 54 39 11.40175425099138 16.0 1.460172199048328 
80 103 1 0 58 28 11.40175425099138 16.0 1.4772744417114445 
80 102 1 0 64 30 12.083045973594572 16.0 1.4629638257866429 
80 101 1 0 57 31 12.083045973594572 16.0 1.4473159518371246 
74 100 1 0 47 29 10.770329614269007 16.0 1.404103271234487 
70 99 2 0 36 22 10.770329614269007 16.0 1.4471688607622248 
71 98 2 0 43 30 10.770329614269007 16.0 1.4539650261008112 
65 96 3 0 38 31 10.770329614269007 16.0 1.4403550194054044 
57 95 4 0 31 26 9.055385138137417 16.0 1.4231381902903595 
56 94 4 0 34 21 8.94427190999916 16.0 1.4340225730848395 
48 93 5 0 26 22 8.246211251235321 16.0 1.43422156339998 
42 92 6 0 20 21 7.0710678118654755 16.0 1.4353657129141388 
41 90 6 0 21 22 7.211102550927978 16.0 1.4383518864781253 
39 89 7 0 20 22 6.324555320336759 16.0 1.4164745649915493 
37 85 7 0 17 22 6.324555320336759 12.649110640673518 1.4029106404830831 
31 84 8 1 13 22 7.615773105863909 12.649110640673518 1.4072147226899245 
29 83 8 1 12 23 7.0710678118654755 12.649110640673518 1.3730659941870693 
28 82 8 2 11 21 7.211102550927978 12.649110640673518 1.3675348121669673 
24 81 9 2 5 20 4.47213595499958 12.649110640673518 1.3696695544819084 
24 80 9 2 6 21 5.656854249492381 12.649110640673518 1 
