140 140 0 0 14 14 16.0 16.0 1.0806397339734737 
138 138 0 0 17 17 16.0 14.142135623730951 1.0848782759116293 
134 137 0 0 16 18 13.341664064126334 16.0 1.083013444097558 
132 135 0 0 16 17 13.341664064126334 16.0 1.0832373784176326 
130 134 0 0 16 17 13.341664064126334 16.0 1.0827436880892582 
128 133 0 0 16 17 14.0 15.033296378372908 1.0820777018824028 
126 131 0 0 14 17 15.033296378372908 15.033296378372908 1.081992010072042 
124 130 0 0 16 17 15.033296378372908 15.033296378372908 1.0833845290033433 
122 129 0 0 15 18 15.033296378372908 15.033296378372908 1.0833924272160724 
120 127 0 0 16 19 15.033296378372908 15.033296378372908 1.0885304062009746 
118 126 0 0 17 24 15.033296378372908 15.033296378372908 1.085558212817804 
116 125 0 0 18 21 15.033296378372908 15.033296378372908 1.08673469564176 
114 123 0 0 18 23 15.033296378372908 15.033296378372908 1.0838560922816796 
112 121 0 0 18 21 15.033296378372908 15.033296378372908 1.0850937981477633 
110 120 0 0 18 22 15.033296378372908 15.033296378372908 1.0852565094257098 
108 118 0 0 18 23 15.033296378372908 15.033296378372908 1.0888069157460138 
104 117 0 0 18 25 15.033296378372908 15.033296378372908 1.08377832320966 
102 113 0 0 18 23 15.033296378372908 15.033296378372908 1.0860298006217526 
100 112 0 0 18 25 15.033296378372908 15.033296378372908 1.1084958931572444 
94 111 1 0 17 33 15.033296378372908 15.033296378372908 1.1183567567132073 
90 110 2 0 17 30 15.033296378372908 15.033296378372908 1.1209178602557355 
88 109 2 0 15 32 15.033296378372908 15.033296378372908 1.1180716238766173 
86 105 2 0 14 32 15.033296378372908 15.033296378372908 1.1107980960088304 
85 103 2 0 12 26 15.033296378372908 15.033296378372908 1.122112701538222 
79 102 3 0 11 23 15.033296378372908 15.033296378372908 1.1217945906483973 
78 101 3 0 11 23 14.142135623730951 15.033296378372908 1.1195928181857655 
77 100 3 0 10 21 13.341664064126334 15.033296378372908 1.1171474433357427 
76 96 3 0 9 22 13.038404810405298 15.033296378372908 1.1177356847477204 
75 95 3 0 9 23 13.038404810405298 15.033296378372908 1.1170761918187704 
71 94 3 0 10 21 13.038404810405298 15.033296378372908 1.127820482623758 
69 93 4 0 9 20 13.038404810405298 15.033296378372908 1.12816958477616 
67 92 4 0 9 20 12.0 15.033296378372908 1.1224228582959002 
66 91 4 1 8 28 12.0 15.033296378372908 1.1226070503698988 
64 90 4 1 9 28 11.045361017187261 15.033296378372908 1.1249606627641382 
62 89 4 1 9 30 10.198039027185569 15.033296378372908 1.1205630993519344 
60 88 4 1 7 25 9.055385138137417 15.033296378372908 1.1181234195556629 
59 87 4 1 7 23 8.94427190999916 15.033296378372908 1.1126290316915861 
58 86 4 1 7 18 8.94427190999916 15.033296378372908 1.1138667375576699 
56 85 4 1 7 19 8.94427190999916 15.033296378372908 1.114245484942962 
54 84 4 1 6 19 8.94427190999916 15.033296378372908 1.1148337263549397 
53 83 4 1 6 20 8.94427190999916 15.033296378372908 1.122839786571676 
52 81 5 1 5 18 8.94427190999916 15.033296378372908 1.1229089078265326 
50 80 5 1 6 18 8.94427190999916 15.033296378372908 1.1226381907577194 
49 79 5 1 5 18 8.94427190999916 15.033296378372908 1.1222126606236882 
48 78 5 1 5 18 8.94427190999916 15.033296378372908 1.1223753719016352 
46 76 5 1 5 19 8.94427190999916 15.033296378372908 1.1224444931564919 
44 75 5 1 6 19 8.94427190999916 15.033296378372908 1.1383512317146147 
42 73 6 1 4 24 8.94427190999916 15.033296378372908 1.133391167085697 
40 72 6 1 4 19 9.899494936611665 15.033296378372908 1.132904413909538 
39 70 6 1 4 20 9.899494936611665 15.033296378372908 1.120920245088006 
38 69 6 2 4 22 9.899494936611665 15.033296378372908 1.1176082133811653 
37 68 6 2 3 19 9.899494936611665 15.033296378372908 1.1173374963123521 
36 67 6 2 2 19 9.899494936611665 15.033296378372908 1.1156821585249665 
35 65 6 2 3 19 9.899494936611665 15.033296378372908 1.116595680284552 
34 64 6 2 2 20 8.48528137423857 15.033296378372908 1.1124407939865315 
32 63 6 2 4 16 8.602325267042627 15.033296378372908 1.1165255250086898 
30 62 6 2 1 19 5.656854249492381 15.033296378372908 1.121147867123258 
29 61 6 2 1 24 5.830951894845301 15.033296378372908 1.1207223369892267 
28 60 6 2 1 24 5.830951894845301 15.033296378372908 1.1255322695027183 
27 58 7 2 1 19 5.830951894845301 15.033296378372908 1.1221607395441562 
26 57 7 2 0 16 6.324555320336759 15.033296378372908 1.1211542198746378 
26 56 7 2 1 16 4.47213595499958 15.033296378372908 1.1226806691840698 
25 55 7 2 1 18 5.0990195135927845 15.033296378372908 1.1327754955349518 
24 54 8 2 0 17 5.0990195135927845 15.033296378372908 1.130387685273147 
24 53 8 2 1 16 1.4142135623730951 14.142135623730951 1.1389573382308493 
23 52 9 2 0 14 5.656854249492381 14.142135623730951 1.1254527376598713 
23 51 9 3 0 15 4.47213595499958 14.142135623730951 1.10571839111354 
23 49 9 4 0 11 4.0 14.142135623730951 1.0899253095642498 
23 47 9 5 0 11 4.47213595499958 14.142135623730951 1.086879682477593 
23 46 9 5 0 9 4.0 14.142135623730951 1.0847340057499493 
23 45 9 5 0 8 4.47213595499958 14.142135623730951 1.0837159217553103 
23 44 9 5 0 8 4.0 14.142135623730951 1.0825840165736758 
23 43 9 5 0 8 4.47213595499958 14.142135623730951 1.0815659325790368 
23 42 9 5 0 8 4.0 14.142135623730951 1.0807190564390694 
23 41 9 5 0 9 4.47213595499958 13.038404810405298 1.0807147439904394 
23 40 9 5 0 10 4.0 13.038404810405298 1.0785690672627959 
23 39 9 5 0 9 4.47213595499958 13.038404810405298 1.0598484922624738 
23 37 9 6 0 6 4.0 13.038404810405298 1.043102862209302 
23 36 9 7 0 4 4.47213595499958 13.038404810405298 1.0403853959083855 
23 35 9 7 0 3 4.0 12.0 1.0236397658552137 
23 34 9 8 0 1 4.47213595499958 12.0 1.0216079103145657 
23 33 9 8 0 0 4.0 12.0 1.024325376615482 
23 34 9 8 0 1 4.47213595499958 13.038404810405298 1.0216079103145657 
23 33 9 8 0 0 4.0 12.0 1.0253391481614913 
23 34 9 8 0 2 4.47213595499958 13.038404810405298 1.0217171988709184 
23 33 9 8 0 0 4.0 12.165525060596439 1.0280628112090584 
23 35 9 8 0 3 4.47213595499958 14.0 1.0217171988709184 
23 33 9 8 0 0 4.0 12.165525060596439 1.0265531477933283 
23 34 9 8 0 3 4.47213595499958 13.341664064126334 1.0227309704169274 
23 33 9 8 0 1 4.0 12.165525060596439 1.0069991119097648 
23 32 9 9 0 0 4.47213595499958 12.165525060596439 1.027423601847007 
23 34 9 8 0 4 4.0 13.038404810405298 1.0226740598234296 
23 33 9 8 0 1 4.47213595499958 12.165525060596439 1.0070560225032628 
23 32 9 9 0 0 4.0 12.165525060596439 1.022564771267077 
23 33 9 8 0 1 4.47213595499958 12.0 1.0070560225032628 
23 32 9 9 0 0 4.0 12.165525060596439 1.0263529197075003 
23 34 9 8 0 3 4.47213595499958 13.038404810405298 1.0216079103145657 
23 33 9 8 0 0 4.0 12.0 1.0291704283459882 
23 35 9 8 0 4 4.47213595499958 14.142135623730951 1.0216079103145657 
23 33 9 8 0 0 4.0 12.0 1.0291704283459882 
23 35 9 8 0 4 4.47213595499958 14.142135623730951 1.0245825152948078 
23 34 9 8 0 1 4.0 13.341664064126334 1.0216602882774206 
23 33 9 8 0 0 4.47213595499958 12.165525060596439 1.0308907258351205 
23 36 9 8 0 4 4.0 15.033296378372908 1.02452560470131 
23 34 9 8 0 1 4.47213595499958 13.341664064126334 1.0217171988709184 
23 33 9 8 0 0 4.0 12.165525060596439 1.0400003245291471 
23 35 9 7 0 2 4.47213595499958 13.038404810405298 1.0372828582282305 
23 34 9 7 0 1 4.0 12.0 1.0216602882774206 
23 33 9 8 0 0 4.47213595499958 12.165525060596439 1.0382966297742398 
23 34 9 7 0 2 4.0 12.0 1.0216602882774206 
23 33 9 8 0 0 4.47213595499958 12.165525060596439 1.0248197365510734 
23 34 9 8 0 2 4.0 12.165525060596439 1.0216602882774206 
23 33 9 8 0 0 4.47213595499958 12.165525060596439 1.0248197365510734 
23 34 9 8 0 2 4.0 12.165525060596439 1.0226740598234296 
23 33 9 8 0 1 4.47213595499958 12.165525060596439 1.0073753117379516 
23 32 9 9 0 0 4.0 12.649110640673518 1.0145092519783323 
23 34 9 9 0 4 4.47213595499958 14.142135623730951 1.0109351104731612 
23 33 9 9 0 2 4.0 13.341664064126334 1.0069991119097648 
23 32 9 9 0 0 4.47213595499958 12.165525060596439 1.025396058754989 
23 34 9 8 0 2 4.0 13.038404810405298 1.022564771267077 
23 33 9 8 0 1 4.47213595499958 12.0 1.0070560225032628 
23 32 9 9 0 0 4.0 12.165525060596439 1.0073184011444536 
23 32 9 9 0 0 4.47213595499958 12.649110640673518 1.0308907258351205 
23 36 9 8 0 4 4.0 15.033296378372908 1.02452560470131 
23 34 9 8 0 1 4.47213595499958 13.341664064126334 1.0217171988709184 
23 33 9 8 0 0 4.0 12.165525060596439 1.0247628259575756 
23 34 9 8 0 2 4.47213595499958 12.165525060596439 1.0217171988709184 
23 33 9 8 0 0 4.0 12.165525060596439 1.0414515454172495 
23 35 9 7 0 4 4.47213595499958 12.165525060596439 1.0227309704169274 
23 33 9 8 0 1 4.0 12.165525060596439 1.0073184011444536 
23 32 9 9 0 0 4.47213595499958 12.649110640673518 1.0227309704169274 
23 33 9 8 0 1 4.0 12.165525060596439 1.0073184011444536 
23 32 9 9 0 0 4.47213595499958 12.649110640673518 1.0144723169809093 
23 34 9 9 0 4 4.0 14.0 1.0069991119097648 
23 32 9 9 0 0 4.47213595499958 12.165525060596439 1.025396058754989 
23 34 9 8 0 2 4.0 13.038404810405298 1.0226740598234296 
23 33 9 8 0 1 4.47213595499958 12.165525060596439 1.0070560225032628 
23 32 9 9 0 0 4.0 12.165525060596439 -1 
