140 140 0 0 14 14 16.0 16.0 0.9807151056502666 
138 138 0 0 17 17 16.0 14.142135623730951 0.9856830863546505 
134 137 0 0 16 16 13.038404810405298 16.0 0.9913337804917063 
132 136 0 0 16 21 13.038404810405298 16.0 0.9934063306162002 
130 135 0 0 16 22 13.038404810405298 16.0 0.9923524155566742 
128 133 0 0 16 21 13.038404810405298 15.033296378372908 0.9918936075796778 
126 131 0 0 14 20 15.033296378372908 15.033296378372908 0.9864088880884309 
124 127 0 0 16 16 15.033296378372908 15.033296378372908 0.9892505838234397 
122 126 0 0 15 18 15.033296378372908 14.142135623730951 0.9918034723184647 
120 125 0 0 16 20 15.033296378372908 14.142135623730951 0.9918152240289356 
118 123 0 0 17 20 15.033296378372908 14.142135623730951 0.9894283101797192 
116 119 0 0 18 19 15.033296378372908 14.142135623730951 0.993432403535361 
114 117 0 0 18 23 15.033296378372908 14.142135623730951 0.9974364968910029 
112 115 0 0 18 27 15.033296378372908 14.142135623730951 0.9995090470154967 
110 114 0 0 18 28 15.033296378372908 14.142135623730951 0.9946529885230724 
108 108 0 0 18 26 15.033296378372908 13.341664064126334 1.0063671100982718 
102 107 0 0 17 33 15.033296378372908 13.341664064126334 1.005832382700289 
100 105 0 0 15 31 15.033296378372908 13.341664064126334 1.0033088246664774 
99 101 0 0 14 30 15.033296378372908 13.341664064126334 1.0000861265503227 
98 99 0 0 14 27 15.033296378372908 13.341664064126334 1.002582696487822 
96 98 0 0 14 28 14.0 13.341664064126334 1.005530181751996 
94 97 0 0 15 30 13.038404810405298 13.341664064126334 1.0052026019852813 
90 95 0 0 15 27 13.038404810405298 13.341664064126334 1.0066080884102266 
86 93 0 0 16 26 12.165525060596439 13.341664064126334 1.0231200430359555 
78 92 1 0 13 22 12.165525060596439 13.341664064126334 1.0273050688458976 
74 91 1 0 13 24 12.165525060596439 12.165525060596439 1.0414640215218884 
70 90 2 0 15 24 12.165525060596439 12.165525060596439 1.0521813767399861 
69 89 3 0 14 22 12.165525060596439 12.165525060596439 1.0542332550118647 
67 88 3 0 13 22 11.045361017187261 12.165525060596439 1.056102667346068 
66 87 3 0 12 23 10.198039027185569 12.165525060596439 1.0594134476596386 
65 86 3 0 11 26 10.198039027185569 12.165525060596439 1.054281452575537 
63 85 3 0 10 19 10.198039027185569 11.40175425099138 1.0577288770737023 
61 84 3 0 11 22 10.198039027185569 11.40175425099138 1.0703014450360029 
60 83 4 0 12 23 10.198039027185569 11.40175425099138 1.0699679405990894 
59 82 4 0 9 21 10.198039027185569 11.40175425099138 1.067710281932748 
57 80 4 0 9 18 10.198039027185569 11.40175425099138 1.0687516518695062 
56 79 4 0 7 18 10.198039027185569 11.40175425099138 1.0722739425230958 
52 78 4 0 6 18 10.198039027185569 11.40175425099138 1.075170525204057 
51 77 4 0 6 21 10.198039027185569 11.40175425099138 1.0767946139250932 
49 76 4 0 4 21 10.198039027185569 10.770329614269007 1.0612085216127232 
48 75 4 1 5 18 9.055385138137417 10.770329614269007 1.0596780203056113 
47 74 4 1 5 16 8.94427190999916 10.770329614269007 1.0604308333241164 
46 73 4 1 5 16 8.94427190999916 11.661903789690601 1.06160884744547 
44 72 4 1 5 16 8.94427190999916 11.661903789690601 1.0649196277590405 
43 71 4 1 4 19 8.94427190999916 11.661903789690601 1.0656834442477847 
41 70 4 1 5 19 8.94427190999916 11.661903789690601 1.0668557745785152 
40 69 4 1 4 19 7.615773105863909 11.661903789690601 1.063023482908954 
39 65 4 1 4 17 7.615773105863909 11.661903789690601 1.0742211764975829 
38 64 5 1 4 16 7.615773105863909 11.661903789690601 1.0727875503877091 
37 62 5 1 4 15 7.615773105863909 11.661903789690601 1.0689638002009851 
36 58 5 1 4 13 7.211102550927978 11.40175425099138 1.0685768661577943 
35 56 5 1 5 13 5.830951894845301 11.40175425099138 1.0563342349083826 
34 55 5 2 4 13 5.0990195135927845 11.40175425099138 1.0573611241365557 
33 53 5 2 3 14 4.47213595499958 11.40175425099138 1.0559732872641943 
32 51 5 2 3 14 4.47213595499958 10.0 1.0662764448496829 
31 50 6 2 3 12 4.47213595499958 10.0 1.0547704676692755 
30 48 6 3 2 14 4.47213595499958 10.0 1.0524230749097097 
30 47 6 3 2 12 4.0 10.0 1.0505827301033073 
30 46 6 3 2 11 4.47213595499958 10.0 1.0500244093500226 
30 45 6 3 2 11 4.0 10.0 1.0463949925373388 
30 44 6 3 2 8 4.47213595499958 10.0 1.03266651507149 
30 43 6 4 2 8 4.0 10.0 1.0344043142776493 
30 42 6 4 2 11 4.47213595499958 10.0 1.0208183080366673 
30 40 6 5 2 12 4.0 10.0 1.0162943552208432 
30 39 6 5 2 8 4.47213595499958 10.0 1.0148897578051845 
30 38 6 5 2 8 4.0 8.602325267042627 1.0139439490019224 
30 37 6 5 2 8 4.47213595499958 8.602325267042627 1.0106311514507793 
30 36 6 5 2 5 4.0 8.48528137423857 1.010579878650658 
30 35 6 5 2 6 4.47213595499958 8.48528137423857 1.010021557897373 
30 34 6 5 2 6 4.0 8.48528137423857 0.9959055923815467 
30 33 6 6 2 6 4.47213595499958 8.48528137423857 0.9936290684104176 
30 32 6 6 2 4 4.0 8.602325267042627 0.9919957685314849 
30 31 6 6 2 3 4.47213595499958 8.94427190999916 0.9914374477782 
30 30 6 6 2 3 4.0 8.94427190999916 0.9895971029717975 
30 29 6 6 2 2 4.47213595499958 8.94427190999916 0.9870948312506903 
30 28 6 6 2 1 4.0 7.211102550927978 0.9720843297317233 
30 27 6 7 2 0 4.47213595499958 7.211102550927978 0.9879893672538308 
30 28 6 6 2 2 4.0 7.211102550927978 0.9720843297317233 
30 27 6 7 2 0 4.47213595499958 7.211102550927978 0.9756289570516902 
30 28 6 7 2 3 4.0 7.0710678118654755 0.9733663605253123 
30 26 6 7 2 2 4.47213595499958 7.615773105863909 0.9579912822780494 
30 24 6 8 2 1 4.0 7.615773105863909 0.9553691193188484 
30 23 6 8 2 0 4.47213595499958 6.324555320336759 0.9577379597430479 
30 24 6 8 2 3 4.0 4.242640687119285 0.942341433831151 
30 22 6 9 2 1 4.47213595499958 6.324555320336759 0.9401465286369205 
30 21 6 9 2 0 4.0 5.0990195135927845 0.9445165302303619 
30 23 6 9 2 4 4.47213595499958 4.242640687119285 0.9423080943287493 
30 22 6 9 2 2 4.0 4.47213595499958 0.9399527846119319 
30 21 6 9 2 0 4.47213595499958 5.0990195135927845 0.9604887366982631 
30 24 6 8 2 5 4.0 5.830951894845301 0.9568581316413564 
30 22 6 8 2 2 4.47213595499958 7.0710678118654755 0.9413405821692263 
30 21 6 9 2 0 4.0 7.0710678118654755 0.9445165302303619 
30 23 6 9 2 4 4.47213595499958 4.242640687119285 0.9388099552063979 
30 21 6 9 2 1 4.0 1.4142135623730951 -1 
