140 140 0 0 14 14 16.0 16.0 1.3932091569478169 
139 139 0 0 19 17 16.0 13.038404810405298 1.4159617718150614 
135 137 0 0 22 19 13.038404810405298 15.033296378372908 1.4195752467169136 
131 136 0 0 25 17 14.142135623730951 15.033296378372908 1.4175965127145773 
127 134 0 0 25 16 13.038404810405298 15.033296378372908 1.4505045002578227 
123 133 0 0 28 20 15.033296378372908 15.033296378372908 1.4654980666910333 
123 131 0 0 38 21 15.033296378372908 15.033296378372908 1.469899928830191 
117 130 0 0 38 19 14.0 15.033296378372908 1.4932273365336077 
113 129 0 0 36 23 14.0 15.033296378372908 1.513053040477107 
107 128 0 0 34 25 14.0 15.033296378372908 1.542916949891702 
105 126 0 0 36 31 14.0 15.033296378372908 1.5897273106064989 
104 125 0 0 48 36 14.0 15.033296378372908 1.5652434290847126 
104 124 0 0 53 30 14.142135623730951 15.033296378372908 1.5783265431576958 
98 123 0 0 50 31 13.341664064126334 15.033296378372908 1.5750176044386843 
96 122 0 0 50 30 12.165525060596439 15.033296378372908 1.6103259580224432 
95 121 0 0 44 40 12.165525060596439 15.033296378372908 1.6173694602440243 
95 120 0 0 50 40 12.165525060596439 15.033296378372908 1.5997076751088364 
94 119 0 0 47 38 12.165525060596439 15.033296378372908 1.5851480322539198 
93 118 0 0 48 35 12.165525060596439 15.033296378372908 1.5569403807630082 
92 117 0 0 52 28 12.165525060596439 15.033296378372908 1.644250038975527 
92 116 0 0 49 48 12.165525060596439 15.033296378372908 1.6138252901702252 
86 115 0 0 44 41 12.165525060596439 15.033296378372908 1.570320163975652 
86 114 0 0 42 34 12.649110640673518 15.033296378372908 1.5774882103975105 
84 113 0 0 40 36 12.649110640673518 15.033296378372908 1.5476550934196083 
76 112 0 0 32 29 11.40175425099138 15.033296378372908 1.5077371218711808 
75 110 1 0 34 21 11.40175425099138 15.033296378372908 1.5226690765784783 
74 109 1 0 35 24 11.40175425099138 15.033296378372908 1.535782835076806 
72 107 1 0 36 27 11.40175425099138 15.033296378372908 1.4923795841656506 
71 105 1 0 30 22 11.40175425099138 15.033296378372908 1.5273983489463925 
70 104 1 0 32 29 10.198039027185569 14.0 1.565504298214684 
68 103 1 0 38 34 9.486832980505138 14.0 1.576618776806724 
67 102 1 0 42 35 9.486832980505138 14.0 1.6150751203737042 
63 101 2 0 44 40 9.486832980505138 14.0 1.688990270205429 
62 100 2 0 45 55 9.486832980505138 14.0 1.5755294402795528 
58 98 2 0 41 33 9.486832980505138 14.0 1.5951180887631449 
57 96 2 0 37 40 9.486832980505138 14.0 1.5962000018474138 
56 92 2 0 41 42 9.486832980505138 14.0 1.5688985293841593 
52 91 2 0 38 36 8.246211251235321 14.142135623730951 1.5683700322476948 
51 90 3 0 40 35 8.246211251235321 14.142135623730951 1.5474455962963831 
43 89 4 0 28 31 7.0710678118654755 14.142135623730951 1.5051556741832923 
37 88 5 0 16 24 7.211102550927978 14.142135623730951 1.5160166525201308 
37 87 5 0 19 26 7.211102550927978 14.142135623730951 1.5243342164593026 
36 86 5 0 19 28 5.830951894845301 14.142135623730951 1.4923358954774228 
35 85 5 0 19 22 8.94427190999916 14.142135623730951 1.504020327452335 
31 84 6 0 15 24 8.94427190999916 14.142135623730951 1.4997647466900093 
31 83 6 0 15 24 5.656854249492381 14.142135623730951 1.4996974023609981 
31 82 6 0 15 25 5.656854249492381 14.142135623730951 1.4848842592508804 
31 81 6 0 15 23 5.656854249492381 14.142135623730951 1.4897321811822382 
31 80 6 0 15 25 5.656854249492381 14.142135623730951 1.4798343043324893 
31 79 6 0 15 24 5.656854249492381 14.142135623730951 1.4797669600034782 
31 78 6 0 15 25 5.656854249492381 14.142135623730951 1.4450907188648514 
31 74 6 0 15 22 5.656854249492381 14.142135623730951 1.4429567503005416 
32 73 6 0 18 22 5.656854249492381 14.142135623730951 1.421655458645341 
31 71 6 0 17 20 5.656854249492381 12.649110640673518 1.4166378845604046 
27 70 7 1 11 24 4.0 12.649110640673518 1.3918519228878419 
23 69 8 2 5 24 2.8284271247461903 12.649110640673518 1.3450710886273674 
21 67 9 3 1 21 1.4142135623730951 12.649110640673518 1 
