140 140 0 0 14 14 16.0 16.0 1.06661928764751 
138 139 0 0 17 17 16.0 14.142135623730951 1.0661066046955676 
134 135 0 0 16 17 12.165525060596439 16.0 1.0720753328844939 
132 134 0 0 21 19 14.0 16.0 1.0688820753056172 
128 132 0 0 22 16 14.0 16.0 1.0745897411453609 
124 131 0 0 22 18 14.0 16.0 1.0792415882939985 
120 129 0 0 22 20 14.0 16.0 1.083893435442636 
116 127 0 0 22 22 14.0 16.0 1.0907994703913588 
112 126 0 0 25 24 14.0 16.0 1.1046082653949885 
104 125 1 0 20 24 13.341664064126334 16.0 1.11185057581978 
100 121 2 0 16 24 13.341664064126334 15.033296378372908 1.1116744621634702 
98 120 2 0 18 23 15.033296378372908 15.033296378372908 1.1140003857377891 
96 119 2 0 18 24 15.033296378372908 15.033296378372908 1.1222428489503589 
92 118 3 0 16 22 15.033296378372908 15.033296378372908 1.1218640416141372 
90 116 3 0 16 22 15.033296378372908 15.033296378372908 1.1208921407495864 
88 115 3 0 16 21 15.033296378372908 15.033296378372908 1.1282487188087647 
84 114 3 0 16 24 15.033296378372908 15.033296378372908 1.1293251865333087 
82 113 3 0 17 24 15.033296378372908 15.033296378372908 1.1271038298189828 
80 112 3 0 18 22 15.033296378372908 15.033296378372908 1.1259969243870818 
80 111 3 0 22 21 15.033296378372908 15.033296378372908 1.1269439448766665 
74 110 3 0 14 21 15.033296378372908 15.033296378372908 1.139981724637311 
73 109 4 0 14 23 15.033296378372908 15.033296378372908 1.1331455853506653 
72 108 4 0 18 18 15.033296378372908 15.033296378372908 1.1530685641977083 
66 107 5 0 12 23 13.341664064126334 15.033296378372908 1.1676756158860315 
58 106 6 0 9 23 13.038404810405298 15.033296378372908 1.16948349406622 
57 105 6 0 14 23 13.038404810405298 15.033296378372908 1.1754147496567584 
51 104 7 0 6 20 12.165525060596439 15.033296378372908 1.1768745640391525 
50 103 7 0 6 21 12.0 15.033296378372908 1.1775533392252102 
48 102 7 0 6 21 11.045361017187261 15.033296378372908 1.1766653561872142 
44 101 7 0 6 19 11.045361017187261 15.033296378372908 1.1856063987696694 
43 100 8 0 4 19 11.045361017187261 15.033296378372908 1.1712791088158092 
41 99 8 1 4 19 10.198039027185569 15.033296378372908 1.1703085220054912 
39 98 8 1 4 18 9.486832980505138 15.033296378372908 1.1693376235996151 
37 97 8 1 4 17 8.94427190999916 15.033296378372908 1.1716641789689468 
35 96 8 1 4 18 8.602325267042627 15.033296378372908 1.17432205662925 
34 95 8 1 7 19 8.602325267042627 15.033296378372908 1.168868312039591 
33 91 8 1 10 17 7.211102550927978 15.033296378372908 1.1700800430655642 
29 90 8 1 7 17 7.0710678118654755 15.033296378372908 1.1694461534454064 
25 88 8 1 2 17 2.0 15.033296378372908 1.179180382888264 
24 87 9 1 2 17 5.0990195135927845 15.033296378372908 1.1798430092949885 
23 86 9 1 0 18 4.0 15.033296378372908 1.1787863182656162 
23 85 9 1 0 18 4.47213595499958 15.033296378372908 1.1777313719127773 
23 84 9 1 0 18 4.0 15.033296378372908 1.1766746808834048 
23 83 9 1 0 18 4.47213595499958 15.033296378372908 1.175619734530566 
23 82 9 1 0 18 4.0 15.033296378372908 1.1745630435011936 
23 81 9 1 0 18 4.47213595499958 15.033296378372908 1.1735080971483545 
23 80 9 1 0 18 4.0 15.033296378372908 1.1724514061189821 
23 79 9 1 0 18 4.47213595499958 15.033296378372908 1.1713964597661433 
23 78 9 1 0 18 4.0 15.033296378372908 1.168690856517336 
23 77 9 1 0 17 4.47213595499958 15.033296378372908 1.167635910164497 
23 76 9 1 0 17 4.0 15.033296378372908 1.1682281313545595 
23 75 9 1 0 18 4.47213595499958 15.033296378372908 1.1704710094405901 
23 74 9 1 0 20 4.0 15.033296378372908 1.1694143184112178 
23 73 9 1 0 20 4.47213595499958 15.033296378372908 1.1650615476195092 
23 72 9 1 0 18 4.0 15.033296378372908 1.1613001256795963 
23 70 9 1 0 17 4.47213595499958 15.033296378372908 1.1569473548878877 
23 69 9 1 0 15 4.0 15.033296378372908 1.1558906638585151 
23 68 9 1 0 15 4.47213595499958 15.033296378372908 1.1548357175056763 
23 67 9 1 0 15 4.0 15.033296378372908 1.1554279386957387 
23 66 9 1 0 16 4.47213595499958 15.033296378372908 1.1543729923428996 
23 65 9 1 0 16 4.0 15.033296378372908 1.1582630379718317 
23 64 9 1 0 19 4.47213595499958 15.033296378372908 1.1552534844607323 
23 63 9 1 0 18 4.0 14.142135623730951 1.1315394590059913 
23 61 9 2 0 14 4.47213595499958 14.142135623730951 1.1304845126531524 
23 60 9 2 0 14 4.0 14.142135623730951 1.1294278216237799 
23 59 9 2 0 14 4.47213595499958 14.142135623730951 1.1117180961949822 
23 58 9 3 0 13 4.0 14.142135623730951 1.109012492946175 
23 57 9 3 0 12 4.47213595499958 14.142135623730951 1.094600591956247 
23 56 9 4 0 13 4.0 14.142135623730951 1.0935439009268746 
23 55 9 4 0 13 4.47213595499958 14.142135623730951 1.0924889545740357 
23 54 9 4 0 13 4.0 14.142135623730951 1.0897833513252284 
23 53 9 4 0 12 4.47213595499958 14.142135623730951 1.0887284049723895 
23 52 9 4 0 12 4.0 14.142135623730951 1.0876717139430172 
23 51 9 4 0 12 4.47213595499958 14.142135623730951 1.0683130762947848 
23 50 9 5 0 10 4.0 14.142135623730951 1.0656074730459777 
23 49 9 5 0 9 4.47213595499958 14.142135623730951 1.062903614473704 
23 48 9 5 0 8 4.0 14.142135623730951 1.0634958356637663 
23 47 9 5 0 9 4.47213595499958 14.142135623730951 1.0457861102349688 
23 46 9 6 0 8 4.0 14.142135623730951 1.0447294192055965 
23 45 9 6 0 8 4.47213595499958 14.142135623730951 1.0371597650342401 
23 43 9 6 0 5 4.0 12.649110640673518 1.0361030740048678 
23 42 9 6 0 5 4.47213595499958 12.649110640673518 1.0350481276520287 
23 41 9 6 0 5 4.0 12.649110640673518 1.0339914366226564 
23 40 9 6 0 5 4.47213595499958 12.649110640673518 1.0161158267969654 
23 39 9 7 0 4 4.0 12.165525060596439 1.013410223548158 
23 38 9 7 0 3 4.47213595499958 12.165525060596439 1.012355277195319 
23 37 9 7 0 3 4.0 12.165525060596439 1.0112985861659467 
23 36 9 7 0 3 4.47213595499958 12.165525060596439 0.9935888607371492 
23 35 9 8 0 2 4.0 12.165525060596439 0.9925321697077769 
23 34 9 8 0 2 4.47213595499958 12.165525060596439 0.9898283111355033 
23 33 9 8 0 1 4.0 12.165525060596439 0.9721168410301723 
23 32 9 9 0 0 4.47213595499958 12.165525060596439 0.9814542797009886 
23 34 9 9 0 4 4.0 14.0 0.9721168410301723 
23 32 9 9 0 0 4.47213595499958 12.165525060596439 0.9914204432812985 
23 33 9 8 0 2 4.0 12.0 0.9720600609565327 
23 32 9 9 0 0 4.47213595499958 12.0 0.9945854053138579 
23 34 9 8 0 3 4.0 13.341664064126334 0.9881785265778017 
23 33 9 8 0 0 4.47213595499958 12.165525060596439 0.9881793989160684 
23 33 9 8 0 0 4.0 12.165525060596439 0.9958661806909165 
23 35 9 8 0 3 4.47213595499958 14.0 0.9881793989160684 
23 33 9 8 0 0 4.0 12.165525060596439 0.9958661806909165 
23 35 9 8 0 3 4.47213595499958 14.0 0.9881793989160684 
23 33 9 8 0 0 4.0 12.165525060596439 0.9975638497037527 
23 35 9 8 0 4 4.47213595499958 14.142135623730951 0.9945854053138579 
23 34 9 8 0 3 4.0 13.341664064126334 0.9721168410301723 
23 32 9 9 0 0 4.47213595499958 12.165525060596439 0.9961302904893147 
23 34 9 8 0 4 4.0 13.038404810405298 0.9898274387972366 
23 33 9 8 0 1 4.47213595499958 12.165525060596439 0.972117713368439 
23 32 9 9 0 0 4.0 12.165525060596439 0.9929356207561563 
23 34 9 8 0 2 4.47213595499958 13.341664064126334 0.972117713368439 
23 32 9 9 0 0 4.0 12.165525060596439 0.9975638497037527 
23 35 9 8 0 4 4.47213595499958 14.142135623730951 0.9912875808749883 
23 34 9 8 0 1 4.0 13.341664064126334 0.9883444109746949 
23 33 9 8 0 0 4.47213595499958 12.649110640673518 0.9580796838517895 
23 21 9 9 0 0 4.0 5.0990195135927845 0.9843213589833054 
21 24 9 8 1 4 1.4142135623730951 3.1622776601683795 1 
