140 140 0 0 14 14 16.0 16.0 1.3723251159500316 
139 139 0 0 19 17 16.0 13.038404810405298 1.3853672780510953 
135 138 0 0 22 16 13.341664064126334 15.033296378372908 1.4087617388375142 
131 136 0 0 25 19 13.341664064126334 15.033296378372908 1.411464475594166 
127 135 0 0 25 18 14.142135623730951 15.033296378372908 1.4490991706635143 
123 134 0 0 28 23 15.033296378372908 15.033296378372908 1.4499934567101287 
123 133 0 0 38 20 15.033296378372908 15.033296378372908 1.4545685918838667 
117 132 0 0 38 18 14.0 15.033296378372908 1.4678790634972783 
113 131 0 0 36 20 14.0 15.033296378372908 1.492271425921521 
107 129 0 0 34 24 14.0 15.033296378372908 1.519481796487113 
105 128 0 0 42 26 14.0 15.033296378372908 1.5444433295564288 
101 127 0 0 41 30 14.0 15.033296378372908 1.5721101713299106 
100 126 0 0 46 34 14.0 15.033296378372908 1.5828317230026214 
94 125 0 0 42 35 14.0 15.033296378372908 1.5633758080356408 
84 123 1 0 30 31 14.0 15.033296378372908 1.5652477390263821 
78 122 1 0 24 31 14.0 15.033296378372908 1.5450796558114903 
77 121 1 0 22 28 14.0 15.033296378372908 1.5525747250437978 
75 120 1 0 25 28 14.0 15.033296378372908 1.6005409009696432 
77 119 1 0 28 39 14.0 15.033296378372908 1.5459358481691294 
73 118 2 0 27 26 14.0 15.033296378372908 1.545157846017105 
73 116 2 0 29 27 14.0 15.033296378372908 1.520713692488868 
69 115 2 0 25 22 14.0 15.033296378372908 1.5344080556554602 
61 114 3 0 18 23 12.165525060596439 15.033296378372908 1.5608442182641864 
60 113 3 0 20 28 12.165525060596439 15.033296378372908 1.5536721318915487 
59 111 4 0 21 27 13.038404810405298 15.033296378372908 1.6040339371116676 
53 110 5 0 14 37 13.038404810405298 15.033296378372908 1.581970420637884 
52 109 5 0 19 31 13.038404810405298 14.142135623730951 1.5785139411182012 
51 108 5 0 18 31 12.0 14.142135623730951 1.5472362268773396 
47 107 5 0 13 25 12.0 14.142135623730951 1.5595347540528073 
46 106 6 0 14 27 12.0 14.142135623730951 1.5785504531774341 
44 105 7 0 12 31 12.0 14.142135623730951 1.5118681965003333 
43 101 7 0 12 21 11.045361017187261 12.649110640673518 1.524881907299125 
42 100 7 0 12 24 10.0 12.649110640673518 1.5089707230503457 
41 98 7 0 12 22 9.055385138137417 12.649110640673518 1.537094036031717 
41 97 7 0 14 28 9.055385138137417 12.649110640673518 1.5307824636112746 
40 96 7 0 14 27 8.246211251235321 12.649110640673518 1.550658953974077 
38 95 7 0 14 31 7.615773105863909 12.083045973594572 1.489785568723045 
34 94 7 0 11 18 7.211102550927978 12.083045973594572 1.5334756743355449 
33 93 7 0 12 27 7.211102550927978 12.083045973594572 1.532693982857238 
33 92 7 0 14 27 7.211102550927978 12.083045973594572 1.497528109285025 
31 91 8 0 12 20 7.211102550927978 11.40175425099138 1.4986788645276334 
30 90 8 0 11 21 7.0710678118654755 11.40175425099138 1.5018165935508332 
29 88 8 0 11 23 7.0710678118654755 11.40175425099138 1.505852402815806 
29 87 8 0 13 24 7.0710678118654755 11.40175425099138 1.5073013831092978 
28 86 8 0 12 25 5.656854249492381 11.40175425099138 1.4834948552877496 
28 85 8 0 12 21 4.47213595499958 11.40175425099138 1.4773054155775194 
28 83 8 0 12 22 5.656854249492381 10.770329614269007 1.4775900807986522 
28 81 8 0 12 24 4.47213595499958 10.770329614269007 1.472886774097812 
28 80 8 0 12 24 4.0 10.770329614269007 1.4693198046980618 
28 79 8 1 12 29 4.47213595499958 10.770329614269007 1.4549814965106622 
28 78 8 1 12 27 4.0 10.770329614269007 1.4259696766611094 
28 77 8 1 12 22 4.47213595499958 10.770329614269007 1.415450045350368 
28 76 8 1 12 21 4.0 10.198039027185569 1.424978231447053 
28 75 8 1 12 24 4.47213595499958 10.198039027185569 1.4058224225163736 
28 74 8 1 12 21 4.0 10.198039027185569 1.3960806056399397 
28 73 8 1 12 20 4.47213595499958 10.198039027185569 1.3769284860355429 
28 71 8 1 12 18 4.0 10.198039027185569 1.3671903584853915 
28 69 8 1 12 18 4.47213595499958 10.198039027185569 1.367304552527831 
28 68 8 1 12 19 4.0 10.198039027185569 1.3611389621372576 
28 67 8 1 12 19 4.47213595499958 9.486832980505138 1.3708881576662566 
28 66 8 1 12 22 4.0 9.486832980505138 1.3611463407898226 
28 65 8 1 12 21 4.47213595499958 9.486832980505138 1.3564430340889824 
28 64 8 1 12 21 4.0 9.486832980505138 1.360206782766244 
28 63 8 1 12 23 4.47213595499958 8.94427190999916 1.3458684745788445 
28 62 8 1 12 21 4.0 8.94427190999916 1.3409441584456903 
28 61 8 1 12 21 4.47213595499958 8.94427190999916 1.3362445410711328 
28 59 8 1 12 22 4.0 8.94427190999916 1.3037762565379865 
28 57 8 2 12 22 4.47213595499958 8.94427190999916 1.2930371175992386 
28 56 8 2 12 21 4.0 8.246211251235321 1.2881128014660843 
28 55 8 2 12 21 4.47213595499958 8.246211251235321 1.2864703979127265 
28 54 8 2 12 21 4.0 10.0 1.286363582522852 
28 53 8 2 12 22 4.47213595499958 10.0 1.2695859001563907 
28 52 8 2 12 20 4.0 8.602325267042627 1.2550302718629593 
28 50 8 2 12 19 4.47213595499958 8.602325267042627 1.2599619666486788 
28 49 8 2 12 21 4.0 8.602325267042627 1.2502201497722447 
28 48 8 2 12 20 4.47213595499958 8.602325267042627 1.2035166831152913 
28 47 8 3 12 16 4.0 8.602325267042627 1.1985923669821368 
28 46 8 3 12 16 4.47213595499958 8.602325267042627 1.1759764040415819 
28 45 8 4 12 17 4.0 8.602325267042627 1.185508279464549 
28 43 8 4 12 21 4.47213595499958 8.602325267042627 1.1757831942702555 
28 42 8 4 12 20 4.0 8.48528137423857 1.1419538736774228 
28 41 8 4 12 14 4.47213595499958 8.48528137423857 1.132433066233303 
28 40 8 4 12 13 4.0 8.48528137423857 1.1323262508434284 
28 39 8 4 12 14 4.47213595499958 8.48528137423857 1.1251547045970165 
28 38 8 4 12 14 4.0 7.0710678118654755 1.1346828906937014 
28 37 8 4 12 17 4.47213595499958 7.0710678118654755 1.130223987872094 
28 36 8 4 12 17 4.0 7.211102550927978 1.1108471695091007 
28 35 8 4 12 14 4.47213595499958 7.211102550927978 1.0892862606533311 
28 33 8 4 12 12 4.0 5.830951894845301 1.0843619445201766 
28 32 8 4 12 12 4.47213595499958 5.830951894845301 1.0397075742137816 
28 30 8 5 12 10 4.0 4.242640687119285 1.0168706018409124 
28 29 8 6 12 11 4.47213595499958 4.242640687119285 0.9977147929102331 
28 28 8 6 12 8 4.0 4.242640687119285 0.9860874088057352 
28 27 8 6 12 7 4.47213595499958 3.1622776601683795 0.9538364443786209 
28 26 8 7 12 6 4.0 3.1622776601683795 0.9489121282454664 
28 25 8 7 12 6 4.47213595499958 3.1622776601683795 0.9421802879765079 
28 24 8 7 12 6 4.0 2.0 0.9111541753676896 
28 23 8 8 12 5 4.47213595499958 2.8284271247461903 0.8943476276347183 
28 22 8 8 12 3 4.0 1.4142135623730951 0.8570581530320097 
28 21 8 9 12 1 4.47213595499958 1.4142135623730951 -1 
