140 140 0 0 14 14 16.0 16.0 1.0687153736488537 
138 139 0 0 17 17 16.0 14.142135623730951 1.0715441680791078 
134 137 0 0 16 18 12.165525060596439 16.0 1.075699695912641 
132 135 0 0 21 22 12.165525060596439 16.0 1.0781905768870816 
128 134 0 0 22 23 14.142135623730951 16.0 1.077424325272624 
124 133 0 0 22 21 14.142135623730951 16.0 1.0757737085815733 
120 131 0 0 22 19 14.142135623730951 16.0 1.0816459172185562 
116 130 0 0 22 23 14.142135623730951 16.0 1.0766094401925617 
112 128 0 0 21 18 14.142135623730951 16.0 1.0822893316800293 
110 127 0 0 19 23 14.142135623730951 16.0 1.0791103693540873 
106 126 0 0 16 19 14.142135623730951 16.0 1.0971317341324598 
102 125 1 0 18 24 14.142135623730951 16.0 1.1039846658710577 
100 124 1 0 17 30 14.142135623730951 16.0 1.1020529474836256 
98 123 1 0 17 28 14.142135623730951 16.0 1.0993034942288238 
96 121 1 0 18 26 14.142135623730951 16.0 1.1029038260509252 
94 120 1 0 18 29 14.142135623730951 16.0 1.1020785177053998 
92 119 1 0 18 28 14.142135623730951 16.0 1.1001467993179677 
90 118 1 0 18 26 14.142135623730951 16.0 1.0983704956866254 
88 116 1 0 17 25 14.142135623730951 16.0 1.1007311570483729 
86 115 1 0 15 27 14.142135623730951 16.0 1.1019854083682135 
84 114 1 0 13 28 14.142135623730951 16.0 1.0997374774311885 
83 113 1 0 17 26 14.142135623730951 16.0 1.0973784404133589 
82 111 1 0 16 25 14.142135623730951 16.0 1.0979834485036482 
78 110 1 0 11 25 14.142135623730951 15.033296378372908 1.0931981393585262 
77 109 1 0 11 21 15.033296378372908 15.033296378372908 1.107023482412741 
75 107 2 0 14 24 15.033296378372908 15.033296378372908 1.1161926291708997 
71 105 3 0 11 22 13.341664064126334 15.033296378372908 1.1270225281271429 
70 103 4 0 11 23 13.341664064126334 15.033296378372908 1.126854156855484 
69 102 4 0 13 23 13.341664064126334 15.033296378372908 1.1248558082588282 
67 101 4 0 12 21 13.341664064126334 15.033296378372908 1.1245739264784553 
66 100 4 0 12 21 13.038404810405298 15.033296378372908 1.123805464860787 
64 99 4 0 12 20 12.165525060596439 15.033296378372908 1.1230298974691193 
62 98 4 0 12 19 11.40175425099138 15.033296378372908 1.127836817907718 
58 97 4 0 12 22 10.770329614269007 15.033296378372908 1.1279519256203863 
57 96 4 0 17 22 9.486832980505138 15.033296378372908 1.1337385238565012 
51 95 4 0 13 25 7.615773105863909 15.033296378372908 1.1502536973376256 
47 94 5 0 9 29 7.615773105863909 15.033296378372908 1.136107872820221 
46 93 5 1 11 29 7.615773105863909 15.033296378372908 1.1319112849992385 
42 91 5 1 6 25 7.615773105863909 15.033296378372908 1.1398847466633548 
40 90 6 1 7 22 7.0710678118654755 15.033296378372908 1.1356871996646298 
39 88 6 1 13 19 8.48528137423857 15.033296378372908 1.1352523075560768 
38 87 6 1 11 19 8.48528137423857 15.033296378372908 1.145984270545359 
34 86 7 1 5 18 10.295630140987 15.033296378372908 1.1451939611345126 
33 84 7 1 5 19 5.0990195135927845 13.038404810405298 1.1504323330608592 
32 83 7 1 6 24 6.0 13.038404810405298 1.1445906977543008 
31 82 7 1 5 19 5.0990195135927845 13.038404810405298 1.1460485441747759 
29 81 8 2 3 23 5.830951894845301 13.038404810405298 1.1436120608058258 
28 80 8 2 4 21 5.656854249492381 13.038404810405298 1.1427201222510768 
26 79 8 2 3 20 5.656854249492381 13.038404810405298 1.1458298220483385 
25 78 8 2 3 23 4.242640687119285 13.038404810405298 1.1456202917198797 
24 77 8 2 3 23 2.8284271247461903 13.038404810405298 1.1453852902389974 
23 76 8 2 4 23 2.8284271247461903 13.038404810405298 1.1505931038466912 
21 75 9 2 0 18 5.656854249492381 13.038404810405298 1.149785894138279 
21 74 9 2 0 18 4.47213595499958 13.038404810405298 1.1522515072763049 
21 73 9 2 0 21 4.0 13.038404810405298 1.1513363941108126 
21 72 9 2 0 21 4.47213595499958 13.038404810405298 1.151589187165025 
21 71 9 2 0 22 4.0 13.038404810405298 1.1473548438738124 
21 70 9 2 0 19 4.47213595499958 13.038404810405298 1.133630183682279 
21 69 9 3 0 20 4.0 13.038404810405298 1.13160866047488 
21 68 9 3 0 19 4.47213595499958 13.038404810405298 1.1307550434871858 
21 67 9 3 0 19 4.0 13.038404810405298 1.1238676049661933 
21 63 9 3 0 16 4.47213595499958 13.038404810405298 1.1210814401468416 
21 61 9 3 0 16 4.0 11.045361017187261 1 
