140 140 0 0 14 14 16.0 16.0 1.3871140508688289 
139 138 0 0 19 17 16.0 13.038404810405298 1.407435893375494 
135 137 0 0 22 17 14.0 15.033296378372908 1.4444916391411873 
131 135 0 0 25 22 15.033296378372908 15.033296378372908 1.461351115205578 
127 134 0 0 25 23 14.142135623730951 16.0 1.493231866768301 
123 133 0 0 28 26 14.142135623730951 16.0 1.5626177649648545 
122 132 0 0 37 36 14.142135623730951 15.033296378372908 1.492682307269689 
110 128 1 0 26 23 14.0 15.033296378372908 1.4953381555949714 
109 126 1 0 33 22 14.0 15.033296378372908 1.5600595394315215 
101 124 1 0 27 33 14.0 15.033296378372908 1.5105188091449542 
99 118 1 0 33 26 14.0 15.033296378372908 1.5474826624415317 
93 117 1 0 25 33 14.0 15.033296378372908 1.4725387109347627 
85 115 2 0 16 19 14.0 15.033296378372908 1.4880462924062385 
84 114 2 0 19 21 14.0 15.033296378372908 1.5422426040728605 
83 112 2 0 25 30 14.0 15.033296378372908 1.5710103391607242 
77 111 3 0 25 32 12.165525060596439 15.033296378372908 1.5589721298124022 
75 109 3 0 21 32 12.165525060596439 15.033296378372908 1.523383343252437 
73 103 3 0 26 28 12.165525060596439 15.033296378372908 1.5474977297737342 
67 102 3 0 22 31 12.165525060596439 15.033296378372908 1.539368735357075 
66 101 3 0 24 29 12.165525060596439 15.033296378372908 1.4799155500610772 
62 100 3 0 22 17 12.165525060596439 15.033296378372908 1.5147448637755465 
61 99 3 0 24 23 12.165525060596439 15.033296378372908 1.520774260190266 
60 97 3 0 25 25 11.045361017187261 15.033296378372908 1.4413637291126908 
58 89 3 0 23 18 11.045361017187261 14.142135623730951 1.474929384480221 
57 88 3 0 27 23 12.165525060596439 14.142135623730951 1.4736805506156674 
55 87 3 0 28 22 12.165525060596439 14.142135623730951 1.5007497262055909 
53 86 3 0 32 25 10.198039027185569 14.142135623730951 1.5010040951802066 
43 84 4 0 22 24 9.055385138137417 14.142135623730951 1.4753904029090072 
42 83 4 1 22 24 8.0 14.142135623730951 1.485701278250379 
41 82 4 1 25 25 7.0710678118654755 14.142135623730951 1.4382274383680638 
39 78 4 1 22 20 7.0710678118654755 14.142135623730951 1.4320984654650388 
40 77 4 1 26 19 8.94427190999916 14.142135623730951 1.4452896914721902 
38 76 4 1 26 21 6.324555320336759 14.142135623730951 1.4613967906504501 
38 75 4 1 26 25 6.324555320336759 14.142135623730951 1.4536615815456284 
34 74 5 1 20 24 5.0990195135927845 14.142135623730951 1.4586212086067136 
35 73 5 1 24 25 5.0990195135927845 14.142135623730951 1.4504446821099817 
34 72 5 1 21 25 5.0990195135927845 14.142135623730951 1.4224340105706832 
30 71 6 1 14 21 5.656854249492381 13.341664064126334 1.4142541822368733 
29 70 7 1 13 20 5.656854249492381 13.341664064126334 1.39428313383611 
28 69 7 1 12 17 5.656854249492381 13.341664064126334 1.383847659004786 
32 68 7 1 19 16 6.324555320336759 13.341664064126334 1.3694272138073287 
31 67 7 1 13 16 5.0990195135927845 13.341664064126334 1.367619014763806 
30 66 7 1 13 16 5.656854249492381 13.341664064126334 1.3644643713765552 
29 65 7 1 13 16 5.656854249492381 12.649110640673518 1.3349862416378877 
29 64 7 2 13 16 5.656854249492381 12.649110640673518 1.330498554426158 
25 63 8 2 6 16 4.242640687119285 12.649110640673518 1.3163741081790592 
26 61 7 2 9 16 4.242640687119285 10.198039027185569 1.3073439344010949 
25 60 7 2 8 15 3.1622776601683795 10.198039027185569 1.294613677458352 
24 59 8 2 6 14 3.1622776601683795 9.055385138137417 1.2921223533389297 
22 58 9 2 3 14 2.8284271247461903 9.486832980505138 1 
