140 140 0 0 14 14 16.0 16.0 0.9867367372484831 
138 138 0 0 17 17 16.0 14.142135623730951 0.9955621966469022 
134 136 0 0 16 22 13.038404810405298 16.0 0.9942836641534568 
132 134 0 0 16 20 13.038404810405298 16.0 0.9968144485083368 
130 132 0 0 16 23 13.038404810405298 16.0 0.9934745798948624 
128 130 0 0 16 19 14.142135623730951 16.0 0.9948819443573579 
126 128 0 0 14 19 14.142135623730951 16.0 0.9981212269163605 
125 127 0 0 14 23 14.0 16.0 0.9956245305839019 
123 123 0 0 15 22 14.0 16.0 0.997331059249638 
121 122 0 0 15 23 14.0 16.0 0.9957491513718907 
120 121 0 0 14 20 14.0 16.0 0.9957661066775173 
119 120 0 0 14 20 13.038404810405298 15.033296378372908 0.997247428500793 
117 118 0 0 15 23 14.0 15.033296378372908 0.9988412494815228 
115 117 0 0 16 24 13.038404810405298 15.033296378372908 1.0020715048865891 
113 116 0 0 16 27 13.038404810405298 15.033296378372908 1.0051209820302958 
111 115 0 0 15 29 13.038404810405298 15.033296378372908 1.0012749385227906 
109 114 0 0 18 25 13.038404810405298 15.033296378372908 0.9993314741223238 
108 113 0 0 15 20 13.038404810405298 15.033296378372908 1.001862258477204 
106 111 0 0 15 23 13.038404810405298 15.033296378372908 1.0028069237732748 
104 110 0 0 15 23 13.038404810405298 15.033296378372908 1.0049137592859572 
102 109 0 0 13 23 13.038404810405298 15.033296378372908 1.0284118474312756 
92 108 1 0 18 31 12.0 15.033296378372908 1.0350682448317425 
88 107 1 0 11 31 12.0 15.033296378372908 1.0328450470422261 
88 106 1 0 11 29 12.0 15.033296378372908 1.0319712989130965 
87 104 1 0 11 28 11.045361017187261 15.033296378372908 1.0272307365113744 
86 102 1 0 10 22 11.40175425099138 15.033296378372908 1.0265966953220094 
85 101 1 0 11 21 10.198039027185569 15.033296378372908 1.0259574290752866 
84 100 1 0 11 20 10.198039027185569 15.033296378372908 1.0281459238706696 
80 99 1 0 13 21 10.198039027185569 15.033296378372908 1.0287312201600365 
79 97 1 0 11 21 10.198039027185569 15.033296378372908 1.0262281251305017 
77 96 1 0 13 18 10.198039027185569 15.033296378372908 1.0329878001438755 
73 95 1 0 15 25 10.198039027185569 15.033296378372908 1.0343327722868922 
71 94 1 0 13 24 10.198039027185569 15.033296378372908 1.0368996495860145 
67 92 1 0 12 24 10.0 15.033296378372908 1.0376033318172622 
66 91 1 0 11 24 10.0 15.033296378372908 1.0421163308968355 
65 90 1 0 10 29 10.0 15.033296378372908 1.0384296111714526 
64 89 1 0 10 24 10.0 15.033296378372908 1.0378527372442083 
63 87 1 0 10 24 10.0 15.033296378372908 1.0510790084446777 
61 86 2 0 10 24 10.0 15.033296378372908 1.049953145489989 
60 85 3 1 10 23 10.0 15.033296378372908 1.0537666735193756 
59 83 3 1 9 28 10.0 15.033296378372908 1.0672941325881322 
55 82 4 1 10 27 10.0 15.033296378372908 1.06799781481938 
54 81 4 1 9 27 10.0 15.033296378372908 1.0673585485726573 
53 80 4 1 9 26 10.0 15.033296378372908 1.0673493218207926 
52 79 4 1 8 25 9.899494936611665 15.033296378372908 1.0663992442537502 
51 78 4 1 7 22 8.602325267042627 15.033296378372908 1.052410690286358 
50 77 4 2 8 21 8.602325267042627 15.033296378372908 1.0631727806324873 
49 75 5 2 7 19 8.602325267042627 15.033296378372908 1.0625335143857648 
48 74 5 2 7 18 8.602325267042627 15.033296378372908 1.0650019064211662 
46 73 5 2 7 20 8.602325267042627 15.033296378372908 1.078630671984596 
45 71 6 2 5 21 8.602325267042627 15.033296378372908 1.0636621691167056 
44 69 6 3 4 19 10.0 15.033296378372908 1.061836664163126 
43 68 6 3 6 17 8.48528137423857 15.033296378372908 1.061778483024709 
42 67 6 3 5 16 8.48528137423857 15.033296378372908 1.0621420632124747 
40 66 6 3 6 16 8.48528137423857 15.033296378372908 1.0637915816960495 
38 65 6 3 6 17 8.602325267042627 15.033296378372908 1.062209673818302 
37 64 6 3 5 14 8.602325267042627 15.033296378372908 1.0623322709412446 
36 63 6 3 5 14 8.602325267042627 15.033296378372908 1.0636170382807975 
35 62 6 3 3 14 8.602325267042627 15.033296378372908 1.0673681739907055 
34 61 6 3 2 18 8.602325267042627 15.033296378372908 1.065787531047522 
33 59 6 3 3 19 8.602325267042627 13.038404810405298 1.066729001722291 
32 58 6 3 3 20 8.48528137423857 13.038404810405298 1.0645557634328155 
31 57 6 3 2 16 7.0710678118654755 12.165525060596439 1.0636984693660057 
31 56 6 3 2 15 5.830951894845301 12.165525060596439 1.062659638968835 
30 55 6 3 3 15 5.656854249492381 11.045361017187261 1.0634372466846593 
29 54 6 3 2 15 4.47213595499958 10.198039027185569 1.064614268862038 
28 53 6 3 3 17 4.242640687119285 10.198039027185569 1.0523141124221524 
27 52 6 4 2 16 3.1622776601683795 10.198039027185569 1.0633753669715225 
26 51 7 4 3 15 3.1622776601683795 10.198039027185569 1.0634410384684625 
25 50 7 4 2 15 4.47213595499958 10.198039027185569 1.0649065840693759 
24 49 7 4 1 16 4.47213595499958 10.198039027185569 1.0772133754010342 
23 48 8 4 0 16 4.47213595499958 9.055385138137417 1.074510245369304 
23 46 8 4 1 14 2.8284271247461903 9.055385138137417 1.0746950055195523 
22 45 8 4 1 14 1.4142135623730951 8.0 1.0858854844304184 
21 44 9 4 0 14 5.0990195135927845 8.0 1.0751552616236724 
21 43 9 5 1 16 1.4142135623730951 8.0 1 
