140 140 0 0 14 14 16.0 16.0 1.1964336699360703 
139 139 0 0 19 17 16.0 13.038404810405298 1.2081754411254473 
135 138 0 0 22 16 13.341664064126334 15.033296378372908 1.2170988706248287 
131 137 0 0 25 15 13.341664064126334 15.033296378372908 1.230596190015829 
127 135 0 0 25 17 12.165525060596439 16.0 1.2396380446161204 
123 133 0 0 28 17 14.0 16.0 1.251124822994606 
123 132 0 0 38 17 14.0 15.033296378372908 1.268974457234129 
117 130 0 0 38 19 14.0 15.033296378372908 1.2852186749311598 
113 129 0 0 36 22 14.0 15.033296378372908 1.314864369935867 
107 128 0 0 34 27 14.0 15.033296378372908 1.354723403469854 
105 127 0 0 43 33 14.0 15.033296378372908 1.3650000423807254 
101 123 0 0 39 38 14.0 15.033296378372908 1.3622710878622313 
100 122 0 0 40 37 13.038404810405298 15.033296378372908 1.3629999034942148 
98 121 0 0 39 37 12.165525060596439 15.033296378372908 1.3118273998349226 
97 117 0 0 38 27 12.165525060596439 15.033296378372908 1.3498346104597567 
98 116 0 0 44 36 12.165525060596439 15.033296378372908 1.3575248789734167 
97 115 0 0 42 39 12.165525060596439 15.033296378372908 1.3539033234501103 
93 114 0 0 42 36 12.165525060596439 15.033296378372908 1.3473398253095468 
92 113 1 0 38 35 12.165525060596439 15.033296378372908 1.3679119012298344 
86 112 1 0 28 41 12.165525060596439 15.033296378372908 1.3572101631111966 
82 111 1 0 26 37 12.165525060596439 15.033296378372908 1.4070125109466396 
76 110 2 0 32 43 11.40175425099138 14.142135623730951 1.3845288786267418 
70 109 3 0 26 35 11.40175425099138 14.142135623730951 1.371708983981326 
66 105 3 0 22 34 11.40175425099138 14.142135623730951 1.3311927633095746 
65 101 3 0 26 25 10.770329614269007 13.038404810405298 1.3495720310756294 
64 100 3 0 33 27 10.770329614269007 13.038404810405298 1.3730165198710615 
56 96 4 0 25 33 10.770329614269007 13.038404810405298 1.3664460435512962 
57 95 4 0 32 30 10.770329614269007 13.038404810405298 1.3148785900286446 
53 94 4 0 19 20 10.770329614269007 13.038404810405298 1.3713740240673988 
52 93 4 0 21 34 10.770329614269007 13.038404810405298 1.3738170816311293 
52 92 4 0 27 33 10.198039027185569 13.038404810405298 1.4025086799488458 
52 91 4 0 35 38 10.198039027185569 13.038404810405298 1.3844789652478362 
48 89 4 0 33 33 10.198039027185569 13.038404810405298 1.3468707437084875 
44 87 5 0 26 24 10.198039027185569 12.649110640673518 1.401657396115706 
43 86 6 0 29 36 10.198039027185569 12.649110640673518 1.3652952381446362 
42 85 7 0 28 26 10.198039027185569 12.649110640673518 1.353360339040277 
41 84 7 0 21 26 10.198039027185569 12.649110640673518 1.3556056355471082 
33 83 8 0 10 25 9.055385138137417 12.649110640673518 1.3713557897981776 
34 82 8 0 19 27 10.198039027185569 12.649110640673518 1.3748970912092178 
28 81 8 0 10 28 5.830951894845301 12.649110640673518 1.3649795862410639 
27 80 8 0 9 26 5.656854249492381 12.649110640673518 1.3480895909849142 
27 78 8 0 10 23 5.656854249492381 12.649110640673518 1.325427742236877 
26 77 8 1 9 23 4.0 12.649110640673518 1.3348792074368891 
24 76 9 1 6 25 4.0 12.649110640673518 1.3159379932573931 
24 75 9 1 6 21 4.47213595499958 12.649110640673518 1.308674987494002 
24 74 9 1 6 20 4.0 12.649110640673518 1.304435540374012 
24 73 9 1 6 20 4.47213595499958 12.083045973594572 1.299408098562834 
24 72 9 1 6 20 4.0 10.770329614269007 1.2920151511614817 
24 71 9 1 6 19 4.47213595499958 10.770329614269007 1.2886015676574718 
24 70 9 1 6 19 4.0 10.770329614269007 1.2892783327112727 
24 68 9 1 6 21 4.47213595499958 10.770329614269007 1.289714171466644 
24 67 9 1 6 22 4.0 10.770329614269007 1.286170646324673 
24 66 9 1 6 22 4.47213595499958 10.770329614269007 1.281179127351278 
24 65 9 1 6 22 4.0 9.486832980505138 1.2853344467280694 
24 64 9 1 6 24 4.47213595499958 9.486832980505138 1.2665231741865346 
24 63 9 1 6 20 4.0 9.486832980505138 1.2822267603414697 
24 62 9 1 6 25 4.47213595499958 9.486832980505138 1.2788131768374598 
24 61 9 1 6 25 4.0 9.486832980505138 1.252543986075592 
24 59 9 1 6 20 4.47213595499958 9.486832980505138 1.245280980312201 
24 58 9 1 6 19 4.0 9.486832980505138 1.2455868774296113 
24 57 9 1 6 20 4.47213595499958 9.486832980505138 1.2306250271474577 
24 56 9 1 6 17 4.0 9.486832980505138 1.226551078445539 
24 55 9 1 6 17 4.47213595499958 9.055385138137417 1.2024902639092176 
24 54 9 2 6 17 4.0 9.055385138137417 1.1989467387672466 
24 53 9 2 6 17 4.47213595499958 9.055385138137417 1.1955331552632367 
24 52 9 2 6 17 4.0 9.055385138137417 1.199688474640028 
24 51 9 2 6 19 4.47213595499958 9.055385138137417 1.1717782378443258 
24 50 9 3 6 18 4.0 9.055385138137417 1.1475874816700435 
24 49 9 4 6 18 4.47213595499958 9.055385138137417 1.1441738981660337 
24 48 9 4 6 18 4.0 9.055385138137417 1.1049563208906175 
24 46 9 5 6 15 4.47213595499958 9.055385138137417 1.0932199594596475 
24 44 9 5 6 14 4.0 8.246211251235321 1.0896764343176764 
24 43 9 5 6 14 4.47213595499958 8.246211251235321 1.0862628508136665 
24 42 9 5 6 14 4.0 8.246211251235321 1.0827193256716954 
24 41 9 5 6 14 4.47213595499958 8.246211251235321 1.0793057421676857 
24 40 9 5 6 14 4.0 8.246211251235321 1.0719127947663334 
24 39 9 5 6 13 4.47213595499958 8.246211251235321 1.0646497890029423 
24 38 9 5 6 12 4.0 8.246211251235321 1.05725684160159 
24 37 9 5 6 11 4.47213595499958 8.246211251235321 1.05384325809758 
24 36 9 5 6 11 4.0 8.246211251235321 1.033501924182679 
24 35 9 6 6 12 4.47213595499958 8.246211251235321 1.0094411096463578 
24 34 9 7 6 12 4.0 8.246211251235321 1.0020481622450055 
24 33 9 7 6 11 4.47213595499958 8.246211251235321 0.9856415863080916 
24 32 9 7 6 8 4.0 7.0710678118654755 0.9743992166473581 
24 31 9 7 6 6 4.47213595499958 7.0710678118654755 0.969668858446789 
24 30 9 7 6 6 4.0 6.0 0.9650176645900533 
24 29 9 7 6 6 4.47213595499958 5.0990195135927845 0.9569839658803333 
24 28 9 7 6 5 4.0 4.47213595499958 0.949591018478981 
24 27 9 7 6 4 4.47213595499958 4.47213595499958 0.9211003360084185 
24 26 9 8 6 3 4.0 4.0 0.9137073886070661 
24 25 9 8 6 2 4.47213595499958 4.0 0.9092639061857211 
24 24 9 8 6 2 4.0 3.1622776601683795 0.9053099439709459 
24 23 9 8 6 2 4.47213595499958 2.8284271247461903 0.9001577211260522 
24 22 9 8 6 2 4.0 1.4142135623730951 0.87279823438522 
24 21 9 9 6 0 4.47213595499958 5.0990195135927845 0.8832699110996246 
24 22 9 9 6 2 4.0 4.47213595499958 0.87279823438522 
24 21 9 9 6 0 4.47213595499958 5.0990195135927845 0.894165167617262 
24 23 9 9 6 4 4.0 4.242640687119285 0.8850335808750257 
24 22 9 9 6 3 4.47213595499958 2.8284271247461903 -1 
