140 140 0 0 14 14 16.0 16.0 1.2180026427336421 
139 139 0 0 19 19 16.0 13.038404810405298 1.2363784501800403 
135 137 0 0 22 22 13.038404810405298 15.033296378372908 1.236211835063153 
131 135 0 0 25 20 13.341664064126334 15.033296378372908 1.2462136467828986 
127 134 0 0 25 21 13.038404810405298 16.0 1.2524630522565343 
123 133 0 0 28 20 13.038404810405298 16.0 1.2750495378323972 
123 132 0 0 38 24 13.038404810405298 16.0 1.2820718540236309 
117 131 0 0 38 23 12.0 16.0 1.288669013052504 
113 130 0 0 36 24 12.0 16.0 1.2929212089276205 
107 126 0 0 36 25 12.0 16.0 1.3144720492908608 
103 122 0 0 33 34 12.0 15.033296378372908 1.3194809175895208 
95 121 0 0 28 33 14.0 15.033296378372908 1.326983115154797 
99 119 0 0 54 30 14.0 15.033296378372908 1.320236362981312 
91 118 1 0 40 27 14.0 15.033296378372908 1.3136439111809841 
87 117 1 0 38 24 14.0 15.033296378372908 1.3232107691306392 
86 115 1 0 33 30 14.0 15.033296378372908 1.3257142971029297 
78 113 1 0 31 28 14.0 15.033296378372908 1.3147198156459894 
72 111 2 0 17 26 14.0 15.033296378372908 1.32561494425928 
70 110 2 0 22 27 14.0 15.033296378372908 1.3003063774013914 
69 108 3 0 16 21 14.0 15.033296378372908 1.3145978187824634 
69 107 3 0 22 24 14.0 15.033296378372908 1.3407453352848322 
61 105 4 0 13 30 13.038404810405298 15.033296378372908 1.325259467186314 
62 103 4 0 22 25 13.038404810405298 13.038404810405298 1.3302040719754018 
56 102 5 0 13 25 13.038404810405298 13.038404810405298 1.334779264408491 
55 101 5 0 20 24 13.038404810405298 13.038404810405298 1.3323304818194237 
49 100 6 0 13 21 13.038404810405298 13.038404810405298 1.3389536665879405 
48 99 6 0 19 21 13.038404810405298 13.038404810405298 1.3463494075803686 
44 98 6 0 15 23 13.038404810405298 13.038404810405298 1.3530454766697233 
42 97 6 0 14 25 13.038404810405298 13.038404810405298 1.36213764614343 
41 96 6 0 14 28 12.0 13.038404810405298 1.3487426098579804 
40 92 6 0 14 27 11.045361017187261 13.038404810405298 1.3689768884475506 
39 91 6 0 15 33 10.0 13.038404810405298 1.369071891599789 
38 90 6 0 21 31 9.055385138137417 13.038404810405298 1.3399865922148888 
32 88 6 0 13 23 7.0710678118654755 13.038404810405298 1.3504015278468298 
31 87 7 0 12 25 7.0710678118654755 13.038404810405298 1.338861674859973 
31 85 7 0 13 23 7.0710678118654755 13.038404810405298 1.3239117109533953 
31 84 7 0 14 19 5.830951894845301 13.038404810405298 1.3263874594756986 
30 83 7 0 14 20 5.0990195135927845 13.038404810405298 1.3405688146554051 
26 82 8 0 8 23 4.47213595499958 13.038404810405298 1.337850791203463 
27 80 8 0 10 24 5.830951894845301 13.038404810405298 1.3378719331538125 
26 79 8 0 8 25 4.47213595499958 13.038404810405298 1.3060193704046676 
26 77 8 1 8 23 4.0 13.038404810405298 1.2986746958346662 
26 76 8 1 8 22 4.0 12.0 1.3022199568176072 
24 75 9 1 5 22 4.0 12.0 1.3135284492416732 
24 74 9 1 6 26 4.47213595499958 12.0 1.3103476619476857 
24 73 9 1 6 26 5.656854249492381 12.0 1.3015547887649044 
22 72 9 1 3 24 2.8284271247461903 12.0 1 
