140 140 0 0 14 14 16.0 16.0 1.069660320841499 
138 139 0 0 17 18 16.0 14.142135623730951 1.075560384329605 
134 138 0 0 16 20 12.165525060596439 16.0 1.0788235702024342 
132 136 0 0 21 21 12.0 16.0 1.0733602656400287 
128 135 0 0 22 16 14.0 16.0 1.0773842390845003 
124 134 0 0 22 17 14.0 16.0 1.0797602747036175 
120 133 0 0 22 17 14.0 16.0 1.0837842481480893 
116 132 0 0 22 18 14.0 16.0 1.0911039161084723 
112 131 0 0 22 21 14.142135623730951 16.0 1.0948061357489893 
110 129 0 0 24 23 14.142135623730951 16.0 1.1121583993551372 
104 128 1 0 20 26 14.142135623730951 16.0 1.1267537670687167 
103 127 1 0 24 34 14.142135623730951 16.0 1.1038349067701174 
95 121 1 0 19 21 14.142135623730951 16.0 1.1008927645447417 
94 119 1 0 23 19 14.0 16.0 1.1092295758475705 
86 118 1 0 17 22 14.0 16.0 1.1065925615963164 
84 117 1 0 17 20 14.0 16.0 1.103576943718185 
83 116 1 0 19 18 14.0 15.033296378372908 1.1134547926355705 
77 115 1 0 17 22 15.033296378372908 15.033296378372908 1.121655988305841 
73 114 2 0 15 20 15.033296378372908 15.033296378372908 1.119087119545405 
72 110 2 0 17 20 15.033296378372908 15.033296378372908 1.1068130398105147 
71 109 3 1 16 16 15.033296378372908 15.033296378372908 1.11646459404803 
70 108 3 1 20 21 15.033296378372908 15.033296378372908 1.129314444670043 
64 107 4 1 13 22 13.341664064126334 15.033296378372908 1.133672079425487 
62 106 4 1 14 24 13.341664064126334 15.033296378372908 1.1423936637065992 
60 104 5 1 12 24 13.341664064126334 15.033296378372908 1.1327092087493746 
59 103 5 1 13 18 13.341664064126334 15.033296378372908 1.1346131102689054 
57 102 5 1 12 19 13.341664064126334 15.033296378372908 1.1365186157461766 
55 101 5 1 11 20 12.083045973594572 15.033296378372908 1.1342844992002015 
53 100 5 1 12 18 12.083045973594572 15.033296378372908 1.135382605309174 
51 99 5 1 9 19 12.083045973594572 15.033296378372908 1.1308303640273756 
50 97 5 1 9 17 10.770329614269007 15.033296378372908 1.1322802118048132 
49 96 5 1 9 18 9.486832980505138 15.033296378372908 1.1271366726183736 
48 95 5 1 9 15 9.486832980505138 15.033296378372908 1.1327393474938932 
46 94 5 1 9 18 9.486832980505138 15.033296378372908 1.1296473352670722 
45 93 5 1 10 16 8.94427190999916 15.033296378372908 1.1348471124373125 
43 92 5 1 9 19 8.94427190999916 15.033296378372908 1.1319130852827983 
41 91 5 1 9 17 6.324555320336759 14.142135623730951 1.1304683194523475 
40 90 5 1 10 16 6.324555320336759 14.142135623730951 1.1279375176379782 
36 89 5 1 6 14 5.830951894845301 14.142135623730951 1.1260900759688077 
35 88 5 1 6 13 5.656854249492381 14.142135623730951 1.129187735690459 
34 87 5 1 6 15 4.47213595499958 14.142135623730951 1.130636240269621 
33 86 5 1 6 16 4.242640687119285 14.142135623730951 1.1372411989103204 
31 82 6 1 4 16 4.242640687119285 14.142135623730951 1.149474829247552 
29 81 7 1 4 17 4.242640687119285 14.142135623730951 1.1443312900611124 
28 80 7 1 4 14 4.242640687119285 14.142135623730951 1.152059260279736 
26 79 8 1 1 13 5.0990195135927845 14.142135623730951 1.1514574357519596 
25 78 8 1 0 13 4.47213595499958 14.142135623730951 1.158638812058527 
25 77 8 1 0 18 4.47213595499958 14.142135623730951 1.149341411792172 
25 76 8 1 0 13 4.0 14.142135623730951 1.1499310367973203 
25 75 8 1 0 14 4.0 14.142135623730951 1.1472247861517595 
25 74 8 1 0 13 4.0 14.142135623730951 1.1311599372013144 
25 73 8 2 0 13 4.0 14.142135623730951 1.128453686555753 
25 72 8 2 0 12 4.0 14.142135623730951 1.1273474692066785 
25 71 8 2 0 12 4.0 14.0 1.1246412185611174 
25 70 8 2 0 11 4.0 14.0 1.127468406396769 
25 68 8 2 0 14 4.0 14.0 1.138053497228021 
23 67 9 2 0 14 4.47213595499958 14.0 1.1203413121328463 
23 66 9 3 0 13 4.0 14.0 1.119282397632015 
23 65 9 3 0 13 4.47213595499958 14.0 1.1165767486670788 
23 64 9 3 0 12 4.0 14.0 1.1005112980360088 
23 63 9 4 0 12 4.47213595499958 14.0 1.0994535868964277 
23 62 9 4 0 12 4.0 14.0 1.0790339477944415 
23 60 9 5 0 10 4.47213595499958 14.0 1.0779762366548604 
23 59 9 5 0 10 4.0 14.0 1.0769173221540287 
23 58 9 5 0 10 4.47213595499958 14.0 1.0722396451510936 
23 57 9 5 0 8 4.0 13.038404810405298 1.071180730650262 
23 56 9 5 0 8 4.47213595499958 13.038404810405298 1.0701230195106808 
23 55 9 5 0 8 4.0 13.038404810405298 1.0690641050098495 
23 54 9 5 0 8 4.47213595499958 13.038404810405298 1.0680063938702682 
23 53 9 5 0 8 4.0 13.038404810405298 1.0669474793694367 
23 52 9 5 0 8 4.47213595499958 13.038404810405298 1.0658897682298554 
23 51 9 5 0 8 4.0 13.038404810405298 1.0648308537290239 
23 50 9 5 0 8 4.47213595499958 13.038404810405298 1.0637731425894428 
23 49 9 5 0 8 4.0 13.038404810405298 1.0610662902632564 
23 48 9 5 0 7 4.47213595499958 13.038404810405298 1.060008579123675 
23 47 9 5 0 7 4.0 13.038404810405298 1.0573017267974891 
23 46 9 5 0 6 4.47213595499958 13.038404810405298 1.0562440156579078 
23 45 9 5 0 6 4.0 13.038404810405298 1.0551851011570763 
23 44 9 5 0 6 4.47213595499958 13.038404810405298 1.0374729160619016 
23 43 9 6 0 5 4.0 13.038404810405298 1.0197595276054765 
23 42 9 7 0 4 4.47213595499958 13.038404810405298 1.0167596885418484 
23 41 9 7 0 3 4.0 12.165525060596439 1.0157007740410169 
23 40 9 7 0 3 4.47213595499958 12.165525060596439 1.0146430629014356 
23 39 9 7 0 3 4.0 12.165525060596439 1.0135841484006043 
23 38 9 7 0 3 4.47213595499958 12.165525060596439 1.0108784994356683 
23 37 9 7 0 2 4.0 12.165525060596439 1.008171647109482 
23 36 9 7 0 1 4.47213595499958 12.165525060596439 1.0071139359699006 
23 35 9 7 0 1 4.0 12.165525060596439 1.006055021469069 
23 34 9 7 0 1 4.47213595499958 12.165525060596439 0.9883428363738946 
23 33 9 8 0 0 4.0 12.165525060596439 0.9883422346932694 
23 33 9 8 0 0 4.47213595499958 12.165525060596439 0.9899907741992494 
23 33 9 8 0 1 4.0 12.165525060596439 0.9722773857428243 
23 32 9 9 0 0 4.47213595499958 12.165525060596439 0.9915829244617427 
23 33 9 8 0 2 4.0 12.0 0.9722773857428243 
23 32 9 9 0 0 4.47213595499958 12.165525060596439 0.9947413614291007 
23 34 9 8 0 3 4.0 13.341664064126334 0.9722773857428243 
23 32 9 9 0 0 4.47213595499958 12.165525060596439 0.9769263659930576 
23 33 9 9 0 2 4.0 13.038404810405298 0.9722215981799629 
23 32 9 9 0 0 4.47213595499958 12.0 0.9830112134434179 
23 35 9 9 0 4 4.0 15.033296378372908 0.9816040429959929 
23 34 9 9 0 4 4.47213595499958 14.0 0.9769263659930576 
23 33 9 9 0 2 4.0 13.038404810405298 0.9722773857428243 
23 32 9 9 0 0 4.47213595499958 12.165525060596439 0.9947413614291007 
23 34 9 8 0 3 4.0 13.341664064126334 0.9883422346932694 
23 33 9 8 0 0 4.47213595499958 12.165525060596439 0.9589195414172562 
23 21 9 9 0 0 4.0 7.0710678118654755 0.9833279077943479 
21 23 9 8 1 4 1.4142135623730951 2.8284271247461903 1 
