140 140 0 0 14 14 16.0 16.0 1.1716813004033162 
139 138 0 0 19 17 16.0 13.038404810405298 1.1850925882097556 
135 137 0 0 22 18 14.0 15.033296378372908 1.2179086816831164 
131 136 0 0 25 26 14.0 15.033296378372908 1.2150208939704905 
127 135 0 0 25 23 13.038404810405298 16.0 1.2288955371480825 
123 134 0 0 28 25 14.0 15.033296378372908 1.2282321438513477 
123 133 0 0 38 22 15.033296378372908 15.033296378372908 1.2557447637916765 
117 132 0 0 38 28 14.0 15.033296378372908 1.2628669353979447 
116 131 0 0 45 28 14.0 15.033296378372908 1.3126969954527186 
110 130 0 0 38 44 14.0 15.033296378372908 1.330754634606306 
100 126 0 0 35 48 14.0 15.033296378372908 1.2968970810452085 
99 122 1 0 39 36 14.0 15.033296378372908 1.3194931579951534 
93 118 1 0 31 46 14.0 15.033296378372908 1.290399466466886 
92 117 1 0 38 34 14.0 15.033296378372908 1.3231054154332222 
84 116 1 0 31 43 14.0 15.033296378372908 1.3089963175447248 
80 112 1 0 37 37 14.0 15.033296378372908 1.3056608845453042 
78 110 2 0 32 36 14.0 15.033296378372908 1.3143522794012845 
72 109 2 0 26 38 14.0 15.033296378372908 1.3369798313309043 
66 107 3 0 29 40 14.0 15.033296378372908 1.3269398545721416 
64 106 4 0 21 37 14.0 15.033296378372908 1.3370467511939281 
60 105 4 0 28 36 14.0 15.033296378372908 1.3137177832965035 
56 103 5 0 15 30 14.0 15.033296378372908 1.3073332886198101 
55 102 5 0 18 27 14.0 15.033296378372908 1.310002759726751 
54 101 5 0 21 27 14.0 15.033296378372908 1.30129363323712 
50 99 6 0 13 24 14.0 15.033296378372908 1.3120332496488647 
51 98 6 0 16 28 14.0 15.033296378372908 1.3277870703768493 
49 97 6 0 18 32 12.165525060596439 15.033296378372908 1.3277074289813033 
43 96 7 0 9 30 11.40175425099138 15.033296378372908 1.3138444746420612 
39 94 7 0 5 26 11.40175425099138 15.033296378372908 1.3094192496426715 
38 93 8 0 4 23 14.0 15.033296378372908 1.2929891981348374 
36 91 8 0 4 18 14.0 15.033296378372908 1.2739626228135061 
35 90 8 1 4 18 13.038404810405298 15.033296378372908 1.2793991128470967 
34 89 8 1 4 20 12.0 15.033296378372908 1.277834430793666 
32 88 8 1 4 19 10.198039027185569 15.033296378372908 1.2923319710892565 
31 87 8 1 4 24 9.055385138137417 15.033296378372908 1.2818713019071981 
30 86 8 1 6 20 8.246211251235321 15.033296378372908 1.2889513722692971 
26 85 8 1 2 22 5.830951894845301 15.033296378372908 1.2834878705834858 
27 84 8 1 4 21 5.830951894845301 15.033296378372908 1.2778486632801294 
27 83 8 1 4 20 5.0990195135927845 15.033296378372908 1.2751279643804554 
27 82 8 1 4 20 5.830951894845301 15.033296378372908 1.2725067456716437 
27 81 8 1 4 20 5.0990195135927845 15.033296378372908 1.2697860467719697 
27 80 8 1 4 20 5.830951894845301 15.033296378372908 1.2611288508740686 
27 79 8 1 4 18 5.0990195135927845 15.033296378372908 1.2588049218601274 
27 77 8 1 4 19 5.0990195135927845 15.033296378372908 1.2500979858667953 
27 76 8 1 4 17 5.0990195135927845 15.033296378372908 1.2564809928461862 
27 75 8 1 4 20 5.0990195135927845 15.033296378372908 1.2598460112310328 
27 74 8 1 4 22 5.0990195135927845 15.033296378372908 1.2511390752377005 
27 73 8 1 4 20 5.0990195135927845 15.033296378372908 1.2330642366310542 
27 72 8 2 4 21 5.0990195135927845 15.033296378372908 1.233411266421356 
27 71 8 2 4 22 5.0990195135927845 15.033296378372908 1.2186683532389344 
27 70 8 2 4 18 5.0990195135927845 15.033296378372908 1.2129794058401469 
27 69 8 2 4 17 5.0990195135927845 15.033296378372908 1.2072904584413593 
27 68 8 2 4 16 5.0990195135927845 15.033296378372908 1.2016015110425715 
27 67 8 2 4 15 5.0990195135927845 15.033296378372908 1.195912563643784 
27 66 8 2 4 14 5.0990195135927845 15.033296378372908 1.1962595934340858 
27 65 8 2 4 15 5.0990195135927845 15.033296378372908 1.175166766232895 
27 64 8 3 4 15 5.0990195135927845 15.033296378372908 1.1614649424213788 
27 60 8 3 4 14 5.0990195135927845 15.033296378372908 1.161858323183224 
26 59 8 3 5 14 5.830951894845301 15.033296378372908 1.1754921536158893 
24 58 9 3 2 17 5.830951894845301 15.033296378372908 1.1599778925628752 
24 57 9 3 2 13 5.0990195135927845 14.0 1.1542889451640876 
24 56 9 3 2 12 5.0990195135927845 14.0 1.157653963548934 
24 55 9 3 2 14 5.0990195135927845 14.0 1.127854200354411 
24 53 9 4 2 12 5.0990195135927845 14.0 1.122512282745925 
24 51 9 4 2 12 5.0990195135927845 14.0 1.0843526133483712 
24 47 9 5 2 9 5.0990195135927845 14.0 1.0692957633362696 
24 46 9 6 2 11 5.0990195135927845 14.0 1.0666248045320268 
24 45 9 6 2 11 5.0990195135927845 14.0 1.0609358571332392 
24 44 9 6 2 10 5.0990195135927845 14.0 1.0582648983289962 
24 43 9 6 2 10 5.0990195135927845 14.0 1.049557962335664 
24 42 9 6 2 8 5.0990195135927845 14.0 1.0284651351344731 
24 41 9 7 2 8 5.0990195135927845 14.0 1.0227761877356853 
24 40 9 7 2 7 5.0990195135927845 14.0 1.0039045875228871 
24 38 9 7 2 3 5.0990195135927845 12.165525060596439 1.0012336287186443 
24 37 9 7 2 3 5.0990195135927845 12.165525060596439 0.9771228129229086 
24 36 9 8 2 2 5.0990195135927845 12.165525060596439 0.9744518541186655 
24 35 9 8 2 2 5.0990195135927845 12.165525060596439 0.9717808953144227 
24 34 9 8 2 2 5.0990195135927845 12.165525060596439 0.9660919479156352 
24 33 9 8 2 1 5.0990195135927845 12.165525060596439 0.9418496009946815 
24 32 9 9 2 0 5.0990195135927845 12.0 0.9659604167904172 
24 33 9 8 2 1 5.0990195135927845 12.0 0.9418496009946815 
24 32 9 9 2 0 5.0990195135927845 12.0 0.9419811321198995 
24 32 9 9 2 0 5.0990195135927845 12.165525060596439 0.9608527323326979 
24 34 9 9 2 4 5.0990195135927845 14.0 0.9419811321198995 
24 32 9 9 2 0 5.0990195135927845 12.165525060596439 0.9884555948987002 
24 36 9 8 2 5 5.0990195135927845 15.033296378372908 0.9643447791029642 
24 35 9 9 2 4 5.0990195135927845 15.033296378372908 0.9513816842657264 
24 33 9 9 2 2 5.0990195135927845 13.038404810405298 0.9419811321198995 
24 32 9 9 2 0 5.0990195135927845 12.165525060596439 0.9643447791029642 
24 35 9 9 2 4 5.0990195135927845 15.033296378372908 0.9609656775172851 
24 34 9 9 2 4 5.0990195135927845 14.142135623730951 0.9516226630681566 
24 33 9 9 2 2 5.0990195135927845 13.341664064126334 0.9423654035725577 
24 32 9 9 2 0 5.0990195135927845 12.649110640673518 0.9660919479156352 
24 33 9 8 2 1 5.0990195135927845 12.165525060596439 0.9423654035725577 
24 32 9 9 2 0 5.0990195135927845 12.649110640673518 0.9659604167904172 
24 33 9 8 2 1 5.0990195135927845 12.0 0.9423654035725577 
24 32 9 9 2 0 5.0990195135927845 12.649110640673518 0.9660919479156352 
24 33 9 8 2 1 5.0990195135927845 12.165525060596439 0.9423654035725577 
24 32 9 9 2 0 5.0990195135927845 12.649110640673518 0.9691099365101798 
24 33 9 8 2 2 5.0990195135927845 12.165525060596439 0.9423654035725577 
24 32 9 9 2 0 5.0990195135927845 12.649110640673518 0.9643447791029642 
24 35 9 9 2 4 5.0990195135927845 15.033296378372908 0.9516226630681566 
24 33 9 9 2 2 5.0990195135927845 13.341664064126334 0.9423654035725577 
24 32 9 9 2 0 5.0990195135927845 12.649110640673518 0.9516226630681566 
24 33 9 9 2 2 5.0990195135927845 13.341664064126334 0.9423654035725577 
24 32 9 9 2 0 5.0990195135927845 12.649110640673518 0.9659604167904172 
24 33 9 8 2 1 5.0990195135927845 12.0 0.9423654035725577 
24 32 9 9 2 0 5.0990195135927845 12.649110640673518 0.9609656775172851 
24 34 9 9 2 4 5.0990195135927845 14.142135623730951 0.9513816842657264 
24 33 9 9 2 2 5.0990195135927845 13.038404810405298 0.9419811321198995 
24 32 9 9 2 0 5.0990195135927845 12.165525060596439 0.9850764933130208 
24 35 9 8 2 5 5.0990195135927845 14.142135623730951 0.9691099365101798 
24 33 9 8 2 2 5.0990195135927845 12.165525060596439 0.9423654035725577 
24 32 9 9 2 0 5.0990195135927845 12.649110640673518 0.9754925000614622 
24 34 9 8 2 3 5.0990195135927845 13.038404810405298 0.9630739593210905 
24 33 9 8 2 0 5.0990195135927845 12.165525060596439 0.969697501674803 
24 34 9 8 2 1 5.0990195135927845 13.341664064126334 0.9630739593210905 
24 33 9 8 2 0 5.0990195135927845 12.165525060596439 0.969697501674803 
24 34 9 8 2 1 5.0990195135927845 13.341664064126334 0.9630739593210905 
24 33 9 8 2 0 5.0990195135927845 12.165525060596439 0.9630739593210905 
24 33 9 8 2 0 5.0990195135927845 12.165525060596439 0.9819455595338888 
24 35 9 8 2 4 5.0990195135927845 14.0 0.9754925000614622 
24 34 9 8 2 3 5.0990195135927845 13.038404810405298 0.9423654035725577 
24 32 9 9 2 0 5.0990195135927845 12.649110640673518 0.9691099365101798 
24 33 9 8 2 2 5.0990195135927845 12.165525060596439 0.9419811321198995 
24 32 9 9 2 0 5.0990195135927845 12.165525060596439 0.9785104886560068 
24 34 9 8 2 4 5.0990195135927845 13.038404810405298 0.9513816842657264 
24 33 9 9 2 2 5.0990195135927845 13.038404810405298 0.9419811321198995 
24 32 9 9 2 0 5.0990195135927845 12.165525060596439 0.9854376063041554 
24 36 9 8 2 4 5.0990195135927845 15.033296378372908 0.9820585047184761 
24 35 9 8 2 4 5.0990195135927845 14.142135623730951 0.9724745114669174 
24 34 9 8 2 2 5.0990195135927845 13.038404810405298 0.9630739593210905 
24 33 9 8 2 0 5.0990195135927845 12.165525060596439 0.9871847751168261 
24 34 9 7 2 1 5.0990195135927845 12.165525060596439 0.9630739593210905 
24 33 9 8 2 0 5.0990195135927845 12.165525060596439 0.9871847751168261 
24 34 9 7 2 1 5.0990195135927845 12.165525060596439 0.9630739593210905 
24 33 9 8 2 0 5.0990195135927845 12.165525060596439 0.9347409519828704 
24 23 9 8 2 1 5.0990195135927845 6.324555320336759 0.9341405073311213 
24 22 9 8 6 0 4.47213595499958 7.0710678118654755 0.9696549931666222 
24 24 9 7 6 5 4.0 2.8284271247461903 0.9355914478259922 
24 22 9 8 6 1 4.47213595499958 5.0990195135927845 0.9115127170808154 
24 21 9 9 6 0 4.0 5.0990195135927845 0.9531015620576235 
24 25 9 8 6 4 4.47213595499958 5.656854249492381 0.9475830428648577 
24 24 9 8 6 3 4.0 5.830951894845301 0.937158495925666 
24 22 9 8 6 1 4.47213595499958 7.0710678118654755 0.9130797651804892 
24 21 9 9 6 0 4.0 7.0710678118654755 0.9294761192076523 
24 23 9 9 6 4 4.47213595499958 5.830951894845301 0.9099737245299606 
24 21 9 9 6 0 4.0 3.1622776601683795 0.9214012765245919 
24 22 9 9 6 3 4.47213595499958 2.8284271247461903 0.9116026495174134 
24 21 9 9 6 1 4.0 1.4142135623730951 -1 
