140 140 0 0 14 14 16.0 16.0 1.0996838444879868 
138 138 0 0 17 17 16.0 14.142135623730951 1.1058985037457993 
134 136 0 0 16 19 13.038404810405298 16.0 1.1162723589098418 
132 134 0 0 21 23 13.341664064126334 16.0 1.1303095715689968 
128 133 0 0 22 28 13.341664064126334 16.0 1.1437324566362015 
124 132 0 0 22 33 13.341664064126334 16.0 1.1376454288612374 
120 131 0 0 26 27 13.341664064126334 16.0 1.1318664761182018 
116 130 0 0 24 23 13.341664064126334 16.0 1.1345720585308434 
114 126 0 0 25 26 13.341664064126334 16.0 1.1506639501593523 
113 125 0 0 29 33 13.341664064126334 16.0 1.1418502571455453 
103 124 0 0 26 24 13.341664064126334 16.0 1.1900345881244743 
102 122 1 0 28 44 13.341664064126334 16.0 1.1566557560523085 
96 120 2 0 17 24 13.341664064126334 16.0 1.166599291688377 
95 119 2 0 24 27 13.038404810405298 16.0 1.184228201651162 
91 118 3 0 26 29 13.341664064126334 16.0 1.1793626418839511 
79 117 4 0 14 19 12.165525060596439 16.0 1.1893094351210496 
78 116 4 0 21 22 12.165525060596439 16.0 1.1884501200888733 
72 114 4 0 19 20 13.038404810405298 16.0 1.2115716344061724 
64 113 5 0 12 25 12.165525060596439 16.0 1.2038533200488597 
63 112 5 0 13 21 12.165525060596439 16.0 1.199848738052128 
59 110 5 0 10 19 12.165525060596439 16.0 1.19228446121078 
58 109 5 0 8 16 12.165525060596439 16.0 1.1979309613042255 
57 108 5 0 8 19 12.165525060596439 16.0 1.1955893802304092 
56 107 5 0 8 18 12.165525060596439 16.0 1.1952448194484082 
55 106 5 0 8 18 12.165525060596439 16.0 1.2012829975882926 
54 104 5 0 8 22 12.165525060596439 16.0 1.2108016270288804 
52 103 5 0 9 26 12.165525060596439 16.0 1.210819830473763 
51 102 6 0 8 22 12.165525060596439 16.0 1.2130866175755282 
50 101 6 0 9 23 12.165525060596439 16.0 1.2093087227572614 
49 97 6 0 8 24 12.165525060596439 16.0 1.2049701213916295 
48 96 6 0 8 22 12.165525060596439 16.0 1.2098803826566358 
46 95 6 0 8 24 12.165525060596439 16.0 1.2041590885911388 
45 94 6 0 9 21 12.165525060596439 16.0 1.2044609816805634 
43 93 6 0 8 21 12.165525060596439 16.0 1.2082505761635658 
42 91 7 0 6 20 12.165525060596439 16.0 1.2062924687350183 
41 89 7 0 6 20 11.40175425099138 16.0 1.2079381455019431 
40 88 7 0 6 21 10.770329614269007 16.0 1.1840040770608926 
39 86 7 1 6 18 10.295630140987 16.0 1.1836563406295424 
38 85 7 1 6 18 10.0 16.0 1.191298781392685 
37 84 7 1 6 22 9.899494936611665 16.0 1.1835804670353722 
36 83 7 1 7 18 9.899494936611665 16.0 1.1910024174972405 
35 81 7 1 6 23 10.0 16.0 1.1878956469648587 
34 80 7 1 8 21 10.295630140987 16.0 1.1862502560752992 
30 79 7 1 3 20 8.94427190999916 16.0 1.1884849168975886 
30 78 7 1 6 21 8.94427190999916 16.0 1.193722629056002 
28 77 8 1 5 19 5.656854249492381 16.0 1.1817248868617625 
27 73 9 2 2 20 8.602325267042627 16.0 1.1793683613188255 
26 72 9 2 2 19 7.211102550927978 16.0 1.1542109023517106 
25 68 9 3 2 17 5.830951894845301 16.0 1.1526358162345711 
24 67 9 3 0 17 5.656854249492381 16.0 1.1530147680756624 
24 66 9 3 0 18 4.47213595499958 16.0 1.1538108503738869 
24 64 9 3 0 20 5.656854249492381 16.0 1.1302137157157766 
24 63 9 4 0 17 4.47213595499958 16.0 1.124627059092116 
24 62 9 4 0 15 5.656854249492381 16.0 1.1234006686878302 
24 60 9 4 0 16 4.47213595499958 16.0 1.1192728449495037 
24 59 9 4 0 15 5.656854249492381 15.033296378372908 1.1176547764987796 
24 58 9 4 0 15 4.47213595499958 15.033296378372908 1.114456818213373 
24 56 9 4 0 15 5.656854249492381 15.033296378372908 1.1128387497626488 
24 55 9 4 0 15 4.47213595499958 15.033296378372908 1.1092491134308036 
24 54 9 4 0 14 5.656854249492381 15.033296378372908 1.1076310449800795 
24 53 9 4 0 14 4.47213595499958 15.033296378372908 1.0804570001954712 
24 51 9 5 0 10 5.656854249492381 15.033296378372908 1.078838931744747 
24 50 9 5 0 10 4.47213595499958 15.033296378372908 1.0747531645568995 
24 49 9 5 0 9 5.656854249492381 14.142135623730951 1.0731350961061754 
24 48 9 5 0 9 4.47213595499958 14.142135623730951 1.06954545977433 
24 47 9 5 0 8 5.656854249492381 14.142135623730951 1.067927391323606 
24 46 9 5 0 8 4.47213595499958 14.142135623730951 1.0663347752835761 
24 45 9 5 0 8 5.656854249492381 14.142135623730951 1.0647167068328522 
24 44 9 5 0 8 4.47213595499958 14.142135623730951 1.0631240907928223 
24 43 9 5 0 8 5.656854249492381 14.142135623730951 1.043520996718343 
24 42 9 6 0 7 4.47213595499958 14.142135623730951 1.039931360386498 
24 41 9 6 0 6 5.656854249492381 14.142135623730951 1.0183312460202032 
24 40 9 7 0 4 4.47213595499958 14.142135623730951 1.0167386299801735 
24 39 9 7 0 4 5.656854249492381 14.142135623730951 1.0151205615294494 
24 38 9 7 0 4 4.47213595499958 14.142135623730951 1.0135279454894195 
24 37 9 7 0 4 5.656854249492381 14.142135623730951 1.0094672147703863 
24 36 9 7 0 3 4.47213595499958 13.341664064126334 1.005877578438541 
24 35 9 7 0 2 5.656854249492381 13.341664064126334 0.9861056525653593 
24 34 9 8 0 1 4.47213595499958 13.038404810405298 0.9665280109015745 
24 33 9 9 0 0 5.656854249492381 13.038404810405298 0.9964180025627585 
24 36 9 8 0 4 4.47213595499958 15.033296378372908 0.984121358478891 
24 34 9 8 0 0 5.656854249492381 13.038404810405298 0.9985615322146164 
24 37 9 8 0 4 4.47213595499958 16.0 0.9883381947912796 
24 35 9 8 0 1 5.656854249492381 14.142135623730951 0.9842774640722464 
24 34 9 8 0 0 4.47213595499958 13.341664064126334 0.9964307287681057 
24 36 9 8 0 4 5.656854249492381 15.033296378372908 0.9842774640722464 
24 34 9 8 0 0 4.47213595499958 13.341664064126334 1.0139196235358583 
24 36 9 7 0 5 5.656854249492381 14.142135623730951 0.9923195091695635 
24 35 9 8 0 3 4.47213595499958 14.142135623730951 0.966696842700277 
24 33 9 9 0 0 5.656854249492381 13.341664064126334 0.9964180025627585 
24 36 9 8 0 4 4.47213595499958 15.033296378372908 0.9923322353749107 
24 35 9 8 0 3 5.656854249492381 14.142135623730951 0.9842774640722464 
24 34 9 8 0 0 4.47213595499958 13.341664064126334 0.9898895731066014 
24 35 9 8 0 2 5.656854249492381 13.341664064126334 0.9862744843640618 
24 34 9 8 0 1 4.47213595499958 13.341664064126334 0.966696842700277 
24 33 9 9 0 0 5.656854249492381 13.341664064126334 0.9862744843640618 
24 34 9 8 0 1 4.47213595499958 13.341664064126334 0.966696842700277 
24 33 9 9 0 0 5.656854249492381 13.341664064126334 0.9665152846962273 
24 33 9 9 0 0 4.47213595499958 13.038404810405298 0.9923322353749107 
24 35 9 8 0 3 5.656854249492381 14.142135623730951 0.9861056525653593 
24 34 9 8 0 1 4.47213595499958 13.038404810405298 0.9665280109015745 
24 33 9 9 0 0 5.656854249492381 13.038404810405298 0.9862744843640618 
24 34 9 8 0 1 4.47213595499958 13.341664064126334 0.9665280109015745 
24 33 9 9 0 0 5.656854249492381 13.038404810405298 0.9727291413004316 
24 34 9 9 0 2 4.47213595499958 14.142135623730951 0.966696842700277 
24 33 9 9 0 0 5.656854249492381 13.341664064126334 0.9665152846962273 
24 33 9 9 0 0 4.47213595499958 13.038404810405298 0.9788373811907891 
24 35 9 9 0 4 5.656854249492381 15.033296378372908 0.9665152846962273 
24 33 9 9 0 0 4.47213595499958 13.038404810405298 0.9665280109015745 
24 33 9 9 0 0 5.656854249492381 13.038404810405298 0.9788246549854419 
24 35 9 9 0 4 4.47213595499958 15.033296378372908 0.9726627371487666 
24 34 9 9 0 2 5.656854249492381 14.0 0.9665152846962273 
24 33 9 9 0 0 4.47213595499958 13.038404810405298 0.9726627371487666 
24 34 9 9 0 2 5.656854249492381 14.0 0.9665152846962273 
24 33 9 9 0 0 4.47213595499958 13.038404810405298 0.9788373811907891 
24 35 9 9 0 4 5.656854249492381 15.033296378372908 0.9727291413004316 
24 34 9 9 0 2 4.47213595499958 14.142135623730951 0.9665280109015745 
24 33 9 9 0 0 5.656854249492381 13.038404810405298 0.9809681846373001 
24 36 9 9 0 4 4.47213595499958 16.0 0.9727418675057788 
24 34 9 9 0 2 5.656854249492381 14.142135623730951 0.9666841164949298 
24 33 9 9 0 0 4.47213595499958 13.341664064126334 0.9861183787707065 
24 34 9 8 0 1 5.656854249492381 13.038404810405298 0.9666841164949298 
24 33 9 9 0 0 4.47213595499958 13.341664064126334 0.9809809108426473 
24 36 9 9 0 4 5.656854249492381 16.0 0.9727291413004316 
24 34 9 9 0 2 4.47213595499958 14.142135623730951 0.966696842700277 
24 33 9 9 0 0 5.656854249492381 13.341664064126334 0.9727291413004316 
24 34 9 9 0 2 4.47213595499958 14.142135623730951 0.9665280109015745 
24 33 9 9 0 0 5.656854249492381 13.038404810405298 0.9727291413004316 
24 34 9 9 0 2 4.47213595499958 14.142135623730951 0.966696842700277 
24 33 9 9 0 0 5.656854249492381 13.341664064126334 0.9922403788125512 
24 35 9 8 0 3 4.47213595499958 14.0 0.9861183787707065 
24 34 9 8 0 1 5.656854249492381 13.038404810405298 0.9666841164949298 
24 33 9 9 0 0 4.47213595499958 13.341664064126334 0.9923322353749107 
24 35 9 8 0 3 5.656854249492381 14.142135623730951 0.9861056525653593 
24 34 9 8 0 1 4.47213595499958 13.038404810405298 0.966696842700277 
24 33 9 9 0 0 5.656854249492381 13.341664064126334 0.9923195091695635 
24 35 9 8 0 3 4.47213595499958 14.142135623730951 0.984121358478891 
24 34 9 8 0 0 5.656854249492381 13.038404810405298 0.9902433585207358 
24 35 9 8 0 2 4.47213595499958 14.0 0.984121358478891 
24 34 9 8 0 0 5.656854249492381 13.038404810405298 0.9883254685859324 
24 35 9 8 0 1 4.47213595499958 14.142135623730951 0.984121358478891 
24 34 9 8 0 0 5.656854249492381 13.038404810405298 0.9883254685859324 
24 35 9 8 0 1 4.47213595499958 14.142135623730951 0.984121358478891 
24 34 9 8 0 0 5.656854249492381 13.038404810405298 0.9964180025627585 
24 36 9 8 0 4 4.47213595499958 15.033296378372908 0.9883381947912796 
24 35 9 8 0 1 5.656854249492381 14.142135623730951 0.9841086322735438 
24 34 9 8 0 0 4.47213595499958 13.038404810405298 1.0094799409757333 
24 36 9 7 0 3 5.656854249492381 13.341664064126334 0.9841086322735438 
24 34 9 8 0 0 4.47213595499958 13.038404810405298 0.9883381947912796 
24 35 9 8 0 1 5.656854249492381 14.142135623730951 0.9841086322735438 
24 34 9 8 0 0 4.47213595499958 13.038404810405298 0.9964307287681057 
24 36 9 8 0 4 5.656854249492381 15.033296378372908 0.9882463382289202 
24 35 9 8 0 1 4.47213595499958 14.0 0.984121358478891 
24 34 9 8 0 0 5.656854249492381 13.038404810405298 0.9861056525653593 
24 34 9 8 0 1 4.47213595499958 13.038404810405298 0.9665280109015745 
24 33 9 9 0 0 5.656854249492381 13.038404810405298 0.9862744843640618 
24 34 9 8 0 1 4.47213595499958 13.341664064126334 0.9665280109015745 
24 33 9 9 0 0 5.656854249492381 13.038404810405298 0.9964180025627585 
24 36 9 8 0 4 4.47213595499958 15.033296378372908 0.984121358478891 
24 34 9 8 0 0 5.656854249492381 13.038404810405298 0.9428311289525132 
24 21 9 9 0 0 4.47213595499958 5.0990195135927845 0.9661717149322979 
22 22 9 8 2 1 4.47213595499958 5.0990195135927845 0.9471780179883781 
22 21 9 9 3 0 2.8284271247461903 5.0990195135927845 1 
