140 140 0 0 14 14 16.0 16.0 1.0813387790235753 
138 139 0 0 17 18 16.0 14.142135623730951 1.0879596054739018 
134 138 0 0 16 22 12.165525060596439 16.0 1.0907397779641541 
132 137 0 0 21 24 12.649110640673518 16.0 1.0864938586373043 
128 136 0 0 22 19 12.649110640673518 16.0 1.0889782458763413 
124 134 0 0 22 21 12.649110640673518 16.0 1.090194407857916 
120 133 0 0 23 21 14.0 16.0 1.10155367008909 
114 132 0 0 20 30 14.0 15.033296378372908 1.0986175084243353 
112 131 0 0 23 27 15.033296378372908 15.033296378372908 1.0950436199318132 
108 129 0 0 17 24 15.033296378372908 15.033296378372908 1.1067467779581843 
107 128 1 0 18 25 15.033296378372908 15.033296378372908 1.111413626661972 
106 127 1 0 25 29 15.033296378372908 15.033296378372908 1.106269551601011 
96 125 1 0 16 22 15.033296378372908 15.033296378372908 1.1165809800692361 
92 123 2 0 18 21 13.341664064126334 15.033296378372908 1.1170528976826135 
91 121 2 0 25 22 13.038404810405298 15.033296378372908 1.130156898615714 
79 120 3 0 15 20 13.038404810405298 15.033296378372908 1.1302595205188628 
77 119 3 0 15 20 14.0 15.033296378372908 1.1416567291876825 
73 117 3 0 16 30 14.0 15.033296378372908 1.1502331554705405 
69 116 4 0 14 27 14.0 15.033296378372908 1.1577718849700158 
67 115 5 0 12 24 14.0 15.033296378372908 1.1654013609509697 
65 114 6 0 11 21 14.0 15.033296378372908 1.1687043926924396 
63 113 6 0 9 24 13.038404810405298 15.033296378372908 1.1661592126331821 
62 112 6 0 9 22 12.0 15.033296378372908 1.1662954676697705 
60 111 6 0 9 22 12.083045973594572 15.033296378372908 1.1620238644465986 
58 110 6 0 9 18 12.083045973594572 15.033296378372908 1.163356804547595 
56 109 6 0 10 19 12.083045973594572 15.033296378372908 1.167751467206094 
52 108 6 0 9 22 12.083045973594572 15.033296378372908 1.1675696684390255 
51 107 6 0 11 22 11.661903789690601 15.033296378372908 1.167745032358956 
45 105 6 0 10 21 10.295630140987 15.033296378372908 1.1688964794969965 
43 104 6 0 9 22 10.295630140987 15.033296378372908 1.1698920641692578 
42 103 6 0 12 23 10.295630140987 15.033296378372908 1.1707969557591864 
38 102 6 0 9 23 10.295630140987 15.033296378372908 1.1694706447157166 
36 101 6 0 5 22 10.295630140987 15.033296378372908 1.1691429640588902 
35 100 6 0 5 22 8.94427190999916 15.033296378372908 1.16901890512029 
34 98 6 0 5 23 7.615773105863909 15.033296378372908 1.1662324346609876 
33 94 6 0 8 23 7.211102550927978 15.033296378372908 1.1672355847713942 
29 92 6 0 4 24 7.615773105863909 15.033296378372908 1.1710379342550425 
28 91 7 0 3 18 7.615773105863909 15.033296378372908 1.1705677736328537 
27 90 7 0 2 18 7.615773105863909 15.033296378372908 1.1832829445462847 
26 89 8 0 2 20 7.615773105863909 15.033296378372908 1.1816687092263582 
25 88 8 0 0 19 6.324555320336759 15.033296378372908 1.1682050553136516 
25 87 8 1 2 20 2.8284271247461903 15.033296378372908 1.1778410240535306 
23 86 9 1 0 19 5.656854249492381 15.033296378372908 1.179193634334859 
23 85 9 1 0 21 4.47213595499958 15.033296378372908 1.1738843343283047 
23 84 9 1 0 17 4.47213595499958 15.033296378372908 1.1729860717959029 
23 83 9 1 0 17 4.47213595499958 15.033296378372908 1.1721058838474707 
23 82 9 1 0 17 4.0 15.033296378372908 1.1733950654681753 
23 81 9 1 0 19 4.47213595499958 15.033296378372908 1.170309358782667 
23 80 9 1 0 17 4.0 15.033296378372908 1.174906818508986 
23 79 9 1 0 22 4.47213595499958 15.033296378372908 1.1707183524549394 
23 78 9 1 0 19 4.0 15.033296378372908 1.1731102934441822 
23 77 9 1 0 22 4.47213595499958 15.033296378372908 1.1700245867586738 
23 76 9 1 0 20 4.0 15.033296378372908 1.1646972121681498 
23 75 9 1 0 16 4.47213595499958 15.033296378372908 1.1610683396662018 
23 74 9 1 0 14 4.0 14.0 1.1601520025498302 
23 73 9 1 0 14 4.47213595499958 14.0 1.159271814601398 
23 72 9 1 0 14 4.0 14.0 1.1432692335862322 
23 71 9 2 0 13 4.47213595499958 14.0 1.1297128173122184 
23 69 9 3 0 15 4.0 14.0 1.1287964801958468 
23 68 9 3 0 15 4.47213595499958 14.0 1.1279162922474146 
23 67 9 3 0 15 4.0 14.0 1.126999955131043 
23 66 9 3 0 15 4.47213595499958 14.0 1.1230159859131328 
23 64 9 3 0 13 4.0 14.0 1.1220996487967612 
23 63 9 3 0 13 4.47213595499958 14.0 1.121219460848329 
23 62 9 3 0 13 4.0 14.0 1.1203031237319574 
23 61 9 3 0 13 4.47213595499958 14.0 1.1205256951520632 
23 60 9 3 0 14 4.0 14.0 1.1163010799300774 
23 59 9 3 0 11 4.47213595499958 14.0 1.1154208919816453 
23 58 9 3 0 11 4.0 14.0 1.106034867177708 
23 57 9 4 0 16 4.47213595499958 14.0 1.1029491604921997 
23 56 9 4 0 14 4.0 14.0 1.10093006400729 
23 55 9 4 0 13 4.47213595499958 14.0 1.0967415979532436 
23 54 9 4 0 10 4.0 14.0 1.0936197420997957 
23 53 9 4 0 8 4.47213595499958 14.0 1.0927395541513636 
23 52 9 4 0 8 4.0 14.0 1.091823217034992 
23 51 9 4 0 8 4.47213595499958 14.0 1.0909430290865598 
23 50 9 4 0 8 4.0 14.0 1.0900266919701882 
23 49 9 4 0 8 4.47213595499958 14.0 1.088043744653218 
23 48 9 4 0 7 4.0 14.0 1.0860246481683085 
23 47 9 4 0 6 4.47213595499958 14.0 1.0724682318942942 
23 45 9 5 0 8 4.0 14.0 1.0704491354093846 
23 44 9 5 0 7 4.47213595499958 14.0 1.0706717068294904 
23 43 9 5 0 8 4.0 14.0 1.069755369713119 
23 42 9 5 0 8 4.47213595499958 14.0 1.0506851565964148 
23 40 9 6 0 5 4.0 14.0 1.0508715788485814 
23 39 9 6 0 6 4.47213595499958 14.0 1.0494859157555805 
23 38 9 6 0 6 4.0 13.038404810405298 1.0325850722080128 
23 36 9 7 0 5 4.47213595499958 13.038404810405298 1.0290405248143766 
23 35 9 7 0 3 4.0 12.165525060596439 1.0130379437992107 
23 34 9 8 0 2 4.47213595499958 12.165525060596439 1.0099522371137024 
23 33 9 8 0 0 4.0 12.165525060596439 1.0130379437992107 
23 34 9 8 0 2 4.47213595499958 12.165525060596439 1.0099522371137024 
23 33 9 8 0 0 4.0 12.165525060596439 1.0099341625297327 
23 33 9 8 0 0 4.47213595499958 12.165525060596439 1.0110549964822404 
23 33 9 8 0 1 4.0 12.165525060596439 0.9950524154670749 
23 32 9 9 0 0 4.47213595499958 12.165525060596439 1.017198830963306 
23 35 9 8 0 4 4.0 14.142135623730951 1.0099341625297327 
23 33 9 8 0 0 4.47213595499958 12.165525060596439 1.0130560183831805 
23 34 9 8 0 2 4.0 12.165525060596439 1.0099341625297327 
23 33 9 8 0 0 4.47213595499958 12.165525060596439 1.0259367435448985 
23 34 9 7 0 1 4.0 12.165525060596439 1.0099341625297327 
23 33 9 8 0 0 4.47213595499958 12.165525060596439 1.0119532590146423 
23 34 9 8 0 1 4.0 12.165525060596439 1.0099341625297327 
23 33 9 8 0 0 4.47213595499958 12.165525060596439 1.031864296470431 
23 35 9 7 0 5 4.0 13.341664064126334 1.014758956086727 
23 34 9 8 0 3 4.47213595499958 13.341664064126334 1.0099522371137024 
23 33 9 8 0 0 4.0 12.165525060596439 1.0279196908618689 
23 35 9 7 0 2 4.47213595499958 12.165525060596439 1.0119532590146423 
23 34 9 8 0 1 4.0 12.165525060596439 1.0099341625297327 
23 33 9 8 0 0 4.47213595499958 12.165525060596439 1.0110549964822404 
23 33 9 8 0 1 4.0 12.165525060596439 0.9950524154670749 
23 32 9 9 0 0 4.47213595499958 12.165525060596439 1.0147770306706967 
23 34 9 8 0 3 4.0 13.341664064126334 1.0110369218982707 
23 33 9 8 0 1 4.47213595499958 12.165525060596439 0.9950704900510446 
23 32 9 9 0 0 4.0 12.165525060596439 1.0157023032444148 
23 34 9 8 0 4 4.47213595499958 13.038404810405298 1.0121577558507786 
23 33 9 8 0 2 4.0 12.165525060596439 0.9949654050443522 
23 32 9 9 0 0 4.47213595499958 12.0 1.012070745428056 
23 33 9 8 0 2 4.0 12.0 0.9950524154670749 
23 32 9 9 0 0 4.47213595499958 12.165525060596439 1.0136742713021587 
23 34 9 8 0 2 4.0 13.341664064126334 1.0110369218982707 
23 33 9 8 0 1 4.47213595499958 12.165525060596439 0.9950704900510446 
23 32 9 9 0 0 4.0 12.165525060596439 1.0182835157478742 
23 35 9 8 0 5 4.47213595499958 14.142135623730951 1.002317083900648 
23 34 9 9 0 4 4.0 14.142135623730951 0.9953066185804493 
23 32 9 9 0 0 4.47213595499958 12.649110640673518 0.9804569269165381 
23 21 9 9 0 0 4.0 3.1622776601683795 1.0016999149150192 
21 23 9 8 1 4 1.4142135623730951 2.8284271247461903 1 
