140 140 0 0 14 14 16.0 16.0 1.0329803153045283 
138 138 0 0 17 17 16.0 14.142135623730951 1.0424436024208323 
134 136 0 0 16 22 13.038404810405298 16.0 1.0432961203965432 
132 135 0 0 16 22 13.038404810405298 16.0 1.0449567652892975 
130 134 0 0 16 23 14.0 16.0 1.0468824640324121 
128 133 0 0 16 24 14.0 16.0 1.045070822281166 
126 132 0 0 14 21 14.0 16.0 1.0443115454944305 
124 130 0 0 16 21 14.0 16.0 1.0458002003110654 
122 129 0 0 15 22 14.142135623730951 15.033296378372908 1.052585240862931 
120 127 0 0 16 29 15.033296378372908 15.033296378372908 1.0467209829465909 
118 126 0 0 17 23 15.033296378372908 15.033296378372908 1.0462393974474828 
116 124 0 0 18 23 15.033296378372908 15.033296378372908 1.0470919154231937 
114 123 0 0 18 23 15.033296378372908 15.033296378372908 1.0430792503522623 
112 119 0 0 18 22 15.033296378372908 14.142135623730951 1.0427592595849402 
110 118 0 0 18 21 15.033296378372908 14.0 1.043611777560651 
108 117 0 0 18 21 15.033296378372908 14.0 1.0444810641165743 
106 115 0 0 18 22 15.033296378372908 14.0 1.047479943627093 
104 114 0 0 18 24 15.033296378372908 14.0 1.0435387089212511 
102 112 0 0 16 20 15.033296378372908 14.0 1.046815279719397 
100 111 0 0 15 22 15.033296378372908 14.0 1.0468723082153315 
98 110 0 0 14 21 15.033296378372908 14.0 1.0495934964382225 
96 109 0 0 15 23 15.033296378372908 14.0 1.0485773441667532 
94 108 0 0 14 21 15.033296378372908 14.0 1.0484560093506892 
92 107 0 0 14 20 15.033296378372908 14.142135623730951 1.0498639099016547 
90 106 0 0 12 20 15.033296378372908 14.142135623730951 1.0509967946976095 
86 105 0 0 14 19 15.033296378372908 14.142135623730951 1.0680275994603192 
82 104 1 0 12 21 15.033296378372908 14.142135623730951 1.0815235862500843 
78 103 2 0 15 21 15.033296378372908 14.142135623730951 1.0966857207656138 
74 102 3 0 12 21 15.033296378372908 14.142135623730951 1.1068005141188757 
73 101 4 0 13 20 15.033296378372908 14.142135623730951 1.1091393884157827 
72 99 4 0 12 23 15.033296378372908 14.142135623730951 1.106095590295458 
71 98 4 0 11 20 15.033296378372908 14.142135623730951 1.111359547026737 
70 97 4 0 11 25 15.033296378372908 14.142135623730951 1.11225232491817 
66 96 4 0 10 23 15.033296378372908 14.142135623730951 1.1295232365854015 
62 95 5 0 11 26 15.033296378372908 14.142135623730951 1.1285309791540827 
60 93 5 0 11 25 14.0 14.142135623730951 1.1264416461152091 
58 92 5 0 10 22 14.0 14.142135623730951 1.1297060729209571 
56 91 5 0 7 23 12.165525060596439 14.142135623730951 1.1265266991569072 
54 87 5 0 7 22 11.40175425099138 14.142135623730951 1.1265042565079364 
52 86 5 0 8 22 10.770329614269007 13.038404810405298 1.1283233699196826 
48 85 5 0 8 21 10.295630140987 13.038404810405298 1.1264342399826714 
47 84 5 0 7 19 10.0 13.038404810405298 1.1258843205695124 
46 83 5 0 6 19 10.0 12.0 1.126855554231176 
45 82 5 0 6 20 10.0 12.0 1.1383212196394692 
44 81 6 0 6 20 10.0 12.0 1.1395978477785431 
43 80 6 0 5 21 9.899494936611665 12.0 1.1385510834731059 
42 79 6 0 6 21 9.899494936611665 11.045361017187261 1.137653646887589 
41 78 6 0 5 20 9.899494936611665 11.045361017187261 1.1385061648633 
39 77 6 0 5 20 9.899494936611665 11.045361017187261 1.1415050443738186 
37 76 6 0 5 22 9.899494936611665 11.045361017187261 1.1402279693949338 
35 74 6 0 5 21 9.899494936611665 11.045361017187261 1.1518526104049018 
33 73 7 0 4 20 9.899494936611665 11.045361017187261 1.1497331925189809 
32 71 7 0 5 19 8.48528137423857 11.045361017187261 1.139929463160137 
28 70 7 1 3 19 7.0710678118654755 11.045361017187261 1.1404950208040665 
27 69 7 1 2 19 5.656854249492381 11.045361017187261 1.1402275045851138 
26 68 7 1 4 19 4.242640687119285 11.045361017187261 1.1394130044576285 
24 66 7 1 2 19 6.324555320336759 10.198039027185569 1.1500363874769508 
22 65 8 1 0 17 7.0710678118654755 10.198039027185569 1.1503190396544878 
22 64 8 1 1 18 5.0990195135927845 10.198039027185569 1.1610059841632165 
21 62 9 1 0 18 5.0990195135927845 10.198039027185569 1.147177186116861 
21 61 9 2 1 18 1.4142135623730951 10.198039027185569 1 
