140 140 0 0 14 14 16.0 16.0 1.1349517273141245 
138 139 0 0 17 17 16.0 14.142135623730951 1.145703431920554 
134 137 0 0 16 20 12.649110640673518 16.0 1.146125836127017 
132 135 0 0 21 19 13.038404810405298 16.0 1.1567797034229275 
128 134 0 0 22 21 14.142135623730951 16.0 1.1508110921697086 
124 133 0 0 22 17 14.142135623730951 16.0 1.1664095988512042 
120 131 0 0 22 22 14.142135623730951 16.0 1.1749008731927353 
116 129 0 0 23 24 14.142135623730951 16.0 1.1727759304197627 
112 125 0 0 26 23 14.142135623730951 16.0 1.168100478767563 
106 124 1 0 17 18 14.0 16.0 1.1859924233578747 
105 123 1 0 21 24 14.0 15.033296378372908 1.1914681748746554 
101 122 2 0 19 22 15.033296378372908 15.033296378372908 1.2010891184993207 
97 120 3 0 15 23 15.033296378372908 15.033296378372908 1.206215995836417 
95 118 3 0 16 25 15.033296378372908 15.033296378372908 1.2120605706338032 
94 116 3 0 20 27 15.033296378372908 15.033296378372908 1.1975493321200392 
88 115 3 0 15 20 15.033296378372908 15.033296378372908 1.2039484513234413 
87 114 3 0 17 22 15.033296378372908 15.033296378372908 1.2086873060057146 
81 113 3 0 13 22 15.033296378372908 15.033296378372908 1.2253772701133505 
75 112 4 0 15 22 13.038404810405298 14.142135623730951 1.2616110641256317 
69 111 5 0 11 31 14.142135623730951 14.142135623730951 1.2556314858818685 
68 110 5 0 14 28 14.142135623730951 14.142135623730951 1.2638060384385779 
62 109 5 0 11 29 14.142135623730951 14.142135623730951 1.2588622621067431 
61 108 5 0 12 27 14.142135623730951 14.142135623730951 1.2512937202118528 
57 107 5 0 10 23 14.142135623730951 14.142135623730951 1.2656000370760552 
56 106 5 0 12 28 14.142135623730951 14.142135623730951 1.2606562607442209 
55 105 5 0 13 26 14.142135623730951 14.142135623730951 1.2596398398430924 
54 104 5 0 13 26 13.341664064126334 13.341664064126334 1.2651079914963161 
50 103 6 0 11 24 13.341664064126334 13.341664064126334 1.2632870785050916 
46 101 6 0 9 23 12.649110640673518 13.341664064126334 1.2870913494033116 
45 100 6 0 13 31 11.40175425099138 13.341664064126334 1.2687426580361107 
44 98 6 0 23 22 11.40175425099138 13.341664064126334 1.2824064375829494 
38 97 6 0 17 26 8.94427190999916 13.341664064126334 1.2734699039634645 
37 95 6 0 19 23 8.602325267042627 13.341664064126334 1.276145072172963 
31 94 7 0 6 22 9.486832980505138 13.341664064126334 1.2886116312841658 
30 93 7 0 9 26 8.94427190999916 13.341664064126334 1.278621538396072 
26 92 7 0 4 22 6.0 13.341664064126334 1.2755069026128214 
25 91 7 0 4 21 5.0990195135927845 13.341664064126334 1.282082157047975 
23 90 8 0 1 21 5.0990195135927845 13.341664064126334 1.2781695719184882 
22 89 8 0 0 20 4.47213595499958 13.341664064126334 1.2760150968708008 
22 88 8 0 0 20 4.47213595499958 13.341664064126334 1.2833167623334074 
21 87 9 0 0 20 5.656854249492381 13.341664064126334 1.2837893062721575 
21 86 9 0 0 21 4.47213595499958 13.341664064126334 1.2790078122380326 
21 85 9 0 0 20 5.656854249492381 13.341664064126334 1.2768446236231827 
21 84 9 0 0 20 4.47213595499958 13.341664064126334 1.2699086545413705 
21 82 9 0 0 19 5.656854249492381 13.341664064126334 1.273016931033721 
21 81 9 0 0 21 4.47213595499958 13.341664064126334 1.265599704445996 
21 80 9 0 0 19 5.656854249492381 13.341664064126334 1.2739794460455467 
21 79 9 0 0 23 4.47213595499958 13.341664064126334 1.2612907543506213 
21 78 9 0 0 19 5.656854249492381 13.341664064126334 1.2643990308429716 
21 77 9 0 0 21 4.47213595499958 13.341664064126334 1.2569818042552467 
21 76 9 0 0 19 5.656854249492381 13.341664064126334 1.2511200495237786 
21 74 9 0 0 19 4.47213595499958 11.045361017187261 1 
