140 140 0 0 14 14 16.0 16.0 1.1198838902746941 
138 139 0 0 17 17 16.0 14.142135623730951 1.1307077635261034 
134 137 0 0 16 20 12.165525060596439 16.0 1.141055818728402 
132 136 0 0 21 22 13.038404810405298 16.0 1.1444457484456034 
128 134 0 0 22 22 13.038404810405298 16.0 1.1517104532081872 
124 133 0 0 22 23 13.038404810405298 16.0 1.158975157970771 
120 132 0 0 22 24 13.038404810405298 16.0 1.1634022260726298 
116 131 0 0 25 23 13.038404810405298 16.0 1.1752546455194812 
110 129 1 0 19 24 13.038404810405298 16.0 1.1852224344233835 
109 127 1 0 25 27 13.341664064126334 16.0 1.1795855801496007 
99 125 1 0 18 22 13.341664064126334 16.0 1.205248631009356 
98 124 2 0 18 29 13.341664064126334 16.0 1.2253532722653064 
94 122 2 0 18 36 13.341664064126334 15.033296378372908 1.1950294231988527 
90 121 3 0 16 20 15.033296378372908 15.033296378372908 1.1942684313424339 
88 119 3 0 16 20 15.033296378372908 15.033296378372908 1.1902727064799838 
87 118 3 0 18 18 15.033296378372908 15.033296378372908 1.2153919587928808 
81 117 3 0 20 24 15.033296378372908 15.033296378372908 1.214318344536555 
75 115 4 0 14 20 15.033296378372908 15.033296378372908 1.2278049089827812 
73 114 4 0 13 25 13.341664064126334 15.033296378372908 1.2210959113715758 
71 112 4 0 12 23 13.341664064126334 15.033296378372908 1.2338329285281537 
70 111 5 0 12 25 13.341664064126334 15.033296378372908 1.2458725604030314 
69 107 5 0 16 31 13.341664064126334 15.033296378372908 1.2588385694529365 
65 106 5 0 20 33 13.038404810405298 15.033296378372908 1.2541365399401763 
59 105 6 0 10 28 13.038404810405298 15.033296378372908 1.249363222804211 
58 104 6 0 11 26 13.038404810405298 15.033296378372908 1.2537726444290629 
56 102 6 0 11 28 13.038404810405298 15.033296378372908 1.2491308073961196 
54 101 6 0 10 26 13.038404810405298 15.033296378372908 1.2452665626366917 
52 100 6 0 10 24 13.038404810405298 15.033296378372908 1.2402533144637777 
51 98 6 0 10 23 12.0 15.033296378372908 1.2429941042079629 
50 96 6 0 10 25 11.045361017187261 15.033296378372908 1.2439163629066945 
49 95 6 0 15 24 11.045361017187261 15.033296378372908 1.251691402815477 
47 94 6 0 10 28 10.198039027185569 15.033296378372908 1.2509591114499772 
45 93 6 0 14 26 9.055385138137417 15.033296378372908 1.2522037834519861 
37 92 7 0 8 21 8.0 14.142135623730951 1.2505337192190298 
36 90 7 0 9 21 8.0 14.142135623730951 1.2547091731180229 
34 89 7 0 6 23 6.324555320336759 14.142135623730951 1.2543518270977632 
33 88 7 0 6 23 5.0990195135927845 14.142135623730951 1.251924930654306 
32 86 7 0 6 23 4.0 14.142135623730951 1.257144066425884 
31 84 7 0 6 26 4.0 14.0 1.2531394230937831 
30 83 7 0 8 24 4.47213595499958 14.0 1.2527589271655737 
29 82 7 0 8 24 4.47213595499958 14.0 1.2501161839813613 
27 81 8 0 6 20 4.47213595499958 14.0 1.2592732552229142 
26 80 8 0 5 24 5.830951894845301 14.0 1.2555299602805539 
25 79 8 0 4 23 5.830951894845301 14.0 1.254915585760466 
24 77 8 0 3 24 4.47213595499958 14.0 1.2518561488428255 
23 75 9 0 2 21 5.830951894845301 14.0 1.2308092266503405 
22 73 9 1 0 21 4.47213595499958 14.0 1.2266749054938162 
22 71 9 1 0 21 4.47213595499958 14.0 1.2272018701258398 
22 70 9 1 0 22 4.0 14.0 1.2219121716975223 
22 68 9 1 0 22 4.47213595499958 12.165525060596439 1 
