140 140 0 0 14 14 16.0 16.0 1.1984837315495889 
139 138 0 0 19 17 16.0 13.038404810405298 1.2113288199317864 
135 136 0 0 22 18 14.0 15.033296378372908 1.2147762314539408 
131 135 0 0 25 16 14.142135623730951 15.033296378372908 1.2392645869986323 
127 134 0 0 25 21 14.142135623730951 16.0 1.2601518474695586 
123 133 0 0 28 24 14.142135623730951 16.0 1.2682362778009255 
123 131 0 0 38 24 14.142135623730951 16.0 1.2651573297125804 
117 130 0 0 38 20 13.038404810405298 16.0 1.2684815199519004 
113 129 0 0 36 20 13.038404810405298 16.0 1.2824994826865197 
107 128 0 0 34 22 13.038404810405298 15.033296378372908 1.2993430860899142 
105 127 0 0 35 26 14.0 15.033296378372908 1.3034447929478088 
101 126 0 0 36 25 14.0 15.033296378372908 1.31985107837671 
99 125 0 0 44 26 14.0 15.033296378372908 1.3142605785664108 
98 124 0 0 43 25 13.038404810405298 15.033296378372908 1.3315280909777154 
94 123 0 0 41 29 13.038404810405298 15.033296378372908 1.3265339302349344 
94 122 0 0 47 26 13.038404810405298 15.033296378372908 1.283072231069759 
88 116 1 0 33 19 13.038404810405298 15.033296378372908 1.3016281464012849 
84 114 1 0 42 20 13.038404810405298 14.142135623730951 1.3340053631839957 
76 113 2 0 33 27 13.038404810405298 14.142135623730951 1.3382345361100882 
75 112 2 0 34 28 12.0 14.142135623730951 1.3139641357103085 
73 111 2 0 33 21 12.0 14.142135623730951 1.3170975675458025 
73 110 2 0 35 22 12.0 14.0 1.3129008400605962 
72 109 2 0 35 21 11.40175425099138 14.0 1.3030014493929216 
71 108 2 0 31 20 11.045361017187261 14.0 1.3102867636447482 
72 107 2 0 35 22 11.045361017187261 14.0 1.321615079652857 
64 106 3 0 21 25 11.045361017187261 14.0 1.3354142848192194 
58 102 4 0 16 29 11.045361017187261 14.0 1.3502353903713324 
57 101 4 0 22 31 10.0 14.0 1.35018328950153 
55 99 4 0 23 31 9.486832980505138 14.0 1.3417203908479267 
51 98 4 1 24 32 8.246211251235321 14.0 1.3389472016806814 
50 97 4 1 25 31 7.615773105863909 14.0 1.3251342929098897 
48 96 4 1 24 27 7.615773105863909 14.0 1.331350036838273 
47 95 4 1 24 29 7.615773105863909 14.0 1.3305941196806639 
46 94 4 1 24 29 7.615773105863909 14.0 1.3249497071581016 
40 93 5 1 16 26 7.211102550927978 14.0 1.3095274904267458 
36 92 5 1 13 21 5.830951894845301 14.0 1.3245993025669063 
35 91 6 1 13 24 5.830951894845301 14.0 1.3088140797885983 
31 90 7 1 6 19 5.0990195135927845 14.0 1.2940728613224903 
30 89 7 1 6 15 5.656854249492381 14.0 1.2803074318616388 
31 88 7 2 9 17 5.656854249492381 14.0 1.2820340517287223 
31 87 7 2 10 18 7.211102550927978 14.0 1.2712279268133415 
31 86 7 2 10 16 5.656854249492381 13.038404810405298 1.2751362244623992 
31 85 7 2 10 18 5.656854249492381 13.038404810405298 1.2748919288643403 
30 83 7 2 10 19 4.47213595499958 13.038404810405298 1.2860146190562431 
29 82 7 2 11 22 4.47213595499958 13.038404810405298 1.2802802618786548 
27 81 8 2 7 20 4.47213595499958 13.038404810405298 1.285609675248236 
27 80 8 2 8 22 4.47213595499958 13.038404810405298 1.2776748955326196 
27 79 8 2 7 21 4.0 13.038404810405298 1.271565779348351 
23 78 9 2 2 18 5.0990195135927845 13.038404810405298 1.2548891105420925 
23 74 9 2 2 17 5.830951894845301 12.083045973594572 1.2522944297068594 
22 73 9 2 3 16 2.8284271247461903 12.083045973594572 1 
