140 140 0 0 14 14 16.0 16.0 1.1219712351323823 
139 138 0 0 19 17 16.0 13.038404810405298 1.1282998921839527 
135 137 0 0 22 17 14.0 15.033296378372908 1.1380458036683745 
131 135 0 0 25 20 15.033296378372908 15.033296378372908 1.1418823703225875 
127 134 0 0 25 20 14.142135623730951 16.0 1.1512686473255598 
123 133 0 0 28 22 14.142135623730951 16.0 1.1580283609531032 
123 132 0 0 38 23 14.142135623730951 16.0 1.1627007450807247 
117 128 0 0 38 25 13.038404810405298 16.0 1.1711869742416559 
116 126 0 0 45 28 13.038404810405298 16.0 1.1645672326157 
106 125 1 0 34 19 13.038404810405298 15.033296378372908 1.1755186962864628 
100 124 1 0 29 23 14.0 15.033296378372908 1.1848697821425294 
94 123 2 0 24 22 14.0 15.033296378372908 1.190567730745095 
90 121 2 0 24 24 14.0 15.033296378372908 1.1818339002930571 
90 119 2 0 32 19 14.0 15.033296378372908 1.185878642914469 
84 118 2 0 26 20 14.0 15.033296378372908 1.1823979392132888 
76 116 2 0 20 17 14.0 15.033296378372908 1.1970862454109568 
75 115 3 0 17 21 14.0 15.033296378372908 1.2129090990687195 
74 114 3 0 23 27 14.0 15.033296378372908 1.2090448768826283 
68 108 4 0 24 22 14.0 15.033296378372908 1.2085307889201862 
66 107 4 0 22 22 14.0 15.033296378372908 1.2361402086421558 
56 106 5 0 15 28 13.038404810405298 15.033296378372908 1.2287587799992148 
55 105 5 0 18 24 13.038404810405298 14.142135623730951 1.252954479708312 
51 104 5 0 15 35 13.038404810405298 14.142135623730951 1.2379393053271504 
50 103 5 0 15 28 13.038404810405298 14.142135623730951 1.2433561428268856 
48 101 5 0 16 31 13.038404810405298 13.341664064126334 1.2396138348648278 
42 100 6 0 10 24 13.038404810405298 13.341664064126334 1.2428278370083143 
42 98 6 0 14 26 13.038404810405298 13.341664064126334 1.2512683883769522 
40 97 7 0 9 27 13.038404810405298 13.341664064126334 1.2493055945002798 
39 96 7 0 10 26 12.0 13.341664064126334 1.2601445930338673 
35 95 7 0 9 30 8.94427190999916 13.341664064126334 1.2522645120299616 
34 93 7 0 10 27 7.615773105863909 13.341664064126334 1.246989182336732 
30 91 7 0 7 25 6.324555320336759 12.165525060596439 1.2547482590450252 
28 90 7 0 5 29 5.656854249492381 12.165525060596439 1.2544444933162362 
27 88 8 0 4 26 5.656854249492381 12.165525060596439 1.2511461856026513 
25 87 8 0 4 24 7.615773105863909 12.165525060596439 1.2503548340329675 
24 85 8 0 3 25 8.246211251235321 12.165525060596439 1.241324062738826 
22 83 9 1 2 25 6.324555320336759 12.165525060596439 1.2375129505031148 
24 82 9 1 6 24 5.656854249492381 12.165525060596439 1.233665778972268 
23 81 9 1 4 23 5.830951894845301 12.165525060596439 1.2298510598696017 
24 80 9 1 6 22 5.656854249492381 12.165525060596439 1.2280787724635298 
23 79 9 1 4 22 5.830951894845301 12.165525060596439 1.2242640533608637 
24 78 9 1 6 21 5.656854249492381 12.165525060596439 1.2224917659547918 
23 77 9 1 4 21 5.830951894845301 12.165525060596439 1.2182286598369672 
24 76 9 1 6 20 5.656854249492381 11.40175425099138 1.2123066041813455 
23 75 9 1 4 18 5.830951894845301 11.40175425099138 1.210566769203454 
24 74 9 1 6 18 5.656854249492381 11.40175425099138 1.2063489071400588 
23 73 9 1 4 17 5.830951894845301 10.770329614269007 1.1932620944630965 
24 72 9 2 7 19 5.656854249492381 10.770329614269007 1 
