140 140 0 0 14 14 16.0 16.0 1.084891848429531 
138 139 0 0 17 17 16.0 14.142135623730951 1.0891463411577766 
134 138 0 0 16 19 12.165525060596439 16.0 1.091469127526094 
132 137 0 0 21 21 12.649110640673518 16.0 1.092583739941324 
128 136 0 0 22 21 12.649110640673518 16.0 1.0936916556927276 
124 135 0 0 22 21 12.649110640673518 16.0 1.0959074978114471 
120 134 0 0 22 22 12.649110640673518 16.0 1.0994266334424443 
116 132 0 0 26 25 12.649110640673518 16.0 1.0929074975713695 
112 130 0 0 25 19 14.142135623730951 16.0 1.1028994660715474 
106 128 1 0 17 17 13.341664064126334 16.0 1.102037708466932 
104 126 1 0 16 17 13.341664064126334 16.0 1.1010140670364876 
102 125 1 0 16 16 13.341664064126334 16.0 1.1034827851976465 
100 123 1 0 16 19 13.341664064126334 16.0 1.104674996501834 
98 122 1 0 16 20 13.341664064126334 16.0 1.121252483873092 
94 121 2 0 14 24 13.341664064126334 16.0 1.1213501621376165 
92 120 2 0 16 24 13.341664064126334 16.0 1.1203265207071722 
90 119 2 0 16 23 13.341664064126334 16.0 1.1190283928846851 
88 117 2 0 16 23 13.341664064126334 15.033296378372908 1.120189400224594 
86 116 2 0 17 24 15.033296378372908 15.033296378372908 1.119320945956152 
84 114 2 0 15 24 15.033296378372908 15.033296378372908 1.1216076903000018 
82 113 2 0 13 26 15.033296378372908 15.033296378372908 1.118984273344177 
81 112 2 0 13 24 14.142135623730951 15.033296378372908 1.1170212860360722 
79 110 2 0 13 23 14.142135623730951 15.033296378372908 1.1287529414112376 
78 109 3 0 13 24 14.142135623730951 15.033296378372908 1.1277406354850097 
76 108 3 0 11 23 13.038404810405298 15.033296378372908 1.1273198016784418 
75 107 3 0 12 23 13.038404810405298 15.033296378372908 1.1274040866153134 
73 106 3 0 12 23 13.038404810405298 15.033296378372908 1.131913380357622 
71 105 3 0 11 27 13.038404810405298 15.033296378372908 1.1282022507682394 
70 104 3 0 17 24 13.038404810405298 15.033296378372908 1.142452803196775 
64 103 4 0 11 25 13.038404810405298 15.033296378372908 1.143139895757523 
63 102 4 0 12 26 13.038404810405298 15.033296378372908 1.145098823892815 
62 100 4 0 11 29 12.649110640673518 15.033296378372908 1.13914249620816 
61 99 4 0 11 24 12.165525060596439 15.033296378372908 1.1381359668848614 
59 98 4 0 11 23 11.40175425099138 15.033296378372908 1.1275895940126333 
57 92 4 0 11 18 10.770329614269007 14.142135623730951 1.1265731838953006 
55 91 4 0 13 17 11.045361017187261 14.142135623730951 1.1266831495478864 
53 90 4 0 14 17 10.198039027185569 14.142135623730951 1.13111068881563 
49 89 4 0 11 20 9.486832980505138 14.142135623730951 1.1301004407128385 
47 88 4 0 13 19 9.486832980505138 14.142135623730951 1.1312926520170261 
45 87 4 0 13 20 9.486832980505138 14.142135623730951 1.1315589107712065 
43 85 4 0 15 21 9.486832980505138 14.142135623730951 1.14256073405554 
39 84 5 0 9 20 9.899494936611665 14.142135623730951 1.155921103998209 
37 83 6 0 6 22 8.602325267042627 14.142135623730951 1.1632364607117371 
36 82 7 0 5 19 7.615773105863909 14.142135623730951 1.1639457860424842 
35 81 7 0 5 20 6.324555320336759 14.142135623730951 1.1646261819394057 
34 80 7 0 5 21 6.324555320336759 14.142135623730951 1.1630907251016953 
33 79 7 0 5 20 6.324555320336759 14.142135623730951 1.1615827261083695 
32 78 7 0 5 19 5.0990195135927845 14.142135623730951 1.164648450399865 
31 76 7 0 7 23 5.656854249492381 14.142135623730951 1.163637958979295 
29 75 7 0 5 22 4.47213595499958 14.142135623730951 1.1626143175488504 
27 74 7 0 5 21 4.47213595499958 14.142135623730951 1.1461529492630016 
26 73 7 1 5 19 2.8284271247461903 14.142135623730951 1.152998582043202 
24 71 8 1 1 16 2.8284271247461903 14.142135623730951 1.1525635717292984 
23 70 8 1 1 16 3.1622776601683795 14.142135623730951 1.1494384821609251 
22 68 9 2 0 17 5.656854249492381 14.142135623730951 1.147417753253476 
22 67 9 2 0 16 4.47213595499958 14.142135623730951 1.1442731327373188 
22 66 9 2 0 14 4.0 14.142135623730951 1.144431135130839 
22 65 9 2 0 15 4.47213595499958 14.142135623730951 1.1285396289875698 
22 64 9 3 0 14 4.0 14.142135623730951 1.129805557748406 
22 63 9 3 0 16 4.47213595499958 14.142135623730951 1.1272531496387381 
22 61 9 3 0 16 4.0 12.649110640673518 1 
