140 140 0 0 14 14 16.0 16.0 1.058965509527195 
138 139 0 0 17 19 16.0 14.142135623730951 1.0658794578126105 
134 138 0 0 16 22 12.165525060596439 16.0 1.067747293307109 
132 134 0 0 16 26 12.165525060596439 16.0 1.0658325559054416 
130 133 0 0 16 24 14.0 16.0 1.071813590831281 
128 131 0 0 16 30 14.0 16.0 1.0662031430859895 
126 129 0 0 14 25 14.0 16.0 1.0624046075285598 
124 125 0 0 16 24 14.0 16.0 1.0579184243151731 
122 121 0 0 15 22 14.142135623730951 16.0 1.0605269657862029 
120 119 0 0 16 25 14.142135623730951 16.0 1.058720411826756 
118 118 0 0 17 23 14.142135623730951 16.0 1.0585106550342316 
116 117 0 0 18 23 14.142135623730951 15.033296378372908 1.0557438286391987 
114 115 0 0 18 21 15.033296378372908 15.033296378372908 1.0573097681345613 
112 114 0 0 18 22 15.033296378372908 15.033296378372908 1.0577970917722328 
110 113 0 0 18 22 15.033296378372908 15.033296378372908 1.0575564773081485 
106 111 0 0 19 21 15.033296378372908 15.033296378372908 1.0630182477780163 
102 110 0 0 17 24 15.033296378372908 15.033296378372908 1.059629649865795 
100 106 0 0 16 23 15.033296378372908 15.033296378372908 1.0696046522858473 
99 105 1 0 16 22 15.033296378372908 15.033296378372908 1.0700919759235188 
97 104 1 0 16 22 15.033296378372908 15.033296378372908 1.0696013157032112 
95 102 1 0 16 22 15.033296378372908 15.033296378372908 1.065774175910118 
93 101 1 0 16 18 15.033296378372908 15.033296378372908 1.068668777019395 
89 100 1 0 17 19 15.033296378372908 15.033296378372908 1.0803184031632276 
87 99 2 0 18 19 15.033296378372908 15.033296378372908 1.081079018564371 
85 98 2 0 16 19 15.033296378372908 15.033296378372908 1.0869594214904987 
83 97 2 0 16 24 15.033296378372908 15.033296378372908 1.081780374076242 
81 96 2 0 18 19 15.033296378372908 15.033296378372908 1.084834867074504 
79 95 2 0 15 21 15.033296378372908 15.033296378372908 1.0828062290121518 
78 93 2 0 13 20 15.033296378372908 15.033296378372908 1.0839744634674704 
76 92 2 0 13 21 14.142135623730951 14.142135623730951 1.0835198171291867 
74 91 2 0 12 20 14.142135623730951 14.142135623730951 1.083511764900481 
73 89 2 0 11 21 14.142135623730951 14.142135623730951 1.083503712671775 
72 87 2 0 10 22 14.142135623730951 14.142135623730951 1.0925367451158723 
71 86 3 0 9 20 14.142135623730951 14.142135623730951 1.0933890003068836 
70 85 3 0 9 21 14.0 14.142135623730951 1.0930266747370698 
68 83 3 0 9 21 13.038404810405298 14.142135623730951 1.0929906186687677 
66 82 3 0 9 21 12.165525060596439 13.038404810405298 1.095600461116632 
64 81 3 0 10 23 11.40175425099138 13.038404810405298 1.0964453465525505 
62 80 3 0 8 23 10.770329614269007 13.038404810405298 1.097415278181824 
61 79 3 0 7 24 10.770329614269007 13.038404810405298 1.0911576149098763 
59 78 3 0 9 18 10.770329614269007 13.038404810405298 1.0997412110119447 
58 77 3 0 8 26 10.295630140987 13.038404810405298 1.0952251240787187 
57 76 3 0 9 22 8.94427190999916 13.038404810405298 1.0899250884463731 
53 72 3 0 8 18 10.0 13.038404810405298 1.0902757662023088 
51 71 3 0 9 18 10.0 13.038404810405298 1.1019253923461412 
49 70 4 0 10 18 10.0 13.038404810405298 1.1000289375647962 
47 69 5 1 10 18 10.0 13.038404810405298 1.1008029663880559 
45 68 5 1 8 18 9.899494936611665 13.038404810405298 1.0994063500738172 
43 67 5 1 6 16 9.899494936611665 13.038404810405298 1.0992976658453992 
42 66 5 1 5 16 9.899494936611665 13.038404810405298 1.0997849894830707 
40 65 5 1 5 16 9.899494936611665 13.038404810405298 1.099629625927585 
38 64 5 1 6 16 9.899494936611665 12.165525060596439 1.112904451456053 
36 63 6 1 3 17 9.899494936611665 12.165525060596439 1.0991291218291455 
35 61 6 2 4 18 8.48528137423857 12.165525060596439 1.0822024952204519 
34 59 6 3 3 16 8.48528137423857 12.165525060596439 1.0819037716336963 
32 58 6 3 4 16 8.48528137423857 11.045361017187261 1.0813124794136766 
30 57 6 3 4 15 8.48528137423857 11.045361017187261 1.0797899483955153 
28 55 7 4 2 16 8.48528137423857 11.045361017187261 1.06291541707727 
27 53 7 5 2 14 7.0710678118654755 11.045361017187261 1.0623676036251444 
26 52 7 5 2 14 5.656854249492381 10.198039027185569 1.0614696767109315 
25 50 7 5 1 14 4.242640687119285 10.198039027185569 1.0594526627128802 
24 49 7 5 1 13 4.47213595499958 9.055385138137417 1.0705062809906234 
23 48 8 5 1 13 4.47213595499958 9.055385138137417 1.0703139327804563 
22 47 8 5 0 13 5.0990195135927845 9.055385138137417 1.0683791650659942 
22 46 8 5 1 12 3.1622776601683795 9.055385138137417 1.0791003206054313 
21 45 9 5 0 12 3.1622776601683795 8.246211251235321 1.0782189877846888 
21 44 9 5 1 12 1.4142135623730951 8.246211251235321 1 
