140 140 0 0 14 14 16.0 16.0 1.1576486623644708 
138 138 0 0 17 17 16.0 14.142135623730951 1.1689215575823855 
134 136 0 0 16 20 13.341664064126334 16.0 1.163172789662347 
132 135 0 0 21 16 13.341664064126334 16.0 1.1806282515788147 
128 133 0 0 22 21 14.142135623730951 16.0 1.1882280684020796 
124 132 0 0 22 22 14.142135623730951 16.0 1.193247077474606 
120 130 0 0 25 22 14.142135623730951 16.0 1.2064748000123569 
114 129 1 0 19 23 14.142135623730951 16.0 1.231482399272137 
104 128 2 0 15 25 13.341664064126334 16.0 1.237512882805615 
103 124 2 0 21 28 13.341664064126334 16.0 1.2545543570877113 
97 123 2 0 18 32 13.341664064126334 16.0 1.2378192153122463 
97 117 2 0 25 29 13.341664064126334 16.0 1.2638940697481535 
87 116 3 0 19 32 13.341664064126334 16.0 1.2360952187012755 
81 112 4 1 14 27 13.038404810405298 16.0 1.2550253480424753 
80 111 4 1 20 32 13.038404810405298 16.0 1.240005868503489 
74 110 5 1 11 24 13.038404810405298 16.0 1.2306887957679526 
73 109 5 1 14 20 13.038404810405298 16.0 1.2354722366075164 
67 108 5 1 10 20 13.038404810405298 16.0 1.2237358799573541 
66 104 5 1 12 18 13.038404810405298 16.0 1.2353665692913842 
66 103 5 1 15 22 13.038404810405298 16.0 1.2313893489261258 
58 102 6 1 8 16 12.649110640673518 16.0 1.2437460436587005 
57 101 6 1 13 19 12.649110640673518 16.0 1.233429151638778 
51 100 6 1 8 14 12.649110640673518 16.0 1.2421557120967845 
50 99 7 1 7 15 15.033296378372908 16.0 1.2518588612218315 
48 98 7 1 7 18 15.033296378372908 16.0 1.2521368637192143 
46 97 7 1 6 18 12.165525060596439 16.0 1.2515224813273385 
45 96 7 1 6 18 12.165525060596439 16.0 1.265832639702149 
44 95 7 1 10 22 12.165525060596439 16.0 1.255214064326071 
40 93 7 1 5 19 12.165525060596439 16.0 1.2468884155074633 
39 92 8 1 4 14 15.033296378372908 16.0 1.2462711081468056 
38 91 8 1 4 14 14.142135623730951 16.0 1.2478797423718115 
36 89 8 1 4 15 12.649110640673518 16.0 1.2444212026249262 
35 88 8 1 4 14 12.083045973594572 16.0 1.246469018958166 
34 87 8 1 7 14 10.770329614269007 16.0 1.2494585762174615 
28 86 8 1 1 14 5.830951894845301 16.0 1.2483920703864053 
27 84 8 1 0 15 5.656854249492381 16.0 1.245987054728467 
27 83 8 1 0 15 5.656854249492381 16.0 1.2435820390705288 
27 82 8 1 0 15 5.656854249492381 16.0 1.2354924245786831 
27 81 8 1 0 13 5.656854249492381 16.0 1.2182841378117353 
27 80 8 2 0 14 5.656854249492381 16.0 1.2130368227368433 
27 79 8 2 0 13 5.656854249492381 16.0 1.1901439371359885 
27 78 8 3 0 12 5.656854249492381 16.0 1.18773892147805 
27 77 8 3 0 12 5.656854249492381 16.0 1.170967918470118 
27 75 8 4 0 14 5.656854249492381 16.0 1.1628783039782722 
27 74 8 4 0 12 5.656854249492381 16.0 1.160473288320334 
27 73 8 4 0 12 5.656854249492381 16.0 1.1523836738284885 
27 72 8 4 0 10 5.656854249492381 16.0 1.1528209575875035 
27 71 8 4 0 11 5.656854249492381 16.0 1.1504159419295652 
27 70 8 4 0 11 5.656854249492381 16.0 1.1357879561763777 
27 68 8 4 0 8 5.656854249492381 14.142135623730951 1.1281356254435475 
27 66 8 4 0 7 5.656854249492381 14.142135623730951 1.1228883103686553 
27 65 8 4 0 6 5.656854249492381 14.142135623730951 1.1233255941276707 
27 64 8 4 0 7 5.656854249492381 14.142135623730951 1.1209205784697325 
27 63 8 4 0 7 5.656854249492381 14.142135623730951 1.118515562811794 
27 62 8 4 0 7 5.656854249492381 14.142135623730951 1.1165478309128711 
27 60 8 4 0 8 5.656854249492381 14.142135623730951 1.1117377995969944 
27 58 8 4 0 8 5.656854249492381 14.142135623730951 1.1064904845221024 
27 57 8 4 0 7 5.656854249492381 14.142135623730951 1.1040854688641641 
27 56 8 4 0 7 5.656854249492381 14.142135623730951 1.1016804532062257 
27 55 8 4 0 7 5.656854249492381 14.142135623730951 1.0787875676053706 
27 54 8 5 0 6 5.656854249492381 14.142135623730951 1.079224851364386 
27 53 8 5 0 7 5.656854249492381 14.142135623730951 1.0591742651804847 
27 52 8 6 0 7 5.656854249492381 14.142135623730951 1.0281917650877843 
27 50 8 7 0 4 5.656854249492381 14.142135623730951 1.0195458916072282 
27 49 8 7 0 2 5.656854249492381 13.341664064126334 1.01714087594929 
27 48 8 7 0 2 5.656854249492381 13.341664064126334 1.0147358602913514 
27 47 8 7 0 2 5.656854249492381 13.341664064126334 1.0094885452164593 
27 46 8 7 0 1 5.656854249492381 13.341664064126334 0.9865956596156045 
27 45 8 8 0 0 5.656854249492381 13.341664064126334 1.0270778056162957 
27 49 8 7 0 4 5.656854249492381 16.0 1.015292119280062 
27 47 8 7 0 2 5.656854249492381 14.142135623730951 1.0094885452164593 
27 46 8 7 0 1 5.656854249492381 13.341664064126334 0.9865956596156045 
27 45 8 8 0 0 5.656854249492381 13.341664064126334 1.0094885452164593 
27 46 8 7 0 1 5.656854249492381 13.341664064126334 0.9865956596156045 
27 45 8 8 0 0 5.656854249492381 13.341664064126334 1.0094885452164593 
27 46 8 7 0 1 5.656854249492381 13.341664064126334 0.9865956596156045 
27 45 8 8 0 0 5.656854249492381 13.341664064126334 0.9427214614741755 
27 33 8 9 0 1 5.656854249492381 13.038404810405298 0.9649897323922478 
25 36 8 9 1 4 5.0990195135927845 16.0 0.9701962229864316 
24 35 9 9 0 4 5.656854249492381 15.033296378372908 0.9528375663395846 
24 33 9 9 0 0 4.47213595499958 13.341664064126334 0.9185350125863481 
24 21 9 9 0 1 5.656854249492381 1.4142135623730951 -1 
