140 140 0 0 14 14 16.0 16.0 1.1771935553993917 
138 139 0 0 17 18 16.0 14.142135623730951 1.180959310654353 
134 137 0 0 16 18 12.649110640673518 16.0 1.2007704975483315 
132 136 0 0 21 22 13.341664064126334 16.0 1.2106985688573753 
128 134 0 0 22 24 13.341664064126334 15.033296378372908 1.2169144091319202 
124 132 0 0 22 25 15.033296378372908 15.033296378372908 1.211104957032375 
120 128 0 0 22 24 15.033296378372908 15.033296378372908 1.2229183056912367 
116 124 0 0 24 28 15.033296378372908 14.142135623730951 1.2108607261167434 
114 122 0 0 26 24 15.033296378372908 14.142135623730951 1.1941208283354814 
112 121 0 0 24 19 15.033296378372908 14.142135623730951 1.215068799175299 
110 120 0 0 21 26 15.033296378372908 14.142135623730951 1.2244381459410218 
108 118 0 0 25 28 15.033296378372908 14.0 1.2206340225290069 
102 117 1 0 18 24 15.033296378372908 14.0 1.2203075052277972 
102 115 1 0 26 23 15.033296378372908 14.0 1.2329815286269075 
94 114 1 0 18 25 15.033296378372908 14.0 1.22926892453468 
93 112 2 0 18 23 15.033296378372908 14.0 1.2452079140086632 
91 110 2 0 22 27 15.033296378372908 14.0 1.2587457518940373 
83 109 3 0 18 26 15.033296378372908 14.0 1.2569816828984153 
79 108 4 0 14 23 15.033296378372908 14.0 1.265383302849181 
77 106 4 0 14 26 15.033296378372908 14.0 1.2669488204016484 
75 105 4 0 14 26 15.033296378372908 14.0 1.2609691382840382 
74 101 4 0 17 26 15.033296378372908 14.0 1.2624778638778649 
73 100 4 0 19 26 15.033296378372908 14.0 1.2511218431440028 
71 99 4 0 19 22 15.033296378372908 14.0 1.2633984686904856 
70 98 4 0 22 25 15.033296378372908 14.0 1.2596936931128342 
66 97 4 0 16 24 15.033296378372908 14.0 1.257915096318582 
66 96 4 0 23 22 15.033296378372908 14.0 1.2694714108935066 
58 95 5 0 11 23 13.038404810405298 14.0 1.260269028493318 
56 94 5 0 10 20 13.038404810405298 14.0 1.2567692102948786 
55 92 5 0 10 20 13.038404810405298 14.0 1.2584098466015228 
53 91 5 0 10 20 12.165525060596439 14.0 1.2578874548187338 
51 90 5 0 11 19 11.40175425099138 14.0 1.2399811942125096 
50 88 5 1 15 19 10.198039027185569 14.0 1.2430772219565696 
46 87 5 1 13 19 10.198039027185569 13.038404810405298 1.2469355081697766 
42 86 5 1 11 19 9.899494936611665 13.038404810405298 1.250597872097277 
41 85 5 1 12 20 9.899494936611665 13.038404810405298 1.24751433656565 
39 84 6 1 8 18 11.40175425099138 13.038404810405298 1.2549525024800758 
35 82 6 1 9 19 11.40175425099138 13.038404810405298 1.2638428953776843 
33 81 7 1 7 20 11.40175425099138 13.038404810405298 1.2582791185159412 
32 80 7 1 5 19 6.0 13.038404810405298 1.2576343516339505 
31 79 7 1 5 19 6.0 13.038404810405298 1.2393061056180588 
29 78 7 2 4 19 6.0 13.038404810405298 1.2419692603701051 
28 77 7 2 4 20 5.0990195135927845 13.038404810405298 1.2404710665212895 
26 76 7 2 4 19 3.1622776601683795 13.038404810405298 1.2430566842108812 
25 75 7 2 4 20 3.1622776601683795 13.038404810405298 1.2455150386539542 
23 74 8 2 2 19 2.8284271247461903 13.038404810405298 1.2503759998272912 
22 73 8 2 1 21 1.4142135623730951 13.038404810405298 1.248178540486476 
21 72 9 2 0 19 4.47213595499958 13.038404810405298 1.2453641204995427 
21 71 9 2 0 19 4.0 13.038404810405298 1.2360076687104145 
21 70 9 2 0 17 4.47213595499958 13.038404810405298 1.2364236332950633 
21 69 9 2 0 18 4.0 13.038404810405298 1.2270671815059349 
21 68 9 2 0 16 4.47213595499958 13.038404810405298 1.2274831460905837 
21 67 9 2 0 17 4.0 13.038404810405298 1.2213570788730377 
21 66 9 2 0 16 4.47213595499958 13.038404810405298 1.2185426588861041 
21 65 9 2 0 16 4.0 13.038404810405298 1.211747980044202 
21 64 9 2 0 15 4.47213595499958 12.165525060596439 1.212163944628851 
21 63 9 2 0 16 4.0 12.165525060596439 1.2092682619828872 
21 62 9 2 0 16 4.47213595499958 12.165525060596439 1.2032234574243714 
21 61 9 2 0 15 4.0 12.165525060596439 1.2003277747784076 
21 60 9 2 0 15 4.47213595499958 12.165525060596439 1.1975133547914742 
21 59 9 2 0 15 4.0 12.165525060596439 1.191387287573928 
21 58 9 2 0 14 4.47213595499958 12.165525060596439 1.1853424830154122 
21 57 9 2 0 13 4.0 12.165525060596439 1.1785230521404322 
21 55 9 2 0 13 4.47213595499958 10.770329614269007 1 
