140 140 0 0 14 14 16.0 16.0 1.0852806981056107 
139 139 0 0 19 17 16.0 13.038404810405298 1.0946502160257774 
135 138 0 0 22 20 13.341664064126334 15.033296378372908 1.1005914057969566 
131 136 0 0 25 22 13.038404810405298 15.033296378372908 1.1031558327313264 
127 132 0 0 25 24 13.341664064126334 16.0 1.101860527635067 
123 131 0 0 28 21 14.0 16.0 1.0983524670149971 
123 127 0 0 38 19 14.0 16.0 1.1024139147801064 
117 126 0 0 38 19 13.038404810405298 16.0 1.1072439280725983 
113 125 0 0 36 21 13.038404810405298 16.0 1.1228570582828934 
107 123 0 0 34 29 13.038404810405298 16.0 1.1214372276909674 
105 122 0 0 37 27 13.038404810405298 16.0 1.1271963272913066 
101 121 0 0 37 29 13.038404810405298 16.0 1.1332818302807184 
101 120 0 0 49 30 13.038404810405298 16.0 1.1309329133809454 
99 119 0 0 50 28 13.038404810405298 16.0 1.1688276363006562 
91 118 1 0 36 45 13.038404810405298 16.0 1.1553917934585745 
81 116 2 0 20 32 13.038404810405298 16.0 1.1623644320321294 
80 115 2 0 32 33 13.038404810405298 16.0 1.1890579368685201 
74 114 3 0 16 45 13.038404810405298 16.0 1.173452320180427 
73 110 3 0 20 37 13.038404810405298 16.0 1.1848925152699228 
72 106 3 0 31 43 13.038404810405298 16.0 1.16894702139865 
70 105 3 0 32 33 13.038404810405298 16.0 1.1591344790650828 
68 104 3 0 25 29 13.038404810405298 15.033296378372908 1.1616930653543003 
67 103 3 0 31 29 14.0 15.033296378372908 1.163265833746608 
65 101 4 0 26 26 14.0 15.033296378372908 1.166870020472146 
65 100 4 0 29 28 14.0 15.033296378372908 1.1701590621374574 
61 99 4 0 31 28 14.0 15.033296378372908 1.171282991487859 
60 97 5 0 13 29 14.0 14.142135623730951 1.1751624284782063 
59 96 5 0 22 29 14.0 14.142135623730951 1.1614649513297024 
59 95 5 0 28 20 14.0 14.142135623730951 1.1712881539027216 
58 94 5 0 28 26 13.038404810405298 14.142135623730951 1.171148839460731 
56 92 5 0 27 27 13.038404810405298 12.0 1.1756401617704118 
55 91 5 0 30 29 13.038404810405298 12.0 1.1765341421255737 
49 90 6 0 17 25 13.038404810405298 12.0 1.1775469100096736 
45 88 6 0 13 26 13.038404810405298 12.0 1.1788556864660187 
44 86 7 0 13 22 13.038404810405298 12.0 1.1773192061035402 
43 85 7 0 14 21 13.038404810405298 12.0 1.1789664256086316 
42 84 7 0 15 22 13.038404810405298 11.40175425099138 1.1756884224010116 
40 83 7 0 14 20 13.038404810405298 11.40175425099138 1.1753209067130193 
39 82 7 0 14 20 12.165525060596439 11.40175425099138 1.1775005670342475 
37 81 7 0 14 21 10.770329614269007 11.40175425099138 1.170754119474247 
36 80 7 1 15 26 9.486832980505138 11.40175425099138 1.1748648000774125 
37 79 7 1 21 28 9.486832980505138 11.40175425099138 1.166212830240671 
36 78 7 1 14 25 9.486832980505138 11.40175425099138 1.1539733100191285 
35 77 7 1 14 18 8.94427190999916 11.40175425099138 1.1662577246403094 
33 76 7 1 14 25 6.324555320336759 11.40175425099138 1.1697826020468172 
32 75 7 1 15 27 5.830951894845301 11.40175425099138 1.1682461216843387 
31 74 7 1 16 26 5.830951894845301 11.40175425099138 1.1696885466408322 
27 73 8 1 8 22 5.830951894845301 11.40175425099138 1.1664989361453224 
26 71 8 1 8 21 5.830951894845301 11.40175425099138 1.1748655017586778 
25 70 9 1 6 21 5.830951894845301 11.40175425099138 1.174550873705805 
24 69 9 1 6 21 5.656854249492381 11.40175425099138 1 
