140 140 0 0 14 14 16.0 16.0 1.0807543393400545 
138 139 0 0 17 18 16.0 14.142135623730951 1.082307844656709 
134 137 0 0 16 18 12.165525060596439 16.0 1.0843734980249966 
132 135 0 0 21 18 12.165525060596439 16.0 1.0934257252996822 
128 134 0 0 22 21 12.165525060596439 16.0 1.0888595407560346 
124 133 0 0 22 17 13.038404810405298 16.0 1.1050655108166523 
120 132 0 0 26 23 13.038404810405298 16.0 1.1058675108014817 
112 131 1 0 21 16 13.038404810405298 16.0 1.1287845182803673 
112 130 1 0 28 27 13.038404810405298 16.0 1.142524350929952 
106 129 1 0 23 33 13.038404810405298 16.0 1.131141422433209 
106 128 1 0 29 26 13.038404810405298 16.0 1.1230813289534587 
98 127 1 0 25 19 13.038404810405298 16.0 1.1389668212833204 
94 126 2 0 21 22 13.038404810405298 16.0 1.1301938823138113 
90 124 2 0 19 17 13.038404810405298 16.0 1.134762802149727 
88 123 2 0 19 19 13.038404810405298 16.0 1.1599828340748681 
86 122 2 0 19 32 13.038404810405298 16.0 1.166952485236637 
82 121 3 0 16 30 12.0 16.0 1.162000671562924 
81 117 3 0 18 29 12.0 16.0 1.1661546088075014 
80 113 3 0 23 32 14.142135623730951 16.0 1.1659754774485886 
74 111 3 0 19 31 14.142135623730951 16.0 1.1847703263739806 
70 110 3 0 17 40 14.142135623730951 16.0 1.158931999820187 
66 108 4 0 11 22 14.142135623730951 16.0 1.1744181559657991 
65 107 5 0 13 25 14.142135623730951 15.033296378372908 1.1694973912900009 
64 103 5 0 15 24 15.033296378372908 15.033296378372908 1.1736756095563152 
63 102 5 0 20 25 15.033296378372908 15.033296378372908 1.1699353638155128 
57 101 6 0 14 17 13.341664064126334 15.033296378372908 1.1805132683120083 
51 99 6 0 9 22 13.341664064126334 15.033296378372908 1.1864452951104532 
50 98 6 0 10 25 14.142135623730951 15.033296378372908 1.1811708020593374 
49 96 6 0 10 23 14.142135623730951 15.033296378372908 1.1889523133951276 
48 95 6 0 11 27 14.142135623730951 15.033296378372908 1.1854695817731589 
47 94 6 0 12 25 14.142135623730951 15.033296378372908 1.1768619357746615 
46 93 6 0 14 20 14.142135623730951 15.033296378372908 1.17637583933477 
42 92 6 0 11 19 14.142135623730951 15.033296378372908 1.177990132800382 
41 91 6 0 11 20 13.341664064126334 15.033296378372908 1.1852818175196473 
39 90 7 0 9 19 13.341664064126334 15.033296378372908 1.1869240002742074 
38 89 7 0 9 20 13.341664064126334 15.033296378372908 1.1936735288407605 
37 88 8 0 8 19 13.341664064126334 15.033296378372908 1.1883749064844786 
36 86 8 0 8 17 12.649110640673518 15.033296378372908 1.1881199931117166 
35 85 8 0 8 17 12.083045973594572 15.033296378372908 1.1859927551676408 
34 84 8 0 8 16 11.661903789690601 15.033296378372908 1.1844639458797486 
33 82 8 0 8 16 11.40175425099138 15.033296378372908 1.1804709395468558 
32 81 8 0 8 14 11.313708498984761 15.033296378372908 1.180186475755559 
31 80 8 0 8 14 9.899494936611665 15.033296378372908 1.1804948314637593 
30 78 8 0 8 15 8.48528137423857 15.033296378372908 1.185842489151342 
29 77 8 0 8 18 7.0710678118654755 15.033296378372908 1.1798846270232426 
28 76 8 0 8 15 4.47213595499958 15.033296378372908 1.1612136437846605 
27 75 8 1 6 14 5.656854249492381 15.033296378372908 1.1468215509159607 
25 74 8 2 3 15 6.324555320336759 15.033296378372908 1.1535538818089748 
24 73 9 2 2 14 5.830951894845301 15.033296378372908 1.152298210783572 
23 72 9 2 0 14 5.656854249492381 15.033296378372908 1.1509847731553826 
24 71 9 2 2 14 5.830951894845301 15.033296378372908 1.1516064759562732 
23 70 9 2 0 15 5.656854249492381 15.033296378372908 1.1502930383280838 
24 69 9 2 2 15 5.830951894845301 15.033296378372908 1.149037367302681 
23 68 9 2 0 15 5.656854249492381 15.033296378372908 1.1477239296744917 
24 67 9 2 2 15 5.830951894845301 15.033296378372908 1.1445908848227955 
23 66 9 2 0 14 5.656854249492381 15.033296378372908 1.143277447194606 
24 65 9 2 2 14 5.830951894845301 15.033296378372908 1.1307840623275105 
23 63 9 3 0 17 5.656854249492381 15.033296378372908 1.1294706246993211 
24 62 9 3 2 17 5.830951894845301 15.033296378372908 1.124460206021332 
23 61 9 3 0 15 5.656854249492381 15.033296378372908 1.1212693945668493 
24 60 9 3 2 14 5.830951894845301 15.033296378372908 1.0975117667419947 
23 58 9 4 0 11 5.656854249492381 15.033296378372908 1.0943209552875122 
24 57 9 4 2 10 5.830951894845301 15.033296378372908 1.0914659546053835 
23 55 9 4 0 10 5.656854249492381 14.0 1.0863977693246074 
24 54 9 4 2 8 5.830951894845301 14.0 1.0695568173054282 
23 53 9 5 0 8 5.656854249492381 14.0 1.0682433796772388 
24 52 9 5 2 8 5.830951894845301 14.0 1.066987708651836 
23 51 9 5 0 8 5.656854249492381 14.0 1.0656742710236466 
24 50 9 5 2 8 5.830951894845301 14.0 1.0606638523456575 
23 49 9 5 0 6 5.656854249492381 14.0 1.0593504147174682 
24 48 9 5 2 6 5.830951894845301 14.0 1.0580947436920654 
23 47 9 5 0 6 5.656854249492381 14.0 1.0605360537164623 
24 46 9 5 2 8 5.830951894845301 14.0 1.0592803826910595 
23 45 9 5 0 8 5.656854249492381 14.0 1.0405042902428008 
24 44 9 6 2 7 5.830951894845301 14.0 1.0339163843976424 
23 42 9 6 0 5 5.656854249492381 13.038404810405298 1.032602946769453 
24 41 9 6 2 5 5.830951894845301 13.038404810405298 1.0313472757440503 
23 40 9 6 0 5 5.656854249492381 13.038404810405298 1.030033838115861 
24 39 9 6 2 5 5.830951894845301 13.038404810405298 1.0113155122703885 
23 38 9 7 0 4 5.656854249492381 13.038404810405298 1.0100020746421994 
24 37 9 7 2 4 5.830951894845301 13.038404810405298 1.006750438258314 
23 36 9 7 0 3 5.656854249492381 12.649110640673518 1.0054370006301248 
24 35 9 7 2 3 5.830951894845301 12.649110640673518 0.9848413009583588 
23 34 9 8 0 1 5.656854249492381 12.649110640673518 0.9835278633301695 
24 33 9 8 2 1 5.830951894845301 12.649110640673518 0.9646622217544728 
23 32 9 9 0 0 5.656854249492381 12.165525060596439 0.9752707825146312 
24 34 9 9 2 4 5.830951894845301 14.0 0.9646622217544728 
23 32 9 9 0 0 5.656854249492381 12.165525060596439 0.9921839169203364 
24 35 9 8 2 4 5.830951894845301 14.142135623730951 0.9814816328147349 
23 33 9 8 0 0 5.656854249492381 12.0 0.9886857568417415 
24 34 9 8 2 3 5.830951894845301 13.038404810405298 0.9646622217544728 
23 32 9 9 0 0 5.656854249492381 12.165525060596439 0.9905631306680347 
24 34 9 8 2 4 5.830951894845301 13.038404810405298 0.9699674309962693 
23 33 9 9 0 2 5.656854249492381 13.038404810405298 0.9646333384530796 
24 32 9 9 2 0 5.830951894845301 12.165525060596439 0.9937688307933226 
23 36 9 8 0 4 5.656854249492381 15.033296378372908 0.9902632440089103 
24 35 9 8 2 3 5.830951894845301 14.0 0.9834094309013385 
23 33 9 8 0 1 5.656854249492381 12.165525060596439 0.9646333384530796 
24 32 9 9 2 0 5.830951894845301 12.165525060596439 0.9937688307933226 
23 36 9 8 0 4 5.656854249492381 15.033296378372908 0.9921839169203364 
24 35 9 8 2 4 5.830951894845301 14.142135623730951 0.9850522750185841 
23 34 9 8 0 1 5.656854249492381 13.341664064126334 0.9816504895038763 
24 33 9 8 2 0 5.830951894845301 12.649110640673518 1.003707101637414 
23 35 9 7 0 2 5.656854249492381 13.038404810405298 0.9816504895038763 
24 33 9 8 2 0 5.830951894845301 12.649110640673518 1.003707101637414 
23 35 9 7 0 2 5.656854249492381 13.038404810405298 0.9816504895038763 
24 33 9 8 2 0 5.830951894845301 12.649110640673518 0.9850522750185841 
23 34 9 8 0 1 5.656854249492381 13.341664064126334 0.9816504895038763 
24 33 9 8 2 0 5.830951894845301 12.649110640673518 0.9816793728052695 
23 33 9 8 0 0 5.656854249492381 12.649110640673518 1.0022750724770353 
24 34 9 7 2 2 5.830951894845301 12.649110640673518 0.9816793728052695 
23 33 9 8 0 0 5.656854249492381 12.649110640673518 1.0054370006301248 
24 35 9 7 2 3 5.830951894845301 12.649110640673518 1.0004265819521352 
23 34 9 7 0 1 5.656854249492381 12.649110640673518 0.9816504895038763 
24 33 9 8 2 0 5.830951894845301 12.649110640673518 0.948379439159008 
23 21 9 9 0 0 5.656854249492381 5.0990195135927845 0.9714764612551551 
22 22 9 8 3 2 2.8284271247461903 5.0990195135927845 1 
