140 140 0 0 14 14 16.0 16.0 1.0882038685347202 
138 139 0 0 17 17 16.0 14.142135623730951 1.092439141568533 
134 137 0 0 16 20 12.0 16.0 1.0921712512056616 
132 135 0 0 21 20 13.341664064126334 16.0 1.092134643924284 
128 134 0 0 22 19 13.341664064126334 16.0 1.089486660582633 
124 132 0 0 22 17 13.341664064126334 15.033296378372908 1.0926095443949997 
120 131 0 0 22 19 15.033296378372908 15.033296378372908 1.094005429614986 
116 129 0 0 24 20 15.033296378372908 15.033296378372908 1.0941530313717407 
110 128 0 0 19 19 15.033296378372908 15.033296378372908 1.1089883099840907 
109 127 1 0 19 23 15.033296378372908 15.033296378372908 1.1091363586792806 
107 126 1 0 20 23 15.033296378372908 15.033296378372908 1.1059850438856516 
105 125 1 0 21 20 15.033296378372908 15.033296378372908 1.101246659385812 
103 124 1 0 18 16 15.033296378372908 15.033296378372908 1.1060375003377292 
101 123 1 0 21 20 15.033296378372908 15.033296378372908 1.1140596800457887 
97 122 2 0 17 17 15.033296378372908 15.033296378372908 1.1140859082718275 
95 121 2 0 17 17 15.033296378372908 15.033296378372908 1.116311712157079 
93 120 2 0 17 19 15.033296378372908 15.033296378372908 1.1174377282127241 
91 119 2 0 17 20 15.033296378372908 15.033296378372908 1.124273567619007 
89 117 2 0 17 27 15.033296378372908 15.033296378372908 1.1222220406549843 
87 116 2 0 18 25 15.033296378372908 15.033296378372908 1.1209048401131145 
85 115 2 0 16 24 15.033296378372908 15.033296378372908 1.121433100725512 
85 114 2 0 23 25 15.033296378372908 14.0 1.131437443380521 
79 112 3 0 17 24 15.033296378372908 14.0 1.1296828235669485 
78 108 3 0 19 25 15.033296378372908 14.0 1.1316947024639827 
77 107 3 0 21 27 15.033296378372908 14.0 1.1428944251917101 
73 106 4 0 16 27 15.033296378372908 14.0 1.1426141769720304 
69 105 4 0 15 26 15.033296378372908 14.0 1.1402082152223105 
67 104 4 0 13 24 14.0 14.0 1.139315461049629 
63 103 4 0 16 22 14.0 14.0 1.148193787648993 
59 102 5 0 10 20 14.0 14.0 1.146497149413986 
58 100 5 0 11 20 14.0 13.038404810405298 1.1646680858309717 
54 99 6 0 9 26 13.341664064126334 13.038404810405298 1.159070513654217 
53 97 6 0 10 22 13.341664064126334 13.038404810405298 1.16852518586364 
49 95 7 0 7 21 13.341664064126334 13.038404810405298 1.1658975086762153 
48 94 7 0 7 19 13.038404810405298 13.038404810405298 1.1659330516690927 
46 93 7 0 7 19 12.165525060596439 13.038404810405298 1.165967430327091 
44 92 7 0 7 19 11.40175425099138 13.038404810405298 1.1660003966785912 
42 91 7 0 7 19 10.770329614269007 13.038404810405298 1.166762613382835 
40 90 7 0 13 19 10.295630140987 13.038404810405298 1.1744900642373555 
34 89 7 0 7 25 10.0 13.038404810405298 1.173203652165848 
33 88 7 0 9 24 9.899494936611665 13.038404810405298 1.1749246131837452 
29 87 7 0 6 25 5.656854249492381 13.038404810405298 1.170094124164839 
28 86 7 0 6 21 5.656854249492381 13.038404810405298 1.1818273784174926 
26 85 8 0 4 22 7.211102550927978 13.038404810405298 1.1803279302520557 
25 84 8 0 4 21 4.242640687119285 13.038404810405298 1.1792343094361089 
24 83 8 0 3 21 4.47213595499958 12.0 1.1900237227071668 
22 82 9 0 2 21 2.8284271247461903 12.0 1.1894856560430904 
21 81 9 0 1 21 1.4142135623730951 12.0 1 
