140 140 0 0 14 14 16.0 16.0 1.2182690736517587 
139 139 0 0 19 17 16.0 13.038404810405298 1.2221144076754913 
135 137 0 0 22 15 13.038404810405298 15.033296378372908 1.2526412269642002 
131 136 0 0 25 20 15.033296378372908 15.033296378372908 1.2836686682318297 
127 135 0 0 25 26 14.142135623730951 16.0 1.2993702075201974 
123 134 0 0 28 27 14.142135623730951 16.0 1.301497805679619 
123 130 0 0 38 27 14.142135623730951 16.0 1.3103358976872446 
117 129 0 0 38 26 13.038404810405298 16.0 1.302221139948588 
116 127 0 0 45 22 13.038404810405298 16.0 1.3204559670232923 
108 125 0 0 38 26 13.038404810405298 16.0 1.3732154941199932 
102 124 0 0 35 38 13.038404810405298 16.0 1.3406923639434631 
98 123 0 0 36 27 13.038404810405298 16.0 1.384239056399627 
97 121 0 0 33 41 13.038404810405298 16.0 1.38163741912363 
98 120 0 0 47 36 13.038404810405298 16.0 1.3582120186785585 
94 119 0 0 49 27 13.038404810405298 16.0 1.4169086670773416 
93 118 0 0 51 42 13.038404810405298 16.0 1.4129859738456454 
91 117 0 0 45 43 13.038404810405298 16.0 1.415031777508137 
91 111 0 0 64 41 13.038404810405298 16.0 1.426501140852115 
85 110 0 0 61 42 13.038404810405298 16.0 1.3875271194471688 
81 106 0 0 55 35 13.038404810405298 16.0 1.4334195229113345 
79 105 0 0 52 48 13.038404810405298 16.0 1.360201078422199 
77 103 1 0 56 26 13.038404810405298 16.0 1.3697025629605293 
75 102 1 0 49 31 13.038404810405298 16.0 1.3760846133005173 
67 98 2 0 36 35 13.038404810405298 16.0 1.3399129712700184 
66 92 2 0 38 30 13.038404810405298 14.0 1.3022449590263538 
62 88 3 0 30 23 14.0 14.0 1.2840647511899528 
56 87 4 0 22 17 14.0 14.0 1.313149151438951 
48 86 5 0 12 23 13.038404810405298 14.0 1.3002631120074037 
47 84 5 0 16 19 13.038404810405298 14.0 1.2838982318538248 
45 80 6 0 12 18 13.038404810405298 12.165525060596439 1.3098296494430224 
44 79 6 0 17 23 13.038404810405298 12.165525060596439 1.2970763606601494 
38 78 7 0 10 18 12.165525060596439 12.165525060596439 1.3001473461589794 
37 77 7 0 10 19 11.045361017187261 12.165525060596439 1.3134633772912054 
35 76 7 0 10 22 9.055385138137417 12.165525060596439 1.3110561733387842 
34 75 7 0 16 19 8.0 12.165525060596439 1.2945451055526696 
32 73 7 0 10 18 6.324555320336759 10.770329614269007 1.2886743989202052 
32 71 7 0 13 17 6.324555320336759 10.770329614269007 1.3007836504727193 
31 70 7 0 14 20 5.830951894845301 10.770329614269007 1.2774408855425279 
30 69 7 1 15 19 5.656854249492381 10.770329614269007 1.2808840866700602 
31 68 7 1 21 19 5.656854249492381 10.770329614269007 1.2661789643817638 
31 67 7 1 21 16 5.656854249492381 10.770329614269007 1.2627347958442103 
31 66 7 1 21 16 5.656854249492381 10.770329614269007 1.2508781299442162 
31 65 7 1 18 15 4.47213595499958 10.770329614269007 1.256731512299386 
27 64 8 1 12 16 5.656854249492381 10.770329614269007 1.259753223334937 
23 63 9 1 4 17 3.1622776601683795 10.770329614269007 1.2577149880541465 
22 61 9 1 3 18 2.8284271247461903 10.770329614269007 1 
