140 140 0 0 14 14 16.0 16.0 1.026048110317761 
138 138 0 0 17 17 16.0 14.142135623730951 1.0312659571289922 
134 136 0 0 16 19 13.038404810405298 16.0 1.0345978384745835 
132 135 0 0 16 23 13.341664064126334 16.0 1.0343536444743406 
130 134 0 0 16 22 13.341664064126334 16.0 1.0353310775292008 
128 133 0 0 16 23 14.0 16.0 1.038303514111872 
126 132 0 0 14 25 14.0 16.0 1.037321680307903 
125 130 0 0 14 25 14.142135623730951 16.0 1.0358385695501233 
123 129 0 0 15 23 14.142135623730951 16.0 1.0415047520926053 
121 128 0 0 15 30 14.142135623730951 16.0 1.0388619104155599 
120 126 0 0 14 27 14.142135623730951 16.0 1.0413634533019034 
119 125 0 0 14 30 13.038404810405298 16.0 1.0369251542727613 
117 124 0 0 15 24 13.038404810405298 16.0 1.0388009731489123 
115 123 0 0 16 26 12.0 16.0 1.0378179820808289 
113 122 0 0 16 24 12.0 16.0 1.0357261643762448 
111 118 0 0 15 23 12.0 16.0 1.0349818506863058 
109 117 0 0 16 22 12.0 16.0 1.0464475725249005 
101 116 1 0 29 24 12.0 16.0 1.0568129465494183 
93 115 1 0 18 25 11.045361017187261 15.033296378372908 1.0579976489345966 
89 114 1 0 14 22 12.0 15.033296378372908 1.055967309129017 
85 112 1 0 14 18 12.165525060596439 15.033296378372908 1.0572234741978623 
83 111 1 0 11 17 12.165525060596439 15.033296378372908 1.055231861461647 
82 107 1 0 10 17 12.165525060596439 15.033296378372908 1.0594560652531586 
81 106 1 0 11 23 11.045361017187261 15.033296378372908 1.0588119565315883 
80 105 1 0 12 23 11.045361017187261 15.033296378372908 1.0594300796408946 
74 103 1 0 13 21 10.198039027185569 15.033296378372908 1.0612018669074357 
70 102 1 0 13 21 10.198039027185569 15.033296378372908 1.0755762694933941 
68 101 2 0 14 24 10.198039027185569 15.033296378372908 1.089029618538231 
67 99 3 0 14 27 10.198039027185569 15.033296378372908 1.0925523709260916 
66 98 3 0 13 32 10.198039027185569 14.142135623730951 1.0886141915866456 
64 97 3 0 13 26 10.198039027185569 14.142135623730951 1.090147301475042 
60 96 3 0 12 25 10.198039027185569 14.142135623730951 1.0882870409293424 
59 95 3 0 11 22 10.198039027185569 14.142135623730951 1.0928372766160634 
58 94 3 0 9 27 10.198039027185569 14.142135623730951 1.1035331963708186 
54 93 4 0 14 26 10.198039027185569 14.142135623730951 1.1199463451569678 
50 92 5 0 12 28 10.198039027185569 14.142135623730951 1.1195245061533938 
46 91 5 0 9 23 10.198039027185569 14.142135623730951 1.118403042675535 
45 90 5 0 8 21 10.198039027185569 14.142135623730951 1.116987056495175 
44 89 5 0 7 18 9.055385138137417 14.142135623730951 1.1037837538997652 
43 88 5 1 6 17 9.055385138137417 14.142135623730951 1.1043785619357318 
42 87 5 1 6 18 9.055385138137417 14.142135623730951 1.1091004637148278 
41 86 5 1 3 22 8.0 14.142135623730951 1.108755594864178 
37 85 5 1 5 20 7.0710678118654755 14.142135623730951 1.1196746894890781 
35 84 6 1 7 19 7.0710678118654755 14.142135623730951 1.1215859729747002 
33 83 6 1 5 19 6.0 14.142135623730951 1.1222924131511074 
32 82 6 1 4 19 5.0990195135927845 14.142135623730951 1.109089110555698 
31 81 6 2 3 18 5.0990195135927845 14.142135623730951 1.1087282302362418 
30 80 6 2 3 18 5.656854249492381 14.142135623730951 1.1218864809980706 
28 79 7 2 2 18 5.656854249492381 14.142135623730951 1.1246053580708892 
28 78 7 2 2 23 4.47213595499958 13.038404810405298 1.1232619425772374 
27 77 7 2 2 22 5.656854249492381 13.038404810405298 1.119668601100739 
26 75 7 2 4 19 4.242640687119285 13.038404810405298 1.1225703671502307 
24 74 7 2 2 22 6.324555320336759 13.038404810405298 1.1334941644118808 
23 73 8 2 1 18 2.8284271247461903 13.038404810405298 1.1316989930151276 
22 71 8 2 1 17 3.1622776601683795 13.038404810405298 1.1432487373039066 
21 70 9 2 0 17 5.656854249492381 13.038404810405298 1.1424102401364755 
21 69 9 2 0 17 4.47213595499958 12.165525060596439 1.141072432748864 
21 68 9 2 0 16 4.0 12.165525060596439 1.1408450778737844 
21 67 9 2 0 17 4.47213595499958 12.165525060596439 1.136057831739309 
21 63 9 2 0 17 4.0 9.055385138137417 1 
