140 140 0 0 14 14 16.0 16.0 1.3516233961073105 
139 139 0 0 19 19 16.0 13.038404810405298 1.3722324205649503 
135 138 0 0 22 19 13.038404810405298 15.033296378372908 1.3727151526096273 
131 134 0 0 25 19 13.038404810405298 15.033296378372908 1.3946036912835418 
127 132 0 0 25 22 14.142135623730951 16.0 1.400205148457449 
123 130 0 0 28 21 14.142135623730951 16.0 1.4256313036564723 
123 129 0 0 38 23 14.142135623730951 16.0 1.4381275280725627 
117 127 0 0 38 23 13.038404810405298 16.0 1.434782323090419 
111 126 0 0 38 19 13.038404810405298 16.0 1.4589903999315816 
110 125 0 0 49 20 12.649110640673518 15.033296378372908 1.4643944426140965 
102 123 0 0 42 20 13.341664064126334 15.033296378372908 1.5291896497438107 
101 122 0 0 44 32 13.341664064126334 15.033296378372908 1.533848460706006 
99 120 0 0 40 35 13.341664064126334 15.033296378372908 1.558189305417607 
95 119 0 0 42 37 13.038404810405298 15.033296378372908 1.532877665765819 
93 117 0 0 41 33 12.165525060596439 15.033296378372908 1.5192730398298713 
93 111 0 0 48 34 12.165525060596439 14.0 1.466296471856369 
91 110 0 0 36 28 12.165525060596439 14.0 1.4407376566094288 
89 109 0 0 35 23 12.165525060596439 14.0 1.460705635632 
81 108 0 0 30 24 12.083045973594572 14.0 1.4827373843688 
75 106 1 0 29 26 12.083045973594572 14.0 1.5384075207207597 
73 105 1 0 40 32 12.083045973594572 14.0 1.5421364180144486 
69 101 2 0 49 30 12.083045973594572 14.0 1.5466672586746921 
61 100 3 0 33 32 11.40175425099138 14.0 1.5534061894741527 
51 99 4 0 22 31 10.198039027185569 14.0 1.5756835224064891 
50 98 4 0 26 34 10.0 14.0 1.5449457582157957 
48 97 4 0 25 28 10.0 14.0 1.5530230660736033 
44 96 4 0 24 28 9.055385138137417 14.0 1.5514833087188422 
40 94 5 0 20 28 7.615773105863909 14.0 1.5223886478853559 
34 93 6 0 14 21 5.830951894845301 14.0 1.5141306668954322 
33 92 7 0 15 19 5.830951894845301 14.0 1.5368608921128641 
31 91 7 0 15 23 7.211102550927978 14.0 1.5438978038618163 
29 90 7 0 12 25 5.656854249492381 14.0 1.530122597474577 
28 89 7 0 11 23 5.656854249492381 14.0 1.5318886672714764 
26 88 7 0 8 24 4.47213595499958 14.0 1.5251737610115805 
26 86 7 0 10 24 6.324555320336759 14.0 1.5074165648020068 
24 84 8 0 4 23 2.8284271247461903 14.0 1.4941904030708444 
26 83 7 0 10 21 6.324555320336759 14.0 1.4764332068612707 
24 81 8 0 4 20 2.8284271247461903 14.0 1.4735649430176152 
26 80 7 0 10 20 6.324555320336759 14.0 1.4521815370827114 
24 78 8 0 4 19 2.8284271247461903 12.165525060596439 1.4305594862684345 
24 77 8 1 8 19 6.324555320336759 12.165525060596439 1.4314589991208297 
24 76 8 1 8 20 2.8284271247461903 12.165525060596439 1.4202618121954511 
24 75 8 1 8 19 6.324555320336759 12.165525060596439 1.4263402739916 
24 74 8 1 8 21 2.8284271247461903 12.165525060596439 1.4203220360099749 
24 73 8 1 8 21 6.324555320336759 12.165525060596439 1.436758395693631 
24 72 8 1 8 25 2.8284271247461903 12.165525060596439 1.4307401577120058 
24 71 8 1 8 25 6.324555320336759 12.165525060596439 1.400565976901879 
24 70 8 1 8 20 2.8284271247461903 12.165525060596439 1.3893687899765002 
24 69 8 1 8 19 6.324555320336759 12.165525060596439 1.3902683028288954 
24 68 8 1 8 20 2.8284271247461903 12.165525060596439 1.3790711159035165 
24 67 8 1 8 19 6.324555320336759 12.165525060596439 1.374791679812158 
24 66 8 1 8 19 2.8284271247461903 12.165525060596439 1.3688035537377947 
24 64 8 1 8 20 6.324555320336759 12.165525060596439 1.3645241176464362 
24 63 8 1 8 20 2.8284271247461903 12.165525060596439 1.3585058796648113 
24 62 8 1 8 20 6.324555320336759 12.165525060596439 1.3335407597056999 
24 60 8 1 8 17 2.8284271247461903 12.165525060596439 1.3275225217240747 
24 59 8 1 8 17 6.324555320336759 12.165525060596439 1.309910332948369 
24 58 8 2 8 19 2.8284271247461903 12.165525060596439 1.2698736584146435 
24 56 8 3 8 18 6.324555320336759 12.165525060596439 1.2315456738639232 
24 55 8 4 8 16 2.8284271247461903 12.165525060596439 1.2203484869385444 
24 54 8 4 8 15 6.324555320336759 12.165525060596439 1.2264269487346933 
24 53 8 4 8 17 2.8284271247461903 12.165525060596439 1.218194480587844 
24 52 8 4 8 17 6.324555320336759 11.045361017187261 1.1747176590006314 
24 50 8 5 8 15 2.8284271247461903 11.045361017187261 1.1511263191986363 
24 48 8 5 8 13 6.324555320336759 10.0 1.1468468831072778 
24 47 8 5 8 13 2.8284271247461903 10.0 1.135649696181899 
24 46 8 5 8 12 6.324555320336759 10.0 1.1076796095186858 
24 45 8 6 8 12 2.8284271247461903 10.0 1.1016613715370607 
24 44 8 6 8 12 6.324555320336759 10.0 1.087024037558195 
24 43 8 6 8 10 2.8284271247461903 10.0 1.0739596288326148 
24 42 8 6 8 9 6.324555320336759 9.055385138137417 1.0696801927412563 
24 41 8 6 8 9 2.8284271247461903 9.055385138137417 1.063661954759631 
24 40 8 6 8 9 6.324555320336759 9.055385138137417 1.054203569724519 
24 39 8 6 8 8 2.8284271247461903 9.055385138137417 1.0193157322272852 
24 38 8 7 8 7 6.324555320336759 9.055385138137417 1.0150362961359267 
24 37 8 7 8 7 2.8284271247461903 9.055385138137417 1.0090180581543016 
24 36 8 7 8 7 6.324555320336759 9.055385138137417 0.9995596731191898 
24 35 8 7 8 6 2.8284271247461903 9.055385138137417 0.9862763046005496 
24 34 8 7 8 5 6.324555320336759 8.0 0.9801606466767574 
24 33 8 7 8 5 2.8284271247461903 7.0710678118654755 0.9741424086951321 
24 32 8 7 8 5 6.324555320336759 7.0710678118654755 0.9683873400951378 
24 31 8 7 8 5 2.8284271247461903 6.324555320336759 0.9623691021135126 
24 30 8 7 8 5 6.324555320336759 6.324555320336759 0.9292200665065458 
24 29 8 8 8 4 2.8284271247461903 6.324555320336759 0.9232018285249205 
24 28 8 8 8 4 6.324555320336759 6.324555320336759 0.9085644945460548 
24 27 8 8 8 2 2.8284271247461903 6.324555320336759 0.9015705498357482 
24 26 8 8 8 2 6.324555320336759 5.830951894845301 0.8969469746334238 
24 25 8 8 8 2 2.8284271247461903 5.656854249492381 0.8912728757627648 
24 24 8 8 8 2 6.324555320336759 5.830951894845301 0.8843074658975678 
24 23 8 8 8 2 2.8284271247461903 4.47213595499958 0.8691704918223593 
24 22 8 8 8 0 6.324555320336759 5.0990195135927845 0.8862372928076274 
24 23 8 8 8 3 2.8284271247461903 2.8284271247461903 0.8365026433062183 
24 21 8 9 8 0 6.324555320336759 3.1622776601683795 0.873660686987059 
24 23 8 9 8 4 2.8284271247461903 5.830951894845301 0.8545985773440878 
24 22 8 9 8 2 6.324555320336759 4.47213595499958 0.8373720442513517 
24 21 8 9 8 0 2.8284271247461903 3.1622776601683795 0.8442291554312444 
24 21 8 9 8 0 6.324555320336759 7.0710678118654755 0.873660686987059 
24 23 8 9 8 4 2.8284271247461903 5.830951894845301 0.8582602578466078 
24 22 8 9 8 2 6.324555320336759 6.324555320336759 0.8412004051591462 
24 21 8 9 8 0 2.8284271247461903 5.0990195135927845 0.8722446275339653 
24 22 8 8 8 2 6.324555320336759 1.4142135623730951 0.8412004051591462 
24 21 8 9 8 0 2.8284271247461903 5.0990195135927845 0.8957257897500014 
24 23 8 8 8 5 6.324555320336759 2.8284271247461903 0.8390955919269985 
24 21 8 9 8 1 2.8284271247461903 1.4142135623730951 -1 
