140 140 0 0 14 14 16.0 16.0 1.047408978093348 
138 139 0 0 17 19 16.0 14.142135623730951 1.054565081367769 
134 137 0 0 16 22 12.165525060596439 16.0 1.0522580365651981 
132 133 0 0 21 21 13.341664064126334 15.033296378372908 1.0522912728165377 
128 132 0 0 22 19 15.033296378372908 15.033296378372908 1.0591308060369768 
124 130 0 0 22 22 15.033296378372908 15.033296378372908 1.063723959856252 
120 129 0 0 22 23 15.033296378372908 15.033296378372908 1.071591742269 
116 128 0 0 22 26 15.033296378372908 15.033296378372908 1.0742390911740214 
112 126 0 0 24 26 15.033296378372908 15.033296378372908 1.0766165185133614 
106 125 1 0 17 20 15.033296378372908 15.033296378372908 1.077271823060959 
104 123 1 0 19 20 15.033296378372908 15.033296378372908 1.0687716117330512 
102 122 1 0 20 14 15.033296378372908 15.033296378372908 1.0706529626201113 
100 121 1 0 18 15 15.033296378372908 15.033296378372908 1.092485161794919 
94 120 2 0 15 20 14.0 15.033296378372908 1.08098381857356 
93 116 2 0 19 14 14.0 15.033296378372908 1.095547353791554 
89 115 3 0 15 16 14.0 15.033296378372908 1.0952337139473283 
87 114 3 0 16 15 14.0 15.033296378372908 1.0961975091124434 
85 113 3 0 16 15 14.0 15.033296378372908 1.0984387392868993 
83 112 3 0 15 16 14.0 15.033296378372908 1.1059517916389598 
81 111 3 0 15 20 14.0 15.033296378372908 1.102972588305689 
79 109 3 0 16 18 14.0 15.033296378372908 1.1208995170273388 
78 108 4 0 16 23 14.0 15.033296378372908 1.1168406758318807 
76 106 4 0 14 21 14.0 15.033296378372908 1.115890893096339 
75 105 4 0 16 20 14.0 15.033296378372908 1.1212603433869919 
73 103 4 0 22 22 14.0 15.033296378372908 1.1327367487052504 
65 102 5 0 12 21 14.0 15.033296378372908 1.1346266167517844 
63 101 5 0 10 22 12.165525060596439 15.033296378372908 1.1335932183327677 
61 100 5 0 9 21 12.165525060596439 15.033296378372908 1.1446117790851715 
60 99 6 0 8 22 12.0 15.033296378372908 1.1449394313589705 
59 98 6 0 9 22 12.0 15.033296378372908 1.1484580965427669 
57 97 6 0 7 24 12.0 15.033296378372908 1.138320570918123 
55 96 6 0 8 17 12.0 15.033296378372908 1.1382883439045262 
54 95 6 0 8 17 12.0 15.033296378372908 1.1392565712983307 
52 94 6 0 8 17 11.045361017187261 15.033296378372908 1.1409440590121278 
50 93 6 0 10 17 10.198039027185569 15.033296378372908 1.1431782927435616 
44 92 6 0 7 16 9.486832980505138 15.033296378372908 1.1421235765362738 
43 90 6 0 7 16 8.246211251235321 15.033296378372908 1.1269395525915473 
42 89 6 1 7 16 7.0710678118654755 15.033296378372908 1.1269073255779505 
41 88 6 1 7 16 7.0710678118654755 15.033296378372908 1.1268800713525697 
40 87 6 1 7 16 6.0 15.033296378372908 1.1274569094434004 
39 85 6 1 7 17 6.0 15.033296378372908 1.1274246824298035 
38 84 6 1 7 17 6.0 15.033296378372908 1.1257593242207604 
37 83 6 1 7 16 5.0990195135927845 15.033296378372908 1.1322763543941088 
36 82 6 1 7 20 5.0990195135927845 15.033296378372908 1.1259633946376575 
32 81 6 1 4 15 5.656854249492381 15.033296378372908 1.1259377335804452 
31 80 6 1 4 15 4.242640687119285 15.033296378372908 1.1275493868199695 
30 79 6 1 4 16 2.8284271247461903 15.033296378372908 1.1252842201869666 
29 73 6 1 4 18 2.8284271247461903 14.0 1.1373685183836932 
28 72 7 1 6 19 5.656854249492381 14.0 1.1343348263564557 
26 71 7 1 4 17 6.324555320336759 14.0 1.1433944796087532 
25 70 8 1 3 17 2.0 13.038404810405298 1.1268168711904232 
24 68 8 2 2 17 2.0 13.038404810405298 1.124790170300879 
23 67 8 2 1 16 1.4142135623730951 13.038404810405298 1.1189936974572685 
22 66 9 3 0 16 5.656854249492381 13.038404810405298 1.116333634416569 
22 65 9 3 0 15 4.47213595499958 13.038404810405298 1.1007593894517138 
22 63 9 4 0 16 4.0 13.038404810405298 1.0964543196178778 
22 62 9 4 0 14 4.47213595499958 13.038404810405298 1.0954282624736233 
22 61 9 4 0 14 4.0 13.038404810405298 1.091732257744215 
22 59 9 4 0 13 4.47213595499958 13.038404810405298 1.0907350434853607 
22 57 9 4 0 14 4.0 11.40175425099138 1.0910747011319133 
21 56 9 4 1 14 1.4142135623730951 11.40175425099138 1 
