140 140 0 0 14 14 16.0 16.0 0.9758799662896707 
138 138 0 0 17 17 16.0 14.142135623730951 0.9808460130415748 
134 137 0 0 16 16 13.341664064126334 16.0 0.9827948893434365 
132 135 0 0 16 18 14.142135623730951 16.0 0.9849235148270475 
130 134 0 0 16 19 14.142135623730951 16.0 0.9843644382172106 
128 133 0 0 16 17 14.142135623730951 16.0 0.9873349997934173 
126 132 0 0 14 18 14.142135623730951 16.0 0.9896731313085138 
124 130 0 0 16 21 14.142135623730951 16.0 0.9904309234427907 
122 129 0 0 15 20 14.142135623730951 16.0 0.9939303822757359 
120 128 0 0 16 23 14.142135623730951 16.0 0.993846238317417 
118 127 0 0 17 22 14.142135623730951 16.0 0.995124619335709 
116 123 0 0 18 25 14.142135623730951 16.0 0.9947210841521368 
114 121 0 0 18 24 14.142135623730951 16.0 0.9968497096357479 
112 120 0 0 18 25 14.142135623730951 16.0 1.0025619379106232 
110 119 0 0 18 30 14.142135623730951 16.0 0.9958870978423388 
108 117 0 0 18 22 14.142135623730951 16.0 0.9965361766447433 
106 116 0 0 18 22 14.142135623730951 15.033296378372908 0.9975511655958222 
104 114 0 0 18 23 15.033296378372908 15.033296378372908 1.0164569478208008 
96 110 1 0 17 26 15.033296378372908 13.341664064126334 1.0199024420485254 
94 109 1 0 16 28 15.033296378372908 13.341664064126334 1.0196736921541294 
93 108 1 0 15 27 15.033296378372908 13.341664064126334 1.0380569874263534 
87 107 2 0 14 28 15.033296378372908 13.341664064126334 1.0373533048804393 
86 106 2 0 12 26 15.033296378372908 13.341664064126334 1.0401855343404718 
85 105 2 0 11 28 14.142135623730951 13.341664064126334 1.0366422235175567 
84 103 2 0 12 25 14.0 13.341664064126334 1.0411209716993945 
82 101 2 0 12 29 13.038404810405298 13.341664064126334 1.0436152171460449 
80 100 2 0 12 30 12.165525060596439 13.341664064126334 1.044271959132497 
78 99 2 0 12 29 11.40175425099138 13.341664064126334 1.0440313296667307 
76 98 2 0 14 28 10.770329614269007 13.341664064126334 1.0470883595550537 
70 97 2 0 11 24 10.295630140987 13.341664064126334 1.0433745357322644 
69 96 2 0 11 19 9.055385138137417 13.341664064126334 1.059178058121481 
63 95 3 0 14 19 9.055385138137417 13.341664064126334 1.0652572898374337 
61 94 3 0 11 23 9.055385138137417 13.341664064126334 1.0628024122399429 
59 93 3 0 9 19 11.313708498984761 13.341664064126334 1.0796618148708894 
57 91 4 0 9 24 11.313708498984761 13.341664064126334 1.0865051911105155 
53 90 4 0 11 29 11.313708498984761 13.341664064126334 1.0823734471996016 
52 88 4 0 9 24 11.313708498984761 13.341664064126334 1.0809571288111413 
51 87 4 0 10 22 10.0 13.341664064126334 1.0949193233171548 
49 86 5 0 8 22 10.0 13.341664064126334 1.094311703566468 
48 85 5 0 8 21 9.899494936611665 13.341664064126334 1.0806176255251383 
47 84 5 1 9 20 8.602325267042627 13.341664064126334 1.0858549211484954 
45 83 5 1 8 24 8.602325267042627 13.341664064126334 1.083413401812169 
44 82 5 1 8 21 8.602325267042627 13.341664064126334 1.0863472866627393 
43 81 5 1 8 24 8.602325267042627 13.341664064126334 1.0803628819117002 
42 77 5 1 7 19 8.48528137423857 13.341664064126334 1.0969543757882922 
36 76 6 1 6 18 8.48528137423857 13.341664064126334 1.0974164671734106 
35 75 6 1 6 17 5.830951894845301 13.341664064126334 1.0976626499305326 
34 74 6 1 6 17 5.830951894845301 13.341664064126334 1.098064374113919 
33 72 6 1 6 18 5.830951894845301 13.341664064126334 1.100671520552558 
32 71 6 1 6 20 4.47213595499958 13.341664064126334 1.0877509705182618 
31 70 6 2 6 20 4.47213595499958 13.341664064126334 1.0884181213216813 
30 69 6 2 5 20 4.47213595499958 13.341664064126334 1.0890852721251012 
29 68 6 2 4 20 4.47213595499958 13.341664064126334 1.087160848682441 
28 67 6 2 3 17 4.242640687119285 13.341664064126334 1.0878595591675455 
27 66 6 2 3 17 3.1622776601683795 13.341664064126334 1.0986792466765725 
26 65 7 2 3 16 3.1622776601683795 12.649110640673518 1.0866665037007577 
25 64 7 3 2 16 2.0 12.649110640673518 1.0838332322052269 
24 62 7 3 1 14 2.0 11.045361017187261 1.0959669485899717 
23 61 8 3 1 14 2.0 11.045361017187261 1.0960375295333393 
22 60 8 3 2 14 1.4142135623730951 11.045361017187261 1.107757312919959 
21 59 9 3 0 13 3.1622776601683795 11.661903789690601 1.1063248187171228 
21 58 9 3 1 13 1.4142135623730951 10.0 1 
