140 140 0 0 14 14 16.0 16.0 1.1881869695863483 
139 138 0 0 19 17 16.0 13.038404810405298 1.2123091150467846 
135 137 0 0 22 22 14.142135623730951 15.033296378372908 1.2116153016801123 
131 136 0 0 25 19 14.142135623730951 15.033296378372908 1.2257704802693388 
127 135 0 0 25 22 13.038404810405298 16.0 1.233766154253404 
123 134 0 0 28 22 13.038404810405298 16.0 1.2397790898315824 
123 133 0 0 41 20 13.038404810405298 16.0 1.2567831463060672 
117 132 0 0 41 23 12.165525060596439 16.0 1.2624422826281676 
111 131 0 0 36 24 12.165525060596439 16.0 1.2743258215987552 
105 130 0 0 34 26 12.165525060596439 16.0 1.2888427553593758 
99 128 0 0 27 32 12.165525060596439 15.033296378372908 1.2921726011828292 
93 127 1 0 19 31 14.0 15.033296378372908 1.2991434070287884 
92 126 1 0 26 31 14.0 15.033296378372908 1.2842980290200612 
91 125 1 0 29 25 14.0 15.033296378372908 1.328503678670322 
83 124 2 0 18 38 14.0 15.033296378372908 1.301395940440477 
83 122 2 0 27 27 14.0 15.033296378372908 1.2952198746665984 
77 120 3 0 18 24 14.0 15.033296378372908 1.2966441690710437 
76 119 3 0 20 24 14.0 15.033296378372908 1.313112096259174 
70 118 4 0 16 26 14.0 15.033296378372908 1.3278042148127562 
64 117 5 0 13 27 12.165525060596439 15.033296378372908 1.3393917120672463 
65 116 5 0 17 31 12.165525060596439 15.033296378372908 1.3104750911060628 
59 114 6 0 11 19 12.165525060596439 15.033296378372908 1.3154559066907558 
57 113 6 0 10 21 12.165525060596439 14.142135623730951 1.3261359006948579 
55 111 6 0 8 26 11.40175425099138 14.142135623730951 1.3311345820898561 
54 110 6 0 8 28 11.40175425099138 14.142135623730951 1.3187617591117466 
53 109 6 0 8 24 10.198039027185569 14.142135623730951 1.321146666946143 
52 107 6 0 8 26 10.0 14.142135623730951 1.325342338798616 
50 105 6 0 8 28 11.40175425099138 14.142135623730951 1.3213206185670352 
46 104 6 0 8 25 11.40175425099138 14.142135623730951 1.3260393209012264 
46 103 6 0 12 26 11.40175425099138 14.142135623730951 1.3277451084866516 
45 101 6 0 14 27 11.40175425099138 14.142135623730951 1.3151224035855884 
37 100 7 0 4 20 12.649110640673518 14.142135623730951 1.3259218177157874 
36 99 7 0 4 24 11.40175425099138 14.142135623730951 1.3342558763040617 
35 98 7 0 7 26 10.198039027185569 14.142135623730951 1.3269906833577692 
34 97 7 0 9 23 10.198039027185569 14.142135623730951 1.3307301445641158 
33 95 7 0 5 27 10.198039027185569 14.142135623730951 1.3316572257610817 
31 94 8 0 4 25 10.198039027185569 14.142135623730951 1.3261863176881534 
30 93 8 0 5 23 9.055385138137417 14.142135623730951 1.344278196651938 
30 92 8 0 8 29 9.055385138137417 14.142135623730951 1.3319224567861527 
29 91 8 0 8 25 5.0990195135927845 14.142135623730951 1.3212569423600424 
25 90 8 0 2 22 3.1622776601683795 14.142135623730951 1.3175682083006088 
24 89 8 0 2 21 2.8284271247461903 14.142135623730951 1.3229648018417735 
24 88 8 0 4 23 2.8284271247461903 14.142135623730951 1.324125785852964 
23 86 9 0 2 23 5.0990195135927845 14.142135623730951 1.3186097450508365 
23 85 9 0 2 22 5.830951894845301 14.142135623730951 1.2894151601933133 
23 83 9 1 2 20 5.0990195135927845 14.142135623730951 1.2925931491578726 
23 82 9 1 2 22 5.0990195135927845 14.142135623730951 1.2812886592045358 
23 81 9 1 2 19 5.0990195135927845 14.142135623730951 1.2757771608183575 
23 80 9 1 2 18 5.0990195135927845 14.142135623730951 1.2760586539993377 
23 79 9 1 2 19 5.0990195135927845 14.142135623730951 1.2676506598295798 
23 78 9 1 2 17 5.0990195135927845 14.142135623730951 1.2708286487941394 
23 77 9 1 2 19 5.0990195135927845 14.142135623730951 1.2627021478053617 
23 75 9 1 2 18 5.0990195135927845 14.142135623730951 1.262983640986342 
23 74 9 1 2 19 5.0990195135927845 14.142135623730951 1.2690581257344802 
23 73 9 1 2 22 5.0990195135927845 14.142135623730951 1.242474001063607 
23 72 9 2 2 20 5.0990195135927845 14.142135623730951 1.2303723553106298 
23 71 9 3 2 23 5.0990195135927845 14.142135623730951 1.2118034114617913 
23 69 9 3 2 19 5.0990195135927845 12.0 1.2114190329710848 
23 68 9 3 4 19 3.1622776601683795 12.0 1.203724500839769 
22 67 9 3 3 17 2.8284271247461903 12.0 1 
