140 140 0 0 14 14 16.0 16.0 0.9853313463159623 
138 138 0 0 17 17 16.0 14.142135623730951 0.9875362591669026 
134 136 0 0 16 14 13.038404810405298 15.033296378372908 0.9882771502337653 
132 135 0 0 16 15 15.033296378372908 15.033296378372908 0.9946312996345565 
130 133 0 0 16 23 15.033296378372908 15.033296378372908 0.9940680497441017 
128 132 0 0 16 21 15.033296378372908 15.033296378372908 0.9977197865386568 
126 131 0 0 14 23 15.033296378372908 15.033296378372908 0.998613019722852 
125 130 0 0 14 24 15.033296378372908 15.033296378372908 0.9974648375006925 
123 129 0 0 15 22 15.033296378372908 15.033296378372908 0.999185429126438 
121 128 0 0 15 23 15.033296378372908 15.033296378372908 0.9984456278687824 
120 126 0 0 14 22 15.033296378372908 15.033296378372908 1.001368878737433 
119 125 0 0 14 25 14.0 15.033296378372908 1.0047883795476744 
117 124 0 0 15 29 14.0 15.033296378372908 1.0041124412107425 
115 123 0 0 16 27 13.038404810405298 15.033296378372908 1.0050717523310877 
113 122 0 0 16 27 13.038404810405298 15.033296378372908 1.002190455555064 
109 120 0 0 19 23 13.038404810405298 15.033296378372908 1.001969711886468 
108 119 0 0 17 21 13.038404810405298 15.033296378372908 1.0031712459231539 
106 117 0 0 18 23 13.038404810405298 15.033296378372908 1.0084558139660547 
105 116 0 0 17 29 13.038404810405298 15.033296378372908 1.0015598939225532 
104 115 0 0 16 19 13.038404810405298 15.033296378372908 1.002193721640931 
103 113 0 0 15 20 13.341664064126334 15.033296378372908 1.001630268556971 
102 111 0 0 15 20 13.341664064126334 15.033296378372908 1.0003055349676109 
101 109 0 0 15 19 13.341664064126334 15.033296378372908 1.0080502927004071 
100 108 0 0 15 29 13.341664064126334 15.033296378372908 1.0063171781465428 
98 107 0 0 17 27 13.341664064126334 15.033296378372908 1.0068577149833473 
97 106 0 0 15 26 13.341664064126334 15.033296378372908 1.0077204825345416 
96 105 0 0 14 27 13.341664064126334 14.0 1.008679590461382 
95 103 0 0 14 29 13.341664064126334 14.0 1.0090001285941546 
94 102 0 0 14 30 13.341664064126334 13.038404810405298 1.0112055724395912 
90 101 0 0 16 31 13.341664064126334 13.038404810405298 1.0121896343420131 
84 100 0 0 20 29 12.165525060596439 13.038404810405298 1.0180047522896916 
82 99 0 0 13 30 12.165525060596439 13.038404810405298 1.015157660883036 
80 98 0 0 13 25 12.165525060596439 13.038404810405298 1.0151443255884285 
79 96 0 0 13 25 11.045361017187261 13.038404810405298 1.0125498504171506 
75 95 0 0 18 22 11.045361017187261 13.038404810405298 1.0299442626287585 
67 93 1 0 14 19 11.40175425099138 13.038404810405298 1.0476566714439424 
63 92 2 0 17 25 11.40175425099138 13.038404810405298 1.0486159825642878 
61 91 2 0 17 25 11.40175425099138 13.038404810405298 1.0704671100028 
59 90 3 0 14 34 11.40175425099138 13.038404810405298 1.0714303108595233 
58 89 3 0 14 35 10.0 12.0 1.066122826569467 
57 87 3 0 13 28 10.0 12.0 1.0623593825379556 
55 83 3 0 11 23 10.0 12.0 1.074368245833193 
54 82 4 0 13 24 10.0 12.0 1.0728671640701373 
53 80 4 0 12 22 10.0 12.0 1.081135499581019 
52 78 5 0 14 19 10.0 12.0 1.0718451371190385 
50 77 5 1 11 20 10.0 12.0 1.073787207401972 
49 76 5 1 10 21 9.055385138137417 12.0 1.0737733519680295 
47 75 5 1 10 20 9.486832980505138 12.0 1.074635495262373 
46 74 5 1 10 20 8.0 12.0 1.0759373126045773 
45 73 5 1 8 20 8.0 12.0 1.075958791852322 
44 71 5 1 7 20 8.0 12.0 1.0626295876855216 
43 69 5 2 7 20 8.0 12.0 1.063979023802494 
42 68 5 2 7 21 7.0710678118654755 12.0 1.063667120995655 
41 67 5 2 6 20 7.615773105863909 12.0 1.0655203702833151 
40 66 5 2 6 22 7.211102550927978 12.0 1.06489104245671 
39 65 5 2 6 21 7.211102550927978 12.0 1.064261714630105 
38 64 5 2 6 20 7.211102550927978 12.0 1.064459542051545 
37 62 5 2 6 21 7.211102550927978 12.0 1.0629584602884894 
36 60 5 2 5 19 7.211102550927978 12.0 1.0759608400734404 
35 59 6 2 4 19 7.211102550927978 12.0 1.0623892097967944 
35 57 6 3 3 19 7.211102550927978 12.0 1.0614996306634472 
33 55 6 3 4 19 7.211102550927978 11.045361017187261 1.0724605950420436 
31 54 7 3 4 16 7.211102550927978 11.045361017187261 1.0861920296317424 
29 53 8 3 2 16 8.602325267042627 11.045361017187261 1.0849777694734324 
28 52 8 3 3 15 8.602325267042627 11.045361017187261 1.08637789045244 
27 51 8 3 2 15 7.211102550927978 11.045361017187261 1.0864426716355788 
27 50 8 3 3 15 4.47213595499958 11.045361017187261 1.0865746243143741 
26 49 8 3 3 15 4.47213595499958 11.045361017187261 1.0873498545146691 
25 48 8 3 3 15 3.1622776601683795 11.045361017187261 1.088066739525169 
24 47 8 3 2 15 3.1622776601683795 11.045361017187261 1.076765021609605 
23 46 8 4 2 16 2.0 11.045361017187261 1.0624329320860886 
22 45 8 5 1 15 5.0990195135927845 11.045361017187261 1.0748638938229342 
21 44 9 5 0 13 3.1622776601683795 11.045361017187261 1.0736807576594494 
21 43 9 5 1 12 1.4142135623730951 11.045361017187261 1 
