140 140 0 0 14 14 16.0 16.0 1.071185056514674 
139 138 0 0 19 17 16.0 13.038404810405298 1.0835508335301705 
135 137 0 0 22 22 14.142135623730951 15.033296378372908 1.093626461567656 
131 136 0 0 25 26 14.142135623730951 15.033296378372908 1.097835035586651 
127 135 0 0 25 27 13.038404810405298 16.0 1.0914663236991755 
123 134 0 0 28 21 13.038404810405298 16.0 1.1000752565354848 
123 132 0 0 38 25 13.038404810405298 16.0 1.0974063960028544 
117 131 0 0 38 21 13.038404810405298 16.0 1.0903969840730092 
113 127 0 0 36 18 13.038404810405298 15.033296378372908 1.0940670019002328 
107 125 0 0 34 19 14.0 15.033296378372908 1.0967229359720854 
105 124 0 0 35 20 14.0 15.033296378372908 1.1142271056278383 
97 123 1 0 28 23 13.038404810405298 15.033296378372908 1.1304812808137878 
93 122 1 0 34 30 13.038404810405298 15.033296378372908 1.1292386388644884 
83 120 2 0 20 23 13.038404810405298 15.033296378372908 1.139725250271827 
77 119 2 0 20 27 13.038404810405298 15.033296378372908 1.155988889585223 
71 118 3 0 14 30 12.165525060596439 15.033296378372908 1.151743880932417 
70 117 3 0 21 26 12.165525060596439 14.0 1.1550243393478208 
69 115 3 0 32 26 13.038404810405298 14.0 1.1691872714192038 
61 114 4 0 13 30 11.40175425099138 14.0 1.165873342775257 
60 112 4 0 20 27 12.165525060596439 14.0 1.15663659704934 
58 106 4 0 17 25 12.165525060596439 14.0 1.165498402500442 
52 105 5 0 9 24 12.165525060596439 14.0 1.1695732221807837 
52 103 5 0 16 26 12.165525060596439 14.0 1.1687326583928386 
46 101 6 0 7 20 11.40175425099138 14.0 1.1672716102092853 
45 100 6 0 8 19 11.40175425099138 14.0 1.1756792151576112 
45 99 6 0 11 24 11.40175425099138 14.0 1.1738124909719836 
46 98 6 0 15 23 12.165525060596439 14.0 1.183072276230634 
42 97 7 0 8 23 11.40175425099138 14.0 1.1853068132577524 
41 96 7 0 10 24 10.198039027185569 14.0 1.184651837080444 
37 95 7 0 7 23 7.615773105863909 14.0 1.179988504646524 
35 94 7 0 7 20 6.324555320336759 13.038404810405298 1.1826444387183765 
33 93 7 0 8 21 6.324555320336759 13.038404810405298 1.1811916002407046 
33 92 7 0 11 20 7.211102550927978 13.038404810405298 1.1737879107829063 
29 91 8 1 4 19 5.0990195135927845 13.038404810405298 1.1875438994323793 
29 90 8 1 8 27 5.0990195135927845 13.038404810405298 1.179906412493943 
25 89 8 1 4 22 4.0 13.038404810405298 1.1887838296150792 
21 88 9 1 0 21 5.656854249492381 13.038404810405298 1.1926458080912095 
21 87 9 1 0 24 4.0 13.038404810405298 1.1883086432373162 
21 86 9 1 0 22 5.656854249492381 13.038404810405298 1.19052618772095 
21 85 9 1 0 24 4.0 13.038404810405298 1.1829001548820646 
21 84 9 1 0 20 5.656854249492381 13.038404810405298 1.1851176993656987 
21 83 9 1 0 22 4.0 13.038404810405298 1.1791361005193093 
21 82 9 1 0 19 5.656854249492381 13.038404810405298 1.1745971601155922 
21 78 9 1 0 19 4.0 12.165525060596439 1 
