140 140 0 0 14 14 16.0 16.0 1.0678992443743658 
138 138 0 0 17 17 16.0 14.142135623730951 1.0654680733443702 
134 137 0 0 16 14 13.038404810405298 16.0 1.072118594279455 
132 135 0 0 21 17 13.038404810405298 16.0 1.0738912776874752 
128 133 0 0 22 17 13.341664064126334 16.0 1.0795932731497444 
124 132 0 0 22 19 13.341664064126334 16.0 1.0858737850395281 
120 130 0 0 22 22 13.341664064126334 16.0 1.0868821885532545 
116 128 0 0 22 22 13.341664064126334 15.033296378372908 1.097207560799345 
112 127 0 0 25 26 15.033296378372908 15.033296378372908 1.1068255275480354 
108 126 1 0 19 26 15.033296378372908 15.033296378372908 1.1067578995045766 
104 124 2 0 16 20 15.033296378372908 15.033296378372908 1.1070972212767638 
100 123 2 0 15 19 15.033296378372908 15.033296378372908 1.1284018738170511 
92 122 3 0 13 23 13.341664064126334 15.033296378372908 1.131586991365324 
90 121 3 0 15 24 14.0 15.033296378372908 1.1442082828488214 
86 120 4 0 13 25 13.341664064126334 14.142135623730951 1.1442616636105905 
84 118 4 0 14 25 14.142135623730951 14.142135623730951 1.1432843988851837 
82 117 4 0 14 24 14.142135623730951 14.142135623730951 1.1362976175148145 
80 115 4 0 14 20 14.142135623730951 14.142135623730951 1.1369673610575273 
78 114 4 0 14 20 14.142135623730951 14.142135623730951 1.1425781294045978 
76 113 4 0 14 23 14.142135623730951 14.142135623730951 1.1432478729473106 
74 112 4 0 14 23 14.142135623730951 14.142135623730951 1.1485282195238562 
70 111 4 0 13 25 14.142135623730951 14.142135623730951 1.1491721431463577 
69 110 4 0 15 25 14.142135623730951 14.142135623730951 1.1596729949412719 
65 109 5 0 15 24 14.142135623730951 14.142135623730951 1.1587473700562876 
61 108 5 0 11 23 14.142135623730951 14.142135623730951 1.1569268075594334 
59 107 5 0 9 22 14.142135623730951 14.142135623730951 1.1571490822962112 
58 106 5 0 10 22 14.142135623730951 14.142135623730951 1.1549246862546023 
57 105 5 0 10 21 14.142135623730951 13.038404810405298 1.1720224848676999 
55 104 5 0 10 31 13.038404810405298 13.038404810405298 1.155114113746484 
53 102 5 0 10 21 12.0 13.038404810405298 1.1546790149225872 
51 100 5 0 10 21 11.045361017187261 13.038404810405298 1.1741015715193595 
50 99 6 0 10 27 11.045361017187261 13.038404810405298 1.1834353284292014 
48 98 6 0 15 31 10.198039027185569 13.038404810405298 1.1715200283872058 
46 96 6 0 19 23 9.486832980505138 13.038404810405298 1.17170787625241 
44 95 6 0 14 24 8.94427190999916 13.038404810405298 1.1847499754434057 
42 94 6 0 16 31 8.94427190999916 13.038404810405298 1.1788444490203898 
43 93 6 0 22 27 11.313708498984761 13.038404810405298 1.1762322285925106 
39 92 6 0 14 26 11.313708498984761 13.038404810405298 1.172907262541813 
37 90 6 0 15 24 9.899494936611665 13.038404810405298 1.1571513489317182 
33 84 6 0 9 18 8.48528137423857 12.0 1.1700254597307898 
32 83 7 0 13 19 8.48528137423857 12.0 1.1779447783709378 
30 82 8 0 11 18 8.48528137423857 12.0 1.1776915541197008 
29 81 8 0 11 18 7.0710678118654755 12.0 1.1774449591189962 
28 80 8 0 11 18 5.830951894845301 12.0 1.1850781680946019 
26 79 8 0 8 23 5.656854249492381 12.0 1.1811697577742255 
25 78 8 0 7 21 5.830951894845301 12.0 1.1885658103582726 
23 77 9 0 4 20 3.1622776601683795 12.0 1.1876051234509732 
22 76 9 0 3 20 2.8284271247461903 11.045361017187261 1 
