140 140 0 0 14 14 16.0 16.0 1.0622996382024072 
138 138 0 0 17 17 16.0 14.142135623730951 1.066496753490344 
134 137 0 0 16 19 13.341664064126334 16.0 1.0676140733015937 
132 136 0 0 21 19 13.341664064126334 16.0 1.0735775161534262 
128 135 0 0 22 23 14.142135623730951 16.0 1.072956295438272 
124 133 0 0 22 22 14.142135623730951 16.0 1.076492800186629 
120 132 0 0 22 24 14.142135623730951 16.0 1.077761579040946 
116 131 0 0 22 24 14.142135623730951 16.0 1.0870389337508262 
112 130 0 0 29 30 14.142135623730951 16.0 1.0775148116383506 
108 129 0 0 19 22 14.142135623730951 16.0 1.0916506437762499 
104 128 1 0 18 24 14.142135623730951 16.0 1.0855996457312576 
100 127 1 0 15 18 14.142135623730951 16.0 1.10728769483774 
99 126 2 0 14 28 14.142135623730951 16.0 1.1054484897986963 
97 125 2 0 15 26 14.142135623730951 16.0 1.1104162372556672 
91 124 3 0 14 19 12.649110640673518 16.0 1.1163418731066994 
89 123 3 0 14 24 12.649110640673518 16.0 1.1143304683285926 
87 122 3 0 14 22 12.649110640673518 16.0 1.1149645157690935 
85 120 3 0 14 23 12.649110640673518 16.0 1.1133308373155548 
83 118 3 0 14 22 12.649110640673518 16.0 1.1139648847560557 
81 116 3 0 14 23 12.649110640673518 16.0 1.1153487525801584 
79 115 3 0 14 24 13.038404810405298 16.0 1.1236493864827453 
75 114 4 0 12 21 12.649110640673518 16.0 1.1237431942342975 
74 110 4 0 14 23 12.649110640673518 16.0 1.1336140287511711 
72 108 4 0 15 32 13.038404810405298 16.0 1.132402457789955 
71 107 4 0 16 31 13.038404810405298 16.0 1.1349123717488065 
65 106 5 0 14 22 12.649110640673518 16.0 1.1470533422443696 
61 105 6 0 8 23 12.649110640673518 16.0 1.1443184437169374 
59 99 6 0 6 24 12.649110640673518 16.0 1.1458799612927122 
58 98 6 0 10 25 13.341664064126334 16.0 1.143608278413348 
54 96 6 0 7 23 13.341664064126334 16.0 1.148855238307889 
53 92 7 0 6 22 13.341664064126334 12.0 1.1452982334384372 
51 90 7 0 8 19 13.341664064126334 12.0 1.1499664241332144 
50 88 7 0 8 24 13.038404810405298 12.0 1.1502369075906769 
48 87 7 0 8 24 12.165525060596439 12.0 1.1459701689840562 
46 86 7 0 8 20 11.40175425099138 12.0 1.1456194711391063 
44 85 7 0 11 19 10.770329614269007 12.0 1.1433554901866865 
40 83 7 0 8 17 10.295630140987 12.0 1.1442613709627514 
39 82 7 0 8 18 8.94427190999916 12.0 1.1437934804958014 
38 80 7 0 11 18 7.615773105863909 12.0 1.143026973525352 
37 79 7 0 8 18 7.615773105863909 12.0 1.1448112252254625 
36 78 7 0 9 20 7.615773105863909 11.045361017187261 1.1434170841771853 
34 77 7 0 6 19 7.615773105863909 11.045361017187261 1.143167176423926 
33 76 7 0 6 19 7.615773105863909 11.045361017187261 1.1486075332184653 
32 75 7 0 6 24 6.324555320336759 11.045361017187261 1.150625351359246 
31 74 7 0 6 26 6.324555320336759 11.045361017187261 1.1469818634056284 
30 73 7 0 6 23 5.830951894845301 11.045361017187261 1.1403844936944691 
28 72 7 0 6 17 8.94427190999916 11.045361017187261 1.1425745115743131 
27 71 7 0 7 19 8.94427190999916 11.045361017187261 1.146971434609297 
25 67 8 0 4 16 8.94427190999916 10.0 1.1584547171925998 
24 66 9 0 3 17 8.94427190999916 10.0 1.1441484472210193 
23 65 9 1 3 17 7.615773105863909 10.0 1.142613426594376 
22 64 9 1 2 16 6.324555320336759 10.0 1.1420862138606178 
22 63 9 1 3 16 2.8284271247461903 10.0 1 
