140 140 0 0 14 14 16.0 16.0 1.1474359619207015 
139 139 0 0 19 17 16.0 13.038404810405298 1.1520116237600084 
135 138 0 0 22 16 13.341664064126334 15.033296378372908 1.1747374696479755 
131 136 0 0 25 24 13.341664064126334 15.033296378372908 1.1788713235404034 
127 135 0 0 25 24 13.038404810405298 16.0 1.172313562723392 
123 129 0 0 28 23 13.038404810405298 16.0 1.1986516793136337 
123 127 0 0 40 32 14.0 16.0 1.193175635890746 
117 126 0 0 40 27 13.038404810405298 16.0 1.1707031271123967 
111 120 0 0 37 20 13.038404810405298 16.0 1.1691193968805562 
110 119 0 0 42 18 12.165525060596439 16.0 1.1708522528640544 
104 118 0 0 39 17 12.165525060596439 16.0 1.1857465331775863 
103 117 0 0 47 21 12.649110640673518 16.0 1.2156392291545866 
97 116 1 0 42 29 12.649110640673518 16.0 1.2373198456267687 
87 115 2 0 25 35 12.649110640673518 16.0 1.2255813561156692 
87 114 2 0 34 28 12.649110640673518 16.0 1.234408070624417 
81 113 3 0 23 29 12.649110640673518 16.0 1.225610446938864 
73 112 3 0 18 23 12.649110640673518 16.0 1.234079629922098 
69 110 4 0 16 23 12.649110640673518 16.0 1.2311223684924446 
63 106 4 0 14 23 11.40175425099138 13.038404810405298 1.2319494453302238 
62 105 4 0 19 22 12.165525060596439 13.038404810405298 1.245957079093396 
60 104 4 0 24 26 12.165525060596439 13.038404810405298 1.2505532571095934 
56 102 5 0 20 25 12.165525060596439 13.038404810405298 1.2642416430333752 
52 101 6 0 16 27 12.165525060596439 13.038404810405298 1.2713418343278016 
51 100 6 0 20 29 11.045361017187261 13.038404810405298 1.263931331693427 
45 99 6 0 15 25 10.0 12.165525060596439 1.2685824899282896 
41 97 6 0 13 27 9.055385138137417 12.0 1.2899984677043064 
39 95 6 0 18 35 8.0 12.0 1.2923406505251196 
31 93 7 0 10 32 5.0990195135927845 12.0 1.289478051506676 
27 92 8 0 6 27 4.47213595499958 12.0 1.2881176992883905 
27 91 8 0 10 26 4.0 12.0 1.2999012230506322 
23 89 9 0 3 29 4.242640687119285 12.0 1.2821652964926487 
23 88 9 0 4 22 5.830951894845301 12.0 1.2755461283163656 
24 87 9 0 6 20 5.656854249492381 12.0 1.2735036284611894 
24 86 9 0 6 20 4.47213595499958 12.0 1.266808679068341 
24 85 9 0 6 18 5.656854249492381 12.0 1.2689258433847384 
24 84 9 0 6 20 4.47213595499958 11.045361017187261 1.2669543772754617 
24 83 9 0 6 20 5.656854249492381 11.045361017187261 1.2625501357784994 
24 82 9 0 6 19 4.47213595499958 11.045361017187261 1.2562099450452104 
24 80 9 0 6 18 5.656854249492381 11.045361017187261 1.2588909284736058 
24 79 9 0 6 20 4.47213595499958 11.045361017187261 1.256919462364329 
24 78 9 0 6 20 5.656854249492381 11.045361017187261 1.2383072769098253 
24 77 9 1 6 20 4.47213595499958 11.045361017187261 1.2363358108005487 
24 76 9 1 6 20 5.656854249492381 11.045361017187261 1.2295698276618008 
24 75 9 1 6 18 4.47213595499958 11.045361017187261 1.2279624977388315 
24 74 9 1 6 18 5.656854249492381 11.661903789690601 1.225919997883655 
24 73 9 1 6 18 4.47213595499958 11.661903789690601 1.2239485317743783 
24 72 9 1 6 18 5.656854249492381 11.661903789690601 1.221906031919202 
24 71 9 1 6 18 4.47213595499958 11.661903789690601 1.2199345658099254 
24 70 9 1 6 18 5.656854249492381 11.661903789690601 1.2155303243129632 
24 69 9 1 6 17 4.47213595499958 11.661903789690601 1.2135588582036865 
24 68 9 1 6 17 5.656854249492381 11.661903789690601 1.2115163583485102 
24 67 9 1 6 17 4.47213595499958 11.661903789690601 1.2119066338810194 
24 66 9 1 6 18 5.656854249492381 11.661903789690601 1.2098641340258431 
24 65 9 1 6 18 4.47213595499958 11.661903789690601 1.2055309262747804 
24 64 9 1 6 17 5.656854249492381 11.661903789690601 1.2011266847778184 
24 63 9 1 6 16 4.47213595499958 11.661903789690601 1.1990015718088 
24 62 9 1 6 16 5.656854249492381 11.40175425099138 1.1803893863542967 
24 61 9 2 6 16 4.47213595499958 11.40175425099138 1.1784179202450196 
24 60 9 2 6 16 5.656854249492381 11.40175425099138 1.1763754203898433 
24 59 9 2 6 16 4.47213595499958 11.40175425099138 1.1744039542805667 
24 58 9 2 6 16 5.656854249492381 11.40175425099138 1.1557917688260633 
24 57 9 3 6 16 4.47213595499958 11.40175425099138 1.1514065603934807 
24 56 9 3 6 15 5.656854249492381 11.313708498984761 1.1493640605383044 
24 55 9 3 6 15 4.47213595499958 11.313708498984761 1.145030852787242 
24 54 9 3 6 14 5.656854249492381 11.313708498984761 1.1410312443109483 
24 53 9 3 6 14 4.47213595499958 8.0 1.1401816384731318 
24 52 9 3 6 14 5.656854249492381 9.899494936611665 1.1341069002768556 
24 51 9 3 6 13 4.47213595499958 7.0710678118654755 1.1344971758093647 
24 50 9 3 6 14 5.656854249492381 7.0710678118654755 1.1324546759541885 
24 49 9 3 6 14 4.47213595499958 7.0710678118654755 1.1139135242455844 
24 48 9 4 6 14 5.656854249492381 7.0710678118654755 1.111871024390408 
24 47 9 4 6 14 4.47213595499958 7.0710678118654755 1.1051760749975597 
24 46 9 4 6 12 5.656854249492381 7.0710678118654755 1.1034552834118885 
24 45 9 4 6 12 4.47213595499958 7.615773105863909 1.1014838173026118 
24 44 9 4 6 12 5.656854249492381 7.615773105863909 1.0994413174474353 
24 43 9 4 6 12 4.47213595499958 7.615773105863909 1.0951081096963728 
24 42 9 4 6 11 5.656854249492381 7.615773105863909 1.0907038681994108 
24 41 9 4 6 10 4.47213595499958 7.615773105863909 1.09109414373192 
24 40 9 4 6 11 5.656854249492381 7.615773105863909 1.0890516438767437 
24 39 9 4 6 11 4.47213595499958 7.615773105863909 1.0681487505263536 
24 38 9 5 6 10 5.656854249492381 7.615773105863909 1.0627902176437054 
24 37 9 5 6 9 4.47213595499958 6.0 1.0610104370781799 
24 36 9 5 6 9 5.656854249492381 6.324555320336759 1.0613296788647895 
24 35 9 5 6 10 4.47213595499958 6.324555320336759 1.0404267855143996 
24 34 9 6 6 9 5.656854249492381 6.324555320336759 1.0336608023756517 
24 33 9 6 6 7 4.47213595499958 6.324555320336759 1.0309655228429548 
24 32 9 6 6 7 5.656854249492381 5.0990195135927845 1.0289230229877786 
24 31 9 6 6 7 4.47213595499958 5.0990195135927845 1.0036514050133762 
24 29 9 7 6 5 5.656854249492381 5.0990195135927845 1.0016089051582 
24 28 9 7 6 5 4.47213595499958 5.0990195135927845 0.9992671954933011 
24 27 9 7 6 5 5.656854249492381 4.47213595499958 0.9940893388874534 
24 26 9 7 6 4 4.47213595499958 3.1622776601683795 0.9897561311363909 
24 25 9 7 6 3 5.656854249492381 3.1622776601683795 0.9687822040401015 
24 24 9 8 6 2 4.47213595499958 3.1622776601683795 0.9661242853869318 
24 23 9 8 6 2 5.656854249492381 2.0 0.9670768077360063 
24 22 9 8 6 2 4.47213595499958 7.0710678118654755 0.9426474617479802 
24 21 9 9 6 0 5.656854249492381 5.0990195135927845 0.9779039458515696 
24 25 9 8 6 4 4.47213595499958 7.211102550927978 0.9650898755064249 
24 23 9 8 6 0 5.656854249492381 8.246211251235321 0.9690507403281785 
24 24 9 8 6 1 4.47213595499958 7.615773105863909 0.9650898755064249 
24 23 9 8 6 0 5.656854249492381 8.246211251235321 0.9701558065741712 
24 24 9 8 6 1 4.47213595499958 9.486832980505138 0.9650898755064249 
24 23 9 8 6 0 5.656854249492381 8.246211251235321 0.9883545104986006 
24 24 9 7 6 2 4.47213595499958 8.246211251235321 0.9650898755064249 
24 23 9 8 6 0 5.656854249492381 8.246211251235321 0.9769859916166002 
24 25 9 8 6 4 4.47213595499958 5.656854249492381 0.9698133587899965 
24 23 9 8 6 2 5.656854249492381 8.246211251235321 0.9488394316937071 
24 22 9 9 6 1 4.47213595499958 8.246211251235321 0.9438121727438304 
24 21 9 9 6 0 5.656854249492381 7.0710678118654755 0.9798282229484838 
24 26 9 8 6 4 4.47213595499958 7.0710678118654755 0.9718175355158806 
24 24 9 8 6 3 5.656854249492381 4.242640687119285 0.9488394316937071 
24 22 9 9 6 1 4.47213595499958 8.246211251235321 0.9438121727438304 
24 21 9 9 6 0 5.656854249492381 7.0710678118654755 0.9426119448750304 
24 21 9 9 6 0 4.47213595499958 5.0990195135927845 0.9675843530397102 
24 23 9 8 6 2 5.656854249492381 4.47213595499958 0.9426119448750304 
24 21 9 9 6 0 4.47213595499958 5.0990195135927845 0.9684860270287177 
24 23 9 8 6 3 5.656854249492381 2.0 0.9659120967401561 
24 22 9 8 6 2 4.47213595499958 5.0990195135927845 0.9415036030834727 
24 21 9 9 6 0 5.656854249492381 3.1622776601683795 0.9574307687244876 
24 24 9 9 6 4 4.47213595499958 4.0 0.9549645356150691 
24 23 9 9 6 4 5.656854249492381 3.1622776601683795 0.9503631187294934 
24 22 9 9 6 3 4.47213595499958 2.8284271247461903 0.9415036030834727 
24 21 9 9 6 0 5.656854249492381 3.1622776601683795 0.942797404114038 
24 21 9 9 6 1 4.47213595499958 1.4142135623730951 -1 
