140 140 0 0 14 14 16.0 16.0 1.4190735386957445 
139 138 0 0 19 17 16.0 13.038404810405298 1.433807002501037 
135 137 0 0 22 16 14.142135623730951 15.033296378372908 1.446835938494374 
131 135 0 0 25 17 14.142135623730951 14.0 1.4745152435352087 
127 133 0 0 25 21 15.033296378372908 15.033296378372908 1.495456104463442 
123 132 0 0 28 22 15.033296378372908 15.033296378372908 1.4997296499445365 
123 131 0 0 38 20 15.033296378372908 15.033296378372908 1.522766631326472 
117 130 0 0 41 20 14.0 15.033296378372908 1.5497617104505006 
113 129 0 0 39 24 14.0 15.033296378372908 1.5261316886663745 
111 128 0 0 40 19 14.0 15.033296378372908 1.5400386564281738 
107 127 0 0 37 21 14.0 15.033296378372908 1.5735452394810148 
101 125 0 0 32 27 14.0 15.033296378372908 1.5812019216925126 
101 124 0 0 41 26 14.142135623730951 15.033296378372908 1.573510388280536 
95 122 0 0 32 26 13.341664064126334 15.033296378372908 1.5807890397538367 
93 121 0 0 32 27 13.341664064126334 15.033296378372908 1.5847087172120773 
87 119 0 0 26 28 13.341664064126334 15.033296378372908 1.5965284852384585 
86 117 0 0 30 30 13.341664064126334 15.033296378372908 1.5612617811740077 
85 113 0 0 30 27 13.341664064126334 15.033296378372908 1.5334452821876903 
79 112 1 0 19 23 13.341664064126334 15.033296378372908 1.5862070132047785 
69 111 2 0 21 26 12.649110640673518 15.033296378372908 1.5712959383883636 
68 109 2 0 28 22 12.649110640673518 15.033296378372908 1.6068310810058772 
62 108 3 0 21 28 12.649110640673518 15.033296378372908 1.5724412757139938 
56 107 4 1 16 25 12.649110640673518 15.033296378372908 1.6266559429665164 
57 106 3 1 23 34 12.649110640673518 15.033296378372908 1.6458836138164572 
51 105 4 1 16 37 11.661903789690601 15.033296378372908 1.5902075537763014 
47 104 5 1 11 27 11.661903789690601 15.033296378372908 1.5772896791007376 
46 103 5 1 11 25 11.661903789690601 15.033296378372908 1.5646365907177304 
45 102 5 1 11 23 10.295630140987 15.033296378372908 1.5630622548969213 
43 101 5 1 12 22 10.0 15.033296378372908 1.5452893663746288 
39 95 5 1 11 23 9.899494936611665 14.0 1.5824008111766408 
38 94 5 1 19 27 8.246211251235321 14.0 1.5543807781125307 
37 93 5 1 18 23 7.615773105863909 13.038404810405298 1.5417131437681313 
36 92 5 1 18 21 6.324555320336759 13.038404810405298 1.5384726975846548 
35 91 5 1 20 20 6.324555320336759 13.038404810405298 1.4923133851749129 
29 87 6 1 11 15 7.211102550927978 13.038404810405298 1.4904454248128485 
27 86 6 1 9 15 4.47213595499958 13.038404810405298 1.501326814508126 
26 85 6 1 7 18 2.0 13.038404810405298 1.4903206870375485 
25 84 7 1 5 17 2.0 13.038404810405298 1.4863253026560932 
27 83 6 1 10 17 6.324555320336759 13.038404810405298 1.4823177089281283 
26 82 6 1 9 17 6.324555320336759 13.038404810405298 1.4867045330396973 
27 81 6 1 10 19 3.1622776601683795 13.038404810405298 1.4600856918989273 
26 80 6 1 9 15 6.324555320336759 13.038404810405298 1.4699721140879536 
27 79 6 1 10 18 3.1622776601683795 13.038404810405298 1.4543524691020977 
26 78 6 1 9 16 6.324555320336759 13.038404810405298 1.464238891291124 
27 77 6 1 10 19 3.1622776601683795 13.038404810405298 1.443119648227811 
26 76 6 1 9 16 6.324555320336759 13.038404810405298 1.44750647233938 
27 75 6 1 10 18 3.1622776601683795 13.038404810405298 1.426387229276067 
26 74 6 1 9 15 6.324555320336759 13.038404810405298 1.4417732495425504 
27 73 6 1 10 19 3.1622776601683795 13.038404810405298 1.4261536045566945 
26 72 6 1 9 17 6.324555320336759 13.038404810405298 1.4183383978682131 
27 71 5 1 10 17 6.324555320336759 13.038404810405298 1.4077024878517492 
28 70 5 1 12 16 6.324555320336759 13.038404810405298 1.372818190315976 
28 69 5 2 12 15 2.0 13.038404810405298 1.3420646161297718 
26 68 6 3 8 15 2.8284271247461903 13.038404810405298 1.3406493112123326 
27 67 6 3 10 16 2.0 12.165525060596439 1.335125395673113 
28 66 6 3 12 16 4.0 12.165525060596439 1.3308647563791915 
26 65 6 3 9 16 2.8284271247461903 12.165525060596439 1.3141323374274478 
26 63 6 3 9 15 2.8284271247461903 12.165525060596439 1.3086258080343274 
25 62 7 3 7 15 2.8284271247461903 12.165525060596439 1.2976703501877596 
25 61 7 3 7 14 2.0 12.165525060596439 1.2918933890825834 
25 60 7 3 7 14 2.8284271247461903 12.165525060596439 1.2864375293134729 
25 59 7 3 7 14 2.0 12.165525060596439 1.2806605682082968 
25 58 7 3 7 14 2.8284271247461903 12.165525060596439 1.275204708439186 
25 57 7 3 7 14 2.0 12.165525060596439 1.26942774733401 
25 56 7 3 7 14 2.8284271247461903 12.165525060596439 1.2584722894874423 
25 55 7 3 7 13 2.0 12.165525060596439 1.2526953283822662 
25 54 7 3 7 13 2.8284271247461903 12.165525060596439 1.2582386647680697 
25 53 7 3 7 15 2.0 12.165525060596439 1.2469621055854365 
25 52 7 3 7 14 2.8284271247461903 12.165525060596439 1.2223994482668687 
25 51 7 4 7 15 2.0 12.165525060596439 1.2111228890842358 
25 50 7 4 7 14 2.8284271247461903 12.165525060596439 1.2056670293151248 
25 49 7 4 7 14 2.0 12.165525060596439 1.1981933169166081 
25 48 7 4 7 14 2.8284271247461903 11.40175425099138 1.1907750403185013 
24 47 7 4 7 13 2.8284271247461903 11.40175425099138 1.149340085419852 
22 45 8 5 3 12 1.4142135623730951 11.40175425099138 1.1245438417872995 
21 43 9 5 1 10 1.4142135623730951 10.198039027185569 1 
