140 140 0 0 14 14 16.0 16.0 1.069678136940427 
138 139 0 0 17 17 16.0 14.142135623730951 1.0679622440367436 
134 137 0 0 16 15 12.165525060596439 16.0 1.0728357617487803 
132 136 0 0 21 16 13.038404810405298 16.0 1.0813479103847772 
128 135 0 0 22 19 13.038404810405298 16.0 1.0876633385781964 
124 134 0 0 22 21 13.038404810405298 16.0 1.0904938764267638 
120 133 0 0 22 21 13.038404810405298 16.0 1.0999892315112445 
116 132 0 0 29 23 13.038404810405298 16.0 1.1144084605075781 
108 131 1 0 21 24 12.649110640673518 16.0 1.1156851316996115 
106 130 1 0 22 24 12.649110640673518 16.0 1.1182286893344413 
102 126 2 0 16 22 12.649110640673518 16.0 1.121034410809994 
100 124 2 0 19 23 14.142135623730951 16.0 1.1192058110191465 
98 123 2 0 17 22 14.142135623730951 16.0 1.1233245187699883 
94 122 2 0 16 23 14.142135623730951 16.0 1.1286844778799605 
93 121 3 0 15 21 14.142135623730951 16.0 1.1207946479397126 
91 120 3 0 15 16 14.142135623730951 16.0 1.1239161882016422 
89 118 3 0 15 18 14.142135623730951 16.0 1.1227189434865972 
87 116 3 0 17 17 14.142135623730951 16.0 1.1274805050234822 
85 115 3 0 18 19 14.142135623730951 16.0 1.1317877912902157 
83 114 3 0 18 21 14.142135623730951 16.0 1.133166886379719 
81 112 3 0 18 22 14.142135623730951 16.0 1.1312450744044527 
80 108 3 0 22 22 14.142135623730951 16.0 1.1433351714781532 
79 107 3 0 26 28 14.142135623730951 16.0 1.1356363823839848 
75 106 3 0 22 23 14.142135623730951 16.0 1.1359836385208562 
74 105 3 0 27 22 14.142135623730951 16.0 1.1302974324976165 
73 103 3 0 29 19 14.142135623730951 16.0 1.1391455739574168 
69 101 4 0 24 19 14.0 16.0 1.1346728819282708 
68 99 4 0 21 18 14.0 16.0 1.1403707619947483 
66 97 4 0 19 22 14.0 16.0 1.1371678376832048 
62 95 4 0 16 20 14.0 16.0 1.1410437805999747 
58 94 5 0 9 17 13.341664064126334 16.0 1.1616130688069564 
54 93 6 0 8 22 13.341664064126334 16.0 1.170912193531932 
53 92 7 0 8 22 13.341664064126334 16.0 1.1655031829731932 
52 91 7 0 8 19 13.341664064126334 16.0 1.1662753196253 
50 90 7 0 8 19 12.165525060596439 16.0 1.1670498482230978 
48 89 7 0 8 19 11.045361017187261 16.0 1.1609296308067063 
46 85 7 0 8 18 10.0 12.0 1.1684749235143945 
44 84 7 0 12 21 11.40175425099138 11.045361017187261 1.1681732080752136 
40 83 7 0 9 20 10.770329614269007 11.045361017187261 1.1676119136717817 
39 82 7 0 12 19 10.770329614269007 11.045361017187261 1.1662375891510859 
37 81 7 0 11 18 10.770329614269007 11.045361017187261 1.1665101893797765 
36 80 7 0 12 18 10.770329614269007 11.045361017187261 1.1725031233346348 
32 79 8 0 6 16 8.246211251235321 11.045361017187261 1.1723214482931736 
31 78 8 0 6 16 8.246211251235321 11.045361017187261 1.1721397732517123 
30 77 8 0 6 16 8.246211251235321 11.045361017187261 1.1719311580605498 
29 76 8 0 6 16 7.615773105863909 11.045361017187261 1.1717321904656324 
28 75 8 0 6 16 7.211102550927978 11.045361017187261 1.1714915382420985 
27 74 8 0 6 16 5.830951894845301 11.045361017187261 1.17125179770269 
26 73 8 0 6 16 4.47213595499958 11.045361017187261 1.174100756998014 
26 72 8 0 8 18 4.0 10.198039027185569 1.1682772250368596 
22 71 9 1 2 18 4.47213595499958 10.198039027185569 1.1672137877086892 
21 70 9 1 0 18 5.0990195135927845 10.198039027185569 1.1663248562862996 
21 69 9 1 1 18 1.4142135623730951 10.198039027185569 1 
