140 140 0 0 14 14 16.0 16.0 0.9847175777925943 
138 139 0 0 17 17 16.0 14.142135623730951 0.9923030008685614 
134 137 0 0 16 20 12.649110640673518 16.0 0.9916303544269667 
132 135 0 0 16 19 13.038404810405298 16.0 0.9891976374877534 
130 134 0 0 16 16 14.142135623730951 15.033296378372908 0.992778864680486 
128 133 0 0 16 20 15.033296378372908 15.033296378372908 0.9957605953484701 
126 131 0 0 14 22 15.033296378372908 15.033296378372908 0.9944467850777199 
125 129 0 0 14 21 15.033296378372908 15.033296378372908 0.9948328084809704 
123 128 0 0 15 21 15.033296378372908 15.033296378372908 0.9930595715764005 
121 126 0 0 15 19 15.033296378372908 14.142135623730951 0.9922649735566963 
120 125 0 0 14 17 15.033296378372908 14.142135623730951 0.9952708585925999 
119 123 0 0 14 21 14.0 14.142135623730951 0.9971805242316479 
117 122 0 0 15 23 14.0 14.142135623730951 0.9943016639183896 
115 120 0 0 16 19 13.038404810405298 14.142135623730951 0.9953450242695345 
113 118 0 0 16 20 13.038404810405298 14.142135623730951 0.9969075968717257 
111 117 0 0 15 20 13.038404810405298 14.142135623730951 0.9965317991570773 
109 116 0 0 16 19 13.038404810405298 14.142135623730951 0.9970290142309404 
107 115 0 0 16 19 13.038404810405298 13.341664064126334 1.0002887755873573 
105 114 0 0 16 22 13.038404810405298 13.341664064126334 1.0025086851374427 
103 112 0 0 14 23 13.038404810405298 13.341664064126334 1.001626196831908 
102 110 0 0 14 22 12.165525060596439 13.341664064126334 1.0026004948346288 
100 109 0 0 14 22 12.165525060596439 13.341664064126334 1.0048592181252325 
98 108 0 0 15 25 12.165525060596439 12.649110640673518 1.0048264412234271 
97 107 0 0 14 24 12.165525060596439 12.649110640673518 1.0070443672989384 
96 106 0 0 14 26 11.045361017187261 12.649110640673518 1.0066685695842903 
94 105 0 0 15 25 11.045361017187261 12.649110640673518 1.017516410137664 
90 104 0 0 14 35 11.045361017187261 12.649110640673518 1.0047018327714525 
86 96 0 0 16 23 11.045361017187261 12.165525060596439 0.9950243223351681 
84 95 0 1 15 25 11.045361017187261 12.165525060596439 1.0074544305841069 
83 94 1 1 15 25 11.045361017187261 12.165525060596439 1.005031706158601 
82 92 1 1 13 21 11.045361017187261 12.165525060596439 1.0094393120361673 
78 90 1 1 14 25 11.045361017187261 12.165525060596439 1.0211075991672074 
77 89 2 1 14 24 11.045361017187261 12.165525060596439 1.0401643592187595 
71 88 3 1 15 28 11.045361017187261 12.165525060596439 1.040029743066725 
69 87 3 1 13 25 11.045361017187261 12.165525060596439 1.0312466774055833 
68 81 4 2 15 20 11.045361017187261 12.165525060596439 1.0315282166388295 
66 79 4 2 15 20 11.045361017187261 12.165525060596439 1.0319792141338275 
64 77 4 2 13 18 10.0 12.165525060596439 1.0317364818229566 
62 76 4 2 13 17 10.0 11.40175425099138 1.0309418838032525 
61 75 4 2 12 15 10.0 11.40175425099138 1.0479844940457521 
57 74 5 2 11 17 10.0 11.40175425099138 1.048958792048473 
55 73 5 2 11 17 10.0 11.40175425099138 1.0489260151466675 
54 72 5 2 10 16 10.0 11.40175425099138 1.049655059362761 
53 71 5 2 9 16 10.0 11.40175425099138 1.051145924696753 
52 70 5 2 8 17 10.0 11.40175425099138 1.070617412829347 
46 69 6 2 7 20 10.0 11.40175425099138 1.0704631302486238 
45 68 6 2 7 19 9.055385138137417 11.40175425099138 1.0751767541413764 
41 67 6 2 7 22 9.486832980505138 11.40175425099138 1.073818643715572 
40 66 6 2 8 20 8.246211251235321 11.40175425099138 1.0745476879316653 
39 65 6 2 7 20 8.246211251235321 11.40175425099138 1.0712814226649938 
37 64 6 2 7 16 9.899494936611665 10.770329614269007 1.0722945536976196 
36 63 6 2 8 17 8.48528137423857 10.770329614269007 1.0715381537755742 
35 62 6 2 8 16 7.211102550927978 9.486832980505138 1.0721873600374354 
34 61 6 2 7 15 5.830951894845301 9.486832980505138 1.0727428577351001 
33 60 6 2 5 14 5.830951894845301 9.486832980505138 1.072144213888368 
32 59 6 2 5 14 5.830951894845301 8.246211251235321 1.072284983504991 
31 58 6 2 5 14 5.830951894845301 8.246211251235321 1.0847150917539299 
30 57 7 2 5 14 5.830951894845301 8.246211251235321 1.088401040219981 
29 56 7 2 4 17 4.47213595499958 8.246211251235321 1.0898919055539733 
28 55 7 2 3 18 4.47213595499958 8.246211251235321 1.0835957169442794 
27 51 7 2 3 12 4.47213595499958 8.602325267042627 1.083795748281156 
26 50 7 2 3 12 3.1622776601683795 7.615773105863909 1.084698339015678 
25 49 7 2 3 13 3.1622776601683795 7.615773105863909 1.0939766786230174 
24 47 8 2 2 9 3.1622776601683795 7.615773105863909 1.0948706906586276 
23 46 8 2 1 9 2.8284271247461903 7.615773105863909 1.095710275172825 
22 45 8 2 1 9 1.4142135623730951 7.615773105863909 1.0941441346992735 
21 44 9 3 0 9 5.0990195135927845 7.615773105863909 1.082751057570066 
21 42 9 4 1 11 1.4142135623730951 7.615773105863909 1 
