140 140 0 0 14 14 16.0 16.0 1.0471346130674777 
138 138 0 0 17 17 16.0 14.142135623730951 1.056047008375319 
134 137 0 0 16 21 13.038404810405298 16.0 1.0577756007196149 
132 133 0 0 16 25 13.038404810405298 16.0 1.05818715538952 
130 131 0 0 16 26 14.142135623730951 16.0 1.0609965329704527 
128 130 0 0 16 28 14.142135623730951 16.0 1.0685577076104806 
126 128 0 0 14 35 14.142135623730951 16.0 1.056996619434681 
124 124 0 0 16 27 14.142135623730951 16.0 1.0579176667899695 
122 123 0 0 15 27 14.142135623730951 16.0 1.0487442595819882 
120 121 0 0 16 19 14.142135623730951 16.0 1.0523753210778533 
118 120 0 0 17 22 14.142135623730951 16.0 1.052806443641584 
116 119 0 0 18 22 14.142135623730951 16.0 1.054549174911805 
114 118 0 0 18 23 14.142135623730951 16.0 1.0573585524927378 
112 117 0 0 18 25 14.142135623730951 16.0 1.079452131944985 
102 116 1 0 21 29 14.0 15.033296378372908 1.0968141461671286 
94 115 2 0 16 28 15.033296378372908 15.033296378372908 1.096423584815927 
92 114 2 0 16 27 15.033296378372908 15.033296378372908 1.0938950178679936 
90 112 2 0 16 25 15.033296378372908 15.033296378372908 1.09399438130835 
88 111 2 0 14 24 15.033296378372908 15.033296378372908 1.0985133573079162 
87 109 2 0 13 29 14.142135623730951 15.033296378372908 1.0974940362297287 
86 108 2 0 12 28 14.142135623730951 15.033296378372908 1.0950594205576094 
85 106 2 0 12 28 14.142135623730951 13.341664064126334 1.0930069117761694 
84 105 2 0 11 26 14.0 13.341664064126334 1.0970758598557602 
83 104 2 0 11 30 14.0 13.341664064126334 1.0920328648858193 
79 103 2 0 11 23 14.0 13.341664064126334 1.0969755350881751 
77 102 2 0 11 27 14.0 13.341664064126334 1.1021445639973675 
75 101 2 0 11 31 13.038404810405298 13.341664064126334 1.0945183019410387 
73 97 2 0 10 26 13.038404810405298 13.341664064126334 1.1019618318556614 
71 95 3 0 12 23 13.038404810405298 13.341664064126334 1.1017720326953424 
69 93 3 0 12 23 12.165525060596439 13.341664064126334 1.1001040546947585 
65 91 3 0 12 20 11.40175425099138 13.341664064126334 1.0974797569521855 
64 90 3 0 10 17 10.198039027185569 13.341664064126334 1.0982137254845135 
62 89 3 0 11 18 10.0 12.165525060596439 1.0985060131128164 
61 88 3 0 9 18 10.0 12.165525060596439 1.1203242185224145 
55 87 4 0 8 24 10.0 11.40175425099138 1.133454731777347 
51 86 5 0 7 23 10.0 11.40175425099138 1.1357714369115348 
49 85 5 0 6 24 8.602325267042627 11.40175425099138 1.1390187010761932 
48 84 5 0 5 27 8.602325267042627 11.40175425099138 1.134309516274313 
47 83 5 0 6 23 8.602325267042627 11.40175425099138 1.1409996307221983 
43 82 5 0 6 27 8.602325267042627 11.40175425099138 1.1547089165409707 
42 81 6 0 5 29 8.602325267042627 11.40175425099138 1.1531990603141578 
41 80 6 0 5 28 8.602325267042627 11.045361017187261 1.1487348379080566 
40 79 6 0 5 24 8.602325267042627 11.045361017187261 1.1442706155019557 
39 78 6 0 5 20 8.602325267042627 11.045361017187261 1.1620015241677946 
38 77 7 0 5 26 8.602325267042627 11.045361017187261 1.1606531916214193 
37 76 7 0 4 25 10.0 11.045361017187261 1.160867569972631 
36 75 7 0 3 25 8.48528137423857 10.770329614269007 1.1606699328093757 
35 74 7 0 3 25 8.48528137423857 10.770329614269007 1.156293652702355 
34 73 7 0 4 21 7.0710678118654755 10.770329614269007 1.1559466411137274 
33 72 7 0 3 21 7.0710678118654755 10.198039027185569 1.1600256809954055 
31 71 7 0 5 25 8.94427190999916 10.295630140987 1.1671016438191841 
29 70 7 0 5 31 8.94427190999916 10.295630140987 1.1620798312145542 
27 69 7 0 3 26 8.94427190999916 9.055385138137417 1.1570919829270854 
26 68 8 1 3 23 7.211102550927978 9.055385138137417 1.156317624244677 
25 67 8 1 1 22 7.211102550927978 9.055385138137417 1.1546041569296197 
24 65 8 1 1 21 5.830951894845301 9.486832980505138 1.1536597375963034 
23 64 8 1 1 20 4.47213595499958 9.486832980505138 1.141310159514856 
22 63 8 2 1 21 3.1622776601683795 9.486832980505138 1.15750633568277 
21 62 9 2 0 25 3.1622776601683795 10.0 1.1534015679017113 
21 61 9 2 1 22 1.4142135623730951 10.0 1 
