140 140 0 0 14 14 16.0 16.0 0.9809652697488979 
138 138 0 0 17 17 16.0 14.142135623730951 0.98753983452126 
134 136 0 0 16 19 13.341664064126334 16.0 0.9908326588962812 
132 135 0 0 16 22 13.341664064126334 16.0 0.9903944556117175 
130 133 0 0 16 21 13.341664064126334 16.0 0.9929259032025937 
128 132 0 0 16 23 13.341664064126334 16.0 0.9951242979442801 
126 131 0 0 14 23 13.341664064126334 16.0 0.9970361045324814 
125 129 0 0 14 26 13.038404810405298 16.0 0.9989727017638073 
123 128 0 0 15 28 13.038404810405298 16.0 0.9946517582973768 
121 127 0 0 15 21 13.038404810405298 16.0 0.9961695721908631 
120 126 0 0 14 22 13.038404810405298 16.0 0.9953206450417028 
119 124 0 0 14 21 12.165525060596439 16.0 0.9945538529500113 
117 122 0 0 15 21 12.0 15.033296378372908 0.9930016640752386 
115 120 0 0 16 20 13.038404810405298 15.033296378372908 0.997055865234405 
113 119 0 0 16 24 13.038404810405298 15.033296378372908 0.9978980328323961 
111 118 0 0 15 23 13.038404810405298 15.033296378372908 0.996864979188282 
109 116 0 0 16 22 13.038404810405298 15.033296378372908 0.997873673210868 
107 115 0 0 16 22 13.038404810405298 15.033296378372908 0.9996437440175989 
105 114 0 0 16 23 13.038404810405298 15.033296378372908 1.0010807619751403 
103 113 0 0 14 22 13.038404810405298 15.033296378372908 1.00366480446102 
97 111 0 0 15 22 13.038404810405298 14.142135623730951 1.0040962481944142 
96 110 0 0 14 21 12.165525060596439 14.142135623730951 1.0060328454257401 
94 109 0 0 15 23 12.165525060596439 14.142135623730951 1.008906886462922 
93 108 0 0 13 25 12.165525060596439 14.142135623730951 1.0093965863870982 
91 106 0 0 14 26 12.165525060596439 14.142135623730951 1.0081260846099536 
87 105 0 0 13 20 12.165525060596439 14.142135623730951 0.9898152872811845 
86 99 0 1 13 17 12.165525060596439 14.142135623730951 0.9908239813037703 
84 98 0 1 13 17 12.165525060596439 14.142135623730951 0.9909855680535611 
83 97 0 1 13 17 12.165525060596439 14.142135623730951 0.994753000006372 
77 96 0 1 15 17 11.045361017187261 14.142135623730951 0.9999111713959891 
76 95 0 1 13 22 11.045361017187261 14.142135623730951 1.0139789726134352 
74 94 1 1 13 23 11.045361017187261 14.142135623730951 1.0134649130677307 
72 93 1 1 13 21 11.045361017187261 14.142135623730951 1.0147439630611232 
71 92 1 1 12 21 10.0 14.142135623730951 1.0184233032711665 
70 91 1 1 12 25 9.055385138137417 14.142135623730951 1.0140166293160864 
69 90 1 1 12 19 9.055385138137417 14.142135623730951 1.0157009696341672 
68 89 1 1 12 21 9.055385138137417 14.142135623730951 1.0167558628272662 
67 88 2 2 11 22 9.055385138137417 14.142135623730951 1.0142330403119468 
66 87 2 2 10 17 8.0 14.142135623730951 1.0154082607591273 
64 86 2 2 11 18 8.0 14.142135623730951 1.0162405541296091 
63 84 2 2 10 19 8.0 14.142135623730951 1.0136395121208788 
62 83 2 2 10 16 8.0 13.341664064126334 1.032189843554546 
61 82 3 2 10 24 8.0 13.341664064126334 1.0285830434352219 
59 80 3 2 10 19 8.246211251235321 13.341664064126334 1.029339480544563 
58 79 3 2 9 19 8.246211251235321 13.341664064126334 1.0292189751902872 
57 78 3 2 8 18 7.0710678118654755 12.165525060596439 1.023835355397215 
56 72 3 2 9 16 7.0710678118654755 12.165525060596439 1.0267047903899862 
52 71 3 2 10 17 7.0710678118654755 12.165525060596439 1.040258537183827 
51 70 4 2 12 20 7.0710678118654755 12.165525060596439 1.0422904055009183 
49 69 4 2 9 19 7.0710678118654755 12.165525060596439 1.0460923497468402 
48 68 4 2 8 23 7.0710678118654755 12.165525060596439 1.0461632663331768 
47 66 4 2 7 23 7.0710678118654755 12.165525060596439 1.044893875108256 
46 65 4 2 7 22 7.0710678118654755 11.045361017187261 1.0410985220327318 
45 63 4 2 7 17 6.0 11.045361017187261 1.0408874795589562 
43 62 4 2 8 17 6.0 10.0 1.0523612084074119 
41 61 5 2 10 16 6.0 10.198039027185569 1.0540966824487108 
39 60 6 3 8 16 6.0 10.198039027185569 1.054938850046702 
37 59 6 3 7 15 6.0 10.198039027185569 1.0534968872922574 
35 58 6 3 6 11 6.0 10.198039027185569 1.0542533244015986 
34 57 6 3 5 11 6.0 10.198039027185569 1.0559376647196794 
33 56 6 3 5 13 6.0 10.198039027185569 1.0561245453259034 
32 55 6 3 5 13 5.0990195135927845 9.486832980505138 1.056286132075694 
31 54 6 3 5 13 5.0990195135927845 9.486832980505138 1.0699351499553005 
30 53 7 3 3 13 5.0990195135927845 9.486832980505138 1.0701165062292555 
29 52 7 3 3 14 5.0990195135927845 8.246211251235321 1.0700661548559804 
28 51 7 3 3 13 4.0 8.246211251235321 1.0702277416057713 
27 50 7 3 3 13 4.0 8.246211251235321 1.0709841787151122 
26 49 7 3 2 13 4.0 8.246211251235321 1.0715645724424503 
25 48 7 3 2 13 3.1622776601683795 8.246211251235321 1.0716661651392811 
24 47 7 3 1 13 4.47213595499958 8.246211251235321 1.07060345440454 
23 46 8 4 1 12 4.47213595499958 8.246211251235321 1.071046490287764 
22 45 8 4 0 12 5.0990195135927845 8.246211251235321 1.0703575076226375 
22 44 8 4 1 12 3.1622776601683795 7.615773105863909 1.0826502983585482 
21 43 9 4 0 11 3.1622776601683795 7.615773105863909 1.0814824696582495 
21 42 9 4 1 10 1.4142135623730951 7.615773105863909 1 
