140 140 0 0 14 14 16.0 16.0 1.220360133123763 
139 138 0 0 19 17 16.0 13.038404810405298 1.256924026518132 
135 137 0 0 22 22 14.0 15.033296378372908 1.287064717632167 
131 135 0 0 25 27 14.0 15.033296378372908 1.3004025146791176 
127 134 0 0 25 28 13.038404810405298 16.0 1.3102111883297909 
123 132 0 0 28 28 13.038404810405298 16.0 1.3423321693871721 
122 131 0 0 37 32 13.038404810405298 16.0 1.356753436559524 
110 130 1 0 28 31 12.165525060596439 16.0 1.3408215819756537 
104 128 1 0 25 26 13.038404810405298 16.0 1.3532214356132415 
100 126 1 0 25 28 13.038404810405298 16.0 1.3502545940670836 
99 124 1 0 28 27 13.038404810405298 16.0 1.382536821403512 
93 123 2 0 19 35 13.038404810405298 15.033296378372908 1.4023139128420534 
92 122 2 0 28 36 14.0 15.033296378372908 1.3737852840819094 
90 120 2 0 31 28 14.0 15.033296378372908 1.4133251499766804 
80 119 3 0 19 36 14.0 15.033296378372908 1.4056707462356 
79 118 3 0 24 32 13.038404810405298 15.033296378372908 1.4196771546227067 
75 116 3 0 27 33 12.165525060596439 15.033296378372908 1.4200622615943737 
71 115 3 0 28 31 12.165525060596439 14.0 1.4123880471055452 
63 114 4 0 20 27 12.165525060596439 14.0 1.4256898571496408 
62 113 4 0 21 30 12.0 14.0 1.4317108024281344 
54 112 4 0 18 28 11.045361017187261 14.0 1.4321720124204822 
53 111 4 0 23 26 10.198039027185569 14.0 1.4700670268920788 
47 110 5 0 23 31 10.198039027185569 14.0 1.4757220114475924 
41 109 5 0 17 32 9.486832980505138 13.038404810405298 1.4793811306294449 
37 107 6 0 10 34 9.486832980505138 13.341664064126334 1.4790959265248573 
37 106 6 0 14 33 9.055385138137417 13.341664064126334 1.483618960865252 
36 105 7 0 17 32 9.055385138137417 13.341664064126334 1.474311452901444 
32 104 7 0 12 30 8.246211251235321 13.341664064126334 1.4677585233742438 
30 102 7 0 7 31 7.211102550927978 13.341664064126334 1.4742147445551117 
28 101 8 0 5 32 6.324555320336759 13.341664064126334 1.4409882690079208 
27 100 8 0 5 24 5.830951894845301 13.341664064126334 1.4298797994655212 
25 99 8 0 5 21 3.1622776601683795 12.165525060596439 1.4582193108470491 
23 98 9 0 4 27 4.242640687119285 12.165525060596439 1.4802137878329213 
22 97 9 0 3 33 2.8284271247461903 12.165525060596439 1 
