-0.0005127547816098696 
-0.0005175762927227032 
-0.0005150494291666317 
-0.0005092695325473211 
-0.0005074249662561329 
-0.0005031438871220945 
-0.0004999353098684166 
-0.0004976320450229527 
-0.000494136752868911 
-0.000491104666847103 
-0.00048708378366189706 
-0.000484589961172223 
-0.00048110376625763203 
-0.0004782694392049766 
-0.00047439122686006324 
-0.0004710022657473196 
-0.00046624972924442197 
-0.0004626589025722771 
-0.0004615333081433694 
-0.0004580365367864814 
-0.00045581966013853346 
-0.0004544131012002567 
-0.00045114760316333356 
-0.00044837893967728475 
-0.0004448386603884185 
-0.00044038475988997976 
-0.000435097408330391 
-0.00043107280039282505 
-0.0004269012861985011 
-0.00042197818183279035 
-0.0004152978470931712 
-0.0004121653174846002 
-0.0004076193891980432 
-0.0004031717734065023 
-0.000398237963801366 
-0.0003954643282113015 
-0.0003915659710667779 
-0.00038880921825740265 
-0.00038725973424268156 
-0.0003837821697494595 
-0.0003786263667412204 
-0.0003757541441764787 
-0.0003733573994119816 
-0.0003696806643641095 
-0.00040257635705500365 
-0.00039839881550728416 
-0.00042680359841314685 
-0.00042262585444472064 
-0.00042088490870851973 
-0.00041448589608461626 
-0.00041067119523700005 
-0.0004299608497830154 
-0.0004251288882920224 
-0.000418866359449258 
-0.00041501425122253524 
-0.0004103564300430081 
-0.00042424388640340406 
-0.00041946910038969374 
-0.00041464474760110774 
-0.0004110981382046506 
-0.00040508350462798906 
-0.0003988775151045802 
-0.00039329876973877976 
-0.00038775581435988626 
-0.00038329815975825444 
-0.00038164501292257757 
-0.00037513709345748155 
-0.0003715579747104824 
-0.00036619340920428727 
-0.00036110633208194325 
-0.00035556359124644165 
-0.0003502294003576837 
-0.00034597301073874536 
-0.0003429600288850608 
-0.0003373457675858116 
-0.0003327020074577983 
-0.000328686276362773 
-0.0003282960608519346 
-0.0003209743490496169 
-0.00031974658098625784 
-0.0003165322121502132 
-0.00032260500967378614 
-0.00031935733432625184 
-0.00031161279140416856 
-0.0003077845047088436 
-0.0002984876088380872 
-0.00029485308438828204 
-0.00028892378449805046 
-0.00028407548272841324 
-0.0002756397424079336 
-0.00026668044868853445 
-0.00026158580228194335 
-0.00025229194160117634 
-0.00024727874192473104 
-0.00024045458130275696 
-0.00024037780992942136 
-0.0002353991672237257 
-0.00022782537460001878 
-0.0002272440112221232 
-0.0002217672054024115 
-0.00021535459984524003 
-0.00021018920315207579 
-0.00020772037392268204 
-0.00020430440108375696 
-0.00019886797848440549 
-0.0001950688741042066 
-0.00019203754305236107 
-0.00018661068704838108 
-0.0001833206640982443 
-0.00017739822522316255 
-0.00017207117360721518 
-0.00016809551412443868 
-0.0001650780133180319 
-0.00015783693123966086 
-0.00015007743138483744 
-0.00014671550223540307 
-0.0001432500792815259 
-0.0001384068726909959 
-0.00013339931984106683 
-0.00012931538097951643 
-0.00012582794405793966 
-0.00012123837809399294 
-0.00012053857134844569 
-0.00013346016274051465 
-0.00013021960758593794 
-0.0001245139895754094 
-0.00011669261001662882 
-0.0001374545138256122 
-0.00012975064795489496 
-0.00012761777579053707 
-0.00012400577497661674 
-0.0001206560424395232 
-0.0001127176692095037 
-0.00010337336353491397 
-9.888065233577553e-05 
-9.872483155318303e-05 
-9.287069160230121e-05 
-8.393776883626664e-05 
-8.231788105866331e-05 
-7.597860461549234e-05 
-6.833578722629918e-05 
-6.26044847024282e-05 
-6.0721330296897374e-05 
-5.5968930552776975e-05 
-5.144760026962489e-05 
-4.696893247197977e-05 
-4.3027324953645426e-05 
-3.8814414017683504e-05 
-3.826771776322577e-05 
-3.3483580280669935e-05 
-2.8935031069612632e-05 
-2.3218121793617126e-05 
-2.240476715067596e-05 
-1.998689277261227e-05 
-9.970028185460614e-06 
-3.1965516474404314e-07 
1.1983014684187001e-05 
-7.936996565964452e-05 
-7.319320261518445e-05 
-7.29823819998966e-05 
-6.512549737737008e-05 
-6.355227472808147e-05 
-5.672292197847979e-05 
-4.8362517273962605e-05 
-3.8282583180372216e-05 
-3.7672834025125914e-05 
-2.758427398786273e-05 
-2.0151026105511616e-05 
-1.0671305916525596e-05 
7.448525106641814e-07 
9.220986116241786e-06 
1.788523241680925e-05 
2.5634578976490976e-05 
-1.6224848305504586e-05 
-9.125756309535793e-06 
7.385802576589736e-07 
9.095654509512045e-06 
2.1629756447694352e-05 
2.952126517273382e-05 
3.920162582911794e-05 
4.517744377009571e-05 
1.619763754488141e-05 
1.778257889043147e-05 
1.7774436412522923e-05 
2.7838744656239347e-05 
3.9070314675121616e-05 
4.6423159111145855e-05 
1.3361874636915568e-05 
2.404872055540856e-05 
3.0037720727060292e-05 
3.9163352774502926e-05 
4.484302786302017e-05 
-1.145561859364486e-05 
-6.893708463712916e-08 
4.858618289350956e-07 
1.3591620438617235e-05 
2.3246843674393748e-05 
3.5894703122646104e-05 
-3.219466654987758e-05 
-2.749354140275267e-05 
-1.49792421311185e-05 
-3.8481112271074837e-07 
1.1566122073775954e-05 
-5.372021035887746e-06 
5.260926182793958e-06 
1.603530794314479e-05 
2.493898951556919e-05 
-2.826587034129873e-05 
-2.268221339944149e-05 
-1.5063994315260656e-05 
-3.8158983969327996e-05 
-3.0747600930016274e-05 
-2.1328756620081197e-05 
-1.0604649830265169e-05 
-1.8476420984430668e-06 
-1.2743800143618537e-06 
-5.932486296315623e-07 
6.948901046696435e-06 
1.2384582766155494e-05 
-8.745478589002935e-06 
8.874376443712372e-07 
1.1826313383618914e-05 
-1.4326465788976432e-05 
-4.64283228460755e-06 
6.259109811969855e-07 
9.24515749430508e-06 
1.865534426025822e-05 
3.069091058380912e-05 
3.87555673842089e-05 
3.8077772497388846e-05 
4.710947904185904e-05 
6.111194170302093e-05 
7.001142473236713e-05 
3.9510046029972503e-05 
5.244179198405058e-05 
6.311990019711683e-05 
7.605283311095877e-05 
7.56854458386525e-05 
8.032525298500155e-05 
3.263386462212049e-05 
4.273242331399137e-05 
5.3616298850670484e-05 
6.193007678794068e-05 
7.477745084908362e-05 
3.490027675425518e-05 
3.484107413092876e-05 
3.539393767715774e-05 
4.744147416258394e-05 
5.217400023089807e-05 
1.2046464772736229e-05 
2.2502496839026107e-05 
3.079483825169624e-05 
3.730373494865732e-05 
4.3581143181052045e-05 
1.0991661433546018e-05 
2.4047228988314952e-05 
3.0442890437717722e-05 
-2.760051626744925e-05 
-2.6427870274026854e-05 
-1.5373517322996446e-05 
-1.4964950623406486e-05 
-1.7960877276678638e-06 
1.0741967441805685e-05 
1.0619258237895368e-05 
2.6229796253719534e-05 
2.934351474444057e-05 
-1.997497542321839e-06 
1.1516242433661593e-07 
5.51732695279311e-06 
1.5572103657948154e-05 
3.153603038883572e-05 
3.949645959327259e-05 
4.42818630320674e-05 
-1.2316062189777656e-05 
4.0034047794277094e-06 
1.2093129183163879e-05 
2.3287615746601414e-05 
2.3037773315809815e-05 
3.312036650921978e-05 
4.94242723865349e-06 
1.9489757686250962e-05 
3.727718085596817e-05 
5.072568792845776e-05 
6.351392221150365e-05 
7.329489773866525e-05 
2.9979171516831366e-05 
-3.992131249316707e-06 
9.53275444956639e-06 
1.0045034501810449e-05 
1.8624750117156473e-05 
3.547387247611858e-05 
3.9923126225161295e-05 
4.721005181208106e-05 
-7.033192556184557e-06 
1.0452190496057833e-05 
3.0942436549584835e-05 
-1.8127362241366545e-06 
-1.6358649913968993e-06 
9.734027818449174e-06 
-2.6699532472474163e-05 
-1.8889621847379333e-05 
-1.4057224687989812e-05 
1.7838219999122698e-06 
-1.2552427652968867e-05 
-1.1698654258446953e-05 
8.498483862301638e-06 
1.3817448114782569e-05 
-1.7517948803788204e-05 
-2.6500009968326163e-06 
7.354969703020328e-06 
1.3843537604870085e-05 
3.133523473608918e-05 
4.0453325590589036e-05 
8.790865216324326e-06 
2.8730489359432897e-05 
4.7274089433603937e-05 
5.485299489776683e-05 
-9.257635978205522e-07 
1.9969639290773606e-05 
3.193987588274365e-05 
4.272792109471982e-05 
3.282201069249347e-06 
-4.795939369699891e-05 
-3.716344012415559e-05 
-3.5965593684186094e-05 
-1.7365790322059763e-05 
4.7337994165115375e-06 
1.4696890833950063e-05 
3.2876553650262824e-05 
4.014402006428819e-05 
8.989316494221411e-06 
-2.6055842868125962e-05 
-2.0553989026936878e-05 
-1.0086743470751785e-05 
1.4935925484000651e-06 
-5.114416630433731e-05 
-4.3253273170878795e-05 
-2.8743865931557435e-05 
-2.5627537785310808e-05 
-2.1186166696705325e-05 
-1.6682687903901448e-05 
-6.2060595561672196e-06 
2.625618020166729e-06 
-4.8940257550545e-05 
-3.722385452264801e-05 
-3.64227798405846e-05 
-6.7957227614324e-05 
-9.453271082544384e-05 
-8.337553755645495e-05 
-8.289534452672209e-05 
-0.00010808131321905848 
-9.047553416916005e-05 
-9.010169438285133e-05 
-8.107424243767188e-05 
-0.00010494334872872132 
-0.00010524580089281324 
-0.00010453401906105026 
-0.00010336453764807266 
-0.00010322569866068008 
-8.605853692103196e-05 
-8.272318027238305e-05 
-7.490393584662575e-05 
-6.249616053105594e-05 
-0.00010781765891072087 
-9.32636085528496e-05 
-7.928411817330955e-05 
-0.00012581273184060748 
-0.00010855501271157427 
-8.078663379319743e-05 
-7.053011868862919e-05 
-5.676034629186126e-05 
-7.363886100208379e-05 
-6.13682966998369e-05 
-5.5079732622187e-05 
-4.370357535189267e-05 
-7.572405185552729e-05 
-6.297504527870643e-05 
-5.0314898227665044e-05 
-3.1151324853633435e-05 
-5.598978452409142e-05 
-9.183443167748055e-05 
-7.239740029181827e-05 
-6.089951530148316e-05 
-4.8058405692094454e-05 
-2.8890376055864315e-05 
-5.987106077867464e-05 
-7.525371550583522e-05 
-6.597253712083518e-05 
-4.403727514229175e-05 
-8.052163858728747e-05 
-7.037963006127312e-05 
-0.00010038901320863658 
-0.00012448743208768242 
-0.00011184495727083231 
-9.684858557646218e-05 
-8.098931917433272e-05 
-0.00010807432696130687 
-9.165643423849327e-05 
-0.00011884724818413348 
-0.00015805731049981487 
-0.00015705298731087038 
-0.00013151223062813597 
-0.00011409167272019069 
-9.490490796061128e-05 
-8.234883927199236e-05 
-0.00010798219906480455 
-0.00013761040287780594 
-0.00017077668932748594 
-0.00015299298553245275 
-0.0001325853302251494 
-0.00016406966143888528 
-0.00014847585130917386 
-0.00018544185400162007 
-0.0001685737332212058 
-0.00015949836173719185 
-0.00018703005983185356 
-0.0001685320937224069 
-0.00017981871123700407 
-0.00016515623793342125 
-0.00015045742989215166 
-0.00012682545469145984 
-0.00012164345766839266 
-0.0001445338208649194 
-0.00015682959000580792 
-0.00013880980666148595 
-0.00017455827438056748 
-0.00015577515103242624 
-0.0001392202586701992 
-0.00012451781338368973 
-0.00017137759160870268 
-0.00020590796103297707 
-0.00023184907102202285 
-0.00022112729046273177 
-0.00019905912992320058 
-0.00018368194141320186 
-0.00017738335115374834 
-0.00020595535365691944 
-0.0002013318342714837 
-0.00018709157483805 
-0.00015873557721662824 
-0.00019549623986875973 
-0.0001804527051104405 
-0.00022870792651792966 
-0.0002635271260919662 
-0.0002540505315895868 
-0.00022702145928865043 
-0.00021802618007728565 
-0.00020881737135466626 
-0.0002517464679201076 
-0.0002792464504548741 
-0.00027440289848991916 
-0.00024093801922745622 
-0.00023405274473835194 
-0.00026794101344506207 
-0.0002440981608210686 
-0.00022115529638611544 
-0.000202656099415674 
-0.00021135287560672964 
-0.00024144075614482437 
-0.000271020300649624 
-0.0003002929233878116 
-0.000279804984632452 
-0.000273116254889584 
-0.0002536653604760345 
-0.0002520908041682052 
-0.00024307874664826368 
-0.00024867536214201035 
-0.0002543424959081653 
-0.00024472104547547716 
-0.0002138766119128362 
-0.00019326785480095398 
-0.00016674957632159478 
-0.00020346108719192897 
-0.00018641011335116084 
-0.00018071091843841058 
-0.00018632402719772438 
-0.00017315640669056563 
-0.00022662920188780804 
-0.00021123675866233286 
-0.0001770373274468522 
-0.00018170720974736536 
-0.00016532307783627133 
-0.00013563379212542108 
-0.0001730554443970364 
-0.0001597217187539958 
-0.00014227236858359714 
-0.0001938018001064059 
-0.00018386583514294578 
-0.000252741765152201 
-0.00023537129279273898 
-0.0002896390596750247 
-0.0002597069561469726 
-0.0003073988296432281 
-0.0002983650347182445 
-0.00036491860911770245 
-0.00043693203606546307 
-0.0004305465282701998 
-0.000409441934710552 
-0.00038364038521745134 
-0.00036315932851071553 
