0.0005466510457456112 
0.0006000164212549749 
0.0006002911968415644 
0.0005997656647159314 
0.000599031308478037 
0.0005976990848566073 
0.0005977706519917667 
0.0005980248009986544 
0.0005960023477829549 
0.0005955677166646964 
0.0005937903073628357 
0.0005950563083780609 
0.0005965702705053676 
0.0005966879484861683 
0.0005962609634044968 
0.000595410333545583 
0.0005931185999654548 
0.0005927849210310342 
0.0005926686222117031 
0.000591770289642283 
0.000590994198049321 
0.0005909382068388708 
0.0005904140992210506 
0.0005907348360874364 
0.0005923609923492878 
0.000593603926045203 
0.0005943658713845712 
0.0005956419330743696 
0.0005949332292403295 
0.0005950383059931095 
0.0005938004500393306 
0.0005933819376359086 
0.0005918125264740595 
0.0005916093282554864 
0.0005927634147630073 
0.0005917243011886924 
0.0005920779061998664 
0.0005917715815214853 
0.0005949250832995469 
0.0005942133205490203 
0.0005914041611544412 
0.0005910867753228904 
0.0005912090184986735 
0.0005900539487392243 
0.0006459768604870421 
0.0006462724178307393 
0.0006919639491934341 
0.0006898328430129919 
0.000688141075122737 
0.0006874060329933271 
0.000687595835932766 
0.000604663065862228 
0.0006046796458551604 
0.000603748626086984 
0.0006045811488352737 
0.0006054889899764268 
0.0006675558598492037 
0.0006677101063549973 
0.0006665318184511796 
0.0006665767693175493 
0.0006656808424297127 
0.0006663021099557715 
0.0006645138581894471 
0.00066410121490477 
0.000664190627972234 
0.0006609807412920082 
0.0006608223651540702 
0.0006606793601247377 
0.0006618424644883637 
0.0006608292892672185 
0.0006601772466116992 
0.0006588354485252444 
0.0006574470937222002 
0.0006576788155635108 
0.0006559324212183637 
0.0006541440400745045 
0.0006526906944240206 
0.0006503770127643451 
0.0006479926794320863 
0.0006469216981367152 
0.0006432069565101746 
0.000699488099987389 
0.000699481891019422 
0.0007009854661621458 
0.0007007330810183381 
0.000700967576658309 
0.0007016207634806901 
0.0007013507972923964 
0.0006998734470043867 
0.0006988253403436716 
0.0006975147948852553 
0.0006959097892225385 
0.0006931475906159254 
0.000691963619381717 
0.0006912133631133784 
0.0006890307187052586 
0.0006890499862338208 
0.0006871697248961329 
0.00068686158179526 
0.0006852466579172071 
0.0006851358412542907 
0.0006853053659625821 
0.0006847670688783251 
0.0006839091037364282 
0.0006822501143998181 
0.0006823940175066381 
0.0006800821351309288 
0.0006780910308252848 
0.0006769073423390511 
0.0006770199944384274 
0.000674771287144243 
0.0006750901484854496 
0.0006738660741750235 
0.0006716798115003316 
0.0006707680644009996 
0.0006689423207161906 
0.000667463789532929 
0.0006686223279072805 
0.0006650546090291135 
0.0006633725560518183 
0.0006613682919270775 
0.0006616157649857814 
0.0006602538368448746 
0.0005797377147676265 
0.000579061521819463 
0.0005783309672260154 
0.000576134784865445 
0.0004967622528645578 
0.0004955012664686659 
0.0004935963479300465 
0.0004944362330118056 
0.0004929080372517461 
0.0004908540403381828 
0.00048756222624711813 
0.0004862125326389473 
0.000482807914276497 
0.00048208763284749746 
0.0004825734657600122 
0.0004806719322147206 
0.00047938658807317744 
0.0004758165558664714 
0.0004756622291158968 
0.0004759677959099166 
0.00047508399136136974 
0.0004745732356184158 
0.00047321190606258105 
0.00047106207669077624 
0.0004686892493548536 
0.0004654530059836708 
0.0004624795899371424 
0.000461267176260324 
0.0004588509995537291 
0.000458327528505751 
0.0004562267611542289 
0.00045422269182102956 
0.0004512508014647062 
0.00045000094646723183 
0.0005324894208126269 
0.0005316896452161914 
0.0005274423119548978 
0.0005259205836976632 
0.0005256943622887053 
0.0005242712849971196 
0.000524253940857708 
0.0005256631377097162 
0.0005206996852670822 
0.0005202026166645407 
0.0005185359367472273 
0.0005181155043913209 
0.0005163973153263488 
0.0005152020965234863 
0.0005129263039357104 
0.0005148993478067579 
0.000425046731841691 
0.00042492357261291353 
0.0004224346069633623 
0.00042157089759170546 
0.00041999416414203696 
0.0004187095029136745 
0.0004180091934543369 
0.0004152029153426139 
0.0004505187838636699 
0.0004463400166425435 
0.00044143325254863573 
0.00044008051342572297 
0.0004391385916430137 
0.000438272145219391 
0.0003520011599015857 
0.00035030323882221965 
0.0003523377612088532 
0.0003509276739476507 
0.00035169786550884807 
0.00040813338992948635 
0.00040517570152475557 
0.00040046744705892216 
0.0003998036717233077 
0.00039970182539818163 
0.0003978260426888116 
0.0004815036562398874 
0.00048091255074005643 
0.0004806543202659688 
0.00047797786783018974 
0.000476742634885884 
0.0003972310794406962 
0.0003987508262039828 
0.000397585701742207 
0.00039590671031155053 
0.0004388370237785794 
0.0004371094147474117 
0.00043829612761534447 
0.00034780417281358783 
0.0003477896876353589 
0.00034656844000436845 
0.0003447567400193389 
0.0003430300731193378 
0.0003370339370992287 
0.00033228583496988634 
0.0003301558399458153 
0.0003302152788373108 
0.0002920644439382015 
0.00029225009599427853 
0.00028977811034648773 
0.00035480014289591673 
0.000354518083099805 
0.00035422519266659595 
0.0003516354171210307 
0.00035014737609651177 
0.000349436656188641 
0.000348321713595997 
0.0003424871535519672 
0.00034264395449242987 
0.00034068700818156616 
0.0003408629958890793 
0.0003689775785667984 
0.00036781203951155394 
0.0003660077245772004 
0.00036627410068300483 
0.00036012688040325665 
0.0003586377366482257 
0.0004017058178326758 
0.000399564835483159 
0.00040036792273928905 
0.000401245759774043 
0.00039953189808973177 
0.0003113118496339657 
0.0003046321815484064 
0.00029858283242578985 
0.0002973442181976909 
0.0002970812519163206 
0.00039191719906439635 
0.0003891053387353667 
0.0003887144464543728 
0.00038852794352385014 
0.00039181472583118957 
0.000473829057387231 
0.0004758574191362007 
0.000475270002521429 
0.0005708312054899935 
0.0005648425746202018 
0.0005657700603888849 
0.0005591733297095322 
0.0005569667450363409 
0.000556724309747965 
0.0005508705605467447 
0.0005513264168215467 
0.0005508971242521157 
0.0005982134620837584 
0.0005942858036039149 
0.0005930026604607852 
0.0005916656468393414 
0.0005879239192588176 
0.0005870701125512838 
0.000588390637772532 
0.000638062083071152 
0.0006371519804410015 
0.0006339324616034022 
0.0006338342017001783 
0.0006273393847225216 
0.0006292144167264538 
0.0006842725147943452 
0.0006842618973454342 
0.0006826162687092742 
0.0006812605174975238 
0.000679730533075894 
0.0006770347958343617 
0.0005906097720174114 
0.0006323209398897357 
0.0006306623883323417 
0.0006227072724064537 
0.0006215088758257333 
0.0006205706928454492 
0.0006209925609048625 
0.000621012719314751 
0.0006745850496724408 
0.0006722654018668744 
0.0006689764229937135 
0.0007168182466097323 
0.0007071689703216498 
0.0007055816058145367 
0.0006240336802767423 
0.0006249520108001039 
0.0006253095997233235 
0.0006235723866369203 
0.0006021357683379113 
0.0005927235944528225 
0.0005914814928743144 
0.000590642190788377 
0.0006720177317921065 
0.0006723151559591645 
0.0006724247790329782 
0.0006751118775002887 
0.0006716413479958333 
0.0006696057891704644 
0.0007218191077197581 
0.0007199425978616457 
0.0007222711193657468 
0.0007214648228231014 
0.0007899981308000718 
0.0007913511875442957 
0.0007867341116354001 
0.000785242759301855 
0.0006949141191040695 
0.0007786209799989596 
0.000774610867721093 
0.0007642748680800004 
0.0007627607395021157 
0.0007603450198555299 
0.0007566025221106547 
0.000752164007048109 
0.0007509064290781304 
0.0007673798183605787 
0.0007953973300351565 
0.0007947888058962582 
0.0007954926454045539 
0.000794028780260791 
0.0008273765441574689 
0.0008268719804199409 
0.0008261582559468843 
0.000823147615235001 
0.0008243880029833781 
0.0008184483824627022 
0.0008183214404840071 
0.0008178095589924092 
0.0008837552282069488 
0.0008800961715436687 
0.0008753827312660184 
0.0007946296756759718 
0.0008658890152300818 
0.0008659431229523723 
0.0008537860079770085 
0.0007686266018582571 
0.000767350431511171 
0.0007549629526023108 
0.0007558297497067029 
0.0008137485236958294 
0.0008014432090791672 
0.0007904760480145635 
0.000780756273126569 
0.0007683789881916529 
0.000765983658691485 
0.0007641129753752249 
0.00076512482069252 
0.000768035445071513 
0.0008459943942001511 
0.0008438070928189173 
0.0008407030439367065 
0.0009214173762723684 
0.000919032942708805 
0.0009166139395660837 
0.0009149060955004357 
0.0009127907503462978 
0.0008821500469074285 
0.0008825346286570981 
0.0008847340014973493 
0.0008891324071386333 
0.0009388142789765107 
0.0009393369861386121 
0.0009347070811444393 
0.0009341943858917699 
0.0010062031971519749 
0.0010487929902159231 
0.0010470436416079325 
0.0010486460896723543 
0.0010468781042657102 
0.0010417483383004494 
0.0009590061769890803 
0.0009235314002872118 
0.0009215969514149581 
0.000922155056643742 
0.0009643238154991317 
0.0009642762740065924 
0.001018157443886221 
0.0010977826250562555 
0.0011015836602253472 
0.001101436511091163 
0.0010973856539582625 
0.0011683661239965983 
0.001170860058403656 
0.0012316162789329146 
0.0013080702793335577 
0.0012940578837863136 
0.0012923128706415104 
0.00129098813493497 
0.0012872113682810152 
0.0012853585417505913 
0.001309361299182146 
0.001229403667976864 
0.0012521403256780742 
0.0012515495807484305 
0.0012485773727137143 
0.0011521051400807832 
0.0011536258654485795 
0.0011946251557368695 
0.001193392469039782 
0.0011950130305302955 
0.0012583067529418574 
0.0012580485086910159 
0.0012214721590016358 
0.0012246236843155768 
0.001228004727960323 
0.0012317052558176178 
0.0012321617494073871 
0.0012853496660695113 
0.0012483459061520636 
0.0012434827489783771 
0.001314570202073211 
0.0013100326187564613 
0.0013085218636116182 
0.0013044941719409244 
0.0013571132507475864 
0.0014110086687375248 
0.001455721220571566 
0.0014588899268491086 
0.001459458744382926 
0.0014567357314141474 
0.0014558573124888812 
0.0015223301006305964 
0.00152018802703527 
0.0015194010399102586 
0.001516293517699774 
0.0015539315558229477 
0.0015527594991010623 
0.0016102114996325567 
0.0016646446742749925 
0.0016631437829568302 
0.001660714480688948 
0.0016529827788276299 
0.0016508396431749812 
0.0017151668968744533 
0.001757081887666797 
0.0017568940957658206 
0.0017536717153049644 
0.0017453089202667219 
0.0017936500954129093 
0.0017899849581523885 
0.0017853687856543509 
0.0017768857036104119 
0.0018139769145808903 
0.0018522447798918387 
0.0018991514229482376 
0.00192730073725605 
0.0019199162813893628 
0.0019120260897230524 
0.0019083945216932976 
0.0019351137871090913 
0.0019357905117259753 
0.0019767016967312833 
0.0020229207426226995 
0.0020199751234264234 
0.002016034064646057 
0.002010029762804403 
0.002003936928885354 
0.002060262486773409 
0.0020577244368152627 
0.0020495300548689947 
0.0020942533949231666 
0.0020945302073038016 
0.0021347763274208805 
0.002137904584854587 
0.002133571275873896 
0.002141754787926285 
0.0021395402397015525 
0.002132490090104863 
0.002178956379267753 
0.002173628264755211 
0.0021686438806826124 
0.002221545091803429 
0.0022137444374515157 
0.0022527040437823305 
0.0022471612646824553 
0.002283947404766398 
0.00228404541456832 
0.002322897851387084 
0.002319274112512685 
0.0023603476866912386 
0.002401894262636357 
0.002397842694095402 
0.002396344287969916 
0.0023866599164090027 
0.0023839651698117537 
