0.0124014287995833 
0.01231494924858726 
0.012311395136318272 
0.012307817616551388 
0.012304998045442212 
0.012301448702360464 
0.012297730410715182 
0.012294371658419019 
0.012289338632315797 
0.012285494774451447 
0.01228160590439815 
0.012277868528102106 
0.012273479077100578 
0.012269768889209045 
0.012265649289495625 
0.012261672190806828 
0.012257156241184806 
0.012252718092918509 
0.012248612124989535 
0.012244861267749835 
0.012240807710221645 
0.012238247244841101 
0.012233413269332877 
0.012229329451308805 
0.0122246595165748 
0.012219764519819357 
0.012214924720151895 
0.012210139276912217 
0.012204949182829043 
0.012199721684901176 
0.012195122327791547 
0.0121909390264663 
0.012186243967760644 
0.01218206549963905 
0.012177230407451651 
0.012172501912472869 
0.012167752514385548 
0.012163528004535004 
0.012158743201644931 
0.012153580128836381 
0.012149154521423391 
0.012145074422455882 
0.012140649185526603 
0.012135365330348879 
0.012054171925931908 
0.012048923950279768 
0.011985461099443033 
0.011980950423340585 
0.011977118875630964 
0.011972020551955105 
0.011967250633338262 
0.011896714430710272 
0.011892162883877939 
0.011887533627622644 
0.011883262376330571 
0.011879254920229254 
0.01181032082944939 
0.011806572808983343 
0.011802769160738835 
0.011798397010503388 
0.011793642399660794 
0.011788602166420277 
0.011783987078696977 
0.011779656300030875 
0.011774715887775985 
0.011771493897462142 
0.011766886293179497 
0.011762644730065027 
0.011757913801083219 
0.01175212867880768 
0.011746622214877196 
0.01174171896962446 
0.011736498710224181 
0.011731886114277664 
0.011726746644423837 
0.011722220469756383 
0.011717193926976403 
0.011713333369160382 
0.011708563253669809 
0.011703855914478424 
0.011699094841923679 
0.011611168986929876 
0.011606393033178695 
0.011601157897163207 
0.011596380598852754 
0.011590759499975655 
0.011585866424339768 
0.011580107312313435 
0.011574118847878985 
0.011567612514033763 
0.01156163644325147 
0.011556092577909901 
0.011550573523239968 
0.011544849265294203 
0.011539499265348354 
0.011534091904348296 
0.011528667964825542 
0.011522852398298328 
0.011518403698321392 
0.011513228208003032 
0.011507476162708351 
0.011501500562424863 
0.011497228337541753 
0.011491965751086918 
0.011486358431589462 
0.011481241901641095 
0.011476272772424462 
0.01147018098790629 
0.01146347828239036 
0.011457012297672734 
0.011450950884175509 
0.011445745157354897 
0.01144097187411488 
0.011434944985470069 
0.011427937505522708 
0.011421099460053515 
0.011415448396601196 
0.011408940965485802 
0.011402743696710946 
0.011396691875865747 
0.011390696979241336 
0.011383774016190291 
0.011379314965704452 
0.011298948387897254 
0.011293965559682692 
0.01128762340709969 
0.011281602557031473 
0.011186232206824053 
0.011180864176649456 
0.011175135342215228 
0.011170149139929548 
0.01116491159605928 
0.011158483289439235 
0.011153159887969116 
0.011147665061036283 
0.011145492132945798 
0.01113985990277031 
0.011134715318862185 
0.01112977045837924 
0.01112412248064303 
0.011118590604963856 
0.011112865646629319 
0.011108550803384135 
0.011102718548309277 
0.011096653683990227 
0.011090789920797083 
0.011085194647448107 
0.01107989854394049 
0.01107420866187763 
0.011068978366101096 
0.011063112038811803 
0.01105634817819089 
0.01105125947824383 
0.011045542699660738 
0.011039977290557808 
0.011034702780450979 
0.011029111670655893 
0.010926066145215909 
0.010920097969753066 
0.010916047551167355 
0.010909485681035749 
0.010904898886725238 
0.01090002919373665 
0.010894205880958905 
0.010889066317065496 
0.010886228642683982 
0.010880896731837193 
0.010873994775524668 
0.010867464994405291 
0.010861766011691204 
0.010855985435904004 
0.010849797771018537 
0.010843895399219372 
0.010771527128605842 
0.010766200448427504 
0.010759984094823543 
0.010754741202454296 
0.01074962926497435 
0.010745859326315376 
0.010741225073036915 
0.010734367289906014 
0.010628158218259378 
0.01062429365811219 
0.01062054502082074 
0.010614541873804402 
0.010609250997547495 
0.010603740993943168 
0.010520098274272045 
0.010514355569757845 
0.010510101679801652 
0.010505153405031631 
0.010499920665684143 
0.010391941528162517 
0.01038605083938731 
0.010384071786403137 
0.010378829249743237 
0.010373559265690242 
0.01036817323601377 
0.010263486997033215 
0.010258384471204278 
0.010252355300228092 
0.010248208341135876 
0.010243611265155883 
0.010169411590034046 
0.0101631996644405 
0.010158890440888085 
0.01015411981975884 
0.010043557660815675 
0.010039260369465414 
0.010034052368923426 
0.009950236595171939 
0.009944864451019495 
0.009939696608185361 
0.009934431598934356 
0.009929358989885733 
0.009926831112421779 
0.009923953141429295 
0.00991801779551132 
0.00991357214406165 
0.009887487972993969 
0.009882723877596783 
0.009876999488889763 
0.009777961040214675 
0.009772584251564985 
0.0097676662701202 
0.009761357311467383 
0.009755675954942304 
0.009749698204524003 
0.009743385807211362 
0.009739881137002592 
0.009733923709801875 
0.009726575859067358 
0.009720593049713781 
0.00961474871609061 
0.009608358513618753 
0.009603492896339029 
0.009598590755403655 
0.009597103316167187 
0.009590458579663678 
0.009487592972535656 
0.009480799766436721 
0.009475382300481686 
0.009469537205265948 
0.009464166924067995 
0.009371781328119722 
0.009369300566930822 
0.00936698392431196 
0.009360826610336792 
0.009354802995175649 
0.009245106534425455 
0.009237119882855908 
0.009230853398540077 
0.009223903645415425 
0.009218520259004343 
0.009110291328252864 
0.00910397736730419 
0.009096892800392204 
0.008992794462521799 
0.008988239965641963 
0.00898224189644742 
0.008978806818137609 
0.0089717828852809 
0.008965172986096092 
0.008964853900393146 
0.008959356582923872 
0.008954000922225884 
0.008843638326717331 
0.00884028463200703 
0.008834322520536286 
0.008826769831821334 
0.008819832207442074 
0.00881202241472969 
0.008806214510846384 
0.008689530474921714 
0.008681737023713297 
0.0086736009230367 
0.008666933649066537 
0.008664355488985063 
0.008657180015436325 
0.008544690166253185 
0.008536465043117919 
0.0085292151467812 
0.008520826900380777 
0.008512589998494215 
0.008502716468498034 
0.00841542854268 
0.008313076386157152 
0.008303960910440063 
0.00829918674970696 
0.008291490173532555 
0.00828509230389251 
0.008278703301595178 
0.008271451043354437 
0.008160217814142834 
0.008153155749751255 
0.008144439183916585 
0.00804456873525214 
0.008041767135575797 
0.0080332093889165 
0.007953136595337121 
0.007947099603516517 
0.007939334073079545 
0.007931627430234046 
0.007915379860340726 
0.007910706751558886 
0.007903715652604445 
0.007896811390935017 
0.0077832778585064785 
0.007774292510924598 
0.007765228440913753 
0.007759170381548481 
0.0077508142373992565 
0.00774142724006154 
0.007633355906868118 
0.007624347552933453 
0.007616698353910339 
0.007606530604386164 
0.007495863315119918 
0.007486214297856893 
0.007475348370089603 
0.007467715726643206 
0.007379653830668956 
0.007261217607290466 
0.007250754607920876 
0.0072462626629358415 
0.007236691667001816 
0.007225842093244635 
0.007212977625756074 
0.007200276042536396 
0.007192842937285054 
0.007085989760463218 
0.0069877079824932796 
0.006980761917384432 
0.006972572640949211 
0.006960291941655743 
0.0068599820295473036 
0.006852579867198274 
0.006841898786908352 
0.006832108338136165 
0.006823762016546105 
0.006813819564049725 
0.00680299279414841 
0.006795591760788596 
0.006685827013901195 
0.00667452755747488 
0.006665699235025637 
0.006588539754394705 
0.006489730996949744 
0.006479538067087267 
0.006478649981791371 
0.0063934169223217215 
0.0063839324231266086 
0.006378776082487182 
0.00637093719498357 
0.006276632069910947 
0.006273581493149888 
0.00627009042840707 
0.006263863689364902 
0.006258248856946002 
0.006247983249376536 
0.0062395179929772586 
0.006230089263591282 
0.0062217069003785855 
0.006108927326383743 
0.006099369026994047 
0.00608752007489163 
0.005981178372867812 
0.005969280808186604 
0.005956017639809701 
0.005942818051932193 
0.005931699913978882 
0.005916045601687173 
0.005904218806530621 
0.005896779536057892 
0.00588653424019196 
0.005788344466174689 
0.0057753509294199475 
0.005759313001918026 
0.005744968451633788 
0.005638053338318906 
0.005525848336014238 
0.005514806770812584 
0.005503033058581661 
0.005489117300337068 
0.005473692835456404 
0.00539498616207539 
0.005370237668781547 
0.0053581928425157615 
0.005343249921331141 
0.005229907951215448 
0.005216212368008094 
0.005097797400439637 
0.004995093592455149 
0.004985540595651892 
0.004970875723453102 
0.004954791196198983 
0.004854619393314446 
0.0048448684161961336 
0.00474562004038775 
0.004626427924225862 
0.00462192627092583 
0.0046067829194757 
0.0045947646396314835 
0.004578123726172223 
0.0045634760703513804 
0.0044514581156320475 
0.004374682719251565 
0.004263267404377642 
0.004249887365006233 
0.0042341141649973315 
0.004147508464924373 
0.004134726877835482 
0.004031532251171715 
0.004015518201943975 
0.0040035823921377245 
0.0038907989610126913 
0.0038749972650146793 
0.0038502655629497995 
0.0038324830321911497 
0.003817324743234887 
0.0038023737637174365 
0.003789015700147271 
0.003667509210399307 
0.003642543579930263 
0.003622863929801717 
0.003509536285440343 
0.0034929717667798546 
0.003474492687220555 
0.003458095226633245 
0.0033590333660685197 
0.0032458509127532334 
0.0031255819897842026 
0.0031137271445289653 
0.0030969304226926486 
0.0030799751471032926 
0.003059500610764001 
0.0029789891633085195 
0.002961822442625233 
0.0029406280618052604 
0.002918180963080703 
0.0028542072175636087 
0.0028333442424655956 
0.0027295355956350994 
0.0026058338452113355 
0.002588152954485981 
0.0025639923329972523 
0.0025431222343626804 
0.0025255942777178617 
0.0024678095189215954 
0.002388239407318904 
0.0023714695530030858 
0.0023481716217458332 
0.002330926765925798 
0.0022324688168896467 
0.002213527257359598 
0.002196261062553639 
0.0021723877209212776 
0.002073874371073682 
0.0019660119363715408 
0.0018463983478439678 
0.0017454320442023398 
0.0017221810312783485 
0.001704266199034296 
0.0016897753178745495 
0.0015914169130467862 
0.0015749936999211462 
0.0014738065277141884 
0.0013736138116561703 
0.0013496244779455046 
0.0013250481679277684 
0.0012995081758867917 
0.0012732001028806525 
0.001195816156873712 
0.001176549414565605 
0.0011559398450044693 
0.0010516430341708603 
0.0010313228257333492 
0.0009605660013539343 
0.0009411436425635227 
0.0009164324768842338 
0.0008287947014175778 
0.0008057752659355905 
0.0007805568284816534 
0.0007238586870756748 
0.0007014289512318987 
0.0006773492903854909 
0.000589979542159644 
0.0005752218369768769 
0.0004786733321975666 
0.00045194829675164336 
0.00037545847403227227 
0.00034926221089385883 
0.00027417259920687324 
0.0002576730530433576 
0.00015334218737201344 
5.849744688474928e-05 
4.362685004228316e-05 
2.230228426141668e-05 
-2.7770153952470125e-06 
-2.857505632108761e-05 
