-0.0006100012772673797 
-0.000609229860428278 
-0.0006055414627545914 
-0.0006015217845392397 
-0.0005997809098081219 
-0.0005973691966928887 
-0.0005948503595502834 
-0.0005920675658991584 
-0.0005882745994702434 
-0.0005849323317046939 
-0.0005810851083054325 
-0.0005787950465979067 
-0.0005764504855930131 
-0.0005738848473280483 
-0.0005713015453377274 
-0.0005683125440055181 
-0.0005634651328403268 
-0.0005591596009378234 
-0.000556505872280804 
-0.000553995598351124 
-0.0005509145438398238 
-0.0005492889719294345 
-0.0005462101643149523 
-0.0005438077235920864 
-0.0005402058666006018 
-0.0005378923016390851 
-0.0005342691649751866 
-0.0005307299547066198 
-0.0005273632180317748 
-0.0005248577472534094 
-0.0005215403779410683 
-0.0005195303036650811 
-0.0005141168892939795 
-0.0005122616106076175 
-0.000508356238474321 
-0.0005055716101841175 
-0.0005026229151179847 
-0.0005001196896960872 
-0.0004946379241832534 
-0.0004921841008269964 
-0.0004885487812776145 
-0.000485761293916389 
-0.00048395402301180365 
-0.00047952920495823693 
-0.0004673542223335847 
-0.000464306999817554 
-0.000458434858998694 
-0.00045478933089866707 
-0.00045105029260402053 
-0.00044612477904426573 
-0.00044313868650922006 
-0.0004326168777246792 
-0.00042605315041448514 
-0.00042096804629784216 
-0.0004172564628370171 
-0.0004141976326091355 
-0.0004068946253935938 
-0.00040345234067674614 
-0.0004010177173824943 
-0.0003984514449812246 
-0.0003941694321181811 
-0.00038717882039596775 
-0.0003836348539852068 
-0.0003803168481193389 
-0.00037628562835493977 
-0.0003734276218908247 
-0.0003697320034713979 
-0.00036673000961471935 
-0.000364144726174699 
-0.00035909274859638777 
-0.000354699874645019 
-0.0003514743638102538 
-0.0003467133136080618 
-0.0003433571161087382 
-0.00033662414422638517 
-0.0003326091453500641 
-0.00032901402243727657 
-0.00032603552320509407 
-0.00032250863389563563 
-0.00031885802630121033 
-0.0003162131982698165 
-0.00031476748474460045 
-0.0003129609126543199 
-0.00030701021559922795 
-0.00030346977607007317 
-0.0002961532013449322 
-0.00029281482701913874 
-0.0002886604788088264 
-0.00028561538435063625 
-0.00027769128762732424 
-0.0002735835067197837 
-0.0002688817755684843 
-0.000260606154154722 
-0.00025689145096488976 
-0.00025448401343400594 
-0.0002495057354963801 
-0.00024496239577902776 
-0.00024025395240109376 
-0.0002373628873936895 
-0.00023432955048151657 
-0.00023104351532176213 
-0.00022835988519489395 
-0.00022546627049731258 
-0.00022049762593644596 
-0.0002177633949190883 
-0.00021335989075473428 
-0.00021100391188259526 
-0.0002080238459233078 
-0.0002048610288783013 
-0.00020102396131612757 
-0.0001978218287408409 
-0.00019531866939647362 
-0.00019383215113771195 
-0.00018996837145325376 
-0.00018625195914782555 
-0.00018135340017587072 
-0.00017761502454574475 
-0.00017421518885119502 
-0.00016884606759784746 
-0.00016392449187789548 
-0.00016150894038410602 
-0.00015657251403023779 
-0.00015481306521767857 
-0.00013664588173607832 
-0.00013344517268385029 
-0.00012803757994010815 
-0.00012290453427381883 
-8.592034061645747e-05 
-8.317856172195008e-05 
-7.713606058888904e-05 
-7.369616813662846e-05 
-7.053824602377806e-05 
-6.647624331295213e-05 
-6.033175525926564e-05 
-5.7525275924165016e-05 
-5.585637621294114e-05 
-5.265658178129263e-05 
-4.7797592395293284e-05 
-4.543695664260105e-05 
-4.0659513102331265e-05 
-3.6760808349995746e-05 
-3.114651596042171e-05 
-2.9679533167949804e-05 
-2.6709855448920296e-05 
-2.4168345090063668e-05 
-2.0170155373407108e-05 
-1.667740222609921e-05 
-1.2436731576707612e-05 
-9.210914298075377e-06 
-5.813217191003881e-06 
-1.0755795997317235e-06 
2.992426438686863e-06 
6.696663826585839e-06 
1.429898682952949e-05 
2.0736959592597277e-05 
2.8670247356557097e-05 
3.790069279143483e-05 
4.606087241769462e-05 
5.544219414532786e-05 
5.950813831325992e-05 
6.6630209223636e-05 
7.212382740278527e-05 
7.86844305794773e-05 
8.551972304615572e-05 
9.074648147802333e-05 
9.302269312360585e-05 
0.00010155829800088809 
0.00011200397911472606 
0.00012182046915111358 
0.0001323030980040006 
0.0001420877346981033 
0.00015243871874435024 
0.00015936513895536242 
0.0001721997390633567 
0.0001762878255917509 
0.00019258303505101165 
0.00020280224397245782 
0.00021082008885382568 
0.000211639073838181 
0.0002189960309587933 
0.0002366815722240031 
0.00019546201546431386 
0.0001999117644694796 
0.00020431870993958977 
0.0002148119333733427 
0.0002213993565500255 
0.0002296695647833658 
0.00026534095135358806 
0.0002763639086879246 
0.00027967657748252965 
0.0002992924526188163 
0.00030142798359469224 
0.0002587593022182978 
0.00027106142685731486 
0.00027361509129409815 
0.0002831473318340904 
0.00029017945200497376 
0.0002963840253766696 
0.0002843782801837712 
0.0002905206122692733 
0.00030631483290002675 
0.00031363931958363034 
0.00032354545511135865 
0.00033843716862325276 
0.00035221074138105056 
0.0003590479555301963 
0.0003700118013864275 
0.0003282405238463173 
0.00033346310428235943 
0.0003420615218451408 
0.00036662689190787687 
0.00037524867299333766 
0.0003818032755308097 
0.00039063361356898976 
0.0003994563696598551 
0.0004028977052793139 
0.00040647036397309307 
0.00041508172365838927 
0.00042552119424947517 
0.00039923198775302016 
0.0004105192188581418 
0.0004248345066988394 
0.0003453964433754323 
0.00035987928739567086 
0.0003660146594621089 
0.0003777485001817856 
0.0003908760673939867 
0.00040447502295248833 
0.000416956359807999 
0.00042164888572383325 
0.0004336433917370854 
0.000456202939862076 
0.0004715066669527049 
0.00042852489069956657 
0.00044301557498348915 
0.0004507202024215917 
0.00045892794969426825 
0.0004645431539235196 
0.00048168061198603743 
0.00044097494605059936 
0.0004542752701516939 
0.0004651845968253579 
0.0004732387024978374 
0.0004887823188890155 
0.0005024662012769481 
0.0005072071023509071 
0.0005102371054066147 
0.000522614274511483 
0.0005319463469379826 
0.0005417778159566596 
0.0005558528796259608 
0.0005630002751346943 
0.0005740143759699828 
0.0005826070728862811 
0.0005191788560110409 
0.0005321623065448964 
0.0005396751395749325 
0.000555924699043971 
0.0005629823616312063 
0.000579487981635157 
0.0005842745396235862 
0.0005999098902609935 
0.0006143275919503879 
0.0006168362470311442 
0.0006270646031747529 
0.0006331113754839549 
0.0005988133946183902 
0.0006060516125744148 
0.0006114719227844294 
0.0006238491770179166 
0.00063457311391914 
0.000644089069474988 
0.0006478463389767033 
0.0006351009716539915 
0.0006460832962243961 
0.0006571528552994784 
0.0006689076537310611 
0.0006724871032863709 
0.000682839145930882 
0.0006493982168046424 
0.0006688760813237769 
0.0006835962182061021 
0.0006958057269524136 
0.0007090309039953641 
0.0007288362301350378 
0.0007556316626252998 
0.0007133183420142046 
0.0007292540536150931 
0.0007357879557450184 
0.000742372904638409 
0.0007525549719819732 
0.0007542626611709624 
0.0007635067114893559 
0.0007323443587119719 
0.0007453834523468984 
0.0007697927315642412 
0.0007162581952469898 
0.0007205204686229078 
0.0007359283477483467 
0.0007687595570706959 
0.0007775922735153263 
0.0007931005178216306 
0.000808991137836574 
0.0008103537890651902 
0.0008165922411802605 
0.0008303320904760534 
0.0008419743946998244 
0.0007691851507636824 
0.000783513718133487 
0.0007999653208358412 
0.0008107720650099969 
0.0008269474081322791 
0.0008433280043424386 
0.0007967648140736489 
0.0008171191334765925 
0.0008269839014319116 
0.0008358953244591781 
0.000808730402120029 
0.0008347769760806577 
0.0008435696080094184 
0.0008502479155007555 
0.0008888357747179681 
0.0009125274438186187 
0.000927898364432866 
0.0009345635693816081 
0.0009533966211227558 
0.0009812142415004394 
0.0010013907769838974 
0.001040773209310742 
0.0010594173372228401 
0.001028734734419944 
0.0009795565064629414 
0.0009919195245686294 
0.00101541144312099 
0.0010360177022574978 
0.0009926252726852266 
0.0010051869430790464 
0.0010286338803776978 
0.0010550865862340108 
0.0010661968439510524 
0.0010843107103193853 
0.0011093022883027694 
0.0011183662169438509 
0.001065891487728111 
0.0010893070228125967 
0.0010983512108694786 
0.0011131751248319795 
0.0010434998024296755 
0.0010606299220880906 
0.0010642928530457017 
0.0010911381907056216 
0.001105523531173318 
0.0011147804295125676 
0.0011295468672368981 
0.0010301015616691754 
0.0010358544686457712 
0.001042508452322582 
0.0010516751896840605 
0.0010593428354863839 
0.0010767462379087183 
0.0010879147802935227 
0.001098654984586221 
0.0011130631576138192 
0.001121442942613319 
0.0011364597241171946 
0.0011660281429617806 
0.001167074240247914 
0.00118305283655941 
0.001221759047019912 
0.001249410371872636 
0.0012745459342098917 
0.0012922434910180183 
0.0013113056540158831 
0.0013264993811748966 
0.001352653162933131 
0.001263217365060274 
0.001292626656473892 
0.0013346478027969277 
0.001372157410722893 
0.0013088049113753682 
0.0012903993894417616 
0.0013208527425146734 
0.0013415575502014091 
0.0013750645097876778 
0.0014232803642657353 
0.0014464629185011533 
0.0014211157205235715 
0.0014463268714546504 
0.0014918006466689674 
0.001475549860107237 
0.0015164452103501027 
0.0014889785070157475 
0.0014182330704252566 
0.0014337680564418004 
0.001473342249479663 
0.0015104611123260702 
0.0014375757082882548 
0.0014584363589066466 
0.0013958391153807892 
0.0014552571243217469 
0.0014645714297248833 
0.001510541213769351 
0.0015383971547921107 
0.0015904272309635987 
0.0016309110826838418 
0.0016043067889985566 
0.001615380167975092 
0.0016004203057729083 
0.0016393950528678176 
0.0016804097994023665 
0.0016967636874351169 
0.001733697974822318 
0.0016990187972091466 
0.0017492164395505974 
0.0017755733797730723 
0.0017455577036408479 
0.001786680449890647 
0.0017605477829004228 
0.0018091317435512486 
0.0018472089994767038 
0.0018935979817367502 
0.0019339008361658689 
0.0019215316585966867 
0.001896495653038601 
0.001946697196522855 
0.0019015298845079735 
0.001956220675242711 
0.002005925841822595 
0.0020478391197206167 
0.0019886871804605344 
0.001983388403326182 
0.001965126549918516 
0.001991228125954165 
0.0020302416998141653 
0.0020828711995128156 
0.0021563539654692286 
0.0019961129408016037 
0.0020294887371694655 
0.002085691966488207 
0.0021400441632314932 
0.0020113287445528106 
0.002064921754900867 
0.0020057202122628673 
0.0020097305640090412 
0.0020459468624982836 
0.002125871697930107 
0.0021673246499655306 
0.0021854700911074034 
0.0019682993564695494 
0.0018706939321917276 
0.0019152433660933146 
0.0019868342959742024 
0.0020160599693450514 
0.0019069347400695374 
0.001967367807048636 
0.0020043521351601483 
0.002072328816177735 
0.002047859541223601 
0.002011817888114076 
0.0019806235485273953 
0.0019351250621097 
0.0019877301133880312 
0.0020178551748453633 
0.0020501870374378477 
0.002018379665952264 
0.002060656155801605 
0.0020217094348007917 
0.001975745631403625 
0.0020388916238691514 
0.002107238369603306 
0.0021754604146533877 
0.002258693935048865 
0.0021012755440712023 
0.002138718543666258 
0.0021851243498058432 
0.0021574218225709563 
0.0021925509711666472 
0.002051387635081943 
0.002083344151312319 
0.002127528618108524 
0.002076667509605278 
0.0021282123106802398 
0.0022024997809347697 
0.0020782222061673764 
0.002141755862049918 
0.002209302980334664 
0.0020889152073151726 
0.002102758831680139 
0.0020496413169897327 
0.002143031931376156 
0.002109286458698371 
0.002179955429516743 
0.002040357206874069 
0.002062890472490185 
0.002025761091566249 
0.0019678884983375107 
0.0019686984339265636 
0.0019900497485657457 
0.0020389319736699328 
0.002099680208192419 
