0.0006189478186891911 
0.0006667883123435189 
0.0006712189178806938 
0.0006729812216077146 
0.0006796338934861153 
0.0006827825574518394 
0.0006855205230043848 
0.0006888684999677913 
0.0006927587694746733 
0.0006954057627551571 
0.0006994710501864796 
0.0007040200900856603 
0.0007108020977384192 
0.0007140780125568625 
0.0007188839491201988 
0.0007222658457252806 
0.0007235234942777654 
0.0007274150745647382 
0.0007341334489777632 
0.0007373579813674678 
0.0007394678395447548 
0.0007433873972134529 
0.0007480386850929465 
0.000751155897516726 
0.0007513874801552241 
0.0007551250964832344 
0.0007581152739860845 
0.0007611634839832055 
0.0007633927449440803 
0.0007670697881509394 
0.0007718828003071199 
0.0007739737789798191 
0.0007727433967095988 
0.0007739634212725632 
0.0007737744381872561 
0.0007773654183665077 
0.0007815967604321631 
0.0007825811313457188 
0.0007864919050110745 
0.0007900504091853893 
0.0007897059119847725 
0.0007898753680660492 
0.0007903169036466812 
0.0007912559558435904 
0.0008467567412691449 
0.0008488255722703685 
0.0008611542573977859 
0.0008656017143611952 
0.0008742342192314484 
0.0008748640734998541 
0.0008803027775244684 
0.0007268806798513901 
0.0007345789164743634 
0.0007403592715511574 
0.0007458457795496635 
0.0007520647782734034 
0.0008291933210508008 
0.000834790970137542 
0.0008412259215958072 
0.0008489531689035611 
0.0008548108835452131 
0.0008608644448368963 
0.0008669466930672231 
0.0008710797297715194 
0.0008787273795816185 
0.0008872519115991404 
0.0008922678753036645 
0.0008949288541935076 
0.0009012960203634444 
0.0009064026817067852 
0.0009107323082029907 
0.0009136934548301376 
0.0009138924669676249 
0.000917269519455183 
0.0009216852149499217 
0.0009248056770478984 
0.0009279696913654267 
0.0009345533108624018 
0.0009363089620098723 
0.0009408697374829175 
0.0009442594638381079 
0.0010237749041888662 
0.0010302549574426653 
0.0010331163620310715 
0.0010400345597569997 
0.0010443295781080082 
0.0010510823240441685 
0.00105288039441255 
0.0010584316991500598 
0.0010564121871917034 
0.00105691046938625 
0.0010611770533544577 
0.001058659302886255 
0.0010607423972123803 
0.0010634322709595465 
0.0010708158567639332 
0.0010713592860199358 
0.0010733066024099574 
0.0010750640655128828 
0.0010760384257128782 
0.0010781709762843798 
0.001081326930367997 
0.001084275482855631 
0.0010838097832016648 
0.001082845285715728 
0.0010837097852598964 
0.0010837657778303856 
0.0010832055982879813 
0.0010852327911519252 
0.0010857092642932418 
0.001088617391686758 
0.0010888397973413345 
0.0010876757116373588 
0.0010847304518242587 
0.0010842594454149202 
0.001084716151930998 
0.0010846179866965324 
0.001084338914838221 
0.0010785537955071364 
0.001079268281816437 
0.0010776365729628064 
0.0010735210337362406 
0.0010749945881367478 
0.0009779838579792473 
0.0009777979972328307 
0.0009757897901524317 
0.0009758362859690732 
0.0009431487480078398 
0.0009429160408941036 
0.0009461186408749925 
0.0009485442292603173 
0.0009503927834440319 
0.0009517118064014032 
0.0009509641978510779 
0.0009500252196709199 
0.0009478630086413698 
0.0009463742041709078 
0.0009437969841015068 
0.0009457082870206237 
0.0009434693537301646 
0.0009398404302853107 
0.0009377494988553291 
0.0009378553150777184 
0.0009369294759949903 
0.0009372724684561122 
0.0009372318271548783 
0.0009359225416811254 
0.0009321413632053736 
0.0009345518697307975 
0.0009336912829535651 
0.0009299252345870004 
0.000928799171045349 
0.000939345877660504 
0.0009429372108219021 
0.0009441341236843582 
0.0009447449841848068 
0.0009432172300235794 
0.0008726591930996457 
0.0008780475174579966 
0.0008878663159992522 
0.0008843650765933282 
0.0008903958034901422 
0.0008944979942986356 
0.0008975537659228147 
0.0008982625324018783 
0.000898073751580991 
0.0008940922259016413 
0.0008909598246879688 
0.0008889036270001662 
0.0008820095242757115 
0.0008801517765667664 
0.0008799099672942076 
0.000877569094855593 
0.0007561366224516324 
0.000761810210591963 
0.0007570908442420154 
0.0007583222448185975 
0.0007594428290575093 
0.0007638957706406754 
0.0007664559639092053 
0.0007601247419978662 
0.0008394843690795727 
0.0008454746186653695 
0.0008503977775348603 
0.000850950069367203 
0.0008531631576506886 
0.0008506643458986911 
0.0008663166292213723 
0.0008699039076426347 
0.000880800630641647 
0.0008806326449162032 
0.0008870352294548592 
0.0009553324285377707 
0.0009554888817106184 
0.000953172398732644 
0.0009553372666686237 
0.0009617142861602592 
0.0009605929537363554 
0.0009550526025011856 
0.0009642133401652948 
0.0009626113552779811 
0.0009636105022257369 
0.0009627683996003715 
0.0008810226252900678 
0.0008895193759097435 
0.0008957639568589059 
0.0008990021268039383 
0.0009846976174431295 
0.0009985763674210896 
0.0010050474307446435 
0.00103336885847267 
0.0010405521475976116 
0.0010440325007285292 
0.0010489646576960418 
0.0010558186911056762 
0.001058312820206353 
0.0010604824170495058 
0.001059810185129613 
0.0010739908295647892 
0.0009714952466126781 
0.0009799174064356376 
0.0009834841721156416 
0.0010151179789636853 
0.0010282491923087934 
0.0010393211856198703 
0.001043549003557917 
0.001048447578401186 
0.0010542163493405103 
0.001060107220660985 
0.0010684918406050367 
0.0010739225893847746 
0.0010747471442532435 
0.0010848548803197191 
0.001171522171007164 
0.0011729089378798088 
0.0011857594768593584 
0.0011930977288741275 
0.0011885869791076447 
0.0011955727079854112 
0.0011815841714342716 
0.0011857460048040533 
0.0011911190106042935 
0.0011995308481838466 
0.0012003058413783967 
0.0012828862022914078 
0.0012845543267961039 
0.0012852777252904217 
0.0012920520317253983 
0.0013041538707544715 
0.0013899172007017264 
0.0013952375825020812 
0.0014067574873579455 
0.0014232954209016638 
0.0014466456313514515 
0.0015094252476999857 
0.0015175401650469244 
0.0015311815132927383 
0.0015708050407728454 
0.001579296052365152 
0.0015911303670102332 
0.0015956068949734916 
0.0016034982830722315 
0.0016053422453769187 
0.0015987613042264196 
0.0016118204619197083 
0.001634558888544398 
0.001702863467337202 
0.0017154722986576672 
0.0017319042377159867 
0.0017393406443178116 
0.0017410088419238948 
0.0017560611919816029 
0.0017747832705373241 
0.0018608636463602545 
0.0018721036862647052 
0.0018753216358124419 
0.0018858584739315802 
0.0018792145639573773 
0.0018951140433436757 
0.0019649092699097442 
0.0019616677907375413 
0.001967770963865873 
0.001970140812252086 
0.0019723036308408716 
0.00198064227223323 
0.0020069829822265085 
0.001991686310924238 
0.0020008075042747147 
0.0020060141533939087 
0.0020196336370808003 
0.002023610448295021 
0.0020409674867306006 
0.0020567908845097508 
0.0021202223115548285 
0.002129899455468774 
0.0021313758601416476 
0.0020848876826283073 
0.002082919930503901 
0.0020910189706786686 
0.002047811769392296 
0.002067160578262199 
0.00208801260759378 
0.0021001589617226893 
0.001972419700888611 
0.001988685693589252 
0.0020036278748610478 
0.002016867604140466 
0.0021282800473058283 
0.0021495816397616653 
0.0021544750476873184 
0.0021738840622912634 
0.0021772785524774964 
0.0021976267423721657 
0.002263929141117205 
0.0022641644019719795 
0.002275848876130404 
0.0022862447962205684 
0.002356392990732445 
0.002361587860242308 
0.002367271175281082 
0.00237824259301868 
0.0024050156579383396 
0.002506502837217526 
0.0025082095219608968 
0.0025110166731222004 
0.0025141793385292867 
0.0025166664206688707 
0.002515083758684669 
0.0025087261715352758 
0.002524169158121774 
0.0025530750330522325 
0.0024495357214920008 
0.0024681017941716155 
0.002490587239227835 
0.0025103771833208657 
0.0025169660123481323 
0.0025276588554628606 
0.002537208711900174 
0.0025580918579129965 
0.0025917189840360456 
0.0026098135723121143 
0.0026150026025991467 
0.002643123971635896 
0.002714779235721618 
0.0027290354215295906 
0.0027439682865429403 
0.002670958804242893 
0.0026189624735212785 
0.002623625396287055 
0.002617259985907767 
0.0026587393290255124 
0.0026638507465634588 
0.0026668342337547433 
0.002703877569793079 
0.0028281668500956068 
0.0028246507351492884 
0.0028194692398143713 
0.002838692744094935 
0.002848928260898629 
0.0028550513164485726 
0.002868558645953502 
0.0028852005275274116 
0.002903275766761161 
0.002993030642617631 
0.003012450767844767 
0.00302740493879366 
0.0030645090344963836 
0.003080095110570589 
0.0030838413760110334 
0.0030972289720644433 
0.003118032801208052 
0.0029380323298490237 
0.0029437622062606626 
0.002980866397571411 
0.003002791239523343 
0.003126283374093877 
0.0031367050352449025 
0.003139502832516494 
0.003153780854249088 
0.0031985049805013485 
0.0032235574117716903 
0.0032389816718953334 
0.003252996998378419 
0.003257930222444958 
0.003257578890039228 
0.003171874530943404 
0.003063363436934417 
0.0030782865922445563 
0.0030840097447974303 
0.0031566199449934653 
0.003175453359492592 
0.0032694388324203674 
0.0032673926011610272 
0.003304267305948642 
0.0033175504577273563 
0.0033356375736931718 
0.0032968243534996183 
0.0033304404196592948 
0.003292918557212574 
0.0034032287127944787 
0.003402420780083899 
0.0034163772222282544 
0.003442208329160554 
0.003444168537553635 
0.0034691181998864258 
0.0035538337518657994 
0.003478554322990465 
0.0035518512004403128 
0.003569929402193913 
0.003575805698941661 
0.0036210481669055653 
0.003649263198830242 
0.003608874225635585 
0.003620775614517185 
0.003644354008223327 
0.0037076876189958787 
0.0037337731469304046 
0.003636265305472634 
0.0036611273166074613 
0.003672551143317704 
0.0037051899900960817 
0.003726416153936749 
0.003794836086805958 
0.0036924532604577405 
0.0037016859287087546 
0.0037919244380300067 
0.003808581765018504 
0.00383903989071377 
0.0038617698443180657 
0.00396231200229737 
0.004004134979609992 
0.004099756592537746 
0.004143752962262387 
0.004174096320908502 
0.0041911915087393765 
0.004200836194880507 
0.004360887719623273 
0.004384938669402545 
0.004393521600874395 
0.0043965482373012005 
0.0044021007866177925 
0.004430661791848531 
0.004553919121530492 
0.004639947691287123 
0.004667336015892542 
0.004675549126061941 
0.004685911191696407 
0.0046970098233784134 
0.004865032603728302 
0.004778407639783018 
0.0048078156545675 
0.004805709243932986 
0.004813811416997215 
0.0049459316445331514 
0.004965788728295879 
0.004982610589379987 
0.004993689451270804 
0.0050058581229516655 
0.0050015326104492245 
0.005078296500853504 
0.004980451190711266 
0.004979927603536711 
0.00500937255241058 
0.005057133263362367 
0.005085918002400074 
0.005117317787350131 
0.005148837036491804 
0.005185348676414164 
0.005182627049539697 
0.005173095899487796 
0.005183715160132374 
0.005162488274960047 
0.005291985702772023 
0.005323325597713892 
0.005340547900219082 
0.005372054887304398 
0.005392186471425957 
0.005399912878236227 
0.0054420457021945295 
0.0054439880612816155 
0.005352169730669945 
0.005374693054583908 
0.005370218970999631 
0.00546526236204407 
0.005490880754280228 
0.005505335612289576 
0.005616410437143374 
0.0056367606332577746 
0.005664498760793597 
0.005676536592581927 
0.0057227337370165466 
0.005741699827129293 
0.005774869898951828 
0.005810430934366262 
0.005875065135822681 
0.00586184377970028 
0.005881903956768601 
0.0058958855774793525 
0.005888238733070852 
0.005897989222525275 
