0.000676747190734936 
0.0007610039557517017 
0.0007607295091326564 
0.0007579789902910748 
0.0007598710591837394 
0.000760438354264222 
0.000761376784145152 
0.000762124472325148 
0.0007618211178987062 
0.0007612805054001401 
0.0007618633696650571 
0.0007599978042437057 
0.000756320790216592 
0.0007565865838864096 
0.0007550409111532522 
0.0007576971451027089 
0.0007557244046260356 
0.000755691993081203 
0.0007588309354850112 
0.0007596979315223518 
0.0007580893022420605 
0.0007594979827337941 
0.0007552741863879988 
0.0007555155585615162 
0.0007538516924538944 
0.0007541191249269344 
0.0007528777260818906 
0.0007539922680825079 
0.0007554007645664657 
0.0007485471953866979 
0.0007474069222480162 
0.0007461010641900133 
0.0007448205385132666 
0.00074308103516597 
0.0007445177220876303 
0.0007425210670890774 
0.0007395662478484897 
0.0007387970678405961 
0.0007382977410490734 
0.0007404442293448144 
0.0007301175676325975 
0.0007289383742489255 
0.0007283473101691401 
0.0007269144972867689 
0.0008092291523589229 
0.0008056123108269673 
0.0008670270988730384 
0.0008651674689530796 
0.0008680263756635883 
0.0008679298681189449 
0.0008614802162575098 
0.0008981436584341459 
0.000898446890003822 
0.0008959006978160241 
0.0008972882951351582 
0.0008945360031404627 
0.0009720076301225928 
0.0009737592627284571 
0.0009722794252906066 
0.0009739693871186515 
0.0009723797910142904 
0.0009684373691176887 
0.0009683483418555488 
0.0009655467883222641 
0.0009650849817604682 
0.0009689426797172743 
0.0009706470881195761 
0.0009715677194297665 
0.0009687338889035457 
0.0009681026146493586 
0.0009588760348056194 
0.0009589156350999747 
0.0009588503014647628 
0.0009599256971222549 
0.0009589482236239591 
0.0009614160804908765 
0.0009591096270260793 
0.0009625130238445937 
0.0009611305046517289 
0.0009643979273820568 
0.0009638503984218913 
0.0010783912187474188 
0.0010782079044447915 
0.0010757353567782586 
0.0010742011756102955 
0.0010719721605465184 
0.0010753025595737463 
0.0010744888395645808 
0.001072654351536205 
0.0010731807674039117 
0.0010697920168708445 
0.0010713794516963554 
0.0010677703069209945 
0.0010667783763339072 
0.0010649201890813754 
0.0010682439135610762 
0.0010666463107114677 
0.0010609264026043908 
0.001060906966036223 
0.0010579420950033696 
0.0010564541051457453 
0.0010555466426121422 
0.0010565615698545261 
0.0010558396093720713 
0.0010558076897846272 
0.0010558759890174393 
0.0010542572199813364 
0.0010472106288327342 
0.0010433512007475743 
0.0010398706567454517 
0.0010341471822137127 
0.0010330230484823727 
0.0010325538777874743 
0.001028962756886241 
0.0010288996634774394 
0.0010285584650218088 
0.0010223105499785373 
0.0010219429627906296 
0.0010194539523014688 
0.0010176136888783995 
0.0010158037289282778 
0.0010142645725472186 
0.0010137715460090799 
0.0010786158576911592 
0.0010761140525613136 
0.0010726539359819493 
0.001060148336025128 
0.001157964311272674 
0.0011513392808603054 
0.0011475953569158577 
0.0011482125279985488 
0.0011474696582341997 
0.001140707382983016 
0.0011329295706010811 
0.0011330290747429861 
0.0011313275665992117 
0.0011309772955462327 
0.0011308300366281803 
0.0011316098208053627 
0.0011341418619953208 
0.0011327088742855557 
0.001128719599498139 
0.0011278520581618377 
0.0011241496229244335 
0.001121599249453308 
0.0011175921943365921 
0.0011181372527786309 
0.00111600190784654 
0.0011174516031091468 
0.0011125753068008512 
0.0011074898169410408 
0.001107596901622873 
0.0011079263673159428 
0.0011062002711562551 
0.0010991152433146697 
0.001097538578032297 
0.0010927236657489704 
0.0010999995806812836 
0.0010974895575368213 
0.0010994121525322738 
0.0011064100419067022 
0.001105673783024844 
0.0011052684886212047 
0.001104726049212199 
0.001102759368538083 
0.0011008651574399477 
0.0011008867896525145 
0.0011028074612209175 
0.0010997878296063013 
0.001094602517326286 
0.001087573195244423 
0.001088469312579072 
0.0010855642518644683 
0.0011338629470199234 
0.001132669397227426 
0.0011309882565542124 
0.0011307739926060235 
0.0011269683548993722 
0.0011230256309658117 
0.0011281747356755335 
0.0011281684846643969 
0.0011970281295497166 
0.0012001350748832346 
0.0012022728380518747 
0.0011988907057404645 
0.0012034460548245411 
0.0012037999096310365 
0.0013031407308041307 
0.001305016296010933 
0.0013070815900425416 
0.0013092349095494397 
0.001303873813455051 
0.0013995275103850604 
0.0013974100455581644 
0.001395059188570928 
0.001391340858534036 
0.001391299778449627 
0.0013704150001504465 
0.001400891373022327 
0.0014026467750116816 
0.0014015286370604528 
0.0014011453723923293 
0.0013993541856428425 
0.0014555312928308485 
0.0014549813867673377 
0.0014495989452828356 
0.0014512378798143767 
0.001555496518181239 
0.0015541570956780987 
0.0015472951843299725 
0.0016452111902104036 
0.0016462478189213502 
0.001644716101725922 
0.0016466090316325662 
0.0016489122194348253 
0.0016479378253547396 
0.001648164812900658 
0.0016444339924961279 
0.0016453114830595277 
0.0016476484358150722 
0.0016392430163566824 
0.0016405443583984768 
0.0016365072752261638 
0.0016373142967363687 
0.0016358615210782398 
0.00164051803353209 
0.0016430485039988472 
0.001643529450313317 
0.0016450319207723361 
0.0016470082681193053 
0.0016426876727642038 
0.001642382572365616 
0.0016398583011986937 
0.0017040336910583965 
0.001702716135097619 
0.0017006131638475776 
0.0017054028364257437 
0.0016995721214374479 
0.0016951289497396673 
0.0017511254696101707 
0.0017424451724258655 
0.001737510232015 
0.0017323318139718957 
0.0017335093374516784 
0.0018768581018995967 
0.0018773738262931996 
0.001874806935399827 
0.0018728099691513536 
0.0018738151557669209 
0.0019260870443959098 
0.0019260697353440314 
0.001920398116168485 
0.001921532372293558 
0.0019218048051326897 
0.001976138148197475 
0.001974924828171787 
0.001968117216687265 
0.002003146148315322 
0.0020085305758831907 
0.0020008915298318154 
0.001999883414976168 
0.0020023755104899184 
0.001997020291815507 
0.001990876127229697 
0.001982705111933135 
0.0019782473479527237 
0.002079894220252245 
0.002084847312933791 
0.0020805829552704145 
0.002085329959731169 
0.0020818877530431727 
0.002074884124774971 
0.0020759242964715654 
0.0021846889325987987 
0.0021801576754294683 
0.002174757284834498 
0.0021690345380079197 
0.002165384882942631 
0.002165670800897692 
0.0022557238837449456 
0.002246468677941993 
0.002246528407946151 
0.0022477565544641977 
0.002244552262102581 
0.002244643154706435 
0.0023617416417858234 
0.002415088250424658 
0.002425535249731414 
0.0024267991904347763 
0.0024159320851808758 
0.0024086929462162994 
0.0024093488515552473 
0.002404245999473161 
0.002490838512572146 
0.0024863302548786812 
0.002479055324680013 
0.0025084632370134916 
0.0025050002312054748 
0.0025067976372621084 
0.00258525159653636 
0.002585206740635461 
0.0025777767608025676 
0.0025748496065473477 
0.0025591300805309736 
0.002561520583271939 
0.0025629614275981525 
0.0025619576899092457 
0.002650903064144581 
0.002648313489235515 
0.0026357325536002017 
0.0026327872807876823 
0.002635762642723953 
0.002635998851812118 
0.0027126901970312197 
0.0027057630004723022 
0.002698061554705925 
0.0026869114506588346 
0.002748720044076186 
0.0027358764233713657 
0.002731689671304805 
0.00273223503994061 
0.0028422994169536534 
0.002885458074007873 
0.002880096866887434 
0.002879305666377131 
0.002875482459146555 
0.0028715906513264284 
0.0028679503416263173 
0.0028702714443344787 
0.002871001156708029 
0.002908304372043886 
0.002925727828527269 
0.002922796131693832 
0.002915010651692407 
0.002910662259979087 
0.0029201629362158458 
0.0029151146588884177 
0.002904615688872057 
0.0029039126322295823 
0.0029046853247383913 
0.0029084782145415333 
0.0028964957835792247 
0.0028946658703872174 
0.0029670916837862093 
0.0029605395213666763 
0.002959529347783059 
0.003017988594544675 
0.003035131420302019 
0.0030233797253280785 
0.0030200274210292104 
0.0031466824104164834 
0.0031349230650323085 
0.0031364592349893633 
0.0031369860196134277 
0.0032398662637225786 
0.003236847465855793 
0.003234698718220337 
0.003237500754213513 
0.003235910854825086 
0.0032303845715823923 
0.003231223461224772 
0.003235279949862854 
0.00322054546408375 
0.0032852886562136753 
0.0032828259964291506 
0.0032853073016656078 
0.0033203022116855847 
0.0033132136835831785 
0.003308489231483836 
0.0032974027073002636 
0.003283538473514467 
0.0032638239658773476 
0.003259206158187556 
0.0032463435123406973 
0.0032555732604352197 
0.003376406098822159 
0.003359872194380755 
0.003352993790694948 
0.0033236283683712306 
0.0033734089221950747 
0.0034440891195870247 
0.0034393935528561977 
0.003449060955174026 
0.003443283678612329 
0.003445899462314018 
0.0034977413720922606 
0.0034858305429960623 
0.0034886748951829345 
0.0034719298715831337 
0.0035504494424483555 
0.003556544996134175 
0.0036626437192449827 
0.003684713499227279 
0.0036738855252428735 
0.0036534656638306674 
0.003645889229432689 
0.0036582527399918493 
0.0036566215370896532 
0.0036750858479793003 
0.0037601910746859596 
0.003756315155662248 
0.0037581363588435656 
0.003748190456128132 
0.0037536512502475703 
0.0037363102284191643 
0.0037924216918724025 
0.003849422259381234 
0.003921347452657776 
0.003912405844632279 
0.0039018225214269985 
0.00400330466413399 
0.00399218091445587 
0.004029208409041914 
0.004021312212982569 
0.0040136586799497985 
0.004067122912918804 
0.0040714842561155925 
0.004066679223883291 
0.004059226004193355 
0.0040664034926722785 
0.004035234196187765 
0.004039241482351718 
0.0041153576065395365 
0.004109769644923735 
0.0041091158901685534 
0.004179388953059386 
0.004179884959290626 
0.004168799234068133 
0.004165440416025769 
0.004258890413970118 
0.004335619377770251 
0.0044454543529755435 
0.004447559725740241 
0.0044555266819225085 
0.004460673980527576 
0.004444978473207342 
0.004563098723810011 
0.004555549697023126 
0.00455672977853661 
0.004544799234172574 
0.004582534431185961 
0.004565917501462877 
0.004662962213884261 
0.004757153710724411 
0.0047520988830333484 
0.004756340550314041 
0.004748666779671402 
0.0047382086056730255 
0.004841379994633052 
0.004851259790048954 
0.004834805523678209 
0.004826665962804775 
0.004817500743279708 
0.004940053508313955 
0.00494467225899036 
0.004915266260368959 
0.004889634129620772 
0.0049541180438699844 
0.00500611961517375 
0.005093161200839482 
0.005099916334594504 
0.005108419909984111 
0.005112868277833432 
0.005097417797077549 
0.00512744071571495 
0.00511229721044943 
0.005178948943753677 
0.005244541810224775 
0.005232605331598076 
0.005227063306121152 
0.005228248921662286 
0.005202463204602595 
0.005303770155392516 
0.005295074361724757 
0.0052935578833455425 
0.005369788516391079 
0.005356498210132978 
0.0053970385592140725 
0.005389294682276304 
0.005370857530850944 
0.005356360122985868 
0.005337048670143298 
0.005336561223954469 
0.005415555280666386 
0.005400489554467791 
0.005402251861005918 
0.005499598077457032 
0.005493637937757961 
0.005547176100966782 
0.005551900643586342 
0.005624754445885383 
0.005606163535372969 
0.005663788967410239 
0.00566501278906395 
0.005736345625982193 
0.005777181291572829 
0.005766675966365996 
0.005759618525390994 
0.005746220665918178 
0.005741205208874586 
