-0.0007540503921500799 
-0.0008861346810775534 
-0.0008784100120205381 
-0.0008671390861516349 
-0.000860851784504177 
-0.0008539622916310407 
-0.0008471072727951065 
-0.0008411297260095566 
-0.0008335283860977455 
-0.0008273584415502724 
-0.0008220681731288546 
-0.0008157028040684391 
-0.0008100263442249673 
-0.0008021753401036699 
-0.0007943639219329968 
-0.0007885367691869099 
-0.0007806046958194144 
-0.000772662359420195 
-0.0007689866474390579 
-0.0007631317014277091 
-0.0007567782010942508 
-0.0007525936755952184 
-0.0007441029852815021 
-0.0007378936671066749 
-0.0007308386140192387 
-0.0007244126805004537 
-0.0007197510738857413 
-0.0007120307348819938 
-0.0007030438693240653 
-0.0006947218771964027 
-0.0006842858386087444 
-0.0006780057817999667 
-0.0006686912830813192 
-0.0006639363494984409 
-0.0006555612353435661 
-0.0006508946811434139 
-0.0006447772204139976 
-0.0006385920994716799 
-0.0006320761546924689 
-0.0006281282132828148 
-0.0006208579005409243 
-0.0006145231709425061 
-0.000610553103789766 
-0.0006045317978638695 
-0.0007705000666014968 
-0.0007642037855477185 
-0.000927075885099947 
-0.0009185956033920749 
-0.0009108757213813069 
-0.0008996213909639174 
-0.0008919419848071223 
-0.0010139541239888813 
-0.0010008788474692996 
-0.0009865420286731196 
-0.0009759490027121661 
-0.0009650394498134014 
-0.0011277649761086482 
-0.0011187002343842026 
-0.0011089859138646153 
-0.001099982747542634 
-0.0010885195135496328 
-0.001075786952381354 
-0.0010642431442083806 
-0.0010503917287651608 
-0.0010386210297739045 
-0.001030798459656608 
-0.0010187589720254968 
-0.0010094325011291926 
-0.0009985121191713744 
-0.000986843083175705 
-0.0009761476775061339 
-0.0009659283776233809 
-0.0009560637591254301 
-0.0009497163019466813 
-0.000938055051460398 
-0.0009266094599072713 
-0.0009175813300109875 
-0.0009137544249787909 
-0.0009000090294653215 
-0.0008913940555886302 
-0.0008834450006079219 
-0.0010447766869350185 
-0.001037924424360655 
-0.0010246912972125249 
-0.0010153221075501994 
-0.0010002502856667772 
-0.0009922725996243766 
-0.000980597479304937 
-0.0009699514798169913 
-0.0009544650814512923 
-0.0009420691888772644 
-0.000926357522196688 
-0.000908821613095088 
-0.0008994866319969589 
-0.0008888922435764816 
-0.000884362296176573 
-0.0008737221227648072 
-0.0008588881482511464 
-0.0008524492646632807 
-0.0008432136307009317 
-0.0008322642613711477 
-0.0008240847028901171 
-0.0008180768598614033 
-0.0008095919663569451 
-0.0008014373220936344 
-0.0007893191081009995 
-0.0007822877066329072 
-0.0007722311152853777 
-0.0007660255002810177 
-0.0007544743231855189 
-0.0007463955099390074 
-0.0007390017769396396 
-0.0007315923677660004 
-0.0007223062286541914 
-0.0007127083449830101 
-0.0007046404266332644 
-0.0006957825817605825 
-0.0006860190319477786 
-0.0006751104289314065 
-0.0006654911428077163 
-0.0006581807423059681 
-0.0006514246790083221 
-0.0006494644541056178 
-0.0007326537478253572 
-0.0007242830614741712 
-0.0007094993827270368 
-0.000696203535183985 
-0.0007361122967003634 
-0.0007237798489732708 
-0.0007153602019181702 
-0.0007061914227120251 
-0.0006979371689274276 
-0.0006893332531857613 
-0.000677332908212306 
-0.0006691910115750343 
-0.0006663722155214033 
-0.0006548450448168392 
-0.0006405647665897795 
-0.0006350896747485993 
-0.0006238092607979373 
-0.0006124153528078478 
-0.0005994280811178446 
-0.000594024189701875 
-0.0005850543632743521 
-0.0005768930137025113 
-0.0005666658931317495 
-0.0005577441256884361 
-0.0005493842552479479 
-0.0005455934657216699 
-0.000537843344285844 
-0.0005276219415273186 
-0.00051925571145103 
-0.0005118154072660145 
-0.0005001052688952235 
-0.00048343296673547585 
-0.0004658404142050847 
-0.00044553175021693213 
-0.0006278938572803389 
-0.0006101480822667221 
-0.0006035928461329918 
-0.000582733386487319 
-0.0005733802957213185 
-0.000560011682748011 
-0.0005414825229184505 
-0.0005188483916911326 
-0.0005154488928000332 
-0.0004982586526744352 
-0.00047626144222865036 
-0.00045756592651948597 
-0.0004371961623284125 
-0.0004179668873414086 
-0.0003996482152841439 
-0.0003784066032315407 
-0.0005062288691922036 
-0.0004897085957494228 
-0.00046713781966227323 
-0.0004492509228630673 
-0.0004289433337067256 
-0.0004136249651735611 
-0.0003994706753702519 
-0.0003761696340472321 
-0.0005543543321710896 
-0.0005473732020685013 
-0.0005398322038777161 
-0.0005187671673217832 
-0.0004999347375884314 
-0.0004792536550322585 
-0.0005840564362530518 
-0.0005608198177834743 
-0.0005490840319678745 
-0.0005280548283061405 
-0.0005094151277129693 
-0.000696406424900619 
-0.0006715685444907031 
-0.0006660112185977644 
-0.0006407455578770814 
-0.0006206726160732502 
-0.0005974850593688928 
-0.0007738150121429116 
-0.0007593390192284506 
-0.0007280794587848582 
-0.0007034120316116064 
-0.0006770297848490391 
-0.0007946871928219108 
-0.0007637544412755558 
-0.000738790847164571 
-0.0007166166624115209 
-0.0009000464969969081 
-0.0008891192415551774 
-0.0008677914303703983 
-0.0009681326754065574 
-0.0009455823981884883 
-0.0009183108828563349 
-0.0008924010434744317 
-0.0008664150229948459 
-0.0008585871098308604 
-0.000851063011579772 
-0.0008281142704139185 
-0.0008062278634940012 
-0.0008975224608160083 
-0.0008664471655143645 
-0.0008403116870400881 
-0.0010262815431407498 
-0.0009960221787119186 
-0.0009786481891287252 
-0.0009536354461377387 
-0.0009310736713998197 
-0.0009038411275158155 
-0.000877599375658177 
-0.0008691176916589313 
-0.0008447756273038651 
-0.0008152849910778492 
-0.0007887555179354531 
-0.0009702177889829666 
-0.0009382418487421667 
-0.0009159161924439551 
-0.0008939622317364491 
-0.0008871355841429695 
-0.0008614883395486559 
-0.0010290269087737454 
-0.0010040709633428605 
-0.0009780481128942452 
-0.0009563330395659804 
-0.0009286986773830966 
-0.0010587553217388324 
-0.0010493632550627277 
-0.0010394352002581736 
-0.0010097302268443423 
-0.0009811692002067143 
-0.0011659408697412964 
-0.001131034169935387 
-0.0011068052589833551 
-0.0010874292967499785 
-0.0010664683300674607 
-0.001247556459106243 
-0.0012201357980784692 
-0.0011936214091723056 
-0.0013869531291788482 
-0.0013724300188609718 
-0.0013370877047863194 
-0.001326216360705116 
-0.001294415930440819 
-0.0012607814633760494 
-0.0012553805294982748 
-0.0012267293511773914 
-0.0012066962815388067 
-0.0013800773538994642 
-0.0013676758296645457 
-0.0013485697487370185 
-0.0013194834412052913 
-0.0012902152544217319 
-0.0012650756842447568 
-0.0012424219030292905 
-0.001416080990166217 
-0.0013796072277034743 
-0.0013557229086303573 
-0.0013280128709537411 
-0.0013210751597824747 
-0.0012855969371671715 
-0.0014563257993637938 
-0.0014216615632111583 
-0.001388527278801814 
-0.0013568907996655839 
-0.001323326143108336 
-0.001289752420485568 
-0.0013947459325644109 
-0.0015823811572762089 
-0.0015401758650933105 
-0.0015264380827677646 
-0.0015005524368729187 
-0.0014644498154576127 
-0.001445077118025549 
-0.001414161631481471 
-0.0015816275578670364 
-0.0015354862403777303 
-0.0014846978211022147 
-0.001672328294410631 
-0.0016620912696632315 
-0.0016253583512848171 
-0.001711519116016621 
-0.0016866646500526444 
-0.001652808341186193 
-0.001608875083086616 
-0.0016657415762823592 
-0.0016494533491091471 
-0.0015986399554334674 
-0.0015738664842234633 
-0.0017620287103968235 
-0.0017171703484920953 
-0.0016821985022173187 
-0.0016568775213926298 
-0.001619124763213642 
-0.0015873824970052096 
-0.0017747474302133063 
-0.0017239264903057578 
-0.0016754259759204123 
-0.0016393506455870876 
-0.0018076009939465762 
-0.001751406011501519 
-0.0017115805225661437 
-0.0016818248631939477 
-0.0017906332660623475 
-0.0019604858915243145 
-0.0019287287559038861 
-0.001911779602247636 
-0.0018619989994383412 
-0.0018054247666532794 
-0.0017503708344970188 
-0.001696787653732144 
-0.0016534567791600702 
-0.0018112467975104087 
-0.0020106584257330784 
-0.001981089517280342 
-0.001939637222129893 
-0.001891585064998193 
-0.0020479580111554107 
-0.002010696442277323 
-0.0019605726056959216 
-0.0019218275119241826 
-0.001896829437068927 
-0.0018686937046206646 
-0.0018206924304389714 
-0.0017884363503410695 
-0.001957635645713022 
-0.001907873578607227 
-0.0018893614879810098 
-0.002000904536687604 
-0.0021989770820529915 
-0.00215705877514013 
-0.0021446797633416855 
-0.0022512060421057516 
-0.0022060566950334276 
-0.0021844123252718695 
-0.002150664792480734 
-0.0023251804963896595 
-0.002310880727711132 
-0.0022964625000653402 
-0.0022755326117283804 
-0.0022583210380802844 
-0.002210284434457957 
-0.0021842089680490892 
-0.002146958089890527 
-0.002114238386218455 
-0.0022993485635464956 
-0.0022558035514751175 
-0.0022039748467721793 
-0.00239921411785745 
-0.0023465378715699786 
-0.002271411939313089 
-0.0022239515093456347 
-0.0021729154238323335 
-0.002227705515064835 
-0.0021637634696450273 
-0.0021171844617906745 
-0.0020578679565517073 
-0.0022415776860266043 
-0.002169325568005478 
-0.002106485783867413 
-0.0020284140219318813 
-0.002211449538053194 
-0.0023596480536412904 
-0.002302979253671707 
-0.0022532903366403586 
-0.0021870099337993436 
-0.002115596476028223 
-0.002220826554283665 
-0.0023074462793254195 
-0.002257188371701618 
-0.0021850017318653854 
-0.002339987935616661 
-0.0022751381471874596 
-0.002443909622516754 
-0.002616740354107348 
-0.002561197427436321 
-0.002497585327563353 
-0.0024242838676244954 
-0.002620321236580744 
-0.0025692116172729216 
-0.002760133998770733 
-0.0029178686574648444 
-0.0028947795467072703 
-0.002808746430199268 
-0.0027328964836530866 
-0.0026551937206958027 
-0.002588449097769424 
-0.002742927677784092 
-0.002851316394456938 
-0.0029916767377534447 
-0.0029229496827944115 
-0.0028499847495301665 
-0.002964255327493521 
-0.002885787307930713 
-0.0030495307775134347 
-0.0029773372534756485 
-0.0029172614038413557 
-0.0030504561820426123 
-0.0029732831563929287 
-0.0030598441118574486 
-0.0029714254228267053 
-0.0029030372347196506 
-0.0028028603066392686 
-0.002736882906316252 
-0.0028695869053470178 
-0.0029569666100751333 
-0.0028833539203392254 
-0.003039738221264244 
-0.0029510851843150806 
-0.002858335782317271 
-0.0027767340950623815 
-0.002937202455370382 
-0.0030747931323755993 
-0.003224348364625631 
-0.003170846502025249 
-0.003081606673354706 
-0.0030087092043331112 
-0.0029094212224026724 
-0.0031013998871602696 
-0.0030365636143143315 
-0.0029567534559258053 
-0.002866272699469687 
-0.0030350005829040605 
-0.0029477204039657337 
-0.003111727673831221 
-0.00324947805731235 
-0.0031813175720215845 
-0.003081262715611512 
-0.003014619840041985 
-0.0029522506858199933 
-0.0031533994626670022 
-0.0033513882634644346 
-0.0032785198782792507 
-0.0031757538481886273 
-0.0031303503706347703 
-0.003339203512111349 
-0.003255491132530617 
-0.0031644143804103056 
-0.003088793229023697 
-0.003240685924278932 
-0.0034168655514818487 
-0.0035727005888691395 
-0.0037498981234990515 
-0.003660258480671424 
-0.003615583918294723 
-0.003550046266124662 
-0.00368347802660937 
-0.0036042043631617005 
-0.00375323797156048 
-0.003904359493572778 
-0.003807052269543509 
-0.0036968656844250415 
-0.0035910770051974556 
-0.0034856824802861905 
-0.00366553148600225 
-0.0035891409021712433 
-0.0035226129126418575 
-0.0036677938582853472 
-0.003593276301529656 
-0.0037786070189128025 
-0.0037037547380566155 
-0.0036050141782145947 
-0.003775446154529168 
-0.0036519440281246878 
-0.0035500629118491254 
-0.003714035237790981 
-0.003627232938403732 
-0.003532255965669226 
-0.0036977319164935556 
-0.003662432792874729 
-0.003824407290885541 
-0.003706409600250256 
-0.0038611050469689796 
-0.0037369122036961747 
-0.003914182426968415 
-0.0038538804671234776 
-0.003990333756399315 
-0.004160914673218147 
-0.004124589353604643 
-0.004045929236435037 
-0.003960043861158965 
-0.0038649886882478426 
